1000
43 198
47 130
49 158
1 129
19 168
8 151
32 23
20 75
43 173
33 38
26 15
13 128
10 152
33 41
20 9
26 102
25 57
10 21
2 143
24 75
26 29
36 78
39 56
43 22
42 133
29 155
45 199
17 142
2 184
9 8
7 197
49 25
44 16
31 194
5 78
24 79
18 136
33 112
3 120
27 197
47 153
17 180
48 69
20 169
14 91
2 27
37 93
17 178
14 128
16 182
21 59
35 51
34 41
5 100
14 147
36 195
23 131
1 165
31 187
21 29
3 122
15 181
4 26
12 15
43 60
17 193
31 159
45 89
48 38
20 155
50 108
28 130
5 150
23 18
15 18
50 183
4 175
41 70
3 75
40 26
18 47
48 37
2 155
5 114
45 167
47 75
44 19
27 184
37 196
37 128
49 29
15 174
28 200
18 199
6 113
25 112
14 20
48 145
13 63
24 142
12 147
50 42
50 79
3 178
37 143
48 136
32 74
28 24
37 16
18 143
19 123
38 160
30 100
36 136
9 58
15 16
43 129
35 56
21 22
23 4
33 34
9 54
47 168
8 89
11 147
50 171
32 151
46 145
30 101
43 78
42 169
24 99
5 23
26 40
36 168
9 67
9 29
13 188
19 6
28 58
39 78
3 57
9 169
39 77
40 70
1 111
9 59
35 63
32 114
31 102
42 172
31 172
39 108
11 132
23 195
28 191
46 75
14 176
19 139
41 159
37 165
20 160
24 193
43 166
32 80
17 149
18 114
1 103
11 197
14 48
48 138
31 80
5 108
23 169
38 59
9 52
31 193
30 164
2 30
11 81
35 159
41 28
12 56
40 14
44 48
47 112
50 117
21 50
50 165
9 199
36 94
44 57
25 28
4 83
28 196
25 23
43 136
31 126
19 92
43 122
4 3
28 87
22 70
36 54
24 32
4 68
45 113
1 84
24 132
48 109
6 104
22 159
23 165
43 13
1 193
48 113
18 178
36 182
37 160
12 22
14 13
15 165
43 184
14 31
46 160
21 134
15 116
4 124
38 15
24 83
21 38
39 105
43 77
48 13
38 85
47 96
14 77
1 45
17 125
11 177
35 34
49 9
50 193
9 21
39 73
32 10
34 155
38 43
42 136
43 27
26 6
14 30
24 109
18 176
7 165
27 8
15 35
35 140
6 41
41 146
34 48
21 196
11 69
50 123
25 190
39 71
7 120
30 120
29 100
50 80
10 134
20 89
13 175
17 198
33 123
45 193
14 69
35 184
2 149
50 12
2 57
39 32
35 37
48 10
21 141
49 95
25 9
41 113
12 89
48 55
47 88
37 26
27 140
21 18
16 9
7 63
45 9
28 112
47 8
41 117
16 21
1 121
11 15
41 129
18 14
35 161
21 57
27 86
47 186
9 185
39 43
20 36
16 126
32 87
34 137
19 83
6 178
13 100
29 178
37 85
43 161
7 96
9 117
38 141
16 199
36 180
37 124
19 70
45 174
32 183
3 66
14 118
40 29
48 166
7 81
45 3
32 122
7 126
12 57
19 195
33 178
27 177
22 44
1 28
20 96
50 177
42 28
15 130
29 68
15 3
9 113
24 50
49 100
38 179
47 199
28 193
18 56
40 36
28 36
48 162
42 30
2 80
48 33
25 8
41 25
37 32
17 76
46 98
42 43
39 115
2 71
8 90
38 4
46 140
28 120
32 153
24 147
22 31
13 50
29 60
43 14
47 64
27 27
42 170
10 56
5 186
50 55
20 117
37 3
27 163
3 37
6 116
36 183
27 34
16 177
8 50
34 163
8 154
41 115
11 78
26 127
14 170
21 180
32 22
35 170
14 19
22 133
36 150
49 139
50 184
42 163
21 120
18 131
2 61
28 93
4 59
37 40
45 81
32 117
39 51
26 140
35 40
27 195
24 161
22 157
44 97
46 171
19 4
2 34
45 47
29 23
18 150
12 198
2 89
50 24
35 163
31 131
22 37
44 159
3 162
28 81
22 197
31 53
12 106
33 39
37 141
13 67
24 68
49 194
42 180
35 36
27 96
23 91
43 130
34 129
2 178
7 157
13 77
50 17
40 108
45 110
41 24
45 23
3 10
46 61
40 140
18 76
11 96
44 108
5 42
3 196
10 11
25 86
32 18
32 107
29 192
34 154
9 186
22 102
22 66
21 12
32 47
1 154
33 110
37 73
48 87
12 23
27 186
45 43
43 38
29 137
48 49
20 53
35 93
36 122
23 200
33 42
34 146
49 31
8 132
33 90
19 1
4 106
24 24
44 151
26 32
38 47
13 24
37 136
40 113
13 125
14 177
8 82
6 66
13 86
34 193
13 157
50 9
40 47
43 156
40 48
30 90
42 159
7 149
32 103
24 179
41 152
21 31
13 14
3 89
18 48
34 22
41 188
40 69
31 174
7 171
32 138
17 17
16 38
7 88
36 139
29 20
25 150
33 190
6 186
30 7
25 80
32 65
7 144
43 177
12 180
22 135
37 65
43 117
29 120
48 195
48 153
8 168
26 131
37 36
27 106
31 5
49 1
14 133
27 116
11 139
49 116
48 67
37 99
28 190
41 153
25 108
2 159
47 36
21 67
38 128
17 200
23 15
42 144
45 134
31 2
40 145
11 111
7 181
10 94
47 72
42 10
30 43
2 32
11 80
45 52
13 197
44 24
31 43
3 198
8 124
10 183
21 149
19 27
35 62
48 149
45 39
9 101
26 139
47 175
36 66
31 7
9 5
39 76
8 167
12 28
9 78
2 101
15 133
7 152
4 21
14 158
23 185
20 174
22 14
48 140
23 14
32 82
28 173
35 109
44 10
15 136
22 65
28 4
8 37
36 179
30 21
47 197
50 49
7 60
44 79
28 23
4 141
41 83
10 113
49 52
23 120
15 47
14 54
40 185
38 105
32 14
46 50
48 185
50 186
40 144
19 193
3 200
38 154
37 197
33 32
4 12
30 70
22 68
43 138
7 90
32 42
25 14
13 167
19 159
42 84
17 123
1 170
39 98
22 136
42 66
29 73
3 41
50 31
28 159
27 32
26 180
30 16
21 87
9 83
6 60
8 68
28 45
40 83
1 29
45 168
5 82
44 22
25 29
48 50
23 164
48 117
43 74
48 110
29 162
49 69
25 191
47 95
37 166
43 58
34 9
46 43
13 37
20 3
2 197
3 114
20 189
46 115
42 118
12 188
21 161
41 168
12 116
45 164
40 182
33 199
1 198
38 131
5 1
28 135
47 30
14 139
36 169
35 78
38 63
38 54
13 1
17 191
43 53
27 159
2 156
25 54
26 52
34 45
31 51
3 43
45 152
1 50
47 189
48 188
5 184
7 117
9 73
16 165
31 164
16 110
28 73
26 71
6 63
35 112
31 35
22 184
19 151
11 145
23 83
11 67
28 197
18 91
4 85
6 108
34 90
39 186
11 187
35 81
19 21
42 115
49 127
2 119
44 44
6 182
43 188
37 120
11 16
29 119
38 142
29 146
43 85
30 167
4 161
13 151
47 46
3 189
5 73
47 17
17 127
14 136
8 56
24 105
26 167
9 176
1 179
45 6
11 35
23 112
44 98
25 17
18 4
10 117
13 45
42 80
9 76
34 119
36 33
46 60
37 114
9 134
41 109
39 44
2 90
4 23
22 89
16 16
35 152
46 189
18 195
39 24
6 119
31 188
14 184
39 68
30 139
8 136
39 7
14 159
7 25
34 99
6 45
12 149
2 20
28 136
24 196
1 76
33 146
3 136
18 84
15 29
14 131
21 164
26 192
26 24
40 3
47 6
31 198
10 116
34 18
47 43
19 50
42 165
35 185
18 157
31 46
18 141
47 181
38 38
49 170
41 183
12 17
7 195
8 66
29 189
50 7
17 179
41 54
30 136
37 100
41 132
34 40
34 164
37 131
44 9
19 12
39 58
33 156
13 173
41 163
30 79
43 31
16 135
15 107
10 44
41 106
24 15
21 136
20 198
9 112
45 143
35 7
20 39
1 135
27 104
3 24
8 86
43 153
26 179
15 102
45 34
25 76
21 168
9 119
14 18
26 111
36 53
46 173
50 96
26 173
12 30
2 17
17 30
39 128
31 88
36 134
23 110
41 167
49 193
30 84
43 86
45 189
50 136
30 150
21 10
34 199
7 136
35 21
49 111
45 97
8 4
38 112
13 112
37 182
14 38
31 183
25 47
15 32
46 122
10 171
6 134
35 166
41 124
2 167
45 186
34 16
36 184
33 14
10 36
11 82
5 79
24 108
1 141
7 95
50 156
35 102
1 33
41 34
18 57
20 26
17 84
14 58
47 26
28 150
7 190
30 17
26 172
18 182
30 165
5 143
21 69
9 41
15 193
29 200
19 190
42 117
29 191
40 114
13 40
10 111
48 180
18 72
37 22
40 192
36 171
21 60
7 11
26 28
26 188
7 83
37 25
44 21
30 24
40 94
9 108
32 56
43 18
42 156
35 5
42 127
12 82
29 172
36 145
44 29
44 173
