1000
272 528
528 613
37 528
576 528
528 550
368 528
819 528
528 698
528 287
667 528
528 22
528 48
528 11
964 528
736 528
528 974
798 528
528 471
528 706
39 528
528 108
661 528
680 528
528 660
696 528
202 528
528 453
528 238
466 528
528 161
528 495
136 528
998 528
528 71
922 528
153 528
992 528
528 806
413 528
528 532
583 528
820 528
2 528
528 219
528 584
528 924
792 528
528 472
848 528
528 752
528 703
734 528
528 451
528 859
528 36
641 528
528 96
528 252
528 644
528 459
528 99
528 557
44 528
528 793
469 528
934 528
528 744
999 528
528 888
528 296
156 528
528 516
528 733
338 528
349 528
624 528
528 635
500 528
528 961
528 963
778 528
225 528
528 776
104 528
528 535
861 528
425 528
547 528
528 403
528 433
17 528
528 566
571 528
528 920
168 528
55 528
353 528
423 528
925 528
274 528
458 528
23 528
908 528
528 772
507 528
528 479
528 869
528 545
900 528
528 381
738 528
528 404
528 378
969 528
528 578
791 528
341 528
676 528
528 928
528 675
528 103
528 389
916 528
528 465
528 31
957 528
528 440
373 528
528 594
173 528
832 528
528 169
608 528
976 528
904 528
53 528
329 528
688 528
528 391
528 452
528 134
14 528
527 528
623 528
528 622
528 747
528 771
86 528
149 528
814 528
553 528
757 528
741 528
994 528
221 528
528 515
528 115
528 715
528 72
528 443
75 528
214 528
593 528
528 970
528 597
528 745
829 528
528 917
564 528
528 120
528 475
528 94
528 646
528 567
528 211
117 528
787 528
247 528
528 131
528 146
982 528
528 191
569 528
528 795
704 528
528 460
528 645
528 125
528 768
457 528
498 528
509 528
621 528
805 528
582 528
482 528
852 528
863 528
528 784
528 356
528 474
528 204
528 109
528 490
528 194
847 528
528 85
486 528
528 720
331 528
884 528
116 528
528 756
528 709
528 548
944 528
528 392
528 100
382 528
528 864
758 528
528 12
876 528
530 528
528 189
10 528
528 487
528 438
528 176
528 467
528 284
528 604
528 762
528 45
528 512
528 182
88 528
528 911
528 729
248 528
528 941
528 397
528 945
38 528
528 626
528 265
528 310
528 121
162 528
517 528
105 528
822 528
923 528
308 528
528 348
658 528
528 755
909 528
528 605
379 528
528 335
218 528
655 528
6 528
528 184
528 355
699 528
528 304
851 528
528 640
981 528
424 528
528 159
528 46
510 528
528 694
895 528
528 927
536 528
954 528
294 528
518 528
528 919
599 528
330 528
528 78
111 528
528 959
823 528
528 701
528 481
786 528
872 528
528 177
528 560
896 528
152 528
502 528
528 883
528 718
947 528
312 528
528 306
528 262
528 797
528 393
358 528
528 444
808 528
528 264
528 383
528 357
236 528
528 652
528 603
434 528
528 875
868 528
528 89
528 374
528 418
600 528
528 234
751 528
528 437
528 978
890 528
659 528
788 528
528 779
528 267
815 528
528 602
528 933
528 322
926 528
528 601
66 528
528 722
250 528
905 528
528 456
528 540
528 591
64 528
528 233
528 669
249 528
69 528
35 528
633 528
528 426
501 528
528 575
491 528
528 52
528 654
836 528
528 903
528 193
775 528
528 542
206 528
74 528
205 528
528 679
229 528
220 528
528 702
513 528
691 528
195 528
528 898
166 528
336 528
528 620
528 144
494 528
528 408
528 732
528 789
773 528
528 147
528 174
528 606
528 943
363 528
528 428
409 528
534 528
528 629
528 288
62 528
237 528
528 684
737 528
528 666
271 528
528 231
997 528
935 528
528 845
528 232
673 528
261 528
528 894
528 251
528 857
528 19
893 528
528 450
887 528
528 419
128 528
828 528
151 528
503 528
528 253
528 897
528 618
700 528
321 528
314 528
224 528
910 528
528 315
528 965
574 528
528 504
122 528
835 528
677 528
528 750
528 255
3 528
693 528
689 528
360 528
528 110
528 442
528 499
918 528
816 528
528 289
639 528
407 528
637 528
528 143
528 1000
207 528
493 528
528 376
891 528
619 528
804 528
528 175
528 592
674 528
84 528
483 528
972 528
290 528
13 528
528 76
528 936
528 901
821 528
132 528
528 150
873 528
528 260
528 464
853 528
528 721
980 528
528 32
528 217
92 528
528 656
477 528
137 528
93 528
886 528
528 855
528 570
662 528
735 528
47 528
707 528
528 842
727 528
41 528
777 528
455 528
259 528
258 528
840 528
528 717
528 91
528 135
50 528
692 528
528 986
528 682
528 24
514 528
406 528
365 528
589 528
528 421
129 528
837 528
51 528
939 528
528 860
138 528
528 577
528 316
65 528
417 528
213 528
364 528
387 528
528 522
528 716
728 528
528 531
246 528
528 929
528 277
528 196
528 346
29 528
528 885
899 528
528 856
764 528
528 686
528 478
394 528
528 178
843 528
993 528
830 528
810 528
902 528
77 528
528 802
932 528
324 528
528 446
528 230
528 371
528 118
56 528
528 663
880 528
955 528
528 572
579 528
562 528
801 528
647 528
528 370
528 297
528 719
846 528
528 414
528 385
279 528
439 528
307 528
199 528
528 649
528 596
942 528
528 462
991 528
683 528
340 528
528 627
528 489
9 528
824 528
953 528
528 276
528 293
528 411
528 774
528 839
28 528
81 528
83 528
139 528
480 528
528 183
528 98
528 765
528 54
528 57
352 528
528 496
227 528
528 782
528 281
996 528
528 145
595 528
170 528
528 724
528 585
528 742
552 528
528 568
528 325
369 528
528 334
708 528
528 309
305 528
476 528
528 447
528 850
209 528
269 528
485 528
528 396
528 636
766 528
528 573
366 528
598 528
528 198
528 519
528 282
528 813
528 581
528 930
42 528
181 528
157 528
43 528
372 528
528 344
528 907
27 528
528 33
528 468
914 528
796 528
317 528
291 528
528 216
302 528
739 528
528 882
528 714
528 990
528 25
968 528
362 528
611 528
528 555
528 436
87 528
528 283
528 949
528 292
948 528
528 790
528 551
511 528
4 528
549 528
528 126
142 528
528 962
528 140
528 127
807 528
212 528
332 528
528 342
528 416
270 528
913 528
165 528
811 528
528 402
687 528
528 257
854 528
399 528
546 528
154 528
528 431
400 528
528 228
874 528
160 528
528 915
528 725
528 155
912 528
759 528
528 473
354 528
311 528
614 528
528 616
528 223
243 528
430 528
528 921
528 163
528 950
528 102
528 558
938 528
833 528
653 528
333 528
648 528
528 429
528 731
192 528
197 528
528 123
528 326
484 528
203 528
133 528
528 754
528 295
208 528
528 141
931 528
528 112
463 528
826 528
130 528
226 528
528 556
528 242
528 960
748 528
638 528
528 60
615 528
528 889
528 537
580 528
268 528
528 628
185 528
528 634
97 528
746 528
235 528
298 528
528 506
454 528
705 528
528 40
124 528
528 651
952 528
215 528
528 825
528 985
528 119
760 528
528 275
528 586
971 528
377 528
528 630
528 956
528 347
528 563
528 395
871 528
528 172
767 528
528 240
445 528
543 528
20 528
528 301
528 966
528 303
528 609
528 278
858 528
528 351
528 697
528 186
528 892
526 528
427 528
488 528
528 187
528 695
337 528
723 528
967 528
528 448
710 528
803 528
533 528
528 524
180 528
313 528
528 838
528 730
713 528
528 106
528 650
528 989
528 412
528 15
375 528
528 63
521 528
285 528
179 528
528 800
7 528
528 239
781 528
528 422
505 528
528 5
528 834
528 470
528 523
818 528
528 671
528 538
528 607
210 528
528 21
401 528
528 18
528 958
461 528
528 201
995 528
528 879
590 528
441 528
386 528
528 320
817 528
906 528
711 528
528 878
528 328
528 812
587 528
359 528
528 617
528 420
528 827
528 67
528 449
561 528
528 164
528 8
528 831
528 979
528 61
657 528
528 780
799 528
254 528
528 508
528 610
528 794
539 528
951 528
528 16
82 528
528 862
528 244
785 528
544 528
148 528
528 188
114 528
528 319
528 625
405 528
528 410
528 388
273 528
528 809
528 664
280 528
769 528
263 528
977 528
528 286
866 528
973 528
528 390
877 528
318 528
528 90
559 528
171 528
770 528
200 528
726 528
554 528
528 753
528 541
528 975
528 525
266 528
783 528
528 107
528 327
528 361
528 937
631 528
528 749
432 528
339 528
384 528
528 520
95 528
222 528
528 415
528 642
73 528
528 983
345 528
763 528
79 528
565 528
867 528
528 398
497 528
59 528
528 113
528 988
26 528
350 528
528 612
528 690
528 167
343 528
299 528
844 528
528 946
528 665
528 70
632 528
245 528
528 668
528 672
528 681
529 528
528 158
528 30
528 865
528 49
528 256
1 528
528 68
528 492
528 670
743 528
678 528
528 241
300 528
58 528
80 528
528 190
528 435
841 528
987 528
528 367
528 740
712 528
101 528
940 528
380 528
34 528
528 881
588 528
528 761
528 984
323 528
528 643
870 528
849 528
528 685
999022729 811423181 244839708 828197469 624837577 655234063 716803843 903580975 221163613 520177932 509911894 278065565 750143546 960410285 296679530 928928986 954202640 790373059 989203280 554200463 662193303 658279574 892752813 352993913 345359229 738323059 483035941 847093297 315467143 806402938 824225947 563447146 933206264 919085858 727992115 840723235 251158853 824708187 757975856 877863282 424134724 897380306 591758416 735801780 925106288 533817465 616294506 149642656 874718419 889627506 967534325 226296848 772699591 699206373 408858297 993555131 811936932 872233667 448294628 583462126 113633122 639861266 716255318 394943730 832232994 730817766 579493384 947757818 488911561 811450545 590207495 640518682 592961410 569105701 804859412 167920342 474292592 986443676 926261569 728266914 387659828 227087858 257592262 693375830 855244929 539596751 555194525 760923112 807535957 642139053 890323803 769769658 416357373 978973636 364793979 629615389 875818438 799500738 779154366 774490603 337802174 682795961 924860262 490113569 613105473 653211275 324401877 334951440 866677346 657661172 805727861 507500801 847588086 991660019 621485416 732582421 383660586 89778610 148347001 895146365 681893224 666916201 965500604 435986406 376573792 377262243 552221886 685902994 943692916 633283901 514870751 637533003 565161718 833917688 782781593 297578097 681282213 321143166 893977021 559843705 334554403 440907666 760317782 877564648 668090590 888335033 771036712 934017111 743449266 734317808 956579803 865474064 506754227 276992634 774683844 760517936 941272515 746210867 710123706 815979561 878228151 492416419 923383991 600591147 739191385 895634901 741375683 772830141 422505595 960521112 816938816 408125865 343498701 342445204 911441784 713532700 967046850 820266154 770748877 958820158 372302457 896023801 637975008 294198640 907756424 851661285 945978765 406321530 666080147 833971089 406465843 377897802 267623156 944522347 602686521 979542898 759031090 745045338 987434155 679281329 869611833 791723227 512259404 537495479 195707233 437400297 260518638 973397396 459886486 472887369 799190682 203471663 797120126 506708669 511847003 826515519 498833879 109153564 766084218 700750443 400227413 592364354 923904145 967860148 875283603 779926231 900939440 385953458 406160472 482347575 934789175 561654512 693460259 831190625 458235980 954052797 899335999 971927496 511768751 953515877 526037280 758707463 640897117 437296038 805169384 938241220 695202881 572177752 473701393 782767897 303307813 874890104 923859567 699367285 278019205 994289893 926236193 485348306 781163414 980247827 517533132 968007621 912971225 484458780 359910063 214281507 871279889 627999947 679777723 845513941 420170432 602739767 966718403 721353797 957596403 842422616 461416779 770445230 328022601 221280854 263044235 680590479 438139510 465336911 310592611 920717116 747527475 865997049 575348707 639573073 921296718 149998729 948359929 901781481 937721446 617911440 528378963 677689329 988947892 284952639 988328473 706345926 679051150 765970159 804943025 389607055 529909590 267662085 910250727 804599384 870911671 876471641 883089380 582659760 940638899 765819852 451653539 856401017 582067577 576258661 543144361 216457115 963799734 34084739 850714272 951042529 948894948 939859949 756903298 918442945 689703941 678348566 948334291 690658470 693127284 393379428 703934583 70540804 793332905 442307076 799256261 571428378 67038164 28058153 983777905 765357062 673854015 971338110 629773425 818650555 567251604 818565212 107744629 982361306 157371539 921312071 953116489 565511172 901928916 782724171 938631829 534289108 883554153 199274859 579558856 974106403 389140119 881619658 700895822 721624584 751696181 910973859 525248938 819712311 615447118 802735612 233335546 441025045 415011756 237607692 716229041 945872598 762385321 473466088 946420538 888856030 888726491 761591000 911906977 576802727 431699847 872909290 823880679 909377561 317213639 719150437 790936929 726256743 851122073 551059484 164524095 857608728 687533205 921479537 800785357 437904114 567899364 714354969 442006579 801749903 805068908 619890817 834657942 616742004 729852809 956978889 966312979 860241117 906592035 552367913 812828472 634388358 620291444 853257428 808649949 916970316 357132755 968301448 419548054 919285198 383755789 879715220 900826746 416534206 982250555 521139832 756581918 750531571 563984936 864817049 984454964 761635157 744394274 561180017 942662096 675104966 844375671 741168903 503610279 727118796 821452149 99677054 967309208 831168688 528376029 553170234 956947541 778905694 588811987 238086846 366173370 455132111 733316391 436683556 963167760 221809200 771864324 940096969 998048672 211638157 617178126 720748542 977785967 676137992 590197096 610439074 649193916 548937271 975041476 710255061 941504730 527325467 452986233 922030250 639644507 803715882 702469881 564472401 759104950 966040599 937188376 399265477 926874728 534278399 635385210 882780593 573188623 951632508 939142501 333165982 822395501 930691471 951161634 720314419 899203859 823172335 481350201 514963767 694550189 817875213 208105446 903442673 738019278 979728184 612160294 531937173 599067458 650974257 773664492 811744870 962051862 401611112 936393466 948400838 348748678 765698073 543101099 998694531 533664115 424575579 890391029 719261715 643982409 620156531 922573832 885034709 889389590 666170045 851034334 846793614 854026237 719461381 969823220 704274040 787153169 728073387 608189196 884394797 566178035 621944017 659177850 760501363 125918956 444352683 451229410 337681983 410417806 540648189 587647649 856194576 703452713 965405660 907018214 723433997 980091229 796040579 740565808 631304637 953490454 824831566 332372805 537706655 245724029 952701616 559877837 946913795 838541488 326646541 273567158 575348395 754414884 811811928 415139298 971225193 911611325 747474573 622544938 726091133 894220767 455706810 353056953 651699875 903720350 776302702 817159791 725524543 584953196 826231051 815618465 393087659 915112078 955101474 880571590 942864304 729903198 905566972 217057333 799932271 440985986 928324656 989565680 705173612 782222324 893852210 352694338 458616739 976707828 689031382 606911136 425904055 459440458 634530214 963569156 535214931 51833791 923207141 224624650 601478505 882837433 181029460 992461155 744254148 508536595 568960224 538154127 545432019 627897088 304530421 847382985 593099474 554363327 393593724 938099679 328507470 703079153 870657113 873458367 649338780 918097420 762297546 60187081 328414479 847961015 688228278 340840045 538837058 904473043 248707478 737940354 635910224 524656310 847165217 221383954 184303710 978596923 414468531 672437486 523175122 994477209 944712217 478432324 475734748 400264578 818199058 737815342 710302698 887457333 882316530 619688818 607692474 853240223 886781330 760859033 797090268 930888125 630104942 265893036 611516176 393110087 788344850 945591653 330444905 960746134 92425826 402421073 538724819 562198015 800847178 884233802 895405536 758263499 80621759 806708122 812187050 668037754 183178452 462897432 970122178 631480104 800831005 964827271 598449402 955016131 840782660 552923502 966385735 986254820 801154580 950031467 648358369 761021133 831226974 554553543 450528454 843600668 233192910 471734380 806571700 717187834 661427806 479109249 983783258 190969107 369666142 811635468 307370804 617067564 610190008 958533614 940493909 194066554 945803999 604620726 669705597 813298223 919257800 206909383 741287948 841063190 796652669 863630778 753458549 909744344 615646683 481632099 969567014 959964092 522792789 871351536 895811572 985883464 371109177 497008935 522268095 739350360 594300302 386372163 968733955 864180934 876616206 884971465 620724353 954404305 905397102 923184409 634741974 24310956 898624504 969191868 992855406 411225302 879606995 943317364 589618704 931737263 328394772 611452671 307983040 758499330 791222352 807107241 665854690 282021183 680462421 812910955 845260268 850067262 868122988 840118129 892195622 270309698 677344646 542529240 470544979 792221695 583910287 605817738 499382242 464349964 250629868 813305118 945227411 677722442 717862412 497383614 844842900 848202031 760274578 333868949 354300473 763167936 734764014 426350023 753970884 812028114 959368283 943991940 569113560 877303783 82294256 391824327 865218756 460674366 536220298 722371317 738037397 407257864 652373290 35103620 919981099 445618915 788193880 741184716 679532540 768002504 648212141 915786165 894759787 662147045 101449100 629502799 382208510 956414048 932246099 892704832 943999094 432232744 749206211 678873419 825765858 941508329 294482276 932596104 656278855 468987415 833637969 808769739 795485101 886298890 900954930 809947418 882993442 809247401 991083593 836356668 921268615 708446487 944606694 741645351 966237534 64667119 956925116 184752487 243269832 195456781 457673066 499336731 625502221 527791640 978433082 605727227 591320286 952069455 648570898 962584962 428587398 959761917 580269826 952717525 266590559 800554322 674108239 868366520 440784926 789177164 643526271 684517632 330489663 509874121 480720002 612963952 967502122 163413965 473186120 827658225 606981341 795159188 751606147 917184068 718153264 599027953 710292319 805195496 822807470 292292665 108474625 451864173 919670935 641576079 546692906 186326278 951564313 936326434 951955529 437742426 800393486 962771369 915903687 857264846 484044371 407656556 500762820 773740374 843289256 988005789 304059709 318410677 642896265 650717385 355962480 930132001 937058997 317544956 135479144 572010057 923524522 991288276 172847105 412691996 430093535 935461660 452587452 757491573 994717031 977498940 398334790 609293853 770701506 204980387 734451879 848647313 981476166 608649915 776287613 103069225 175284481 737196532 610722338 921841780 496909942 381062326 683875322 97989347 926439681 396742615 831990903 738179466 850356374 653764936 416880587 933467119 840988997 416890555 287205133 166926112 485720530 339775803 753639067 611537048 863571294
100
321 30365780 970628312
174 30496111 987751490
401 55415993 997677361
261 12351762 992787036
540 76908717 902693035
846 81580199 964655179
940 45857740 907901234
10 80284239 942963057
392 21129632 950344464
156 31111594 939324638
878 27564570 926275501
316 4335739 995793979
942 37913426 947275302
154 61455997 935374644
682 13114752 956183352
389 36839045 929872218
308 89757498 973535750
517 49581017 984619018
527 62211056 985751313
727 64670416 970118566
306 58157734 939545747
672 2889642 949862047
240 98659056 907768256
396 20439986 991725564
332 55433011 933374489
528 57567122 923507262
837 6259483 905524399
221 11999735 996391293
781 59119960 918405836
863 63627366 961817176
743 17280925 982929415
134 24538717 983872433
848 80343258 916118194
332 20377774 948702866
157 33013176 984848404
583 41932824 938335405
959 11689303 958241465
591 8615207 970128816
667 32833348 955875252
922 40912974 904266545
246 11471293 968892387
975 42896194 968351671
296 26403880 952287039
329 29763737 905265962
7 74787025 996617292
478 14124196 914709593
446 88701412 989194684
87 74607242 992786419
245 84999596 935169928
273 86218918 913983760
492 39457802 979485654
140 3904802 969829428
795 52685111 930366982
675 64668885 904544397
661 39389886 968094129
340 36467802 930864315
285 33016500 907882692
153 93693297 908668137
200 43100475 902221057
414 10471322 904339655
820 44185399 940607179
245 33997552 927260262
815 60744783 949601621
584 82677059 985630488
740 52406311 985849049
925 49166202 931450638
275 33982684 917861556
199 92690727 919352891
167 79358912 989454252
979 52525420 923884188
260 60007511 984216091
753 95026190 934726786
945 47952786 936453429
61 72997079 990456971
268 80588875 968700932
110 93114929 970895130
60 92463873 910663575
581 6202368 942158970
3 58733524 916112370
712 60892097 905984550
156 6489028 997082826
248 5141473 905430322
994 95075111 980281082
312 48969311 917852347
754 29170792 905994439
336 65660068 970823287
426 72413191 987684951
99 98420898 959852451
995 82012365 902556960
556 96131629 916345444
516 39675215 912860567
247 1111191 948417887
416 57906598 948069014
869 11963791 908455786
297 91424109 970034262
488 78282298 985881460
533 67151611 940287356
553 7840659 972047288
569 22356962 982924816
919 39348480 916770512
