10
4 5
10 5
5 7
1 5
5 9
8 5
5 6
2 5
5 3
902278952 659613934 502732877 269314591 882854092 713467558 780055397 303736520 593923581 425746057
100
9 29028440 950532611
3 43864969 924487421
5 86882270 912495268
5 89241944 915132585
6 87609075 954564381
7 49308035 946788673
7 76755843 954491283
5 28718977 972480307
3 65506341 904651991
7 47200262 930963735
8 42854349 920549429
4 57097552 922735047
6 13749171 921895611
6 97936302 946415172
3 73166723 969976859
7 53598545 904347253
3 42442438 914648214
3 84532055 927563202
1 88937872 974292116
3 86561558 970769296
2 29537388 935568237
1 57268390 931884074
1 54858117 954502635
1 79358898 957525872
2 86840598 978898480
5 28491647 913141786
2 54382868 956826506
3 51134525 932276598
10 7285529 968442954
8 8768654 982642206
9 35368852 937118596
7 96372053 953455342
4 21317424 991037687
1 32416705 978765624
3 75382914 943389031
1 58186650 974914412
2 32660982 923477801
7 84656842 966542450
5 25064188 975186396
1 88640559 994947686
6 10991215 940403309
8 11713184 983072095
8 89367878 906570225
8 51971646 943955079
1 89041790 981121811
5 94337533 940751644
6 52655431 973981542
3 74606706 938725125
3 14174830 968690946
1 50534623 931713736
10 68252426 979680809
10 37417340 907949878
5 34775403 983233746
1 95407113 971328035
8 59314752 953563090
3 72905105 990366353
4 13597704 958890334
6 28006528 979285753
8 35391675 943716891
3 31855337 952794876
2 13161913 910214746
1 44445713 936405155
7 93327858 997544355
3 55025727 919928986
1 63978840 907933052
1 22643912 947015818
1 51397250 932882292
4 7387222 922247323
3 22733986 910554625
5 4627320 958690958
5 31896233 921101812
7 31979120 988263217
9 68348601 915353628
9 33865016 991776389
9 39651019 984974381
3 28889302 932168612
10 45302433 953636289
8 2630114 904154673
6 31291631 939876635
3 39184213 913779391
5 30512838 961928810
5 18074772 946637681
4 44785217 906146329
8 36107453 942672373
7 47359347 962666366
5 19785266 974454509
9 46220431 943062165
9 37093219 957216508
8 26697050 904264994
3 50418400 987645364
7 77229006 905996900
8 38015902 969607243
1 89521680 905584559
2 39185033 979754376
8 39999637 912486115
5 58810700 905074983
3 83476880 938615788
9 90715741 905280602
3 45345951 950394385
3 78703948 974788564
