199
433 1139
2977 3203
1288 1908
2683 4472
27 3400
1249 2520
409 1332
1281 3379
1710 1810
65 2730
1247 2812
1975 4095
2662 3031
1728 2614
1995 3845
3638 4084
958 2769
1019 4023
2156 2833
722 3202
2762 3366
2066 3514
3675 3979
1512 4317
284 1313
671 1805
3086 4837
4058 4495
2088 2659
2081 2405
704 4921
3064 3996
1127 4573
2390 4325
2911 4573
2999 4195
2901 3644
3898 4232
1155 3519
735 2438
913 4003
1077 4547
591 1938
3925 4588
3558 4951
992 4419
761 1775
425 2758
1637 4935
323 3257
1660 2759
181 4705
698 1826
2170 2349
753 4555
647 2862
582 3579
396 4256
913 2817
1373 4584
421 3595
1268 4276
300 4753
2647 3256
1216 2060
892 3613
2021 3072
709 1615
645 2754
258 2755
3311 4721
2041 2180
2938 4602
1070 2334
366 3362
1212 3504
887 2542
389 1009
3655 3995
2174 4337
2869 3615
1166 4685
2836 4763
751 2226
3652 4193
1489 1780
665 4185
742 4054
1970 4113
180 2683
998 4124
2712 4799
740 1218
1540 4805
2461 4462
134 2071
2433 4825
1407 2239
2706 4298
2080 2976
212 3315
2475 3218
877 1797
113 4509
3343 4599
2403 3038
1343 4914
3055 3289
3261 3928
3292 3312
51 2705
1979 3697
2119 5000
982 4451
1319 4017
876 3736
578 1054
363 2758
1938 3079
1047 2574
1773 3988
286 2605
711 4496
1036 4297
2965 4301
2983 3723
1178 1902
2014 4426
655 3551
2666 2754
281 469
715 840
2167 3789
1899 3826
2472 3200
2423 3211
2573 4585
1926 4062
1672 4649
1948 4901
1617 2258
760 2795
2417 2927
3697 4105
3991 4479
702 3039
1348 4859
3403 3760
1932 2388
4091 4685
487 2739
1019 1529
3506 4148
3038 4858
1823 4530
3013 4295
2225 3306
1703 3408
2350 3999
1574 2310
407 4319
1287 2582
1465 2430
4256 4443
1893 2373
1642 2654
4780 4966
2484 3928
1213 3130
4800 4913
1995 3813
1761 2493
2160 2649
1453 3242
1866 4076
365 3935
608 3598
1333 1843
2807 3555
1995 4232
3710 4702
319 4446
1299 2352
1904 3377
1418 1555
2311 4732
1927 4100
312 1236
2869 4812
2290 3603
676 1495
1612 3336
795 3448
1156 4793
4583 4985
1247 3425
1075 1520
4259 4755
178 482
