2000
918 1617
4063 4887
955 2899
921 3169
884 3830
886 1108
2210 2938
2966 3990
2736 3421
743 4271
1211 4067
1375 4354
1915 2727
659 2540
3222 4605
701 2751
171 198
2890 4928
3299 3553
3193 4320
1248 2189
74 2811
51 3963
492 4806
60 3878
1995 4212
1692 4019
452 1541
247 4454
116 2527
563 3284
110 4444
633 2385
2959 3389
4823 4874
481 1001
1046 1935
39 3506
2606 3703
2355 2506
2254 3499
2154 3672
67 3142
725 4628
1379 3392
1585 3399
235 3395
134 166
481 4739
728 3635
308 2443
808 2648
1550 4808
1324 4024
361 4135
884 1362
2497 3188
2559 4189
2454 4518
1291 4789
3171 4292
2018 4386
878 4067
1937 4733
4040 4853
2347 2789
2571 4385
1507 2285
2109 3736
2532 4287
2003 2196
1326 1530
769 815
3259 3685
3295 4625
1302 4321
345 2506
545 2882
305 2883
1861 4632
469 1654
2443 2964
893 4970
1604 1878
2286 2311
264 630
2036 4812
4362 4665
760 2547
1940 2586
3406 4687
1649 3692
474 3923
1528 3563
1206 3489
1452 4991
4208 4928
1759 2018
50 2727
2362 2610
355 2461
360 1460
752 2703
1480 4598
3313 3489
581 4370
737 4539
2446 4207
470 3534
589 4069
181 4897
827 3240
3677 4925
476 1874
1571 3748
660 3142
53 229
523 1636
3079 3756
2777 2861
3916 3994
2192 4401
2807 3124
1253 1335
951 1797
3155 4832
1398 1726
1967 2086
2352 4111
3055 3508
378 3022
774 2317
3403 4790
784 1622
351 2890
698 4151
1267 3696
2932 4491
500 4089
2404 2772
3016 3053
1486 2637
986 3956
3669 4153
1541 2796
542 1568
27 4347
2655 4034
2265 3937
211 4938
1322 2575
1166 1595
3594 3714
178 491
1811 4071
1487 3197
3439 4266
2999 4323
2076 4862
336 1786
797 2463
41 4948
1912 2782
1759 3720
2143 4700
1492 2905
1953 2581
3802 3933
1435 4579
1073 4050
2229 4784
834 3003
707 1467
136 2843
1684 4253
3374 4589
2101 4848
1021 4475
3710 4398
2397 4100
308 4524
1787 4884
1861 4019
3406 4522
368 4730
2147 4729
926 1632
4112 4689
1705 1955
30 1938
1359 1427
2101 4563
3703 4220
1826 3646
1910 3377
1531 3027
1735 4229
1035 2702
154 3786
1930 3248
316 1972
2231 3204
3307 4596
461 3720
2457 4876
1130 1978
2269 3436
2242 3506
3946 4356
2030 2293
2726 3468
234 3249
2784 4810
1767 1769
1527 4902
36 3056
10 653
2548 4506
12 3485
2428 3076
501 1778
3030 3587
1395 1796
106 3152
700 4011
1244 3846
14 1136
417 1931
1610 3383
2937 3021
249 4726
2242 3416
2001 4876
158 2154
195 3185
232 408
1459 3445
1596 2812
1527 2555
3021 4513
2044 4464
2850 4836
2078 2324
1972 3146
2644 4381
2258 3424
1232 1888
764 2922
3764 3768
3446 4164
2317 3363
1544 4866
2426 4176
3365 4352
628 3249
2910 3337
998 2811
402 879
245 550
1305 1381
2766 2794
1506 4885
1983 3660
1379 1787
1915 2099
2222 2829
1474 2057
118 534
4189 4273
1559 3377
530 3967
2610 3157
666 1790
2531 3255
3932 4974
3939 3985
278 3163
487 2324
20 3571
585 1892
523 4363
543 1148
3654 3997
898 2615
2795 4413
318 645
1017 2163
459 1403
3105 3606
1568 3914
413 4558
3302 4818
163 3677
2641 3061
922 2282
2674 4885
941 2582
1044 3790
761 1732
579 3610
895 959
2295 3915
2829 4487
373 3601
1481 3734
1763 2236
1018 2411
1446 3165
1639 2666
2996 3074
3804 4652
1551 3599
2233 2971
833 3708
377 2728
524 4275
223 2258
1682 2495
2132 4017
3427 4357
1256 3183
909 4853
620 2061
1709 1798
4808 4846
2616 3596
329 4748
1330 4250
637 4344
2922 3697
1751 3850
1160 2812
253 640
4150 4778
3079 4496
2494 2743
1882 3349
1094 4995
2145 4867
714 4396
2074 2410
4682 4991
2045 3064
185 1956
827 1751
3376 4830
2042 4051
650 2384
1569 4294
1947 4196
3119 4084
434 3077
312 3956
1058 4451
54 4201
1758 2479
3977 4409
3170 3679
3270 4943
710 1880
1440 1615
541 4467
741 936
1592 4225
4868 4917
882 904
1573 2933
603 3923
686 3801
615 1823
1216 4239
1390 4266
3307 4553
2053 3301
642 3489
135 1762
475 4058
2533 3662
2856 3768
473 3529
3688 4426
4444 4729
2774 4681
629 1966
793 1146
664 881
743 2272
4165 4594
1247 4971
491 620
429 2488
396 4075
1287 4043
2160 4191
2678 4359
3019 3773
845 4526
1978 2432
3793 3802
390 3922
2495 4501
590 623
1187 4477
1266 4983
32 3618
3568 4765
917 4416
930 4475
3792 4554
1547 4037
380 2072
4711 4972
2575 3137
1373 3579
111 283
197 3255
1571 4526
1152 4770
4400 4698
704 2323
417 1746
2213 3534
1341 2759
1887 4493
2088 3911
4382 4469
2484 2951
425 1878
1790 4897
981 2286
1747 3845
787 1788
1192 1217
1665 4950
1665 3650
671 2345
306 2659
2329 3832
1842 2661
311 424
1800 3568
776 948
238 930
1587 3540
612 2049
37 2365
2534 4419
1642 4445
725 1993
558 4571
2569 4827
1099 4441
1959 3925
1487 4020
838 1978
803 3950
2551 4321
2382 3579
281 2778
762 2872
3973 4890
1307 2464
284 3440
3174 3232
44 1111
342 3070
1462 4745
3062 4078
582 901
1705 2804
3443 4363
3490 3647
113 224
2426 4231
1294 2498
2256 3744
1171 4029
1052 4273
35 385
3046 4851
1211 2911
1056 2233
1712 4248
1415 4889
1538 4450
168 2151
1513 3073
740 3265
219 1106
1749 2397
395 3983
996 1004
3556 4369
3054 3322
3005 3444
548 2843
802 3345
54 2156
2253 3986
3812 4081
1397 3446
675 3597
1676 2464
3434 3943
255 637
1276 3130
981 4514
1609 2012
4639 4721
2328 3384
1972 2368
2676 3202
1576 4604
1583 1949
2083 4928
3775 4104
1157 3291
387 2548
3134 4277
1745 4885
1076 2699
1643 4976
2281 2532
4257 4849
79 2666
4338 4367
1518 4131
2305 2417
2233 3905
1380 3450
3598 3834
46 4073
1198 1704
2051 4513
3184 4286
1096 2048
3359 3719
1805 2422
414 4875
3642 3783
2107 3281
261 1333
1815 2218
1155 4654
1855 2841
847 3309
1456 1933
1204 1421
1060 2557
1146 2349
2265 3101
2350 4881
766 4380
2654 3475
1305 1623
1583 3219
3431 4174
3249 3657
521 1780
86 4688
827 1725
1785 4086
3553 3620
2361 4312
1681 1761
2593 4194
478 4616
990 4292
1870 2868
593 2899
3463 3961
1985 3076
2095 3725
674 2172
3436 3826
1668 2206
298 3835
1567 2628
1059 4981
290 4299
1258 3650
692 1208
3084 3466
318 863
659 3162
196 2123
1497 3118
3037 3210
764 1949
2595 3999
1076 2645
366 894
1625 2842
822 1353
387 1449
4490 4718
3923 4070
3332 3988
726 4727
2039 2091
2050 3102
1049 1913
3424 4826
108 1745
3077 4696
630 1396
54 3577
764 4544
982 2363
183 1348
1167 4049
3211 4672
2854 3060
990 1667
2861 4326
4139 4868
119 3818
272 2363
1265 4001
418 4264
78 1903
26 3661
1612 4927
1573 1861
1911 3028
549 2103
456 3924
372 3941
1381 4425
2481 4304
4241 4571
696 3082
1702 3444
3883 4458
1659 4290
2360 2421
3335 3517
1933 4120
30 3348
851 3835
2939 4679
2992 3054
1846 2213
2839 4360
2245 4686
775 3506
2314 4215
452 4854
2998 4720
3352 3522
221 1736
1172 1360
2695 3541
2036 3981
740 1195
3458 4994
2413 3740
3197 3699
3172 4184
754 2414
2189 2363
1432 4170
2139 3637
922 2628
3206 3732
3282 4589
4448 4945
518 2810
388 3704
875 3461
1223 3677
155 890
2031 4811
2300 3398
2901 4684
183 3915
1094 3886
368 1414
2888 3992
134 2611
2981 3620
1491 3835
1169 3700
1292 2509
1455 3393
1907 4617
4020 4567
2146 3334
1471 1917
1770 4668
564 4192
578 3794
3375 3675
384 512
2715 4277
1868 4085
126 3576
511 4063
2134 3166
891 4991
1145 1512
775 1246
2702 4401
296 745
495 4194
3327 4266
1288 1637
2282 2867
162 1405
3112 3292
413 2010
248 2450
333 4124
957 3188
333 4562
207 2169
892 2118
1234 3216
241 3115
1030 1432
1458 2132
1774 2737
1350 4992
195 371
1670 2805
272 1344
2509 2672
718 1117
421 1924
2578 2845
3508 3888
3852 4952
1724 4289
705 4574
590 4112
532 2754
1131 3107
1609 3549
1357 3947
1915 2126
1907 4791
3785 4307
1916 3897
4040 4560
1849 4947
4904 4987
1382 1726
3687 4956
1 1773
265 2770
98 1094
1599 1968
945 3372
892 3652
2267 4185
1027 3814
625 4494
2776 3135
1450 1646
319 3292
733 2573
3086 4524
1269 3473
59 2081
412 2976
1670 3916
1952 4221
3533 4073
3762 4703
308 2565
2786 3368
511 3787
3424 4287
206 4332
2808 2835
759 3165
704 1765
2597 4481
147 4360
4571 4696
1530 4580
4016 4802
2860 3041
1864 3167
2213 3078
620 1117
121 4483
1207 4410
269 1815
3979 4773
4047 4274
2964 3516
1258 4095
733 4916
1901 3459
878 1142
167 2573
608 4102
1137 4367
1222 3272
704 3132
782 2059
1797 2137
2080 3390
2246 2280
480 1277
1629 4987
3101 4664
3024 4250
2795 4336
2500 4862
145 4133
1085 2115
3598 4125
1026 1113
2463 2765
1142 4263
224 3189
885 2290
3531 4875
1453 1950
617 3067
3489 4046
3461 3810
496 3858
276 1422
67 1656
2927 3196
4210 4765
216 4613
1725 2703
1330 3580
1567 2696
913 4856
1964 4686
4217 4493
215 3550
2689 4151
3789 4871
488 2279
912 1389
1466 2492
614 1137
3066 3158
1501 2192
196 2351
1332 4479
432 737
574 3156
2064 3236
3394 3856
2368 3712
1578 4430
2098 4907
888 1149
1269 3282
3329 3387
1251 1910
1436 3560
1493 4953
504 4412
1807 3883
1426 3360
4790 4873
2286 4057
2774 4553
2819 3823
2027 3138
2039 4830
37 2864
518 1367
720 3788
4235 4431
756 2296
3382 3569
3229 3768
1831 3497
3208 3945
1610 4441
2687 4705
724 3756
3140 3889
1031 3365
1525 2582
3180 4537
1083 4356
1863 3747
4481 4869
116 2875
1674 2374
608 2651
439 3094
746 3841
3623 4805
1574 2832
2172 4595
2935 4436
3936 4035
49 459
1253 3250
1902 3084
2083 2892
1032 1359
1057 3430
2051 2909
330 1252
862 4930
569 574
207 3580
2128 4694
2406 3172
2901 4202
3337 3952
1121 3021
1485 4833
868 3588
314 4121
451 3365
2658 4948
34 1454
1800 2878
1357 2235
1261 3936
2958 4147
3238 4353
3477 4098
3837 4864
2244 2652
2369 2449
1394 3044
3102 3896
2759 3094
2730 3458
422 748
2072 2615
516 4234
1755 3946
1162 1960
763 1394
1701 3171
747 3071
99 4110
1968 2285
1661 4870
1735 3143
1025 2000
1292 2016
1129 3532
1036 3673
3005 4927
259 4796
486 3372
805 3846
407 4116
1293 1734
2838 3667
1110 3802
859 4613
1666 1847
2357 3152
615 1857
328 515
1899 2193
2877 4904
739 3394
418 2492
77 3786
1020 2524
432 4869
1257 3337
3511 4131
4098 4103
592 3022
4074 4856
2490 2682
809 4657
4226 4506
2112 2999
906 1378
1710 2363
1568 2892
1800 2882
713 4255
1051 2097
1057 1176
1173 1920
462 3406
665 3778
569 3630
782 3507
1806 2843
718 1583
648 1624
1153 3094
455 2078
143 4349
441 1891
1083 4608
2734 3099
3495 4018
1913 4751
3065 3442
103 3437
1983 4568
2934 3266
3210 4184
1251 4630
1091 3076
2254 3758
2727 3710
2421 3702
1091 3717
3304 3614
672 2314
1690 2613
1890 2929
2231 2645
1870 3996
345 1422
4629 4933
419 2673
71 4830
2522 4955
4069 4955
417 3657
3267 3532
3777 3916
172 1914
1448 1793
470 2113
341 4252
572 4323
205 4864
1167 3753
71 2900
653 1612
2190 4535
1509 2113
1888 3221
2041 2956
2030 2969
2778 3780
1492 1871
267 2097
3045 3412
220 3022
1438 2391
1077 3971
697 4468
3905 4453
2365 4389
1962 4793
63 564
2859 3978
12 59
607 4741
2664 2972
694 1537
2333 3059
1282 2036
306 1130
2325 3646
2127 2736
946 1807
149 1765
513 917
3315 4642
1299 3595
748 1123
2112 4885
2058 2132
66 2470
1381 2782
1783 4643
45 545
2427 3304
1568 3329
87 4413
1110 4947
1324 3881
1714 2748
1613 2649
604 1809
2130 2392
1137 2002
2369 4818
3641 3995
2521 3848
889 1652
1661 1894
1834 2958
2179 4437
1504 4869
465 1335
1350 3866
742 1228
1192 4924
46 2122
833 2312
2329 4428
615 3929
599 1087
2455 4478
3782 4416
194 862
66 4764
2003 2492
2694 4865
3733 4724
2447 2808
575 1866
1823 3768
4092 4836
2335 3716
1910 2731
1518 2845
3383 4221
931 4135
1796 1987
150 1038
3930 4837
281 4634
330 4767
432 1973
2411 4703
592 2203
179 3895
2016 4014
1823 4190
284 3559
752 4893
2631 3356
2945 4095
275 4408
872 1693
2315 4492
965 2344
1369 2514
874 2265
2876 3832
495 1537
481 3576
1288 4428
4070 4490
1682 2068
1964 3020
3455 4130
2582 4438
703 3208
1396 4647
480 1379
170 1970
1928 3705
2662 4952
2803 3703
1624 2955
307 1708
591 2769
2692 4132
352 1690
1059 1917
1122 1948
1377 3359
1614 2407
1982 4906
291 2508
1184 4566
955 3612
2190 3884
1361 3400
3427 3986
2087 3214
16 790
1517 4405
2568 3915
1957 3440
145 2853
364 4355
1205 1330
767 2565
765 3510
1807 3905
854 4630
2048 2594
914 4820
2651 4921
283 2566
2287 4640
1051 2061
685 1539
2784 2919
2377 3644
406 4081
559 1929
1153 4572
547 2590
4463 4726
350 4478
933 2655
225 4780
412 1145
816 1669
261 1102
106 1991
2540 3341
2054 2293
326 2445
2016 3912
1120 2152
1742 1884
1562 3585
1317 2008
879 3166
832 3458
1269 4473
21 4052
2915 4868
99 1022
2928 4874
1087 4976
675 3537
4247 4546
88 4545
2147 2316
3088 3736
1199 3283
596 4732
2028 3193
2927 3077
1185 1810
1504 4136
136 1444
201 334
2305 3239
1289 2179
1348 1629
4090 4689
2286 4871
2959 4817
3036 3471
3185 3705
2237 3296
1361 2691
2680 3924
1141 1317
126 4036
1227 3205
1455 2473
287 3046
1902 4641
1 2788
2919 4259
0 2413
1674 3496
783 3493
2209 2454
231 3307
267 3106
2532 2888
350 2372
1865 3030
3081 3626
122 1314
884 2990
1006 3637
3700 4557
328 3042
50 2519
72 3979
1648 3282
328 3124
2140 4879
1125 3442
864 908
373 3237
876 1514
1938 4243
362 3513
2536 2983
3819 4157
1281 3342
1015 2035
2886 4863
1750 4743
1689 2231
722 3037
2547 4776
472 4259
2579 4622
2580 2934
1185 2392
3194 4140
2100 2105
757 1457
202 1673
1201 2250
2883 4130
713 819
715 3299
4318 4629
78 1505
1089 3277
1621 2010
2522 2548
1489 2190
1170 3602
2180 4316
3974 4285
2434 3790
3190 4167
735 1341
68 3846
1160 4136
915 4672
19 2113
911 2537
1104 3878
1325 3177
1871 3037
190 3170
2151 2669
4085 4262
1380 4831
389 4102
3546 4942
3072 3465
1747 3492
1937 4371
886 1993
3153 3501
923 1656
3013 3735
939 4297
1932 2250
2075 4965
4225 4382
113 2012
147 832
3904 4396
136 1410
1235 3728
3712 4490
299 1060
3312 4303
2609 4672
3543 4542
3805 4967
2957 3682
375 3488
106 590
3287 3949
161 1195
340 3701
732 2407
1644 2710
1059 4547
59 2202
490 1555
3518 4532
668 3586
2484 4052
51 158
519 2382
242 1182
1989 3132
2087 4063
744 1872
1148 1321
224 1608
1352 3947
831 966
3412 4253
1498 1867
2000 3685
449 1937
2695 3892
885 2466
3431 4246
965 2359
1279 1921
4085 4602
53 3440
412 3975
1087 1657
956 1844
3142 4963
3207 4004
595 2500
3216 4979
1470 4483
542 3061
3207 4576
3383 3784
2575 3397
2183 3383
2864 4282
380 3765
1027 2767
1399 3002
455 1095
1246 1622
1171 4692
2290 4717
176 4781
3681 4271
3536 4252
3063 4464
1697 3864
391 1481
1402 4610
847 2031
2662 3766
1355 2474
1790 2983
3186 4002
2932 4917
1541 2037
294 2163
2803 3572
2149 3130
1271 4791
808 3520
352 2542
174 3596
2492 4458
1865 4229
721 4385
740 2801
1020 2752
2523 4246
1172 2884
285 1920
270 3320
3737 4264
2886 4800
327 2555
3769 4193
3067 3205
2266 3742
2632 3263
2927 3075
45 351
912 4931
3534 3688
3473 4500
1335 4210
578 2182
1139 4032
47 4762
4427 4922
2443 3751
553 3162
1568 4215
3075 4421
422 3483
3265 3329
1120 1739
1514 4228
2070 3756
1749 4507
516 4259
1026 1840
1521 4009
347 2012
2109 4251
785 1029
23 663
3118 4164
2615 4648
824 1484
923 4218
575 4267
2482 3958
112 4341
443 2276
1477 4588
3839 4273
349 3404
680 3048
2478 3594
2402 2896
9 2155
2899 4245
532 2371
1690 4915
4896 4920
1422 4774
724 2230
3198 4057
1497 1705
2207 3879
827 4957
3075 3215
523 3568
42 3320
613 3904
4115 4921
944 3730
3049 4324
758 3702
864 2242
520 2276
496 4414
3341 4889
620 3910
1290 4652
313 2707
1143 4430
890 1928
1633 1912
1667 4353
2760 3851
2101 4875
3364 3440
1763 2050
456 3291
1480 4571
345 4539
251 4806
4452 4871
1883 4467
1534 3242
1015 3036
3439 4805
597 4809
1425 2803
1392 4811
631 3831
1104 3651
1070 2252
408 2709
2639 2891
2417 4384
2943 3204
3313 4860
4277 4279
1011 3906
833 4692
414 3052
470 1166
3770 4740
3876 4373
222 320
302 1534
799 1530
4445 4576
1168 2431
3424 3990
2648 4520
1494 4794
1987 2344
3061 4534
505 1956
1682 3472
4298 4624
3006 4360
2221 4589
242 3324
2285 2399
2155 2518
1686 2055
3207 4785
3945 4954
3372 4713
495 949
2113 3132
936 3504
1554 2631
2887 4584
2661 4924
3811 4404
1973 4273
3570 4730
1055 2650
1021 1692
1178 1367
755 1202
2575 3432
1913 3660
139 3978
4371 4644
778 1689
4678 4917
219 2367
874 3302
1872 3043
151 4973
1117 3283
1026 3929
1682 3156
96 4604
2289 3938
1381 2575
196 3284
1437 2722
2124 3326
3446 3828
1704 3308
2266 4957
172 3754
435 1032
42 2950
1191 4047
365 4813
3572 3913
1418 4875
3719 3867
1625 3606
2797 3894
2619 3801
2 789
1150 4699
304 3998
719 4919
1629 1765
4395 4623
261 3666
1888 4746
576 1225
1176 4186
877 1368
798 1419
1010 2215
1595 4859
230 2968
2795 4105
877 4639
4129 4484
1292 1709
2478 3915
1124 4853
1105 4797
2340 4963
2104 4875
71 1623
871 4489
660 3081
1223 1441
1701 2232
3105 3508
2345 3847
2287 4968
1312 1760
2868 3959
3980 4285
215 3218
522 1614
1329 1574
1094 4818
1204 2186
3371 3951
503 3810
685 4354
499 2837
491 4590
3072 4006
739 3930
3036 4484
197 1315
4680 4906
1195 4741
2704 4822
2978 3165
3394 4096
3566 4649
548 3730
3463 4190
791 3884
1581 1791
1962 3969
707 1891
270 3230
1201 3046
8 1459
2871 4936
1323 3030
1753 4898
2498 4757
280 320
1627 3081
350 854
760 1059
5 1867
2030 2991
1997 4842
388 472
1822 3574
873 3579
1111 4629
3567 4713
1748 4241
910 2978
3997 4920
1422 4892
954 3176
2169 4453
611 2759
1547 1957
1776 2990
3953 4191
1844 4452
3131 4453
2689 4361
71 4114
1814 2067
866 3467
651 4074
2410 2646
3337 4516
3575 3585
53 3100
301 4546
957 1719
4356 4508
160 3843
1227 4482
283 3917
2068 2671
178 3251
388 2664
217 395
1526 3610
471 3048
4290 4722
3141 3444
37 1318
2654 3468
2258 2320
3119 4795
1514 4717
1721 1721
3112 3496
3839 4824
1204 3157
1218 4850
1224 1345
1145 2837
178 2681
2965 4932
2530 2709
1172 3037
242 1617
2575 2622
3363 3609
232 1804
2194 2287
1927 2222
316 521
284 983
146 3404
1579 3856
1721 2571
3834 4602
1752 3863
1449 3343
4265 4799
421 3631
266 3886
637 2820
1310 4991
2400 2467
2256 2596
752 984
2033 2519
1140 1993
3212 4296
3510 3535
393 2979
3996 4127
3190 4151
3474 3845
26 356
381 2565
2006 4500
1596 2497
3919 4598
2357 4198
1661 2513
1130 2111
303 4842
4488 4529
1299 3167
1102 4212
3567 4421
2231 3945
2010 2453
681 2737
26 4840
3361 3741
3038 3807
1416 3557
3059 3926
3069 3352
1206 2308
1405 3626
508 1721
2504 4208
166 1353
546 2880
4172 4904
111 2113
916 4736
205 4246
470 2880
953 3422
3010 4258
247 4979
1388 1431
288 606
476 1253
1558 4910
2285 4375
1897 3748
783 1401
2747 3915
2133 4168
2573 4059
232 4821
342 2701
98 805
922 4084
1207 2656
393 980
949 4141
2130 4539
602 2527
2697 2894
2155 3343
3072 4009
872 4010
954 2056
2927 3174
4059 4918
734 2751
150 2489
960 1217
328 2880
891 2092
2981 4098
2396 3989
982 4231
2129 2485
1844 2393
3099 4685
942 1478
539 1443
2044 4279
2360 2867
108 1630
1209 4721
1258 4558
1541 2326
1781 4317
649 1997
1742 3878
568 2196
1362 2093
264 2106
2632 4666
2476 4075
344 1731
2126 4034
1256 1340
91 1156
380 1440
2923 4151
2213 3748
2021 3003
2710 3453
1176 3935
2556 2817
371 4983
1390 1835
393 3488
3903 4728
1674 2894
2346 4689
2665 2799
929 4736
1323 1766
939 1622
776 4185
1105 4666
475 4764
70 3126
491 2539
274 2421
1210 4124
1580 4280
2244 2640
461 3627
635 963
30 1167
1736 4844
1237 2842
585 2391
238 535
2135 2626
2809 4147
2150 4881
1844 2663
311 3222
2597 3113
1178 1643
1709 1729
4382 4809
943 1652
1462 4984
138 4434
741 4182
385 4877
3094 3801
1441 4755
3922 5000
1239 4889
3509 4293
2561 3674
807 4433
2586 3140
2362 3299
843 3166
1382 1846
2158 2843
3471 4106
1637 3795
2649 4271
1937 4100
1800 4462
720 4779
4570 4621
1680 4410
2813 3341
203 3012
2527 4026
847 2773
2014 2312
1395 2240
958 3888
281 1983
4006 4909
1155 1243
1002 2764
994 4605
181 806
3945 4685
683 2501
2486 4849
865 4493
1392 2129
883 995
601 1560
954 4011
564 2241
2285 4973
2009 4133
347 3092
867 4837
1944 3685
1837 4479
1000 2483
2307 4250
2234 4392
2087 4028
2652 2978
362 4996
1651 4427
3896 4701
453 2089
209 3817
3049 4914
731 2705
1909 4325
229 1273
1530 2984
2692 2892
478 2322
352 693
1210 4843
4182 4643
1808 4828
3082 3693
3666 4951
244 2382
2974 3746
2175 4245
2845 3916
1782 2857
493 1539
1003 4027
827 4127
1785 4267
1838 4897
1577 2843
165 3412
2132 4151
1451 1656
2531 4227
207 4459
845 1985
837 2355
