1000
4570 0
2749 0
6141 0
7269 0
9260 0
9762 0
6672 0
5718 0
5613 0
7358 0
3321 0
4610 0
8754 0
2737 0
8307 0
4078 0
3060 0
4018 0
7131 0
6761 0
7807 0
7458 0
6290 0
9532 0
8328 0
9838 0
2731 0
9781 0
6284 0
7344 0
8564 0
4778 0
3675 0
4653 0
4587 0
4823 0
9379 0
4182 0
2347 0
6436 0
4581 0
4653 0
6118 0
7470 0
9607 0
7520 0
8494 0
8020 0
6947 0
4858 0
3034 0
4413 0
6079 0
2381 0
4773 0
4762 0
3799 0
6190 0
8579 0
9015 0
6923 0
5173 0
9745 0
4666 0
8344 0
4737 0
8161 0
7021 0
9498 0
7719 0
9787 0
8983 0
7657 0
4966 0
3289 0
7610 0
9099 0
9530 0
3914 0
8370 0
9911 0
9028 0
6498 0
5173 0
6123 0
9029 0
2380 0
8303 0
5998 0
2889 0
5901 0
3658 0
4230 0
5117 0
9682 0
8922 0
7557 0
6973 0
8220 0
6011 0
5786 0
7527 0
2390 0
8250 0
3817 0
4057 0
4670 0
2197 0
7954 0
7658 0
5381 0
9858 0
3354 0
8615 0
4741 0
4461 0
7061 0
5081 0
8356 0
8317 0
5744 0
3374 0
4939 0
5956 0
6410 0
6668 0
8163 0
6387 0
6294 0
4794 0
6758 0
2544 0
9516 0
7325 0
7279 0
6682 0
6415 0
9249 0
2640 0
5540 0
6755 0
3522 0
8903 0
9654 0
2883 0
8131 0
2384 0
5333 0
4725 0
3382 0
4473 0
3022 0
5144 0
2681 0
3482 0
2303 0
4150 0
3782 0
2023 0
9377 0
8987 0
6277 0
5043 0
6112 0
7946 0
5990 0
5636 0
4480 0
9301 0
8998 0
6471 0
5421 0
4107 0
8567 0
7364 0
8885 0
4343 0
4711 0
2782 0
7254 0
2369 0
5809 0
5321 0
9785 0
8797 0
4526 0
8417 0
2708 0
9119 0
3741 0
7283 0
4594 0
9127 0
2362 0
6641 0
5357 0
5852 0
7686 0
5944 0
4582 0
2094 0
6494 0
8092 0
2702 0
8467 0
3702 0
4119 0
7940 0
4002 0
9348 0
5761 0
7157 0
8028 0
6665 0
5499 0
2991 0
4136 0
8421 0
6690 0
7548 0
4118 0
8558 0
5193 0
9819 0
5033 0
2099 0
6860 0
8770 0
7720 0
3520 0
6129 0
4423 0
8610 0
9295 0
3249 0
2219 0
3617 0
7464 0
8490 0
5547 0
6895 0
9157 0
9759 0
8773 0
6539 0
9596 0
9712 0
8697 0
6944 0
2816 0
9681 0
7596 0
8884 0
2908 0
8184 0
8383 0
5767 0
2928 0
4593 0
7668 0
8594 0
8733 0
8615 0
2478 0
8448 0
2980 0
8082 0
6950 0
7807 0
8719 0
9166 0
5640 0
3322 0
2668 0
6375 0
4254 0
6213 0
6056 0
5778 0
8067 0
8008 0
8287 0
6969 0
5339 0
9561 0
8590 0
9722 0
5420 0
7219 0
3988 0
8568 0
9448 0
5574 0
7421 0
4279 0
7587 0
9729 0
8855 0
3097 0
3473 0
6540 0
7886 0
9520 0
4002 0
5505 0
8153 0
3319 0
4069 0
4168 0
7285 0
4539 0
5582 0
8946 0
6733 0
9522 0
5564 0
3815 0
9523 0
6074 0
9907 0
6333 0
2462 0
2009 0
9132 0
9981 0
8789 0
9320 0
7064 0
4999 0
5668 0
8556 0
6695 0
3026 0
2702 0
8819 0
6692 0
4399 0
8987 0
7780 0
7182 0
2319 0
5833 0
6679 0
2044 0
7181 0
8629 0
2280 0
3242 0
5612 0
7271 0
5975 0
2476 0
9504 0
8950 0
5696 0
7184 0
8171 0
2929 0
7025 0
9578 0
6276 0
7368 0
7263 0
7875 0
6284 0
2509 0
5346 0
4253 0
2658 0
8031 0
6187 0
3519 0
6019 0
6603 0
4447 0
4347 0
6070 0
6285 0
2147 0
4679 0
5653 0
3100 0
8206 0
5014 0
7117 0
5870 0
3438 0
5611 0
3005 0
4140 0
6451 0
6825 0
3266 0
4895 0
6759 0
5914 0
8906 0
3082 0
9436 0
9700 0
7764 0
3058 0
8383 0
4705 0
9356 0
3440 0
6287 0
4039 0
6195 0
9161 0
9394 0
5955 0
3458 0
6564 0
7071 0
8042 0
6255 0
4897 0
5946 0
2349 0
3979 0
9775 0
6001 0
9978 0
8728 0
7996 0
4933 0
5938 0
6467 0
5974 0
6401 0
4288 0
5304 0
7201 0
8206 0
3089 0
3118 0
9232 0
8377 0
8662 0
5808 0
5192 0
8462 0
4644 0
3120 0
2628 0
5790 0
7875 0
5555 0
7431 0
9120 0
3926 0
2009 0
6610 0
9923 0
4916 0
2993 0
7075 0
7022 0
5155 0
6609 0
6409 0
9377 0
3064 0
4407 0
6437 0
8476 0
7051 0
9397 0
7562 0
5067 0
9871 0
6430 0
4158 0
6176 0
8812 0
8695 0
9318 0
9792 0
5565 0
4226 0
8092 0
2731 0
4406 0
4869 0
4762 0
5698 0
6234 0
5650 0
3075 0
2029 0
2000 0
7762 0
9698 0
6072 0
4202 0
7338 0
2099 0
2381 0
4586 0
108 0
485 1 501
30 1 502
293 1 503
202 1 504
636 1 505
671 1 506
663 1 507
660 1 508
488 1 509
240 1 510
203 1 511
902 1 512
407 1 513
941 1 514
578 1 515
912 1 516
641 1 517
44 1 518
506 1 519
547 1 520
424 1 521
569 1 522
819 1 523
692 1 524
773 1 525
177 1 526
15 1 527
156 1 528
554 1 529
161 1 530
147 1 531
86 1 532
25 1 533
441 1 534
681 1 535
605 1 536
957 1 537
235 1 538
912 1 539
710 1 540
700 1 541
438 1 542
315 1 543
317 1 544
575 1 545
590 1 546
959 1 547
966 1 548
542 1 549
454 1 550
442 1 551
615 1 552
976 1 553
249 1 554
530 1 555
344 1 556
88 1 557
516 1 558
293 1 559
510 1 560
142 1 561
614 1 562
490 1 563
140 1 564
418 1 565
193 1 566
716 1 567
327 1 568
211 1 569
380 1 570
394 1 571
107 1 572
103 1 573
430 1 574
623 1 575
595 1 576
963 1 577
487 1 578
590 1 579
715 1 580
411 1 581
523 1 582
419 1 583
35 1 584
811 1 585
652 1 586
852 1 587
646 1 588
831 1 589
394 1 590
780 1 591
327 1 592
377 1 593
999 1 594
751 1 595
92 1 596
839 1 597
486 1 598
17 1 599
583 1 600
327 1 601
929 1 602
317 1 603
234 1 604
373 1 605
882 1 606
255 1 607
80 1 608
962 1 609
668 1 610
383 1 611
3 1 612
893 1 613
812 1 614
588 1 615
870 1 616
245 1 617
822 1 618
333 1 619
848 1 620
55 1 621
262 1 622
428 1 623
340 1 624
327 1 625
904 1 626
920 1 627
789 1 628
948 1 629
266 1 630
259 1 631
668 1 632
378 1 633
27 1 634
229 1 635
454 1 636
594 1 637
369 1 638
111 1 639
366 1 640
484 1 641
846 1 642
810 1 643
161 1 644
867 1 645
862 1 646
162 1 647
809 1 648
646 1 649
418 1 650
534 1 651
364 1 652
331 1 653
679 1 654
3 1 655
714 1 656
480 1 657
848 1 658
713 1 659
927 1 660
493 1 661
215 1 662
271 1 663
21 1 664
23 1 665
465 1 666
603 1 667
775 1 668
865 1 669
965 1 670
566 1 671
539 1 672
174 1 673
801 1 674
483 1 675
433 1 676
827 1 677
543 1 678
756 1 679
992 1 680
693 1 681
827 1 682
142 1 683
851 1 684
697 1 685
591 1 686
85 1 687
857 1 688
340 1 689
757 1 690
724 1 691
695 1 692
602 1 693
94 1 694
739 1 695
437 1 696
704 1 697
190 1 698
583 1 699
973 1 700
723 1 701
827 1 702
894 1 703
190 1 704
500 1 705
569 1 706
18 1 707
474 1 708
217 1 709
21 1 710
568 1 711
233 1 712
637 1 713
688 1 714
479 1 715
999 1 716
677 1 717
842 1 718
47 1 719
264 1 720
139 1 721
490 1 722
119 1 723
762 1 724
277 1 725
958 1 726
1000 1 727
922 1 728
102 1 729
487 1 730
390 1 731
675 1 732
876 1 733
259 1 734
918 1 735
701 1 736
223 1 737
942 1 738
685 1 739
443 1 740
193 1 741
841 1 742
914 1 743
131 1 744
68 1 745
357 1 746
925 1 747
531 1 748
859 1 749
423 1 750
498 1 751
865 1 752
181 1 753
925 1 754
371 1 755
92 1 756
567 1 757
726 1 758
436 1 759
699 1 760
339 1 761
337 1 762
891 1 763
900 1 764
764 1 765
770 1 766
383 1 767
295 1 768
742 1 769
753 1 770
341 1 771
169 1 772
342 1 773
623 1 774
606 1 775
588 1 776
686 1 777
787 1 778
754 1 779
906 1 780
552 1 781
956 1 782
709 1 783
404 1 784
321 1 785
88 1 786
520 1 787
88 1 788
936 1 789
628 1 790
965 1 791
847 1 792
440 1 793
454 1 794
822 1 795
548 1 796
420 1 797
618 1 798
548 1 799
360 1 800
822 1 801
474 1 802
151 1 803
899 1 804
829 1 805
863 1 806
684 1 807
209 1 808
572 1 809
339 1 810
878 1 811
230 1 812
995 1 813
929 1 814
500 1 815
333 1 816
64 1 817
832 1 818
474 1 819
575 1 820
328 1 821
997 1 822
133 1 823
96 1 824
545 1 825
491 1 826
175 1 827
360 1 828
166 1 829
343 1 830
504 1 831
537 1 832
198 1 833
611 1 834
592 1 835
135 1 836
492 1 837
360 1 838
989 1 839
105 1 840
473 1 841
18 1 842
2 1 843
877 1 844
644 1 845
152 1 846
110 1 847
724 1 848
802 1 849
573 1 850
845 1 851
106 1 852
418 1 853
938 1 854
299 1 855
258 1 856
379 1 857
931 1 858
250 1 859
822 1 860
609 1 861
787 1 862
716 1 863
86 1 864
560 1 865
397 1 866
246 1 867
42 1 868
383 1 869
744 1 870
87 1 871
583 1 872
577 1 873
633 1 874
686 1 875
311 1 876
21 1 877
965 1 878
535 1 879
706 1 880
670 1 881
573 1 882
817 1 883
109 1 884
553 1 885
357 1 886
420 1 887
808 1 888
470 1 889
143 1 890
855 1 891
533 1 892
467 1 893
108 1 894
280 1 895
16 1 896
416 1 897
290 1 898
870 1 899
953 1 900
234 1 901
629 1 902
39 1 903
239 1 904
300 1 905
385 1 906
821 1 907
622 1 908
625 1 909
674 1 910
836 1 911
914 1 912
539 1 913
272 1 914
556 1 915
362 1 916
889 1 917
850 1 918
936 1 919
107 1 920
627 1 921
123 1 922
177 1 923
532 1 924
699 1 925
272 1 926
412 1 927
481 1 928
334 1 929
770 1 930
260 1 931
441 1 932
388 1 933
869 1 934
521 1 935
941 1 936
581 1 937
379 1 938
16 1 939
264 1 940
419 1 941
737 1 942
928 1 943
464 1 944
632 1 945
174 1 946
643 1 947
297 1 948
220 1 949
960 1 950
243 1 951
770 1 952
169 1 953
408 1 954
811 1 955
73 1 956
462 1 957
541 1 958
654 1 959
956 1 960
63 1 961
937 1 962
399 1 963
479 1 964
646 1 965
435 1 966
791 1 967
202 1 968
170 1 969
566 1 970
388 1 971
502 1 972
376 1 973
178 1 974
331 1 975
946 1 976
279 1 977
785 1 978
57 1 979
641 1 980
991 1 981
291 1 982
278 1 983
679 1 984
408 1 985
661 1 986
442 1 987
368 1 988
376 1 989
448 1 990
305 1 991
670 1 992
32 1 993
408 1 994
379 1 995
190 1 996
580 1 997
397 1 998
2 1 999
