9
29
44
50
56
59
62
93
113
118
131
144
148
181
212
214
240
287
290
326
332
350
362
368
371
376
377
378
380
400
402
418
447
448
457
483
486
500
501
502
512
514
517
522
545
556
574
577
579
594
606
619
648
684
692
694
709
717
740
745
750
780
820
837
857
864
865
870
872
883
885
905
936
952
959
960
961
969
977
981
986
997
999
1018
1026
1039
1054
1068
1084
1088
1089
1090
1093
1095
1124
1132
1145
1185
1198
1199
1207
1210
1224
1226
1227
1236
1247
1254
1256
1265
1272
1277
1289
1299
1310
1316
1324
1332
1347
1353
1357
1373
1389
1398
1443
1452
1461
1490
1494
1499
1504
1517
1522
1533
1543
1553
1557
1575
1580
1590
1592
1606
1607
1610
1614
1618
1635
1636
1637
1658
1675
1678
1694
1696
1706
1749
1756
1760
1763
1770
1778
1780
1784
1789
1806
1808
1826
1841
1845
1857
1862
1863
1869
1887
1917
1929
1930
1944
1947
1950
1965
1979
1987
1988
1996
2003
2016
2039
2045
2050
2053
2071
2073
2085
2087
2091
2096
2100
2102
2113
2115
2123
2154
2169
2170
2184
2185
2188
2192
2197
2201
2202
2214
2218
2235
2256
2275
2283
2315
2323
2338
2349
2355
2366
2373
2376
2392
2399
2420
2428
2436
2494
2499
2506
2507
2518
2534
2543
2546
2560
2573
2574
2602
2609
2624
2628
2645
2654
2664
2679
2685
2696
2700
2701
2709
2720
2726
2743
2744
2745
2747
2749
2765
2772
2779
2780
2781
2785
2815
2822
2831
2832
2842
2846
2851
2857
2866
2873
2877
2878
2889
2900
2915
2918
2920
2925
2932
2933
2938
2941
2946
2961
2964
2991
2992
3003
3009
3010
3021
3025
3032
3035
3042
3043
3047
3080
3082
3087
3128
3133
3149
3165
3173
3219
3227
3235
3246
3248
3261
3273
3282
3292
3316
3319
3325
3342
3348
3357
3358
3359
3385
3409
3411
3412
3414
3416
3427
3429
3431
3441
3446
3450
3453
3469
3502
3514
3536
3538
3539
3543
3577
3581
3587
3595
3599
3600
3605
3624
3629
3633
3639
3644
3645
3664
3719
3734
3739
3745
3748
3754
3755
3761
3791
3804
3827
3829
3835
3855
3911
3918
3921
3922
3933
3947
3949
3957
3964
3966
3968
3973
3987
4004
4033
4042
4045
4047
4057
4066
4072
4073
4084
4095
4098
4103
4104
4106
4119
4124
4170
4190
4192
4200
4216
4228
4238
4274
4281
4316
4319
4325
4333
4351
4362
4369
4371
4381
4388
4398
4400
4409
4415
4416
4424
4435
4438
4452
4466
4467
4498
4509
4514
4518
4540
4545
4547
4565
4567
4577
4597
4602
4608
4634
4640
4649
4655
4660
4665
4666
4679
4683
4698
4720
4727
4737
4745
4747
4766
4772
4804
4807
4808
4809
4826
4831
4841
4868
4879
4880
4884
4891
4916
4933
4936
4989
5024
5050
5073
5075
5081
5083
5084
5086
5111
5112
5114
5120
5122
5151
5166
5179
5180
5196
5200
5205
5223
5225
5233
5236
5239
5248
5258
5260
5269
5279
5303
5328
5335
5344
5349
5352
5356
5361
5383
5389
5391
5396
5397
5415
5440
5445
5460
5474
5502
5504
5507
5520
5552
5555
5557
5558
5559
5587
5602
5620
5630
5635
5638
5643
5647
5662
5667
5685
5686
5693
5696
5707
5714
5726
5731
5736
5768
5771
5776
5783
5785
5786
5790
5800
5804
5822
5846
5852
5869
5884
5889
5896
5901
5906
5934
5940
5952
5962
5966
5984
5999
6000
6006
6010
6020
6022
6024
6028
6048
6068
6092
6100
6107
6108
6112
6113
6131
6133
6153
6196
6199
6224
6229
6245
6260
6266
6278
6279
6283
6285
6292
6293
6295
6299
6307
6316
6318
6332
6347
6366
6371
6383
6402
6410
6416
6423
6427
6436
6454
6456
6458
6471
6475
6476
6478
6484
6502
6512
6515
6528
6540
6552
6589
6602
6622
6623
6633
6645
6646
6667
6694
6708
6709
6722
6725
6730
6731
6737
6738
6740
6743
6749
6754
6771
6785
6793
6819
6823
6827
6856
6859
6861
6866
6880
6885
6901
6904
6907
6913
6916
6918
6922
6929
6941
6951
6957
6971
6978
6993
6997
7006
7011
7022
7046
7050
7051
7055
7116
7120
7129
7135
7173
7185
7192
7207
7223
7239
7242
7243
7248
7269
7272
7280
7288
7293
7296
7332
7334
7336
7371
7380
7382
7385
7398
7400
7401
7413
7421
7424
7433
7446
7456
7459
7515
7526
7528
7540
7541
7555
7567
7574
7581
7586
7587
7599
7610
7617
7620
7625
7635
7640
7645
7650
7654
7660
7678
7694
7697
7700
7702
7703
7704
7718
7722
7732
7742
7757
7768
7773
7784
7787
7807
7811
7819
7849
7851
7870
7875
7888
7894
7895
7911
7921
7931
7933
7939
7941
7965
7976
7984
8009
8023
8047
8052
8061
8065
8069
8100
8105
8108
8124
8134
8153
8157
8163
8168
8169
8173
8186
8226
8233
8240
8271
8282
8289
8309
8314
8326
8337
8342
8345
8346
8351
8356
8357
8360
8361
8362
8366
8391
8404
8409
8433
8451
8461
8473
8477
8488
8505
8509
8528
8540
8547
8554
8556
8570
8577
8605
8624
8632
8673
8685
8686
8725
8727
8741
8749
8767
8769
8771
8777
8781
8793
8814
8822
8833
8837
8849
8852
8865
8878
8893
8897
8899
8914
8916
8927
8928
8929
8936
8970
8984
9006
9016
9022
9030
9032
9037
9038
9050
9053
9059
9063
9074
9079
9094
9096
9106
9115
9124
9130
9155
9158
9178
9179
9183
9226
9236
9243
9264
9282
9294
9296
9313
9316
9317
9318
9338
9364
9374
9390
9403
9409
9426
9427
9433
9441
9443
9451
9462
9472
9493
9495
9502
9513
9517
9525
9539
9542
9545
9550
9558
9568
9587
9610
9627
9628
9636
9640
9644
9645
9648
9658
9704
9707
9722
9724
9744
9746
9748
9757
9804
9805
9807
9809
9811
9820
9845
9860
9868
9875
9902
9909
9914
9927
9943
9951
9958
9959
9987
9992
9997
10001
10010
10023
10024
10025
10040
10045
10054
10059
10067
10070
10072
10074
10090
10124
10127
10135
10173
10185
10188
10196
10201
10207
10221
10225
10256
10258
10280
10283
10286
10291
10301
10306
10331
10343
10346
10353
10368
10376
10384
10385
10404
10411
10438
10443
10449
10454
10480
10485
10487
10494
10519
10566
10585
10600
10604
10622
10628
10636
10648
10667
10670
10673
10676
10682
10687
10695
10715
10737
10744
10748
10760
10761
10766
10773
10794
10815
10817
10818
10826
10835
10849
10873
10877
10878
10881
10888
10903
10914
10923
10924
10934
10946
10976
10977
10998
11000
11006
11009
11017
11021
11026
11030
11039
11044
11053
11056
11075
11081
11089
11099
