22901
23252
25398
25630
25973
26023
26496
26567
26569
26697
26824
26843
26847
26916
27112
27184
27203
27218
27219
27228
27237
27287
27293
27420
27436
27539
27544
27597
27617
27619
27697
27722
27724
27757
27818
27944
27983
27991
27993
28019
28047
28072
28077
28084
28089
28090
28103
28104
28123
28135
28143
28152
28178
28216
28228
28229
28266
28300
28316
28324
28334
28340
28345
28351
28357
28368
28390
28401
28403
28443
28446
28477
28490
28537
28554
28559
28561
28565
28572
28597
28621
28622
28648
28654
28656
28660
28715
28785
28788
28790
28794
28807
28811
28829
28833
28843
28858
28859
28870
28881
28882
28894
28897
28898
28899
28914
28930
28934
28969
28970
28982
28983
28989
28990
29000
29001
29030
29061
29093
29098
29099
29106
29141
29142
29172
29185
29199
29202
29215
29216
29218
29224
29237
29249
29253
29261
29265
29270
29276
29286
29292
29305
29314
29329
29330
29331
29338
29339
29340
29346
29347
29353
29354
29357
29360
29366
29367
29372
29374
29386
29401
29408
29411
29413
29417
29419
29420
29426
29434
29435
29441
29442
29448
29453
29459
29463
29471
29478
29485
29487
29488
29492
29493
29494
29499
29501
29512
29520
29524
29530
29535
29544
29545
29554
29568
29571
29572
29573
29577
29582
29583
29584
29594
29600
29601
29605
29608
29610
29619
29622
29626
29627
29631
29633
29638
29645
29647
29648
29661
29663
29664
29665
29668
29673
29675
29681
29686
29693
29695
29696
29698
29700
29709
29711
29719
29722
29724
29737
29738
29740
29741
29742
29743
29746
29747
29751
29755
29776
29781
29786
29789
29791
29792
29797
29805
29807
29809
29811
29819
29820
29830
29831
29833
29835
29841
29843
29844
29845
29846
29847
29850
29852
29856
29866
29867
29869
29871
29872
29873
29876
29878
29882
29892
29897
29901
29907
29909
29912
29914
29921
29923
29924
29931
29932
29934
29935
29941
29948
29951
29957
29971
29980
29987
29991
29993
29998
29999
