1
9
14
15
16
19
21
23
26
29
30
33
40
54
55
56
63
66
70
72
73
79
85
95
96
98
100
101
113
116
118
119
122
135
137
141
143
148
151
152
153
154
155
156
163
166
167
168
172
179
180
185
190
194
198
199
202
207
208
213
222
225
229
234
238
239
241
244
246
247
248
252
257
261
264
266
267
275
288
291
296
298
310
314
315
316
321
322
323
324
325
326
328
329
331
337
342
344
346
350
352
360
368
371
382
384
389
397
400
408
416
417
418
421
425
437
440
443
453
455
474
478
485
486
487
488
498
504
505
510
513
514
517
529
530
532
536
538
539
543
546
547
550
551
557
560
561
565
576
580
583
585
590
591
594
596
600
604
617
620
621
622
623
625
631
633
637
647
648
651
653
656
658
678
679
683
685
689
693
697
701
704
705
708
722
727
728
733
742
758
759
764
765
768
775
782
784
790
791
801
803
806
810
812
818
838
842
862
865
877
881
883
890
897
898
902
903
906
908
909
912
914
916
925
928
941
942
946
947
950
951
953
955
958
967
970
975
982
990
991
993
994
1007
1009
1010
1012
1017
1021
1024
1026
1028
1033
1040
1050
1051
1058
1062
1069
1081
1082
1086
1092
1093
1096
1098
1105
1110
1113
1120
1123
1124
1125
1127
1128
1129
1131
1136
1139
1143
1145
1150
1151
1157
1158
1160
1163
1167
1173
1178
1181
1197
1202
1207
1209
1215
1223
1224
1227
1231
1235
1239
1240
1242
1246
1251
1252
1258
1270
1275
1276
1292
1295
1296
1299
1301
1307
1311
1312
1313
1316
1319
1322
1323
1325
1326
1328
1331
1337
1339
1346
1348
1350
1357
1366
1376
1378
1382
1387
1391
1398
1399
1405
1407
1415
1423
1431
1434
1441
1444
1446
1447
1454
1455
1459
1461
1465
1466
1473
1476
1477
1478
1479
1493
1500
1503
1504
1510
1511
1515
1523
1525
1527
1529
1530
1537
1540
1542
1545
1552
1555
1559
1562
1565
1579
1581
1583
1584
1586
1592
1593
1601
1605
1608
1609
1611
1613
1615
1618
1623
1625
1631
1632
1641
1642
1643
1647
1653
1654
1656
1659
1662
1663
1666
1673
1683
1690
1692
1693
1694
1697
1698
1700
1701
1703
1706
1709
1715
1718
1720
1721
1723
1726
1730
1732
1733
1737
1742
1744
1745
1754
1765
1766
1767
1773
1776
1779
1781
1784
1785
1786
1787
1789
1793
1795
1801
1810
1812
1816
1822
1826
1827
1829
1831
1847
1852
1853
1859
1865
1866
1868
1871
1874
1876
1880
1886
1887
1888
1902
1904
1914
1916
1918
1925
1927
1936
1937
1938
1943
1944
1948
1953
1955
1957
1963
1976
1979
1982
1984
1993
1994
1995
1997
1999
2000
2005
2010
2011
2013
2015
2020
2022
2031
2034
2035
2037
2042
2043
2045
2046
2052
2053
2054
2063
2068
2072
2073
2077
2081
2086
2092
2098
2099
2106
2113
2114
2118
2119
2120
2123
2126
2130
2132
2133
2135
2136
2139
2149
2152
2156
2157
2161
2162
2167
2179
2181
2182
2186
2187
2190
2195
2196
2200
2203
2204
2206
2210
2213
2224
2232
2234
2242
2247
2249
2255
2256
2257
2258
2260
2261
2262
2263
2266
2267
2268
2279
2280
2283
2287
2288
2291
2293
2297
2301
2302
2305
2315
2317
2323
2331
2332
2334
2335
2336
2339
2344
2345
2346
2349
2350
2351
2352
2356
2357
2358
2359
2366
2372
2377
2378
2391
2394
2396
2398
2403
2414
2423
2424
2425
2428
2431
2438
2442
2446
2451
2454
2458
2463
2464
2468
2471
2476
2483
2489
2492
2494
2497
2498
2499
2505
2511
2515
2522
2524
2530
2532
2543
2545
2546
2550
2553
2555
2557
2558
2563
2564
2567
2569
2572
2580
2585
2587
2588
2589
2590
2592
2593
2596
2602
2610
2612
2614
2617
2618
2623
2629
2635
2639
2646
2647
2653
2654
2663
2666
2671
2674
2676
2678
2680
2681
2682
2686
2692
2693
2699
2704
2705
2710
2713
2716
2719
2720
2722
2726
2731
2733
2741
2742
2748
2749
2756
2762
2771
2772
2773
2780
2783
2784
2787
2788
2790
2791
2797
2798
2799
2802
2803
2806
2807
2809
2823
2825
2831
2836
2841
2843
2849
2853
2864
2865
2868
2869
2870
2872
2875
2878
2881
2882
2883
2885
2891
2892
2894
2895
2897
2899
2902
2904
2908
2909
2911
2912
2914
2918
2919
2920
2922
2927
2933
2934
2935
2936
2942
2943
2944
2949
2956
2965
2967
2972
2973
2977
2979
2983
2997
2998
3005
3009
3014
3017
3020
3022
3023
3027
3034
3040
3046
3051
3067
3068
3073
3076
3080
3085
3086
3089
3091
3092
3097
3099
3102
3103
3105
3110
3113
3114
3115
3116
3117
3120
3121
3124
3130
3140
3141
3142
3144
3149
3150
3151
3155
3159
3160
3165
3166
3170
3176
3186
3188
3189
3198
3211
3212
3214
3219
3221
3228
3237
3242
3246
3247
3248
3254
3256
3260
3261
3264
3265
3268
3270
3281
3284
3289
3299
3306
3311
3312
3314
3320
3322
3323
3325
3326
3332
3335
3337
3338
3339
3345
3348
3354
3362
3369
3370
3377
3380
3383
3400
3407
3410
3414
3423
3427
3436
3443
3444
3448
3458
3463
3465
3477
3482
3485
3486
3491
3494
3496
3499
3500
3501
3503
3508
3509
3513
3515
3516
3523
3529
3543
3546
3549
3551
3553
3555
3557
3565
3569
3570
3574
3575
3576
3579
3580
3582
3585
3586
3587
3591
3600
3604
3612
3616
3621
3623
3632
3660
3661
3663
3664
3675
3676
3681
3683
3687
3689
3693
3699
3700
3702
3706
3712
3715
3720
3722
3726
3728
3730
3733
3747
3749
3754
3758
3759
3760
3761
3764
3766
3768
3769
3776
3791
3792
3804
3807
3809
3813
3825
3828
3830
3833
3839
3840
3849
3850
3852
3855
3858
3860
3861
3863
3871
3875
3887
3890
3891
3894
3896
3899
3900
3905
3906
3916
3918
3921
3922
3934
3935
3936
3941
3949
3953
3957
3961
3963
3968
3969
3978
3980
3982
3983
3985
3989
3996
3998
4000
4002
4004
4005
4007
4008
4009
4010
4011
4017
4022
4023
4032
4033
4034
4037
4045
4047
4051
4054
4060
4069
4080
4086
4101
4104
4105
4108
4112
4113
4116
4118
4124
4125
4130
4136
4141
4142
4143
4145
4149
4151
4154
4161
4165
4167
4168
4171
4179
4187
4190
4200
4203
4207
4209
4226
4230
4231
4232
4233
4238
4241
4251
4252
4253
4258
4265
4266
4267
4268
4270
4272
4280
4281
4284
4288
4289
4292
4293
4304
4305
4306
4309
4315
4318
4325
4334
4344
4346
4349
4355
4361
4362
4366
4368
4369
4375
4376
4379
4380
4383
4386
4388
4402
4403
4404
4420
4421
4425
4426
4443
4445
4447
4458
4459
4461
4466
4471
4473
4474
4481
4483
4484
4487
4488
4495
4498
4502
4511
4512
4514
4522
4524
4529
4530
4531
4535
4540
4557
4558
4561
4572
4573
4575
4578
4584
4589
4590
4591
4593
4594
4599
4600
4606
4609
4620
4621
4633
4634
4638
4644
4648
4649
4655
4679
4681
4682
4687
4688
4689
4691
4692
4695
4697
4699
4701
4706
4715
4742
4743
4747
4753
4755
4757
4758
4759
4765
4774
4777
4780
4783
4785
4790
4792
4796
4798
4801
4803
4805
4806
4811
4821
4824
4828
4837
4845
4851
4856
4859
4862
4875
4879
4881
4883
4886
4893
4900
4901
4902
4911
4912
4913
4916
4918
4921
4928
4930
4935
4937
4939
4940
4941
4947
4954
4957
4971
4977
4980
4982
4984
4989
4996
5003
5004
5010
5011
5012
5014
5017
5018
5019
5021
5022
5023
5029
5030
5032
5033
5034
5040
5042
5048
5049
5056
5063
5064
5072
5081
5085
5094
5095
5098
5105
5107
5114
5121
5123
5129
5130
5132
5137
5145
5149
5153
5156
5166
5171
5177
5183
5184
5185
5189
5191
5198
5203
5205
5206
5214
5220
5233
5235
5237
5238
5239
5240
5241
5242
5244
5247
5252
5253
5263
5267
5269
5272
5275
5278
5287
5292
5294
5295
5299
5304
5305
5311
5312
5313
5317
5327
5330
5332
5333
5337
5341
5347
5355
5356
5361
5362
5363
5366
5370
5375
5380
5385
5389
5395
5397
5400
5401
5403
5406
5408
5409
5416
5428
5429
5433
5435
5439
5440
5441
5442
5451
5455
5456
5457
5459
5460
5461
5470
5471
5474
5477
5488
5495
5497
5500
5501
5506
5507
5510
5519
5520
5522
5535
5536
5545
5547
5548
5550
5562
5564
5565
5569
5578
5587
5597
5600
5612
5614
5619
5624
5625
5627
5631
5638
5642
5645
5646
5652
5653
5655
5658
5665
5666
5668
5672
5678
5679
5681
5682
5688
5690
5695
5696
5697
5700
5701
5707
5710
5714
5717
5718
5726
5727
5732
5733
5742
5745
5747
5750
5751
5753
5754
5770
5771
5773
5781
5790
5791
5792
5796
5798
5806
5807
5812
5821
5824
5826
5830
5833
5841
5842
5844
5848
5853
5854
5855
5858
5862
5867
5871
5892
5893
5895
5900
5908
5910
5912
5918
5922
5923
5925
5927
5930
5934
5939
5944
5951
5952
5956
5959
5960
5964
5967
5971
5972
5976
5984
5995
6000
6002
6006
6015
6020
6024
6027
6045
6049
6055
6057
6063
6066
6067
6068
6069
6072
6075
6081
6083
6090
6097
6099
6100
6101
6105
6110
6114
6115
6117
6119
6120
6121
6125
6129
6130
6131
6140
6141
6147
6148
6152
6154
6156
6158
6159
6160
6161
6162
6165
6166
6167
6170
6172
6175
6179
6184
6185
6189
6207
6209
6210
6214
6218
6219
6223
6224
6230
6231
6232
6234
6238
6244
6247
6251
6252
6253
6259
6267
6269
6273
6277
6278
6280
6282
6285
6286
6288
6290
6294
6299
6302
6305
6309
6311
6312
6315
6317
6320
6325
6327
6332
6338
6341
6347
6349
6351
6358
6365
6369
6370
6384
6388
6395
6398
6401
6403
6408
6410
6416
6418
6420
6424
6425
6428
6429
6432
6450
6454
6461
6471
6473
6480
6481
6484
6488
6490
6491
6500
6501
6508
6513
6519
6523
6528
6530
6532
6533
6536
6543
6548
6571
6574
6576
6582
6585
6586
6587
6591
6593
6596
6605
6607
6610
6614
6620
6625
6628
6631
6633
6638
6639
6652
6655
6657
6667
6668
6669
6673
6676
6679
6686
6687
6691
6693
6701
6705
6709
6716
6718
6721
6723
6726
6734
6736
6740
6741
6747
6748
6749
6754
6757
6758
6765
6766
6770
6778
6781
6786
6788
6789
6791
6797
6803
6808
6809
6811
6812
6820
6828
6830
6831
6834
6840
6842
6845
6850
6854
6862
6865
6868
6875
6876
6881
6889
6893
6901
6902
6909
6910
6913
6914
6917
6919
6930
6934
6938
6940
6942
6946
6950
6955
6959
6963
6968
6974
6978
6979
6984
6987
6989
6996
7003
7004
7008
7015
7016
7017
7021
7022
7028
7038
7039
7041
7043
7046
7050
7051
7052
7053
7060
7062
7065
7067
7068
7071
7076
7087
7089
7093
7096
7097
7101
7106
7114
7115
7127
7131
7141
7152
7153
7156
7160
7164
7169
7170
7171
7177
7184
7185
7188
7193
7203
7204
7206
7207
7208
7214
7216
7219
7222
7223
7224
7225
7227
7228
7232
7235
7244
7246
7248
7249
7251
7252
7253
7256
7257
7260
7262
7264
7276
7284
7287
7288
7289
7290
7296
7297
7303
7305
7313
7317
7319
7321
7323
7328
7329
7330
7332
7343
7350
7352
7353
7354
7357
7363
7367
7369
7370
7375
7382
7384
7385
7388
7390
7392
7397
7400
7405
7406
7408
7417
7420
7425
7437
7439
7440
7444
7445
7450
7453
7456
7472
7474
7475
7476
7478
7482
7486
7488
7490
7493
7501
7504
7505
7508
7512
7518
7519
7524
7526
7527
7533
7535
7537
7542
7548
7549
7550
7552
7557
7569
7570
7573
7574
7576
7578
7585
7589
7590
7594
7598
7602
7604
7611
7615
7617
7620
7621
7622
7623
7630
7636
7640
7641
7644
7646
7647
7649
7651
7653
7659
7667
7670
7676
7678
7683
7688
7693
7696
7698
7700
7706
7707
7709
7710
7714
7716
7725
7730
7731
7739
7740
7742
7744
7745
7750
7759
7765
7766
7771
7774
7779
7784
7785
7788
7789
7792
7794
7800
7802
7804
7810
7811
7819
7820
7824
7826
7828
7831
7837
7838
7844
7845
7846
7847
7851
7853
7858
7859
7865
7867
7874
7884
7890
7892
7901
7902
7903
7909
7919
7920
7922
7926
7927
7931
7933
7934
7939
7942
7947
7957
7959
7970
7972
7975
7980
7981
7982
7984
7987
7989
7991
7992
7994
7995
7996
7998
7999
8002
8004
8005
8008
8009
8013
8018
8019
8020
8021
8023
8033
8036
8043
8045
8047
8048
8049
8055
8057
8067
8070
8072
8076
8077
8078
8081
8082
8093
8100
8101
8104
8105
8109
8110
8111
8114
8115
8119
8123
8127
8129
8134
8135
8141
8142
8144
8148
8153
8157
8161
8166
8169
8171
8179
8181
8183
8188
8189
8197
8212
8214
8216
8217
8220
8231
8232
8241
8242
8251
8252
8255
8257
8260
8264
8269
8270
8272
8276
8277
8278
8282
8298
8299
8302
8309
8311
8313
8321
8323
8325
8334
8336
8337
8338
8340
8344
8352
8354
8364
8367
8374
8377
8381
8382
8385
8388
8389
8391
8396
8398
8400
8404
8407
8418
8424
8426
8432
8434
8435
8439
8440
8442
8445
8455
8456
8457
8464
8465
8468
8472
8474
8475
8476
8481
8486
8487
8490
8494
8495
8501
8503
8504
8510
8511
8512
8514
8516
8524
8525
8526
8528
8529
8536
8537
8547
8551
8559
8560
8563
8564
8565
8567
8568
8570
8571
8572
8574
8576
8577
8579
8590
8591
8593
8594
8600
8604
8613
8615
8616
8619
8620
8624
8626
8634
8635
8636
8638
8641
8644
8646
8654
8667
8668
8673
8679
8681
8682
8683
8684
8685
8688
8693
8694
8695
8708
8712
8713
8717
8718
8723
8724
8727
8728
8729
8732
8738
8743
8747
8756
8757
8769
8771
8772
8773
8777
8778
8784
8793
8796
8797
8798
8800
8803
8804
8816
8826
8829
8833
8838
8847
8848
8852
8854
8858
8860
8864
8870
8883
8890
8891
8897
8909
8916
8918
8927
8929
8931
8932
8934
8937
8941
8947
8954
8956
8967
8976
8977
8980
8983
8984
8986
8987
8988
8991
8997
9002
9003
9004
9010
9014
9017
9023
9025
9026
9029
9034
9043
9046
9047
9049
9055
9056
9057
9062
9074
9076
9077
9081
9085
9092
9093
9094
9098
9099
9102
9103
9106
9110
9113
9128
9132
9146
9148
9149
9154
9156
9165
9170
9172
9176
9178
9186
9193
9195
9197
9198
9199
9202
9203
9206
9225
9227
9229
9230
9231
9233
9236
9240
9242
9250
9251
9256
9257
9258
9259
9267
9268
9272
9273
9278
9279
9296
9298
9301
9308
9311
9316
9321
9322
9325
9328
9331
9341
9342
9345
9347
9349
9350
9352
9353
9354
9357
9359
9364
9366
9369
9370
9371
9372
9374
9378
9385
9388
9393
9394
9395
9397
9400
9402
9404
9409
9414
9415
9416
9420
9425
9430
9431
9435
9440
9443
9444
9446
9454
9456
9458
9461
9465
9473
9477
9484
9488
9490
9492
9494
9495
9498
9500
9507
9514
9515
9516
9520
9533
9537
9538
9540
9541
9542
9549
9550
9552
9559
9562
9573
9576
9577
9582
9590
9592
9597
9598
9607
9608
9612
9613
9614
9617
9618
9622
9626
9629
9630
9632
9633
9638
9640
9642
9644
9649
9655
9660
9666
9670
9671
9672
9676
9677
9681
9682
9685
9688
9690
9692
9694
9697
9699
9700
9709
9712
9719
9724
9725
9729
9734
9740
9741
9746
9753
9758
9760
9763
9764
9767
9769
9770
9779
9784
9785
9788
9796
9797
9798
9803
9808
9809
9810
9812
9813
9816
9817
9820
9821
9824
9827
9833
9834
9848
9856
9859
9865
9870
9873
9879
9885
9888
9889
9892
9894
9895
9896
9898
9908
9915
9919
9925
9926
9927
9935
9937
9941
9942
9952
9958
9961
9962
9963
9965
9966
9969
9976
9978
9979
9983
9987
9993
9996
9997
9998
10003
10008
10015
10017
10020
10021
10024
10026
10027
10033
10038
10041
10043
10045
10048
10049
10050
10051
10054
10059
10066
10069
10071
10077
10079
10082
10087
10091
10101
10102
10110
10111
10112
10116
10117
10118
10123
10127
10131
10134
10135
10140
10141
10143
10144
10145
10149
10158
10162
10166
10170
10172
10178
10179
10180
10189
10191
10192
10193
10196
10198
10200
10201
10203
10204
10212
10227
10231
10234
10237
10248
10249
10255
10266
10267
10271
10275
10277
10281
10285
10288
10289
10291
10292
10297
10304
10308
10313
10318
10320
10332
10334
10348
10350
10351
10355
10362
10368
10369
10371
10376
10377
10378
10388
10393
10394
10399
10403
10404
10409
10410
10411
10414
10415
10419
10421
10422
10428
10433
10434
10445
10448
10452
10462
10465
10470
10474
10477
10478
10479
10486
10491
10492
10493
10494
10495
10496
10498
10499
10500
10518
10519
10526
10528
10533
10535
10539
10543
10544
10546
10547
10552
10557
10559
10564
10565
10567
10569
10571
10580
10581
10582
10584
10585
10587
10588
10595
10597
10606
10617
10618
10622
10623
10625
10632
10636
10640
10643
10645
10656
10657
10659
10666
10683
10684
10687
10691
10692
10694
10696
10701
10703
10705
10707
10710
10717
10718
10721
10722
10724
10726
10728
10729
10730
10731
10742
10746
10748
10752
10754
10756
10760
10761
10764
10765
10766
10768
10776
10778
10779
10783
10784
10788
10791
10803
10816
10817
10820
10825
10826
10831
10835
10840
10842
10847
10851
10852
10855
10862
10865
10871
10872
10873
10875
10877
10878
10879
10881
10882
10885
10889
10891
10892
10901
10904
10906
10911
10913
10914
10916
10921
10925
10926
10929
10930
10931
10932
10934
10942
10947
10948
10954
10957
10966
10967
10970
10971
10974
10976
10980
10985
10986
10992
10996
11002
11006
11008
11009
11010
11015
11022
11023
11027
11031
11032
11033
11035
11040
11043
11045
11049
11052
11056
11058
11061
11063
11064
11065
11066
11069
11071
11080
11088
11091
11093
11098
11099
11107
11125
11127
11131
11149
11150
11155
11156
11166
11168
11169
11171
11172
11173
11179
11184
11188
11189
11194
11197
11199
11207
11210
11218
11219
11220
11229
11234
11240
11241
11242
11245
11246
11251
11252
11265
11266
11270
11276
11278
11279
11280
11286
11288
11290
11295
11299
11302
11304
11306
11307
11309
11315
11323
11339
11351
11352
11354
11361
11375
11381
11386
11389
11393
11397
11407
11417
11420
11427
11431
11432
11436
11441
11450
11451
11459
11460
11462
11465
11468
11470
11475
11476
11478
11484
11486
11489
11491
11496
11499
11501
11503
11514
11516
11521
11524
11546
11548
11552
11555
11556
11558
11561
11566
11568
11572
11573
11575
11577
11580
11582
11583
11585
11588
11598
11599
11605
11606
11613
11620
11622
11626
11630
11633
11637
11638
11641
11642
11649
11650
11654
11658
11667
11670
11677
11689
11690
11691
11694
11700
11705
11706
11707
11718
11719
11721
11722
11725
11730
11735
11738
11744
11747
11753
11758
11766
11767
11768
11771
11774
11777
11778
11784
11785
11789
11790
11793
11798
11806
11808
11811
11817
11821
11827
11830
11831
11835
11836
11838
11840
11841
11842
11846
11855
11858
11859
11864
11870
11871
11872
11873
11879
11882
11893
11894
11901
11906
11907
11911
11914
11918
11925
11929
11933
11938
11939
11940
11943
11944
11945
11946
11949
11960
11961
11963
11964
11965
11974
11992
11997
11998
12002
12007
12016
12018
12026
12034
12036
12038
12041
12042
12043
12048
12050
12052
12053
12060
12065
12066
12070
12078
12082
12087
12093
12094
12099
12104
12113
12116
12117
12120
12121
12132
12133
12135
12138
12139
12140
12145
12146
12148
12152
12154
12156
12157
12164
12170
12171
12173
12175
12181
12184
12197
12202
12206
12217
12220
12221
12229
12232
12240
12241
12247
12249
12252
12254
12256
12261
12262
12264
12270
12273
12276
12283
12285
12299
12306
12311
12312
12313
12323
12329
12330
12331
12333
12336
12342
12343
12344
12348
12355
12362
12363
12367
12372
12374
12376
12380
12382
12383
12384
12387
12389
12390
12391
12396
12398
12401
12407
12409
12416
12423
12426
12432
12435
12436
12439
12440
12448
12452
12465
12466
12468
12473
12475
12478
12480
12483
12484
12490
12491
12501
12502
12503
12505
12506
12509
12512
12513
12525
12529
12531
12539
12541
12547
12550
12551
12556
12561
12565
12566
12571
12575
12582
12583
12584
12586
12596
12600
12606
12607
12610
12614
12615
12618
12621
12624
12627
12640
12643
12644
12646
12651
12656
12657
12663
12665
12672
12682
12683
12686
12689
12694
12699
12701
12702
12703
12710
12711
12715
12718
12719
12720
12731
12736
12738
12748
12749
12763
12764
12765
12770
12774
12782
12785
12788
12789
12791
12794
12797
12804
12805
12806
12814
12815
12816
12819
12821
12824
12828
12830
12833
12837
12840
12847
12852
12863
12867
12868
12871
12876
12882
12883
12889
12893
12896
12898
12900
12903
12915
12916
12919
12925
12926
12927
12929
12934
12935
12937
12940
12941
12943
12951
12952
12955
12958
12960
12961
12962
12968
12969
12971
12972
12974
12980
12985
12987
12989
12990
12992
12999
13001
13007
13011
13012
13015
13018
13019
13021
13022
13027
13032
13037
13039
13040
13048
13051
13054
13056
13061
13064
13067
13070
13077
13082
13088
13090
13095
13096
13105
13108
13110
13111
13114
13117
13121
13122
13127
13128
13132
13138
13147
13155
13159
13160
13161
13162
13166
13170
13171
13174
13175
13176
13183
13184
13185
13188
13198
13199
13200
13211
13220
13222
13223
13224
13228
13233
13234
13238
13243
13244
13246
13255
13257
13258
13273
13278
13280
13288
13289
13292
13294
13302
13308
13317
13321
13323
13325
13327
13328
13329
13352
13353
13361
13365
13366
13370
13371
13374
13377
13379
13383
13385
13386
13388
13394
13396
13400
13405
13406
13408
13415
13416
13418
13420
13423
13424
13426
13432
13433
13436
13438
13441
13442
13443
13447
13448
13449
13455
13456
13457
13459
13463
13464
13468
13470
13475
13477
13485
13494
13499
13502
13503
13505
13509
13512
13524
13531
13536
13537
13542
13543
13544
13545
13548
13553
13555
13556
13557
13584
13589
13591
13593
13594
13597
13605
13606
13607
13609
13610
13614
13615
13621
13625
13629
13631
13636
13641
13644
13649
13652
13659
13660
13662
13665
13667
13669
13671
13672
13685
13694
13696
13700
13701
13706
13712
13714
13724
13727
13728
13730
13733
13734
13736
13743
13745
13747
13749
13751
13755
13759
13760
13762
13764
13766
13768
13772
13775
13783
13785
13789
13792
13796
13800
13805
13806
13810
13812
13813
13818
13819
13820
13821
13824
13825
13827
13832
13836
13840
13845
13848
13850
13853
13868
13869
13873
13874
13875
13879
13883
13888
13889
13890
13891
13893
13901
13903
13904
13912
13917
13921
13923
13929
13936
13943
13947
13949
13950
13951
13955
13959
13960
13966
13978
13980
13985
13991
13995
14004
14009
14014
14015
14018
14020
14022
14024
14037
14040
14041
14048
14052
14053
14058
14059
14064
14067
14072
14073
14077
14082
14085
14089
14094
14095
14096
14099
14105
14106
14107
14111
14112
14115
14116
14123
14131
14132
14140
14142
14144
14145
14148
14155
14162
14163
14172
14175
14178
14179
14188
14191
14198
14201
14206
14208
14216
14218
14219
14224
14225
14226
14231
14246
14248
14253
14254
14260
14264
14266
14269
14276
14277
14278
14284
14288
14293
14299
14300
14304
14306
14307
14316
14321
14326
14329
14332
14333
14339
14342
14343
14344
14352
14354
14357
14358
14359
14362
14366
14367
14369
14374
14386
14391
14393
14398
14400
14408
14418
14419
14421
14423
14426
14431
14432
14438
14446
14447
14451
14455
14458
14460
14463
14465
14466
14468
14475
14476
14480
14482
14483
14493
14494
14495
14496
14498
14502
14504
14506
14510
14514
14515
14517
14519
14520
14523
14526
14528
14530
14532
14534
14538
14545
14546
14551
14554
14556
14557
14558
14560
14568
14573
14574
14581
14586
14593
14595
14597
14601
14607
14615
14620
14624
14627
14629
14632
14648
14650
14655
14657
14663
14664
14667
14672
14673
14675
14677
14681
14682
14683
14690
14692
14693
14697
14698
14713
14714
14717
14719
14720
14721
14726
14727
14728
14729
14731
14733
14734
14735
14738
14739
14741
14744
14752
14763
14771
14773
14779
14780
14785
14788
14789
14798
14804
14808
14810
14815
14828
14831
14833
14840
14841
14848
14860
14863
14873
14876
14879
14881
14882
14884
14886
14887
14890
14892
14904
14905
14906
14909
14916
14918
14921
14929
14933
14934
14935
14937
14938
14941
14942
14944
14950
14956
14961
14962
14963
14968
14974
14986
14993
14996
14999
15002
15004
15012
15017
15026
15030
15031
15041
15044
15048
15051
15053
15054
15064
15066
15073
15074
15080
15088
15095
15097
15099
15102
15106
15108
15116
15118
15121
15125
15129
15133
15141
15143
15144
15145
15146
15149
15155
15157
15159
15167
15168
15171
15172
15173
15175
15176
15182
15185
15187
15188
15193
15196
15203
15205
15210
15212
15213
15214
15216
15224
15231
15235
15243
15248
15253
15256
15258
15261
15262
15271
15273
15274
15281
15285
15290
15293
15297
15300
15301
15303
15318
15319
15320
15321
15327
15328
15336
15337
15343
15354
15356
15360
15361
15365
15370
15377
15378
15381
15385
15386
15389
15392
15393
15397
15400
15406
15407
15412
15418
15424
15428
15431
15433
15436
15441
15443
15444
15453
15454
15455
15459
15461
15462
15463
15465
15467
15468
15471
15477
15479
15485
15488
15492
15494
15498
15502
15503
15515
15534
15537
15544
15546
15552
15553
15555
15556
15561
15565
15575
15579
15580
15582
15584
15590
15593
15595
15598
15610
15616
15622
15635
15638
15640
15641
15648
15649
15654
15659
15660
15661
15663
15665
15666
15678
15686
15687
15689
15690
15693
15694
15697
15705
15706
15714
15715
15716
15720
15721
15724
15733
15735
15738
15746
15749
15760
15762
15772
15773
15775
15778
15779
15780
15782
15784
15785
15788
15793
15795
15796
15801
15808
15809
15810
15813
15821
15822
15826
15830
15832
15833
15843
15847
15849
15850
15852
15854
15860
15864
15870
15882
15884
15890
15893
15895
15896
15905
15908
15909
15910
15911
15919
15921
15922
15927
15930
15933
15934
15938
15939
15942
15944
15945
15946
15950
15953
15954
15955
15969
15970
15974
15977
15978
15979
15984
15989
15992
16000
16007
16009
16010
16011
16013
16015
16020
16022
16023
16024
16025
16030
16036
16037
16039
16042
16043
16044
16058
16059
16066
16069
16070
16081
16082
16084
16086
16091
16094
16097
16101
16102
16106
16112
16122
16126
16130
16132
16133
16135
16138
16140
16142
16147
16148
16151
16157
16161
16163
16168
16176
16183
16188
16190
16191
16194
16199
16201
16203
16205
16213
16216
16217
16218
16225
16237
16240
16241
16243
16246
16252
16254
16258
16260
16265
16270
16272
16275
16276
16278
16279
16280
16282
16295
16299
16302
16305
16310
16311
16312
16315
16320
16322
16328
16332
16333
16343
16344
16345
16352
16355
16358
16359
16361
16363
16365
16366
16367
16368
16372
16374
16381
16382
16384
16389
16393
16399
16401
16402
16403
16405
16406
16409
16410
16417
16418
16419
16432
16434
16435
16436
16442
16445
16448
16455
16456
16460
16465
16466
16468
16470
16471
16474
16481
16482
16491
16493
16494
16498
16502
16507
16519
16527
16529
16530
16532
16542
16549
16554
16557
16559
16567
16572
16574
16583
16593
16596
16597
16599
16604
16605
16607
16608
16613
16615
16618
16621
16622
16631
16633
16642
16643
16649
16656
16667
16673
16674
16676
16679
16681
16687
16689
16693
16694
16695
16697
16701
16704
16711
16713
16718
16719
16721
16728
16737
16742
16743
16746
16748
16750
16762
16769
16773
16777
16782
16784
16785
16787
16789
16791
16799
16800
16803
16812
16816
16819
16822
16823
16829
16839
16842
16847
16849
16850
16851
16852
16853
16864
16865
16866
16867
16878
16882
16883
16894
16897
16899
16900
16904
16908
16912
16916
16932
16937
16940
16943
16944
16946
16949
16959
16961
16963
16964
16967
16969
16972
16973
16975
16977
16979
16982
16986
16988
16997
16998
17005
17006
17009
17010
17019
17022
17031
17035
17037
17040
17041
17043
17047
17050
17051
17054
17060
17061
17065
17068
17072
17074
17076
17079
17080
17085
17089
17090
17091
17093
17095
17096
17102
17104
17105
17106
17111
17112
17116
17118
17119
17121
17126
17133
17136
17141
17144
17151
17164
17166
17171
17175
17177
17179
17185
17189
17192
17196
17199
17203
17219
17225
17228
17229
17230
17231
17232
17236
17239
17244
17248
17251
17252
17253
17254
17259
17270
17271
17272
17280
17282
17286
17288
17289
17292
17302
17304
17306
17307
17309
17313
17316
17317
17320
17323
17327
17328
17329
17330
17336
17338
17340
17350
17351
17357
17359
17360
17361
17365
17373
17377
17385
17393
17394
17396
17398
17403
17405
17406
17415
17419
17420
17431
17443
17444
17452
17455
17457
17462
17466
17468
17470
17479
17490
17497
17501
17505
17506
17507
17511
17513
17521
17527
17529
17531
17532
17533
17537
17539
17540
17543
17544
17551
17557
17561
17569
17575
17579
17585
17595
17598
17601
17606
17609
17610
17613
17617
17618
17620
17625
17629
17630
17632
17637
17643
17654
17659
17660
17661
17664
17669
17670
17678
17679
17682
17687
17695
17698
17701
17703
17705
17707
17709
17713
17717
17719
17722
17724
17731
17735
17736
17737
17742
17743
17745
17750
17751
17760
17768
17771
17772
17774
17778
17781
17789
17791
17792
17793
17794
17801
17802
17804
17808
17809
17810
17813
17818
17821
17824
17825
17829
17832
17834
17835
17836
17844
17858
17863
17864
17867
17870
17871
17873
17874
17877
17878
17883
17884
17885
17886
17889
17893
17894
17897
17898
17899
17901
17902
17903
17904
17905
17906
17909
17910
17914
17915
17919
17921
17926
17928
17936
17938
17941
17942
17944
17945
17947
17952
17953
17954
17960
17964
17966
17967
17978
17981
17982
17987
17989
17992
17998
18002
18009
18011
18013
18017
18024
18025
18026
18032
18033
18036
18042
18057
18060
18062
18064
18072
18077
18080
18081
18087
18089
18094
18096
18100
18104
18110
18115
18118
18119
18126
18130
18131
18139
18141
18144
18148
18152
18153
18155
18157
18163
18170
18173
18174
18175
18181
18183
18185
18187
18195
18198
18202
18213
18215
18218
18220
18221
18231
18232
18236
18237
18243
18253
18258
18260
18266
18268
18270
18274
18275
18278
18286
18291
18294
18299
18301
18303
18313
18314
18317
18319
18322
18323
18325
18326
18327
18335
18342
18349
18356
18359
18362
18366
18369
18377
18378
18379
18382
18384
18385
18386
18387
18389
18390
18396
18397
18399
18404
18410
18415
18416
18421
18426
18431
18432
18433
18439
18443
18447
18452
18456
18465
18467
18469
18471
18472
18475
18479
18485
18486
18503
18505
18507
18514
18516
18531
18536
18538
18541
18546
18552
18554
18555
18560
18564
18569
18575
18580
18583
18585
18589
18592
18598
18604
18610
18613
18614
18615
18616
18617
18624
18632
18637
18647
18648
18652
18653
18654
18659
18664
18666
18667
18671
18673
18674
18675
18677
18682
18685
18686
18688
18691
18693
18695
18704
18717
18718
18721
18727
18728
18733
18739
18740
18744
18747
18749
18751
18752
18753
18757
18759
18763
18772
18777
18778
18782
18783
18788
18793
18799
18806
18811
18817
18819
18823
18827
18829
18833
18836
18839
18840
18841
18854
18859
18862
18864
18867
18871
18875
18879
18880
18881
18883
18885
18888
18891
18900
18903
18904
18909
18912
18913
18915
18918
18924
18929
18930
18931
18934
18941
18942
18953
18956
18958
18960
18961
18963
18969
18975
18976
18979
18984
18991
18992
18994
18998
19000
19002
19007
19010
19011
19013
19029
19043
19046
19047
19049
19051
19054
19055
19057
19060
19066
19072
19073
19076
19077
19083
19089
19095
19096
19098
19100
19113
19119
19128
19129
19135
19142
19147
19154
19156
19159
19161
19167
19168
19171
19176
19177
19183
19189
19192
19197
19201
19204
19205
19210
19212
19219
19224
19225
19227
19229
19253
19258
19260
19263
19264
19271
19273
19274
19278
19279
19281
19287
19288
19291
19293
19294
19295
19307
19308
19309
19317
19319
19322
19326
19328
19329
19330
19331
19338
19341
19342
19344
19351
19354
19357
19358
19359
19361
19379
19380
19384
19386
19389
19391
19392
19395
19398
19401
19407
19418
19419
19427
19428
19429
19438
19440
19444
19448
19450
19457
19461
19462
19466
19468
19472
19473
19476
19478
19481
19485
19490
19497
19499
19503
19504
19505
19506
19507
19508
19509
19510
19511
19514
19515
19517
19518
19519
19522
19524
19525
19529
19533
19538
19539
19544
19549
19552
19555
19558
19563
19564
19565
19571
19572
19573
19576
19578
19581
19583
19584
19588
19590
19593
19602
19606
19608
19614
19615
19632
19633
19644
19648
19653
19662
19666
19669
19674
19680
19681
19682
19692
19695
19696
19710
19717
19727
19728
19729
19730
19731
19733
19741
19742
19743
19750
19759
19760
19763
19774
19776
19779
19781
19786
19787
19790
19791
19797
19809
19811
19812
19820
19822
19824
19825
19827
19831
19833
19836
19844
19845
19848
19853
19862
19863
19864
19865
19868
19871
19872
19884
19885
19887
19890
19891
19892
19895
19899
19906
19908
19910
19911
19918
19923
19924
19925
19928
19929
19934
19935
19937
19938
19940
19944
19945
19947
19950
19969
19970
19972
19976
19982
19987
19988
19992
19993
20002
20008
20009
20018
20019
20026
20034
20039
20042
20053
20056
20060
20062
20064
20071
20076
20084
20090
20094
20097
20102
20110
20117
20118
20124
20128
20134
20137
20139
20140
20144
20147
20148
20149
20150
20152
20158
20159
20164
20169
20171
20176
20181
20188
20189
20196
20198
20205
20206
20212
20224
20230
20232
20236
20237
20240
20242
20244
20246
20252
20258
20261
20263
20267
20275
20279
20280
20282
20286
20288
20289
20294
20295
20297
20300
20302
20304
20309
20317
20319
20321
20323
20341
20342
20344
20345
20347
20352
20353
20364
20368
20376
20380
20382
20383
20388
20390
20392
20394
20399
20404
20411
20413
20415
20425
20426
20428
20436
20437
20441
20446
20451
20456
20460
20462
20463
20465
20467
20469
20470
20471
20475
20484
20487
20489
20498
20500
20505
20511
20512
20514
20531
20546
20547
20550
20556
20559
20568
20571
20574
20575
20578
20580
20586
20588
20590
20594
20599
20605
20610
20612
20613
20616
20618
20619
20621
20622
20629
20630
20631
20636
20640
20647
20650
20654
20659
20662
20666
20672
20680
20681
20685
20689
20690
20691
20692
20694
20699
20700
20705
20710
20711
20714
20718
20720
20721
20723
20727
20728
20730
20733
20734
20748
20757
20760
20761
20764
20766
20768
20770
20772
20775
20778
20781
20785
20786
20789
20794
20796
20798
20801
20805
20810
20813
20814
20822
20828
20831
20833
20836
20839
20843
20845
20846
20847
20851
20852
20855
20856
20857
20864
20874
20877
20880
20881
20882
20884
20887
20888
20889
20897
20898
20900
20901
20902
20913
20914
20915
20922
20923
20924
20926
20934
20936
20939
20948
20955
20961
20963
20968
20973
20979
20984
20986
20996
21001
21006
21016
21018
21019
21022
21023
21027
21028
21033
21034
21037
21038
21040
21041
21045
21050
21052
21057
21062
21064
21066
21069
21073
21077
21080
21085
21092
21094
21096
21098
21099
21101
21102
21103
21104
21112
21117
21120
21124
21131
21135
21139
21141
21146
21150
21151
21161
21173
21176
21179
21181
21182
21192
21196
21200
21204
21207
21208
21209
21217
21219
21232
21233
21236
21238
21240
21246
21253
21256
21258
21259
21263
21273
21276
21283
21287
21290
21291
21294
21295
21298
21301
21309
21315
21323
21326
21329
21336
21337
21345
21346
21347
21348
21350
21358
21360
21364
21365
21369
21377
21379
21380
21387
21395
21397
21399
21400
21401
21406
21408
21410
21418
21421
21422
21431
21434
21444
21447
21449
21451
21453
21455
21458
21460
21463
21464
21471
21476
21478
21481
21483
21489
21490
21491
21493
21496
21497
21501
21505
21513
21514
21515
21523
21524
21525
21531
21532
21536
21539
21542
21546
21554
21557
21560
21562
21563
21564
21565
21568
21576
21579
21583
21584
21585
21590
21597
21598
21604
21605
21606
21607
21610
21617
21619
21620
21621
21622
21628
21631
21634
21636
21645
21646
21653
21654
21655
21658
21663
21664
21666
21667
21669
21673
21674
21679
21680
21684
21689
21690
21695
21700
21706
21707
21709
21710
21713
21721
21724
21725
21730
21735
21737
21742
21750
21757
21760
21763
21764
21765
21767
21773
21777
21778
21780
21781
21785
21803
21809
21818
21821
21831
21832
21834
21840
21843
21848
21849
21850
21852
21854
21856
21857
21861
21862
21869
21875
21876
21877
21881
21883
21889
21899
21908
21910
21919
21920
21924
21930
21942
21947
21948
21949
21952
21955
21961
21971
21972
21973
21976
21977
21978
21990
21992
21995
21997
21998
21999
22001
22002
22013
22014
22030
22036
22038
22039
22043
22044
22052
22059
22060
22061
22063
22069
22071
22083
22092
22094
22098
22105
22112
22114
22116
22117
22119
22121
22126
22132
22139
22144
22146
22150
22158
22159
22162
22164
22171
22177
22182
22185
22187
22189
22193
22198
22199
22205
22206
22210
22213
22216
22218
22219
22222
22223
22225
22234
22235
22238
22239
22243
22247
22253
22255
22256
22257
22258
22273
22277
22278
22279
22292
22297
22300
22307
22311
22319
22321
22322
22325
22326
22335
22338
22341
22342
22343
22349
22352
22355
22357
22366
22369
22377
22386
22390
22391
22393
22396
22402
22403
22404
22405
22406
22421
22422
22423
22427
22428
22430
22432
22433
22437
22439
22440
22442
22446
22448
22451
22453
22455
22466
22468
22473
22477
22483
22489
22493
22494
22504
22507
22508
22509
22513
22517
22519
22521
22524
22525
22526
22534
22537
22547
22552
22558
22560
22561
22562
22570
22577
22582
22586
22587
22590
22604
22607
22610
22620
22637
22638
22639
22642
22646
22648
22649
22650
22651
22654
22656
22664
22665
22669
22672
22673
22677
22684
22690
22691
22696
22697
22704
22712
22714
22717
22720
22724
22725
22730
22737
22745
22746
22749
22753
22760
22761
22762
22763
22766
22783
22787
22789
22792
22797
22800
22810
22814
22816
22817
22819
22822
22829
22830
22832
22840
22851
22852
22853
22854
22856
22866
22879
22882
22885
22889
22890
22892
22898
22900
22902
22904
22905
22906
22912
22920
22924
22933
22939
22940
22941
22943
22944
22946
22948
22949
22960
22962
22968
22979
22981
22983
22987
22988
22993
22995
22996
23000
23001
23017
23018
23019
23025
23028
23029
23030
23034
23035
23037
23042
23045
23047
23051
23052
23054
23073
23075
23077
23078
23081
23083
23086
23088
23089
23090
23092
23093
23095
23096
23103
23105
23107
23110
23111
23112
23120
23125
23126
23129
23134
23138
23139
23141
23142
23143
23145
23148
23153
23156
23157
23159
23160
23162
23163
23165
23169
23180
23183
23189
23197
23199
23201
23203
23204
23210
23217
23219
23221
23222
23227
23243
23259
23262
23266
23269
23275
23276
23278
23281
23282
23283
23293
23304
23306
23307
23308
23311
23312
23316
23317
23318
23319
23325
23333
23335
23337
23338
23339
23345
23351
23353
23354
23356
23362
23370
23373
23375
23376
23380
23387
23388
23391
23392
23394
23395
23400
23401
23405
23407
23420
23422
23425
23431
23433
23436
23443
23444
23446
23447
23452
23460
23461
23463
23467
23473
23479
23482
23490
23492
23494
23504
23512
23513
23519
23525
23526
23528
23530
23531
23534
23538
23544
23545
23550
23553
23555
23564
23565
23571
23579
23582
23584
23586
23588
23590
23595
23596
23602
23603
23609
23612
23615
23620
23626
23627
23636
23640
23642
23644
23651
23653
23654
23658
23662
23678
23683
23684
23686
23687
23693
23694
23699
23710
23721
23723
23726
23729
23734
23739
23744
23747
23748
23750
23751
23752
23764
23766
23767
23768
23774
23775
23781
23784
23790
23794
23795
23800
23810
23814
23818
23822
23823
23833
23836
23839
23841
23851
23854
23855
23859
23860
23863
23866
23882
23885
23887
23888
23898
23904
23910
23913
23915
23931
23932
23933
23936
23943
23949
23955
23957
23963
23966
23978
23980
23992
23998
24000
24002
24012
24014
24019
24023
24026
24027
24041
24042
24052
24063
24064
24068
24070
24072
24074
24076
24077
24079
24081
24084
24086
24089
24095
24098
24102
24111
24112
24118
24131
24142
24143
24149
24158
24163
24165
24167
24168
24174
24177
24183
24185
24188
24193
24202
24203
24206
24213
24214
24215
24219
24222
24223
24224
24232
24233
24234
24242
24243
24245
24253
24254
24260
24261
24264
24273
24274
24275
24280
24281
24290
24291
24293
24301
24312
24314
24315
24316
24321
24322
24323
24325
24327
24328
24329
24330
24348
24349
24352
24353
24355
24357
24370
24372
24379
24381
24389
24391
24394
24400
24402
24405
24407
24412
24416
24420
24422
24429
24433
24434
24441
24443
24445
24449
24450
24451
24453
24455
24459
24462
24464
24465
24467
24468
24470
24477
24483
24484
24487
24496
24498
24506
24507
24511
24515
24517
24525
24527
24528
24535
24537
24538
24539
24541
24546
24549
24550
24551
24556
24562
24576
24577
24584
24586
24588
24595
24596
24598
24599
24605
24606
24609
24612
24613
24618
24621
24624
24628
24632
24638
24640
24647
24649
24650
24656
24658
24662
24666
24670
24671
24676
24677
24687
24688
24690
24698
24703
24706
24708
24709
24711
24714
24715
24716
24721
24722
24723
24735
24740
24745
24747
24748
24755
24756
24763
24775
24776
24782
24783
24784
24785
24799
24801
24802
24804
24806
24814
24815
24817
24819
24821
24830
24835
24836
24842
24845
24850
24854
24855
24856
24861
24870
24878
24880
24885
24888
24889
24906
24911
24921
24923
24925
24931
24938
24939
24941
24944
24948
24954
24961
24967
24969
24974
24988
24991
24992
24997
25012
25017
25018
25022
25028
25035
25037
25039
25040
25046
25048
25050
25055
25057
25064
25069
25074
25078
25081
25082
25090
25091
25092
25095
25096
25099
25104
25105
25108
25119
25120
25128
25129
25130
25132
25137
25148
25149
25153
25156
25163
25170
25173
25176
25182
25184
25191
25193
25196
25197
25203
25209
25212
25213
25214
25217
25219
25225
25231
25232
25233
25234
25236
25238
25250
25252
25254
25258
25259
25260
25266
25270
25271
25283
25293
25295
25306
25312
25317
25318
25320
25324
25330
25333
25339
25343
25347
25356
25367
25368
25370
25372
25380
25388
25393
25397
25400
25406
25416
25417
25420
25422
25423
25428
25429
25433
25437
25438
25441
25446
25451
25452
25455
25457
25458
25460
25461
25471
25472
25474
25484
25488
25492
25497
25502
25503
25511
25514
25521
25524
25535
25541
25542
25544
25548
25555
25558
25559
25562
25567
25571
25572
25576
25582
25583
25584
25586
25587
25588
25589
25599
25602
25603
25611
25615
25630
25631
25632
25636
25642
25645
25656
25666
25671
25673
25677
25680
25687
25688
25696
25700
25704
25705
25707
25708
25712
25713
25715
25716
25720
25722
25724
25725
25728
25729
25733
25735
25737
25742
25748
25750
25753
25756
25758
25762
25766
25770
25774
25776
25779
25783
25789
25794
25803
25813
25815
25816
25820
25822
25823
25827
25836
25842
25851
25852
25854
25858
25859
25860
25861
25875
25878
25885
25887
25892
25905
25907
25911
25912
25920
25922
25924
25925
25926
25934
25935
25939
25944
25947
25949
25958
25963
25964
25966
25975
25976
25984
25985
25988
25991
25994
25998
26004
26006
26011
26016
26022
26024
26025
26027
26033
26034
26036
26039
26041
26046
26053
26058
26062
26063
26065
26066
26068
26075
26081
26083
26087
26089
26092
26094
26098
26104
26120
26133
26136
26140
26141
26154
26158
26165
26166
26168
26169
26175
26179
26180
26181
26182
26183
26187
26198
26199
26200
26208
26209
26213
26215
26216
26217
26221
26228
26231
26232
26234
26235
26240
26255
26256
26259
26260
26266
26267
26269
26270
26272
26274
26278
26279
26286
26288
26300
26301
26302
26310
26317
26325
26349
26358
26359
26361
26368
26369
26372
26379
26390
26392
26393
26394
26395
26407
26408
26411
26418
26422
26423
26425
26427
26431
26438
26446
26450
26453
26454
26458
26460
26462
26463
26465
26469
26471
26472
26474
26476
26479
26483
26493
26495
26502
26504
26508
26509
26511
26512
26513
26514
26516
26519
26520
26522
26523
26524
26525
26527
26528
26530
26531
26533
26536
26541
26554
26555
26557
26558
26559
26561
26564
26569
26570
26571
26580
26584
26588
26592
26595
26596
26600
26603
26608
26625
26626
26627
26631
26632
26639
26641
26643
26645
26647
26653
26657
26666
26669
26670
26672
26674
26675
26677
26683
26685
26686
26687
26697
26700
26703
26705
26707
26712
26719
26721
26724
26725
26726
26732
26734
26739
26740
26743
26746
26747
26748
26749
26750
26756
26758
26772
26777
26778
26785
26799
26800
26805
26807
26813
26817
26819
26822
26823
26828
26834
26835
26841
26843
26849
26855
26856
26860
26863
26864
26866
26873
26875
26880
26884
26892
26893
26895
26896
26899
26904
26905
26907
26912
26913
26914
26917
26921
26922
26926
26928
26933
26938
26940
26951
26956
26959
26961
26965
26976
26979
26981
26982
26987
26991
26992
27002
27007
27014
27016
27018
27019
27020
27025
27027
27033
27037
27045
27047
27058
27059
27064
27065
27070
27073
27074
27076
27078
27082
27086
27087
27089
27090
27096
27100
27107
27110
27111
27113
27115
27118
27128
27129
27132
27133
27135
27136
27137
27141
27148
27167
27168
27170
27174
27181
27183
27184
27186
27189
27197
27200
27205
27211
27219
27221
27225
27234
27241
27242
27243
27249
27250
27267
27271
27277
27280
27283
27285
27288
27293
27305
27310
27321
27329
27334
27335
27336
27339
27344
27352
27355
27357
27358
27362
27364
27368
27374
27376
27378
27379
27380
27384
27388
27407
27412
27418
27419
27422
27432
27434
27437
27440
27442
27447
27458
27463
27469
27473
27480
27481
27485
27486
27492
27496
27499
27503
27504
27506
27514
27517
27520
27527
27534
27535
27543
27546
27557
27569
27573
27575
27579
27581
27584
27587
27592
27597
27604
27605
27611
27617
27618
27620
27621
27624
27626
27631
27639
27642
27643
27645
27650
27651
27653
27654
27658
27661
27668
27669
27670
27682
27684
27689
27690
27691
27706
27707
27713
27720
27723
27725
27726
27730
27732
27734
27736
27740
27743
27744
27747
27754
27755
27758
27761
27770
27771
27773
27775
27787
27790
27792
27797
27798
27800
27802
27806
27807
27813
27814
27817
27825
27826
27828
27830
27831
27836
27840
27841
27847
27858
27859
27866
27877
27884
27895
27897
27902
27904
27907
27909
27910
27912
27922
27928
27937
27943
27946
27950
27953
27962
27965
27966
27968
27970
27973
27977
27984
27989
27992
27993
27994
27997
27998
28003
28006
28010
28018
28025
28026
28034
28043
28048
28052
28054
28059
28060
28063
28065
28067
28073
28074
28075
28076
28086
28094
28100
28110
28112
28113
28114
28116
28119
28120
28122
28125
28131
28132
28134
28136
28139
28140
28143
28146
28149
28151
28154
28155
28156
28157
28163
28167
28169
28172
28176
28181
28182
28185
28190
28195
28197
28202
28203
28207
28208
28210
28220
28226
28227
28228
28231
28232
28240
28242
28251
28253
28255
28259
28260
28261
28267
28271
28272
28276
28279
28281
28282
28286
28287
28291
28293
28299
28300
28303
28310
28312
28328
28336
28337
28354
28365
28368
28370
28371
28373
28379
28382
28383
28385
28387
28391
28397
28400
28401
28408
28419
28432
28433
28434
28435
28437
28441
28444
28445
28454
28456
28463
28464
28472
28473
28478
28479
28490
28492
28494
28496
28499
28503
28504
28508
28511
28512
28516
28517
28527
28528
28537
28538
28542
28544
28551
28556
28558
28561
28564
28567
28570
28589
28594
28600
28606
28608
28611
28619
28620
28623
28627
28630
28632
28641
28643
28647
28648
28652
28659
28661
28664
28665
28666
28671
28674
28675
28676
28678
28680
28681
28683
28687
28688
28692
28693
28698
28703
28706
28710
28720
28731
28734
28741
28745
28746
28747
28750
28753
28756
28757
28760
28768
28776
28777
28781
28783
28791
28793
28794
28795
28796
28797
28798
28802
28805
28826
28829
28837
28852
28860
28863
28868
28871
28875
28893
28896
28897
28905
28910
28912
28914
28917
28919
28920
28923
28926
28929
28936
28938
28943
28948
28949
28950
28951
28955
28956
28958
28964
28967
28970
28975
28977
28982
28990
28993
28994
28998
29000
29001
29002
29004
29012
29013
29017
29020
29022
29025
29027
29029
29030
29031
29032
29037
29045
29048
29051
29055
29057
29059
29062
29065
29067
29075
29076
29079
29083
29093
29096
29097
29116
29120
29123
29124
29129
29134
29137
29146
29153
29156
29158
29160
29161
29166
29174
29177
29179
29183
29188
29189
29192
29199
29201
29207
29209
29211
29212
29215
29219
29226
29228
29230
29233
29236
29237
29241
29247
29251
29252
29254
29256
29257
29262
29266
29267
29285
29286
29294
29298
29302
29304
29307
29308
29310
29315
29316
29319
29321
29322
29323
29326
29327
29328
29329
29330
29335
29339
29345
29352
29359
29360
29361
29364
29369
29370
29372
29373
29383
29387
29392
29395
29401
29403
29423
29424
29425
29431
29432
29434
29435
29442
29446
29448
29450
29461
29462
29464
29470
29471
29472
29473
29481
29486
29490
29503
29504
29516
29524
29525
29537
29545
29552
29553
29557
29563
29564
29566
29567
29569
29578
29579
29580
29582
29590
29594
29595
29596
29597
29602
29613
29615
29619
29620
29622
29624
29627
29631
29639
29640
29641
29653
29654
29656
29660
29661
29662
29672
29676
29684
29685
29690
29693
29696
29702
29711
29713
29715
29718
29725
29729
29730
29731
29740
29745
29754
29758
29760
29763
29774
29778
29782
29800
29804
29810
29812
29814
29817
29818
29822
29825
29835
29838
29845
29849
29850
29852
29860
29861
29877
29883
29889
29890
29891
29893
29899
29904
29906
29908
29911
29917
29918
29920
29921
29922
29924
29927
29928
29930
29931
29933
29944
29948
29950
29954
29955
29959
29975
29981
29984
29985
29988
29989
29990
29992
29993
29998
