2
3
5
6
7
13
14
15
16
17
19
22
41
43
44
48
52
54
55
56
57
60
61
62
66
67
69
72
74
76
83
84
85
88
89
93
96
99
101
103
105
106
110
112
113
115
118
119
120
121
122
123
124
125
126
127
128
130
131
132
133
137
138
139
141
143
144
146
147
151
152
153
156
157
163
164
165
166
169
173
174
177
178
179
182
186
187
189
191
192
194
196
200
202
204
205
209
210
211
215
216
218
219
221
222
225
229
230
231
232
233
234
235
238
240
241
243
244
246
248
249
251
254
255
256
258
259
260
261
262
264
268
270
271
272
273
274
275
279
280
281
282
283
284
285
287
288
289
290
291
298
299
300
303
304
305
307
312
313
315
316
317
318
319
320
321
324
325
326
328
337
338
339
342
349
351
352
354
355
356
357
360
363
364
365
367
369
370
372
374
375
376
377
378
379
382
386
387
388
391
392
394
400
401
402
405
407
411
413
414
415
418
419
420
421
422
426
428
430
431
435
436
438
440
441
449
450
451
455
457
458
461
462
465
467
468
472
473
474
477
478
482
485
487
490
491
492
494
495
497
498
499
501
503
504
507
508
511
512
513
514
518
519
520
521
524
526
527
531
532
534
535
536
537
538
539
543
547
550
551
554
558
559
560
563
565
566
569
570
572
574
576
578
581
583
585
586
589
590
593
596
597
598
602
609
610
613
614
615
616
618
620
622
624
626
628
631
632
633
635
639
642
648
649
650
654
655
656
658
661
663
665
666
668
669
670
671
673
675
677
685
688
690
691
693
694
695
696
699
702
703
704
708
709
711
713
714
715
716
724
725
726
730
731
732
734
740
747
748
749
753
754
757
758
760
762
768
773
774
777
778
780
783
785
786
787
788
789
794
795
796
798
800
802
803
805
807
808
809
811
812
816
818
819
822
829
833
837
839
840
841
842
844
846
847
849
852
853
854
855
859
860
863
864
865
868
869
871
874
875
876
877
880
883
884
885
887
888
889
890
891
895
900
901
904
912
914
915
920
923
926
929
934
935
937
938
940
949
952
953
954
955
956
957
962
963
964
965
966
967
968
971
973
976
978
980
986
987
988
994
995
998
1000
1001
1002
1005
1008
1009
1010
1011
1013
1015
1016
1017
1020
1021
1023
1025
1027
1028
1030
1032
1033
1038
1039
1043
1045
1046
1047
1048
1052
1054
1055
1056
1057
1060
1062
1063
1065
1066
1067
1068
1069
1070
1071
1074
1075
1081
1082
1083
1084
1086
1089
1092
1094
1095
1096
1097
1099
1102
1105
1106
1107
1108
1111
1122
1123
1125
1126
1129
1130
1131
1132
1135
1137
1139
1140
1143
1145
1146
1147
1149
1151
1152
1154
1155
1158
1161
1162
1164
1165
1167
1168
1173
1176
1179
1181
1182
1183
1184
1185
1186
1188
1189
1190
1193
1198
1200
1201
1203
1204
1206
1207
1208
1209
1210
1211
1213
1216
1222
1228
1232
1237
1238
1239
1240
1245
1246
1248
1250
1251
1255
1256
1258
1260
1264
1265
1267
1268
1271
1272
1274
1276
1277
1283
1284
1287
1290
1295
1296
1297
1300
1302
1303
1304
1306
1307
1311
1314
1316
1320
1321
1322
1323
1324
1327
1328
1330
1331
1332
1333
1336
1337
1338
1339
1340
1344
1345
1347
1348
1352
1355
1359
1361
1362
1363
1365
1368
1369
1371
1372
1374
1375
1377
1378
1382
1383
1384
1385
1386
1390
1391
1392
1394
1396
1399
1401
1402
1404
1406
1407
1409
1411
1413
1414
1415
1418
1419
1421
1422
1423
1425
1428
1430
1433
1434
1435
1436
1437
1439
1441
1443
1444
1446
1447
1450
1455
1458
1460
1461
1463
1465
1467
1471
1473
1474
1476
1482
1483
1484
1486
1487
1489
1490
1491
1492
1494
1495
1498
1502
1507
1508
1510
1511
1512
1516
1519
1520
1522
1524
1526
1529
1530
1532
1533
1534
1537
1538
1540
1544
1546
1548
1549
1550
1556
1558
1560
1561
1564
1565
1567
1568
1571
1573
1576
1578
1579
1580
1582
1583
1584
1585
1586
1589
1591
1592
1593
1594
1599
1600
1601
1603
1606
1607
1608
1609
1610
1611
1613
1614
1615
1620
1621
1623
1624
1626
1627
1629
1631
1633
1634
1635
1637
1640
1641
1642
1643
1645
1646
1648
1649
1650
1652
1654
1657
1658
1660
1661
1662
1663
1664
1666
1668
1669
1670
1672
1674
1676
1679
1683
1684
1686
1687
1688
1691
1692
1698
1699
1700
1702
1703
1704
1706
1707
1708
1709
1710
1711
1715
1716
1717
1718
1719
1720
1721
1725
1726
1727
1731
1733
1734
1735
1736
1738
1740
1741
1742
1743
1744
1746
1748
1749
1751
1753
1754
1761
1763
1765
1766
1769
1770
1774
1775
1777
1778
1782
1783
1784
1785
1786
1787
1788
1789
1790
1791
1794
1795
1796
1798
1799
1800
1801
1804
1805
1806
1808
1810
1813
1814
1816
1817
1824
1825
1827
1828
1829
1832
1835
1836
1843
1845
1846
1847
1848
1849
1850
1851
1853
1854
1856
1860
1862
1864
1865
1868
1869
1874
1875
1876
1877
1881
1882
1883
1885
1887
1890
1891
1893
1895
1897
1898
1900
1903
1904
1907
1908
1910
1912
1915
1916
1917
1918
1919
1924
1926
1928
1931
1932
1935
1937
1939
1940
1945
1946
1948
1949
1950
1954
1955
1956
1957
1958
1959
1961
1963
1965
1967
1972
1974
1975
1976
1980
1981
1982
1983
1985
1988
1990
1992
1993
1994
1996
1997
2000
2002
2004
2005
2006
2008
2013
2014
2017
2018
2020
2022
2026
2027
2029
2031
2034
2035
2038
2040
2041
2043
2045
2046
2048
2054
2056
2058
2059
2063
2064
2068
2070
2077
2079
2081
2083
2084
2087
2088
2092
2093
2094
2099
2102
2105
2108
2112
2113
2115
2118
2120
2123
2124
2126
2128
2135
2138
2139
2140
2141
2142
2143
2146
2147
2148
2151
2153
2157
2159
2161
2169
2172
2180
2182
2183
2184
2187
2188
2189
2191
2193
2196
2197
2202
2203
2204
2205
2206
2209
2210
2215
2217
2218
2220
2222
2226
2231
2234
2235
2236
2237
2238
2241
2242
2244
2245
2247
2249
2250
2251
2252
2253
2254
2255
2257
2258
2259
2261
2264
2267
2268
2271
2274
2281
2289
2291
2294
2296
2297
2300
2303
2304
2305
2306
2307
2309
2312
2314
2316
2317
2318
2320
2322
2323
2332
2333
2334
2335
2338
2342
2344
2347
2350
2352
2353
2357
2360
2361
2362
2363
2365
2366
2368
2369
2371
2372
2374
2375
2377
2378
2379
2380
2382
2383
2385
2386
2387
2389
2390
2391
2394
2398
2399
2403
2405
2408
2409
2413
2416
2418
2420
2423
2425
2427
2430
2434
2436
2437
2439
2440
2446
2447
2448
2450
2454
2455
2462
2463
2464
2466
2468
2469
2470
2472
2474
2477
2479
2480
2484
2487
2488
2490
2491
2492
2493
2495
2496
2497
2498
2501
2504
2505
2508
2509
2511
2512
2513
2514
2515
2517
2519
2520
2521
2522
2523
2524
2526
2527
2531
2532
2533
2534
2538
2539
2540
2541
2543
2545
2549
2550
2552
2553
2555
2556
2560
2565
2566
2567
2568
2572
2578
2579
2580
2581
2584
2585
2586
2593
2594
2596
2599
2600
2601
2605
2608
2609
2611
2612
2615
2618
2622
2623
2624
2627
2630
2631
2632
2635
2636
2638
2639
2640
2642
2643
2644
2647
2648
2649
2653
2657
2659
2660
2662
2663
2665
2668
2670
2672
2673
2674
2675
2676
2677
2680
2681
2684
2685
2686
2687
2688
2689
2690
2691
2693
2694
2695
2696
2703
2704
2705
2706
2707
2709
2710
2712
2713
2716
2717
2719
2722
2726
2728
2729
2731
2732
2735
2738
2741
2743
2744
2746
2751
2753
2755
2757
2759
2761
2763
2764
2767
2770
2771
2772
2774
2778
2782
2784
2785
2787
2788
2789
2790
2794
2796
2800
2807
2810
2811
2813
2815
2818
2819
2824
2825
2828
2830
2834
2837
2838
2840
2842
2843
2845
2846
2848
2849
2853
2854
2855
2856
2857
2858
2860
2863
2864
2866
2868
2870
2871
2872
2873
2874
2877
2880
2881
2882
2883
2884
2888
2889
2893
2894
2895
2897
2901
2904
2905
2907
2908
2909
2910
2913
2914
2915
2918
2919
2920
2921
2924
2927
2929
2932
2933
2935
2937
2940
2941
2943
2944
2946
2947
2949
2951
2953
2955
2958
2959
2962
2964
2965
2969
2971
2973
2976
2977
2981
2982
2983
2985
2986
2988
2989
2994
2995
2996
2998
3001
3002
3004
3007
3010
3011
3012
3015
3017
3018
3020
3021
3022
3024
3025
3029
3031
3032
3036
3037
3039
3040
3042
3044
3046
3047
3049
3050
3051
3052
3053
3054
3055
3057
3058
3059
3063
3064
3066
3069
3071
3073
3074
3077
3078
3079
3081
3082
3083
3089
3091
3092
3094
3097
3100
3101
3103
3104
3109
3121
3122
3123
3124
3131
3135
3136
3137
3140
3141
3142
3144
3145
3147
3150
3151
3152
3153
3154
3155
3157
3160
3161
3162
3164
3168
3169
3171
3172
3178
3179
3180
3181
3183
3184
3185
3187
3188
3189
3190
3191
3193
3196
3197
3201
3203
3204
3205
3206
3208
3212
3218
3219
3220
3221
3222
3224
3226
3227
3228
3229
3232
3235
3237
3239
3240
3242
3243
3246
3250
3251
3252
3258
3259
3264
3266
3267
3271
3273
3274
3275
3277
3278
3280
3281
3284
3286
3288
3289
3294
3295
3297
3300
3302
3304
3306
3308
3310
3314
3318
3319
3320
3321
3324
3325
3328
3330
3331
3333
3334
3336
3339
3342
3349
3350
3352
3358
3359
3360
3363
3364
3366
3368
3371
3372
3375
3384
3386
3393
3396
3397
3398
3399
3400
3401
3403
3404
3405
3407
3410
3411
3413
3414
3417
3420
3423
3427
3429
3431
3434
3435
3439
3440
3441
3442
3443
3446
3448
3449
3455
3456
3457
3458
3459
3460
3461
3462
3465
3466
3467
3468
3470
3471
3472
3473
3474
3477
3478
3479
3485
3486
3490
3493
3494
3498
3500
3501
3505
3506
3507
3513
3516
3520
3524
3527
3528
3531
3534
3540
3542
3543
3545
3546
3547
3548
3550
3552
3554
3555
3556
3557
3560
3561
3562
3563
3564
3568
3570
3572
3573
3574
3576
3577
3579
3580
3582
3584
3586
3587
3589
3591
3597
3602
3603
3604
3606
3609
3610
3612
3614
3615
3618
3621
3622
3624
3625
3626
3628
3629
3633
3635
3636
3637
3641
3642
3643
3644
3646
3647
3649
3650
3651
3652
3654
3658
3659
3662
3663
3664
3665
3670
3677
3678
3683
3684
3686
3689
3694
3698
3700
3701
3702
3704
3706
3707
3708
3709
3712
3714
3715
3717
3720
3722
3726
3727
3728
3730
3731
3732
3739
3741
3742
3744
3745
3746
3747
3748
3749
3752
3753
3755
3756
3759
3761
3763
3765
3768
3769
3770
3773
3775
3777
3778
3779
3784
3785
3787
3789
3792
3793
3794
3795
3796
3797
3799
3801
3803
3804
3805
3812
3816
3818
3821
3822
3825
3826
3828
3829
3830
3833
3836
3839
3845
3846
3847
3848
3850
3852
3853
3856
3858
3860
3861
3862
3867
3868
3869
3870
3872
3875
3878
3879
3881
3884
3885
3887
3888
3889
3890
3894
3898
3899
3901
3903
3904
3907
3908
3909
3910
3913
3914
3922
3924
3925
3927
3931
3935
3936
3938
3939
3940
3941
3942
3946
3951
3952
3953
3955
3956
3958
3959
3960
3961
3964
3967
3968
3969
3970
3971
3972
3974
3977
3978
3980
3981
3982
3985
3988
3990
3991
3995
3996
3997
3998
3999
4001
4002
4004
4006
4009
4010
4011
4012
4014
4015
4016
4020
4021
4024
4025
4028
4030
4032
4034
4035
4039
4040
4045
4047
4049
4051
4056
4057
4061
4063
4064
4067
4068
4069
4071
4072
4073
4074
4076
4077
4078
4080
4082
4083
4087
4088
4089
4090
4095
4096
4097
4098
4099
4101
4102
4104
4106
4114
4117
4118
4119
4121
4123
4125
4126
4127
4129
4133
4134
4136
4138
4139
4142
4144
4146
4148
4149
4150
4151
4152
4154
4155
4156
4158
4160
4161
4162
4164
4166
4170
4171
4172
4173
4176
4177
4179
4183
4184
4185
4187
4191
4193
4194
4195
4196
4197
4199
4204
4205
4206
4208
4209
4210
4213
4214
4220
4221
4225
4228
4229
4230
4231
4234
4237
4238
4239
4242
4245
4247
4252
4253
4254
4255
4258
4261
4262
4264
4265
4266
4268
4270
4271
4272
4275
4276
4277
4278
4281
4284
4285
4286
4287
4288
4289
4293
4295
4297
4299
4300
4305
4308
4310
4312
4314
4317
4320
4322
4324
4328
4329
4330
4331
4332
4338
4340
4342
4343
4344
4346
4349
4350
4352
4353
4354
4355
4356
4357
4360
4362
4363
4364
4365
4366
4371
4373
4374
4376
4379
4381
4384
4385
4386
4387
4389
4390
4394
4396
4397
4399
4401
4404
4408
4411
4412
4413
4417
4418
4421
4424
4426
4428
4430
4432
4433
4434
4435
4436
4437
4440
4442
4443
4444
4445
4447
4450
4451
4454
4456
4457
4458
4460
4462
4463
4466
4467
4468
4469
4471
4472
4474
4476
4478
4482
4486
4489
4495
4496
4497
4499
4500
4506
4507
4513
4514
4517
4523
4525
4526
4527
4528
4531
4532
4534
4535
4536
4539
4540
4544
4545
4547
4548
4550
4554
4563
4565
4567
4568
4569
4570
4573
4574
4575
4576
4578
4582
4584
4585
4586
4588
4589
4590
4592
4593
4595
4596
4598
4602
4605
4606
4607
4608
4610
4611
4612
4613
4617
4622
4623
4627
4630
4631
4632
4637
4641
4648
4649
4650
4654
4656
4658
4659
4660
4661
4663
4669
4672
4675
4677
4678
4680
4682
4685
4686
4687
4689
4690
4691
4693
4694
4698
4701
4702
4703
4706
4707
4709
4714
4715
4716
4717
4720
4723
4725
4726
4729
4731
4732
4734
4739
4741
4742
4743
4744
4745
4751
4752
4753
4754
4758
4763
4765
4766
4768
4769
4770
4771
4776
4777
4778
4783
4784
4785
4786
4787
4790
4792
4793
4796
4801
4803
4804
4806
4809
4810
4811
4813
4815
4816
4817
4819
4821
4822
4824
4826
4828
4831
4832
4833
4836
4837
4838
4841
4842
4844
4845
4846
4847
4848
4850
4851
4854
4855
4857
4858
4861
4862
4863
4864
4865
4867
4869
4871
4872
4873
4874
4876
4877
4878
4879
4880
4881
4882
4884
4885
4887
4889
4891
4893
4894
4895
4898
4900
4901
4902
4909
4910
4911
4912
4913
4914
4917
4918
4919
4920
4922
4923
4924
4925
4926
4927
4928
4930
4931
4932
4933
4939
4940
4943
4944
4945
4948
4950
4951
4952
4954
4956
4959
4961
4964
4968
4969
4970
4972
4973
4974
4975
4976
4977
4980
4981
4982
4984
4987
4989
4991
4992
4995
4996
5000
5001
5002
5005
5007
5008
5010
5011
5015
5017
5018
5019
5020
5022
5024
5025
5027
5029
5030
5033
5034
5035
5037
5038
5041
5044
5047
5049
5050
5051
5053
5055
5058
5059
5064
5065
5067
5068
5070
5071
5072
5074
5080
5081
5084
5085
5088
5089
5090
5091
5092
5096
5098
5101
5108
5115
5117
5118
5119
5121
5127
5130
5133
5135
5139
5144
5147
5148
5149
5150
5151
5152
5154
5156
5157
5159
5162
5164
5165
5166
5167
5168
5174
5178
5185
5186
5193
5194
5196
5198
5202
5205
5206
5208
5209
5211
5212
5214
5215
5216
5217
5218
5220
5221
5222
5223
5228
5229
5230
5232
5233
5236
5240
5241
5244
5246
5247
5248
5249
5258
5261
5265
5266
5268
5269
5270
5272
5275
5276
5277
5278
5279
5280
5281
5282
5283
5284
5290
5292
5293
5296
5297
5298
5300
5302
5303
5304
5305
5306
5307
5308
5309
5310
5311
5314
5315
5319
5320
5322
5323
5327
5328
5329
5333
5335
5336
5337
5339
5341
5344
5345
5346
5349
5351
5352
5353
5355
5356
5357
5359
5360
5366
5367
5368
5369
5371
5372
5374
5375
5376
5379
5384
5387
5388
5389
5390
5393
5398
5400
5401
5403
5404
5405
5409
5410
5412
5413
5416
5417
5418
5420
5421
5422
5423
5424
5425
5429
5431
5434
5439
5440
5441
5442
5443
5447
5448
5450
5454
5455
5456
5457
5461
5462
5464
5467
5468
5473
5474
5475
5477
5479
5480
5483
5485
5486
5489
5491
5496
5497
5498
5501
5503
5508
5509
5510
5512
5513
5517
5518
5520
5521
5524
5526
5528
5529
5535
5536
5539
5541
5542
5545
5546
5548
5549
5550
5552
5553
5558
5559
5560
5561
5562
5563
5564
5565
5568
5572
5573
5575
5576
5579
5580
5584
5591
5592
5593
5596
5597
5602
5603
5604
5607
5608
5609
5610
5612
5613
5614
5616
5617
5618
5621
5622
5623
5624
5625
5628
5629
5630
5632
5633
5634
5635
5636
5637
5640
5641
5643
5644
5645
5646
5647
5652
5653
5654
5657
5658
5659
5660
5662
5663
5664
5665
5666
5669
5670
5671
5672
5673
5675
5676
5680
5681
5682
5684
5686
5687
5688
5689
5690
5691
5697
5698
5701
5703
5704
5705
5706
5707
5708
5719
5721
5724
5725
5726
5728
5732
5734
5737
5738
5741
5745
5748
5749
5750
5753
5756
5758
5759
5760
5762
5763
5764
5766
5769
5771
5772
5774
5777
5778
5780
5781
5782
5788
5790
5793
5794
5795
5796
5797
5799
5802
5804
5805
5807
5808
5812
5813
5814
5818
5825
5828
5832
5833
5837
5838
5839
5841
5843
5844
5848
5851
5853
5854
5856
5857
5859
5860
5861
5862
5867
5868
5869
5870
5872
5874
5875
5876
5878
5879
5884
5885
5889
5890
5891
5893
5895
5897
5899
5900
5901
5902
5904
5908
5910
5911
5912
5913
5916
5919
5920
5922
5923
5924
5925
5927
5928
5930
5931
5938
5939
5940
5941
5943
5946
5947
5948
5950
5952
5957
5960
5961
5962
5964
5966
5967
5968
5969
5970
5971
5972
5975
5976
5981
5982
5984
5988
5990
5997
5998
5999
6000
6002
6004
6005
6007
6011
6013
6014
6015
6016
6018
6019
6021
6022
6023
6025
6026
6028
6031
6035
6036
6041
6043
6045
6048
6051
6052
6054
6055
6057
6058
6060
6064
6065
6069
6070
6071
6074
6077
6078
6080
6081
6082
6083
6089
6091
6096
6097
6101
6102
6105
6108
6117
6124
6125
6127
6128
6130
6134
6137
6138
6140
6141
6142
6146
6147
6151
6152
6153
6154
6157
6162
6163
6165
6166
6167
6168
6171
6172
6173
6174
6175
6176
6177
6178
6179
6180
6181
6182
6183
6185
6186
6187
6189
6191
6192
6195
6197
6198
6203
6207
6208
6209
6210
6214
6215
6219
6220
6222
6227
6228
6230
6231
6232
6234
6235
6240
6242
6244
6248
6249
6252
6253
6261
6262
6263
6264
6266
6269
6270
6271
6273
6274
6275
6276
6277
6281
6282
6284
6288
6294
6296
6297
6298
6301
6303
6304
6305
6306
6307
6309
6311
6315
6316
6319
6320
6322
6326
6330
6331
6332
6335
6337
6338
6339
6340
6344
6347
6349
6352
6354
6356
6357
6361
6362
6365
6366
6367
6368
6372
6373
6375
6376
6377
6378
6381
6383
6385
6387
6391
6392
6393
6395
6397
6400
6401
6402
6403
6404
6405
6406
6407
6408
6410
6414
6415
6417
6420
6426
6427
6430
6431
6432
6434
6436
6437
6441
6444
6446
6447
6448
6449
6450
6451
6452
6454
6458
6460
6462
6464
6468
6469
6473
6474
6475
6476
6477
6480
6481
6483
6485
6486
6487
6489
6493
6495
6496
6497
6498
6499
6500
6501
6502
6504
6505
6507
6508
6511
6512
6514
6515
6516
6521
6524
6530
6532
6533
6534
6535
6537
6539
6541
6543
6544
6545
6550
6551
6552
6555
6557
6559
6560
6561
6562
6564
6567
6568
6571
6572
6574
6575
6579
6582
6583
6584
6585
6588
6589
6590
6592
6597
6599
6601
6602
6603
6604
6605
6608
6609
6612
6613
6614
6615
6616
6617
6618
6621
6623
6624
6628
6630
6631
6633
6634
6635
6636
6639
6641
6642
6643
6645
6646
6647
6650
6652
6653
6654
6656
6659
6660
6661
6662
6664
6667
6668
6669
6671
6674
6676
6678
6679
6681
6682
6683
6684
6686
6688
6689
6690
6691
6693
6696
6698
6704
6705
6706
6707
6708
6709
6712
6713
6714
6715
6716
6717
6721
6722
6723
6725
6726
6727
6729
6730
6732
6733
6735
6738
6740
6742
6745
6747
6750
6752
6753
6754
6756
6758
6759
6760
6761
6762
6768
6771
6776
6781
6782
6783
6784
6787
6788
6791
6794
6796
6797
6798
6800
6801
6803
6804
6807
6808
6810
6815
6816
6817
6820
6822
6823
6824
6825
6826
6827
6830
6831
6833
6834
6842
6843
6844
6845
6847
6848
6849
6850
6851
6853
6858
6861
6863
6864
6869
6870
6871
6873
6874
6875
6876
6881
6882
6883
6887
6890
6891
6898
6904
6905
6907
6908
6910
6914
6915
6916
6917
6918
6920
6924
6925
6926
6927
6928
6932
6934
6935
6936
6937
6941
6942
6943
6944
6945
6950
6951
6954
6955
6956
6958
6960
6962
6963
6964
6965
6966
6968
6969
6970
6971
6972
6974
6975
6978
6979
6985
6986
6988
6989
6990
6991
6992
6993
6996
6998
7000
7003
7005
7007
7009
7011
7012
7013
7018
7020
7022
7023
7024
7026
7027
7029
7031
7033
7034
7035
7038
7040
7041
7042
7044
7048
7050
7051
7053
7054
7055
7058
7059
7063
7064
7066
7070
7074
7078
7079
7082
7083
7084
7088
7089
7090
7091
7094
7095
7096
7098
7099
7100
7103
7105
7106
7107
7111
7114
7116
7117
7118
7120
7121
7122
7123
7125
7126
7132
7134
7136
7137
7138
7139
7142
7143
7145
7149
7150
7151
7152
7153
7154
7156
7158
7160
7162
7164
7170
7172
7173
7175
7176
7179
7183
7184
7185
7186
7187
7189
7194
7201
7204
7205
7206
7207
7208
7209
7212
7213
7214
7215
7218
7220
7221
7223
7224
7228
7230
7231
7233
7234
7236
7237
7238
7239
7240
7241
7243
7244
7246
7247
7255
7256
7257
7258
7259
7260
7265
7266
7269
7270
7273
7274
7276
7280
7282
7283
7285
7290
7291
7293
7294
7295
7296
7302
7303
7305
7307
7308
7309
7315
7318
7322
7324
7327
7328
7329
7330
7331
7332
7334
7337
7339
7340
7345
7347
7348
7349
7354
7356
7358
7359
7362
7363
7369
7370
7371
7374
7376
7377
7381
7382
7383
7384
7386
7387
7388
7389
7390
7392
7393
7395
7396
7400
7402
7404
7406
7407
7411
7413
7414
7415
7416
7418
7420
7421
7422
7424
7429
7430
7431
7433
7434
7438
7439
7442
7444
7445
7448
7451
7454
7463
7465
7466
7467
7469
7470
7474
7475
7476
7477
7479
7480
7483
7485
7486
7491
7493
7494
7497
7499
7500
7502
7504
7505
7506
7507
7508
7511
7513
7515
7518
7520
7523
7526
7527
7530
7531
7537
7538
7542
7547
7550
7552
7553
7556
7557
7559
7562
7564
7565
7566
7568
7569
7570
7571
7572
7573
7576
7580
7582
7583
7584
7585
7586
7588
7589
7592
7593
7595
7596
7598
7599
7600
7601
7603
7604
7605
7610
7611
7612
7616
7617
7618
7621
7625
7627
7629
7630
7631
7633
7635
7639
7643
7645
7647
7649
7650
7651
7653
7654
7656
7659
7660
7662
7663
7666
7668
7669
7672
7675
7684
7685
7688
7692
7693
7698
7700
7702
7703
7707
7708
7713
7715
7716
7717
7718
7719
7722
7723
7724
7725
7726
7727
7730
7732
7733
7735
7738
7739
7741
7742
7743
7744
7747
7749
7750
7754
7757
7758
7760
7764
7765
7766
7768
7769
7770
7781
7782
7783
7787
7790
7794
7796
7797
7798
7799
7800
7801
7802
7803
7804
7806
7807
7809
7811
7816
7818
7821
7824
7825
7826
7828
7829
7830
7832
7833
7834
7837
7838
7839
7840
7843
7846
7847
7848
7849
7851
7853
7854
7856
7857
7858
7859
7860
7861
7862
7863
7864
7865
7869
7870
7871
7872
7876
7877
7878
7879
7882
7885
7891
7895
7900
7901
7902
7903
7904
7905
7906
7909
7913
7915
7916
7917
7921
7923
7928
7932
7933
7934
7939
7940
7941
7943
7944
7947
7949
7951
7952
7953
7956
7959
7961
7962
7964
7967
7970
7971
7973
7976
7977
7980
7981
7982
7984
7988
7989
7990
7992
7993
7994
7995
7997
7999
8000
8002
8003
8004
8005
8007
8008
8010
8013
8014
8015
8016
8018
8019
8020
8021
8022
8023
8024
8025
8026
8030
8031
8037
8043
8044
8046
8048
8049
8050
8054
8055
8058
8063
8066
8070
8071
8072
8073
8075
8076
8077
8082
8083
8084
8085
8086
8088
8090
8091
8093
8094
8095
8096
8100
8102
8103
8104
8105
8107
8110
8111
8114
8116
8117
8118
8119
8120
8121
8122
8123
8124
8126
8128
8134
8135
8138
8139
8140
8142
8143
8144
8145
8146
8147
8148
8150
8154
8155
8158
8162
8163
8164
8165
8166
8168
8170
8173
8175
8176
8184
8188
8191
8193
8203
8204
8208
8210
8213
8215
8216
8219
8223
8224
8227
8228
8229
8233
8234
8236
8237
8239
8240
8241
8242
8243
8244
8245
8246
8251
8259
8264
8266
8267
8271
8272
8275
8277
8278
8279
8282
8284
8286
8287
8289
8291
8293
8298
8300
8301
8302
8303
8304
8305
8306
8308
8310
8311
8316
8317
8318
8323
8324
8325
8326
8329
8330
8331
8332
8333
8336
8338
8339
8340
8342
8343
8344
8350
8353
8355
8358
8359
8360
8363
8365
8367
8368
8369
8370
8374
8375
8376
8377
8379
8381
8383
8390
8391
8392
8398
8399
8403
8404
8405
8406
8407
8410
8417
8419
8422
8426
8428
8429
8430
8431
8432
8435
8436
8438
8439
8440
8441
8442
8443
8445
8446
8448
8450
8451
8452
8454
8455
8458
8459
8462
8463
8464
8467
8471
8473
8474
8477
8479
8480
8481
8482
8484
8488
8489
8492
8493
8494
8499
8501
8502
8503
8504
8505
8506
8509
8510
8515
8517
8518
8520
8521
8522
8523
8524
8529
8531
8532
8534
8537
8538
8543
8544
8545
8546
8548
8549
8550
8553
8554
8558
8559
8561
8563
8564
8565
8566
8569
8572
8575
8577
8579
8583
8586
8587
8589
8590
8593
8594
8596
8597
8598
8600
8601
8604
8609
8612
8613
8614
8615
8616
8617
8620
8621
8622
8624
8625
8628
8629
8631
8635
8636
8637
8639
8640
8642
8644
8646
8647
8648
8650
8651
8653
8655
8656
8657
8658
8661
8664
8665
8666
8674
8675
8676
8679
8680
8681
8682
8683
8684
8685
8686
8690
8693
8695
8696
8697
8700
8701
8702
8703
8704
8706
8707
8708
8714
8716
8717
8719
8720
8721
8726
8731
8732
8734
8736
8737
8739
8741
8744
8746
8750
8751
8753
8756
8758
8761
8763
8764
8766
8767
8768
8769
8771
8772
8773
8774
8775
8776
8778
8779
8781
8785
8787
8788
8789
8790
8791
8792
8793
8795
8796
8798
8800
8803
8804
8805
8810
8812
8814
8815
8817
8818
8819
8821
8822
8823
8825
8826
8828
8829
8830
8831
8836
8838
8840
8842
8844
8845
8849
8851
8852
8854
8855
8857
8858
8861
8862
8863
8866
8867
8870
8871
8872
8873
8874
8877
8879
8881
8883
8885
8886
8888
8890
8901
8908
8919
8922
8927
8931
8933
8934
8936
8937
8939
8941
8943
8945
8946
8948
8953
8954
8955
8957
8958
8961
8962
8963
8964
8965
8968
8970
8971
8972
8973
8974
8975
8977
8978
8979
8980
8984
8985
8986
8991
8994
8997
8999
9001
9002
9003
9007
9009
9010
9012
9013
9015
9016
9017
9018
9021
9022
9024
9025
9027
9030
9032
9033
9034
9035
9037
9038
9039
9043
9044
9047
9049
9053
9055
9056
9057
9061
9062
9063
9065
9066
9067
9068
9069
9070
9071
9072
9073
9076
9077
9078
9081
9082
9086
9087
9088
9089
9091
9093
9096
9098
9099
9101
9102
9104
9106
9107
9111
9112
9114
9118
9121
9124
9128
9131
9133
9134
9136
9138
9139
9140
9141
9142
9145
9146
9148
9149
9150
9159
9163
9165
9166
9168
9169
9170
9172
9174
9177
9178
9180
9184
9187
9188
9191
9194
9197
9201
9202
9203
9205
9206
9207
9211
9213
9215
9216
9218
9220
9222
9224
9225
9226
9231
9232
9233
9239
9242
9244
9245
9247
9249
9252
9253
9255
9259
9260
9265
9267
9269
9270
9271
9273
9275
9276
9277
9278
9280
9281
9282
9283
9284
9292
9295
9297
9298
9300
9302
9305
9307
9308
9312
9313
9314
9315
9318
9319
9320
9322
9325
9326
9329
9330
9333
9334
9335
9337
9338
9342
9343
9348
9349
9350
9352
9354
9355
9357
9358
9359
9360
9361
9363
9364
9365
9369
9370
9371
9375
9376
9378
9379
9382
9383
9388
9389
9390
9391
9392
9394
9395
9396
9398
9405
9408
9410
9415
9417
9418
9419
9421
9422
9424
9426
9430
9431
9434
9436
9439
9445
9446
9447
9451
9452
9453
9454
9457
9459
9460
9463
9464
9465
9467
9469
9470
9473
9474
9475
9478
9479
9481
9484
9486
9489
9490
9492
9494
9497
9501
9502
9508
9509
9514
9515
9516
9520
9521
9522
9523
9524
9525
9526
9527
9528
9529
9531
9533
9537
9542
9544
9546
9547
9550
9553
9555
9556
9557
9558
9561
9564
9568
9570
9572
9573
9578
9579
9580
9583
9584
9586
9588
9589
9590
9592
9593
9594
9599
9603
9604
9607
9609
9610
9611
9612
9614
9615
9616
9620
9622
9624
9626
9627
9628
9630
9631
9633
9634
9635
9636
9642
9643
9645
9646
9647
9653
9655
9659
9664
9666
9668
9670
9671
9674
9677
9678
9679
9680
9681
9682
9683
9686
9690
9691
9693
9694
9696
9697
9700
9701
9702
9703
9705
9710
9711
9713
9714
9715
9716
9717
9720
9722
9723
9724
9725
9726
9727
9728
9730
9731
9734
9736
9740
9741
9742
9746
9747
9748
9750
9752
9753
9754
9755
9756
9757
9758
9762
9763
9769
9775
9776
9778
9779
9780
9782
9784
9787
9788
9790
9791
9792
9793
9794
9796
9797
9798
9802
9803
9804
9808
9809
9812
9813
9815
9816
9819
9820
9822
9824
9827
9829
9830
9831
9835
9841
9842
9844
9851
9856
9857
9860
9861
9862
9863
9865
9867
9868
9869
9871
9873
9876
9879
9880
9882
9885
9887
9889
9893
9895
9897
9899
9902
9907
9909
9910
9913
9915
9916
9917
9918
9920
9922
9923
9924
9925
9927
9931
9932
9934
9935
9937
9938
9940
9943
9945
9946
9947
9949
9950
9952
9953
9954
9955
9957
9960
9963
9966
9967
9968
9970
9971
9974
9976
9980
9981
9985
9988
9989
9991
9992
9993
9997
9998
10002
10005
10006
10007
10008
10010
10011
10013
10016
10018
10019
10020
10022
10024
10027
10028
10029
10030
10032
10033
10036
10041
10043
10044
10045
10048
10050
10052
10053
10054
10055
10056
10058
10061
10063
10064
10066
10067
10068
10071
10072
10074
10077
10079
10081
10083
10084
10087
10088
10092
10095
10099
10100
10101
10102
10103
10105
10107
10108
10110
10111
10112
10116
10117
10122
10123
10124
10125
10127
10128
10129
10130
10133
10137
10138
10146
10147
10151
10153
10154
10155
10157
10158
10160
10162
10163
10165
10167
10168
10171
10172
10173
10174
10176
10177
10180
10181
10182
10183
10184
10185
10189
10191
10194
10195
10196
10198
10201
10202
10204
10205
10206
10207
10208
10209
10218
10220
10223
10227
10230
10232
10236
10237
10238
10239
10240
10243
10245
10247
10250
10251
10252
10253
10254
10256
10258
10259
10263
10265
10266
10267
10270
10273
10274
10275
10278
10279
10280
10281
10282
10283
10286
10288
10291
10292
10293
10296
10297
10299
10302
10304
10307
10311
10313
10316
10317
10318
10319
10320
10322
10324
10325
10326
10328
10331
10332
10335
10336
10337
10338
10343
10347
10350
10351
10353
10354
10355
10359
10361
10362
10363
10366
10367
10368
10369
10371
10378
10381
10382
10384
10385
10386
10388
10389
10390
10395
10397
10398
10400
10402
10403
10404
10410
10412
10413
10414
10417
10419
10420
10421
10423
10424
10426
10427
10429
10433
10435
10436
10437
10439
10440
10443
10446
10447
10454
10455
10456
10461
10463
10464
10466
10467
10468
10469
10471
10472
10473
10477
10478
10480
10481
10482
10484
10485
10490
10493
10496
10497
10498
10499
10500
10503
10504
10507
10510
10513
10514
10515
10518
10519
10520
10522
10523
10524
10525
10527
10528
10530
10532
10533
10534
10535
10536
10537
10540
10541
10543
10544
10547
10550
10551
10554
10556
10558
10562
10564
10566
10568
10571
10573
10574
10575
10576
10579
10581
10583
10584
10585
10588
10590
10593
10594
10597
10598
10599
10605
10608
10610
10614
10615
10616
10617
10618
10619
10620
10622
10623
10624
10628
10629
10630
10632
10635
10636
10637
10640
10644
10645
10647
10648
10649
10650
10652
10653
10656
10657
10658
10661
10667
10668
10669
10673
10674
10676
10677
10678
10679
10681
10683
10684
10686
10690
10691
10695
10696
10698
10699
10701
10702
10704
10708
10710
10711
10713
10714
10716
10717
10718
10722
10723
10725
10727
10728
10729
10732
10734
10735
10737
10738
10739
10743
10744
10746
10751
10752
10754
10755
10756
10758
10761
10762
10766
10768
10769
10771
10772
10775
10777
10779
10781
10782
10785
10787
10791
10792
10795
10796
10797
10799
10802
10803
10805
10807
10812
10818
10820
10822
10824
10827
10829
10830
10831
10834
10835
10836
10838
10842
10843
10845
10846
10847
10849
10851
10852
10853
10854
10856
10857
10860
10861
10863
10864
10866
10868
10869
10872
10873
10874
10876
10878
10885
10886
10887
10890
10891
10892
10893
10894
10897
10898
10899
10900
10902
10903
10905
10906
10907
10908
10915
10916
10918
10920
10921
10922
10923
10925
10926
10927
10929
10933
10935
10936
10937
10938
10940
10941
10944
10945
10951
10953
10955
10956
10957
10960
10961
10962
10965
10967
10969
10970
10972
10973
10974
10977
10978
10980
10981
10983
10985
10988
10991
10992
10993
10995
10997
11002
11003
11004
11010
11011
11012
11014
11016
11022
11023
11026
11029
11032
11034
11036
11037
11042
11043
11044
11045
11052
11055
11056
11058
11059
11060
11061
11062
11063
11065
11067
11069
11071
11072
11074
11076
11077
11079
11080
11081
11091
11093
11094
11097
11100
11101
11102
11107
11108
11109
11110
11111
11117
11119
11120
11122
11125
11127
11129
11131
11134
11135
11136
11138
11139
11141
11143
11147
11148
11149
11150
11151
11153
11154
11156
11158
11159
11166
11170
11171
11174
11177
11178
11179
11183
11184
11186
11187
11188
11189
11193
11195
11197
11198
11199
11200
11201
11203
11205
11206
11213
11214
11217
11222
11224
11226
11227
11231
11232
11235
11236
11239
11241
11242
11244
11245
11246
11247
11248
11249
11250
11251
11252
11254
11256
11257
11259
11260
11261
11263
11264
11265
11268
11269
11271
11272
11273
11275
11276
11277
11280
11281
11282
11283
11285
11289
11291
11293
11294
11295
11298
11302
11303
11304
11305
11312
11315
11316
11317
11319
11322
11323
11324
11325
11326
11327
11329
11331
11332
11333
11334
11335
11336
11343
11345
11346
11348
11350
11353
11354
11356
11364
11365
11367
11369
11376
11379
11380
11382
11383
11384
11386
11387
11388
11393
11394
11398
11399
11401
11402
11405
11406
11409
11411
11413
11417
11419
11423
11425
11426
11428
11429
11432
11436
11438
11440
11442
11443
11446
11452
11454
11455
11456
11462
11464
11468
11470
11472
11473
11474
11477
11478
11479
11481
11483
11484
11486
11487
11488
11489
11490
11492
11494
11502
11504
11505
11506
11510
11511
11512
11514
11520
11523
11525
11526
11529
11530
11531
11533
11536
11537
11538
11540
11541
11542
11545
11546
11547
11549
11550
11553
11557
11559
11560
11561
11562
11563
11564
11565
11566
11568
11570
11571
11573
11575
11576
11577
11579
11581
11582
11586
11593
11594
11596
11598
11604
11606
11609
11610
11611
11613
11616
11617
11618
11619
11621
11624
11625
11627
11628
11630
11631
11632
11633
11634
11636
11638
11641
11642
11644
11645
11646
11648
11651
11654
11658
11660
11661
11662
11664
11665
11669
11672
11674
11675
11680
11682
11684
11687
11692
11694
11696
11699
11704
11707
11708
11710
11714
11716
11719
11720
11722
11723
11724
11725
11727
11728
11729
11731
11732
11733
11737
11738
11740
11741
11742
11745
11746
11748
11750
11751
11752
11756
11758
11759
11760
11761
11763
11765
11768
11770
11771
11773
11775
11777
11779
11780
11782
11784
11785
11787
11788
11789
11790
11791
11792
11793
11797
11798
11799
11801
11803
11805
11806
11810
11812
11813
11814
11818
11819
11820
11821
11825
11827
11828
11834
11835
11836
11837
11838
11840
11841
11843
11845
11847
11854
11856
11860
11862
11863
11864
11867
11868
11869
11870
11871
11872
11873
11874
11878
11881
11883
11885
11886
11888
11891
11892
11893
11895
11897
11899
11900
11902
11904
11905
11911
11913
11914
11915
11919
11920
11921
11925
11926
11928
11929
11931
11932
11934
11936
11938
11939
11940
11941
11944
11946
11947
11948
11950
11952
11953
11954
11957
11960
11963
11964
11965
11972
11975
11977
11979
11983
11985
11987
11988
11992
11993
11994
11999
12000
12001
12003
12006
12007
12009
12011
12014
12015
12016
12017
12018
12019
12022
12023
12024
12025
12026
12028
12030
12032
12033
12034
12036
12037
12040
12042
12043
12044
12045
12047
12048
12049
12050
12052
12054
12058
12059
12061
12063
12071
12072
12078
12084
12085
12086
12089
12092
12095
12097
12099
12101
12102
12104
12108
12109
12112
12113
12114
12115
12118
12123
12124
12125
12126
12128
12129
12133
12134
12136
12138
12140
12142
12144
12147
12149
12150
12152
12153
12156
12157
12158
12160
12164
12167
12168
12169
12173
12175
12178
12179
12181
12184
12185
12186
12191
12193
12195
12196
12197
12198
12200
12201
12202
12203
12206
12207
12208
12209
12210
12211
12212
12213
12214
12215
12217
12220
12221
12225
12226
12227
12228
12229
12235
12237
12240
12241
12243
12244
12248
12250
12253
12254
12255
12256
12258
12259
12261
12263
12264
12265
12266
12268
12272
12273
12277
12281
12284
12285
12287
12288
12290
12292
12294
12297
12298
12300
12301
12303
12304
12307
12308
12311
12315
12316
12319
12322
12326
12327
12328
12330
12332
12334
12335
12336
12337
12338
12339
12345
12347
12349
12354
12357
12359
12361
12362
12363
12365
12366
12367
12369
12370
12371
12373
12374
12375
12381
12382
12383
12384
12387
12388
12389
12390
12391
12392
12393
12398
12402
12404
12407
12408
12410
12414
12416
12417
12418
12419
12421
12425
12426
12427
12428
12429
12430
12431
12432
12433
12435
12436
12437
12438
12439
12441
12443
12445
12448
12451
12452
12453
12455
12456
12457
12459
12462
12464
12465
12466
12468
12469
12470
12471
12473
12474
12480
12481
12482
12483
12484
12486
12487
12488
12494
12496
12497
12498
12501
12502
12507
12509
12512
12515
12517
12519
12522
12526
12527
12529
12530
12531
12532
12533
12534
12537
12539
12540
12541
12542
12546
12549
12552
12565
12566
12567
12568
12569
12572
12573
12575
12576
12579
12580
12583
12584
12585
12588
12589
12595
12597
12598
12601
12603
12605
12608
12611
12612
12613
12615
12617
12619
12621
12622
12623
12624
12625
12628
12629
12630
12631
12632
12635
12640
12641
12642
12644
12645
12649
12651
12652
12656
12659
12661
12662
12670
12672
12674
12677
12678
12680
12681
12685
12687
12688
12690
12693
12697
12699
12702
12704
12707
12709
12710
12711
12714
12715
12716
12719
12724
12728
12730
12734
12735
12736
12740
12743
12744
12745
12746
12749
12750
12751
12753
12755
12762
12766
12767
12770
12772
12773
12776
12781
12782
12784
12785
12791
12793
12796
12798
12800
12802
12804
12805
12808
12811
12812
12814
12816
12817
12818
12820
12821
12826
12827
12828
12830
12831
12833
12836
12837
12840
12844
12846
12847
12852
12853
12854
12855
12856
12857
12858
12859
12860
12861
12863
12864
12866
12868
12869
12870
12877
12878
12879
12883
12884
12885
12887
12889
12890
12893
12894
12895
12896
12898
12899
12900
12902
12904
12905
12907
12910
12912
12913
12914
12915
12917
12919
12920
12921
12932
12933
12934
12935
12936
12940
12942
12944
12946
12949
12951
12953
12954
12957
12958
12959
12960
12962
12964
12966
12967
12968
12970
12971
12972
12973
12974
12978
12979
12980
12982
12984
12985
12986
12988
12991
12992
12993
12995
12996
12999
13000
13003
13007
13008
13012
13013
13014
13016
13018
13019
13020
13023
13025
13026
13030
13032
13033
13034
13036
13037
13040
13041
13042
13043
13046
13047
13048
13049
13055
13056
13058
13065
13066
13069
13070
13074
13075
13076
13079
13082
13084
13085
13086
13088
13090
13091
13093
13094
13097
13098
13101
13103
13104
13105
13109
13110
13113
13114
13116
13117
13120
13121
13123
13124
13126
13127
13128
13134
13136
13137
13140
13141
13143
13144
13148
13152
13153
13154
13155
13157
13160
13162
13163
13165
13168
13171
13172
13176
13178
13179
13180
13181
13182
13184
13186
13189
13191
13199
13200
13201
13202
13205
13212
13214
13216
13217
13218
13220
13221
13224
13225
13230
13232
13235
13236
13238
13239
13241
13246
13250
13251
13254
13255
13258
13260
13261
13264
13265
13269
13272
13274
13276
13277
13287
13288
13289
13292
13293
13295
13296
13297
13299
13301
13302
13305
13308
13309
13311
13312
13313
13315
13316
13317
13318
13323
13325
13326
13328
13333
13337
13342
13344
13345
13347
13349
13352
13355
13357
13358
13359
13361
13363
13371
13372
13373
13377
13382
13388
13390
13391
13394
13396
13397
13398
13399
13403
13405
13410
13413
13415
13416
13418
13419
13425
13426
13427
13428
13429
13430
13431
13432
13434
13439
13440
13441
13442
13443
13446
13450
13452
13454
13456
13457
13458
13459
13463
13469
13471
13473
13476
13477
13478
13479
13480
13482
13484
13486
13487
13488
13489
13492
13493
13495
13502
13505
13507
13511
13512
13514
13515
13517
13519
13521
13524
13525
13528
13529
13530
13531
13532
13534
13535
13536
13537
13543
13544
13545
13546
13547
13548
13549
13553
13556
13558
13559
13560
13561
13564
13570
13571
13572
13574
13576
13577
13578
13579
13581
13582
13583
13584
13585
13596
13599
13601
13602
13604
13607
13608
13609
13610
13611
13612
13613
13620
13621
13625
13626
13627
13629
13631
13632
13636
13637
13640
13641
13643
13644
13645
13647
13648
13650
13652
13653
13657
13658
13659
13660
13663
13664
13665
13667
13668
13669
13670
13671
13675
13676
13678
13679
13689
13691
13692
13694
13696
13697
13698
13699
13701
13702
13703
13707
13708
13713
13715
13716
13718
13720
13721
13722
13724
13725
13726
13727
13728
13729
13730
13731
13732
13733
13734
13738
13739
13742
13743
13745
13752
13753
13754
13755
13756
13757
13759
13760
13761
13763
13764
13770
13775
13781
13782
13785
13786
13788
13791
13792
13794
13797
13798
13799
13801
13802
13806
13809
13810
13812
13814
13815
13817
13818
13819
13821
13822
13825
13826
13827
13828
13829
13832
13833
13836
13837
13838
13839
13840
13841
13846
13847
13849
13851
13853
13854
13855
13862
13863
13864
13866
13868
13871
13872
13873
13874
13876
13878
13879
13881
13883
13884
13886
13888
13893
13895
13896
13900
13901
13902
13907
13909
13910
13911
13913
13914
13920
13921
13922
13927
13928
13931
13933
13935
13936
13937
13938
13941
13946
13947
13949
13950
13951
13952
13954
13956
13957
13959
13960
13963
13964
13967
13968
13969
13971
13972
13973
13974
13977
13978
13980
13982
13984
13985
13987
13988
13990
13992
13994
13996
13998
14002
14003
14007
14008
14011
14013
14015
14017
14018
14022
14027
14028
14029
14037
14041
14043
14045
14047
14048
14050
14051
14052
14053
14061
14062
14063
14064
14065
14066
14068
14070
14074
14076
14079
14081
14087
14088
14090
14093
14095
14098
14102
14103
14104
14108
14110
14111
14112
14113
14114
14117
14123
14126
14129
14131
14135
14136
14140
14141
14145
14147
14148
14151
14152
14160
14163
14166
14167
14168
14170
14171
14172
14176
14178
14180
14181
14182
14183
14185
14186
14190
14191
14192
14194
14195
14196
14197
14199
14200
14201
14205
14206
14207
14208
14211
14213
14216
14218
14219
14220
14222
14225
14228
14229
14233
14235
14236
14237
14238
14240
14241
14242
14243
14244
14250
14253
14254
14255
14256
14257
14264
14267
14268
14269
14270
14273
14274
14278
14279
14281
14285
14288
14289
14291
14296
14298
14299
14301
14303
14305
14307
14308
14309
14311
14313
14314
14315
14316
14319
14320
14324
14325
14328
14332
14333
14335
14340
14342
14344
14345
14346
14350
14351
14353
14354
14355
14362
14363
14365
14366
14371
14372
14373
14375
14381
14387
14389
14391
14392
14396
14398
14401
14403
14404
14405
14406
14408
14411
14414
14415
14417
14419
14420
14421
14423
14425
14426
14427
14429
14430
14431
14433
14436
14437
14439
14443
14445
14448
14451
14454
14460
14463
14469
14470
14471
14472
14474
14477
14479
14480
14481
14482
14483
14485
14486
14489
14492
14494
14495
14496
14497
14503
14504
14505
14506
14508
14512
14513
14514
14515
14521
14522
14525
14527
14528
14529
14530
14532
14535
14536
14539
14540
14542
14544
14545
14548
14549
14551
14552
14553
14555
14557
14558
14561
14562
14563
14564
14565
14566
14569
14570
14571
14572
14573
14574
14575
14576
14579
14580
14582
14583
14586
14587
14589
14594
14595
14596
14602
14603
14605
14608
14609
14610
14611
14616
14617
14618
14619
14620
14622
14623
14624
14625
14626
14629
14630
14632
14633
14637
14640
14644
14647
14648
14651
14652
14655
14656
14657
14658
14659
14661
14662
14665
14667
14669
14670
14671
14672
14677
14679
14681
14683
14684
14685
14688
14692
14693
14695
14697
14699
14700
14701
14702
14706
14707
14709
14710
14711
14712
14714
14716
14717
14718
14720
14721
14723
14724
14727
14728
14731
14732
14734
14735
14739
14742
14743
14744
14745
14746
14748
14749
14750
14751
14752
14755
14757
14762
14764
14767
14769
14776
14777
14778
14780
14781
14782
14785
14786
14787
14788
14792
14794
14796
14798
14800
14801
14803
14804
14805
14807
14810
14812
14813
14814
14816
14817
14819
14820
14823
14825
14826
14830
14832
14833
14835
14836
14837
14838
14839
14841
14845
14848
14850
14854
14857
14860
14862
14865
14866
14868
14871
14872
14873
14875
14878
14882
14883
14885
14886
14888
14890
14891
14892
14894
14895
14896
14899
14901
14902
14903
14904
14907
14908
14909
14911
14912
14913
14914
14915
14918
14920
14921
14922
14924
14930
14931
14932
14933
14935
14936
14937
14938
14940
14941
14942
14943
14944
14947
14948
14949
14950
14952
14953
14955
14957
14958
14962
14963
14967
14968
14969
14971
14975
14976
14977
14978
14980
14985
14991
14992
14993
14996
14998
14999
15000
15001
15002
15003
15005
15006
15009
15010
15011
15014
15016
15019
15020
15021
15022
15026
15028
15029
15030
15032
15033
15036
15039
15041
15044
15046
15048
15049
15050
15057
15059
15064
15065
15069
15070
15071
15072
15076
15078
15079
15080
15082
15083
15084
15086
15087
15088
15089
15090
15096
15098
15099
15100
15102
15103
15107
15109
15112
15113
15114
15115
15117
15119
15120
15121
15123
15124
15126
15127
15129
15130
15137
15138
15142
15143
15145
15146
15147
15148
15150
15152
15155
15156
15157
15159
15160
15162
15163
15164
15166
15169
15172
15173
15175
15177
15179
15180
15182
15183
15186
15187
15189
15193
15194
15196
15198
15199
15202
15203
15204
15205
15207
15209
15211
15213
15218
15222
15223
15224
15225
15226
15229
15233
15236
15238
15241
15242
15245
15249
15251
15252
15256
15257
15259
15260
15261
15262
15263
15270
15273
15275
15280
15281
15282
15283
15288
15290
15293
15295
15300
15301
15303
15307
15310
15315
15317
15318
15321
15322
15323
15328
15331
15334
15336
15338
15339
15341
15343
15344
15348
15353
15355
15356
15358
15359
15360
15367
15368
15369
15372
15374
15375
15376
15378
15379
15380
15381
15383
15385
15386
15387
15389
15390
15395
15399
15401
15402
15404
15405
15406
15407
15410
15412
15413
15414
15416
15418
15419
15421
15425
15426
15428
15429
15430
15434
15435
15436
15437
15438
15439
15440
15441
15442
15448
15449
15450
15451
15452
15453
15454
15455
15458
15459
15460
15461
15463
15464
15469
15470
15472
15473
15475
15476
15477
15478
15479
15480
15482
15484
15486
15487
15488
15491
15494
15495
15496
15497
15498
15500
15502
15504
15505
15507
15509
15510
15512
15513
15517
15518
15519
15520
15521
15522
15524
15525
15527
15528
15529
15530
15531
15536
15538
15540
15542
15545
15546
15549
15550
15556
15557
15558
15560
15565
15566
15567
15570
15571
15573
15574
15575
15579
15580
15582
15585
15589
15590
15591
15592
15593
15597
15599
15600
15601
15603
15604
15605
15607
15610
15611
15612
15615
15616
15618
15622
15625
15626
15628
15629
15634
15635
15638
15639
15640
15642
15650
15652
15653
15656
15657
15659
15662
15663
15664
15665
15669
15672
15673
15675
15676
15677
15678
15679
15683
15684
15686
15687
15693
15694
15696
15700
15701
15702
15703
15704
15705
15707
15709
15711
15713
15714
15715
15716
15718
15720
15721
15722
15723
15724
15727
15729
15731
15733
15734
15735
15736
15738
15739
15740
15741
15742
15744
15746
15748
15749
15750
15751
15752
15754
15756
15760
15761
15762
15763
15766
15770
15771
15772
15779
15782
15784
15786
15788
15789
15790
15792
15793
15796
15797
15799
15800
15801
15803
15804
15805
15806
15807
15808
15810
15811
15813
15814
15816
15817
15819
15821
15822
15824
15825
15829
15831
15832
15833
15834
15835
15838
15839
15844
15846
15850
15852
15854
15855
15856
15857
15858
15863
15866
15872
15874
15875
15876
15880
15882
15884
15885
15887
15891
15894
15897
15898
15900
15901
15902
15908
15909
15910
15915
15919
15921
15923
15924
15925
15926
15930
15931
15932
15934
15935
15936
15938
15940
15941
15942
15943
15946
15948
15949
15950
15955
15958
15959
15960
15964
15965
15966
15967
15970
15971
15974
15977
15984
15985
15988
15989
15990
15991
15993
15995
15996
15997
15998
15999
16002
16003
16004
16006
16007
16008
16009
16012
16013
16014
16015
16017
16018
16021
16022
16024
16026
16027
16029
16030
16031
16032
16035
16037
16038
16039
16040
16042
16045
16047
16048
16052
16054
16055
16056
16057
16060
16061
16064
16066
16069
16073
16074
16075
16076
16077
16079
16080
16081
16082
16083
16084
16085
16086
16091
16092
16093
16096
16097
16098
16100
16101
16103
16104
16105
16108
16112
16114
16118
16119
16121
16124
16125
16127
16128
16129
16131
16132
16133
16134
16135
16137
16138
16139
16140
16142
16143
16147
16149
16153
16154
16155
16157
16159
16160
16170
16171
16172
16174
16175
16177
16179
16180
16183
16184
16186
16187
16189
16191
16192
16194
16200
16201
16203
16205
16207
16208
16211
16214
16215
16217
16218
16219
16220
16221
16224
16226
16229
16230
16234
16237
16241
16243
16245
16247
16248
16256
16257
16260
16263
16265
16266
16268
16269
16270
16271
16274
16277
16278
16280
16282
16284
16285
16287
16288
16289
16291
16293
16296
16297
16299
16301
16303
16304
16305
16307
16311
16312
16313
16316
16317
16318
16321
16322
16332
16334
16335
16336
16339
16341
16343
16345
16346
16347
16349
16350
16351
16355
16356
16357
16362
16363
16365
16368
16370
16371
16372
16373
16375
16376
16377
16380
16381
16385
16386
16389
16390
16391
16394
16395
16397
16403
16411
16412
16414
16416
16417
16420
16421
16424
16425
16426
16428
16429
16430
16432
16433
16434
16435
16436
16437
16439
16441
16442
16444
16448
16449
16451
16456
16458
16461
16464
16470
16471
16473
16474
16476
16482
16484
16485
16486
16487
16488
16489
16491
16492
16493
16494
16495
16498
16500
16501
16502
16507
16508
16509
16513
16515
16517
16518
16520
16522
16524
16527
16531
16534
16535
16538
16542
16543
16544
16546
16547
16549
16550
16551
16553
16554
16555
16561
16562
16564
16565
16566
16569
16572
16573
16575
16577
16578
16579
16581
16583
16584
16586
16588
16590
16591
16592
16594
16596
16597
16602
16604
16606
16611
16613
16617
16618
16620
16623
16626
16628
16629
16630
16631
16632
16637
16639
16640
16641
16642
16644
16655
16656
16660
16663
16667
16670
16673
16677
16678
16679
16680
16682
16683
16684
16686
16687
16691
16692
16694
16695
16696
16700
16705
16709
16710
16711
16713
16714
16715
16719
16720
16721
16723
16725
16727
16729
16732
16734
16735
16739
16740
16741
16745
16747
16750
16752
16755
16757
16758
16759
16760
16761
16762
16764
16766
16767
16768
16769
16771
16773
16774
16775
16778
16781
16782
16784
16785
16786
16787
16788
16791
16792
16794
16795
16796
16798
16799
16800
16802
16803
16804
16806
16807
16808
16811
16812
16813
16814
16816
16817
16818
16819
16821
16823
16825
16827
16829
16832
16833
16834
16836
16841
16842
16843
16844
16846
16847
16852
16853
16854
16855
16860
16867
16868
16871
16877
16878
16879
16880
16882
16883
16885
16886
16894
16896
16898
16900
16902
16906
16907
16909
16910
16912
16914
16915
16916
16918
16920
16921
16922
16924
16925
16927
16929
16930
16932
16936
16937
16938
16939
16940
16942
16943
16945
16946
16949
16951
16952
16954
16956
16957
16961
16963
16964
16965
16966
16967
16970
16971
16972
16973
16975
16977
16978
16979
16980
16981
16984
16987
16989
16994
16995
16999
17003
17011
17015
17016
17017
17018
17019
17020
17023
17024
17025
17031
17033
17034
17035
17039
17040
17041
17042
17044
17045
17047
17048
17049
17050
17052
17055
17056
17058
17059
17064
17065
17066
17067
17072
17073
17074
17075
17077
17078
17080
17084
17085
17089
17090
17092
17093
17095
17096
17097
17098
17099
17100
17102
17104
17108
17110
17111
17113
17114
17115
17116
17117
17118
17119
17120
17121
17127
17129
17131
17132
17133
17136
17137
17141
17143
17144
17145
17149
17153
17154
17157
17159
17162
17163
17164
17167
17171
17173
17174
17175
17176
17177
17178
17179
17180
17184
17187
17188
17190
17192
17193
17198
17199
17206
17208
17210
17211
17212
17213
17216
17219
17220
17221
17224
17225
17226
17228
17229
17230
17231
17232
17233
17234
17235
17243
17244
17245
17249
17253
17254
17259
17261
17262
17263
17266
17267
17268
17275
17276
17277
17279
17286
17287
17291
17293
17294
17296
17299
17300
17302
17303
17304
17305
17306
17307
17313
17316
17317
17318
17319
17320
17322
17323
17324
17325
17328
17329
17330
17337
17339
17341
17343
17345
17347
17349
17350
17351
17352
17353
17354
17355
17356
17357
17362
17364
17366
17367
17368
17370
17372
17374
17375
17376
17378
17383
17384
17385
17386
17388
17390
17391
17392
17394
17396
17400
17401
17402
17415
17416
17417
17418
17421
17423
17424
17425
17427
17429
17430
17432
17433
17434
17438
17439
17440
17441
17442
17444
17445
17446
17448
17449
17450
17458
17460
17461
17462
17463
17472
17473
17474
17475
17477
17478
17479
17480
17481
17485
17486
17488
17489
17490
17494
17496
17499
17501
17502
17506
17507
17508
17510
17511
17513
17515
17516
17518
17521
17522
17523
17530
17533
17534
17535
17538
17540
17541
17543
17544
17548
17552
17553
17554
17555
17557
17559
17560
17561
17563
17566
17568
17569
17570
17571
17573
17576
17577
17581
17582
17583
17585
17586
17587
17593
17594
17596
17602
17603
17605
17607
17608
17610
17611
17612
17616
17619
17620
17625
17626
17628
17629
17630
17631
17635
17637
17641
17646
17647
17649
17650
17651
17655
17656
17658
17660
17661
17662
17663
17668
17669
17670
17673
17674
17675
17676
17681
17683
17684
17693
17695
17696
17699
17700
17702
17703
17704
17709
17710
17711
17712
17714
17717
17718
17719
17721
17722
17725
17726
17729
17730
17731
17734
17736
17739
17744
17746
17747
17749
17753
17754
17755
17756
17759
17761
17762
17766
17767
17769
17772
17773
17774
17775
17776
17780
17781
17782
17783
17787
17789
17790
17791
17792
17797
17798
17799
17801
17804
17807
17809
17816
17818
17820
17822
17824
17825
17826
17827
17828
17829
17831
17833
17834
17835
17837
17838
17839
17841
17842
17846
17852
17854
17855
17856
17858
17861
17862
17865
17868
17869
17872
17875
17877
17880
17882
17883
17885
17887
17888
17892
17893
17894
17897
17899
17904
17905
17909
17910
17911
17913
17914
17915
17916
17918
17919
17920
17925
17931
17932
17935
17936
17937
17938
17939
17941
17943
17944
17945
17946
17947
17949
17951
17954
17955
17956
17957
17959
17961
17962
17964
17966
17967
17968
17972
17974
17979
17980
17982
17986
17989
17990
17991
17996
17998
18001
18003
18004
18005
18009
18010
18012
18014
18016
18023
18026
18028
18029
18031
18032
18033
18035
18038
18042
18044
18046
18048
18049
18051
18053
18054
18057
18058
18062
18063
18064
18065
18066
18069
18070
18071
18074
18078
18079
18081
18082
18084
18085
18086
18088
18090
18092
18094
18098
18101
18103
18105
18111
18113
18116
18119
18124
18126
18128
18132
18133
18134
18138
18139
18142
18145
18147
18149
18152
18153
18157
18159
18160
18163
18164
18165
18166
18168
18169
18170
18171
18173
18174
18177
18179
18182
18184
18185
18187
18188
18189
18190
18191
18195
18199
18202
18207
18209
18210
18211
18215
18217
18220
18222
18225
18226
18227
18228
18229
18231
18236
18237
18238
18239
18240
18242
18245
18246
18247
18248
18249
18250
18252
18255
18256
18257
18259
18260
18261
18262
18268
18279
18280
18282
18283
18285
18288
18289
18290
18292
18293
18295
18303
18310
18313
18317
18322
18324
18325
18326
18328
18329
18330
18342
18346
18349
18351
18352
18353
18354
18357
18364
18366
18370
18372
18378
18379
18382
18383
18385
18389
18390
18393
18394
18398
18402
18403
18405
18408
18410
18415
18416
18417
18419
18420
18421
18422
18423
18425
18429
18430
18431
18433
18434
18436
18440
18441
18443
18444
18447
18448
18449
18461
18462
18465
18468
18469
18470
18472
18475
18477
18478
18480
18482
18484
18486
18487
18491
18495
18499
18501
18502
18506
18509
18510
18512
18513
18515
18516
18519
18525
18526
18527
18528
18531
18533
18535
18542
18546
18548
18550
18551
18552
18553
18554
18558
18564
18567
18569
18570
18571
18573
18574
18576
18579
18582
18583
18585
18586
18588
18592
18595
18596
18597
18598
18599
18604
18606
18607
18608
18609
18610
18613
18619
18623
18625
18628
18629
18632
18635
18636
18637
18638
18639
18643
18645
18646
18647
18650
18651
18652
18653
18654
18656
18657
18660
18661
18668
18669
18670
18671
18672
18673
18674
18675
18677
18678
18681
18682
18683
18688
18690
18691
18692
18693
18694
18695
18696
18697
18698
18701
18703
18704
18709
18712
18713
18718
18721
18722
18723
18725
18727
18728
18729
18733
18734
18738
18739
18743
18747
18748
18749
18750
18751
18754
18755
18757
18759
18760
18761
18764
18765
18767
18768
18769
18770
18772
18773
18774
18776
18778
18781
18783
18788
18790
18792
18794
18795
18796
18797
18799
18801
18804
18805
18806
18808
18809
18811
18812
18814
18817
18821
18823
18824
18826
18827
18828
18830
18831
18837
18840
18842
18851
18857
18860
18865
18866
18867
18871
18872
18874
18877
18879
18882
18883
18885
18886
18888
18892
18893
18895
18897
18898
18900
18901
18902
18906
18907
18908
18909
18912
18914
18916
18918
18919
18921
18922
18926
18929
18930
18933
18934
18935
18937
18941
18943
18946
18947
18949
18950
18956
18959
18961
18962
18963
18964
18968
18970
18971
18972
18973
18974
18975
18977
18979
18981
18983
18984
18986
18987
18988
18989
18990
18991
18992
18993
18994
18995
18996
18997
18998
19000
19002
19003
19004
19006
19009
19010
19012
19013
19015
19017
19022
19025
19027
19030
19031
19036
19037
19038
19039
19041
19043
19044
19045
19047
19048
19049
19050
19051
19053
19055
19056
19057
19059
19061
19062
19063
19066
19067
19071
19072
19073
19074
19075
19076
19077
19079
19082
19083
19084
19085
19086
19088
19090
19096
19098
19100
19101
19102
19103
19104
19108
19110
19111
19114
19118
19125
19126
19127
19129
19132
19135
19136
19137
19138
19139
19142
19145
19148
19149
19150
19153
19154
19156
19157
19158
19159
19161
19163
19164
19165
19171
19172
19173
19177
19183
19185
19186
19187
19189
19191
19195
19196
19202
19203
19207
19208
19210
19211
19213
19217
19219
19221
19222
19225
19226
19228
19229
19230
19231
19232
19233
19239
19241
19242
19244
19247
19248
19249
19250
19251
19252
19254
19257
19258
19260
19262
19263
19264
19266
19268
19270
19272
19274
19276
19280
19282
19284
19286
19288
19289
19292
19294
19295
19296
19297
19299
19301
19302
19305
19306
19310
19313
19314
19315
19317
19318
19322
19328
19331
19332
19334
19335
19341
19343
19345
19346
19347
19348
19350
19351
19354
19358
19359
19361
19364
19367
19373
19375
19383
19384
19385
19386
19387
19388
19389
19390
19394
19397
19398
19400
19402
19405
19406
19407
19409
19413
19415
19422
19424
19425
19427
19431
19432
19439
19441
19444
19447
19448
19449
19450
19452
19456
19457
19458
19459
19460
19461
19466
19467
19468
19471
19473
19474
19477
19478
19479
19480
19485
19486
19487
19488
19489
19492
19493
19494
19499
19501
19503
19506
19507
19509
19511
19512
19514
19515
19517
19519
19521
19522
19524
19526
19527
19530
19531
19532
19533
19534
19535
19538
19539
19540
19542
19544
19545
19546
19547
19551
19552
19553
19555
19557
19559
19560
19562
19563
19565
19567
19568
19569
19570
19573
19576
19578
19579
19582
19583
19585
19586
19588
19589
19590
19591
19592
19593
19595
19596
19597
19600
19603
19604
19607
19610
19616
19619
19621
19622
19623
19624
19626
19628
19630
19638
19639
19642
19643
19644
19645
19646
19648
19649
19650
19656
19657
19658
19663
19665
19666
19667
19668
19669
19674
19675
19677
19685
19687
19688
19691
19692
19693
19696
19697
19698
19699
19700
19701
19702
19705
19707
19708
19710
19712
19713
19715
19716
19718
19720
19721
19722
19723
19726
19728
19729
19734
19736
19738
19741
19743
19744
19746
19749
19750
19751
19752
19756
19761
19762
19764
19765
19766
19768
19769
19770
19773
19774
19776
19777
19778
19779
19781
19783
19785
19786
19787
19789
19791
19792
19793
19796
19797
19799
19806
19807
19808
19809
19810
19812
19815
19817
19818
19819
19820
19821
19823
19825
19831
19833
19834
19835
19836
19839
19840
19842
19844
19845
19847
19848
19849
19851
19852
19853
19857
19859
19860
19861
19862
19863
19864
19865
19866
19868
19869
19870
19874
19876
19880
19883
19884
19885
19886
19887
19888
19889
19895
19896
19897
19899
19900
19901
19902
19905
19906
19907
19908
19910
19911
19912
19917
19920
19923
19928
19930
19932
19933
19936
19938
19940
19942
19943
19944
19947
19948
19949
19951
19952
19953
19956
19957
19958
19961
19963
19966
19967
19970
19971
19974
19976
19977
19978
19980
19981
19982
19983
19984
19985
19989
19990
19992
19993
19994
19995
20000
20005
20008
20010
20011
20012
20018
20019
20024
20026
20027
20028
20031
20034
20035
20036
20040
20042
20045
20046
20047
20048
20049
20051
20052
20056
20058
20059
20061
20063
20065
20066
20067
20072
20073
20074
20075
20079
20080
20081
20082
20083
20085
20087
20088
20090
20091
20093
20094
20095
20098
20099
20100
20101
20103
20104
20106
20109
20113
20114
20115
20119
20120
20124
20128
20130
20133
20135
20136
20140
20145
20151
20152
20156
20157
20158
20160
20162
20163
20165
20168
20169
20172
20174
20175
20178
20179
20180
20181
20182
20185
20186
20190
20191
20194
20196
20198
20199
20202
20204
20206
20207
20208
20211
20212
20213
20214
20219
20221
20222
20224
20225
20226
20229
20230
20231
20232
20235
20242
20243
20244
20245
20246
20247
20249
20250
20252
20254
20255
20257
20259
20260
20262
20263
20271
20275
20276
20278
20279
20280
20283
20284
20285
20287
20288
20289
20291
20292
20294
20297
20299
20303
20304
20307
20310
20312
20313
20315
20317
20318
20319
20321
20323
20324
20325
20326
20328
20329
20330
20334
20336
20339
20341
20343
20347
20348
20349
20351
20352
20361
20363
20366
20367
20368
20370
20371
20372
20376
20377
20379
20380
20383
20384
20385
20389
20390
20393
20395
20397
20398
20399
20402
20403
20405
20406
20408
20412
20414
20415
20416
20418
20421
20423
20424
20425
20426
20428
20434
20435
20437
20439
20440
20441
20443
20445
20446
20448
20450
20451
20452
20459
20460
20461
20464
20465
20467
20471
20473
20474
20475
20476
20478
20479
20480
20481
20484
20485
20486
20488
20489
20490
20491
20493
20494
20495
20497
20498
20499
20500
20501
20504
20505
20506
20507
20508
20510
20511
20513
20514
20515
20516
20517
20518
20519
20524
20527
20528
20529
20531
20532
20533
20534
20537
20538
20539
20541
20542
20544
20549
20551
20552
20553
20557
20558
20559
20561
20563
20565
20567
20568
20569
20570
20571
20572
20573
20575
20577
20582
20585
20587
20588
20590
20597
20599
20601
20604
20606
20607
20608
20609
20610
20611
20614
20616
20619
20623
20624
20627
20628
20629
20632
20633
20636
20640
20641
20645
20646
20648
20650
20651
20652
20653
20654
20658
20663
20665
20666
20667
20668
20669
20670
20671
20672
20678
20679
20680
20681
20683
20684
20686
20688
20689
20690
20691
20693
20694
20695
20699
20700
20701
20702
20703
20705
20708
20710
20712
20713
20714
20715
20716
20718
20719
20722
20725
20726
20728
20729
20730
20735
20737
20739
20740
20741
20742
20745
20746
20747
20748
20752
20754
20755
20756
20757
20759
20760
20761
20762
20763
20766
20768
20769
20770
20771
20775
20777
20778
20779
20781
20784
20785
20790
20792
20793
20794
20795
20796
20797
20798
20800
20801
20803
20804
20806
20807
20808
20812
20814
20816
20817
20819
20820
20821
20822
20823
20824
20826
20827
20832
20833
20834
20836
20839
20840
20841
20843
20844
20845
20847
20849
20850
20851
20852
20854
20855
20859
20860
20866
20867
20875
20877
20878
20879
20880
20882
20883
20884
20888
20889
20890
20893
20895
20897
20898
20899
20900
20901
20904
20905
20906
20907
20908
20909
20911
20912
20913
20914
20915
20917
20919
20923
20925
20926
20927
20932
20934
20935
20937
20938
20945
20947
20948
20950
20954
20955
20957
20961
20962
20965
20966
20968
20972
20974
20977
20979
20980
20981
20982
20984
20989
20990
20995
21000
21005
21007
21020
21021
21022
21023
21025
21026
21029
21031
21032
21034
21035
21037
21039
21042
21044
21052
21054
21056
21057
21058
21059
21061
21062
21064
21065
21069
21070
21071
21072
21073
21077
21078
21082
21085
21086
21088
21089
21091
21096
21097
21098
21100
21102
21103
21106
21107
21108
21111
21114
21115
21116
21118
21122
21125
21127
21128
21129
21133
21134
21137
21138
21141
21143
21145
21149
21152
21154
21155
21156
21157
21158
21161
21162
21163
21165
21168
21174
21176
21177
21178
21179
21182
21185
21186
21187
21189
21190
21191
21195
21196
21197
21198
21207
21208
21210
21212
21215
21216
21218
21219
21220
21221
21223
21225
21226
21228
21233
21234
21237
21238
21239
21240
21243
21244
21247
21251
21252
21253
21261
21263
21266
21267
21268
21271
21272
21273
21274
21276
21278
21279
21284
21285
21287
21293
21294
21295
21296
21297
21298
21299
21302
21303
21304
21305
21308
21311
21313
21314
21317
21318
21321
21322
21326
21328
21331
21334
21335
21336
21337
21340
21343
21344
21345
21346
21349
21352
21353
21354
21359
21363
21366
21369
21370
21371
21374
21378
21379
21380
21381
21382
21383
21384
21386
21387
21388
21389
21390
21392
21396
21397
21399
21400
21402
21405
21406
21411
21413
21414
21415
21417
21418
21420
21423
21424
21425
21426
21429
21430
21432
21435
21437
21439
21440
21442
21445
21446
21449
21458
21459
21460
21464
21465
21466
21467
21468
21471
21475
21477
21481
21482
21483
21484
21486
21487
21488
21489
21491
21492
21494
21495
21496
21497
21498
21500
21502
21504
21505
21506
21507
21508
21509
21510
21513
21514
21515
21516
21517
21518
21519
21522
21525
21527
21528
21529
21533
21534
21535
21536
21537
21538
21539
21541
21543
21554
21557
21558
21559
21562
21563
21566
21571
21572
21573
21574
21577
21578
21580
21581
21582
21583
21584
21585
21586
21589
21591
21593
21595
21601
21602
21606
21608
21610
21611
21613
21615
21616
21618
21621
21622
21623
21624
21626
21627
21628
21629
21630
21631
21635
21639
21640
21643
21646
21647
21648
21650
21651
21652
21654
21655
21656
21659
21660
21661
21666
21668
21670
21671
21672
21673
21674
21680
21681
21682
21685
21686
21689
21698
21702
21705
21709
21711
21712
21713
21714
21715
21717
21718
21720
21722
21725
21726
21728
21729
21732
21740
21741
21742
21743
21744
21745
21747
21748
21749
21754
21756
21757
21758
21760
21762
21764
21765
21766
21769
21770
21771
21772
21775
21776
21780
21781
21786
21793
21796
21797
21799
21800
21801
21803
21805
21806
21807
21809
21811
21813
21816
21818
21820
21821
21822
21823
21824
21825
21828
21829
21831
21832
21836
21840
21841
21842
21844
21845
21846
21847
21849
21850
21855
21856
21858
21859
21861
21863
21866
21867
21869
21870
21871
21872
21874
21875
21881
21883
21885
21887
21888
21889
21890
21891
21893
21894
21897
21898
21901
21902
21904
21905
21907
21909
21910
21913
21915
21918
21919
21921
21923
21926
21928
21929
21931
21932
21934
21935
21938
21939
21940
21942
21943
21944
21945
21946
21947
21948
21949
21951
21953
21955
21956
21958
21959
21962
21965
21966
21968
21969
21972
21974
21977
21980
21985
21990
21994
21995
21999
22000
22001
22003
22008
22009
22010
22011
22013
22014
22018
22021
22023
22030
22032
22033
22040
22041
22042
22043
22044
22046
22048
22050
22054
22055
22060
22062
22063
22065
22066
22067
22068
22069
22070
22072
22074
22075
22076
22077
22079
22083
22085
22086
22091
22094
22095
22097
22099
22100
22102
22103
22104
22105
22106
22117
22118
22119
22121
22122
22125
22128
22133
22134
22136
22138
22139
22142
22146
22147
22150
22151
22155
22162
22165
22166
22168
22169
22170
22171
22172
22173
22180
22181
22183
22184
22185
22186
22187
22188
22190
22193
22194
22195
22200
22202
22203
22205
22210
22211
22212
22214
22216
22219
22220
22222
22223
22225
22226
22229
22230
22231
22233
22234
22235
22238
22239
22240
22245
22246
22249
22252
22254
22260
22262
22266
22267
22268
22270
22274
22275
22276
22279
22283
22284
22286
22288
22291
22292
22293
22296
22297
22298
22299
22300
22301
22303
22305
22306
22308
22310
22311
22312
22313
22314
22315
22316
22319
22325
22327
22328
22329
22330
22333
22339
22341
22342
22344
22345
22346
22350
22351
22352
22353
22354
22355
22357
22358
22360
22361
22362
22365
22367
22368
22369
22371
22372
22373
22374
22375
22377
22379
22380
22381
22382
22384
22385
22386
22387
22392
22393
22395
22399
22401
22403
22404
22408
22411
22412
22413
22414
22416
22417
22418
22419
22422
22423
22426
22427
22429
22430
22434
22435
22439
22440
22441
22444
22446
22447
22448
22449
22450
22451
22453
22456
22457
22459
22460
22462
22463
22465
22467
22469
22471
22479
22480
22483
22484
22485
22486
22489
22490
22495
22496
22497
22498
22499
22500
22502
22505
22508
22509
22512
22513
22517
22518
22520
22522
22523
22524
22526
22527
22529
22532
22536
22537
22539
22540
22541
22542
22543
22544
22545
22546
22549
22551
22555
22557
22558
22559
22562
22563
22565
22566
22567
22568
22572
22573
22575
22577
22579
22581
22583
22587
22588
22590
22591
22592
22595
22596
22597
22598
22601
22606
22607
22610
22613
22619
22622
22623
22624
22625
22627
22628
22629
22630
22632
22634
22637
22638
22644
22646
22647
22651
22652
22653
22660
22664
22666
22667
22669
22671
22672
22673
22674
22677
22678
22680
22682
22684
22686
22690
22694
22695
22696
22698
22699
22700
22701
22702
22703
22704
22705
22711
22712
22714
22715
22716
22720
22722
22724
22725
22726
22731
22733
22734
22736
22739
22743
22744
22747
22748
22750
22754
22755
22757
22758
22761
22762
22766
22768
22769
22770
22771
22772
22773
22774
22775
22777
22778
22779
22780
22785
22786
22787
22788
22789
22791
22793
22795
22796
22797
22799
22803
22805
22806
22808
22811
22812
22817
22818
22821
22822
22824
22825
22828
22830
22832
22835
22836
22840
22842
22843
22845
22846
22848
22853
22854
22855
22856
22857
22858
22860
22862
22867
22868
22870
22872
22874
22876
22877
22878
22879
22881
22884
22886
22887
22891
22892
22893
22894
22895
22896
22897
22898
22904
22905
22907
22912
22913
22915
22918
22919
22923
22926
22927
22930
22931
22936
22939
22940
22941
22944
22945
22946
22947
22949
22950
22951
22952
22953
22954
22955
22956
22959
22962
22963
22964
22966
22967
22971
22972
22974
22976
22977
22978
22980
22981
22984
22986
22988
22989
22990
22991
22992
22993
22994
22997
23001
23002
23003
23005
23007
23008
23011
23012
23018
23023
23024
23025
23026
23027
23030
23031
23032
23034
23035
23038
23039
23042
23044
23048
23049
23050
23053
23055
23057
23058
23059
23061
23062
23064
23066
23067
23068
23069
23070
23071
23072
23075
23078
23080
23081
23085
23087
23088
23091
23093
23095
23097
23098
23099
23100
23101
23102
23103
23106
23116
23117
23119
23129
23131
23133
23134
23135
23136
23138
23140
23141
23142
23143
23144
23147
23148
23149
23150
23154
23155
23157
23161
23163
23168
23170
23172
23174
23175
23177
23182
23190
23194
23195
23196
23198
23199
23202
23205
23207
23211
23215
23218
23219
23221
23222
23224
23226
23227
23234
23235
23236
23239
23243
23244
23245
23248
23249
23251
23253
23254
23255
23256
23257
23258
23262
23263
23268
23272
23274
23277
23279
23280
23281
23282
23283
23284
23285
23286
23287
23289
23290
23291
23296
23297
23299
23300
23302
23303
23307
23308
23309
23311
23313
23314
23315
23317
23318
23320
23322
23323
23325
23326
23327
23328
23329
23333
23334
23335
23336
23344
23345
23350
23353
23357
23360
23363
23364
23367
23368
23371
23372
23373
23376
23377
23378
23380
23383
23384
23385
23386
23387
23388
23389
23391
23392
23394
23395
23399
23400
23401
23403
23405
23406
23409
23411
23412
23413
23414
23415
23416
23417
23418
23419
23422
23423
23427
23428
23433
23435
23438
23439
23440
23441
23443
23445
23447
23449
23450
23451
23454
23455
23467
23469
23473
23475
23476
23477
23479
23481
23483
23484
23485
23486
23487
23491
23498
23499
23500
23501
23502
23503
23506
23508
23509
23510
23511
23514
23515
23516
23518
23519
23520
23521
23524
23526
23527
23530
23532
23533
23534
23536
23538
23540
23543
23544
23548
23549
23550
23551
23554
23556
23557
23559
23560
23561
23565
23566
23568
23571
23574
23577
23578
23582
23584
23587
23588
23589
23590
23593
23594
23597
23598
23599
23600
23601
23602
23604
23605
23607
23610
23611
23612
23614
23615
23616
23617
23620
23622
23623
23626
23627
23628
23629
23631
23632
23633
23635
23636
23638
23639
23640
23642
23644
23648
23649
23650
23652
23653
23654
23655
23657
23659
23664
23666
23667
23668
23669
23670
23671
23673
23674
23675
23678
23679
23683
23684
23687
23688
23690
23691
23694
23695
23696
23697
23698
23699
23705
23706
23707
23708
23711
23712
23713
23715
23716
23717
23718
23719
23720
23722
23726
23727
23728
23729
23730
23732
23735
23736
23737
23738
23739
23740
23743
23745
23749
23750
23751
23752
23753
23754
23757
23758
23759
23761
23762
23763
23764
23765
23766
23771
23773
23774
23775
23777
23779
23780
23783
23784
23785
23788
23791
23792
23793
23796
23797
23798
23799
23801
23802
23803
23805
23806
23808
23810
23815
23816
23822
23824
23825
23826
23828
23830
23832
23833
23837
23839
23840
23842
23845
23847
23848
23849
23857
23859
23860
23865
23868
23869
23870
23871
23874
23875
23881
23882
23883
23886
23892
23893
23894
23897
23899
23900
23901
23905
23906
23908
23909
23910
23911
23912
23913
23914
23917
23923
23924
23925
23926
23930
23931
23935
23936
23937
23939
23940
23944
23945
23949
23951
23952
23959
23960
23961
23963
23966
23967
23968
23969
23970
23972
23973
23974
23977
23978
23980
23981
23983
23984
23986
23989
23990
23991
23993
23995
23996
23999
24001
24002
24003
24005
24006
24008
24009
24011
24012
24014
24015
24018
24019
24021
24024
24026
24027
24028
24030
24031
24033
24036
24039
24045
24046
24047
24048
24051
24053
24054
24058
24062
24063
24064
24066
24069
24072
24074
24076
24077
24079
24080
24082
24083
24084
24090
24092
24095
24096
24097
24100
24101
24102
24103
24106
24109
24111
24112
24116
24117
24118
24119
24122
24123
24124
24126
24130
24133
24137
24141
24142
24144
24145
24147
24150
24154
24156
24163
24164
24168
24169
24171
24172
24173
24176
24177
24178
24188
24189
24192
24193
24194
24196
24197
24198
24199
24200
24201
24203
24209
24211
24212
24213
24214
24216
24217
24218
24219
24223
24224
24225
24226
24228
24232
24235
24237
24240
24242
24243
24244
24245
24247
24248
24251
24252
24255
24256
24258
24259
24261
24262
24263
24264
24268
24269
24271
24273
24275
24276
24283
24285
24287
24292
24293
24295
24296
24300
24301
24303
24304
24307
24309
24313
24316
24318
24320
24322
24323
24325
24328
24330
24331
24332
24333
24339
24343
24345
24346
24347
24348
24349
24351
24354
24355
24357
24358
24359
24364
24365
24366
24368
24369
24371
24373
24375
24376
24380
24383
24386
24392
24395
24396
24399
24403
24408
24411
24415
24416
24420
24421
24423
24424
24425
24429
24434
24435
24436
24437
24442
24443
24444
24445
24446
24448
24453
24454
24455
24459
24463
24465
24466
24468
24471
24472
24474
24475
24476
24478
24480
24481
24482
24484
24486
24487
24489
24491
24492
24493
24495
24496
24498
24499
24500
24501
24502
24505
24507
24508
24510
24511
24515
24517
24518
24519
24521
24522
24523
24525
24526
24527
24531
24533
24534
24535
24536
24537
24538
24539
24540
24541
24543
24546
24547
24550
24551
24552
24553
24555
24560
24561
24563
24565
24566
24567
24568
24569
24572
24577
24579
24580
24582
24583
24585
24589
24592
24593
24599
24607
24608
24609
24610
24612
24613
24614
24615
24617
24618
24620
24621
24623
24624
24625
24629
24632
24635
24637
24639
24640
24641
24642
24644
24645
24646
24647
24650
24653
24657
24658
24660
24661
24662
24664
24665
24667
24668
24671
24673
24676
24677
24678
24679
24680
24681
24683
24684
24686
24689
24691
24692
24694
24696
24698
24699
24701
24702
24703
24704
24708
24710
24712
24713
24719
24721
24722
24723
24725
24726
24729
24730
24735
24737
24739
24742
24747
24749
24750
24751
24754
24755
24757
24758
24759
24768
24769
24770
24771
24773
24774
24775
24778
24779
24780
24781
24782
24783
24785
24788
24794
24797
24798
24799
24800
24801
24803
24806
24809
24811
24812
24813
24816
24817
24818
24821
24822
24824
24826
24827
24830
24831
24832
24835
24836
24838
24840
24842
24843
24845
24846
24847
24850
24853
24855
24856
24858
24860
24862
24863
24866
24868
24869
24870
24873
24874
24875
24879
24880
24881
24883
24887
24888
24889
24890
24891
24893
24895
24899
24901
24902
24903
24907
24908
24909
24913
24914
24915
24917
24919
24920
24923
24924
24927
24928
24929
24930
24931
24934
24935
24936
24937
24940
24941
24942
24943
24944
24945
24946
24947
24951
24952
24954
24961
24963
24964
24966
24973
24976
24977
24978
24979
24983
24984
24987
24988
24990
24993
24995
24997
24998
25000
25001
25003
25005
25006
25007
25008
25009
25012
25013
25017
25027
25028
25031
25034
25035
25037
25039
25042
25050
25053
25056
25057
25062
25065
25068
25069
25070
25071
25072
25073
25076
25079
25080
25081
25084
25085
25086
25087
25089
25090
25091
25093
25096
25097
25102
25104
25105
25106
25107
25109
25113
25116
25120
25121
25122
25123
25124
25127
25129
25130
25131
25132
25133
25134
25135
25136
25137
25138
25140
25141
25142
25144
25145
25150
25151
25152
25153
25154
25156
25162
25164
25165
25167
25168
25172
25179
25180
25184
25191
25193
25194
25196
25198
25202
25203
25204
25205
25206
25212
25213
25218
25219
25220
25221
25222
25223
25224
25225
25226
25228
25230
25232
25233
25235
25236
25238
25241
25244
25247
25249
25250
25251
25260
25262
25266
25271
25272
25274
25276
25278
25280
25281
25282
25283
25284
25285
25287
25290
25292
25293
25295
25296
25297
25299
25300
25303
25304
25305
25308
25309
25310
25313
25315
25319
25323
25324
25328
25329
25332
25333
25334
25335
25336
25339
25341
25342
25346
25348
25350
25351
25353
25357
25358
25360
25362
25363
25364
25367
25369
25374
25375
25376
25377
25379
25380
25384
25387
25388
25389
25390
25392
25393
25396
25397
25399
25400
25401
25402
25403
25405
25408
25410
25411
25412
25413
25415
25417
25423
25425
25429
25433
25435
25436
25439
25440
25445
25446
25447
25448
25451
25453
25457
25459
25464
25467
25469
25470
25473
25474
25480
25482
25485
25486
25487
25488
25490
25491
25492
25493
25495
25496
25498
25503
25508
25509
25510
25511
25513
25515
25518
25519
25520
25521
25522
25525
25529
25534
25535
25536
25539
25540
25541
25547
25548
25549
25550
25551
25552
25553
25556
25557
25560
25561
25562
25563
25564
25565
25569
25576
25577
25579
25580
25581
25583
25584
25585
25587
25589
25591
25592
25593
25595
25596
25597
25599
25603
25605
25609
25611
25612
25615
25616
25617
25620
25622
25623
25624
25629
25634
25636
25640
25641
25642
25643
25644
25645
25647
25651
25652
25659
25662
25666
25667
25671
25672
25673
25676
25677
25678
25679
25680
25682
25683
25687
25690
25691
25696
25698
25700
25702
25703
25705
25707
25708
25709
25710
25716
25717
25718
25720
25721
25722
25726
25727
25728
25729
25733
25738
25741
25743
25745
25746
25748
25750
25752
25755
25756
25757
25761
25763
25765
25767
25768
25769
25777
25782
25783
25785
25786
25788
25790
25791
25793
25796
25797
25798
25800
25801
25803
25804
25805
25807
25809
25810
25812
25813
25815
25816
25819
25820
25821
25826
25828
25829
25830
25832
25835
25836
25838
25839
25846
25847
25848
25850
25851
25852
25853
25855
25858
25859
25863
25864
25866
25867
25873
25874
25875
25878
25879
25880
25881
25882
25883
25884
25886
25887
25888
25892
25894
25899
25904
25905
25907
25918
25919
25920
25921
25924
25925
25926
25927
25929
25930
25931
25932
25933
25934
25935
25938
25939
25941
25943
25944
25945
25948
25949
25952
25953
25957
25959
25961
25963
25964
25965
25966
25968
25970
25972
25973
25974
25975
25977
25983
25987
25988
25990
25992
25993
25995
25996
25997
25998
25999
26000
26001
26004
26005
26008
26010
26011
26014
26019
26023
26024
26026
26028
26031
26032
26035
26036
26038
26040
26041
26042
26043
26044
26047
26048
26052
26058
26062
26063
26066
26068
26071
26074
26075
26078
26079
26082
26083
26087
26090
26092
26093
26094
26095
26096
26099
26102
26103
26104
26107
26108
26109
26111
26115
26117
26119
26123
26124
26129
26132
26135
26136
26141
26143
26144
26147
26150
26151
26153
26154
26156
26158
26161
26163
26165
26167
26173
26174
26175
26179
26180
26191
26192
26194
26195
26196
26197
26198
26200
26202
26206
26209
26211
26213
26214
26215
26217
26222
26223
26224
26226
26229
26230
26233
26234
26235
26238
26242
26244
26250
26252
26256
26261
26263
26265
26267
26268
26271
26272
26273
26274
26276
26278
26279
26281
26283
26286
26287
26290
26291
26294
26295
26296
26299
26304
26305
26307
26308
26310
26312
26314
26315
26316
26319
26321
26322
26323
26326
26328
26329
26331
26333
26334
26335
26336
26342
26347
26348
26350
26352
26355
26357
26360
26361
26363
26364
26365
26366
26369
26371
26373
26376
26379
26380
26381
26384
26386
26388
26394
26395
26397
26398
26404
26406
26411
26413
26414
26416
26417
26419
26421
26424
26425
26429
26431
26432
26437
26439
26440
26446
26447
26448
26450
26454
26455
26456
26457
26459
26462
26464
26465
26467
26469
26471
26473
26474
26477
26479
26480
26482
26485
26486
26487
26489
26490
26491
26492
26502
26507
26508
26509
26513
26514
26515
26516
26517
26518
26519
26520
26521
26522
26523
26526
26528
26529
26530
26531
26532
26533
26534
26535
26536
26538
26539
26542
26544
26550
26551
26554
26556
26557
26559
26560
26561
26564
26565
26567
26568
26570
26572
26579
26580
26581
26585
26586
26587
26592
26595
26596
26598
26601
26602
26604
26605
26606
26607
26608
26609
26611
26612
26614
26615
26618
26620
26621
26622
26626
26628
26629
26630
26631
26632
26636
26637
26639
26640
26641
26643
26646
26652
26656
26657
26659
26660
26662
26664
26665
26666
26668
26671
26673
26679
26680
26682
26685
26686
26689
26690
26691
26692
26694
26696
26697
26698
26700
26701
26702
26703
26704
26706
26708
26709
26712
26714
26715
26716
26717
26719
26722
26724
26725
26728
26731
26734
26735
26736
26738
26739
26742
26743
26745
26746
26747
26749
26750
26752
26754
26755
26756
26759
26762
26763
26767
26768
26769
26770
26772
26776
26779
26780
26782
26785
26790
26791
26794
26796
26797
26800
26802
26803
26805
26806
26808
26813
26814
26817
26819
26820
26821
26822
26823
26826
26829
26835
26836
26837
26839
26842
26843
26845
26846
26847
26848
26849
26850
26851
26852
26853
26855
26856
26857
26859
26860
26861
26863
26864
26867
26868
26869
26873
26874
26875
26880
26881
26882
26883
26887
26888
26889
26891
26892
26893
26896
26898
26899
26901
26902
26904
26905
26906
26907
26908
26909
26910
26912
26913
26915
26916
26917
26919
26921
26922
26924
26927
26928
26929
26931
26935
26937
26942
26943
26947
26949
26950
26952
26954
26955
26959
26961
26964
26968
26969
26970
26972
26974
26975
26976
26977
26980
26983
26984
26986
26987
26988
26989
26990
26991
26994
26998
26999
27001
27002
27003
27004
27005
27006
27009
27012
27017
27019
27021
27022
27023
27025
27027
27030
27031
27032
27034
27035
27038
27039
27041
27046
27047
27048
27050
27051
27052
27055
27056
27058
27060
27061
27062
27063
27066
27067
27068
27069
27071
27072
27073
27076
27077
27078
27080
27086
27088
27090
27094
27097
27100
27104
27105
27109
27111
27112
27114
27116
27117
27118
27120
27122
27123
27130
27133
27140
27142
27144
27147
27149
27151
27152
27153
27154
27155
27165
27167
27168
27170
27171
27173
27177
27183
27184
27186
27187
27188
27189
27190
27193
27194
27197
27198
27199
27201
27203
27204
27205
27208
27210
27212
27213
27215
27216
27217
27218
27219
27221
27223
27224
27225
27227
27228
27230
27232
27235
27236
27237
27238
27240
27242
27243
27244
27246
27250
27251
27252
27253
27254
27255
27256
27257
27259
27264
27265
27266
27268
27270
27271
27272
27273
27275
27276
27277
27278
27280
27281
27282
27284
27285
27287
27288
27290
27291
27292
27294
27295
27297
27298
27301
27302
27308
27311
27312
27313
27314
27315
27316
27317
27319
27320
27321
27322
27325
27326
27328
27331
27332
27334
27337
27339
27341
27342
27345
27348
27350
27352
27355
27356
27362
27364
27365
27369
27372
27373
27376
27380
27382
27383
27386
27387
27388
27392
27393
27396
27398
27401
27404
27405
27406
27410
27415
27416
27417
27423
27424
27425
27426
27427
27428
27433
27437
27439
27440
27441
27443
27445
27446
27447
27448
27449
27450
27452
27454
27455
27458
27460
27464
27467
27469
27470
27472
27473
27474
27475
27476
27484
27487
27488
27489
27490
27491
27493
27495
27498
27500
27502
27504
27509
27511
27513
27517
27518
27519
27520
27523
27524
27525
27527
27528
27530
27531
27538
27540
27542
27543
27544
27546
27548
27549
27550
27551
27553
27555
27560
27562
27564
27565
27566
27567
27568
27569
27570
27575
27579
27580
27581
27582
27584
27586
27588
27589
27591
27593
27594
27599
27601
27602
27604
27610
27611
27612
27613
27618
27621
27622
27623
27624
27625
27627
27629
27630
27631
27632
27633
27634
27635
27636
27639
27640
27641
27642
27644
27648
27649
27650
27652
27653
27654
27658
27659
27660
27661
27662
27664
27665
27666
27668
27669
27671
27673
27674
27676
27677
27679
27680
27682
27683
27685
27686
27687
27689
27690
27691
27693
27694
27695
27696
27702
27703
27704
27706
27712
27718
27720
27721
27722
27723
27724
27728
27729
27730
27731
27733
27734
27735
27736
27739
27740
27741
27742
27743
27744
27745
27746
27747
27748
27750
27753
27754
27755
27757
27762
27763
27764
27765
27766
27769
27770
27771
27775
27776
27779
27780
27781
27782
27788
27789
27790
27792
27793
27794
27799
27801
27805
27806
27808
27809
27812
27815
27816
27817
27818
27819
27826
27827
27828
27829
27830
27831
27833
27835
27841
27845
27846
27848
27849
27850
27852
27854
27856
27859
27860
27863
27865
27866
27869
27870
27872
27873
27874
27877
27878
27879
27883
27884
27890
27894
27898
27900
27901
27906
27907
27909
27910
27912
27916
27917
27919
27920
27922
27926
27928
27930
27932
27933
27938
27939
27940
27943
27945
27946
27948
27949
27950
27951
27952
27953
27954
27956
27958
27960
27961
27962
27963
27964
27966
27967
27973
27974
27976
27979
27981
27982
27984
27985
27986
27987
27989
27990
27993
27994
27997
27998
27999
28000
28002
28006
28009
28013
28014
28015
28021
28023
28025
28026
28030
28035
28036
28037
28039
28045
28047
28048
28052
28056
28059
28066
28067
28069
28070
28072
28073
28074
28076
28078
28082
28083
28085
28088
28091
28094
28095
28097
28098
28099
28100
28101
28103
28104
28105
28107
28110
28112
28114
28115
28117
28123
28125
28127
28128
28131
28132
28133
28137
28140
28141
28144
28145
28149
28153
28155
28156
28158
28160
28161
28162
28165
28166
28167
28168
28172
28174
28176
28177
28178
28179
28180
28181
28183
28188
28190
28191
28192
28193
28195
28196
28200
28201
28202
28211
28213
28214
28216
28217
28218
28219
28222
28224
28225
28226
28227
28228
28229
28230
28231
28235
28236
28238
28240
28241
28244
28247
28249
28252
28253
28255
28257
28261
28262
28263
28264
28265
28266
28267
28269
28272
28278
28281
28285
28287
28288
28289
28295
28297
28300
28301
28303
28304
28305
28309
28310
28311
28312
28314
28315
28316
28317
28319
28320
28321
28322
28323
28324
28325
28326
28327
28330
28331
28333
28336
28338
28339
28344
28345
28346
28347
28348
28353
28357
28358
28359
28360
28361
28363
28364
28365
28366
28368
28372
28374
28375
28376
28378
28380
28383
28385
28388
28389
28390
28392
28393
28396
28398
28401
28402
28404
28405
28408
28409
28410
28413
28415
28416
28420
28423
28425
28427
28429
28430
28432
28435
28436
28439
28440
28444
28451
28452
28455
28456
28458
28459
28460
28469
28470
28472
28474
28476
28477
28478
28479
28482
28487
28490
28491
28492
28493
28494
28499
28500
28505
28508
28509
28510
28512
28514
28515
28518
28520
28522
28523
28526
28527
28532
28533
28535
28536
28543
28545
28546
28549
28554
28562
28566
28567
28570
28571
28572
28574
28576
28578
28579
28580
28588
28589
28590
28592
28595
28596
28597
28599
28602
28604
28605
28607
28608
28610
28613
28616
28617
28618
28622
28623
28624
28626
28629
28630
28633
28634
28635
28636
28639
28640
28641
28642
28643
28645
28646
28647
28648
28650
28651
28653
28654
28655
28656
28658
28661
28662
28665
28666
28667
28668
28670
28671
28672
28673
28674
28676
28677
28678
28682
28683
28684
28685
28686
28687
28688
28689
28691
28692
28694
28696
28698
28700
28702
28704
28708
28709
28710
28713
28716
28718
28719
28721
28722
28724
28726
28727
28728
28730
28731
28733
28735
28737
28738
28739
28743
28745
28750
28753
28754
28755
28756
28757
28758
28759
28760
28761
28762
28766
28768
28769
28770
28775
28776
28779
28782
28788
28789
28790
28791
28792
28795
28798
28802
28804
28805
28808
28809
28810
28812
28813
28815
28816
28817
28819
28820
28822
28823
28824
28825
28826
28829
28831
28833
28839
28840
28842
28843
28849
28851
28852
28859
28860
28862
28863
28869
28873
28875
28876
28879
28880
28884
28889
28890
28891
28894
28897
28898
28900
28902
28904
28909
28914
28915
28917
28918
28919
28920
28922
28923
28924
28930
28931
28932
28934
28936
28937
28940
28942
28948
28949
28950
28952
28953
28954
28955
28958
28959
28960
28962
28964
28965
28966
28969
28972
28973
28975
28976
28978
28979
28980
28983
28984
28985
28989
28990
28992
28995
28999
29000
29001
29002
29003
29007
29008
29010
29011
29014
29016
29017
29021
29022
29024
29025
29026
29028
29029
29035
29036
29038
29039
29042
29043
29045
29046
29047
29049
29050
29051
29053
29054
29056
29059
29063
29064
29065
29066
29068
29070
29071
29073
29085
29086
29090
29091
29095
29096
29099
29100
29103
29104
29105
29109
29110
29112
29115
29116
29118
29119
29120
29121
29122
29124
29126
29127
29129
29132
29133
29134
29135
29137
29138
29139
29140
29143
29146
29148
29150
29151
29152
29153
29156
29158
29159
29160
29162
29164
29165
29166
29169
29170
29173
29175
29176
29180
29182
29183
29184
29185
29186
29187
29189
29190
29191
29193
29195
29196
29198
29199
29200
29206
29207
29213
29214
29216
29217
29225
29226
29227
29229
29232
29233
29234
29237
29238
29240
29241
29245
29247
29249
29250
29253
29255
29257
29258
29260
29261
29262
29269
29271
29272
29273
29274
29275
29277
29278
29280
29281
29285
29288
29289
29292
29293
29295
29296
29306
29308
29309
29310
29311
29312
29313
29318
29320
29321
29322
29324
29325
29327
29328
29330
29335
29337
29340
29341
29342
29345
29347
29348
29351
29354
29356
29358
29361
29362
29363
29364
29366
29376
29377
29380
29381
29383
29384
29385
29386
29388
29393
29395
29397
29398
29399
29404
29405
29408
29410
29411
29413
29414
29416
29417
29420
29421
29423
29427
29428
29430
29431
29432
29435
29438
29442
29443
29444
29446
29452
29455
29456
29458
29462
29465
29470
29471
29472
29473
29475
29476
29477
29478
29479
29480
29481
29484
29486
29490
29491
29492
29494
29495
29497
29498
29500
29502
29506
29507
29508
29511
29513
29516
29517
29523
29528
29529
29530
29531
29532
29533
29535
29536
29538
29540
29541
29544
29545
29547
29552
29556
29557
29560
29561
29562
29569
29571
29575
29576
29578
29579
29583
29585
29586
29587
29588
29589
29592
29593
29595
29597
29599
29600
29601
29603
29605
29606
29608
29610
29616
29619
29623
29626
29628
29629
29631
29636
29637
29638
29639
29640
29642
29643
29645
29646
29647
29648
29650
29651
29652
29655
29657
29658
29661
29667
29668
29669
29670
29674
29680
29682
29683
29684
29687
29689
29693
29694
29696
29702
29705
29706
29707
29708
29709
29712
29713
29715
29716
29719
29722
29724
29725
29726
29727
29728
29730
29731
29733
29734
29738
29739
29742
29744
29745
29746
29747
29748
29751
29752
29756
29757
29758
29759
29765
29767
29768
29769
29770
29772
29773
29774
29777
29778
29779
29784
29785
29788
29793
29794
29798
29800
29806
29807
29808
29809
29810
29813
29815
29816
29817
29820
29821
29822
29823
29825
29827
29828
29829
29830
29831
29833
29838
29839
29840
29844
29845
29846
29847
29849
29851
29853
29855
29856
29857
29858
29860
29861
29864
29865
29870
29871
29874
29879
29880
29889
29891
29893
29895
29897
29899
29900
29901
29903
29905
29906
29913
29914
29916
29918
29919
29920
29921
29922
29924
29927
29930
29933
29934
29935
29940
29941
29942
29943
29944
29945
29950
29951
29952
29953
29954
29958
29961
29963
29966
29967
29968
29970
29971
29973
29974
29977
29979
29982
29983
29985
29988
29993
