1
5
7
8
10
11
13
14
15
16
18
20
21
22
23
26
29
30
31
32
36
37
39
41
42
43
46
47
49
50
53
54
55
56
62
65
66
67
68
69
71
72
73
74
76
77
80
81
83
85
88
89
91
92
93
94
97
99
100
101
103
104
105
106
107
110
113
114
116
117
118
119
120
121
122
126
127
128
130
131
132
135
139
143
144
146
147
150
155
156
157
159
161
162
163
166
168
170
174
175
177
184
185
186
188
189
191
193
195
196
197
203
205
206
207
208
211
212
213
216
218
219
220
224
226
228
230
231
232
235
237
238
239
242
250
251
252
253
254
255
256
259
260
263
266
267
269
270
272
274
276
281
282
283
284
285
287
288
289
290
291
292
293
294
296
297
298
301
305
307
310
312
315
316
317
318
319
320
324
327
328
330
333
334
335
336
337
338
340
343
345
346
347
349
350
351
353
355
357
358
359
360
363
366
367
368
369
371
373
375
376
379
386
387
388
389
390
392
393
395
397
398
399
401
408
409
410
414
416
417
419
421
422
426
427
428
433
435
436
437
438
440
441
442
443
444
445
447
449
451
452
456
458
460
461
462
465
466
467
471
472
473
475
476
477
480
481
485
486
488
492
493
495
496
498
501
506
508
510
511
514
516
517
518
519
521
522
523
528
529
530
531
532
533
535
536
538
540
541
543
544
546
547
549
552
553
554
555
559
560
562
564
565
568
569
573
575
577
580
584
585
587
588
590
591
593
597
599
600
601
605
607
608
609
611
612
613
614
615
616
618
619
621
622
625
634
635
636
637
640
641
642
643
644
645
647
649
652
655
657
658
660
663
664
665
668
671
672
673
674
675
679
680
681
682
684
685
686
687
688
690
692
694
697
698
699
700
701
705
707
709
711
712
713
715
716
719
725
728
731
732
736
737
738
741
743
746
747
750
752
753
754
755
758
759
763
764
765
770
771
772
773
774
777
778
782
784
785
787
788
789
790
794
796
797
799
801
803
805
807
808
809
810
813
815
816
817
818
823
824
826
827
828
829
830
831
833
837
838
840
843
844
846
847
848
849
853
856
858
861
862
864
867
870
871
873
875
876
878
879
880
881
882
885
886
891
892
893
894
895
897
898
899
903
904
907
908
911
916
917
918
922
924
926
927
928
930
931
932
933
934
937
939
944
947
948
949
953
954
957
959
964
965
967
969
970
971
972
974
976
977
978
980
981
982
983
984
985
986
987
988
989
992
995
996
997
999
1000
1002
1003
1005
1007
1009
1011
1014
1015
1018
1019
1020
1022
1023
1025
1027
1029
1030
1031
1032
1033
1035
1037
1041
1049
1050
1051
1053
1055
1058
1060
1062
1063
1065
1069
1073
1076
1078
1079
1080
1081
1082
1084
1085
1090
1091
1094
1096
1097
1098
1101
1104
1106
1107
1109
1110
1112
1113
1114
1116
1118
1121
1124
1125
1126
1129
1130
1131
1134
1135
1136
1137
1138
1139
1141
1142
1144
1145
1147
1148
1149
1150
1151
1153
1154
1157
1159
1160
1161
1162
1164
1165
1168
1170
1171
1172
1173
1175
1176
1177
1180
1181
1182
1185
1193
1196
1198
1199
1202
1205
1208
1209
1211
1212
1214
1215
1217
1218
1219
1220
1222
1226
1229
1230
1231
1232
1234
1236
1237
1238
1240
1241
1242
1244
1245
1246
1247
1248
1249
1250
1253
1254
1257
1258
1259
1260
1261
1262
1264
1267
1270
1272
1274
1275
1277
1278
1282
1285
1286
1288
1289
1290
1291
1292
1293
1294
1295
1297
1298
1300
1301
1304
1305
1306
1307
1308
1309
1310
1311
1312
1313
1314
1315
1316
1319
1320
1321
1322
1326
1329
1331
1333
1334
1339
1341
1349
1350
1351
1352
1354
1357
1358
1363
1364
1365
1366
1368
1369
1377
1378
1379
1380
1381
1383
1384
1387
1391
1392
1394
1395
1398
1400
1401
1403
1405
1410
1411
1412
1413
1415
1418
1419
1421
1422
1425
1427
1429
1430
1431
1434
1435
1447
1448
1451
1452
1453
1454
1456
1458
1460
1461
1462
1463
1464
1467
1469
1470
1472
1473
1478
1479
1480
1481
1483
1484
1485
1488
1492
1493
1496
1500
1501
1502
1503
1505
1506
1507
1509
1511
1513
1519
1521
1525
1526
1527
1528
1529
1530
1531
1536
1539
1540
1541
1542
1543
1549
1550
1551
1552
1553
1556
1557
1558
1559
1560
1562
1564
1565
1566
1567
1568
1569
1570
1572
1573
1577
1579
1580
1582
1583
1585
1586
1587
1589
1590
1591
1593
1597
1598
1600
1601
1607
1608
1609
1612
1613
1614
1615
1617
1620
1621
1623
1625
1626
1627
1628
1629
1630
1633
1637
1638
1640
1642
1645
1646
1647
1650
1651
1653
1654
1655
1656
1663
1664
1665
1666
1670
1671
1674
1676
1677
1681
1682
1684
1689
1692
1693
1694
1696
1698
1699
1701
1702
1704
1705
1706
1707
1709
1710
1711
1712
1715
1716
1717
1718
1721
1723
1724
1728
1729
1731
1733
1735
1737
1738
1739
1741
1744
1746
1747
1748
1749
1752
1757
1758
1759
1760
1761
1763
1765
1766
1767
1768
1769
1772
1773
1774
1776
1777
1779
1781
1782
1783
1784
1785
1786
1789
1790
1791
1795
1796
1798
1799
1800
1802
1803
1805
1806
1809
1810
1812
1813
1815
1817
1818
1819
1821
1822
1823
1824
1825
1830
1831
1832
1833
1835
1839
1840
1842
1843
1844
1845
1846
1847
1850
1851
1854
1859
1860
1862
1863
1866
1869
1870
1871
1872
1875
1880
1882
1884
1887
1889
1890
1893
1894
1898
1899
1901
1903
1904
1906
1907
1908
1914
1915
1917
1919
1920
1921
1922
1923
1924
1925
1928
1930
1932
1933
1935
1936
1938
1939
1941
1942
1944
1946
1947
1948
1950
1951
1952
1953
1954
1958
1959
1961
1963
1965
1968
1969
1970
1976
1978
1979
1980
1981
1984
1986
1991
1995
1997
1998
1999
2001
2003
2005
2008
2009
2010
2011
2012
2013
2015
2017
2018
2019
2020
2021
2023
2024
2027
2028
2029
2032
2033
2035
2036
2037
2038
2041
2045
2046
2047
2049
2050
2051
2055
2056
2058
2059
2061
2063
2068
2071
2074
2075
2076
2077
2080
2081
2083
2085
2087
2089
2091
2092
2093
2096
2097
2099
2100
2102
2103
2108
2109
2111
2112
2115
2116
2117
2118
2119
2122
2123
2127
2129
2130
2132
2133
2135
2136
2137
2139
2145
2146
2148
2149
2150
2152
2156
2158
2159
2160
2161
2162
2164
2166
2168
2169
2170
2171
2175
2182
2183
2184
2187
2188
2189
2190
2191
2193
2194
2195
2196
2197
2202
2203
2204
2208
2213
2215
2217
2219
2222
2223
2224
2227
2229
2232
2233
2234
2235
2236
2240
2244
2245
2246
2248
2249
2250
2251
2254
2258
2260
2261
2262
2271
2272
2273
2274
2275
2276
2277
2278
2279
2281
2282
2285
2286
2288
2289
2290
2291
2292
2293
2294
2295
2297
2298
2300
2301
2302
2304
2305
2312
2313
2314
2317
2318
2320
2324
2326
2328
2329
2332
2333
2335
2336
2338
2340
2342
2346
2347
2349
2350
2353
2355
2356
2359
2360
2362
2363
2364
2366
2367
2368
2371
2372
2373
2374
2377
2378
2379
2380
2382
2383
2390
2396
2400
2402
2403
2404
2405
2408
2410
2413
2414
2415
2416
2417
2418
2419
2420
2421
2425
2426
2428
2429
2430
2431
2433
2434
2435
2436
2438
2443
2448
2449
2450
2451
2452
2455
2458
2459
2460
2461
2463
2464
2465
2470
2471
2475
2476
2479
2480
2487
2488
2489
2490
2491
2494
2496
2498
2500
2502
2503
2505
2506
2507
2512
2513
2516
2517
2518
2519
2521
2522
2523
2525
2527
2528
2530
2534
2538
2539
2546
2548
2549
2551
2555
2557
2558
2560
2562
2563
2565
2566
2567
2568
2569
2570
2572
2576
2577
2579
2582
2583
2585
2586
2589
2591
2593
2595
2596
2598
2599
2606
2608
2610
2612
2613
2615
2616
2618
2620
2622
2623
2627
2628
2632
2636
2637
2638
2639
2640
2641
2642
2643
2645
2646
2647
2648
2651
2656
2657
2661
2664
2665
2668
2669
2671
2675
2677
2679
2683
2684
2685
2686
2687
2694
2695
2696
2701
2703
2706
2708
2710
2715
2716
2717
2720
2722
2725
2728
2729
2730
2731
2733
2735
2737
2738
2740
2741
2746
2750
2751
2752
2753
2754
2755
2757
2758
2759
2760
2761
2762
2766
2769
2770
2772
2773
2774
2777
2780
2783
2784
2785
2786
2788
2790
2791
2794
2795
2796
2798
2802
2803
2804
2805
2806
2810
2811
2812
2816
2817
2819
2820
2821
2823
2824
2829
2830
2831
2834
2835
2836
2839
2841
2844
2845
2846
2847
2848
2849
2850
2851
2852
2853
2854
2855
2857
2858
2859
2860
2861
2862
2863
2864
2872
2873
2874
2875
2877
2879
2881
2882
2884
2886
2887
2888
2890
2891
2895
2897
2898
2900
2903
2904
2905
2906
2908
2909
2912
2915
2917
2920
2923
2929
2930
2931
2937
2940
2941
2942
2943
2944
2947
2948
2949
2950
2951
2952
2953
2957
2958
2961
2964
2965
2966
2967
2968
2969
2970
2971
2973
2978
2979
2980
2983
2986
2994
2998
2999
3000
3002
3005
3007
3008
3009
3011
3012
3014
3015
3019
3021
3022
3023
3025
3026
3027
3029
3031
3032
3036
3038
3039
3040
3041
3043
3046
3048
3049
3051
3053
3054
3056
3057
3058
3059
3060
3061
3063
3065
3066
3068
3069
3071
3073
3074
3075
3077
3078
3079
3081
3087
3089
3091
3093
3095
3099
3101
3103
3104
3107
3108
3109
3110
3113
3115
3117
3118
3120
3121
3123
3127
3128
3129
3131
3132
3133
3135
3136
3138
3139
3141
3144
3147
3150
3151
3153
3154
3156
3157
3158
3159
3160
3163
3165
3166
3168
3169
3171
3174
3175
3177
3179
3182
3185
3186
3187
3189
3190
3191
3192
3196
3197
3198
3199
3201
3203
3208
3211
3212
3213
3215
3217
3218
3221
3222
3223
3225
3227
3228
3229
3230
3231
3232
3236
3239
3241
3242
3243
3244
3246
3249
3250
3252
3253
3254
3255
3256
3258
3259
3260
3262
3263
3264
3265
3266
3267
3269
3270
3271
3276
3277
3278
3280
3284
3285
3286
3287
3288
3293
3297
3299
3301
3308
3309
3314
3315
3316
3318
3319
3322
3323
3325
3327
3328
3330
3332
3334
3335
3336
3337
3338
3340
3341
3342
3343
3344
3345
3348
3349
3351
3353
3356
3357
3360
3363
3364
3365
3367
3368
3371
3372
3373
3375
3376
3381
3382
3383
3384
3386
3387
3390
3391
3392
3393
3395
3398
3399
3401
3404
3405
3407
3408
3409
3410
3413
3416
3418
3420
3421
3425
3427
3429
3430
3433
3434
3435
3436
3437
3438
3440
3443
3444
3446
3448
3449
3450
3451
3453
3454
3456
3459
3460
3462
3464
3465
3467
3468
3469
3473
3477
3479
3480
3481
3484
3486
3487
3488
3489
3490
3491
3492
3494
3496
3498
3499
3501
3504
3505
3506
3507
3511
3512
3513
3514
3515
3519
3520
3521
3522
3526
3528
3529
3530
3531
3533
3536
3539
3540
3541
3543
3546
3550
3551
3554
3557
3558
3560
3561
3562
3563
3565
3573
3574
3575
3580
3582
3583
3584
3585
3586
3587
3590
3594
3595
3596
3598
3599
3606
3608
3609
3611
3613
3614
3617
3618
3619
3620
3621
3622
3625
3626
3627
3632
3633
3634
3635
3636
3637
3638
3639
3647
3649
3652
3653
3654
3655
3658
3661
3662
3663
3664
3665
3666
3668
3669
3670
3674
3676
3677
3678
3681
3682
3683
3684
3685
3686
3688
3691
3692
3699
3703
3707
3709
3712
3713
3714
3716
3718
3719
3720
3721
3722
3723
3724
3725
3726
3728
3729
3730
3733
3736
3738
3740
3746
3747
3748
3749
3750
3751
3754
3755
3757
3760
3763
3764
3767
3769
3771
3772
3773
3774
3778
3781
3782
3785
3789
3791
3792
3793
3795
3797
3798
3802
3803
3804
3805
3806
3807
3808
3809
3810
3811
3813
3814
3815
3817
3822
3823
3824
3827
3829
3830
3831
3835
3836
3837
3838
3843
3846
3847
3848
3849
3851
3852
3853
3854
3856
3857
3859
3861
3867
3868
3869
3872
3874
3878
3879
3880
3881
3882
3883
3885
3886
3888
3891
3893
3896
3897
3900
3901
3902
3903
3904
3909
3911
3912
3915
3917
3918
3919
3920
3922
3923
3925
3926
3928
3929
3931
3933
3935
3936
3937
3938
3939
3942
3944
3946
3948
3949
3951
3953
3954
3955
3956
3958
3960
3961
3965
3966
3968
3969
3972
3973
3977
3979
3980
3981
3989
3994
3995
3996
4001
4002
4007
4012
4013
4019
4022
4023
4024
4027
4028
4029
4030
4031
4032
4035
4036
4038
4040
4042
4043
4045
4047
4049
4050
4051
4053
4055
4056
4059
4061
4063
4069
4072
4073
4074
4075
4077
4078
4080
4084
4085
4086
4087
4088
4089
4090
4092
4094
4095
4096
4099
4100
4104
4105
4107
4108
4110
4111
4112
4114
4115
4116
4119
4120
4121
4122
4123
4125
4126
4127
4128
4129
4130
4132
4133
4136
4138
4141
4143
4144
4147
4148
4149
4153
4157
4159
4160
4161
4162
4163
4164
4167
4169
4170
4175
4176
4178
4180
4181
4183
4184
4185
4187
4189
4190
4192
4194
4196
4198
4199
4200
4201
4205
4207
4208
4209
4210
4212
4214
4215
4216
4217
4218
4219
4220
4222
4223
4224
4227
4231
4232
4233
4234
4235
4236
4238
4242
4244
4246
4247
4250
4251
4253
4254
4255
4256
4257
4258
4261
4262
4263
4264
4265
4266
4267
4270
4271
4275
4277
4278
4280
4284
4286
4287
4288
4289
4291
4292
4293
4295
4296
4297
4298
4299
4301
4303
4304
4305
4306
4307
4309
4310
4312
4315
4319
4320
4321
4322
4324
4327
4328
4330
4334
4335
4337
4338
4346
4348
4349
4350
4351
4352
4353
4354
4356
4357
4358
4359
4363
4365
4367
4368
4369
4371
4373
4374
4375
4378
4380
4382
4383
4386
4387
4388
4389
4390
4393
4394
4395
4396
4397
4400
4404
4405
4406
4407
4408
4409
4410
4411
4412
4414
4415
4420
4421
4423
4425
4428
4429
4433
4434
4435
4436
4437
4438
4439
4441
4442
4445
4446
4447
4449
4451
4452
4453
4454
4455
4462
4464
4468
4470
4471
4473
4475
4477
4479
4480
4481
4486
4487
4490
4493
4494
4495
4496
4498
4499
4502
4503
4504
4506
4508
4509
4510
4512
4513
4514
4515
4517
4518
4520
4523
4524
4526
4530
4531
4533
4534
4535
4536
4537
4539
4541
4543
4544
4545
4546
4549
4557
4558
4559
4563
4564
4565
4566
4568
4569
4570
4572
4573
4574
4576
4577
4579
4580
4581
4583
4584
4586
4589
4590
4592
4594
4596
4602
4603
4604
4607
4608
4609
4611
4612
4613
4617
4618
4619
4621
4624
4625
4626
4627
4628
4630
4632
4634
4635
4637
4639
4640
4641
4642
4648
4650
4653
4654
4656
4658
4660
4662
4663
4665
4666
4667
4668
4670
4672
4677
4680
4681
4682
4683
4684
4688
4689
4690
4693
4694
4695
4696
4698
4700
4702
4703
4704
4705
4707
4708
4710
4712
4713
4717
4719
4720
4724
4726
4728
4729
4730
4731
4735
4736
4737
4738
4739
4741
4742
4743
4745
4746
4747
4752
4755
4757
4758
4761
4763
4766
4769
4771
4775
4777
4778
4780
4783
4784
4785
4786
4787
4788
4789
4790
4791
4792
4794
4795
4796
4797
4798
4799
4802
4804
4805
4807
4810
4814
4815
4817
4819
4820
4821
4822
4824
4826
4828
4830
4832
4833
4834
4835
4836
4837
4838
4842
4843
4844
4845
4846
4848
4849
4850
4851
4857
4859
4861
4865
4866
4868
4870
4871
4874
4876
4877
4878
4879
4880
4881
4882
4884
4887
4888
4897
4898
4899
4900
4901
4902
4905
4907
4908
4909
4913
4914
4917
4919
4922
4923
4924
4926
4929
4931
4932
4933
4934
4936
4937
4939
4940
4942
4944
4945
4948
4949
4951
4952
4954
4956
4957
4958
4959
4962
4963
4967
4968
4969
4970
4972
4975
4977
4978
4980
4991
4992
4993
4994
4995
4996
4997
4998
5000
5001
5002
5005
5006
5007
5009
5011
5012
5013
5014
5018
5019
5022
5023
5024
5025
5029
5030
5031
5033
5034
5037
5038
5044
5048
5049
5050
5052
5053
5055
5060
5063
5070
5072
5074
5081
5082
5085
5086
5091
5093
5094
5096
5097
5099
5100
5101
5102
5103
5104
5107
5109
5110
5111
5112
5113
5114
5115
5117
5118
5119
5121
5124
5126
5127
5128
5130
5131
5132
5133
5135
5137
5138
5139
5142
5146
5149
5151
5155
5158
5159
5161
5162
5163
5170
5171
5176
5177
5179
5180
5182
5183
5185
5186
5188
5189
5190
5191
5192
5194
5196
5197
5199
5201
5202
5204
5205
5209
5210
5212
5213
5214
5215
5217
5219
5222
5223
5224
5225
5226
5227
5230
5235
5237
5238
5241
5246
5251
5256
5257
5258
5259
5261
5262
5266
5268
5271
5272
5273
5274
5275
5279
5282
5283
5284
5285
5288
5289
5290
5291
5294
5296
5299
5300
5301
5302
5305
5306
5308
5309
5312
5313
5316
5317
5318
5319
5322
5323
5325
5326
5327
5332
5333
5338
5339
5340
5341
5342
5343
5345
5347
5348
5349
5350
5352
5354
5355
5356
5357
5358
5359
5365
5367
5369
5373
5375
5377
5378
5382
5383
5385
5387
5389
5391
5392
5398
5403
5404
5405
5410
5411
5412
5413
5415
5416
5419
5421
5422
5423
5425
5429
5430
5431
5434
5435
5436
5437
5438
5439
5440
5442
5443
5444
5447
5448
5453
5454
5455
5456
5457
5458
5460
5461
5463
5464
5471
5472
5473
5474
5476
5477
5479
5481
5484
5488
5489
5491
5493
5495
5497
5498
5499
5503
5504
5505
5511
5512
5515
5519
5521
5524
5526
5529
5530
5531
5533
5535
5540
5541
5543
5544
5545
5546
5549
5556
5557
5560
5561
5564
5567
5570
5572
5582
5583
5584
5587
5590
5594
5598
5602
5603
5604
5605
5606
5607
5609
5610
5611
5615
5618
5619
5621
5628
5630
5631
5636
5637
5638
5640
5641
5642
5645
5646
5649
5650
5652
5655
5656
5659
5660
5661
5662
5663
5665
5666
5667
5668
5671
5672
5674
5676
5678
5679
5680
5681
5682
5684
5685
5686
5689
5690
5691
5692
5696
5697
5698
5700
5703
5704
5706
5707
5708
5711
5712
5715
5716
5717
5718
5723
5724
5728
5730
5731
5732
5735
5736
5737
5739
5740
5741
5747
5750
5751
5752
5755
5757
5759
5760
5761
5762
5764
5765
5766
5771
5772
5774
5775
5778
5781
5782
5785
5789
5790
5792
5794
5795
5798
5799
5800
5802
5803
5804
5805
5806
5807
5808
5810
5811
5812
5813
5815
5817
5818
5819
5823
5824
5829
5831
5832
5833
5837
5838
5843
5844
5845
5847
5848
5849
5852
5857
5858
5859
5862
5864
5865
5869
5870
5872
5874
5875
5876
5877
5879
5883
5884
5886
5891
5892
5893
5894
5895
5897
5898
5900
5901
5903
5905
5906
5907
5909
5910
5911
5913
5919
5920
5921
5923
5925
5927
5929
5931
5932
5934
5935
5937
5938
5939
5941
5944
5946
5949
5951
5953
5956
5957
5958
5959
5960
5961
5964
5965
5970
5971
5973
5974
5977
5978
5979
5980
5982
5984
5994
5995
5996
5997
5999
6000
6001
6002
6003
6004
6006
6007
6008
6010
6011
6015
6018
6021
6022
6023
6024
6028
6030
6031
6032
6035
6036
6038
6042
6043
6044
6045
6047
6049
6050
6052
6053
6056
6057
6058
6059
6063
6065
6071
6074
6076
6077
6078
6079
6080
6083
6084
6086
6087
6088
6089
6092
6093
6096
6098
6100
6101
6103
6105
6107
6108
6109
6111
6113
6116
6118
6119
6120
6122
6124
6127
6128
6129
6130
6137
6140
6141
6142
6146
6149
6152
6154
6157
6158
6159
6161
6163
6168
6170
6171
6176
6178
6182
6184
6185
6187
6189
6193
6195
6197
6200
6202
6203
6204
6205
6206
6208
6210
6212
6213
6219
6220
6221
6222
6225
6227
6228
6231
6232
6235
6236
6237
6238
6239
6240
6244
6246
6247
6248
6249
6250
6251
6253
6254
6257
6258
6259
6261
6262
6265
6266
6267
6268
6269
6270
6271
6274
6275
6277
6280
6281
6283
6284
6285
6288
6289
6290
6291
6292
6294
6298
6299
6300
6301
6302
6305
6309
6310
6311
6313
6314
6315
6316
6319
6324
6325
6327
6329
6330
6332
6333
6334
6335
6337
6338
6339
6341
6342
6344
6345
6349
6351
6352
6354
6355
6358
6359
6360
6361
6362
6363
6364
6368
6369
6370
6371
6373
6374
6377
6381
6383
6384
6385
6386
6388
6390
6393
6395
6397
6399
6402
6406
6407
6408
6411
6412
6415
6416
6417
6418
6419
6423
6426
6428
6430
6432
6434
6435
6437
6440
6441
6442
6443
6444
6445
6447
6448
6449
6450
6452
6454
6455
6456
6460
6461
6462
6465
6468
6477
6479
6481
6483
6484
6485
6486
6489
6490
6491
6493
6499
6503
6505
6508
6509
6510
6512
6517
6524
6526
6527
6531
6532
6533
6534
6535
6537
6538
6539
6540
6542
6543
6544
6545
6546
6547
6548
6549
6550
6551
6553
6554
6555
6556
6557
6558
6562
6563
6566
6568
6569
6571
6572
6573
6576
6577
6579
6583
6584
6586
6587
6588
6589
6590
6591
6592
6594
6595
6597
6598
6601
6603
6606
6607
6609
6610
6611
6612
6613
6616
6617
6618
6622
6625
6626
6628
6629
6631
6633
6635
6636
6639
6642
6643
6645
6651
6653
6656
6660
6662
6665
6668
6670
6671
6672
6673
6677
6678
6680
6682
6683
6685
6686
6688
6689
6694
6696
6697
6700
6701
6706
6711
6712
6713
6721
6722
6723
6724
6725
6729
6730
6731
6732
6735
6736
6739
6741
6742
6743
6744
6745
6754
6755
6757
6761
6762
6763
6766
6767
6768
6769
6770
6771
6780
6782
6785
6787
6788
6789
6790
6791
6793
6796
6797
6798
6804
6805
6807
6808
6809
6810
6813
6814
6815
6816
6819
6820
6825
6826
6830
6831
6833
6834
6835
6836
6837
6839
6841
6842
6844
6845
6846
6849
6850
6851
6852
6853
6855
6856
6857
6858
6860
6864
6865
6866
6867
6868
6869
6871
6872
6874
6875
6877
6879
6880
6883
6884
6885
6886
6890
6893
6895
6897
6900
6902
6904
6905
6907
6910
6913
6920
6923
6924
6925
6930
6934
6935
6938
6939
6940
6941
6943
6944
6950
6951
6956
6958
6959
6961
6963
6964
6967
6968
6973
6976
6978
6979
6982
6983
6985
6986
6988
6989
6990
6991
6992
6994
6996
6998
7001
7006
7007
7009
7010
7011
7012
7019
7020
7022
7025
7026
7028
7029
7031
7032
7035
7036
7037
7038
7039
7040
7041
7046
7047
7048
7049
7050
7053
7056
7058
7059
7061
7063
7064
7067
7068
7070
7071
7072
7073
7074
7075
7080
7081
7082
7084
7092
7095
7096
7100
7102
7107
7109
7110
7111
7112
7117
7118
7119
7120
7122
7125
7127
7129
7132
7134
7135
7137
7139
7140
7144
7148
7149
7151
7152
7158
7160
7161
7162
7163
7164
7165
7168
7169
7171
7172
7173
7174
7175
7176
7184
7187
7190
7192
7195
7196
7201
7203
7207
7211
7216
7217
7220
7222
7223
7224
7225
7227
7228
7231
7236
7239
7242
7244
7245
7246
7250
7253
7254
7255
7256
7258
7260
7261
7262
7265
7266
7267
7268
7269
7271
7272
7273
7278
7281
7283
7285
7288
7289
7293
7296
7297
7298
7301
7302
7304
7305
7306
7308
7309
7313
7315
7316
7317
7318
7319
7322
7323
7324
7325
7326
7327
7328
7329
7330
7333
7334
7335
7336
7337
7339
7342
7345
7346
7349
7350
7355
7356
7359
7361
7362
7363
7364
7367
7369
7371
7373
7374
7377
7379
7383
7386
7387
7390
7391
7394
7395
7399
7403
7405
7408
7411
7413
7414
7415
7417
7423
7424
7426
7429
7431
7432
7433
7436
7437
7439
7441
7446
7449
7452
7453
7456
7457
7460
7461
7462
7465
7467
7468
7469
7470
7471
7473
7475
7477
7479
7481
7484
7486
7487
7489
7492
7493
7494
7495
7498
7499
7500
7501
7502
7503
7505
7506
7508
7509
7510
7512
7516
7518
7521
7522
7523
7524
7526
7527
7528
7529
7531
7533
7535
7536
7537
7541
7542
7547
7553
7554
7555
7559
7560
7561
7563
7564
7567
7570
7574
7576
7578
7581
7583
7585
7587
7588
7591
7593
7594
7596
7598
7599
7602
7604
7605
7606
7608
7609
7610
7612
7615
7616
7617
7618
7619
7621
7622
7623
7624
7625
7628
7629
7630
7631
7633
7635
7638
7639
7640
7641
7643
7645
7646
7648
7652
7654
7655
7657
7658
7659
7660
7662
7666
7668
7671
7674
7675
7677
7678
7679
7681
7683
7684
7687
7688
7689
7690
7691
7693
7695
7696
7700
7701
7703
7704
7706
7709
7710
7711
7713
7714
7719
7721
7724
7725
7729
7737
7738
7739
7743
7744
7746
7748
7749
7750
7753
7755
7756
7759
7760
7761
7762
7763
7764
7767
7770
7772
7773
7775
7777
7779
7780
7781
7783
7785
7787
7788
7790
7794
7795
7797
7799
7800
7802
7806
7808
7812
7816
7817
7818
7820
7823
7825
7826
7828
7829
7830
7831
7832
7833
7836
7840
7841
7843
7845
7846
7847
7848
7849
7851
7853
7854
7855
7857
7858
7859
7864
7865
7867
7870
7871
7874
7876
7878
7879
7884
7885
7886
7891
7894
7896
7897
7901
7902
7903
7904
7906
7908
7911
7912
7913
7916
7917
7918
7919
7920
7922
7923
7926
7927
7928
7932
7933
7934
7936
7938
7939
7942
7943
7944
7945
7946
7947
7948
7949
7953
7954
7955
7956
7958
7959
7960
7961
7964
7966
7968
7971
7974
7975
7976
7977
7979
7985
7990
7992
7993
7995
7996
7998
7999
8000
8002
8003
8008
8009
8010
8011
8013
8014
8015
8016
8017
8018
8020
8027
8028
8029
8031
8034
8035
8038
8039
8041
8047
8049
8052
8053
8056
8057
8059
8060
8062
8064
8069
8072
8073
8074
8076
8079
8081
8082
8085
8086
8087
8088
8091
8092
8095
8096
8098
8100
8101
8106
8107
8109
8111
8112
8114
8115
8116
8122
8123
8125
8127
8128
8129
8131
8134
8137
8140
8141
8142
8144
8145
8146
8147
8148
8151
8155
8161
8163
8165
8171
8173
8176
8177
8178
8179
8180
8182
8183
8184
8186
8190
8192
8198
8199
8200
8207
8209
8210
8213
8215
8216
8217
8218
8219
8222
8225
8229
8230
8237
8238
8239
8242
8243
8244
8245
8247
8248
8253
8255
8258
8259
8261
8263
8264
8266
8269
8270
8274
8276
8278
8280
8282
8285
8288
8291
8295
8296
8297
8299
8301
8302
8306
8310
8313
8315
8318
8320
8322
8323
8324
8325
8326
8327
8328
8330
8331
8333
8335
8338
8339
8344
8346
8348
8350
8351
8352
8354
8357
8360
8362
8363
8366
8367
8371
8372
8376
8385
8387
8389
8391
8392
8393
8398
8400
8401
8402
8405
8407
8409
8410
8411
8417
8421
8422
8426
8427
8428
8431
8433
8435
8436
8437
8439
8441
8443
8444
8445
8447
8453
8454
8457
8458
8459
8462
8464
8465
8467
8468
8471
8472
8473
8474
8475
8476
8478
8479
8480
8481
8483
8486
8488
8489
8490
8492
8493
8494
8496
8501
8502
8504
8509
8512
8513
8514
8515
8516
8517
8519
8521
8522
8523
8524
8527
8529
8530
8532
8534
8536
8538
8541
8542
8543
8546
8547
8548
8552
8553
8556
8557
8560
8562
8563
8564
8565
8566
8569
8570
8571
8572
8575
8576
8577
8578
8579
8580
8581
8582
8583
8585
8587
8589
8590
8591
8592
8593
8595
8596
8602
8604
8605
8606
8608
8610
8611
8614
8615
8621
8625
8626
8627
8630
8633
8635
8638
8640
8641
8643
8645
8646
8647
8648
8649
8650
8655
8656
8657
8658
8659
8662
8664
8666
8667
8668
8669
8670
8672
8678
8679
8681
8682
8684
8685
8687
8689
8695
8696
8698
8701
8702
8705
8707
8708
8710
8716
8719
8722
8723
8725
8727
8728
8730
8731
8732
8734
8736
8737
8742
8744
8746
8754
8755
8760
8764
8765
8768
8769
8770
8774
8776
8780
8786
8787
8788
8789
8793
8794
8795
8796
8800
8801
8803
8805
8806
8811
8813
8814
8816
8817
8818
8819
8825
8827
8828
8831
8833
8837
8839
8840
8841
8842
8843
8844
8845
8846
8847
8848
8849
8851
8852
8855
8858
8859
8862
8863
8864
8867
8869
8870
8871
8873
8877
8878
8881
8882
8884
8885
8886
8888
8889
8892
8894
8897
8900
8902
8903
8904
8906
8911
8917
8919
8921
8924
8925
8926
8927
8929
8933
8934
8935
8936
8937
8939
8942
8943
8946
8947
8948
8950
8952
8953
8954
8955
8960
8961
8962
8963
8964
8966
8967
8970
8972
8974
8976
8977
8978
8979
8980
8982
8983
8984
8987
8989
8990
8991
8992
8993
8996
8997
9002
9003
9004
9006
9008
9011
9012
9013
9015
9017
9019
9021
9023
9024
9025
9027
9029
9031
9033
9034
9036
9039
9045
9047
9048
9049
9053
9057
9058
9062
9063
9065
9071
9072
9073
9075
9078
9079
9080
9081
9082
9083
9085
9086
9088
9089
9090
9096
9100
9101
9103
9104
9109
9115
9118
9119
9120
9121
9122
9123
9124
9125
9127
9128
9129
9131
9132
9133
9140
9141
9144
9145
9146
9149
9150
9151
9155
9156
9158
9159
9161
9162
9163
9164
9165
9168
9169
9175
9178
9181
9183
9184
9185
9190
9191
9193
9194
9195
9196
9198
9200
9201
9202
9203
9210
9211
9213
9217
9219
9220
9222
9223
9228
9229
9231
9232
9237
9238
9241
9248
9250
9251
9253
9254
9255
9258
9259
9260
9261
9264
9265
9271
9272
9277
9278
9279
9280
9281
9282
9284
9286
9289
9291
9292
9294
9295
9297
9299
9300
9301
9302
9304
9306
9307
9309
9310
9313
9317
9318
9321
9323
9327
9328
9331
9332
9333
9334
9337
9343
9344
9345
9346
9348
9349
9351
9352
9353
9354
9355
9356
9359
9360
9363
9366
9367
9369
9371
9372
9375
9376
9382
9383
9388
9390
9391
9393
9394
9395
9397
9398
9399
9401
9402
9403
9404
9406
9407
9408
9411
9412
9413
9414
9417
9418
9422
9424
9425
9431
9432
9436
9439
9443
9444
9445
9447
9448
9450
9451
9453
9454
9455
9458
9459
9462
9463
9464
9466
9468
9469
9471
9474
9475
9476
9477
9480
9482
9483
9484
9486
9489
9490
9491
9493
9494
9495
9497
9498
9499
9500
9501
9503
9504
9505
9507
9509
9510
9512
9514
9515
9516
9517
9518
9519
9524
9525
9527
9529
9530
9531
9532
9536
9537
9541
9542
9543
9544
9546
9550
9551
9552
9554
9555
9556
9557
9558
9559
9560
9561
9563
9564
9567
9569
9570
9572
9573
9574
9575
9576
9577
9578
9579
9580
9586
9587
9589
9590
9591
9592
9595
9598
9599
9600
9601
9602
9604
9605
9607
9609
9610
9612
9616
9617
9618
9619
9620
9623
9625
9627
9628
9630
9632
9633
9635
9636
9637
9638
9640
9642
9646
9647
9648
9651
9653
9655
9657
9659
9660
9661
9663
9664
9665
9666
9668
9669
9671
9673
9674
9675
9677
9681
9682
9683
9685
9686
9687
9689
9691
9693
9697
9701
9703
9705
9706
9708
9711
9714
9715
9718
9719
9720
9721
9722
9723
9725
9728
9729
9730
9732
9734
9735
9736
9737
9738
9739
9740
9742
9744
9745
9746
9747
9748
9750
9751
9752
9753
9754
9756
9757
9758
9759
9760
9761
9762
9766
9767
9769
9770
9772
9773
9777
9778
9780
9782
9783
9786
9788
9790
9791
9793
9794
9795
9797
9798
9799
9801
9803
9807
9808
9809
9810
9813
9814
9815
9819
9822
9825
9826
9828
9836
9838
9839
9841
9842
9843
9844
9845
9847
9848
9850
9855
9856
9857
9858
9859
9861
9863
9865
9866
9867
9868
9873
9874
9875
9876
9877
9879
9880
9881
9883
9884
9886
9887
9888
9889
9891
9892
9893
9894
9895
9899
9901
9905
9908
9912
9913
9916
9918
9920
9923
9926
9928
9933
9934
9936
9937
9938
9940
9941
9942
9944
9946
9950
9951
9952
9954
9956
9957
9959
9960
9963
9964
9970
9971
9972
9973
9974
9976
9978
9979
9980
9981
9983
9985
9986
9987
9990
9991
9993
9994
9995
9997
9998
9999
10000
10002
10003
10004
10005
10007
10008
10011
10012
10013
10014
10015
10019
10020
10022
10023
10025
10026
10027
10028
10031
10033
10034
10035
10036
10037
10040
10041
10043
10044
10046
10047
10049
10050
10053
10055
10056
10058
10059
10063
10064
10068
10069
10070
10073
10077
10081
10082
10084
10085
10087
10088
10089
10090
10093
10095
10096
10099
10100
10103
10107
10108
10109
10111
10113
10115
10116
10117
10119
10120
10121
10122
10123
10126
10130
10133
10135
10136
10137
10141
10142
10143
10144
10145
10146
10149
10150
10152
10157
10162
10163
10164
10166
10167
10169
10172
10175
10177
10180
10182
10183
10186
10187
10188
10190
10193
10194
10196
10197
10198
10199
10202
10203
10205
10210
10212
10214
10216
10217
10218
10220
10221
10222
10224
10225
10226
10227
10229
10232
10233
10234
10235
10236
10238
10239
10244
10245
10246
10250
10251
10253
10254
10257
10258
10260
10261
10262
10267
10271
10272
10273
10275
10278
10279
10280
10283
10288
10291
10292
10293
10294
10295
10296
10301
10308
10311
10312
10313
10318
10319
10321
10322
10323
10324
10326
10327
10330
10331
10333
10334
10336
10337
10339
10340
10344
10345
10346
10350
10351
10354
10355
10356
10359
10365
10367
10369
10371
10374
10376
10378
10380
10382
10383
10387
10388
10390
10391
10393
10397
10400
10402
10403
10404
10406
10408
10409
10412
10413
10414
10417
10418
10419
10420
10422
10423
10425
10428
10430
10431
10435
10437
10439
10441
10449
10450
10454
10456
10459
10464
10465
10468
10470
10472
10475
10476
10477
10479
10480
10482
10485
10487
10489
10490
10494
10495
10499
10500
10501
10503
10506
10507
10508
10509
10513
10515
10516
10518
10519
10522
10523
10524
10525
10526
10528
10529
10532
10534
10536
10537
10538
10539
10540
10541
10543
10544
10546
10547
10551
10552
10553
10555
10557
10558
10559
10560
10561
10562
10563
10564
10566
10569
10570
10571
10572
10573
10575
10577
10578
10579
10580
10585
10587
10588
10589
10590
10591
10592
10595
10598
10600
10605
10609
10610
10614
10615
10616
10619
10620
10625
10626
10627
10629
10631
10634
10636
10637
10645
10651
10652
10653
10655
10658
10659
10661
10662
10663
10664
10671
10672
10674
10675
10676
10680
10682
10683
10688
10689
10690
10697
10699
10700
10703
10704
10705
10706
10709
10711
10713
10714
10716
10718
10719
10720
10723
10724
10725
10726
10728
10729
10730
10731
10732
10734
10737
10738
10739
10740
10741
10744
10745
10748
10750
10751
10752
10754
10756
10757
10758
10760
10761
10762
10765
10766
10767
10770
10771
10772
10773
10774
10776
10779
10780
10784
10785
10787
10790
10791
10792
10793
10794
10795
10799
10801
10803
10804
10807
10809
10810
10811
10813
10815
10818
10824
10825
10829
10831
10832
10833
10834
10836
10838
10839
10846
10848
10849
10853
10854
10855
10858
10859
10861
10862
10866
10867
10868
10871
10874
10876
10878
10884
10886
10887
10889
10890
10892
10894
10896
10899
10901
10903
10905
10906
10908
10911
10912
10914
10918
10920
10921
10922
10923
10924
10926
10927
10929
10930
10934
10935
10936
10939
10940
10941
10944
10945
10946
10947
10948
10950
10952
10954
10955
10956
10958
10960
10966
10967
10968
10970
10971
10972
10973
10976
10977
10979
10982
10983
10985
10988
10989
10990
10991
10992
10997
10998
11000
11001
11003
11005
11006
11009
11011
11012
11014
11015
11016
11017
11019
11020
11024
11027
11029
11031
11034
11035
11039
11041
11042
11045
11049
11053
11054
11056
11058
11059
11062
11063
11065
11066
11067
11068
11070
11072
11073
11076
11079
11080
11081
11082
11083
11085
11086
11089
11091
11092
11093
11095
11097
11098
11100
11101
11102
11104
11105
11111
11113
11114
11115
11116
11117
11119
11121
11122
11123
11125
11126
11128
11129
11130
11132
11133
11135
11137
11138
11139
11141
11144
11148
11153
11154
11155
11156
11157
11159
11160
11161
11162
11163
11166
11167
11168
11169
11172
11174
11175
11179
11181
11182
11183
11184
11188
11189
11190
11191
11192
11193
11194
11197
11200
11201
11202
11203
11204
11205
11206
11208
11209
11210
11215
11216
11217
11218
11219
11220
11221
11222
11225
11228
11229
11230
11231
11236
11238
11239
11240
11241
11242
11244
11246
11248
11249
11251
11252
11254
11255
11259
11260
11262
11264
11266
11267
11268
11271
11273
11274
11275
11277
11278
11280
11281
11282
11283
11284
11287
11288
11290
11291
11292
11293
11295
11297
11298
11300
11301
11302
11303
11304
11306
11307
11308
11310
11312
11313
11314
11315
11316
11318
11326
11328
11329
11332
11334
11335
11336
11341
11342
11345
11347
11350
11351
11352
11353
11354
11356
11357
11359
11360
11361
11362
11365
11367
11368
11370
11375
11376
11379
11380
11383
11385
11387
11389
11390
11391
11393
11394
11395
11398
11400
11401
11405
11406
11409
11411
11412
11413
11415
11418
11420
11422
11425
11426
11427
11431
11432
11434
11435
11437
11438
11439
11440
11441
11443
11445
11446
11447
11448
11450
11453
11454
11455
11456
11457
11459
11461
11462
11466
11467
11468
11469
11470
11475
11476
11477
11478
11480
11482
11483
11484
11485
11486
11487
11489
11490
11491
11492
11494
11495
11496
11497
11498
11500
11501
11502
11503
11504
11505
11510
11512
11513
11516
11518
11519
11523
11525
11526
11527
11528
11531
11533
11534
11535
11536
11538
11539
11540
11545
11549
11550
11551
11555
11556
11557
11559
11561
11562
11563
11564
11565
11567
11568
11575
11578
11579
11581
11583
11584
11588
11590
11591
11593
11595
11596
11599
11600
11601
11603
11605
11607
11610
11612
11613
11614
11616
11617
11618
11620
11626
11627
11629
11630
11632
11633
11634
11635
11639
11640
11641
11642
11645
11646
11648
11650
11653
11655
11658
11660
11661
11662
11664
11665
11668
11669
11670
11671
11673
11678
11679
11681
11683
11684
11687
11690
11691
11692
11695
11696
11700
11701
11704
11705
11707
11708
11710
11713
11714
11715
11716
11719
11723
11724
11727
11730
11731
11733
11736
11737
11738
11740
11744
11748
11749
11752
11753
11754
11755
11759
11762
11764
11771
11772
11773
11774
11776
11777
11778
11779
11780
11781
11784
11788
11789
11790
11791
11793
11794
11795
11796
11798
11801
11802
11804
11807
11808
11810
11814
11815
11816
11820
11821
11822
11824
11825
11827
11828
11829
11832
11833
11835
11836
11839
11843
11847
11848
11850
11851
11852
11853
11855
11857
11858
11859
11860
11862
11863
11865
11866
11869
11872
11874
11876
11879
11880
11881
11882
11884
11885
11889
11891
11892
11895
11896
11897
11899
11901
11903
11904
11906
11910
11911
11912
11914
11915
11917
11919
11924
11928
11930
11933
11937
11938
11939
11941
11943
11944
11945
11946
11947
11948
11951
11953
11954
11956
11958
11959
11960
11961
11963
11964
11965
11967
11968
11973
11977
11978
11980
11982
11983
11986
11991
11993
11994
11995
11996
11997
11998
12005
12006
12007
12010
12012
12013
12016
12017
12018
12019
12020
12021
12022
12025
12027
12030
12032
12034
12037
12038
12039
12041
12045
12047
12048
12050
12051
12052
12053
12054
12055
12056
12061
12062
12063
12064
12068
12069
12071
12072
12074
12077
12078
12079
12086
12088
12089
12092
12094
12095
12096
12100
12103
12106
12107
12108
12109
12110
12116
12117
12120
12122
12123
12124
12125
12126
12127
12128
12135
12140
12142
12143
12144
12145
12147
12148
12151
12152
12154
12156
12159
12160
12161
12166
12167
12168
12174
12175
12176
12177
12180
12182
12186
12187
12189
12190
12191
12192
12196
12197
12199
12202
12203
12213
12214
12215
12218
12219
12223
12224
12225
12226
12230
12231
12233
12235
12236
12239
12240
12241
12242
12244
12249
12251
12253
12254
12256
12258
12259
12261
12262
12265
12266
12267
12268
12269
12270
12274
12278
12279
12280
12282
12283
12284
12287
12289
12290
12293
12294
12295
12296
12297
12298
12299
12301
12303
12305
12307
12310
12312
12314
12315
12317
12320
12323
12327
12328
12329
12330
12331
12332
12333
12334
12336
12337
12338
12340
12341
12347
12348
12349
12350
12352
12358
12359
12362
12364
12369
12370
12373
12374
12376
12377
12378
12379
12380
12381
12386
12388
12391
12395
12396
12398
12399
12400
12401
12405
12406
12407
12408
12410
12413
12415
12418
12419
12421
12425
12426
12428
12429
12431
12433
12434
12437
12439
12442
12444
12447
12448
12452
12456
12461
12462
12463
12464
12465
12466
12467
12468
12471
12473
12474
12475
12477
12479
12480
12482
12486
12490
12492
12493
12495
12497
12499
12500
12502
12505
12507
12508
12510
12511
12512
12513
12515
12516
12517
12519
12524
12525
12526
12528
12531
12532
12533
12534
12535
12537
12538
12540
12542
12545
12546
12547
12549
12553
12556
12558
12559
12560
12561
12562
12565
12566
12567
12569
12570
12578
12579
12580
12582
12588
12589
12592
12599
12600
12602
12603
12604
12606
12607
12609
12610
12612
12614
12615
12616
12619
12623
12625
12627
12628
12629
12630
12631
12632
12633
12634
12635
12638
12639
12641
12642
12643
12647
12648
12649
12650
12654
12656
12657
12659
12660
12661
12669
12670
12671
12672
12673
12675
12676
12678
12681
12683
12685
12687
12690
12691
12692
12693
12695
12697
12698
12701
12704
12707
12710
12712
12714
12715
12717
12719
12720
12721
12723
12728
12729
12731
12735
12736
12737
12739
12740
12742
12743
12745
12746
12749
12750
12751
12752
12753
12754
12756
12757
12758
12760
12761
12764
12765
12767
12769
12771
12772
12773
12774
12775
12776
12778
12779
12780
12781
12783
12788
12789
12791
12792
12793
12794
12795
12797
12798
12801
12802
12807
12808
12809
12810
12811
12817
12820
12823
12826
12827
12829
12830
12831
12833
12837
12838
12840
12841
12843
12845
12847
12848
12849
12850
12851
12854
12855
12857
12858
12861
12862
12863
12866
12867
12869
12871
12872
12874
12875
12877
12879
12880
12882
12887
12889
12890
12891
12892
12893
12894
12896
12902
12903
12904
12907
12908
12909
12910
12911
12913
12914
12916
12917
12918
12919
12921
12925
12927
12929
12933
12934
12935
12937
12938
12941
12944
12948
12949
12951
12956
12957
12961
12963
12964
12966
12968
12970
12971
12973
12975
12976
12979
12980
12983
12985
12986
12988
12989
12990
12992
12994
12995
12997
13000
13001
13004
13005
13006
13008
13009
13010
13012
13013
13018
13021
13023
13024
13025
13027
13030
13032
13033
13037
13038
13039
13040
13041
13043
13044
13045
13046
13047
13048
13050
13051
13055
13056
13058
13059
13060
13061
13064
13065
13069
13070
13071
13072
13074
13078
13079
13080
13082
13084
13086
13089
13091
13092
13094
13095
13097
13102
13103
13104
13106
13107
13108
13111
13113
13114
13115
13121
13124
13126
13128
13133
13135
13138
13139
13141
13146
13147
13148
13153
13155
13156
13161
13162
13163
13164
13168
13170
13171
13172
13173
13175
13177
13178
13181
13185
13186
13188
13189
13190
13195
13196
13198
13202
13209
13210
13211
13215
13218
13220
13221
13222
13223
13225
13229
13233
13237
13241
13242
13244
13247
13248
13249
13250
13253
13254
13257
13258
13260
13261
13264
13269
13270
13271
13272
13273
13274
13275
13276
13278
13281
13284
13286
13287
13292
13293
13294
13299
13300
13301
13302
13304
13305
13307
13308
13309
13311
13312
13314
13316
13318
13320
13321
13322
13323
13324
13325
13326
13330
13331
13332
13333
13334
13335
13336
13337
13339
13343
13345
13352
13354
13357
13358
13359
13363
13366
13373
13374
13375
13379
13380
13382
13383
13384
13385
13386
13388
13391
13393
13394
13395
13397
13398
13399
13402
13404
13406
13410
13411
13412
13413
13416
13417
13419
13420
13421
13423
13424
13426
13427
13428
13431
13432
13434
13435
13436
13437
13439
13442
13443
13447
13449
13451
13452
13453
13456
13457
13458
13460
13466
13467
13469
13470
13477
13480
13482
13484
13485
13487
13488
13490
13494
13495
13497
13498
13499
13501
13502
13503
13509
13510
13511
13513
13514
13515
13516
13517
13519
13521
13522
13523
13525
13528
13529
13532
13534
13536
13537
13539
13540
13541
13543
13546
13549
13550
13551
13552
13554
13556
13557
13560
13561
13562
13565
13566
13567
13572
13573
13574
13576
13578
13579
13581
13582
13585
13587
13588
13589
13590
13591
13594
13595
13596
13600
13602
13603
13604
13607
13612
13614
13615
13616
13618
13622
13624
13625
13626
13627
13629
13630
13635
13641
13643
13645
13649
13650
13651
13655
13656
13658
13661
13663
13664
13665
13666
13668
13669
13672
13674
13676
13678
13679
13682
13683
13684
13685
13686
13687
13691
13692
13693
13697
13700
13702
13703
13705
13707
13709
13711
13712
13713
13714
13715
13716
13718
13719
13722
13723
13725
13726
13727
13735
13736
13737
13739
13741
13744
13745
13746
13748
13749
13750
13752
13754
13757
13759
13761
13762
13764
13766
13767
13774
13776
13777
13784
13785
13786
13789
13791
13793
13794
13796
13799
13800
13801
13802
13803
13804
13805
13806
13807
13809
13810
13811
13812
13815
13816
13818
13819
13820
13821
13822
13823
13824
13825
13826
13830
13833
13834
13835
13838
13839
13842
13843
13846
13847
13849
13850
13851
13852
13856
13857
13858
13859
13861
13863
13865
13867
13869
13870
13871
13872
13873
13874
13875
13878
13880
13882
13886
13890
13893
13894
13895
13899
13901
13902
13906
13907
13909
13911
13912
13913
13915
13916
13918
13919
13920
13921
13922
13923
13925
13926
13928
13931
13934
13937
13940
13942
13945
13946
13947
13949
13952
13953
13955
13956
13958
13959
13961
13962
13965
13966
13968
13977
13978
13981
13982
13986
13992
13993
13994
13996
13997
14000
14001
14003
14005
14006
14007
14009
14010
14011
14013
14015
14017
14021
14023
14024
14025
14026
14027
14029
14030
14031
14034
14035
14036
14038
14041
14047
14048
14050
14053
14054
14055
14056
14057
14059
14060
14061
14062
14064
14065
14066
14068
14069
14071
14072
14075
14076
14077
14080
14081
14082
14084
14086
14088
14090
14091
14092
14095
14096
14098
14099
14100
14101
14102
14103
14105
14106
14108
14109
14112
14114
14115
14117
14119
14122
14123
14124
14125
14126
14127
14128
14129
14130
14131
14132
14133
14135
14137
14140
14141
14142
14144
14146
14147
14148
14149
14150
14151
14154
14155
14157
14160
14161
14164
14165
14168
14169
14170
14174
14175
14178
14179
14180
14181
14182
14183
14185
14186
14187
14188
14189
14190
14191
14193
14194
14195
14197
14199
14203
14205
14206
14208
14209
14210
14211
14213
14214
14217
14220
14223
14226
14229
14231
14232
14233
14242
14243
14244
14246
14247
14248
14253
14254
14255
14256
14257
14258
14259
14260
14261
14262
14263
14265
14266
14267
14268
14269
14272
14274
14276
14277
14279
14280
14281
14282
14283
14284
14285
14287
14290
14291
14293
14294
14295
14296
14297
14301
14302
14303
14305
14307
14308
14309
14310
14312
14317
14318
14324
14325
14331
14333
14335
14336
14337
14338
14340
14341
14344
14347
14348
14349
14350
14352
14353
14354
14356
14357
14358
14360
14361
14362
14363
14364
14365
14370
14374
14377
14378
14380
14381
14383
14385
14387
14389
14390
14393
14397
14401
14402
14404
14407
14408
14409
14410
14413
14416
14417
14418
14423
14424
14425
14427
14428
14431
14432
14435
14436
14437
14438
14439
14444
14445
14446
14447
14448
14449
14450
14451
14452
14455
14458
14459
14460
14461
14463
14464
14466
14467
14469
14470
14471
14472
14474
14475
14476
14479
14480
14481
14482
14483
14484
14487
14490
14491
14493
14494
14498
14499
14501
14502
14503
14504
14505
14507
14511
14512
14514
14516
14517
14519
14521
14523
14524
14529
14530
14531
14532
14534
14540
14543
14545
14546
14549
14550
14551
14552
14555
14556
14557
14558
14559
14562
14565
14567
14569
14570
14571
14574
14575
14578
14579
14580
14581
14584
14585
14586
14589
14590
14591
14597
14598
14604
14605
14608
14610
14612
14613
14615
14616
14620
14621
14622
14623
14625
14626
14629
14630
14632
14633
14635
14638
14640
14644
14646
14647
14649
14651
14656
14659
14660
14661
14663
14667
14668
14669
14670
14674
14675
14676
14678
14679
14680
14681
14682
14683
14684
14685
14686
14687
14689
14691
14692
14693
14697
14699
14702
14709
14711
14713
14717
14719
14720
14723
14726
14731
14732
14734
14735
14736
14737
14739
14740
14742
14743
14747
14750
14751
14757
14758
14759
14760
14761
14762
14764
14765
14767
14768
14773
14776
14779
14780
14784
14785
14786
14787
14789
14793
14794
14796
14799
14800
14801
14802
14805
14807
14808
14809
14810
14811
14812
14815
14817
14818
14819
14820
14824
14825
14828
14829
14830
14834
14836
14839
14841
14842
14844
14846
14850
14851
14854
14855
14857
14859
14861
14862
14863
14865
14866
14867
14869
14871
14872
14873
14875
14876
14878
14881
14883
14884
14886
14887
14888
14890
14894
14895
14896
14897
14898
14899
14900
14902
14906
14908
14910
14912
14915
14917
14918
14919
14920
14923
14924
14925
14926
14928
14929
14930
14931
14932
14933
14934
14935
14936
14938
14939
14941
14942
14943
14945
14948
14950
14951
14952
14958
14959
14960
14963
14964
14965
14966
14967
14969
14970
14971
14973
14974
14975
14976
14979
14984
14985
14987
14989
14991
14992
14994
14997
14998
15000
15002
15007
15008
15009
15010
15012
15013
15015
15016
15017
15018
15023
15026
15028
15029
15030
15032
15033
15034
15035
15036
15037
15038
15041
15042
15047
15050
15054
15057
15058
15059
15060
15063
15064
15066
15067
15069
15070
15073
15074
15076
15078
15081
15082
15083
15084
15085
15089
15094
15095
15096
15100
15102
15103
15110
15111
15112
15115
15116
15118
15119
15121
15125
15126
15130
15131
15132
15133
15134
15137
15138
15139
15140
15141
15142
15143
15145
15146
15147
15150
15151
15152
15153
15154
15156
15157
15161
15163
15164
15166
15170
15171
15172
15175
15176
15177
15178
15179
15181
15182
15184
15186
15190
15191
15192
15193
15195
15199
15200
15203
15204
15205
15207
15208
15209
15210
15211
15212
15213
15215
15216
15217
15219
15223
15226
15228
15229
15230
15232
15236
15237
15238
15243
15245
15248
15249
15251
15252
15253
15254
15255
15256
15257
15258
15259
15264
15271
15272
15277
15279
15281
15284
15288
15290
15291
15292
15295
15296
15297
15299
15300
15302
15303
15304
15306
15308
15309
15311
15313
15317
15321
15322
15325
15326
15327
15328
15332
15333
15338
15343
15344
15346
15349
15350
15351
15353
15355
15356
15357
15359
15360
15361
15362
15364
15365
15366
15368
15371
15372
15373
15374
15376
15379
15381
15382
15383
15384
15385
15386
15387
15389
15390
15391
15395
15396
15397
15400
15401
15404
15407
15408
15411
15413
15414
15416
15418
15419
15423
15425
15426
15431
15433
15435
15439
15440
15443
15445
15446
15447
15448
15451
15452
15454
15455
15456
15457
15458
15459
15461
15462
15463
15464
15466
15467
15468
15469
15471
15472
15473
15475
15480
15481
15482
15483
15484
15485
15490
15492
15493
15497
15498
15499
15502
15503
15505
15507
15508
15509
15510
15514
15515
15516
15518
15519
15521
15522
15532
15533
15535
15536
15539
15540
15541
15543
15544
15545
15546
15550
15553
15554
15555
15556
15560
15561
15562
15564
15565
15566
15569
15570
15571
15572
15573
15576
15577
15579
15580
15581
15584
15585
15586
15587
15589
15590
15591
15592
15593
15595
15596
15597
15598
15602
15603
15604
15606
15608
15610
15616
15619
15620
15622
15623
15624
15625
15626
15628
15631
15632
15633
15637
15640
15641
15642
15644
15647
15648
15649
15651
15652
15654
15658
15665
15667
15669
15670
15673
15674
15675
15677
15678
15679
15680
15682
15684
15685
15686
15687
15688
15690
15691
15692
15694
15696
15700
15701
15702
15703
15704
15705
15706
15707
15711
15712
15713
15714
15715
15716
15717
15718
15726
15728
15729
15730
15732
15733
15735
15736
15737
15738
15740
15743
15744
15746
15747
15748
15752
15753
15754
15756
15760
15761
15762
15763
15764
15765
15766
15767
15768
15769
15770
15773
15775
15776
15777
15779
15780
15781
15783
15785
15786
15788
15789
15790
15792
15793
15795
15796
15797
15799
15802
15804
15806
15807
15812
15813
15814
15815
15816
15817
15818
15824
15825
15826
15827
15828
15831
15832
15833
15834
15836
15837
15843
15845
15846
15847
15848
15849
15858
15860
15862
15863
15864
15865
15868
15871
15872
15873
15874
15875
15876
15877
15879
15882
15886
15887
15888
15890
15894
15895
15898
15900
15903
15904
15905
15906
15908
15910
15913
15915
15916
15919
15921
15922
15923
15924
15926
15929
15931
15932
15933
15937
15939
15941
15943
15945
15949
15951
15953
15954
15956
15957
15960
15961
15963
15965
15966
15967
15970
15973
15974
15976
15980
15981
15984
15986
15988
15992
15994
15996
15998
15999
16000
16001
16002
16004
16006
16008
16010
16011
16013
16016
16017
16018
16023
16025
16026
16029
16030
16032
16034
16042
16043
16044
16045
16046
16049
16050
16052
16053
16057
16059
16064
16066
16067
16068
16069
16070
16077
16078
16079
16080
16081
16083
16088
16089
16090
16091
16092
16095
16097
16098
16099
16100
16102
16103
16104
16107
16113
16115
16116
16117
16118
16121
16122
16123
16124
16126
16127
16128
16131
16134
16135
16137
16139
16141
16142
16144
16145
16146
16150
16151
16152
16153
16154
16158
16160
16161
16165
16166
16169
16173
16178
16179
16181
16184
16187
16188
16190
16196
16197
16200
16204
16205
16206
16207
16208
16209
16211
16217
16220
16223
16224
16225
16227
16229
16230
16231
16234
16239
16240
16248
16250
16252
16253
16254
16256
16257
16261
16265
16267
16268
16271
16272
16275
16276
16277
16279
16281
16283
16284
16285
16286
16287
16288
16290
16292
16294
16295
16296
16297
16299
16300
16301
16302
16303
16304
16305
16307
16308
16310
16314
16317
16318
16320
16321
16324
16325
16332
16333
16334
16335
16338
16339
16341
16346
16347
16348
16349
16350
16351
16352
16353
16354
16356
16363
16364
16366
16367
16368
16369
16372
16374
16375
16378
16379
16380
16384
16385
16387
16390
16396
16398
16402
16403
16404
16405
16410
16412
16414
16415
16417
16418
16419
16420
16421
16423
16426
16427
16430
16431
16432
16436
16437
16438
16440
16442
16443
16445
16446
16447
16448
16452
16455
16456
16457
16458
16462
16464
16467
16469
16473
16474
16477
16480
16482
16483
16486
16487
16488
16490
16491
16493
16498
16500
