50
986758244 986751907 986757249 986751476 986752459 986752027 986756961 986747230 986750030 986745666 986748034 986746807 986742183 986754532 986743339 986753743 986745900 986750082 986749570 986755841 986744945 986749986 986755279 986743505 986753841 986741481 986751153 986754240 986755076 986744352 986741990 986757389 986752980 986745223 986753877 986750101 986757210 986744153 986748124 986754556 986756368 986744874 986743556 986743740 986749241 986756326 986754373 986743305 986743193 986753649
26 13
13 24
24 43
43 21
21 42
21 10
10 12
12 11
11 45
45 22
22 18
18 27
27 6
6 33
33 16
16 28
28 14
14 23
23 47
23 46
46 37
37 1
1 32
1 3
3 7
7 41
41 20
20 29
29 35
35 5
5 2
2 4
4 9
9 19
19 39
39 8
8 17
17 34
34 38
38 44
34 30
30 15
15 31
35 25
25 50
20 40
27 36
24 49
24 48
