0.0000000000 0.0000000000
14.3185780403 16.6968942768
-558.5786298625 130.3413278088
-450.7439800833 -45.4334804299
-505.3866616030 12.7094399781
-132.5112022324 -96.8428256532
246.2669263760 119.6172323557
-383.3638870824 -88.1692371731
122.8062215788 93.6585392014
-127.8648661931 -94.9959178500
-207.9352849838 -115.9441517138
104.6974100852 85.1768040734
136.7177082828 99.2647081613
-420.0831679595 -67.8433751316
-423.4338503178 -65.6587171395
36.3760842536 38.4617432907
-259.8274324917 -118.2256232834
-403.8054728828 -77.6377549555
-549.0616357102 96.6783606111
80.3148868623 71.4295020369
-308.4578583009 -112.6264413943
-497.5282315809 2.3546463510
-540.8195753379 75.2111999103
240.2679073707 119.5136189963
-9.6922722918 -11.4463291296
37.1222714365 39.1274794907
-266.8189978504 -117.8849161015
-101.5348694060 -82.8653368804
-257.8286294132 -118.2947347437
-480.5770999044 -17.3502846738
193.5473755729 114.8032770486
207.3842348624 116.9269352564
-306.4932589036 -113.0010603322
-369.6448999605 -94.2312488087
-386.9727518171 -86.4441580052
-183.2804388941 -111.8431526953
-292.6806253021 -115.2769672223
-465.7482861493 -32.2145665573
-1.8951513935 -2.3255842359
-210.9133884875 -116.3058703384
233.2730139568 119.2499266054
-81.5040138645 -71.5721808110
228.2810473262 118.9674798276
-484.6307984725 -12.9268818352
-142.8315663403 -100.6478427403
208.3759593080 117.0553199285
-3.8121253827 -4.6332132284
-89.2445828356 -76.1632882982
-103.3142593061 -83.7784424185
-351.8835743151 -100.9713188725
77.7764179936 69.8307160460
-276.7901930316 -117.1318339342
-447.6451659118 -47.9627399143
13.6429351968 15.9596651754
-160.9455355446 -106.3729936388
-312.3798057143 -111.8402281312
-93.6000183965 -78.6188306208
-198.0353182000 -114.5361304878
223.2941301501 118.6066972029
24.0172199527 26.7916921568
-18.5202790600 -20.9879731164
-515.5565063323 27.5582878028
-15.0788638038 -17.3608298799
30.4825875564 33.0521791749
-295.6486840505 -114.8404261491
-422.5987562989 -66.2088243832
-491.8432616615 -4.6221575713
173.0004367923 110.4831034360
169.1213613391 109.5071032119
-532.8566484343 57.9634456137
-218.8702912880 -117.1331460279
180.7938307096 112.2885669480
-322.1387701598 -109.6597513381
-487.2866565664 -9.9358584996
-463.5510045298 -34.2570881183
187.6484021299 113.7073404294
-555.7332002598 118.6842864992
-311.4002494630 -112.0413985824
206.3929184330 116.7954372076
-130.6491928063 -96.1128180931
-136.2487905711 -98.2676892324
-524.3767630232 42.0887624057
-508.2955662736 16.7761069968
-148.5144369390 -102.5724067199
190.5953079016 114.2692009242
-214.8892422079 -116.7444931864
-325.0526085219 -108.9459678682
-326.0223778335 -108.7019443398
-454.5724254026 -42.2175025909
-192.1182760296 -113.5423615469
-554.9533723744 115.7874245225
-37.3070318198 -38.9513551073
-549.7046737606 98.5721642456
237.2693960439 119.4194347847
76.0925209916 68.7516048250
-528.2563163392 49.0848865692
-65.6063665154 -61.1722749503
-179.3686375602 -111.0079203127
-354.7142491401 -99.9777289787
-529.1986497049 50.8489721590
158.5205214677 106.5727780128
65.3161256848 61.4820809299
-71.3909144408 -65.1139843317
-112.2952851331 -88.1753778500
-68.9012216866 -63.4402547142
31.2118177897 33.7364475921
-96.2315953880 -80.0592275731
50.1206408993 50.0807443732
-61.5282806326 -58.2794005049
-544.2291992426 83.5400137985
-558.1349258611 128.3911696359
200.4541352459 115.9411427556
76.9336223896 69.2924822957
71.9127167548 66.0077492229
-97.1117885250 -80.5338432509
128.3390053341 95.9795882467
164.2902569599 108.2187175938
217.3182254267 118.0704813032
161.4015129975 107.4093356309
-115.9256077355 -89.8548303237
-200.0116964712 -114.8425926702
-221.8591097896 -117.3918056635
53.2627271823 52.5560416480
-334.7144612034 -106.3690571489
155.6475380177 105.7091189722
225.2882123858 118.7604052954
-150.4166600279 -103.1900939067
-548.0748110718 93.8453201991
-446.0839072372 -49.2127245108
-545.3132690532 86.3372863072
-265.8206859155 -117.9429960521
139.5308261571 100.3069694856
-506.5578822416 14.3306223726
-460.5915519911 -36.9480811470
-456.8450913779 -40.2592048077
-438.1615700980 -55.3142358273
132.0513964060 97.4688683878
-392.3447136874 -83.7718948411
-288.7170673685 -115.8154942093
-473.6380759215 -24.5504105239
119.1424162035 92.0534432601
-105.0993483833 -84.6803554558
-427.5831845765 -62.8689981154
198.4782475691 115.6315332772
-415.8566635106 -70.5147356776
-556.2379104465 120.6195533458
-169.6377246022 -108.7054870136
56.4356545473 54.9916801157
-31.3711305729 -33.5883556081
-518.2310403125 31.7827848159
220.3049149906 118.3526626127
148.0273358715 103.2741227724
-90.1125771878 -76.6598623656
-43.3757647253 -44.1635684725
-541.2100284057 76.1318227439
-428.4077669859 -62.3032562572
66.9545828780 62.6290108173
212.3467416341 117.5376999937
199.4659483639 115.7878890895
-518.7579697364 32.6326938593
-426.7568298056 -63.4321480000
55.6395586452 54.3865096318
-177.4167479363 -110.5718961889
-359.4108389231 -98.2626338109
203.4215149612 116.3822759194
-75.5750833861 -67.8511794764
-552.7407879290 108.0996968144
-493.7601310966 -2.3144417284
-3.1707197807 -3.8660112643
-546.3709408485 89.1446464936
-459.0992096274 -38.2795857132
47.0098913670 47.5661787732
89.7487648000 77.0854738729
-271.8075513492 -117.5475127629
-102.4238475676 -83.3232864717
73.5794648789 67.1131635484
-22.7245077164 -25.2685602442
130.1928626926 96.7300567904
-201.0005975804 -114.9911678912
-550.6468998730 101.4203480170
-379.7336405749 -89.8488541247
-539.6308987192 72.4567510110
-489.9047389121 -6.9117143827
-409.0085446726 -74.6499449376
-412.4455888194 -72.6038436835
-251.8301679552 -118.4267381156
-243.8303750073 -118.4269193396
-6.4017426775 -7.6817678164
-555.9870745389 119.6515237247
-44.9132559647 -45.4426739527
-430.0515822177 -61.1640189579
-88.3781520023 -75.6639911810
-357.5354388958 -98.9575186058
-482.6143663792 -15.1481297852
91.4847288663 78.0786601098
-419.2412306440 -68.3829504801
-290.6996918254 -115.5524535222
-344.2906494753 -103.4900843677
-492.4846325031 -3.8549265477
171.0593667403 110.0011934924
-264.8221965313 -117.9979410220
-349.9913122886 -101.6188793434
-171.5780466491 -109.1903998868
231.2757000941 119.1463530843
-382.4583076835 -88.5934139667
-17.8274470881 -20.2668740534
-390.5596654751 -84.6738887549
-525.3631082613 43.8286225184
26.8688623578 29.5966767204
-437.3588850924 -55.9106390313
-443.7273778046 -51.0692561899
-541.9822526927 77.9767237686
-365.9395986843 -95.7380816667
227.2832205804 118.9015876027
-268.8150500024 -117.7593535798
-216.8791565610 -116.9450698748
188.6301143580 113.8977113863
116.4079499868 90.8194921459
-44.1435062463 -44.8043281442
-63.9696859808 -60.0228111761
141.4116385980 100.9870685243
-211.9068305379 -116.4202070892
184.7069197538 113.1177454213
-341.4273512247 -104.3853295692
-291.6903748207 -115.4162654063
245.2669707438 119.6078124951
-215.8840419316 -116.8463436147
-123.2480980410 -93.0762931851
157.5619579268 106.2878992000
-425.9287108207 -63.9927003587
154.6917005249 105.4152232638
248.2669017270 119.6266523093
-230.8383270169 -117.9987108786
-293.6704335062 -115.1345603436
93.2268958694 79.0609249792
147.0791818203 102.9563116726
-110.4881055618 -87.3185860796
-54.3041098278 -52.9122753771
-278.7813192354 -116.9436675686
-283.7536214733 -116.4185795014
125.5671473456 94.8320935262
-40.3250317074 -41.5765178618
-46.4587496156 -46.7120988284
204.4115487146 116.5231061966
152.7828175837 104.8184351465
-394.1240622154 -82.8587086848
34.1501165504 36.4505226098
-85.7883259659 -74.1498108934
47.7846140079 48.1984799907
-21.3141466213 -23.8505081571
-517.1691883490 30.0879513290
-249.8302595830 -118.4456231188
-407.2804533329 -75.6567668991
-378.8228050839 -90.2616236829
-393.2351048031 -83.3166985527
-553.8712199340 111.9366130620
-496.2819803642 0.7904059459
-399.4272090910 -80.0523591040
-521.3524442581 36.9068264006
-199.0232667626 -114.6909130372
-446.8655178132 -48.5889578016
-120.4927034402 -91.8898103845
17.7313317026 20.3510179015
-41.0846649424 -42.2268695730
3.7901553794 4.6512027427
83.7227248975 73.5238856539
-326.9913761316 -108.4548769437
43.9309693111 45.0127415247
-365.0103390510 -96.1075089719
-139.0635648381 -99.3054689145
-499.9911414323 5.5064518452
-449.9722585700 -46.0694410465
-549.3846413725 97.6247576430
-56.6952781261 -54.7239748587
43.1662688702 44.3683555877
92.3550412893 78.5711601467
-153.2771740629 -104.0941958356
112.7803067735 89.1342599583
-279.7764293907 -116.8448962227
24.7268241620 27.4962926579
-159.9838929214 -106.0986882155
62.8720256002 59.7424500441
176.8914645210 111.4103067706
-10.3574479029 -12.1930160830
-373.3309836550 -92.6779974429
-557.6789836963 126.4438363612
-453.0471099817 -43.5111033822
88.8831302727 76.5847974654
-87.5132932308 -75.1619759369
-226.8454627402 -117.7603043416
-440.5583335905 -53.5099449406
-90.9821265011 -77.1537084872
177.8660171047 111.6344657800
-479.8934124096 -18.0800595771
-493.1235910814 -3.0856854053
-546.7176155989 90.0826318972
-524.8713014335 42.9579181804
-36.5577023063 -38.2891577952
-254.8297095544 -118.3748629108
159.4799748012 106.8546455367
-260.8266614201 -118.1863607244
58.0335274065 56.1945069804
-176.4418395810 -110.3492895878
218.3134916284 118.1676676587
-277.7859038442 -117.0393137868
-350.9379516372 -101.2965845349
151.8297909560 104.5155486216
-358.4736843945 -98.6115483986
-547.4021207754 91.9618452443
-33.5812877265 -35.6169379206
-162.8713810319 -106.9125390953
29.7555095174 32.3656243517
-113.2008837493 -88.5995136140
-281.7656947515 -116.6379820742
214.3343264845 117.7601783138
-188.1844361025 -112.8179954539
-9.0294445531 -10.6975572092
142.3536371757 101.3226853885
-547.7399444527 92.9030546594
234.2719049569 119.2970091928
-530.1298861039 52.6189407772
60.4444210356 57.9798732597
127.4138531431 95.5999918512
172.0295234667 110.2436722054
-129.7199164362 -95.7434328905
-220.8625678620 -117.3087142285
-444.5148294977 -50.4528798187
-233.8347680225 -118.1445948817
-1.2610011849 -1.5523743595
-445.3003418902 -49.8340338918
-529.6656573309 51.7332254469
-248.8302707820 -118.4503557548
-363.1483627014 -96.8376008936
-63.1540607625 -59.4442305825
-111.3910227654 -87.7484006019
-550.9550079043 102.3716993932
69.4256928286 64.3300565117
-35.0652996174 -36.9577208441
-84.0697490705 -73.1268330857
14.9965324487 17.4319982287
-538.8240555978 70.6267252413
-402.9328615108 -78.1261701412
213.3403594137 117.6504994091
-204.9607209512 -115.5543958177
-189.1670382928 -113.0037181923
102.9166094252 84.2664529600
8.3218033518 9.9862036052
-481.2584925393 -16.6183665929
79.4670585645 70.8992311841
-15.7625843619 -18.0905738065
-504.2052831013 11.0956447692
-256.8290749706 -118.3245829634
0.6255968342 0.7801465254
-133.4439169297 -97.2034408130
-126.0145468935 -94.2367679108
54.0530871417 53.1686843943
-262.8247247956 -118.0984238839
-69.7293660677 -64.0007695526
-70.5592663799 -64.5586812587
-94.4757016676 -79.1017165377
-438.9623784436 -54.7153151366
-289.7085860841 -115.6855302272
-543.1188276126 80.7530771853
-212.9006267076 -116.5314238733
219.3090580884 118.2617284043
-384.2681301040 -87.7422189559
-522.8768071902 39.4906720798
175.9176205997 111.1830887761
-550.0217297192 99.5205710776
-453.8107831696 -42.8655003601
114.5914825569 89.9825714707
-74.7348199196 -67.3090011785
-503.6107991961 10.2915372600
17.0441981055 19.6244868149
-420.9234068606 -67.3011587643
-27.0086317493 -29.4691847245
-452.2814133684 -44.1543052917
-67.2502333611 -62.3114377718
40.1278135861 41.7668959406
-464.2855683755 -33.5785485420
-532.4091879365 57.0691419165
-217.8745762846 -117.0406709934
-466.4764256556 -31.5291375972
-475.7434744484 -22.4133008203
19.1124258488 21.7975893998
-299.5994487147 -114.2149172548
235.2709388717 119.3409550355
-376.0825849717 -91.4827438980
-557.2108213497 124.4994047841
85.4364411651 74.5549854040
-298.6124989564 -114.3759457443
-29.9083510024 -32.2244398964
-425.0988357868 -64.5506496647
-152.3227246565 -103.7958230308
21.9017308419 24.6645704713
242.2673503296 119.5607145848
-495.6551771225 0.0112283691
45.4664214294 46.2942940724
-508.8696655683 17.5948926829
-553.0279125170 109.0575900605
19.8063727808 22.5176155490
-261.8257621384 -118.1439607852
-409.8702107635 -74.1424692753
61.2517763940 58.5699387860
27.5872601462 30.2923092510
221.3010525164 118.4404693873
-86.6500150481 -74.6572475155
-157.1041992846 -105.2576737088
-145.6684692580 -101.6235079893
-28.4541656110 -30.8513648846
-104.2060958424 -84.2308002332
131.1215495817 97.1009215392
-519.2822278528 33.4842532686
102.0283617458 83.8070881158
-149.4650635986 -102.8827435596
-126.9391106101 -94.6177953822
-523.8794979061 41.2211637638
-375.1666370741 -91.8840411057
178.8412687423 111.8555635943
-376.9972682827 -91.0785725969
-11.6948164856 -13.6801056615
-244.8303148665 -118.4378864662
-138.1242220797 -98.9624890575
-362.2156643436 -97.1982583117
-73.8962630324 -66.7641871305
-305.5100866646 -113.1837413342
-60.7181417505 -57.6931625057
-519.8038094924 34.3374546476
-526.8220908936 46.4499409884
-538.0057359003 68.8018024996
-557.9084834366 127.4171450836
-381.5514008359 -89.0147451546
-165.7664073925 -107.6991541305
-156.1460776972 -104.9713120078
-227.8433931639 -117.8246072913
75.2531220926 68.2080889667
148.9764831737 103.5889551066
-301.5718070234 -113.8835672241
-547.0613433708 91.0217012338
-57.4961136062 -55.3228592664
-247.8302720503 -118.4519484077
-100.6473335862 -82.4045981599
173.9720971444 110.7194848233
-58.2988256323 -55.9192261024
81.1643760283 71.9571080991
-401.1830594275 -79.0947685150
-406.4140451223 -76.1561032713
-411.5887413089 -73.1194136048
-469.3673538789 -28.7646599220
-498.1476672685 3.1396937566
156.6042936294 106.0000119070
-542.7428758499 79.8264379501
191.5787698411 114.4503158424
-557.4464289031 125.4712530649
-12.3669962713 -14.4204936244
-245.8302842330 -118.4457137326
-180.3455995840 -111.2213335364
-470.0846428550 -28.0678841153
143.2966849448 101.6553427275
-520.8389227980 36.0487496499
-297.6250484348 -114.5338744229
-115.0160539989 -89.4392439905
82.0155176868 72.4820441687
-512.2600149295 22.5450942913
-8.3689712219 -9.9467077044
-170.6075049687 -108.9494666043
-486.6262172548 -10.6867379278
-236.8324502894 -118.2622463554
210.3605931318 117.3027441098
-146.6161304105 -101.9427858308
-23.4330208156 -25.9742579049
195.5181590673 115.1438685321
124.6456119468 94.4437991678
-191.1339679529 -113.3659030243
-470.7997404225 -27.3688594598
140.4706984993 100.6484954439
4.4303382815 5.4194252702
182.7490734172 112.7092997546
95.8516265156 80.5137600963
-246.8302732474 -118.4504010619
197.4910426000 115.4720768603
-140.9454580553 -99.9825716092
-468.6478805665 -29.4591800101
-174.4941438448 -109.8948982811
38.6208986139 40.4519064323
-316.2915692022 -111.0048185168
181.7711217879 112.5004682181
109.1741156531 87.4035986939
12.2986108274 14.4788606204
-195.0744567716 -114.0531807547
-208.9276059210 -116.0678414773
-29.1801804419 -31.5390439270
-477.8286482876 -20.2564533749
222.2974608443 118.5251478623
-107.7875138935 -86.0121613847
-222.8559077111 -117.4717675524
20.5025771703 23.2354591588
-527.7809998905 48.2050716604
-448.4228438459 -47.3340770231
-329.8936494450 -107.6954360593
-317.2678464843 -110.7882944569
-253.8299182938 -118.3952941427
31.9431930274 34.4184228569
-330.8594682277 -107.4362178522
202.4319282947 116.2383376356
-512.8159800900 23.3762998858
-166.7330469638 -107.9552945983
211.3534829425 117.4217811796
97.6089997346 81.4685530107
-489.2537824908 -7.6708294843
1.2536402403 1.5583248340
-545.6687641141 87.2719644666
-554.1462910521 112.8980369435
-234.8338706607 -118.1869495544
59.6389224601 57.3872755507
-255.8294317323 -118.3512924403
-42.6100389711 -43.5204012552
63.6849034730 60.3248842154
215.3286330465 117.8667356263
153.7367905753 105.1183276795
-22.0182139970 -24.5606413350
216.3232692961 117.9701702961
-34.3222411565 -36.2884943326
-0.6292819776 -0.7771770665
-418.3976032152 -68.9198794898
-5.7507518635 -6.9226822085
-55.8963270879 -54.1225787842
-558.3583087372 129.3659004144
108.2759865041 86.9638669216
-41.8463365336 -42.8748328337
74.4154339686 67.6619400795
22.6046663290 25.3758240836
-209.9203103514 -116.1884147485
144.2407726072 101.9850372614
-367.7946150578 -94.9904825798
15.6767917375 18.1649697834
-397.6653797490 -80.9989041426
-163.8355649079 -107.1777738087
64.4996061787 60.9047630831
170.0899761785 109.7556696876
-310.4200663665 -112.2394922404
-175.4676350155 -110.1236228768
-389.6650259785 -85.1206774869
-105.9940081218 -85.1271036538
-371.4903804204 -93.4604102962
165.2548500915 108.4824600638
-92.7258557016 -78.1331974435
-307.4758526783 -112.8152930751
-106.8900662367 -85.5710404224
-13.0414975577 -15.1587672964
42.4035955676 43.7215716721
67.7765044105 63.1986115497
113.6852287401 89.5598374887
-339.5138555396 -104.9671580694
-510.0101370838 19.2378518616
-481.9375835961 -15.8843125509
-552.1575225202 106.1866386335
-533.3012986172 58.8591499259
-38.0584369354 -39.6111962642
-228.8415205790 -117.8857764277
-395.8976408849 -81.9343663005
100.2562154768 82.8800024986
96.7295636120 80.9925360926
-155.1888600075 -104.6819432216
12.9696105795 15.2203181934
78.6208994940 70.3663007690
-137.1859609071 -98.6165613599
-201.9899603399 -115.1366372354
33.4123496504 35.7754670557
-30.6386701129 -32.9075460351
224.2910506070 118.6851166050
-140.0039799207 -99.6454975492
-361.2818381213 -97.5559852839
3.1523878481 3.8809738313
-342.3827194313 -104.0899119162
-441.3534646564 -52.9035073198
-55.0992683689 -53.5186769722
-128.7918045149 -95.3711315859
-190.1502188075 -113.1863546494
-387.8715603081 -86.0058164756
-553.3120279098 110.0163801541
-238.8314633686 -118.3249906740
-158.0632153229 -105.5410255013
-501.2077029341 7.0938926324
-436.5543313409 -56.5045188685
-556.4857055096 121.5883658183
16.3593491997 18.8958017141
-14.3974380085 -16.6289426717
-272.8045919546 -117.4706360353
66.1344539407 62.0568320635
-356.5961116779 -99.3005410214
-47.2344783104 -47.3431653797
46.2371579679 46.9314480477
118.2296374248 91.6449889773
189.6124195103 114.0849988334
-416.7053113058 -69.9857773432
-368.7203535081 -94.6123181691
-548.4067173313 94.7886325731
-197.0478605241 -114.3782465480
94.1002840105 79.5479497784
5.0729302424 6.1856338396
-320.1925316779 -110.1203443384
-511.7014425285 21.7156385222
162.3635789148 107.6821527321
-53.5108593046 -52.3033799777
-25.5718064267 -28.0779539267
-556.9721633593 123.5283011009
5.7179249264 6.9498208963
-451.5137008792 -44.7950997469
-530.5913314468 53.5061094171
58.8352886092 56.7921515017
-352.8281709987 -100.6430855633
120.0564730267 92.4590294087
134.8478047541 98.5551653974
-270.8102742665 -117.6212584090
-327.9595938624 -108.2047681160
-523.3795109852 40.3551308089
-485.2982816614 -12.1822569682
247.2669066568 119.6235123145
135.7821995269 98.9114046548
-386.0725713669 -86.8796751197
-554.6873699397 114.8234521657
-114.1078096852 -89.0208037120
-456.0895869860 -40.9143483904
-161.9080347447 -106.6442781570
-242.8304745142 -118.4128124611
-319.2183373376 -110.3460551875
106.4838925967 86.0759538810
-459.8464260412 -37.6150049198
-415.0063589725 -71.0410266547
-235.8331013670 -118.2261668412
-122.3283928293 -92.6836835526
-488.6004456611 -8.4278968439
-495.0259303572 -0.7659772076
-173.5213756674 -109.6631180556
-553.5931313060 110.9760576419
-172.5493400742 -109.4282844858
10.9636123584 12.9896429640
7.0150970026 8.4721003533
-121.4099249438 -92.2881879859
-196.0609034710 -114.2172627745
-543.8619929726 82.6098742631
-24.1437463089 -26.6777273591
-439.7613022334 -54.1138828645
-64.7871239183 -60.5988278585
-194.0885301519 -113.8860021061
241.2675918801 119.5387363546
-49.5735000328 -49.2217068949
-338.5557469275 -105.2535631799
-274.7979244142 -117.3074923991
90.6159671813 77.5834297242
-185.2401963295 -112.2423280138
-143.7761778943 -100.9760332521
-335.6760913976 -106.0947081565
194.5324999555 114.9751198567
-19.2153718637 -21.7068931358
-117.7486075930 -90.6774247923
-536.7568084949 66.0741439472
-116.8364619270 -90.2675586141
-433.3175878019 -58.8546878138
-405.5460732693 -76.6527166645
-353.7717323748 -100.3118878436
82.8683034459 73.0043050701
-76.4170451474 -68.3907166786
-45.6850062908 -46.0785996040
-355.6557120020 -99.6406122633
54.8453668999 53.7788423942
-95.3528968810 -79.5818504331
-414.1544060753 -71.5646450854
88.0190721341 76.0814054381
-240.8308310608 -118.3751800357
-509.4411910501 18.4154770014
-543.4918678795 81.6808923389
-533.7431341012 59.7562460217
110.0736211301 87.8405081776
-380.6431754815 -89.4332265827
-442.1466875915 -52.2945759811
-555.4762901123 117.7178512059
-5.1021477837 -6.1615562349
-542.3640162981 78.9009837697
-472.2233331514 -25.9640911933
168.1535317722 109.2554965159
-337.5967437280 -105.5369584224
-348.0950209228 -102.2545437176
110.9744940662 88.2745910648
-537.5922824033 67.8912772634
-282.7598303436 -116.5298413116
-178.3923504690 -110.7914404854
-229.8398351443 -117.9438111475
-479.2074367958 -18.8076841075
-332.7886401634 -106.9086898594
-504.7972391824 11.9016149908
-159.0231163566 -105.8213645916
-346.1947750042 -102.8782869254
-168.6687151111 -108.4584635203
-269.8127705393 -117.6918722468
-232.8358033031 -118.0991032407
-119.5767373619 -91.4885546762
-11.0249648280 -12.9376107075
-432.5038096752 -59.4358634848
163.3264967336 107.9519476065
-507.1396689119 15.1439637955
-429.2305689038 -61.7349280036
-377.9106779887 -90.6715311875
-151.3692168444 -103.4944547307
-395.0115771596 -82.3979297531
-462.0755031334 -35.6072309884
-476.4407887567 -21.6965353388
-7.7108588104 -9.1937880183
-223.8529517985 -117.5485991067
-413.3008132189 -72.0855858071
167.1864970203 109.0008520805
-510.5764980599 20.0620091553
71.0819541537 65.4511223274
-184.2600042589 -112.0442787654
-263.8235395426 -118.0497504696
-541.5975887977 77.0536670597
-551.5622546866 104.2772810592
-525.8521786574 44.7008668348
-491.1994848803 -5.3873709114
-374.2494336208 -92.2824602634
-449.1985439480 -46.7029753263
-294.6597896739 -114.9890461743
-19.9127186458 -22.4236270233
-515.0136590821 26.7184563538
-224.8502322214 -117.6222995690
-507.7188988262 15.9591280160
-516.0967138401 28.3998196493
-531.5058536711 55.2847716227
146.1320303685 102.6355249408
99.3723343599 82.4122908661
23.3098316835 26.0848669757
18.4207432161 21.0753878105
-16.4485929416 -18.8181672566
-461.3345801305 -36.2788209703
-349.0436656026 -101.9382001204
-62.3402563052 -58.8630917821
-517.7014447761 30.9345345180
-303.5420455742 -113.5398373985
2.5170419756 3.1087461302
-502.4142713836 8.6889420727
-7.0551138071 -8.4388055743
-134.3777593586 -97.5611254758
117.3181456903 91.2336705874
-273.8013862522 -117.3906289845
-141.8879899595 -100.3166877709
-550.3358061223 100.4699687883
-340.4710601179 -104.6777459146
-555.2163466295 116.7522273734
-388.7689879780 -85.5646548530
-548.7356599585 95.7329824807
44.6976893506 45.6547231295
-78.1060303320 -69.4618465431
-400.3058859685 -79.5749421532
-275.7941966149 -117.2212270988
21.2010321528 23.9511131516
-99.7612488589 -81.9410748529
-50.3570935289 -49.8429807741
-544.9548408602 85.4037290083
-109.5865424249 -86.8859385208
-296.6371068860 -114.6887017333
84.5787736173 74.0407807973
-526.3385077998 45.5746425299
-471.5126395309 -26.6675928477
-472.9318142766 -25.2583614326
-531.0499888099 54.3947226193
120.9717988823 92.8617434241
-313.3587254625 -111.6359828700
101.1415608485 83.3449364432
-478.5191798265 -19.5331510911
-527.3029231707 47.3267535802
-59.1034062900 -56.5130694869
25.4386373150 28.1986615319
-213.8947671982 -116.6395195943
107.3792425381 86.5213171961
244.2670496196 119.5952528253
-410.7302791355 -73.6322904876
160.4403084672 107.1334989925
-193.1031333327 -113.7157284773
-225.8477391470 -117.6928682125
209.3680819918 117.1805899580
-187.2024219246 -112.6291882652
150.8777200887 104.2096710912
-522.3713914774 38.6277960995
-442.9379945749 -51.6831569283
-154.2325556531 -104.3895702033
-237.8319075747 -118.2951877412
-331.8244683054 -107.1739682570
-496.9063339023 1.5715478404
72.7452230659 66.5617647840
34.8899994844 37.1232582518
-97.9934676135 -81.0056927871
-540.4262334440 74.2918076357
40.8843604360 42.4208354361
-323.1107951124 -109.4248737283
-252.8300678081 -118.4125859344
-404.6765463317 -77.1466021825
-485.9634234415 -11.4355398783
-540.0300066022 73.3736549851
-267.8171224930 -117.8237017429
236.2701058511 119.3817637003
126.4898974437 95.2174923539
-315.3146168485 -111.2182760036
70.2529434538 64.8918895858
-202.9797749950 -115.2789992686
105.5899455078 85.6277813671
-35.8104557830 -37.6246108567
-516.6342762790 29.2430435960
-321.1660124846 -109.8915756367
-51.9301135773 -51.0781318044
29.0305908413 31.6767898919
51.6877978113 51.3233261023
-347.1453876023 -102.5679070158
-462.8143136947 -34.9333178229
98.4899262124 81.9418061572
243.2671728621 119.5795534703
-309.4392660890 -112.4345071520
-302.5571961269 -113.7132489498
-546.0213225379 88.2077542709
-258.8280852050 -118.2617480753
94.9751971013 80.0322297423
-483.9609804559 -13.6694071376
-345.2431925011 -103.1856803864
-48.0121847266 -47.9717930359
229.2790760542 119.0302385569
-483.2888342158 -14.4098255543
-318.2434390691 -110.5687059588
-538.4163283146 69.7136214890
-91.8532222019 -77.6448217939
-39.5674443183 -40.9237841122
-434.9396493488 -57.6846850452
-26.2891269709 -28.7746972344
115.4990592886 90.4024577364
183.7276759554 112.9150594986
-80.6520372445 -71.0486009804
-284.7470583424 -116.3041977408
-333.7519742954 -106.6403852749
49.3399964418 49.4557689889
238.2687995974 119.4539679173
123.7253003332 94.0526131072
41.6429569230 43.0723961547
50.9032439278 50.7032654569
32.6767060583 35.0980982452
-2.5317263509 -3.0967990721
192.5627956322 114.6283418023
68.6002104345 63.7656286446
-108.6863422436 -86.4504621913
10.2996268041 12.2418975637
179.8172098180 112.0735980336
-435.7479167761 -57.0958694832
-135.3127203118 -97.9158761148
-164.8005768663 -107.4399796822
-535.0517089351 62.4557964929
-131.5796244630 -96.4792835518
-118.6620357400 -91.0844248173
232.2742757202 119.1997077375
-287.7251454546 -115.9423441870
-402.0587208195 -78.6118429239
186.6672925053 113.5138878396
226.2856056549 118.8325625317
-370.5682452992 -93.8472782558
-544.5934830690 84.4713017742
-465.0179979891 -32.8977057840
-536.3347963211 65.1675537834
-552.4506569765 107.1427098603
-13.7183136945 -15.8949193982
-500.6006683252 6.2992172372
-27.7303136679 -30.1614095495
-24.8566771890 -27.3789616710
-360.3468932417 -97.9107782830
-124.1690315110 -93.4660130126
111.8767255792 88.7058430757
-424.2672128860 -65.1059904168
-84.9282344799 -73.6396710735
149.9266143688 103.9008055711
230.2772969242 119.0898631718
-554.4183419481 113.8603198073
132.9823939975 97.8338937082
205.4020197938 116.6608270786
-499.3791282650 4.7156042726
-534.6183435747 61.5545781706
-304.5263456551 -113.3633342799
-205.9518327209 -115.6874276184
-513.9200667889 25.0439277524
-494.3942462726 -1.5412031212
-285.7401311559 -116.1866971574
-498.7646348575 3.9266823169
133.9145331771 98.1959939015
138.5920308379 99.9624940166
-520.3227095129 35.1922895841
1.8841240263 2.3345272533
-475.0439129378 -23.1278732050
-182.3015098932 -111.6389517864
121.8883847453 93.2615813358
185.6867951575 113.3173555243
-72.2243020505 -65.6666732965
-511.1402683943 20.8879407566
-73.0594209924 -66.2167427039
35.6319911574 37.7936673488
86.2957190845 75.0664944041
-521.8632688301 37.7665113758
-417.5522939910 -69.4541568667
-434.1295370283 -58.2709597489
-539.2289137299 71.5411047538
62.0609805750 59.1574663117
-314.3369990557 -111.4286648128
239.2683066579 119.4853627577
-186.2210054415 -112.4372984879
129.2653448951 96.3562777978
-250.8302285938 -118.4377505466
7.6672616051 9.2301777446
-324.0820777586 -109.1869451231
-366.8676937368 -95.3657383123
-68.0748414018 -62.8771422699
-431.6882106716 -60.0144810315
196.5043431899 115.3095214111
-52.7195246203 -51.6919967775
-98.8766239607 -81.4747715294
-503.0137933281 9.4893003912
-467.2024093290 -30.8414256619
-467.9262300115 -30.1514375318
-537.1759718999 66.9820547577
48.5613182522 48.8283454660
-391.4528976470 -84.2242930620
-51.1426339587 -50.4617911110
-551.8613874503 105.2314925607
-528.7288678303 49.9661896318
11.6299425560 13.7352997668
-430.8707988327 -60.5905347491
-17.1368827791 -19.5436030564
-32.1057251605 -34.2668619027
-300.5858879790 -114.0507905420
-398.5470374585 -80.5270146605
-239.8311078160 -118.3516548597
-206.9433573237 -115.8173466774
-66.4274056947 -61.7431467976
-144.7218153080 -101.3012560706
-396.7822446554 -81.4680228977
-4.4559368330 -5.3983974001
137.6543217980 99.6150724334
-458.3499101170 -38.9418169747
-343.3371553183 -103.7914958683
-531.9589215356 56.1762476516
-219.8662917538 -117.2224940666
-501.8122392737 7.8904701955
-78.9530371025 -69.9934286447
-505.9735445515 13.5191117664
-147.5647894219 -102.2590864472
-83.2128782018 -72.6113019863
-231.8369863519 -118.0504750798
-32.8424466330 -34.9430582292
-364.0799239988 -96.4740165853
6.3653159741 7.7119789057
-82.3576303224 -72.0930828582
-477.1358489874 -20.9775838275
37.8705453492 39.7908693848
-181.3232269080 -111.4316780523
26.1526523936 28.8987918537
-535.4822423383 63.3583711373
-457.5985348977 -39.6016921749
-328.9270214797 -107.9516203225
-59.9098476465 -57.1043835647
201.4427984721 116.0912927644
-241.8306232460 -118.3955659698
-336.6368553967 -105.8173410028
-48.7918611965 -48.5979755989
8.9787157889 10.7401704811
-514.4681774415 25.8803335824
166.2202666178 108.7431724162
-203.9700317866 -115.4182525870
-385.1710278329 -87.3123635254
87.1565989035 75.5753027544
-408.1452893587 -75.1547124712
-280.7712244988 -116.7430007230
-490.5533085068 -6.1505590235
-167.7004860495 -108.2083985601
103.8062951290 84.7230264464
-455.3320291712 -41.5671164635
-556.7304572849 122.5579515899
39.3733238323 41.1105841157
9.6379924398 11.4920709384
-535.9099395392 64.2622932049
-551.2601271783 103.3240135371
-513.3693325284 24.2092471103
-77.2606969021 -68.9276074653
-372.4112962323 -93.0706487443
-474.3421111224 -23.8402454474
174.9444949426 110.9528140369
28.3078386755 30.9856825870
145.1858908546 102.3117657397
-20.6123125309 -23.1381677120
-38.8119102445 -40.2686747599
-421.7619390630 -66.7563067241
-79.8017088625 -70.5223485287
-125.0911841592 -93.8528391925
57.2336467570 55.5943478793
-487.9447348646 -9.1829089971
-534.1821505298 60.6547250562
-286.7328301225 -116.0660789097
52.4742948143 51.9409201957
