1000
183 171
183 657
183 966
183 197
183 604
183 391
183 59
183 330
183 424
183 436
183 113
183 708
183 366
183 557
183 431
183 446
183 105
183 836
183 196
183 795
183 64
183 117
183 994
183 892
183 396
183 776
183 267
183 594
183 315
183 726
183 224
183 274
183 158
183 972
183 952
183 469
183 347
183 402
183 979
183 722
183 200
183 407
183 83
183 893
183 940
183 811
183 618
183 379
183 14
183 69
183 608
183 238
183 383
183 648
183 626
183 497
183 79
183 547
183 585
183 554
183 873
183 244
183 962
183 153
183 845
183 367
183 665
183 784
183 173
183 286
183 947
183 694
183 440
183 6
183 848
183 312
183 916
183 599
183 639
183 93
183 180
183 319
183 852
183 257
183 139
183 302
183 785
183 360
183 18
183 515
183 834
183 401
183 787
183 308
183 753
183 960
183 818
183 191
183 20
183 356
183 702
183 690
183 768
183 643
183 239
183 46
183 830
183 193
183 857
183 394
183 397
183 653
183 737
183 710
183 368
183 285
183 724
183 262
183 389
183 412
183 513
183 241
183 135
183 362
183 488
183 222
183 647
183 810
183 145
183 484
183 796
183 500
183 242
183 16
183 207
183 151
183 840
183 564
183 174
183 156
183 950
183 86
183 172
183 5
183 447
183 505
183 136
183 268
183 493
183 42
183 115
183 473
183 299
183 146
183 329
183 922
183 25
183 904
183 13
183 559
183 825
183 771
183 281
183 590
183 487
183 541
183 635
183 699
183 562
183 167
183 742
183 451
183 81
183 721
183 339
183 761
183 985
183 973
183 304
183 365
183 816
183 805
183 880
183 68
183 464
183 732
183 170
183 503
183 953
183 763
183 846
183 82
183 159
183 797
183 187
183 621
183 704
183 822
183 688
183 798
183 94
183 980
183 345
183 307
183 96
183 549
183 144
183 697
183 309
183 579
183 437
183 226
183 137
183 438
183 625
183 847
183 667
183 868
183 633
183 843
183 77
183 844
183 140
183 395
183 364
183 7
183 292
183 596
183 310
183 363
183 150
183 24
183 121
183 632
183 30
183 717
183 460
183 583
183 767
183 110
183 780
183 567
183 765
183 166
183 949
183 282
183 458
183 129
183 790
183 990
183 147
183 34
183 544
183 864
183 521
183 489
183 131
183 37
183 74
183 459
183 995
183 576
183 961
183 924
183 36
183 757
183 120
183 269
183 124
183 58
183 998
183 415
183 971
183 475
183 398
183 106
183 793
183 203
183 423
183 406
183 701
183 114
183 295
183 988
183 664
183 255
183 595
183 578
183 338
183 472
183 499
183 606
183 867
183 108
183 48
183 532
183 322
183 561
183 448
183 682
183 416
183 565
183 569
183 605
183 712
183 133
183 571
183 190
183 435
183 746
183 482
183 969
183 828
183 47
183 240
183 982
183 832
183 260
183 957
183 165
183 876
183 879
183 612
183 542
183 443
183 279
183 730
183 143
183 713
183 740
183 73
183 601
183 863
183 736
183 563
183 122
183 869
183 4
183 580
183 572
183 231
183 211
183 944
183 491
183 837
183 63
183 827
183 523
183 258
183 956
183 31
183 597
183 685
183 192
183 485
183 400
183 341
183 631
183 634
183 750
183 573
183 910
183 271
183 127
183 323
183 246
183 490
183 627
183 413
183 483
183 478
183 474
183 12
183 26
183 948
183 938
183 300
183 9
183 556
183 703
183 21
183 134
183 486
183 344
183 610
183 926
183 252
183 663
183 256
183 35
183 130
183 61
183 335
183 352
183 993
183 917
183 770
183 645
183 461
183 638
183 205
183 45
183 169
183 442
183 112
183 820
183 78
183 600
183 420
183 95
183 692
183 913
183 311
183 506
183 53
183 455
183 881
183 284
183 179
183 378
183 372
183 546
183 680
183 57
183 28
183 700
183 658
183 555
183 44
183 359
183 807
183 661
183 178
183 991
183 853
183 681
183 899
183 463
183 741
183 666
183 992
183 317
183 100
183 289
183 718
183 492
183 1000
183 976
183 227
183 615
183 903
183 154
183 249
183 575
183 679
183 441
183 591
183 270
183 530
183 529
183 301
183 371
183 911
183 111
183 841
183 138
183 616
183 467
183 581
183 536
183 862
183 168
183 202
183 934
183 444
183 512
183 19
183 833
183 716
183 984
183 719
183 498
183 758
183 686
183 930
183 539
183 886
183 838
183 387
183 316
183 291
183 918
183 428
183 70
183 593
183 417
183 636
183 247
183 109
183 265
183 974
183 711
183 374
183 29
183 228
183 586
183 306
183 928
183 738
183 98
183 49
183 821
183 107
183 749
183 675
183 859
183 334
183 887
183 481
183 946
183 849
183 894
183 871
183 65
183 937
183 715
183 882
183 729
183 896
183 912
183 219
183 349
183 989
183 674
183 856
183 399
183 693
183 764
183 457
183 706
183 186
183 470
183 434
183 152
183 422
183 23
183 965
183 175
183 343
183 831
183 15
183 263
183 801
183 551
183 91
183 609
183 629
183 125
183 432
183 964
183 589
183 405
183 714
183 983
183 38
183 630
183 619
183 640
183 788
183 253
183 533
183 176
183 248
183 684
183 84
183 516
183 403
183 783
183 698
183 766
183 116
183 786
183 340
183 676
183 325
183 920
183 519
183 375
183 794
183 201
183 968
183 874
183 814
183 471
183 656
183 507
183 824
183 280
183 525
183 97
183 803
183 453
183 357
183 677
183 978
183 756
183 748
183 709
183 941
183 103
183 177
183 272
183 66
183 642
183 321
183 215
183 695
183 55
183 462
183 524
183 751
183 923
183 727
183 92
183 381
183 623
183 142
183 221
183 958
183 43
183 671
183 734
183 566
183 27
183 527
183 358
183 353
183 425
183 851
183 670
183 209
183 905
183 744
183 386
183 866
183 510
183 553
183 705
183 752
183 592
183 62
183 273
183 76
183 517
183 88
183 662
183 792
183 427
183 87
183 414
183 225
183 772
183 104
183 739
183 624
183 943
183 850
183 411
183 149
183 223
183 754
183 384
183 32
183 303
183 659
183 650
183 649
183 101
183 119
183 157
183 71
183 293
183 915
183 970
183 342
183 560
183 326
183 390
183 259
183 355
183 815
183 550
183 872
183 587
183 410
183 691
183 369
183 214
183 975
183 204
183 743
183 967
183 351
183 598
183 494
183 41
183 603
183 99
183 294
183 161
183 861
183 897
183 614
183 927
183 217
183 198
183 495
183 613
183 377
183 261
183 85
183 237
183 782
183 817
183 333
183 540
183 773
183 535
183 802
183 502
183 813
183 954
183 760
183 602
183 11
183 620
183 67
183 895
183 588
183 731
183 963
183 163
183 584
183 314
183 298
183 218
183 977
183 812
183 622
183 855
183 548
183 860
183 644
183 900
183 155
183 888
183 914
183 60
183 346
183 574
183 382
183 909
183 545
183 672
183 141
183 747
183 51
183 883
183 287
183 842
183 361
183 932
183 683
183 56
183 418
183 791
183 720
183 870
183 520
183 50
183 878
183 799
183 528
183 999
183 288
183 901
183 480
183 324
183 184
183 234
183 266
183 290
183 508
183 445
183 210
183 128
183 331
183 468
183 955
183 652
183 254
183 118
183 452
183 552
183 236
183 243
183 194
183 348
183 577
183 997
183 981
183 617
183 296
183 206
183 388
183 558
183 935
183 769
183 132
183 809
183 689
183 380
183 919
183 385
183 102
183 75
183 654
183 430
183 17
183 865
183 305
183 80
183 826
183 774
183 781
183 392
183 40
183 936
183 433
183 777
183 277
183 875
183 673
183 835
183 337
183 22
183 182
183 646
183 637
183 884
183 276
183 126
183 687
183 907
183 188
183 354
183 891
183 313
183 52
183 376
183 543
183 725
183 476
183 426
183 208
183 829
183 72
183 479
183 164
183 890
183 212
183 779
183 800
183 908
183 454
183 759
183 229
183 185
183 213
183 678
183 450
183 885
183 439
183 877
183 696
183 806
183 728
183 496
183 419
183 889
183 526
183 264
183 318
183 250
183 987
183 297
183 90
183 522
183 429
183 89
183 230
183 951
183 778
183 370
183 514
183 775
183 393
183 220
183 350
183 942
183 3
183 278
183 181
183 959
183 33
183 582
183 251
183 538
183 568
183 275
183 723
183 839
183 232
183 755
183 534
183 466
183 477
183 373
183 898
183 10
183 511
183 328
183 336
183 945
183 854
183 668
183 641
183 789
183 456
183 421
183 148
183 39
183 570
183 327
183 902
183 921
183 933
183 235
183 660
183 537
183 160
183 707
183 628
183 409
183 2
183 449
183 245
183 518
183 195
183 735
183 216
183 996
183 804
183 531
183 162
183 607
183 939
183 509
183 611
183 233
183 929
183 733
183 745
183 504
183 762
183 408
183 8
183 404
183 199
183 332
183 986
183 808
183 669
183 501
183 823
183 189
183 858
183 906
183 925
183 819
183 651
183 931
183 655
183 123
183 1
183 283
183 54
183 320
183 465
