135
46 63
35 41
56 36
46 119
108 64
113 98
66 27
73 7
24 109
49 108
23 1
69 22
8 32
39 82
7 130
114 16
36 80
129 50
51 39
7 3
121 59
124 133
93 23
69 44
124 85
48 122
27 14
108 135
104 25
104 5
44 87
66 106
94 78
18 4
28 104
56 118
133 61
44 18
62 68
108 70
45 26
10 125
30 54
17 74
44 95
123 126
59 86
119 111
47 99
95 19
46 131
124 84
68 58
27 103
86 110
121 46
70 35
85 113
10 112
16 37
45 117
131 77
40 88
14 100
91 96
69 48
57 62
118 33
90 132
62 29
66 94
44 75
19 90
11 2
66 127
62 11
63 67
57 12
91 66
92 115
48 83
104 72
86 55
28 17
59 120
112 13
8 30
71 45
48 56
48 24
8 91
12 53
49 51
113 89
24 71
41 97
131 21
92 6
49 28
8 121
48 52
52 43
62 123
7 47
8 49
17 73
66 15
19 105
17 93
8 69
124 57
37 34
134 107
61 92
61 114
98 101
43 76
59 9
50 42
112 20
125 40
78 31
49 38
87 116
29 134
131 128
12 102
108 81
44 124
115 60
57 79
93 10
62 65
7 129
