0.0000000000 0.0000000000
-12.3677451305 -1.1578154018
-2.6403986716 4.2398887766
-1.1500819073 -0.9469420247
-5.1149249683 -0.4394112777
-11.5088397567 -0.5426755458
-5.3261428800 -4.5858694557
-10.6940519324 1.3775148433
-10.3875601395 3.5034528723
-5.6765893682 -6.7196191009
-12.0540598881 7.2627384349
-12.8527853650 7.8951894855
-10.5203057349 -0.3916772421
-6.1216827470 0.6015981479
-9.6978880206 1.2457183530
-8.2505740339 -1.4440840374
-0.0002763671 0.0251552000
-4.0483669917 0.3381141294
-7.7458276181 8.6999649961
-5.5280493279 -3.5980025507
-2.0505679110 -0.4611990310
-7.0711633053 -1.8044496195
-12.7196872424 1.3182044496
-2.0089856982 0.2045093825
-4.5386417727 -5.3427279680
-2.1007487146 -0.6367281927
-4.0655788757 -0.3459098696
-13.1719236708 3.2796209590
-10.9707938008 -5.6464030818
-2.7351459755 2.7301444341
-3.0354815089 -0.2759498312
-9.2603617259 5.4988734958
-3.2510835958 3.4239826923
-0.0725420249 0.7178340229
-12.3743707069 -1.1414310241
-10.5752081574 1.7529701366
-11.7276189804 1.1813998493
-11.3577667816 -0.9874028626
-11.3311031643 -1.0399325969
-8.3381561737 7.7093180403
-13.9781937987 3.8838199362
-9.5826611956 4.1024177843
-10.5811075718 1.7363105145
-1.8815152340 3.2510230737
-9.7928277423 -4.0301122772
-9.6195542647 6.4321369742
-5.0987765769 -0.4079705989
-7.9827003070 6.7116758351
-4.4590805297 1.7126807642
-11.2970820657 -1.1018976580
-9.7329805522 1.0369620767
-11.2290524258 -1.2121840266
-9.1250333398 4.4485308852
-7.2156778888 -4.8302768968
-6.0627733733 -2.7283749815
-11.6807604831 1.5433966609
-12.2598873565 -1.4188868929
-11.5828132745 -2.4340328747
-6.9579430774 -3.8503708518
-8.8861170780 -2.2161494744
-4.5176524861 -5.3320171998
-11.6125240000 1.8237619158
-8.6387982433 -2.3966554490
-10.9573849673 8.0114678864
-13.1830252425 3.2588357283
-6.2356251435 -4.7572666422
-3.2422983433 -5.6953169378
-8.9526595637 -6.4354947346
-6.3196303131 -1.7619255454
-4.0744529026 -0.3677392616
-5.9962423303 0.0331135442
-8.0413682203 -4.6429782627
-12.4480325287 -0.9239498580
-8.0190260326 -4.6504680795
-11.5389510781 -2.4817200573
-0.0266073164 0.4688266261
-4.0190351625 2.7834747758
-9.3091952918 5.4782382739
-7.8633292393 -1.6895710687
-5.7684454435 -2.5963086946
-5.9022024878 -2.6706356261
-8.0806644760 5.7138050695
-6.5425069403 2.3390448474
-3.5984379658 2.2240662858
-4.8653431955 2.2227705008
-14.2950285387 -1.7148452759
-9.3652663244 -0.4143584417
-5.5775839313 -4.6686214863
-8.4879686635 -2.4886564837
-2.4497223589 4.0233225966
-6.3147213554 8.4271986632
-8.7503629533 0.6136013131
-7.7601184711 0.7529421377
-5.0834429055 -4.4953542456
-6.3397383851 6.2762066866
-10.4447946230 -0.5768373910
-4.1909521512 2.9611448769
-6.2642803247 0.7958239767
-8.3335741711 5.7040561556
-4.2681364136 -0.9736193490
-10.1731249872 4.9256431252
-0.0088600693 0.3107806155
-13.4443083370 -1.0585554046
-8.3112131510 3.7014312235
-3.3950764535 1.8522621938
-12.0402159272 7.2737243732
-13.7139003011 1.4256306750
-13.1223319389 3.3666154535
-2.4793720283 4.0599553778
-4.4331277810 1.6733459280
-0.0019500574 0.0856327350
-4.2013108234 -0.8490547421
-4.3045228944 -3.9823739859
-6.5895453465 2.3744988631
-11.4610469007 -0.7308026747
-3.1854631687 -5.6532823065
-8.9778696932 -3.3604345409
-5.1429958167 -4.5208967990
-11.5960365526 6.3311048561
-6.3654816947 6.2905199639
-9.7048920577 7.4562910595
-3.6408807427 -4.7311661038
-6.0834879937 -3.7473766354
-8.1683230122 -4.5957171753
-7.1503282960 -2.8171777819
-7.3155363027 -2.7741309271
-12.4572389598 -0.8898246700
-4.8312364075 4.8051942910
-12.8615906052 7.8873606772
-0.9999987317 0.0015926529
-8.3814681190 -5.5833675752
-7.3660365708 -3.7936356357
-8.5577816640 -5.5167611256
-10.1563488175 -1.0260679227
-1.9999894931 -0.0027058622
-10.4095085391 -0.6380785444
-6.0643037912 -5.7530945117
-7.7897098050 3.6501592162
-3.7024617753 -4.7860211546
-7.1078218698 5.5276594647
-12.7259737901 0.7120694744
-6.9641480157 -2.8462354716
-5.0023085243 -3.2660673373
-7.1103450885 -3.8354909573
-8.7348103895 0.9764945121
-11.6017099220 -2.4114385256
-10.0193650318 6.2450919653
-8.0021569660 -4.6557388184
-5.9420191956 -4.7373193505
-3.3763150595 1.8090294092
-10.5258089759 1.8663084213
-13.1100258386 3.3867109904
-6.9874107123 6.5399761670
-14.3711056860 -1.4732721004
-2.2376231395 -1.1589546024
-6.2979392244 8.4216573479
-8.0738719273 -1.5715140929
-8.1448873782 2.7153603653
-8.1234735513 3.7151310630
-3.7146855645 -2.1800832440
-7.9572075330 5.7071545698
-10.6609656517 1.5149421938
-10.3902645230 -0.6677257141
-1.0104220764 -0.1467764276
-5.8308023747 7.1370110415
-12.7213268379 1.3006073526
-9.7324238287 0.9074479623
-5.9127596506 3.1158449189
-7.4057173297 -2.7468261922
-8.0828137385 6.7138027599
-9.1767638621 5.5274247245
-7.7842971248 -3.6723948492
-5.5777216638 -3.6165279005
-13.2368929068 3.1474875312
-12.9455393637 -3.9035057968
-9.5736109341 2.9221584945
-6.9589017916 6.5325714837
-8.0032119084 -1.6140074750
-3.4100592496 -1.4871401182
-12.7177369160 1.3357698224
-8.0726241164 4.7138373937
-1.0022998080 -0.0706418051
-11.5028860359 -0.5775157530
-7.1981449088 -4.8324996671
-5.4189315946 3.9961118681
-5.5409549239 -7.7103780512
-1.0010998803 0.0444061484
-12.9786497386 -3.8699682560
0.8912602899 0.9916433007
-1.1596306102 -0.9748061624
-4.2994234897 1.4244896503
-3.5734192514 2.1841308575
-3.2519337622 -5.7020978816
-10.3818107715 -4.8382576795
-15.3428589406 -1.7110293781
-8.2975755908 -5.6111067245
-5.3168040702 7.9948022415
-13.2416958256 3.1367286063
-1.0775763012 -0.6920395112
-9.1791777229 -3.2380768761
-9.0605986029 4.4898904872
-12.3517839741 -3.0733168986
-8.5942753464 -2.4254346287
-3.4754282347 -4.5719038938
-10.7294488177 1.1209322848
-3.3652605325 3.5509945303
0.9999826470 0.0058911479
-7.9613879556 4.7019077651
-10.2045882628 9.3928521860
-6.1119717870 -4.7542312767
-8.2314531496 4.7092841732
0.9015873282 0.9456605231
-9.7501944345 7.4433114926
-9.7494382759 6.3763488337
-8.7713838553 4.6041472658
-10.6655731372 1.4978800376
-1.0189643934 0.3454271462
-5.7586529235 -2.5897566685
-4.2387849943 5.6108004746
-12.3403660542 -3.0868067911
-9.5841764952 2.9079911018
-8.7752965352 6.6652831729
-6.7560286905 7.5128391378
-3.3091042578 -1.3006822925
-6.3863870166 7.3932330051
-0.0245240681 -0.3141237228
-10.4683713660 -0.5293540600
-9.6355519810 1.4108498798
-12.2954668698 2.7981404548
-4.2119530575 -0.8700788606
-7.2245199986 5.5684931840
-2.0020615435 0.1460144685
-1.0009760581 -0.0471148335
-13.7276451721 0.7194958565
-13.4406666172 -1.0758494490
-4.5174590583 -1.5831011434
-11.5877075303 6.3394385157
-6.8384969940 5.4094657506
-10.6914856725 1.3890142696
-0.0824616804 0.7639032636
-10.8252604948 -1.7812589583
-7.1676670579 1.5585483213
-14.3758596837 -1.4562501851
-0.0054798013 -0.1503279035
-5.3608985363 -1.0439425251
-10.6987771186 1.3544292780
-8.0158920372 5.7122268324
-11.2608923894 -1.1626217166
-8.8310644343 3.4427949312
-14.0455287898 3.7662564447
-5.8173210577 -3.6977836470
-7.9455121905 5.7057257737
-5.2784470447 3.8889215762
0.8753058354 1.0544485466
-5.2476740793 -4.5604921964
-5.5424798380 -2.3912403625
-9.7332782236 7.4484289045
-4.3213843339 1.4727416022
-10.7029570381 1.3312387847
-10.4909765176 7.1268984103
-11.7319819271 1.0990481498
-5.8460945302 7.1458708427
-8.2396386180 5.7117459411
-8.1844966985 4.7132674142
-9.9575923270 8.4238356703
-4.0622984527 0.3769248064
-9.4269732844 4.2458470107
-7.1272326284 -2.8218533402
-6.2179524334 -4.7574129784
-9.3529430067 -7.3518861168
-6.9705092778 5.4746894286
-4.2592851255 -0.9583222644
-3.3008890361 3.4821539324
-4.8181454546 -5.4677623708
-8.5841782548 -2.4315067976
-5.3909391146 -3.5300597142
-4.6395911371 4.6582479889
-6.2185090439 -3.7574131333
-7.8986562251 8.7099005188
-10.0425684256 8.3996155495
-7.9669551732 1.7313176170
-4.0521839169 0.3492610383
-5.3438126835 -1.0199495775
-9.2134072380 -3.2150835175
-10.8016343053 5.7034451804
-12.1927442672 7.1439599937
-2.9981596557 0.0577617023
-10.6560573527 1.5319202589
-6.9931879851 0.1112119532
-3.1303855738 0.7396070176
0.9618912037 0.6214278662
-10.4582037975 -0.5506117940
-9.7586181008 -8.2659034679
-12.4927031684 -0.7227567769
-6.1655234068 -3.7556661942
0.9882087047 0.3872911371
-7.4378777184 2.5798911535
-8.7772988386 2.3172725163
-0.0200230906 -0.2850148050
-14.0678541894 3.7247517451
-5.8802927266 -3.7130656683
-3.0476945672 -0.3153350499
-4.9826515321 -4.4467060188
-11.4440254327 -0.7747463220
-11.4133389647 8.9014712304
-11.7248585724 1.2166371445
-13.4103781490 -1.1957786775
-13.9534634259 3.9239381643
-12.2729618023 -3.1608579349
-6.8914672773 6.5114013899
-13.0109606909 -3.8356598617
-3.8226257957 -4.8809337062
-0.0075597862 0.2931551975
-13.2146643269 3.1956212341
-5.3708308388 -3.5177744404
-4.0860514371 2.8578419699
-10.3626052849 -4.8519112501
-5.1538961681 -4.5253694754
-5.1292239143 -0.4651625503
-5.2700079154 -4.5680068803
-3.3817930894 3.5677857563
-1.0054608064 0.2283975420
-9.3252215667 5.4707881325
-11.6317559398 1.7557381225
-4.9963317746 0.0197389254
-7.7876873172 5.6867062664
-11.5060168378 -0.5601219559
-2.6733645789 4.2735683329
-13.7279734227 0.7312735789
-5.9185243030 7.1853079570
-5.1703436094 -4.5318369145
-5.7714563188 -5.7226661448
-10.7243863467 1.1677846688
-11.2911998609 -1.1121065836
-10.0952634096 -1.0978087000
-5.8414826301 -5.7322527146
-6.2232869794 -5.7573987496
0.9108280280 0.8994471806
-6.7799571031 6.4734854865
-3.5674608101 2.1739662388
-5.2501775089 1.0919843427
-13.3484410544 -1.3923981723
-10.4276928116 -0.6077698153
-12.7271421323 0.7297041298
-11.4873049918 -0.6464564351
-6.7388717828 7.5085980750
-7.3209920131 -5.8249252758
-5.2202505206 1.0345183960
-8.4298330716 6.6994124858
-10.6508497733 1.5488089301
-8.6352692391 0.2690918166
-4.7944799476 2.1520593933
-1.1538028620 -0.9581213355
-0.2205205043 -1.3184225314
-7.4875792769 -2.7136238265
-7.1351346762 5.5386866357
-4.1777200276 -3.8594299304
-6.6198593975 7.4748905328
-9.9404538081 8.4281504433
-10.1109995604 6.1917557822
-10.1260389492 6.1824733858
-4.3088678599 1.4460784108
-2.1839217029 1.0637043054
-6.8413009113 -1.8538098629
-6.0225210736 -6.7522212327
-0.0289430886 0.4863449098
-4.8847476078 -4.3924808169
-11.4237934171 8.8960373625
-3.6935073472 -4.7783634323
-8.5530342006 3.6282766656
-6.9172564420 -2.8509210690
-4.3479079357 -4.0222153848
-10.8845807699 5.6283739907
-3.4270205256 -4.5203888704
1.9582458299 -0.5789831237
-6.9403762220 -1.8394661032
-10.6537642499 7.0318884827
-12.3261668742 2.7344765222
-7.6195903699 -0.6682879200
-7.7993023599 5.6886844671
-4.1898981438 -3.8722377242
-10.3303589787 4.7664569588
-3.6495589557 -4.7391354899
-7.9846839288 4.7054529505
-6.2002798971 -4.7572469686
-4.3836455352 -5.2578690031
-6.9038103723 3.4253330911
-3.2253305355 3.3917781253
-11.5238979293 6.4005593103
-3.0448672529 0.3076580153
-7.3166945057 4.5312134294
-6.0066267818 3.1870294453
-2.0591316532 -0.4954911460
-5.4634637041 1.3947336027
0.9603709643 -0.4872761851
-0.0897596340 0.7924396924
-12.7282147990 0.7532438854
-3.2362048083 3.4057099697
-12.3139227355 2.7612658664
-12.4639858045 -0.8611529421
-14.4185952905 -1.2847884593
-3.5856933308 2.2042459682
-6.9597893178 5.4698001594
-4.0999183159 -6.2413500958
-6.1668343599 -0.4519396126
-12.2567557967 -3.1779645445
-11.7323476917 1.0872715326
-11.2159907240 -1.2317968452
-6.7634922218 6.4670625757
-11.4549815289 2.2359546937
-10.7326641220 1.0621168046
0.9995674599 0.0428278259
-12.6779761528 8.0442296342
-7.4958131243 4.6059964100
-4.0496434547 2.8193064232
-7.8671598536 7.7066540472
-12.2634380028 2.8544619546
-5.9946808024 -4.7434254709
-1.0047334254 -0.0999959429
-4.0615517853 2.8323654339
-0.0772304378 0.7409270844
-4.4029532481 -4.0665504745
-2.0546982623 -0.4783829274
-5.9559726988 -1.4690251646
-7.0811464622 -3.8393675693
-11.4106379228 2.3322244380
-6.9249974396 6.5225824024
-9.4370386993 -0.3285416269
-8.4717269483 4.6884648201
-8.3703647595 -5.5873093896
-8.3263849661 7.7098290847
-3.3038450699 -1.2901388852
-12.2401512152 -3.1946845499
-5.5643373852 -7.7132988745
-4.8170295786 4.7946818169
-4.3319595459 1.4937995128
-9.5933187760 5.3361819365
-11.6784658914 1.5549533622
-6.3811261085 6.2987417894
-12.4037695799 -1.0643801771
-4.0578770082 -6.2200523962
-8.9193255542 3.3480099614
-12.0308796903 7.2809116659
-5.0143216536 -4.4623996556
-5.6432437915 -2.4984724030
-4.5275404794 -1.5976170327
-7.9356511106 6.7090023305
-7.5656175955 -3.7423557703
-11.4255505700 6.4849363797
-10.2423149934 -0.9214413572
-0.0046101230 -0.1385777479
-3.1548727193 -0.7606416496
-6.0039784203 9.3776926549
-10.7329792839 1.0385547296
-9.2327801765 5.5092101313
-8.9183417891 7.6549993218
-11.2225793469 -1.2220289107
-9.5042786492 4.1822424417
-8.3459567364 3.6949373726
-7.9436212508 7.7109119570
-9.7167937540 1.1654618951
-13.1017512758 -3.7351065245
-5.4424270099 -3.5586708224
-4.8811373408 -3.1459241447
-10.3214143885 8.3049310528
-5.8063847513 -5.7280783007
-8.9839807228 5.5812872619
-7.1219904393 -3.8336997846
-7.3801095414 4.5624243224
-9.5425668777 5.3660791553
-4.3162835395 1.4621206610
-3.1241215665 0.7230810287
-5.3274408743 -0.9954638314
-11.0741318339 5.4348894085
-5.4901352515 -3.5817890669
-11.5128325470 2.1006201100
-1.0548251035 0.5304308383
-6.2249567919 -2.7574339203
-7.4256064194 -0.7904611016
0.8783258613 1.0430598707
-8.7560851738 2.3455438312
-3.0249025519 -0.2360945941
-6.8937408743 -2.8524339414
-11.3028435797 -1.0916201364
-1.0949056569 -0.7605726957
-8.1314777230 -1.5305609624
-3.9965173620 0.0004739177
-3.7942082084 -4.8599163905
-7.9824028656 -1.6250643481
-13.2937055156 -1.5354360649
-9.6921903142 5.2721406025
-7.7123716812 -3.6986471359
-8.8956774269 4.5677422687
-9.5944900312 2.8936392005
-9.5612296242 -0.1085288465
-5.5526375509 -7.7119073388
-4.9084774916 -3.1767927437
-5.2588188619 -4.5643153255
-4.3215946335 -3.9986167206
-11.7287844260 0.7869919144
-6.0970878812 -2.7368485506
-7.5236162521 -0.7365178703
-0.0100677786 -0.2031475359
-8.6264231994 5.6764268993
-10.7304267197 0.8442796989
-10.8506837144 5.6611117997
-7.6421223996 9.6945730735
0.9695443261 -0.4290853704
-4.3659063945 -4.0374247961
-10.8790837757 -1.7187963277
-9.4521917884 6.4887464487
-9.9732425773 7.3675003141
-9.7246060056 1.1189888574
-2.0271885266 0.2969584129
-7.3198731808 -3.8031227311
-5.2805622311 1.1424458878
-8.2888973958 6.7105319907
-9.2984390418 5.4830471805
-6.4846308713 8.4757389948
-7.8436716537 7.7047632353
-5.5353726644 1.4804360002
-5.6113519280 -3.6274041205
-6.7477356695 -0.8581967123
-3.1948529322 -5.6603995277
-13.1004873863 3.4015892976
-5.8002273940 -3.6932944646
-4.1657701606 -3.8464089176
-3.4436685712 1.9530806296
-10.9802745617 -5.6394075355
-13.7235872293 0.6430229245
-9.2876268796 5.4877290222
-3.4383189365 1.9425828249
-6.9461808372 -3.8510580200
