533
14 348
158 138
171 511
93 242
516 110
289 14
523 22
284 45
458 101
488 524
362 105
145 228
81 522
130 17
495 13
181 252
46 512
72 131
501 301
364 142
137 365
461 239
19 507
521 352
266 472
45 194
108 41
249 267
30 44
153 346
81 173
38 57
249 458
73 307
345 400
292 38
173 320
482 393
466 10
178 89
325 18
136 248
163 52
135 187
26 190
322 313
238 95
504 222
417 525
325 282
102 296
69 478
319 100
81 20
469 403
352 77
16 60
521 85
51 333
15 350
228 151
427 358
304 35
497 381
158 159
201 470
181 161
331 274
287 135
181 247
482 423
246 438
396 480
2 490
235 401
20 331
437 360
323 214
72 430
269 337
70 452
440 342
65 300
167 505
400 103
63 284
514 477
238 120
289 98
477 34
506 389
53 491
226 395
208 326
276 367
477 421
370 215
373 237
436 532
157 63
69 501
335 510
325 266
493 171
81 475
409 225
143 422
36 476
10 434
327 294
135 164
487 390
93 289
123 418
216 324
47 230
495 227
348 191
517 431
289 71
51 205
142 468
145 15
205 306
69 55
22 355
121 359
45 317
15 288
325 487
281 93
20 318
463 444
173 498
297 387
135 419
370 493
309 311
445 143
414 140
246 56
75 309
242 83
13 6
251 88
222 456
425 54
376 125
142 144
141 530
283 446
356 409
478 278
149 336
352 415
497 357
286 12
159 208
312 193
135 182
287 232
247 447
281 297
426 417
110 340
71 319
502 486
278 66
145 461
523 376
500 397
99 349
158 104
406 188
379 16
25 404
110 192
449 443
89 117
182 244
364 371
87 134
173 255
169 172
398 90
10 496
253 277
461 8
143 509
351 495
159 384
55 251
75 406
345 127
461 246
163 457
231 310
483 59
493 455
151 426
71 325
516 49
482 21
190 354
343 484
104 429
135 233
460 279
231 427
206 3
463 303
475 94
145 513
306 180
243 195
238 439
477 240
126 448
421 212
228 36
289 379
502 157
158 281
307 243
168 253
22 169
152 308
93 145
87 335
295 210
523 364
523 69
64 305
138 391
1 207
33 109
373 119
512 465
493 32
205 37
414 356
149 466
306 23
405 245
217 76
68 270
93 92
13 327
345 73
445 497
417 152
157 203
335 241
312 67
26 353
283 236
502 178
492 72
411 261
71 5
63 200
461 259
436 528
366 291
495 292
13 183
185 435
138 469
419 503
289 502
493 531
382 474
115 440
229 28
447 520
123 149
85 97
499 383
42 382
372 139
194 529
13 345
77 388
493 518
356 339
343 50
500 344
142 425
194 29
163 408
437 361
425 184
241 146
304 2
325 70
47 112
306 166
358 156
14 341
414 231
158 459
381 204
121 265
522 7
392 185
400 235
145 51
478 295
71 47
445 464
281 481
247 48
77 398
298 176
342 86
128 219
96 39
426 229
17 412
151 410
452 155
231 177
426 399
77 33
187 111
505 500
285 449
478 123
364 483
15 162
492 74
110 402
378 174
319 272
286 129
143 372
492 148
159 181
352 420
298 221
497 527
69 81
110 84
100 179
298 494
138 414
51 411
270 293
145 167
287 24
376 268
348 362
495 96
130 1
351 428
469 271
449 106
367 386
348 471
289 479
493 78
158 370
370 201
361 377
316 206
493 323
396 254
101 285
83 168
405 283
148 196
263 517
172 124
502 489
164 226
64 368
288 62
10 186
158 249
428 450
500 141
101 506
417 108
397 329
520 19
20 118
303 25
439 330
69 80
211 99
184 347
240 189
303 61
143 499
149 332
472 363
372 369
143 113
325 27
91 453
511 121
348 258
393 485
191 150
405 473
75 433
112 224
287 514
415 273
422 312
495 343
499 122
112 432
527 374
182 451
28 250
389 286
399 314
487 302
487 287
221 9
22 126
447 416
81 463
483 533
264 263
201 437
210 137
125 132
135 130
402 30
523 424
242 114
495 136
343 334
488 116
307 154
58 202
69 218
265 209
487 31
316 321
429 504
487 482
449 11
346 519
229 65
228 43
289 523
69 445
157 275
321 328
508 375
55 526
517 40
397 234
278 269
58 220
358 91
232 322
348 436
470 147
61 441
98 394
11 413
299 508
241 58
15 216
208 380
511 257
81 276
13 115
93 351
511 213
477 396
220 462
281 298
185 128
370 53
24 217
378 198
446 160
26 4
215 467
82 170
124 133
213 280
266 290
391 238
217 366
352 316
21 199
23 107
159 264
165 197
231 153
322 102
249 42
422 488
101 373
13 304
32 46
95 165
433 175
278 385
260 64
114 392
411 407
426 378
14 516
158 442
95 262
51 454
159 211
153 223
34 338
351 87
169 492
81 315
495 163
69 256
479 79
181 82
147 260
133 68
241 75
164 299
302 26
289 405
48 460
268 515
98 521
