989
723 716
646 872
985 597
934 730
47 217
76 661
499 466
41 286
331 939
529 388
38 555
437 888
266 84
563 959
621 749
468 348
122 36
701 287
58 511
441 395
52 59
261 488
120 142
13 814
735 242
890 178
51 746
246 48
544 102
890 343
122 847
945 790
850 427
650 741
92 442
702 224
37 111
873 294
198 804
518 719
422 5
244 909
45 421
102 471
985 870
879 38
385 197
208 723
831 365
785 552
779 495
432 403
421 28
472 33
550 325
295 652
277 385
182 470
321 766
206 93
897 195
358 51
745 810
671 831
237 614
13 483
958 651
586 739
232 469
890 807
46 220
603 292
760 539
54 853
926 833
273 910
945 398
372 771
533 307
368 17
679 363
49 862
749 164
71 282
274 821
97 273
472 854
902 830
962 849
898 726
38 316
785 692
131 293
232 564
476 241
553 94
938 263
620 235
590 422
898 296
343 659
413 890
864 592
70 930
921 620
499 115
741 660
491 494
656 975
368 827
230 658
293 871
17 531
4 779
510 637
385 933
844 619
198 966
432 935
571 745
848 309
983 755
510 519
749 672
606 919
521 586
288 557
943 170
625 951
567 783
659 230
361 371
468 65
599 546
477 140
242 803
13 705
557 934
699 214
12 894
97 352
844 425
90 865
579 297
481 625
325 793
473 253
773 256
654 405
903 408
286 534
755 248
563 20
621 822
754 119
677 617
413 258
209 341
927 478
643 190
48 954
33 530
100 151
590 47
610 249
717 669
118 725
610 554
470 207
811 873
513 970
944 99
177 792
457 196
890 634
971 574
100 467
38 579
468 908
504 381
901 602
376 575
76 159
753 71
151 976
52 216
285 767
747 809
401 801
262 645
462 600
605 527
799 762
180 499
308 955
687 916
14 891
6 52
969 355
680 780
937 189
473 158
305 14
806 943
51 671
870 721
938 537
525 727
918 146
18 582
358 635
76 487
397 166
372 895
760 796
673 759
130 459
372 208
940 572
513 938
689 980
388 776
238 49
613 91
535 989
791 786
122 135
17 321
296 653
208 299
585 742
899 632
63 364
491 431
257 322
223 108
762 79
664 105
241 337
632 769
99 16
14 837
177 789
17 58
677 89
516 886
963 677
358 360
394 893
516 841
211 423
39 411
294 520
806 368
695 690
622 223
353 561
890 577
83 843
689 477
887 62
860 211
719 709
441 816
592 736
845 496
102 221
233 447
668 484
656 291
605 185
603 272
567 192
368 401
663 354
400 589
438 270
68 728
310 227
550 180
413 435
343 433
621 306
238 283
412 528
164 544
308 601
363 228
535 770
489 734
6 187
710 823
793 670
921 633
633 547
231 702
613 777
432 369
530 899
710 34
538 808
866 184
709 245
51 550
40 556
372 800
881 72
561 183
223 569
17 945
308 887
368 744
749 432
926 37
735 303
157 688
70 269
848 95
926 656
737 680
861 681
68 962
705 169
422 193
320 904
118 247
38 558
857 254
805 87
63 55
269 154
561 397
58 802
550 707
735 571
272 288
171 829
958 747
331 906
251 82
163 941
695 825
393 198
673 581
82 250
735 621
5 695
556 331
643 386
40 578
6 654
123 267
239 733
548 596
661 177
836 576
323 162
753 604
534 982
870 284
770 972
963 330
933 67
534 129
325 751
720 928
731 481
864 694
48 436
91 347
106 851
355 149
145 588
672 125
589 182
471 451
106 845
368 973
740 674
688 765
691 73
921 883
896 317
958 927
778 86
468 863
940 987
940 104
945 685
793 964
936 684
307 312
416 856
163 314
558 722
432 410
303 860
335 591
182 482
179 458
887 897
178 489
375 965
857 643
892 551
647 913
565 244
397 946
584 977
921 817
731 815
628 54
926 503
18 382
940 971
295 274
4 206
800 420
299 450
476 400
65 236
295 828
249 127
149 444
267 225
980 836
731 424
693 150
416 449
647 201
198 396
144 265
223 720
104 610
687 623
484 979
92 77
164 319
227 805
702 932
64 167
237 19
686 362
160 346
429 960
223 280
170 923
331 523
526 787
38 375
856 1
214 798
303 811
869 12
449 15
95 145
371 947
397 356
497 819
13 559
299 226
394 302
439 60
26 748
703 161
811 912
236 50
549 277
403 864
748 565
646 724
968 876
27 313
266 714
609 428
131 124
556 156
155 179
193 502
183 644
85 110
931 664
353 209
683 310
550 101
499 383
321 501
650 929
351 834
453 376
977 434
936 141
46 334
567 439
731 957
246 251
745 199
663 106
525 132
873 850
353 374
697 120
642 607
696 232
18 300
857 594
231 45
572 255
696 171
46 639
558 109
713 967
275 448
710 618
921 630
272 889
770 624
394 753
744 268
368 194
403 472
893 118
550 100
963 475
659 509
980 218
519 650
413 940
522 324
578 974
15 252
359 583
91 835
939 370
457 212
833 202
164 340
691 361
67 75
58 885
757 56
499 869
37 507
929 505
954 474
167 3
735 806
902 875
838 506
501 826
592 756
638 390
697 859
975 925
361 540
246 518
893 820
677 593
799 404
104 573
18 491
671 6
930 963
924 641
262 752
943 358
363 673
754 186
484 924
861 718
175 443
100 713
516 510
605 612
584 26
266 486
6 646
73 682
296 137
809 655
587 455
737 706
44 35
242 266
220 818
201 430
814 328
772 956
522 774
779 41
439 858
138 842
682 298
174 329
561 417
986 407
670 915
214 497
977 687
413 349
329 378
688 917
413 393
24 290
91 66
613 529
84 764
613 139
87 278
572 896
627 453
473 868
659 446
963 649
980 98
617 532
520 648
191 260
794 631
584 513
407 662
361 907
223 697
209 611
387 31
100 905
885 116
544 138
977 353
223 492
592 881
713 773
380 884
233 590
986 473
674 152
779 848
171 168
461 276
400 533
181 626
321 289
621 18
793 163
749 861
516 131
422 275
621 772
777 715
800 560
873 379
224 191
215 778
779 638
933 952
266 879
358 516
27 123
386 409
131 301
477 768
169 877
192 357
500 80
6 394
610 456
135 981
468 389
907 333
516 213
421 609
745 504
173 788
945 438
897 978
203 524
262 901
43 616
809 130
195 373
892 238
417 240
91 372
926 305
519 61
325 485
385 512
405 657
343 545
713 937
850 204
261 627
33 332
170 413
534 911
825 121
915 642
292 97
425 867
457 521
848 380
635 90
940 46
51 761
590 222
85 234
477 988
867 7
534 553
102 165
209 898
867 961
550 605
91 76
657 281
699 914
413 462
18 103
841 30
822 83
793 136
382 107
310 262
882 983
17 892
626 763
642 517
89 508
187 668
856 339
92 128
356 903
128 200
690 542
757 113
735 696
812 640
671 667
913 342
550 926
57 701
858 429
916 326
198 636
524 210
369 304
656 176
393 126
112 117
697 461
31 852
587 613
240 399
222 953
281 729
424 699
706 918
400 25
4 23
401 231
375 839
688 700
584 335
262 452
571 350
286 538
70 311
104 308
584 69
571 525
615 338
439 757
281 678
104 426
935 261
203 412
146 922
325 57
106 838
921 327
499 148
611 133
91 984
292 215
45 2
375 738
671 172
686 239
236 68
903 568
589 233
712 114
327 675
424 567
809 846
915 257
988 147
129 570
351 464
462 387
700 698
977 514
236 813
170 122
403 663
351 599
241 844
272 754
384 271
122 615
549 13
638 598
262 563
401 580
100 246
940 985
18 457
603 366
521 414
51 345
774 543
737 468
610 85
943 4
473 812
30 515
544 628
261 203
236 968
385 285
179 679
507 878
368 882
606 708
749 857
650 606
104 344
375 320
449 160
335 921
6 295
140 336
303 384
124 944
482 22
285 731
565 81
242 931
516 74
689 92
584 795
986 622
860 758
368 737
647 441
116 479
361 948
305 377
167 676
901 27
358 584
495 460
146 8
254 437
260 419
358 794
6 958
936 711
131 157
527 666
208 840
143 797
807 205
707 63
516 416
967 143
731 629
389 712
548 440
572 784
43 323
916 64
229 39
211 155
353 703
565 717
647 775
316 562
800 259
986 740
498 153
324 144
699 318
55 9
525 465
119 866
668 229
840 750
942 782
190 585
242 181
157 647
941 29
735 603
644 498
470 541
308 188
502 824
728 522
621 500
163 219
300 243
321 536
565 785
696 686
453 96
856 463
871 418
713 683
439 900
821 10
587 969
752 704
27 949
949 732
58 237
728 548
873 760
749 367
37 112
73 832
614 595
627 78
421 315
627 42
558 526
48 710
621 691
170 549
7 391
482 415
9 44
30 566
51 880
404 11
686 43
305 480
926 781
924 174
489 855
806 791
779 21
635 53
672 490
26 351
513 359
606 902
49 874
680 454
9 264
115 32
975 493
379 693
943 986
394 689
735 587
765 406
431 392
735 476
861 88
656 535
266 950
62 445
403 936
735 70
297 743
71 40
892 279
953 24
321 608
860 175
534 920
571 665
286 134
73 402
779 799
268 942
140 173
