0.0000000000 0.0000000000
-6.2171720453 3.5891178125
-5.4676860745 -5.4005180622
-7.9641823247 6.0382444254
-2.9828426568 0.2086726014
-4.3774207021 5.0965404602
-0.7654513511 4.5128114186
-5.6675109220 -5.3554199487
-6.7523599839 -0.6487563438
-9.2634435293 6.2972804867
-7.3504119548 0.5439192836
-9.9840999682 -1.0307406970
-1.0867253007 3.0601487223
0.8781249608 -0.8217791838
0.8974125776 -0.7511774649
-0.0552092160 6.6749451746
-6.3876063626 0.8691067912
-1.0162323631 0.5726011011
-8.3819315385 0.7187288668
-9.1662602696 7.6565663573
-8.3653092903 6.9542668910
-8.9831533954 3.2795579636
0.0863967807 7.8282629752
-4.3423516930 -3.5322205022
-0.4753344062 9.2906999698
-6.5362063653 -6.0755259911
-1.6732061995 -1.5426477764
-1.6840959407 4.0790077401
-3.6334314135 5.1156367677
-8.9475211107 6.5910770192
-2.0537438910 2.7992101137
-7.0700195438 4.2514138824
-3.1637421958 -0.2049675100
-6.2240419813 -6.2189345924
-3.5161118028 4.0863460806
-2.7199524763 -1.1654659715
-3.1172198372 8.0737705154
-0.9074135318 -2.1857353211
-9.8636796823 3.7675855472
-4.3630753491 5.0994556621
0.8418296986 -0.9331006890
-2.0420342313 2.7645394413
-2.0061563914 2.6454234560
-0.7250283206 -4.6532190652
-9.1249040737 2.8337555547
-8.3273789120 5.8065875970
-0.5207077300 4.0469031356
-7.4509373670 5.1760227791
-2.9735220845 2.3920391316
-5.9289987997 -5.2614346467
-1.2848228589 -3.8245876182
-6.0335391631 -4.0769665940
1.2762157719 -2.4065369741
-7.5258760557 -1.2825330290
-8.3204150955 0.2990703277
-2.9448468690 -5.4282576300
-1.2127693001 -4.9190315569
-5.2143303822 -4.4258665011
-8.9301471468 6.6045039180
0.8539029089 -0.8985549332
-8.0490857417 5.9953679550
-5.6886102100 -5.3493407811
-5.6794735076 -4.2637216640
-7.7512460891 4.9834865522
-4.5046374594 6.0900341986
-2.1111750132 -1.9616375834
-9.1736923986 2.5527519216
-0.0130575233 -0.2002738152
-3.7182980297 4.1192444467
-6.1255143610 4.7389533081
-8.3531231337 0.4790390577
-1.6656712653 4.0562561328
0.4405287239 -1.8573310402
-5.4882496657 -7.4131019142
0.9325998598 5.5686020098
-8.1791021218 2.4488761249
-0.7372179486 -4.6613246512
-11.0690852936 3.3009076411
-4.8766026397 -1.3038770833
-5.4399491085 -3.2721990206
-12.9752053337 3.9169477107
-3.2893653464 2.8918215063
-7.1302420053 -0.0344195342
-8.1724141805 -0.1674919250
-2.4342714153 -0.8939724052
-2.5704331548 3.5869017202
-4.3595069547 6.1088247173
-3.6118810338 -3.5259790932
-1.0072688033 0.5147449246
-2.2707776969 -2.0777565926
-4.2938538959 6.1140694632
-9.0277685323 -0.7206762342
-1.9838068130 0.2525745704
-0.7495249216 -4.6692509348
-3.4249951032 6.0976073610
-9.9696933800 -1.0643802849
-6.9936090432 -6.9659896308
-0.7000728846 4.3985390891
-7.3559039721 0.5726758836
-3.0375521509 -5.4496476386
-3.5893630030 -2.4920858918
-7.9955295524 3.0400988480
0.9634178637 0.8570855588
-12.0035856019 3.6759128580
-7.2628950897 4.0624877099
-5.2941750653 -4.4156861325
-0.7534860808 5.9591173880
-4.4838187004 -1.5375656664
-0.7447588548 7.1914935529
-0.7750323520 5.9789381473
-2.7952558032 3.7612211608
-2.4519331513 3.4383627386
-5.4012178768 -4.3915278313
-4.2719103648 6.1148553864
-9.0217435537 7.7428582964
-0.4649471375 -5.6649438498
-0.9056801806 8.3847192196
0.4560664103 -1.8325180476
-0.3683236377 9.2431684851
-8.0890080885 -0.3622463331
-0.3047002618 -1.1407788444
-7.0215182166 -0.2163517707
-7.2166356585 0.1265955056
-6.0063841159 0.0192244550
-3.4418313087 7.1064245081
-2.3983319534 -2.1632496262
-4.2894115128 7.1147022296
0.1756550401 4.8826736466
-0.9999602884 0.0089118829
-2.2823419414 -2.0867318811
-0.3660582205 -1.2573144918
-7.0596024335 2.6712817210
-8.0122230850 3.0075335655
-0.0959856159 -0.5859660812
1.9518418980 -0.5925698330
-11.0509490435 3.3718017147
-0.7132909578 4.4246616241
-6.2377927577 -6.2139142636
-3.3763868930 -3.4730806462
-3.7985231820 4.1257818985
-0.9842353652 0.2818477772
-9.9972660856 -0.9965965173
-2.6884211374 -1.1349031321
-5.1412445696 -4.4295212564
1.7626212246 6.1277724261
-11.0641899931 3.3223126001
-8.8734435367 3.5189172230
-1.7834268467 5.4824135329
-6.4786428425 -6.1075302460
-3.5680264690 5.1078892049
-2.5553450924 3.5709490839
-1.4464035348 3.6686343462
-0.9217179486 -2.2023942495
-7.7671554578 4.9683528738
-6.2371603676 -5.0937730879
-5.8879742861 -5.2770967591
-5.5023801703 -3.2213937469
-7.9973168835 6.0227114713
-1.9995375100 0.3906368512
-5.9830053481 -6.3050245691
-0.8041319679 8.3431289864
-1.9653927316 -3.0646727400
0.0155235667 0.3038040547
-10.9131300993 -1.4007447721
-2.3693058877 3.2836002607
-8.5161257282 6.8796041514
-1.6057168513 -3.9994706715
-3.2136947558 -4.4646301511
-3.8395643888 3.1266244438
-7.6551231982 5.0623723977
-7.1536420038 0.0027389447
-2.1056923774 -0.2715433785
-4.5552177135 8.0991721772
0.8930551411 5.6301739877
-9.3293504481 0.2479368597
-4.8973764422 -1.2832481370
-5.5519065908 -4.3352589258
0.0719808440 5.0593526509
-4.5697860181 8.0977396766
-9.0578028866 -0.6539466996
-6.8587324676 -4.6911196254
-3.4000122200 -0.4323092727
-7.3867108599 0.8267959952
-5.8703393948 2.6511907831
0.9490197438 0.9437218143
-1.9880882032 0.3109642292
-4.2470915246 5.1151634213
-5.5428153544 2.8257199539
-7.1141344774 2.5677189989
-9.9756036740 -1.0509878998
-2.4632425685 -0.9269721743
-9.0178143461 -0.7402479080
-2.1182327613 4.4971829810
-1.4095523024 5.2027125744
-5.9154008772 -5.2668553533
-5.9425159159 -5.2558154722
-0.9822198003 -4.8075598427
-5.1619304427 -5.4293072809
-4.3058486899 -3.5296315979
-4.1824365289 -0.5840622386
-9.0345342709 7.7357389489
-9.1993172307 2.3127905688
-10.0215694221 6.9510295472
-0.1451395321 7.9949849190
0.2018996343 4.8303325294
-1.2466998404 -0.7835314853
-1.8778224095 5.5383712377
-7.7072367134 5.0220981749
-1.0013090059 -0.0292513617
-12.9539707676 3.9869884708
-3.7311364552 3.1097374595
-4.2241563144 -4.5262891899
2.9194938149 1.2860350662
-6.6905035303 3.2233190823
-5.5681762799 -5.3805290936
-7.1837781900 2.3522827973
-1.6089576356 6.5131486690
-10.0860981316 -0.7486632961
-7.9922162021 -0.5426381407
-5.4736859981 -7.4145808119
-7.8250775136 6.1033949540
-3.9278231843 -1.5511051770
-1.3760223237 -2.6466135578
-10.0918649866 3.0886802355
-5.6224745573 -1.9718937087
-5.3444567447 -4.4058755297
-8.7602309373 3.7238068370
-6.0568429065 -4.0592454246
-5.1278769664 -3.4296106068
-0.0342854031 0.7617575644
-8.4382722899 6.9202404845
-0.0212005538 -0.2656307012
-0.1573032795 8.0031292914
0.6055087797 -1.5557033582
-4.1711080103 4.1180543473
-0.2859030109 -1.1010928792
-1.2262720922 -4.9246850655
-2.9794735194 2.4131748042
-7.3872231648 0.8414255918
-7.3825224696 0.7683995916
-12.0447260722 3.5202819129
-0.0657624422 6.6850899749
-3.7662383959 -2.5379640100
-1.9998285629 0.0251425185
-1.9986644024 -3.0799097861
-0.6165823844 7.1067350614
-5.9835034219 -0.0093350530
-1.8163737738 4.2446859689
-1.9777808999 5.5836491264
-9.1429099544 2.7478176713
-5.4591022425 -7.4158463658
-3.3624402293 -3.4686333858
0.0749943402 7.8374429482
-0.2950837710 -1.1210390536
-6.6737367044 -4.8462918286
-1.9819915984 -1.8426865074
-9.1669712425 2.6109171804
-1.5988608251 3.9601554237
-4.0586925802 3.1243930513
-1.0089182916 -0.1093819557
-7.5563614771 5.1251824581
-0.4778007935 -5.6719489252
2.6156935508 6.6495651112
-0.1636444427 3.4530223977
-4.4646464864 7.1032821969
-2.7527951828 -1.1946150557
-8.1561031965 2.5859151619
-0.7272680568 4.4503860289
-0.0805069654 -0.5371305757
-0.9859757288 0.3184010642
-7.1421459946 -0.0159687545
-0.1750786977 -2.8676234049
-6.4731076295 3.4491071040
-6.0369862982 -7.3247933745
-6.1751775059 -3.9612205816
-11.8835903789 -1.6612220420
-0.5361317788 -5.7025489360
-8.1315058049 -0.2771527021
-3.2747235425 7.0862521192
-8.4250868604 6.9265991008
-1.1600210668 7.4067122969
-6.6851915286 -4.8371773041
-8.3171447566 0.2848017456
-6.8962197990 -7.0166433246
-8.0185649416 2.9943400668
-9.0096519332 6.5398797872
-9.2886317135 6.2707337914
-6.5044863605 -6.0937746336
-1.8385374152 -2.9918810732
0.9133908967 5.5997498411
-6.5549103622 -6.0640239594
1.7508230918 6.1462910734
-4.2840009652 -3.5274377066
-6.2035559649 2.1543828493
0.9665171840 -0.4218794466
-1.2333409815 7.4399237923
-10.9392120705 -1.3323609607
-4.8404846332 -2.4717976570
-1.1988336288 -0.6929780830
0.4284024063 -1.8756364671
-8.5507343612 5.5958208360
-2.9951539251 2.4619459031
-7.9118426432 3.1944323924
-7.4891026116 -7.8346012377
1.9542349218 -0.5781281921
-0.7122239127 -3.3945250964
-1.3090944465 7.4671308846
-7.2025206210 2.1998758800
-0.0929444850 10.2147010240
-5.3516916208 -5.4163875206
-8.0991656975 5.9650417191
-7.8128370088 4.9209078806
-8.6358082115 6.8088514205
-0.7075706717 7.1681407903
-8.8663404480 3.5317169763
-7.5064581283 3.8014350689
-4.4459603198 -2.5368487809
-4.3948336952 -2.5335986321
-12.0140747212 3.6408536219
-8.8803584993 3.5060148648
-1.2029768722 6.2967094417
-6.0217607671 -5.2180029731
-1.4348465504 -3.9158597669
-7.3844937823 0.7902685230
-0.4550764237 9.2822294104
-9.9272535258 -1.1576278864
-4.2499548676 6.1151593219
-3.6732098397 -2.5181481154
-9.1281927026 -0.4615793556
-0.9926116942 0.4059722287
-3.5412741941 6.1113812364
-0.0269278122 0.7184657830
-0.9498968439 -4.7904018084
-3.2025344679 7.0741959014
-0.3991557321 -1.3142564465
-8.3612216284 5.7786057631
-8.2342755458 5.8775917291
-3.9390072741 2.1315811721
-6.8830546904 -7.0230439082
-7.0569146361 -6.9292606670
-6.7662139483 -0.6317209717
0.9821113065 -0.2984522258
-1.0411966368 -0.2595060897
-6.1394862640 4.7345859885
-8.3138627408 4.3914331976
-3.1852771927 -4.4575912303
-0.4416765392 9.2763361388
-5.3901686064 0.9406464474
-0.2316796456 8.0498348167
-6.3676617918 5.7098551001
-6.0216952376 -4.0855694413
-9.3032724061 6.2543696124
-5.3799430202 -6.4189843806
-13.9020536258 4.3050118881
-5.6123163554 -1.9824340354
1.3074723417 -2.3570253783
0.8492254049 -0.9124260727
-1.5437366066 3.8569066863
-3.8131534178 4.1262756132
-2.0452771295 -1.9035805808
-2.8896696897 -1.2922804942
1.7770791163 -1.2870901331
-6.2959533991 0.5169084278
-1.9133822470 -3.0377916676
-8.0335688017 2.9609625918
-1.2864404838 -0.8449771890
-6.8479748414 -4.7010474162
-9.1344193601 -0.4405231220
-6.2444706399 1.8728540231
0.9706677973 -0.3928988202
-3.2566769555 -4.4736214242
-1.2578380639 6.3331522891
-6.3710162298 0.7458698070
-5.8341648577 3.7823366310
-8.2011255423 2.2526793961
-0.5463964914 7.0539421923
-6.4524077288 -6.1205234406
-0.9162587301 4.7196527417
-8.4590252194 5.6903751954
-0.8918852096 8.3798216356
-0.3730878928 -1.2701547122
-5.2444719081 1.8712613701
-4.4457902981 1.2695075287
-6.1044403848 4.7451196488
-9.5619047988 7.3800844233
-8.9501002370 3.3609252503
-2.3397910156 4.6514749602
2.0153896366 0.3257615085
1.0154164229 0.3184422265
-8.5418100063 6.8655534519
-6.8336326561 4.3818566444
-3.4398905373 -3.4905482919
-5.2934896044 -5.4227284863
-4.3414811523 5.1034339657
-4.3157748812 6.1128019312
1.8639662576 -1.0076418556
-3.9658567506 0.3922026843
-10.7742581948 4.1809216968
-7.3859844594 0.8121754652
0.1478895008 4.9342240694
-8.3224127264 4.3795510555
-7.3440804932 0.5153357763
-2.9306638481 -5.4246341687
-5.6484006985 -6.3840536358
-1.4412097195 5.2331448012
-6.2037262841 0.3591622215
0.9601389043 -0.4579140023
-3.3888785049 6.0917113469
-5.3371774866 -5.4182921099
1.9336303991 1.1184841024
-5.7990235868 -6.3535190837
-0.9069631274 4.7083443675
-6.1532320731 -3.9805984628
-0.2191700719 8.0422323092
-3.2351364960 -4.4693617483
-1.1098905420 3.1295748447
-9.2736352539 6.2867725704
-5.2146468600 0.6300862378
-8.0499464914 2.9202184664
-8.1758479771 2.4779710529
-0.0709923472 -0.5017944229
-8.3420329880 0.4066952705
-4.3277393176 -3.5313452655
-0.8509510603 8.3639248465
1.9400447003 -0.6573748531
-4.3771544005 7.1109164310
-1.1677873229 6.2704414364
-7.3615814228 0.6088274839
-3.2000640830 -0.2508848605
