0.0000000000 0.0000000000
-141.7499618606 -195.4459209885
-14.2191182341 -41.9259077521
-166.1111840641 -209.2309347623
-254.9152007876 -238.9948538907
-1.9414516629 0.3418493513
-0.0118019190 0.1579863020
-0.1571931970 0.5429663862
-0.7415397834 0.9707575348
-0.2686135634 0.6867079007
-271.7245306790 -241.5203338211
-33.5788546836 -82.5071262768
-165.2207723256 -208.7757788155
-225.6683057899 -232.3650314391
-0.9960524844 1.0047248886
-1.9624757090 0.2760607619
-1.5740880958 0.8235183220
-216.0740988209 -229.5466881794
-15.3296161312 -44.7127940546
-0.1963549501 0.5998566849
-0.6518206052 0.9421647174
-149.4469398061 -200.1097398594
-307.6272396246 -243.8903788100
-0.4717064352 0.8538013858
-1.2386467914 0.9758363192
-77.1943627665 -142.0814350156
-1.1834081331 0.9877674006
-1.7951198669 0.6111702568
-162.5581736170 -207.3935671967
-49.5816396595 -107.8694267592
-37.6115463499 -89.4161121044
-93.4355948709 -158.3600383789
-1.2690167926 0.9678649943
-1.9108242921 0.4175021941
-302.6280325741 -243.8041472036
-186.9659562690 -218.9185053564
-146.8666738285 -198.5793254295
-1.2264312255 0.9787571882
-1.0838737826 1.0012080796
-1.8174006400 0.5807863535
-140.0576216601 -194.3800998091
-370.2727774364 -238.2677854189
-6.8851232506 -21.1889727527
-20.0326155910 -55.7520366826
-287.6471569794 -243.0747919128
-0.0760331015 0.3872321332
-8.1117443122 -24.9962294527
-1.9705195644 0.2457098907
-0.7658853151 0.9769443196
-0.1161076841 0.4724442684
-266.7669565447 -240.8707449308
-91.2510903691 -156.3038572284
-1.3229944633 0.9511296679
-121.0957503904 -181.3717184463
-1.0525482449 1.0033504331
-249.9993466827 -238.0816806090
-32.5978984927 -80.7642220649
-0.8645896356 0.9955237673
-268.7487574789 -241.1399199622
-25.5928278329 -67.5019606524
-306.6272997653 -243.8794116834
-151.1750767604 -201.1164835248
-1.2141799380 0.9815244033
-0.9458389723 1.0032654576
-22.1143535519 -60.2980100752
-0.9333020009 1.0025065936
-1.7387993622 0.6786458014
-338.5911213729 -242.6737194426
-1.3051080750 0.9570467798
-1.7796368996 0.6309505233
-1.3933306949 0.9241249105
-0.3598058989 0.7729551635
-238.2645597735 -235.5761152206
-55.4378791352 -115.9747537295
-10.7079488147 -32.5630259627
-26.0403288486 -68.3962440755
-1.2750599191 0.9661565175
-261.8201915206 -240.1434053810
-0.0159630099 0.1827585958
-1.9689870992 0.2518000320
-5.9965911371 -18.3235842056
-236.3183004254 -235.1156103994
-64.6920761516 -127.7780765797
-42.8943474890 -97.9063346114
-138.3720081442 -193.3036718202
-67.2528615910 -130.8508897439
-279.6760813190 -242.3975622186
-0.5095298427 0.8761969268
-269.7402820818 -241.2698390212
-217.0294804111 -229.8420625471
-0.3454470544 0.7607584965
-0.5040667544 0.8730996802
-346.5505462314 -241.8710718452
-0.0002303515 0.0267108661
-282.6632165119 -242.6749864104
-37.0979860133 -88.5580586209
-0.0165350683 -0.1764268400
-364.3687317814 -239.3360595679
-213.2135847859 -228.6425862505
-367.3232704131 -238.8158266237
-1.7472052148 0.6693134293
-2.2087270732 -4.8469123236
-0.0078717939 -0.1205823437
-0.2815910127 0.7003651666
-1.7430169404 0.6739928126
-67.8990725417 -131.6140485787
-1.5215704407 0.8579340149
-1.8946282976 0.4515213680
-17.2386247121 -49.3339620089
-0.0188879422 -0.1887644050
-1.4276860020 0.9086547035
-0.5539126360 0.8997276387
-24.2672038044 -64.8107412675
-121.9003310481 -181.9655618307
-326.6204643006 -243.5022428134
-0.0138046784 0.1703855149
-12.7793842799 -38.1940223104
-117.8961931269 -178.9711693160
-16.4663168386 -47.4890959734
-0.8335506498 0.9907845320
-2.9704788745 -7.7485799537
-32.1115297624 -79.8904684049
-278.6809666897 -242.2988359585
-0.5765332789 0.9106495310
-0.1375155704 0.5108353196
-0.0127838319 0.1641890528
-1.5585612020 0.8341884050
-301.6283881267 -243.7774830178
-0.0268735780 -0.2255861926
-1.6341039770 0.7779712431
-1.5162020861 0.8611927017
-1.0211708899 1.0045082703
-47.8746953916 -105.4023876211
-383.9629372427 -235.3440679805
-0.2393501564 0.6539081533
-0.0884970665 0.4160510258
-0.7233868173 0.9657172053
-33.0870084072 -81.6364442221
-68.5476766215 -132.3751745523
-260.8322429580 -239.9886228316
-1.0901299531 1.0006616357
-0.9646598276 1.0041083729
-1.9476354870 0.3240534129
-87.6536019471 -152.8314540149
-0.0056870679 -0.1018697257
-0.6109607225 0.9259585334
-108.4819310488 -171.5310919479
-105.4069637292 -168.9728935990
-0.0834029379 0.4045705476
-1.1586590296 0.9920642715
-0.1220517045 0.4835086322
-1.3990966841 0.9216366100
-0.0071043847 -0.1143494188
-15.7056098769 -45.6394162555
-234.3749714071 -234.6428922306
-1.1772310985 0.9888998819
-0.2558957048 0.6728085779
-293.6352517749 -243.4512032224
-0.5936748932 0.9184661902
-230.4974108076 -233.6608909039
-2.4596068392 -5.8149305791
-0.3128552039 0.7312637225
-1.9184387668 0.4002698154
-195.3081269904 -222.2953179970
-39.1683574837 -91.9805379537
-48.4410937074 -106.2265192537
-97.8622243755 -162.4102131879
-119.4922028841 -180.1764672025
-1.8026738066 0.6011358400
-7.4924563687 -23.0945269041
-311.6271955400 -243.9028480986
-1.8101011215 0.5910073396
-103.1219564655 -167.0290102056
-1.9534829580 0.3061441365
-0.0023770039 -0.0643376341
-45.6350632027 -102.0881983587
-0.0154167872 -0.1702472188
-0.0601164587 0.3462585942
-315.6269925661 -243.8650782783
-1.6194244886 0.7897800415
-1.5792187153 0.8198968564
-1.8831238946 0.4738513910
-359.4340316440 -240.1411940771
-319.6259997286 -243.7770753073
-336.5983110103 -242.8431213283
-1.6292355663 0.7819382126
-187.8881089172 -219.3053315363
-255.9000580907 -239.1682208211
-57.2440780566 -118.3700796570
-0.0067301094 0.1206514500
-1.8245712104 0.5704744941
-0.0559011386 0.3344271699
-27.3996491442 -71.0706017884
-0.0148644183 0.1765754440
-4.3006963056 -12.5683339526
-1.0023324721 1.0047298895
-0.6400742298 0.9377178992
-21.6923003034 -59.3914390325
-46.1910660222 -102.9193787631
-0.0143373358 -0.1640606967
-308.6272089910 -243.8982060764
-214.1661416025 -228.9469470745
-241.1892752270 -236.2439328292
-361.4094237144 -239.8284380881
-0.0010978010 0.0518152233
-318.6263564903 -243.8037847841
-14.9565338280 -43.7849958033
-0.4400960733 0.8332977411
-192.5168411943 -221.1959252343
-79.2455176997 -144.2706596004
-286.6498765566 -243.0010914505
-0.0017679310 0.0643572508
-0.6814227616 0.9526333051
-131.6981464447 -188.8927470580
-188.8114716516 -219.6892602546
-0.0132967569 -0.1578675178
-228.5633321506 -233.1516464743
-0.3407121502 0.7566330932
-0.0008218215 0.0455413007
-0.0667172240 0.3639041319
-224.7049595028 -232.0967705008
-8.7429626573 -26.8940053987
-0.1131879037 0.4668843086
-231.4656398691 -233.9109558641
-0.5483009005 0.8969086503
-34.0734324725 -83.3762596444
-0.0001120435 0.0204319909
-295.6327280611 -243.5515955845
-210.3617141800 -227.7115787910
-125.1371810633 -184.3155841259
-28.3198323049 -72.8463419415
-345.5567551016 -241.9823336554
-1.6533256307 0.7617999955
-126.7666107388 -185.4753035199
-292.6367599024 -243.3963034913
-63.4262067356 -126.2296694103
-0.0290754754 0.2441638665
-0.4931994673 0.8668025700
-158.1498216391 -205.0343427769
-140.9029550900 -194.9143388870
-207.5187400661 -226.7537484145
-30.1935621858 -76.3803112597
-0.0028304344 -0.0706012330
-130.8717661599 -188.3296346137
-342.5733541487 -242.2973885665
-71.8263693111 -136.1500495530
-1.9515713041 0.3121260968
-0.0213955862 -0.2010714456
-0.0050372162 -0.0956234498
-206.5731026523 -226.4285255959
-0.0460158094 0.3046251689
-0.1640197113 0.5535091670
-191.5887292729 -220.8236239297
-0.8832790653 0.9978987034
-0.0201224421 -0.1949218623
-1.9159366986 0.4060298436
-325.6216495537 -243.5509162277
-0.3793035910 0.7887924998
-1.3642726274 0.9360206117
-1.4220009749 0.9113227997
-0.2077090429 0.6148906358
-0.0035804731 0.0894111109
-84.8151387550 -150.0131336788
-0.0784534022 0.3930269943
-0.2643452089 0.6821014464
-0.1103030972 0.4613061223
-6.2897689099 -19.2796421502
-0.4453104686 0.8367975057
-0.8397462970 0.9918103127
-0.2992901119 0.7181899556
-114.7270383353 -176.5306241483
-13.8547922140 -40.9946362819
-84.1110713793 -149.3030005009
-0.0012528407 -0.0455314819
-56.0374373411 -116.7750848846
-263.7975223384 -240.4436602350
-0.6933532081 0.9565596229
-1.5944727062 0.8088401452
-143.4489620025 -196.5010933242
-128.4032912734 -186.6247672941
-0.7113389856 0.9621673773
-1.3817524064 0.9289926370
-0.0171004097 0.1889347267
-0.8957621087 0.9992862024
-0.0047225993 0.1019189914
-169.6869909948 -211.0235327662
-378.1115416066 -236.6707683475
-180.5455323510 -216.1299171361
-1.5894112216 0.8125576233
-237.2910686029 -235.3473906249
-356.4673582642 -240.5870526874
-0.5651886622 0.9052596146
-0.6873818205 0.9546151949
-0.0176921352 -0.1825993165
-0.0005852475 0.0392657686
-0.0053525514 0.1081673057
-69.1986674355 -133.1342601602
-1.2325435943 0.9773159322
-125.9509855206 -184.8967229263
-0.0021620552 0.0706248609
-1.7989125909 0.6061649081
-1.6045251406 0.8013101990
-297.6307954188 -243.6394418982
-1.9607528002 0.2820997896
-0.0182765729 0.1951035929
-7.8006075027 -24.0458643199
-130.0471581191 -187.7639301157
-11.0458151351 -33.5042200710
-118.6932518459 -179.5750711280
-227.5975016244 -232.8924720260
-1.7912957844 0.6161516886
-1.7513640203 0.6646078361
-0.1074533784 0.4557099296
-360.4219731929 -239.9863667667
-321.6250099630 -243.7142404191
-0.0009568783 -0.0392584702
-88.3687311847 -153.5304462705
-250.9813608605 -238.2704877977
-0.0991158649 0.4388155231
-115.5164493783 -177.1444891213
-45.0816730263 -101.2552762058
-0.9207755494 1.0015903293
-103.8815897004 -167.6793619168
-59.0727604773 -120.7482851668
-233.4044297267 -234.4019589481
-330.6140472511 -243.2761940867
-0.8583701782 0.9946539286
-0.1046388597 0.4500959511
-239.2387643391 -235.8017819316
-1.9280838535 0.3770759903
-181.4589604980 -216.5369171611
-305.6273992723 -243.8653048049
-246.0773636521 -237.2956450391
-265.7766997531 -240.7314916124
-1.6950490318 0.7236841473
-380.0647712423 -236.2407868007
-1.6389473793 0.7739737783
-110.0314030684 -172.7956577235
-39.6926541812 -92.8320736094
-1.1088761484 0.9987867318
-204.6849147176 -225.7691801148
-0.1281342209 0.4944974684
-127.5840486763 -186.0513202023
-1.2018948615 0.9841375281
-229.5299717219 -233.4077869421
-0.4245861930 0.8226029427
-1.5269182250 0.8546416794
-334.6044761073 -243.0000051067
-0.4824121270 0.8603694669
-289.6423874982 -243.2127966854
-31.1470350093 -78.1384010513
-275.6975514656 -241.9839162171
-4.8539431306 -14.4902881901
-1.9720137536 0.2396102457
-150.3102179888 -200.6144682807
-4.0286018115 -11.6060634156
-30.6689184959 -77.2601046323
-1.2991215648 0.9589441375
-46.7496760029 -103.7488092240
-0.6167536544 0.9283834479
-0.0353956694 0.2684751060
-0.0622797611 0.3521542192
-98.6073805410 -163.0771032005
-0.1407108816 0.5162416360
-209.4130551685 -227.3952781746
-0.0370709822 0.2745275103
-97.1191659146 -161.7409866765
-109.2556743737 -172.1645911722
-0.7053320269 0.9603357886
-0.3174313388 0.7355645666
-113.1540182869 -175.2954731179
-52.4779453355 -111.9450764565
-251.9639630508 -238.4562105361
-186.0450227990 -218.5287855290
-3.7595301834 -10.6429432472
-1.9257272514 0.3828970466
-1.8210021149 0.5756416816
-1.8316117018 0.5600733880
-222.7808176795 -231.5511805593
-348.5370559139 -241.6391895012
-232.4346493602 -234.1579793574
-73.1543726609 -137.6455084269
-0.3892000810 0.7965262577
-0.2475635825 0.6634103193
-1.3466635513 0.9427180396
-217.9857847655 -230.1344355654
-29.7209707657 -75.4990296080
-38.6467371884 -91.1273602070
-0.1852860953 0.5846115036
-22.5392513481 -61.2032514036
-248.0371210875 -237.6948203576
-1.9641606590 0.2700110335
-0.9897726519 1.0046804497
-351.5139921265 -241.2679865531
-343.5681492569 -242.1954930668
-50.7324805124 -109.5051392864
-0.5150122739 0.8792598043
-0.8895184086 0.9986120513
-1.6859644148 0.7323571664
-92.7052757604 -157.6769322402
-43.9827524021 -99.5842395210
-1.1462459551 0.9939792406
-0.2001081516 0.6048917370
-0.2352883601 0.6491185729
-11.7304054528 -35.3834024031
-194.3765492210 -221.9317758956
-0.2038928989 0.6099031199
-1.7084699263 0.7104623966
-0.2232845568 0.6345981112
-0.4297337312 0.8262003196
-0.1343542737 0.5054090435
-16.8510225543 -48.4121352533
-76.5152384525 -141.3474117420
-1.3701138941 0.9337145601
-313.6271533519 -243.8902428904
-1.4835718948 0.8800310944
-1.4780655208 0.8830507161
-1.6095156939 0.7974980280
-72.4891970498 -136.8988214734
-296.6316927805 -243.5970872255
-349.5297548805 -241.5185712535
-285.6528324691 -242.9242598962
-1.1648563027 0.9910483597
-89.0860517290 -154.2271895782
-1.1275836957 0.9965590032
-1.5375512400 0.8479565826
-1.9209046129 0.3944941879
-0.4349037592 0.8297652993
-368.3070114227 -238.6362336781
-19.2199473784 -53.9245902356
-1.4105812153 0.9165516253
-0.2272554019 0.6394633614
-299.6293750474 -243.7147386992
-0.6695425694 0.9485574544
-0.2115564330 0.6198540882
-290.6403179220 -243.2770996351
-274.7037552959 -241.8726994330
-1.1026313825 0.9994509380
-1.3170447596 0.9531394680
-8.4258637294 -25.9456129325
-74.4917412436 -139.1325980053
-1.9571933793 0.2941447907
-90.5272384259 -155.6139018934
-0.0003880882 0.0329888745
-23.8309699902 -63.9109079166
-1.7160924119 -2.9085363975
-373.2169911245 -237.6919845842
-1.9326871589 0.3653900541
-249.0179301995 -237.8897908317
-77.8757885619 -142.8133222237
-303.6277558188 -243.8276723795
-0.0405354676 0.2866001598
-0.0910981028 0.4217670454
-310.6271968083 -243.9044407515
-314.6270927132 -243.8792304594
-0.1605899020 0.5482484943
-1.5428360513 0.8445640850
-159.0285201461 -205.5117199169
0.0000062692 0.0078726308
-0.0240576048 -0.2133460202
-17.6291194903 -50.2545671513
-1.3759405637 0.9313718711
-1.1400306432 0.9948782224
-0.6283846316 0.9331239011
-0.4194613476 0.8189733103
-379.0884939602 -236.4573108606
-5.7064168265 -17.3666103974
-163.4442583442 -207.8570905037
-112.3704247909 -174.6741992387
-65.3286511089 -128.5492914159
-1.1895779339 0.9865961502
-1.8616548919 0.5122082983
-0.2193443435 0.6297080202
-185.1253175873 -218.1361758964
-0.3941845565 0.8003463722
-1.8137669277 0.5859083068
-1.1957402577 0.9853861768
-0.4663847358 0.8504670514
-198.1096450699 -223.3683684586
-0.3743919668 0.7848791613
-1.7172777771 0.7015084427
-75.1639210293 -139.8729859683
-1.4669964270 0.8889859239
-0.3083061684 0.7269342253
-281.6672160460 -242.5856383717
-107.7101807227 -170.8951662965
-0.4986232243 0.8699681868
-36.0789608228 -86.8371350893
-381.0403638271 -236.0211983026
-174.1879475234 -213.2008929457
-339.5871177897 -242.5843262780
-0.0095239626 -0.1330331214
-0.0283391598 -0.2316927744
-7.1872939484 -22.1422265853
-1.2080415023 0.9828502533
-41.2815508621 -95.3767441539
-177.8129787569 -214.8917363343
-0.1312271161 0.4999630214
-259.8447852822 -239.8307388918
-86.9406710670 -152.1302197030
-51.8935708788 -111.1335923258
-369.2901836616 -238.4535526761
-0.6342222181 0.9354392529
-0.2154349175 0.6247932813
-94.9026499185 -159.7193542465
-25.1481370686 -66.6062764870
-376.1556502205 -237.0884752138
-176.9047344433 -214.4732960559
-71.1658959800 -135.3992000482
-1.7595925696 0.6551187633
-0.0000331689 0.0141524966
-23.3975637986 -63.0097092298
-16.0845113580 -46.5648532699
-1.6674719899 0.7493575029
-13.4933921776 -40.0622254210
-0.1745064070 0.5691605030
-61.5456972859 -123.8922295604
-0.8770443248 0.9971461867
-0.3695050151 0.7809350552
-0.5371310916 0.8911652283
-333.6071990246 -243.0737507528
-0.1709781011 0.5639653776
-327.6191212894 -243.4504333658
-323.6235861782 -243.6388530682
-0.0227073244 -0.2072129123
-4.5758109828 -13.5297453705
-0.8211792915 0.9886163482
-0.8026757518 0.9850731689
-152.0415075936 -201.6157806420
-0.4143593973 0.8153115658
-1.8710622500 0.4958854090
-0.5595419639 0.9025113301
-218.9430024553 -230.4238043516
-0.0233679095 0.2197015503
-36.5871224920 -87.6983967905
-0.7842422455 0.9811820323
-47.3108876372 -104.5764815635
-142.5986336206 -195.9748408725
-53.6543239876 -113.5625199353
-1.5843264911 0.8162432421
-1.4999757219 0.8707655908
-1.6243423391 0.7858745305
-253.9308927110 -238.8183953681
-0.8459482639 0.9927971647
-1.0148919225 1.0046215782
-0.0044266037 -0.0893732159
-1.7128879094 0.7059992480
-134.1878391988 -190.5664766755
-0.5879446963 0.9158965376
-1.1338098083 0.9957381546
-247.0569290169 -237.4967711092
-309.6271980055 -243.9028934057
-362.3963734728 -239.6674095986
-0.0247371635 0.2258304502
-205.6284910983 -226.1003350841
-1.2931232573 0.9608038626
-60.9237641279 -123.1091592271
-0.0220371717 0.2135641725
-0.6459404360 0.9399597502
-291.6384453371 -243.3382687715
-137.5317446776 -192.7614935223
-357.4567144319 -240.4415385181
-272.7172351095 -241.6409070923
-208.4653940160 -227.0760003331
-0.1472030419 0.5269935373
-82.0122966217 -147.1593854796
-1.9055681999 0.4289094296
-1.9001692512 0.4402497505
-0.4558046792 0.8436984526
-152.9095019459 -202.1123547094
-51.3117473589 -110.3202772628
-31.6279070118 -79.0151918571
-1.0462759299 1.0036608124
-363.3828127371 -239.5032828858
-1.8584509743 0.5176095188
-0.3037844116 0.7225762457
-331.6119747604 -243.2118459236
-0.1926334426 0.5947981622
-173.2850303199 -212.7710784234
-0.0015881915 -0.0518025114
-0.1504996350 0.5323386981
-155.5227804597 -203.5856897873
-11.3866351346 -34.4443486409
-0.1439400812 0.5216277794
-1.1151166199 0.9980833219
-94.1680553309 -159.0408479519
-178.7225324935 -215.3073226675
-1.2203099263 0.9801600303
-38.1277984383 -90.2725487812
-35.5735060161 -85.9742820089
-81.3172038180 -146.4404654603
-350.5220702127 -241.3948365308
-0.0387842708 0.2805692743
-3.4934840741 -9.6789829432
-1.6721350412 0.7451510527
-1.8974164709 0.4458942586
-62.7969247580 -125.4524923438
-44.5309009493 -100.4206205168
-1.2356403858 -0.9671049691
-262.8086212293 -240.2950850140
-1.0713517636 1.0021830495
-1.8801604336 0.4793881924
-28.7841012067 -73.7320362380
-317.6266343125 -243.8273552546
-102.3643690763 -166.3762764560
-154.6501469599 -203.0973141377
-347.5439831004 -241.7566900846
-0.6577145055 0.9443327140
-53.0648649674 -112.7547216539
-1.6437655822 0.7699459761
-0.5205138318 0.8822881919
-0.4877956971 0.8636029546
-153.7790512591 -202.6062008310
-24.7062609402 -65.7092004104
-42.3541018545 -97.0648272411
-19.6248469381 -54.8389514042
-1.9082141554 0.4232140639
-372.2361908470 -237.8869994958
-116.3077840626 -177.7558723215
-0.0261448797 0.2319506304
-0.3991929239 0.8041351090
-0.9999888010 0.0047326359
-221.8200411146 -231.2738569354
-120.2930383642 -180.7753516102
-0.5427069789 0.8940544759
-1.6995503116 0.7193050206
-6.5859472545 -20.2347748050
-0.0423245036 0.2926199289
-99.3546270644 -163.7416501390
-145.1545550804 -197.5455752020
-1.9028865299 0.4345880664
-0.5822307498 0.9132909503
-1.6767715841 0.7409154016
-0.7354782833 0.9691154365
-0.0122950913 -0.1516679261
-184.2068497018 -217.7406803297
-0.2517148884 0.6681225301
-0.0937349842 0.4274666179
-0.7294272151 0.9674353046
-0.0713019119 0.3755973848
-1.3875491930 0.9265769517
-60.3042928727 -122.3241398872
-212.2619883566 -228.3352359034
-1.6905203400 0.7280349197
-1.9133985070 0.4117740454
-66.6090501408 -130.0857055722
-10.0410905065 -30.6774782605
-375.1767304724 -237.2927204750
-0.8521563059 0.9937450491
-0.4092805432 0.8116178534
-244.1201516660 -236.8841703961
-0.1250757102 0.4890125999
-1.7756889031 0.6358343327
-0.1018596520 0.4444644083
-0.7597844822 0.9754549882
-133.3561911380 -190.0111736025
-0.0019629175 -0.0580713112
-0.9270373366 1.0020681280
-1.9608881162 -3.8781110791
-57.8511486693 -119.1647275484
-1.7677012903 0.6455270912
-83.4092372890 -148.5906600559
-0.8273615666 0.9897198632
-0.4505467394 0.8402644551
-43.4372327891 -98.7461414648
-1.3407662056 0.9448766464
-0.0207450026 0.2074185586
-1.7874404941 0.6211090072
-203.7423828134 -225.4350639530
-101.6088350026 -165.7211671037
-122.7067724045 -182.5568759085
-0.0337583986 0.2624123002
-1.1710470737 0.9899935493
-320.6255541713 -243.7472270875
-1.9674164183 0.2578804294
-0.7719953807 0.9783953087
-0.7173573282 0.9639612065
-64.0579259430 -127.0048667033
-35.0707630553 -85.1098460567
-0.0479179337 0.3106101663
-0.3313205297 0.7482934895
-5.1350900067 -15.4499529410
-358.4456088085 -240.2929184929
-164.3317941640 -208.3178292242
-9.3860865100 -28.7877798970
-1.7835541481 0.6260420169
-0.3220343926 0.7398365879
-1.3584169940 0.9382899349
-312.6271843411 -243.8981154626
-0.7965231446 0.9838147196
-1.8281077859 0.5652849946
-49.0100770000 -107.0488683358
-280.6715010426 -242.4931633372
-0.3360032467 0.7524780362
-340.5828286023 -242.4918061306
-235.3462648322 -234.8807768296
-106.1726894833 -169.6160608163
-56.6395056269 -117.5735294846
-1.2871133891 0.9626258820
-1.4725402922 0.8860356985
-1.0086123673 1.0046954523
-18.0225030389 -51.1739416037
-1.4743423739 -1.9381978385
-0.0736492401 0.3814221870
-0.6636219046 0.9464636543
-135.0212268086 -191.1191656403
-277.6861669660 -242.1969855302
-171.4832670016 -211.9029545351
-0.0007003160 -0.0329837235
-0.9834932224 1.0045965746
-26.4906357035 -69.2891179392
-135.8563457504 -191.6692350478
-355.4775500602 -240.7294595661
-0.0004831639 -0.0267074893
-2.7135249409 -6.7821563013
-0.0001671231 -0.0141515487
-73.8218895860 -138.3901030513
-1.5108133730 0.8644176112
-182.3736621199 -216.9410470201
-197.1746841166 -223.0136178196
-0.2772366353 0.6958399408
-0.0275910027 0.2380618495
-41.8165012120 -96.2216276507
-170.5844386516 -211.4646537285
-1.8771622600 0.4849062741
-0.0063761331 -0.1081117974
-1.8889462133 0.4627225038
-167.8962731413 -210.1328477996
-22.9669895028 -62.1071540926
-132.5262908258 -189.4532618964
-1.3289314282 0.9490825435
-5.4192488393 -16.4087301611
-196.2408416877 -222.6559331568
-0.9082615940 1.0005168091
-1.6485583957 0.7658879951
-14.5863666457 -42.8560306494
-58.4607114796 -119.9574653237
-172.3834671829 -212.3384308646
-1.9304038532 0.3712402494
-1.4162993044 0.9139551416
-1.0588184870 1.0030006701
-258.8578282291 -239.6697551184
-0.4610840808 0.8470993628
-344.5626195095 -242.0904744180
-75.8384223157 -140.6112596402
-0.0033231910 -0.0768618608
-159.9087132830 -205.9863355948
-10.3730395044 -31.6207755958
-0.8088361408 0.9862929552
-0.3502077726 0.7648540835
-211.3113616971 -228.0248990637
-0.9583844859 1.0038668016
-371.2547830589 -238.0789337381
-202.8009046787 -225.0979898930
-0.0060217302 0.1144115406
-0.1674824899 0.5587481970
-27.8583467674 -71.9591942093
-139.2139699055 -193.8432090224
-0.0082643554 0.1331173080
-264.7868850979 -240.5891295792
-3.2304661067 -8.7141920079
-1.8918048413 0.4571308568
-377.1339238137 -236.8811571566
-1.8486365963 0.5336909704
-1.4558536622 0.8947816393
-1.9589920004 0.2881278785
-0.0090901618 0.1393427649
-0.0859319778 0.4103187845
-1.7345526467 0.6832722123
-1.4614341439 0.8919012758
-193.4461175644 -221.5653104369
-0.0041318988 0.0956668443
-0.7536931225 0.9739273732
-13.1349216881 -39.1286843623
-96.3782124846 -161.0694302644
-91.9771052000 -156.9915362708
-1.4390052297 0.9032116704
-1.2568989485 0.9711679292
-1.8741294923 0.4904054186
-226.6324896660 -232.6302661526
-1.7259724744 0.6924445713
-0.5708525084 0.9079723839
-0.2729107620 0.6912874590
-1.9371433296 0.3536472236
-12.4267834585 -37.2582484805
-284.6560345476 -242.8442980073
-70.5077835684 -134.6462803621
-324.6226868964 -243.5964531290
-382.9894564359 -235.5728366822
-1.0776143038 1.0017152242
-0.5994211143 0.9209998068
-147.7251592380 -199.0921634173
-167.0030206004 -209.6832925770
-157.2726264256 -204.5542088815
-304.6275480041 -243.8480583136
-256.8854549099 -239.3384944500
-1.9435501771 0.3359303557
-353.4966165835 -241.0049458660
-190.6617909511 -220.4484101938
-294.6339111100 -243.5029674236
-341.5782439934 -242.3961599124
-1.8860525264 0.4682960885
-40.2196221116 -93.6819587783
-276.6916919563 -242.0920119381
-0.7903785617 0.9825176571
-0.0086783305 -0.1268103265
-1.5533412394 0.8376798605
-1.1213525510 0.9973407359
-0.1780672685 0.5743333683
-220.8601400809 -230.9935178452
-0.1190623232 0.4779857824
-337.5948491722 -242.7599847429
-1.6813814359 0.7366507168
-1.8452980252 0.5390100129
-1.4945272114 0.8738884106
-59.6872896280 -121.5371792807
-0.3266641838 0.7440796179
-0.0104086570 -0.1392504831
-374.1971742210 -237.4938909262
-1.8519416982 0.5283510666
-1.8419261166 0.5443079844
-156.3969431545 -204.0713229646
-240.2136726943 -236.0243885327
-0.2948234466 0.7137755280
-0.0038552545 -0.0831192708
-1.0274490219 1.0043555330
-9.0630379695 -27.8413975005
-0.0689912095 0.3697579563
-146.0098029599 -198.0637943301
-1.0963825686 1.0000759142
-0.5260342993 0.8852819703
-1.9456114789 0.3299982983
-1.5322452281 0.8513158249
-0.0809100466 0.3988065417
-1.0337260710 1.0041633722
-50.1557760505 -108.6881864336
-111.5887859546 -174.0504679427
-1.3110825518 0.9551118646
-0.3646429285 0.7769603370
-300.6288323327 -243.7476800850
-0.0518347498 0.3225437357
-0.2601058670 0.6774682779
-0.0113323787 -0.1454621663
-267.7576457092 -241.0068881615
-110.8091094847 -173.4242853797
-1.8350828199 0.5548398797
-1.5637591354 0.8306642372
-1.5689348347 0.8271074961
-1.7216393560 0.6969901577
-335.6015167126 -242.9231283792
-0.1538297305 0.5376630511
-0.2859737224 0.7048629578
-1.9553570077 0.3001502889
-270.7322097418 -241.3966440576
-0.6225617005 0.9307719352
-283.6594926200 -242.7612065723
-0.4770489692 0.8571022343
-18.4187714792 -52.0920763014
-113.9395587167 -175.9142834548
-0.0099550475 0.1455629131
-1.0650864090 1.0026115371
-242.1655623182 -236.4604126565
-0.9709365626 1.0043105306
-34.5707368974 -84.2438357557
-316.6268430519 -243.8477864865
-106.9404310044 -170.2568204880
-1.4502552019 0.8976269008
-0.0579902233 0.3403495001
-175.9978085073 -214.0520059578
-1.6627826143 0.7535345864
-223.7424603027 -231.8254859827
-79.9338075371 -144.9960954002
-148.5852507239 -199.6023032372
-0.8150040684 0.9874740305
-0.1889437758 0.5897163683
-0.2434419510 0.6586721314
-0.9521107849 1.0035858261
-365.3541208850 -239.1657412936
-85.5214324744 -150.7210525880
-21.2730957640 -58.4835472140
-0.6754762664 0.9506140317
-352.5055108421 -241.1380225710
-328.6176106735 -243.3954883959
-0.0074776609 0.1268867878
-0.1816605451 0.5794837696
-179.6333866851 -215.7200509579
-354.4872995787 -240.8687577501
-78.5595091200 -143.5430661503
-1.6144822085 0.7936545916
-0.2903845917 0.7093331370
-1.8648248268 0.5067870638
-144.3009386225 -197.0246731548
-288.6446639050 -243.1453605564
-199.9828856651 -224.0690537037
-0.0305982392 0.2502564407
-1.8679606540 0.5013460292
-0.0014131749 0.0580872892
-95.6393713910 -160.3955505730
-1.5995107455 0.8050909545
-183.2896281982 -217.3423027283
-1.9393160190 0.3477550515
-0.5315734587 0.8882410213
-0.0003054306 -0.0204300152
-0.0030683441 0.0831520380
-0.6051831332 0.9234972873
-100.8553616934 -165.0636886080
-1.9496221215 0.3180959341
-273.7103132456 -241.7583626823
-54.2463165843 -114.3684633362
-124.3252053907 -183.7318928487
-298.6300261251 -243.6786591850
-129.2243304527 -187.1956391414
-18.8179209042 -53.0089621921
-1.4890591971 0.8769769524
-1.0400017895 1.0039317956
-1.7302769612 0.6878718627
-26.9437439579 -70.1805734399
-257.8713815297 -239.5056730985
-1.1524554989 0.9930412446
-0.0538492872 0.3284918370
-1.4333541614 0.9059509582
-329.6159226084 -243.3374084453
-1.6580670992 0.7576821385
-0.9395692951 1.0029057087
-322.6243572497 -243.6781156272
-1.2508247087 0.9727622571
-332.6096952973 -243.1443645906
-0.7476114763 0.9723615348
-89.8055565074 -154.9216770683
-20.8567440667 -57.5743435711
-382.0152620957 -235.7985475314
-117.1010345858 -178.3647677209
-0.9145168863 1.0010732161
-1.5054045138 0.8676086162
-0.0321592341 0.2563393319
-86.2299455736 -151.4267502487
-1.9658075838 0.2639508430
-104.6432612916 -168.3273251775
-366.3389703323 -238.9923297423
-123.5150665085 -183.1456548495
-1.7040240019 0.7148977124
-1.8064033659 0.5960832507
-1.8385210034 0.5495846761
-1.4446389839 0.9004369481
-219.9011240426 -230.7101660526
-1.3525472248 0.9405224402
-0.0498576060 0.3165831004
-65.9676445388 -129.3185036081
-0.4042249856 0.8078923188
-0.9020099193 0.9999211300
-0.0025955319 0.0768898723
-1.3348554202 0.9469981757
-1.2629630562 0.9695354868
-0.2312567223 0.6443035789
-189.7360353682 -220.0702877260
-12.0771227003 -36.3213720990
-0.0194914532 0.2012649512
-0.0254463743 -0.2194705275
-243.1425243420 -236.6738258802
-62.1700862147 -124.6733431665
-1.7636619889 0.6503356580
-0.0441513082 0.2986283443
-1.8552132006 0.5229905123
-175.0922098911 -213.6278701938
-0.6993366889 0.9584665126
-80.6243718461 -145.7193663972
-200.9211468377 -224.4149814013
-199.0457153291 -223.7201815762
-0.0964076067 0.4331495186
-161.6735487187 -206.9272638732
-20.4432493168 -56.6638370682
-215.1196494145 -229.2483153746
-1.7717103144 0.6406932525
-9.7121050938 -29.7331432573
-168.7909328798 -210.5795959976
-1.9349336806 0.3595256350
-1.4048469331 0.9191121484
-54.8408369208 -115.1725439102
-1.2447405763 0.9743184075
-1.7554931928 0.6598762186
-0.8708144330 0.9963545309
-0.0644800451 0.3580361424
-160.7903923716 -206.4581851309
-1.9233341397 0.3887031888
-0.9772144434 1.0044732666
-0.0108589785 0.1517775071
-29.2511488953 -74.6162683662
-252.9471435656 -238.6388469932
-1.5480994536 0.8411384659
-201.8604895961 -224.7579612583
-245.0984346512 -237.0914441302
-1.2810921972 0.9644101238
-0.7781144379 0.9798078981
-69.8520385651 -133.8912979182
-136.6931877904 -192.2166794743
-82.7096434039 -147.8761193671
-0.3842396940 0.7926749163
-0.3549941170 0.7689196926
-100.1039565778 -164.4038474511
-40.7492560792 -94.5301850809
