0.000000000 0.000000000
-10.517912571 1.097743634
-5.073212407 6.467003440
-5.689491420 -5.019098734
-10.289868705 -3.311451458
-10.641407911 0.534285312
-9.673681714 -2.490556866
-0.043620702 -0.638148294
-3.692409895 -4.917339849
-11.631216115 0.676692190
-5.845179484 5.534231999
-1.870868287 -2.601907971
-3.216656658 5.798023953
-5.583971359 6.526509931
-5.238472508 4.454179106
-4.232907192 -0.754939909
-2.022304497 -0.347078359
-3.177247496 4.569160108
-0.999988801 0.004732636
-11.616705907 -0.431096590
-0.007495709 0.236957183
-11.618688917 -0.418694203
-0.000179647 0.040863954
-11.610082236 0.813201152
-4.598365597 6.348975475
-11.571957754 -0.659035283
-10.273007992 -1.616132462
-1.166332362 -3.322847029
-0.146891302 -1.109960073
-2.956275190 4.364563296
-10.226857945 -1.705375138
-2.110377493 -4.142940409
-10.637098324 -0.217247581
-7.002231026 6.346361522
-8.693238149 4.269332663
-6.478852008 2.249490072
-5.233454911 5.479925763
-0.651649895 -2.536524608
-2.502965433 3.765635542
-11.589264942 0.917898829
-4.540121441 -2.039795550
-3.157799630 4.553261627
-8.673739785 -3.332862439
-2.076075666 0.504343058
-4.624619004 3.149078418
-1.049699710 -0.599618407
-5.521046910 -4.031309648
-2.403520869 5.223042781
-3.984021290 -3.960802973
-3.053670432 4.462510225
-2.002503904 0.095774876
-9.535833768 -3.979764090
-9.213177573 5.168136163
-1.896981877 4.658651323
-4.610101044 -4.089125293
-10.636679990 -2.850518854
-10.229873181 -1.699866362
-5.816127916 6.534677472
-1.202753757 -3.366064756
-5.814580587 4.534700255
-11.650707908 -0.075001065
-7.008205503 6.344426607
-9.912489101 4.300871186
-10.463270142 1.248223417
-0.546467576 -2.301597151
-4.646159824 6.364455480
-9.770239916 -3.811130997
-1.832932660 4.573254899
-4.690771238 -5.095333334
-4.684495158 -5.095111753
-0.280232268 1.427206528
-9.431959024 -1.052371504
-1.855791777 -2.581816181
-3.502345279 4.804283273
-0.066245977 -0.780777883
-11.607904201 0.825570780
-3.197088555 4.584565094
-1.017544342 -3.128406461
-8.523917829 -2.246947058
-5.442349944 -5.063598877
-9.148306758 -3.028060664
-6.576588816 6.454577555
-9.624173969 -3.919840303
-0.042696981 -0.631936610
-3.809124072 4.975265198
-0.182114431 1.155630415
-3.566838191 -4.877120485
-0.027863162 0.430526007
-8.278981212 5.819254008
-6.744498782 5.377374161
-10.613663912 -2.887970946
-2.408203586 5.227227328
-1.374814027 -3.548982003
-10.423178586 -1.257224577
-8.874730676 -1.889160792
-8.695773425 5.575147424
-10.336726058 -1.479572669
-8.692137604 -4.419960364
-7.043915643 6.332405408
-2.126938065 0.659308203
-2.546763710 5.345362527
-5.208726420 5.475511812
-5.794945522 5.534507468
-9.711808006 4.596991528
-0.033917242 0.474066185
-1.790859450 -3.920963898
-0.568088068 -2.353816346
-10.610064379 -0.378211552
-1.601322499 4.200118173
-3.685072001 4.914515567
-0.119022229 -1.013433409
-10.630259208 -0.267014570
-3.679147525 -3.844855331
-9.572600291 -3.955667994
-9.651157430 0.394987128
-4.194941016 -2.978331896
-2.161958735 4.976465072
-6.589135877 5.427421175
-9.964545781 -3.642313164
-0.120640729 -1.019501253
-4.870029270 6.426430601
-11.642864659 0.576900440
-9.541135021 0.861355457
-1.139778728 0.867743122
-5.023741687 6.458253207
-0.277848406 1.421396581
-5.983111669 5.526873571
-2.477153718 -1.708955837
-1.604207305 4.205696360
-8.412988901 5.750330078
-4.218305096 4.062811972
-0.297573424 1.467600397
-3.519343799 -4.860745152
-6.815757436 6.402132602
-9.852837898 4.396872317
-2.153567459 -4.168602550
-5.732343419 -5.009296359
-9.749827746 4.547011860
-3.139698517 5.755526525
-6.389003721 4.442696002
-9.565369545 0.793339653
-4.032467388 -3.974088389
-10.457728962 -1.149610661
-4.940816598 5.408852327
-1.204187967 1.044707030
-8.873278564 -4.348735730
-1.751615251 -3.889598129
-9.577809105 -3.952159929
-3.437365912 5.904019526
-10.232853763 -1.694338758
-6.060737172 6.523856159
-7.176166316 2.966255553
-7.332444865 2.770430794
-0.197105354 1.203580293
-5.794193619 2.534806630
-9.613958799 -3.927147958
-8.457000774 5.726104601
-5.571450909 6.525515019
-5.204897425 -5.086625547
-8.080094967 4.784552162
-9.918397765 -3.684902229
-8.482783786 -3.428130587
-0.624281683 -2.480005153
-5.681991383 5.530770860
-0.085032260 -0.873076130
-5.011413371 6.455852345
-8.168284978 -2.470009359
-2.159020936 -4.171716689
-8.401882753 5.756195656
-11.409906123 1.573875428
-1.026451715 -0.438057686
-10.358897345 -1.427585240
-4.833378712 6.417686468
-9.730558545 -3.841941830
-3.472297961 -1.404149888
-3.357198458 5.867939530
-0.007062233 0.230692171
-0.211206838 1.245216182
-10.586359382 -2.930141804
-8.181916533 5.863675844
-1.840215891 4.583487498
-9.460950638 4.910127118
-10.643087304 -2.839716176
-8.489592708 5.707197219
-3.448936433 5.908905686
-10.354111672 -1.439197684
-6.016891812 6.527012860
-0.130552211 0.967947011
-2.932090209 5.625750957
-1.019587607 0.302141335
-10.356522740 -1.433398975
-2.922597379 4.327289554
-1.893103393 4.653712130
-11.650560170 -0.081279317
-1.050320051 -3.174450384
-4.734714862 -5.096490179
-11.570483001 -0.665139656
-5.772171165 6.534248099
-5.656922823 5.529174439
-10.604934987 -0.402801602
-10.500510806 -3.053990869
-9.285955368 5.098873796
-6.996244516 6.348258879
-3.402810164 5.888998753
-8.943413181 3.955661245
-1.717944998 -3.861336946
-10.649851801 -0.079711929
-1.723468421 4.412323645
-5.116667844 6.473638500
-9.977078474 4.185918748
-9.775487883 4.511319335
-0.116975780 0.906635117
-11.386615481 1.632193970
-1.054057652 -3.179497027
-2.325979642 5.149679238
-9.996066324 -3.611672738
-10.319404159 -3.278893243
-0.042005968 0.523649360
-5.396796044 4.493356113
-5.298827572 -5.079624250
-11.617716884 -0.424898510
-1.697298309 4.369440151
-9.656920743 0.313573537
-10.427300631 -1.245360333
-2.663120400 -1.991714076
-8.121674130 4.756361738
-7.049852608 6.330358283
-8.698041602 -4.417820018
-1.236142227 -3.403603119
-9.422024436 -1.075442810
-2.098342269 0.582864309
-9.102937782 3.700245965
-1.029051058 -0.463042174
-4.893249561 5.392699812
-1.406644271 -3.579300577
-9.719549643 4.587101199
-6.564921528 5.434102981
-2.053863609 -0.507094615
-1.000135279 0.031444094
-1.634382500 -2.247227772
-9.390259310 4.990112738
-1.086045442 -0.758745160
-9.351174674 -1.222489222
-1.092671577 -0.782974802
-11.636909631 0.633103611
-9.658324172 -2.510434671
-9.480646681 -0.923108415
-1.988565056 -4.065369705
-2.202918339 -4.196147957
-5.774965011 -4.998535370
-9.766657141 -2.356388844
-8.733369871 -4.404718999
-4.198444817 -5.039048141
-9.856309017 4.391638809
-1.578736672 4.155243355
-1.365825074 -3.540209873
-8.964821634 -4.307335869
-9.105014695 5.263822602
-8.611875388 0.491928152
-0.209154986 1.239280849
-10.439293390 -1.209640632
-5.761247803 0.535080470
-8.193464024 5.858735502
-0.530676876 -2.260572125
-0.282652568 1.433001389
-6.380742062 5.473380189
-9.927723441 -3.676488947
-8.508596289 -0.668442785
-4.440325093 -5.077005748
-3.134274760 5.752360908
-8.184397762 3.294049224
-2.596292678 5.383967567
-4.008160902 -3.967749938
-3.019809006 -2.343094091
-2.939202193 4.346137933
-2.148133646 -4.165454226
0.000006269 0.007872631
-10.545911901 1.001255187
-11.648511136 -0.131476130
-2.157896939 4.971675491
-0.011080542 0.280769830
-5.316834229 4.477000789
-5.336468074 -4.068665085
-5.448573411 -5.062758201
-2.651260916 3.998503765
-2.105024472 -4.139656594
-1.059574686 -0.648872966
-8.500390281 5.700781305
-5.627841554 6.529303682
-10.633991319 -0.242174027
-1.836558211 4.578382633
-1.993833908 -4.068786937
-9.125804439 3.655517420
-1.957213774 -2.709718748
-9.775145301 -3.807209841
-4.540326764 -5.086688098
-8.528587820 -3.407502518
-0.551162738 -2.313246485
-0.004066436 0.174253851
-6.619798271 6.446495270
-1.628052342 4.249915506
-8.958076044 3.935265617
-5.255033915 -5.083431604
-6.697111752 5.394047378
-7.984176996 4.844321239
-0.119521498 0.918934338
-4.421076800 3.002993194
-5.122887301 6.474508339
-1.941026355 -2.690510711
-3.740667187 -4.931309544
-11.648816520 -0.125203570
-3.832171580 4.985254874
-1.231917244 -3.398956853
-8.644618200 -4.436264501
-4.773144638 -4.096676509
-7.663230708 0.175584555
-8.612351394 5.631135350
-9.456911337 4.914935685
-2.334885162 5.158536056
-3.177939382 5.777206823
-1.952075067 -4.040857237
-5.726235672 -5.010757078
-2.195109097 5.014213875
-3.397079968 5.886429100
-8.446045457 5.732247285
-1.905940327 -4.008209962
-6.665510171 0.108103222
-5.781034142 -4.996921702
-3.829216601 -3.909055084
-11.637667112 0.626869472
-0.073227004 -0.817804746
-10.614366673 0.695248058
-7.539887460 3.943020315
-9.394534995 4.985513088
-9.071212342 5.291925651
-0.036934051 -0.588357154
-3.345887913 5.862478476
-8.913584007 -4.331189496
-5.822407904 6.534682473
-9.740539256 -3.834317073
-0.148812480 -1.115938981
-0.738124363 -2.696765051
-7.871226547 3.685207065
-1.006937444 0.189835621
-9.923073812 -3.680710230
-9.991606695 -3.616094274
-0.770010543 -2.750864397
-1.174335402 -3.332527053
-4.740994527 -5.096554052
-5.779290498 1.534917687
-1.756489974 -3.893557340
-0.626936706 -2.485696297
-0.741234652 -2.702220725
-6.632115198 6.444036648
-3.005326389 5.674382724
-1.027130350 0.351806552
-1.339247099 -3.513501550
-5.067016760 6.465977660
-3.327142578 -4.783377672
-0.041812286 -0.625719249
-1.584259667 4.166523783
-11.630302288 0.682905337
-8.659633995 5.600173850
-5.787093019 -4.995269952
-4.490265120 -5.082474967
-3.417439087 3.349132860
-8.077671957 -1.285258980
-10.454207926 -1.161666939
-5.828687799 6.534648036
-7.794356141 4.941831528
-11.381720108 1.643760596
-9.983109415 4.174901522
-9.715694352 4.592058518
-0.629627417 -2.491370656
-9.688535133 -2.470299592
-0.129106088 0.961835792
-1.099904205 -0.807030369
-7.102926975 6.310931460
-4.791232632 -5.096512908
-5.535439244 -5.049233642
-5.264092976 -3.064885995
-3.035583851 4.445078737
-11.624248111 -0.381427346
-9.779809121 -2.334987754
-9.217840624 5.163929712
-9.735560871 -3.838145122
-8.461237914 4.498609262
-10.504160351 -3.048880186
-11.580537520 -0.622345899
-3.443143501 5.906480772
-10.425258235 -1.251298927
-5.101336089 2.270021639
-0.000167123 -0.014151549
-0.213295922 1.251138512
-3.048473464 0.271013844
-2.190928281 5.009527827
-3.015917165 -0.234233925
-1.084399266 -3.219537698
-9.541107746 -3.976354776
-10.624163192 0.645977834
-3.641064094 4.890290974
-8.650574095 -4.434273123
-9.143754005 -4.215967961
-10.352256314 -3.240884631
-1.531839390 -2.060077768
-11.625103089 -0.375205828
-9.109807508 5.259764621
-1.700493620 4.374846467
-8.138859429 3.361781408
-8.451532759 5.729193143
-3.795356332 -4.945570940
-9.259086078 5.125289029
-1.206890460 -3.370789791
-5.110453972 6.472729621
-9.036788067 5.319263689
-8.654414032 5.603665305
-11.451429090 1.458689677
-5.311596430 -4.072183970
-1.370305778 -3.544610051
-6.773101783 6.412757774
-5.547793150 -5.046968131
-8.537070301 -0.591953445
-0.671827297 -2.575579093
-10.525257876 1.073722233
-11.568969943 -0.671234648
-0.010529116 0.274514096
-0.195165682 1.197607359
-6.760868115 6.415601872
-0.648817508 -2.530919623
-0.000376830 0.053422324
-2.968435691 5.650477562
-4.446562199 -5.077738402
-2.384498122 -3.115350577
-5.248772897 -5.083919375
-11.643426047 0.570645592
-6.821831676 6.400538274
-0.259290130 1.374711902
-9.651359928 -0.024812198
-5.174233115 -4.086701334
-9.428216265 4.948237215
-8.919310104 -4.328610720
-11.590873491 -0.573182026
-5.492082060 -5.056483027
-0.139650352 1.004511298
-4.398790769 -4.059322925
-6.311047249 4.466865755
-4.260234691 2.810899110
-9.181901454 -4.194124141
-4.784065532 -2.096905982
-7.901984671 -1.463876724
-9.643302155 -0.106030797
-4.784953344 -5.096606784
-11.656740239 0.338737901
-5.896098173 4.530666438
-0.075734648 -0.830111786
-5.683357238 -5.020444130
-2.051028429 -2.811100426
-5.872639704 6.533854896
-9.628647896 -0.186321775
-9.385954823 4.994685447
-5.866361572 6.534007633
-9.250001461 5.133962048
-2.666146579 4.018737357
-4.916931636 5.401074806
-3.876417923 -3.926246998
-0.002056722 -0.078512844
-2.551650662 5.349306633
-10.656889754 0.321446110
-7.687412975 -1.593218553
-10.443116136 -1.197676597
-5.017573760 6.457072132
-5.149157349 -4.088180233
-4.827287352 6.416158853
-8.407445036 5.753280304
-5.958062126 5.528744826
-0.034860183 0.480274980
-2.514529264 -3.214028793
-3.523114023 4.818412692
-1.076704074 -3.209611191
-2.559771540 3.863337467
-6.864206995 6.388845057
-3.286974900 -4.765518314
-1.542744291 -2.082706607
-11.645664776 -0.175342731
-0.134120944 -1.067897045
-5.521431879 6.520828281
-1.003469989 0.139720718
-9.099592386 -4.239918333
-11.599757462 0.868768129
-9.138276459 -4.219039567
-9.034702300 3.820340201
-11.600982154 0.862608714
-1.330481315 -3.504506409
-10.549091417 0.989104376
-4.748025488 -4.096578769
-9.779089358 4.506174663
-8.822828122 -1.952148992
-9.496086339 -0.875305238
-2.166050529 4.981229050
-1.476297729 -1.933608174
-3.281269044 -4.762895056
-5.472189993 -4.042994185
-10.647153847 0.484380292
-11.469495074 1.405137095
-9.021214998 3.841531565
-5.820064233 5.534685219
-8.664831928 5.596649682
-9.132779731 -4.222076713
-6.870239274 6.387098663
-8.377832463 -3.470056947
-4.303534853 -5.057781417
-2.233523025 5.055670601
-9.883350095 4.349298536
-10.447735215 -3.124299644
-8.239304878 5.838179852
-3.801461878 -4.947040831
-4.764475766 -3.096714084
-11.467545891 1.411106932
-10.650915722 -0.054615131
-0.000258522 0.047143449
-9.294819276 5.089975331
-8.651907729 -3.345285907
-11.583217972 -0.610075336
-4.634181005 6.360679314
-10.375153415 -1.386742608
-1.946893710 -4.037308744
-4.145144034 4.026633974
-4.297323824 -5.056853312
-8.739232499 -4.402467808
-11.407659601 1.579739847
-8.700904044 5.571525959
-2.963221296 5.646977797
-2.508018601 5.313383075
-11.655477253 0.388960145
-6.858163869 6.390553534
-11.656878555 0.326178745
-8.495001568 5.704006214
-5.805957021 3.534737438
-10.339245940 -1.473820412
-9.880011524 4.354617578
-9.859747200 4.386383605
-9.752971772 -2.377452839
-11.471406728 1.399155134
-8.879052226 -4.346265285
-2.591284311 5.380178830
-9.980111241 4.180419603
-8.706011820 5.567872344
-1.866265930 4.618896458
-11.405376296 1.585590043
-4.778735272 6.403250942
-2.086870350 -2.846298202
-9.037254337 -3.110195105
-2.366536835 5.189041312
-8.585705229 -2.193620651
-0.130618021 -1.055835492
-11.655930977 0.376408425
-1.194798886 1.021408396
-10.356280278 -3.236063222
-8.629770516 -3.357157091
-6.010621569 6.527362623
-7.940437410 4.869027016
-1.900891303 4.663566062
-4.272627726 -3.003355155
-6.110748890 6.519092030
-4.560107809 -4.084205617
-9.771854171 4.516441288
-10.003609433 4.136015171
-3.183440940 5.780235211
-2.999897173 0.023617639
-0.789925267 -2.782850755
-9.187300121 -4.190915923
-1.411260909 -3.583557915
-3.241562618 -4.744032427
-4.545081365 6.330131894
-4.539201196 6.327926927
-1.621128418 -2.225889766
-0.141211347 1.010594189
-3.662915909 4.902679655
-3.544231109 4.832015997
-11.648166366 -0.137746649
-4.876148328 6.427843191
-8.617657406 5.627776108
-3.084747115 -2.392535274
-0.027076467 0.424295487
-0.118229329 0.912788725
-2.926942671 5.622153580
-1.795832080 -3.924799420
-1.730161983 4.422951333
-9.026830999 5.326919296
-9.066319115 5.295861969
-9.271713809 -2.921214101
-0.127698371 0.955715611
-8.095181628 -2.506303832
-8.284614966 5.816479286
-11.632090907 0.670473428
-11.609012639 0.819389385
-5.183956599 -3.080363385
-8.422294660 4.530341733
-3.391366021 5.883823513
-9.176482746 -4.197298392
-1.402054459 -3.575014331
-8.227885118 5.843408677
-3.172456951 5.774143946
-0.065127696 -0.774598262
-2.556562286 5.353219972
-0.064048245 -0.768411740
-9.586530560 -2.597717414
-4.434092712 -5.076233940
-8.473979461 -0.742355326
-7.097057206 6.313163965
-5.049296858 5.440548274
-3.997620766 -0.043818490
-5.485875535 -5.057440797
-5.878916754 6.533662735
-3.738519338 3.733825124
-1.785911006 -3.917097224
-3.789260137 -4.944062735
-4.241593667 -5.047449077
-10.025984889 4.091034535
-3.227790178 5.803837407
-4.683007322 -3.091786497
-1.170318684 -3.327699606
-5.498282447 -5.055486299
-8.330498783 -3.486881021
-9.818720093 -3.771216837
-10.478262372 -3.084400251
-8.959162116 -4.310057656
-4.496518661 -5.083050729
-2.491008203 3.743544687
-0.763484168 -2.740133230
-3.460571523 -4.838625311
-11.625918979 -0.368979064
-9.047653076 3.798816758
-11.598494114 0.874919733
-6.116993656 6.518427824
-4.534063487 -5.086230247
-8.187698035 5.861223803
-0.030318169 -0.525909593
-8.867489502 -4.351169867
-8.273330143 5.821993296
-5.102824961 -3.089254155
-9.128490259 -3.043497230
-10.439963008 -3.134165967
-1.746765488 -3.885608383
-9.906115249 4.311693641
-0.532895885 -2.266447009
-4.602212066 -3.080231623
-7.810281492 3.739494161
-0.142810511 1.016667158
-2.630599618 -3.288909413
-11.645201937 -0.181605641
-5.098022691 5.452767929
-3.072189141 4.479481927
-10.509966228 1.121572962
-9.094039417 -4.242851388
-0.180325395 1.149610646
-5.198626130 -5.086955904
-3.153500830 -2.436516123
-8.659971149 4.306973512
-2.197388364 -4.193171778
-1.713171258 -3.857256545
-3.554919953 -4.873157265
-11.653357320 0.432867846
-3.332912523 -4.785856786
-4.075176942 3.984610237
-8.925019894 -4.325996036
-3.852709291 -3.917947481
-8.354271284 -3.478766255
-10.000715746 4.141588755
-11.638385429 0.620630698
-5.496691834 -4.037458754
-8.019361973 -2.536515888
-4.484015319 -5.081859943
-5.527675579 6.521502432
-10.619574366 0.670674471
-0.178574198 1.143579760
-9.530538483 -3.983140216
-1.754170175 4.459775317
-8.441965577 4.514720074
-1.607127086 4.211256319
-3.222214291 5.800948160
-1.983317769 -4.061919452
-2.438074053 -1.637302727
-1.240396306 -3.408222760
-5.258286467 5.483717208
-2.404967815 -1.562701350
-7.586443641 -0.281616606
-1.900872928 -4.004500549
-1.004888979 0.164799947
-3.513429642 -4.858633039
-2.034816306 -0.427730966
-4.995551190 -0.108121440
-0.570599307 -2.359572382
-11.631898048 -0.319098009
-9.619077857 -3.923510168
-10.474517194 -3.089441274
-0.565613026 -2.348044653
-4.291118745 -5.055886220
-8.921323712 -1.822149766
-5.436121321 -5.064400454
-1.999957812 0.012605208
-0.261527309 1.380579892
-10.281317793 -3.320651100
-0.035438390 -0.575886608
-9.886655197 4.343958632
-3.010627044 5.677750413
-8.653045363 0.033222522
-3.681193866 3.675728836
-10.348202151 -3.245680675
-3.466416455 -4.840922056
-2.404095600 -3.131064268
-10.285607693 -3.316064704
-0.074461504 -0.823962203
-10.256210163 -1.649860140
-0.548796867 -2.307429190
-0.031500131 -0.538413772
-2.199319259 5.018873575
-9.374179642 -1.177831656
-7.962462363 4.856948826
-9.076080753 5.287958681
-6.582772840 6.453483888
-3.507528866 -4.856483827
-1.973878542 -2.728514139
-6.625960595 6.445285297
-3.292697117 -4.768105688
-3.786334751 4.964699782
-11.630540375 -0.331584332
-10.470740433 -3.094458678
-8.970463948 -4.304578595
-1.862512729 4.613861406
-4.678220594 -5.094850763
-7.470655536 3.986244488
-3.015948743 5.681084747
-5.765893284 6.534085363
-9.742336971 4.557093518
-7.282513416 -0.678857385
-9.114652021 3.678025303
-0.302667552 1.479080875
-8.676841046 4.288362015
-10.443864602 -3.129245008
-8.545694384 4.423511296
-3.338697923 -4.788299616
-11.581897011 -0.616214826
-0.001504197 -0.065965085
-4.550975265 6.332299890
-4.728435722 -5.096386871
-4.882276135 6.429217325
-2.398864523 5.218828909
-1.046614216 -3.169380369
-2.681535761 4.038590678
-3.376353574 3.278610742
-0.004578989 0.186803306
-1.198646808 -3.361313836
-3.704446683 -4.920926944
-9.167729279 -3.012131230
-11.593244894 -0.560848009
-2.330418497 5.154121629
-1.911030921 -4.011887478
-2.713730995 -2.055744976
-0.040946228 0.517459431
-4.192296134 -5.037770657
-5.778449944 6.534371407
-11.484261076 1.357117475
-1.467274516 -1.910165418
-5.361243486 -4.064522599
-0.796719122 -2.793414612
-0.793305609 -2.788143350
-4.253958257 -5.049655536
-7.055776600 6.328273915
-11.644699778 -0.187865522
-9.362957623 -1.200304917
-1.214159287 1.067762485
-10.589813812 -2.924897266
-1.554214128 -2.105054405
-2.365301514 -3.099149606
-11.590643955 0.911772118
-6.123234127 6.517724414
-10.372888756 -1.392600047
-9.960003646 -3.646649901
-10.644594299 0.509368888
-11.453527605 1.452770682
-2.361987800 5.184711815
-3.724789645 -3.865839220
-2.011710291 0.176871305
-10.441223547 -1.203664616
-10.377381246 -1.380871063
-1.334850085 -3.509017742
-5.192352885 -5.087246871
-10.547520736 0.995184773
-9.638774088 0.475659560
-6.720909980 5.386008376
-3.560872850 -4.875157587
-3.472275695 -4.843182051
-8.995588133 -3.138256719
-2.115751031 -4.146190541
-6.526999216 6.462626794
-8.622942218 5.624383611
-5.557038548 3.506278437
-3.128870990 5.749161293
-11.592078557 -0.567018741
-9.553147233 -2.635255131
-8.457987491 -2.295057129
-2.586299835 5.376358716
-0.117441866 -1.007355521
-1.757665786 4.464992497
-2.479609608 3.721160468
-9.955434367 -3.650958028
-8.564025847 4.406337517
-5.199263825 -4.084593065
-10.469230074 1.233698812
-3.698422657 -4.919152294
-10.315230811 -3.283585943
-5.533923389 6.522137359
-7.927541536 3.626130754
-7.398129299 4.023678878
-0.083643490 -0.866951622
-6.809673304 6.403688752
-9.746098187 4.552064450
-0.766730508 -2.745509060
-4.778673590 -5.096661224
-1.054327863 -0.624307705
-6.008106308 5.524373728
-10.507777730 -3.043746684
-3.746723577 -4.932970392
-6.066996651 6.523349015
-9.909319167 4.306292420
-6.405530543 5.469316642
-0.300102463 1.473348634
-8.638649917 -4.438218437
-6.570398045 6.455632366
-2.572957587 3.884717583
-9.222477167 5.159694061
-10.278442010 -1.604808904
-0.132350546 -1.061871768
-8.581920168 4.388708719
-11.656829115 0.332458541
-4.119553686 -2.947056682
-11.482462454 1.363134388
-4.585073529 -4.086979429
-1.000792682 -0.028248726
-10.334170102 -1.485308989
-4.640164486 6.362586204
-2.371112970 5.193342156
-3.235924452 -4.741266681
-10.455987373 -1.155644328
-6.533208759 6.461688798
-8.101061594 4.770718081
-0.145007708 -1.103969218
-0.004303010 0.180529383
-11.642264002 0.583151638
-1.625028337 4.244411538
-0.026328916 0.418060149
-7.817292704 4.931589688
-10.599189576 -0.427255057
-11.631238815 -0.325343302
-10.610308896 -2.893279631
-6.540546990 5.440174478
-0.001760760 -0.072239832
-9.570074646 -2.616695931
-2.517616727 5.321484155
-9.253222154 -2.938215276
-1.024731327 -3.138706887
-6.023159734 6.526623727
-4.546592793 -5.087106607
-7.839964783 4.920774973
-9.488666730 -0.899303792
-4.586485404 6.344899625
-2.535342910 -3.228091986
-10.275742779 -1.610479214
-2.068728336 -2.828924414
-4.772694874 6.401532843
-9.088468139 -4.245749512
-8.505815354 -3.418104217
-10.656376535 0.346560206
-2.494075416 -3.199447253
-10.582872085 -2.935364546
-9.016597471 -3.124487590
-2.586676486 3.905759756
-9.419869186 4.957622192
-2.921817826 5.618523948
-10.655232678 0.371653488
-0.263801294 1.386433716
-10.023232109 4.096679043
-8.233603207 5.840812194
-1.841224675 -2.561352047
-8.657366300 0.283725318
-0.193263558 1.191622362
-4.204601401 -5.040286986
-5.242508939 -5.084367818
-9.031821553 5.323107125
-5.541619754 -5.048120282
-4.448216295 -4.068303130
-0.646020376 -2.525296961
-5.292576854 -5.080229886
-1.631110853 4.255400374
-9.582995787 -3.948619222
-9.290401293 5.094438480
-4.821205706 6.414593014
-3.800391590 3.787053058
-7.091173532 6.315359565
-0.674799573 -2.581111167
-5.634113367 6.529624050
-11.587847480 0.924016760
-5.738441872 -5.007797313
-11.655723821 0.382684998
-1.941734739 -4.033727782
-0.668889822 -2.570028461
-11.652953215 0.439134821
-11.455588906 1.446838624
-9.254557386 5.129639801
-0.086459464 -0.879191795
-11.486021875 1.351089387
-8.686220281 -4.422063591
-2.973671962 5.653944511
-10.253369361 -1.655460864
-5.034549138 -2.091587672
-10.648157850 -0.104774087
-1.155294500 0.915521648
-1.870050677 4.623907841
-5.631902271 5.526948865
-6.073252821 6.522802571
-5.060827676 6.464912991
-1.109040914 0.758987493
-6.520783904 6.463525776
-11.650373008 -0.087556517
-8.745080874 -4.400179844
-6.054137102 3.500430462
-5.621571877 6.528943933
-10.000498098 -3.607223283
-10.474961244 1.219082429
-1.726798516 4.417647998
-5.577709572 6.526032132
-8.224260905 3.222829014
-2.512804946 5.317448684
-9.114574743 5.255676622
-4.888247164 -1.102347695
-1.750707397 4.454536287
-9.580093119 0.742036980
-1.021121663 -3.133567958
-2.769394699 -2.115435348
-1.032277125 -0.487953491
-10.006468061 4.130423524
-5.305074364 -5.078979373
-3.464138789 3.416069594
-10.028702168 4.085372851
-5.677214729 -5.021750977
-9.780025965 -3.803257957
-4.592419101 6.346956202
-2.229197151 5.051118119
-9.441310987 -1.029057945
-9.424057460 4.952942809
-2.224899953 5.046538560
-1.608414471 -2.204225584
-4.423447134 -4.064123436
-0.011671242 0.287021977
-4.247772498 -5.048571719
-1.147236549 0.891729829
-8.928242659 3.975682147
-9.289772605 -2.903753829
-3.334797967 -1.194712373
-2.652174456 -3.301774388
-4.722916719 -4.095850134
-10.639900607 -2.845127574
-6.430209138 5.464631756
-9.809134881 -3.779333194
-1.102950009 0.734617797
-6.976117125 3.117088714
-5.733005557 4.532072930
-0.528494805 -2.254683420
-0.033013311 0.467851591
-3.701836799 -3.855633923
-0.036166642 -0.582124229
-5.073583031 5.446964115
-10.323547955 -3.274174427
-3.351534612 5.865226760
-1.023047065 0.327021314
-1.581480459 4.160892240
-0.744379140 -2.707656758
-6.231379399 4.484597708
-1.080536086 -3.214586526
-0.006668109 0.224424561
-11.653722062 0.426598458
-2.191877187 -4.190160930
-2.674065621 -3.314093401
-11.384185954 1.637984969
-10.616985523 -2.882641296
-3.752790277 -4.934593175
-1.097473128 0.710102802
-10.250493442 -1.661043638
-3.247218042 -4.746762711
-6.766989414 6.414199030
-3.657541640 -1.572836285
-0.030889518 -0.532163538
-9.813940230 -3.775290064
-1.703722820 4.380232610
-4.784786340 6.404931074
-1.708423238 -3.853146244
-9.452841918 4.919718791
-1.485906915 -1.956816896
-0.043104559 0.529832512
