1000
54 326
815 326
174 54
200 326
107 200
746 107
182 107
287 326
512 182
798 512
131 798
245 131
936 287
724 174
236 174
629 326
339 245
911 512
218 200
868 629
212 218
617 746
940 815
406 936
366 746
145 218
788 107
656 174
413 617
121 245
794 107
45 656
15 131
166 413
673 45
745 794
151 45
60 174
697 936
804 245
762 512
84 151
574 174
897 673
293 762
181 794
851 84
965 656
246 815
434 200
667 200
912 339
926 868
620 794
820 965
821 788
870 84
576 293
13 851
830 54
577 245
63 151
346 339
682 182
530 656
255 762
643 667
744 798
68 366
976 145
627 620
606 151
143 121
699 870
492 574
32 673
26 174
222 13
297 151
229 293
352 821
971 107
603 236
649 218
931 620
430 868
289 627
864 218
156 576
380 339
282 656
489 346
609 746
165 912
258 976
244 166
448 246
824 151
286 218
284 620
929 339
197 649
742 606
757 606
124 965
376 366
195 929
619 673
178 512
810 489
179 151
356 297
251 577
453 798
22 699
468 121
676 468
345 356
102 606
712 699
371 380
343 174
967 212
784 971
184 911
481 676
997 897
350 131
941 699
840 606
1 26
559 245
751 481
963 13
616 197
135 448
485 929
105 667
905 530
260 574
538 45
573 936
315 60
631 840
834 911
438 174
377 788
237 574
598 178
74 287
302 616
373 145
505 762
837 438
9 656
544 251
28 60
518 182
668 218
41 810
514 339
25 673
526 166
671 121
361 699
535 406
502 377
110 576
843 712
274 712
428 535
61 212
67 361
341 174
726 671
136 102
855 68
826 110
703 13
507 174
209 724
294 377
571 9
586 629
472 744
175 166
426 74
127 673
476 60
778 377
319 197
974 574
522 131
292 571
942 244
920 229
639 319
863 997
731 522
266 212
841 965
43 643
471 345
918 573
898 197
988 609
17 136
985 366
203 136
866 61
3 434
895 810
62 218
458 346
950 616
324 940
978 784
295 105
548 926
306 175
436 135
814 784
775 697
389 745
635 941
265 165
987 950
298 9
604 68
480 830
354 576
208 912
998 481
583 179
910 3
39 297
664 804
797 742
300 373
547 212
754 292
831 731
564 105
761 577
916 287
44 472
167 988
199 742
924 1
845 804
98 855
954 286
588 987
243 998
188 920
899 664
93 731
553 68
990 518
157 426
921 266
97 468
567 834
747 260
183 810
225 588
29 747
7 25
732 978
504 68
720 346
486 302
842 324
69 274
891 826
962 472
994 797
134 245
119 339
490 62
35 924
900 720
148 352
644 676
980 571
316 810
600 44
390 976
440 804
599 994
169 682
164 830
130 609
150 17
973 631
793 522
141 553
94 352
665 997
417 436
867 97
995 225
822 564
679 237
570 868
437 912
887 178
859 976
419 286
800 339
771 236
202 784
853 130
365 175
508 102
281 712
333 978
38 502
596 124
683 255
113 649
977 62
227 127
314 472
416 227
1000 121
655 866
446 898
602 476
372 574
748 831
180 13
525 671
767 113
690 485
753 343
71 761
637 22
140 237
625 518
801 965
816 826
421 762
168 298
391 260
386 816
969 724
5 571
710 448
470 798
735 712
10 814
424 1000
85 166
444 671
770 182
529 980
64 391
125 339
825 165
509 246
979 492
403 428
595 468
597 512
375 436
412 831
718 28
103 530
982 870
700 731
883 406
670 824
561 990
774 553
466 361
106 471
493 324
120 98
279 637
335 199
741 35
621 564
618 801
779 853
340 131
986 38
951 826
711 599
477 25
672 735
681 366
305 583
36 183
441 509
280 430
786 245
696 300
242 561
176 93
349 843
555 440
57 548
323 130
234 830
850 746
880 120
210 810
694 210
488 375
832 621
893 987
330 951
259 971
190 5
871 668
18 995
760 703
565 980
589 145
240 609
646 120
215 910
935 620
273 17
171 245
498 315
47 199
955 868
409 855
172 731
269 340
992 863
709 604
890 98
693 444
187 28
407 954
769 493
31 120
351 570
14 481
809 988
122 929
730 227
785 998
72 639
221 273
250 372
521 712
370 786
766 403
612 5
48 340
427 22
317 341
892 760
945 234
675 471
52 222
615 747
717 373
261 134
411 45
460 453
554 36
896 637
590 649
491 68
296 810
993 982
392 880
758 176
399 273
948 240
310 754
805 598
932 240
368 315
768 570
408 13
925 260
16 28
847 505
118 617
540 599
313 106
362 491
624 890
23 730
608 284
882 127
523 145
415 390
752 98
447 411
716 333
949 421
312 980
65 345
873 65
388 567
791 993
104 847
499 23
996 768
80 831
626 995
77 426
439 419
357 179
425 36
253 801
154 963
939 639
115 221
401 440
51 615
367 699
933 69
484 54
445 43
641 38
661 484
384 172
651 718
283 250
808 335
557 113
789 406
654 598
943 375
904 74
780 195
327 392
382 716
443 797
777 871
721 998
495 245
511 596
469 793
947 676
201 897
729 202
701 401
591 148
860 758
961 259
739 654
247 943
449 312
549 229
743 190
433 868
73 502
344 41
450 847
734 365
364 950
563 201
268 751
487 779
55 843
648 918
607 127
991 600
622 834
579 718
224 701
878 488
706 943
418 563
233 98
796 412
285 507
581 873
30 511
91 825
585 131
674 942
217 671
96 761
593 509
705 932
658 13
12 794
205 890
186 349
496 619
385 169
632 469
534 259
213 784
613 12
149 574
715 295
318 974
838 351
92 39
173 13
50 365
964 44
938 203
636 651
432 7
642 173
387 310
531 91
49 910
733 399
913 260
223 579
695 487
378 284
707 654
759 317
813 598
59 323
875 352
737 988
901 428
645 349
722 873
999 258
839 498
185 646
953 883
435 629
652 415
290 441
170 641
194 441
836 107
277 68
116 864
303 682
19 460
728 739
704 281
75 945
849 810
823 26
252 842
66 247
126 366
58 335
527 998
431 5
395 816
812 453
790 212
566 469
552 71
27 63
861 13
161 674
402 340
348 777
381 303
756 540
528 326
462 427
689 544
129 188
691 990
984 624
100 297
359 258
475 762
503 849
569 998
360 676
56 890
623 918
263 316
856 893
464 447
400 832
516 384
659 150
144 735
137 310
99 824
248 293
580 360
727 994
714 699
42 57
374 361
587 940
550 656
886 743
879 714
111 222
981 712
325 247
601 180
811 898
308 996
329 690
309 863
90 746
885 868
11 255
578 538
442 626
575 714
239 518
331 770
520 415
155 316
207 534
515 349
594 608
795 344
647 60
257 796
479 979
869 508
614 754
662 981
267 68
923 679
966 548
8 100
271 671
930 495
198 92
764 845
95 104
828 69
799 290
640 178
322 356
539 39
20 130
765 236
650 570
467 428
989 125
725 13
494 30
881 621
846 111
610 784
422 322
230 277
86 850
147 979
465 591
934 184
347 511
189 916
394 283
478 574
592 265
78 794
906 631
231 600
216 979
562 530
956 951
114 873
907 574
369 538
740 267
657 938
818 368
276 550
666 767
88 362
500 734
551 985
773 727
397 488
807 492
363 465
452 247
108 267
783 853
46 643
519 324
463 387
776 442
311 257
153 737
889 816
888 566
605 61
750 861
537 201
81 363
177 322
874 573
755 658
558 941
89 558
542 401
678 417
275 906
40 683
708 441
152 491
128 718
219 225
454 1000
513 639
829 527
738 784
917 416
2 786
278 867
862 365
256 780
123 309
160 413
685 652
249 895
680 775
193 671
968 172
272 622
301 535
634 874
101 371
723 718
858 522
262 397
908 768
146 403
972 951
782 691
833 813
536 343
628 634
191 324
937 761
713 562
474 140
506 286
321 608
451 50
76 614
946 222
903 942
79 99
960 774
338 348
582 119
545 350
914 591
572 407
638 301
857 622
334 520
232 122
383 333
781 821
915 380
884 58
702 411
844 621
404 150
6 992
456 324
772 622
532 821
630 824
70 456
660 285
423 85
214 730
541 440
497 372
803 282
393 678
288 16
304 89
192 39
410 372
24 576
483 790
975 722
556 370
902 685
970 416
83 387
957 292
482 92
379 441
117 85
420 846
4 426
254 647
736 662
355 150
429 649
958 980
358 94
669 770
34 859
876 780
848 447
568 936
342 443
307 240
228 229
142 311
455 720
802 5
37 774
922 62
909 784
270 200
663 300
138 934
584 267
196 207
944 203
206 46
291 800
560 216
353 25
510 401
112 971
501 68
543 505
533 441
82 417
398 737
53 309
21 261
238 602
959 605
611 893
132 410
33 171
264 635
927 722
226 10
653 437
133 19
320 690
952 708
835 95
817 623
459 588
461 165
872 748
241 354
204 182
677 494
719 98
524 333
827 982
686 469
688 259
687 966
396 637
692 537
163 515
865 303
220 569
159 720
763 390
158 781
633 71
162 832
698 244
852 500
806 887
983 672
473 145
332 729
517 703
405 682
211 300
299 371
139 807
336 437
787 837
854 511
235 269
684 639
87 620
877 939
894 14
792 553
457 540
749 101
337 464
109 861
928 486
546 900
819 875
328 779
414 341
919 405
