1000
618 371
516 405
969 986
918 45
582 943
660 464
385 538
458 306
817 223
577 29
551 364
64 714
4 407
149 211
23 281
695 840
823 520
24 702
593 958
348 256
135 444
445 593
706 177
72 894
729 388
557 715
692 176
538 920
827 519
720 136
370 697
617 391
348 566
78 152
617 555
972 29
776 593
856 215
507 551
187 702
538 791
696 551
941 401
593 43
558 268
895 422
857 476
70 371
241 219
644 45
716 924
238 894
551 978
914 516
828 888
692 583
121 821
392 720
613 721
397 775
519 556
667 736
115 145
309 494
695 346
494 658
873 45
16 586
628 440
460 211
586 796
802 627
911 476
700 211
894 174
551 449
803 685
868 986
8 551
702 446
708 29
560 78
215 992
286 313
490 467
96 736
545 720
697 597
108 327
520 543
774 783
487 774
29 58
113 821
997 720
826 702
480 376
266 494
358 28
344 133
798 588
695 397
959 867
625 326
68 177
743 440
200 610
122 175
424 23
954 325
637 26
45 112
685 129
551 279
891 440
537 211
371 587
695 28
19 774
663 442
64 11
33 515
821 458
371 478
309 651
692 111
51 361
440 654
74 357
331 828
720 564
625 168
596 617
202 371
284 309
131 268
821 963
736 170
573 468
801 720
19 854
515 912
907 551
536 397
479 78
371 940
702 562
366 859
516 283
695 138
883 175
371 642
983 702
630 494
468 443
901 490
663 748
125 766
551 925
551 196
440 40
371 125
252 290
814 300
665 894
343 29
64 804
109 23
707 445
736 782
617 411
147 610
998 476
610 133
25 895
685 820
256 597
520 885
593 488
622 625
10 895
929 388
695 251
28 330
582 102
380 538
480 77
593 395
239 924
451 702
472 797
995 19
989 388
297 53
96 668
506 551
829 29
130 323
447 418
4 476
808 131
33 292
924 232
582 731
720 559
437 568
779 986
388 44
586 501
78 131
350 397
870 520
468 987
771 19
774 313
35 252
660 295
695 948
617 73
519 830
387 720
582 270
264 296
551 615
28 742
890 593
85 593
4 985
45 471
454 718
617 137
702 333
824 551
728 515
717 826
397 826
138 214
112 950
256 735
758 720
21 158
177 521
238 257
7 702
429 551
993 497
686 328
275 211
579 720
551 463
626 593
49 95
405 593
244 924
506 584
402 231
96 469
18 475
774 817
709 695
345 96
702 688
258 135
605 23
64 904
585 105
895 666
467 519
272 117
822 858
443 425
736 872
309 632
374 476
317 627
19 713
849 188
131 144
160 194
551 105
144 835
617 602
554 135
797 593
309 409
367 836
844 986
453 858
823 263
369 582
311 986
887 467
825 413
252 489
32 736
329 986
568 523
637 551
611 313
827 842
383 211
702 224
175 617
702 847
724 551
738 720
506 672
325 485
322 582
894 211
586 898
597 156
984 593
740 219
870 2
551 964
158 551
733 629
397 789
135 1
388 480
55 400
14 695
606 357
720 146
594 849
498 768
586 396
702 765
695 916
256 246
878 768
934 252
710 685
683 551
720 23
19 698
273 17
245 720
973 663
175 552
99 520
19 45
831 884
702 379
55 255
628 917
468 586
769 211
148 551
23 652
784 827
581 33
490 955
551 757
599 397
123 551
960 476
476 897
397 349
531 695
551 953
461 695
625 715
88 551
459 538
79 135
787 419
692 921
848 986
871 177
902 211
692 720
850 467
440 770
277 486
41 33
177 542
774 56
221 440
894 704
790 695
617 725
500 181
774 604
231 627
320 135
636 371
440 673
935 674
313 833
157 397
114 211
535 134
593 635
593 563
895 593
764 617
217 617
162 702
413 684
627 593
19 240
476 975
945 33
381 490
768 809
986 786
774 968
219 719
433 625
932 158
702 362
951 19
401 663
106 551
913 29
637 359
184 702
467 592
517 519
752 519
598 78
276 137
741 551
821 869
256 467
377 551
127 551
151 979
211 874
64 589
476 316
692 778
617 454
23 294
441 736
551 492
720 947
944 211
993 685
812 797
55 971
986 209
551 323
80 23
237 28
568 639
183 538
610 586
924 6
553 625
586 69
19 919
991 593
300 440
9 774
256 60
720 837
551 759
154 211
986 659
982 486
426 986
31 400
821 278
285 720
736 548
600 617
219 935
193 551
416 715
96 46
751 869
15 467
28 368
436 458
593 83
961 29
903 894
205 256
617 774
520 567
476 727
298 610
445 63
720 161
29 549
438 821
893 568
29 89
18 846
774 267
675 720
137 233
158 86
609 828
591 894
509 96
29 428
363 151
862 593
315 817
744 211
736 633
695 656
400 726
794 55
664 96
792 637
226 371
797 474
515 131
465 447
884 440
467 107
408 309
980 23
685 76
551 826
986 574
884 679
922 219
323 661
685 886
617 503
593 773
248 476
924 430
761 986
302 371
551 526
578 538
551 614
601 587
178 371
211 481
685 57
593 616
23 678
470 440
261 445
593 347
994 78
685 680
38 131
28 508
462 608
617 242
305 617
19 881
781 627
699 551
256 816
29 832
287 105
701 538
373 137
628 785
491 551
273 685
220 986
737 894
986 877
417 538
84 476
361 720
551 767
576 821
28 974
340 538
773 646
434 702
293 480
720 788
177 476
135 915
194 924
617 303
108 467
821 12
528 371
568 3
538 467
889 96
547 32
526 360
18 198
899 468
695 722
104 177
520 686
657 494
630 685
455 821
933 817
234 117
736 828
858 689
23 745
256 197
924 125
649 117
13 78
150 895
119 23
617 845
112 382
894 140
203 131
137 222
354 476
128 586
19 736
858 634
64 864
45 110
95 467
908 19
211 811
720 180
28 739
177 841
36 720
371 720
965 986
993 575
440 715
986 397
962 198
55 851
541 720
750 774
880 131
906 625
59 468
186 515
972 447
695 482
693 617
94 586
538 732
875 720
424 572
727 863
625 524
440 551
211 254
650 894
173 867
23 289
50 440
262 211
207 467
734 256
467 431
211 252
861 593
810 175
476 853
476 412
551 134
721 670
956 96
45 957
452 993
930 695
852 397
126 416
467 5
413 78
309 282
312 720
371 520
158 607
85 61
440 807
494 352
551 117
551 334
937 692
494 236
153 720
137 879
29 336
20 551
23 118
572 163
540 986
432 64
499 144
647 494
120 986
388 860
115 892
850 551
171 177
551 711
67 160
946 519
356 476
440 532
64 19
534 894
167 519
425 427
256 928
551 513
179 695
388 19
640 494
96 663
782 849
730 400
859 627
424 746
768 720
371 690
371 341
736 139
900 137
55 645
828 34
195 371
692 52
755 33
551 504
480 942
834 519
671 692
360 280
313 641
96 332
372 720
355 300
467 93
87 551
213 568
753 986
211 131
143 105
115 551
351 827
131 855
660 132
593 216
727 421
625 365
702 818
826 747
325 866
653 535
135 876
269 323
371 694
467 638
164 721
271 177
617 486
288 849
199 467
206 23
274 993
720 588
519 414
836 388
476 228
909 348
617 551
517 291
836 420
352 631
924 457
838 894
610 939
219 715
19 996
415 797
952 371
39 494
466 211
753 250
467 229
926 625
805 131
702 768
703 105
588 155
19 22
986 410
321 870
617 546
211 190
827 603
177 763
450 23
692 938
623 828
137 624
440 561
692 308
47 494
551 527
681 445
505 185
256 473
310 532
235 551
158 301
821 705
843 895
582 296
966 211
96 98
986 42
45 819
467 259
821 733
45 571
265 733
388 677
865 720
538 404
112 247
625 339
692 927
870 988
131 165
522 827
456 494
749 702
48 551
53 676
211 435
533 768
115 337
101 551
23 29
260 520
204 826
211 896
211 62
695 936
189 55
135 815
1000 538
151 256
910 551
923 520
721 772
124 617
839 440
756 44
593 894
325 37
406 859
66 637
484 371
201 125
309 493
799 586
494 318
630 483
612 131
4 253
192 828
191 993
100 685
733 116
64 648
643 858
172 850
309 212
520 777
538 103
736 500
858 19
895 82
384 582
580 520
970 983
993 565
702 544
53 317
981 476
33 92
211 225
669 467
357 685
949 736
550 78
723 45
19 227
324 551
476 477
476 75
551 210
33 353
357 325
314 19
733 518
817 30
813 467
511 45
319 494
514 660
325 342
733 793
896 71
530 211
97 79
628 403
760 131
986 502
617 91
550 806
590 564
399 215
593 551
754 494
440 393
551 338
96 712
695 977
593 398
780 300
335 720
467 394
617 81
621 551
519 378
593 419
55 821
397 27
967 617
721 569
208 506
582 593
18 55
494 620
586 158
105 423
390 131
516 821
135 702
64 660
736 54
510 96
65 593
371 141
512 894
986 439
682 625
505 152
397 496
29 867
230 494
78 539
593 691
884 882
619 467
526 218
29 159
215 986
64 166
211 990
131 999
307 23
309 551
115 169
551 570
568 405
976 986
135 249
386 476
448 519
655 870
586 525
388 304
931 467
462 625
519 721
495 476
800 137
551 762
795 663
476 309
142 131
182 782
905 359
90 33
309 243
375 461
662 19
687 720
595 617
371 389
500 529
299 371
