1000 1411 1000
936 407
495 699
420 198
406 492
250 943
509 149
496 734
897 199
815 110
312 336
771 549
70 564
938 482
565 823
616 228
870 187
704 798
748 675
256 403
286 786
21 173
497 601
944 234
189 418
938 487
878 243
802 766
286 336
277 856
263 174
252 750
163 348
638 95
178 765
702 399
768 54
402 432
886 4
123 462
709 561
780 789
418 678
274 609
467 874
284 494
865 608
504 268
349 334
292 256
959 339
564 905
788 63
520 49
153 904
875 231
74 685
535 284
683 813
973 923
742 733
60 659
671 436
437 998
701 504
487 119
169 581
192 857
925 664
390 650
333 8
629 718
236 835
142 804
616 817
526 745
960 552
491 272
201 559
596 34
765 797
879 796
496 757
353 484
982 132
596 994
922 58
695 986
555 903
862 40
441 185
674 387
403 918
307 941
239 2
222 896
732 491
22 824
406 830
234 560
351 540
752 381
172 280
22 535
721 288
122 522
930 157
981 518
608 192
852 872
820 23
360 793
491 72
282 20
232 47
759 915
411 396
158 498
382 41
860 537
346 8
710 302
708 51
899 211
459 368
336 992
143 607
36 686
572 889
315 70
441 430
832 723
813 838
265 653
16 799
503 212
303 562
619 504
775 386
456 710
466 987
279 496
171 631
919 146
521 198
583 753
820 978
642 51
428 554
960 606
544 490
243 118
775 853
970 6
228 914
941 434
717 984
857 867
47 654
455 992
753 507
288 339
80 493
94 828
792 605
815 668
876 102
395 673
916 227
402 115
888 935
251 958
626 252
121 527
453 389
487 482
35 812
324 961
606 68
19 335
237 371
290 295
981 454
625 50
993 553
648 77
450 925
507 982
132 945
700 75
990 233
459 626
423 31
514 999
947 801
978 952
917 384
687 811
980 849
937 841
223 129
940 203
98 962
220 41
112 266
16 99
241 626
167 347
951 906
534 834
329 50
419 1
315 564
991 182
376 354
84 435
248 892
653 383
510 537
456 422
996 161
400 322
589 155
113 265
931 486
62 598
590 65
256 167
859 210
349 697
577 847
944 295
191 245
295 375
695 15
71 567
748 71
328 580
267 363
245 142
954 972
338 837
193 60
588 602
433 879
105 790
526 481
375 627
332 935
832 870
297 226
664 380
797 495
697 66
272 913
895 613
731 806
814 913
632 719
215 377
31 927
764 896
675 143
316 966
478 923
355 415
149 693
442 53
590 130
302 684
854 159
448 282
673 639
295 627
750 536
271 363
379 35
421 22
857 873
953 14
1000 274
322 191
128 599
32 166
351 287
141 928
132 345
920 903
24 452
9 291
750 657
393 116
80 674
356 408
380 604
793 937
417 244
830 932
814 359
735 331
419 92
46 728
516 515
583 220
202 162
844 762
627 617
794 561
975 805
699 790
96 965
365 845
164 723
734 59
274 456
52 912
643 406
215 956
198 771
988 141
808 25
942 766
684 585
841 800
550 214
508 545
910 821
265 366
109 1000
149 224
841 202
527 114
183 532
774 429
525 394
969 528
600 705
907 163
87 137
41 467
600 763
246 972
390 418
372 722
524 16
294 49
575 612
482 485
728 134
70 206
251 183
988 367
241 55
397 449
326 181
420 521
726 946
493 988
597 539
631 554
913 393
105 847
767 460
391 100
510 740
594 88
743 4
535 524
861 16
989 708
89 702
650 523
911 107
975 909
874 725
667 290
615 883
344 442
125 352
801 544
724 349
54 417
415 949
346 333
66 910
904 951
502 702
475 940
759 696
771 136
221 900
934 755
464 754
296 188
219 694
510 729
497 104
379 812
7 634
548 694
52 93
769 996
154 818
388 796
220 382
557 795
876 56
199 157
919 468
713 483
21 865
650 512
8 236
448 795
901 961
689 597
663 958
485 886
491 441
908 268
387 344
380 120
583 637
9 500
296 269
537 832
790 726
257 560
163 414
826 325
331 465
576 423
213 397
275 247
45 610
777 591
229 36
494 556
168 14
751 57
572 859
618 953
61 263
918 993
743 882
877 610
521 453
381 409
478 973
869 968
870 278
453 283
324 901
914 844
743 17
619 546
93 688
925 109
41 312
607 850
178 608
989 38
373 273
714 823
643 830
484 977
360 179
800 869
648 21
72 593
573 611
179 576
94 45
863 486
462 208
188 833
360 62
348 858
640 996
125 195
618 311
105 577
630 279
80 947
332 888
858 589
512 124
398 831
926 80
323 567
601 836
835 319
477 435
67 448
683 514
110 969
765 475
300 259
169 307
953 168
293 634
873 221
343 328
177 880
296 666
10 756
767 385
138 108
878 118
773 703
739 603
328 594
802 942
414 348
3 61
874 320
189 390
158 303
924 581
889 101
945 379
951 876
907 738
848 975
788 541
422 558
523 782
398 175
216 587
646 593
852 86
251 663
553 995
395 639
584 791
651 332
217 125
101 472
549 136
778 827
898 538
496 340
67 282
436 706
680 838
270 156
848 256
322 254
678 126
498 623
133 32
213 449
233 979
152 176
817 152
818 860
242 691
246 954
117 6
323 700
810 551
167 981
142 135
413 211
741 29
748 989
862 594
858 756
699 105
413 477
345 458
421 664
258 483
843 798
423 927
970 117
851 90
70 517
318 632
665 335
401 207
948 134
805 216
662 578
918 324
328 862
558 293
964 395
647 384
28 201
867 18
858 10
459 241
120 368
600 484
190 237
848 533
556 95
346 326
732 272
172 890
475 203
828 429
250 125
536 657
298 396
289 39
110 528
570 885
482 644
944 356
142 735
337 297
618 341
220 637
860 510
665 19
254 775
60 712
318 361
287 144
980 450
267 271
919 520
547 11
28 400
380 926
940 897
293 921
540 936
555 920
565 714
863 343
403 67
347 520
639 425
180 816
702 713
368 326
401 44
500 98
788 379
261 752
952 470
799 966
247 299
33 566
219 526
410 741
128 687
489 425
739 971
587 652
107 305
673 464
633 733
452 586
738 820
639 489
620 932
895 309
122 73
353 600
621 351
782 461
740 822
433 629
172 902
366 180
144 759
507 907
411 298
37 188
12 280
24 586
691 466
570 221
674 815
469 688
513 573
292 605
151 12
937 93
781 427
729 740
202 369
837 197
391 787
433 826
717 929
218 717
426 562
71 323
900 313
151 683
503 255
218 572
559 721
817 228
567 424
92 1
323 190
417 662
290 944
516 671
202 800
451 367
608 499
623 121
361 48
355 960
909 728
436 887
236 852
60 596
939 943
103 990
406 85
637 964
69 512
983 170
945 788
850 39
410 29
997 565
504 908
851 895
684 364
203 265
660 839
341 311
828 774
769 640
100 787
981 347
141 881
404 373
772 138
420 119
974 669
55 509
40 148
261 534
667 810
630 677
448 557
326 720
988 451
11 440
119 43
813 680
660 656
729 770
780 717
166 704
928 881
8 852
477 647
720 181
666 269
862 148
906 655
241 976
884 806
786 744
970 691
864 350
809 424
133 242
300 563
76 868
51 223
356 234
863 153
628 433
216 112
498 121
83 500
609 667
763 705
82 582
144 894
4 965
318 558
235 811
387 478
77 583
615 649
51 129
533 218
413 647
247 531
664 120
126 229
746 48
921 276
225 866
147 829
668 249
321 513
502 731
18 880
178 475
898 727
418 899
62 776
104 690
706 463
562 525
849 648
264 546
254 391
574 337
382 139
275 277
730 999
671 706
955 26
385 460
123 208
173 28
479 592
751 91
303 426
642 214
140 74
479 443
217 250
66 419
390 523
261 834
500 962
515 281
347 919
218 780
905 893
689 353
499 192
904 875
797 911
617 253
540 287
978 470
605 748
782 374
937 52
399 840
9 476
81 58
454 755
623 808
280 819
67 918
415 217
76 416
846 122
248 262
89 502
140 123
192 595
589 501
566 150
502 87
708 642
245 997
69 983
581 739
518 438
524 284
724 334
720 439
388 310
190 700
83 539
805 909
576 225
687 235
718 27
607 401
768 784
637 732
513 611
598 358
66 821
809 998
292 848
644 768
629 27
781 676
126 36
796 791
719 97
784 955
606 552
720 246
899 413
128 196
486 793
38 508
163 738
562 394
179 423
605 675
450 109
619 264
143 37
668 204
236 319
653 127
302 471
609 456
321 308
43 219
190 371
580 332
691 987
188 568
424 777
776 827
913 116
242 970
321 412
594 679
598 473
145 480
211 513
139 411
145 579
520 294
859 330
556 638
933 761
772 345
802 376
855 922
985 197
376 111
757 340
828 45
990 215
542 624
647 917
280 301
337 781
659 712
375 575
304 2
181 590
426 350
976 618
355 94
439 227
739 503
494 370
408 445
677 404
439 916
613 309
186 231
710 315
940 131
559 171
467 312
713 258
555 410
976 953
52 614
749 230
931 863
338 24
12 172
106 30
73 522
915 696
267 771
131 773
422 318
199 930
926 674
716 474
37 296
851 447
642 550
790 946
201 628
106 342
392 658
334 630
287 759
886 846
768 42
147 681
936 78
219 548
438 357
949 217
627 253
693 224
640 159
5 724
914 762
805 112
632 361
153 951
471 716
662 314
796 584
352 195
874 519
678 899
576 866
570 736
616 103
519 749
113 950
721 171
248 556
580 651
698 722
826 205
91 57
849 21
765 495
349 783
891 137
113 665
382 707
344 53
82 871
23 602
99 991
670 189
957 933
55 149
734 571
69 170
752 409
201 400
104 569
518 357
421 154
23 588
370 410
873 570
701 619
102 56
512 963
99 182
343 153
793 841
412 308
444 671
566 285
582 871
670 938
15 986
507 158
996 457
842 818
374 461
424 591
772 108
353 232
875 186
715 711
430 185
925 421
574 781
813 514
921 758
252 193
606 543
232 625
574 769
112 13
533 975
337 226
924 860
538 488
272 814
260 176
524 861
727 747
42 511
495 338
628 559
285 150
171 270
334 279
832 164
967 779
286 744
558 921
885 736
892 262
897 82
650 69
454 934
103 855
979 317
87 891
645 887
815 387
3 878
121 114
867 974
564 893
597 83
957 773
479 750
604 103
209 685
509 530
814 672
776 778
377 956
731 87
993 995
99 799
320 725
644 54
783 538
855 990
621 133
632 97
855 304
183 238
71 989
623 25
665 950
414 895
481 745
669 240
648 670
76 565
667 701
400 191
631 428
12 683
630 404
304 239
343 580
850 289
212 255
233 317
631 270
889 472
677 845
342 30
233 215
699 338
494 248
707 687
950 392
187 278
879 388
284 370
523 147
792 292
93 469
333 261
144 79
651 715
486 360
444 516
728 948
515 506
735 465
345 825
700 446
120 459
166 529
861 497
383 127
131 957
426 864
906 692
399 327
540 402
670 77
982 158
193 596
551 641
824 415
837 985
181 300
773 64
673 754
42 784
817 547
621 724
609 290
356 445
581 503
79 894
909 46
493 141
547 152
552 622
244 200
861 104
23 978
499 689
809 437
333 752
542 636
698 372
77 753
675 89
18 177
487 420
324 993
800 968
401 850
721 615
43 526
283 389
46 779
293 7
436 645
911 145
417 200
47 362
119 140
132 772
783 898
604 616
626 193
82 199
90 447
279 734
485 846
825 458
59 571
83 9
794 709
288 959
824 355
971 603
33 695
842 444
516 764
378 789
595 769
797 275
697 419
38 794
628 879
801 490
569 690
803 305
533 572
245 735
758 276
38 708
957 761
467 519
441 72
740 682
810 213
161 457
753 907
929 984
497 836
476 291
539 183
4 96
539 251
651 711
731 884
924 169
842 151
846 698
28 931
5 274
307 434
250 939
369 162
416 868
154 842
270 165
947 493
640 854
543 68
74 209
898 747
123 74
303 498
46 967
362 654
595 574
407 78
531 299
238 532
366 816
729 160
443 592
277 184
508 785
947 106
514 730
361 746
61 174
552 807
336 455
203 113
32 704
704 843
72 646
47 625
595 857
567 809
982 945
191 997
354 111
282 431
107 803
625 329
473 358
678 633
139 660
551 405
370 555
221 313
509 661
764 515
949 376
167 403
152 260
234 257
348 589
368 346
635 529
976 55
818 924
166 635
830 620
897 131
499 597
252 479
173 931
689 232
45 877
799 316
964 3
122 698
312 286
538 505
314 578
322 643
18 974
784 26
655 692
1000 792
822 682
109 792
130 65
477 84
643 254
701 810
886 743
950 658
511 737
624 636
776 598
22 154
206 517
5 621
211 321
216 652
904 751
964 732
865 178
707 128
207 44
519 230
780 378
706 306
537 870
997 76
922 81
501 155
547 440
404 273
169 398
42 737
760 977
213 551
198 267
738 33
485 644
388 194
414 851
242 32
1000 5
764 222
775 391
54 662
37 607
974 240
484 760
146 468
228 767
521 542
3 395
677 365
949 802
633 742
375 612
135 804
936 402
471 474
423 355 50
395 82 614
210 607 810
308 998 205
667 147 439
536 803 123
482 197 325
63 660 5
62 899 33
130 820 359
278 482 679
616 677 33
787 667 603
664 943 309
111 607 837
998 697 271
579 480 563
491 656 644
784 233 80
665 881 508
293 111 20
347 598 440
59 178 342
217 175 971
42 498 283
88 7 183
307 38 439
165 110 679
816 252 335
559 744 253
574 493 81
430 323 240
187 480 454
739 497 752
853 360 917
193 667 986
543 76 642
329 628 360
656 809 596
641 277 405
986 397 707
362 282 35
214 502 232
289 492 136
673 640 196
359 615 18
937 578 828
135 560 556
141 766 89
706 694 234
685 958 747
383 45 921
381 700 913
912 58 620
822 958 711
169 522 174
302 539 438
30 855 679
802 879 410
227 381 537
482 1 672
253 500 751
168 712 690
807 540 551
73 119 949
855 201 261
542 33 668
957 108 292
836 614 213
546 106 691
846 397 578
819 182 970
670 222 701
607 355 491
890 198 951
94 923 150
101 837 920
270 22 424
678 462 475
530 326 65
673 644 542
368 158 809
28 723 263
128 315 476
809 750 617
37 322 834
531 788 322
88 563 582
195 686 248
397 314 986
906 437 217
106 448 529
75 943 836
709 831 263
658 129 166
909 504 642
343 926 862
186 599 767
547 922 637
661 248 6
461 736 556
802 634 533
946 459 252
446 504 733
643 838 222
445 806 794
260 589 556
833 373 113
289 681 290
248 365 534
756 947 414
260 750 722
466 835 768
292 712 45
212 689 679
525 168 590
716 879 137
578 454 970
107 170 209
333 257 461
296 466 615
374 988 479
984 963 486
219 61 723
385 979 246
741 237 644
536 300 36
147 820 856
746 650 206
293 762 147
704 471 621
590 264 512
708 781 205
329 993 785
771 526 108
548 135 81
430 946 369
217 398 289
267 436 527
741 634 986
304 755 919
483 565 684
807 115 224
660 249 151
477 288 52
877 457 27
109 611 171
575 939 920
95 944 385
447 237 885
969 945 925
61 487 636
870 381 56
359 784 964
817 212 889
346 761 845
74 635 658
854 461 370
516 729 976
337 63 180
400 427 334
251 782 640
68 491 670
215 213 312
189 133 505
767 261 596
950 68 135
901 671 900
757 293 145
174 897 852
986 672 500
563 542 217
822 493 803
904 369 283
510 706 106
375 504 973
92 645 97
982 585 758
195 72 213
740 410 837
383 880 460
351 898 277
403 822 773
527 64 513
820 609 573
522 54 359
206 161 596
897 130 14
81 473 365
570 149 884
255 365 838
751 93 456
235 469 400
699 68 890
619 351 987
86 651 401
268 737 9
48 818 383
597 625 774
91 499 369
215 402 984
507 311 71
628 556 216
248 345 591
569 96 115
536 174 266
558 227 877
429 159 288
584 686 698
16 919 960
420 42 646
110 953 345
832 156 376
275 618 111
215 22 76
783 201 263
883 538 856
58 138 294
71 401 844
744 9 180
819 71 607
413 730 672
360 516 44
670 511 147
288 219 576
960 491 489
931 546 474
315 176 165
517 545 306
272 556 321
963 808 906
668 309 189
571 52 141
65 492 82
271 530 807
176 430 350
774 856 233
659 24 106
978 182 126
820 751 775
697 243 562
770 410 137
115 931 529
692 166 450
583 820 786
710 518 471
829 186 81
405 181 291
119 898 936
506 380 490
713 276 339
65 92 345
958 134 595
560 531 832
744 709 639
581 551 232
957 27 437
905 605 818
543 862 812
33 38 610
255 499 227
82 785 742
825 82 856
908 998 817
336 922 438
469 57 106
601 821 293
903 356 418
19 650 345
457 625 784
252 619 910
974 878 222
757 756 677
510 699 706
87 396 205
557 402 722
269 390 684
449 4 792
830 347 381
548 505 45
215 859 475
880 141 239
14 728 698
594 736 413
685 747 428
357 272 767
992 51 31
750 296 264
98 658 432
993 112 695
173 289 843
304 601 421
63 690 797
826 424 823
868 5 361
484 584 758
265 933 931
13 214 850
568 256 15
545 397 952
500 644 40
256 264 359
522 628 963
666 762 419
415 266 766
737 295 638
463 872 642
544 276 686
378 834 762
466 642 450
99 315 585
305 698 965
605 779 663
249 788 844
891 815 254
323 919 723
408 627 98
751 784 547
860 888 760
370 209 960
718 515 319
239 815 398
300 157 967
248 804 508
980 430 482
365 475 423
850 172 136
658 573 36
653 294 278
221 83 759
992 194 788
329 476 872
888 863 89
878 282 438
840 959 774
374 610 770
92 182 195
383 765 865
231 871 478
455 267 683
682 663 67
904 611 706
510 117 320
642 565 939
159 555 328
280 23 716
359 52 578
57 797 700
594 582 587
862 911 754
248 776 570
925 577 346
523 777 832
336 348 789
781 785 870
507 144 522
927 541 300
350 572 562
958 910 664
391 609 825
463 226 972
126 28 768
804 592 728
410 264 584
915 683 510
8 386 722
49 267 174
716 206 644
350 705 791
536 99 604
373 44 503
632 200 185
812 205 983
141 490 750
693 802 69
64 765 501
168 50 780
727 161 114
270 276 517
947 908 36
985 781 664
325 256 185
635 107 605
426 269 311
50 256 988
900 50 450
103 250 578
815 694 359
658 248 814
292 253 784
530 856 933
746 330 242
61 751 454
511 841 805
537 495 528
244 627 186
497 357 523
780 536 968
983 179 223
41 236 11
983 702 47
585 264 53
575 294 757
722 212 402
698 635 907
313 701 349
105 726 155
664 558 311
125 409 966
610 384 624
547 151 491
943 987 233
835 615 992
607 750 985
516 872 124
995 378 76
980 8 145
59 540 253
849 303 661
60 700 522
452 702 774
537 669 23
428 680 572
931 504 831
940 915 757
977 492 173
712 557 22
104 27 219
380 859 897
999 81 542
387 285 913
923 934 972
723 324 927
752 602 503
742 877 676
393 947 374
10 595 781
899 802 452
174 206 487
850 604 842
96 583 315
317 132 813
997 784 681
345 256 211
281 942 616
424 507 424
794 328 568
709 604 498
467 876 954
978 934 277
198 749 406
565 466 395
524 263 519
158 855 301
681 925 716
965 45 323
427 9 44
985 912 865
231 279 112
376 348 466
762 917 856
423 623 688
600 994 692
409 23 244
479 432 603
249 763 443
157 430 21
253 805 149
707 817 720
251 377 693
720 935 122
857 89 869
802 46 833
879 557 356
871 774 815
176 610 694
680 948 636
612 21 289
303 547 8
752 801 524
571 982 265
507 30 145
126 639 929
969 401 891
498 152 58
581 438 941
215 343 127
650 155 165
961 540 648
974 28 87
258 646 430
891 290 126
259 818 664
585 641 106
372 305 873
30 471 148
352 357 895
153 798 157
942 108 860
560 884 298
272 961 933
677 868 701
123 51 150
700 894 449
523 992 817
53 508 369
357 824 433
281 828 954
728 730 158
224 407 342
189 341 433
307 160 309
419 500 144
727 996 407
309 653 870
606 160 798
25 746 382
530 242 703
927 969 901
502 420 344
468 765 424
537 800 309
227 992 761
793 197 103
169 534 2
379 136 410
896 537 973
676 108 182
656 705 883
447 872 162
826 962 652
395 333 754
508 503 750
249 452 933
464 507 968
628 956 36
151 822 832
823 497 404
495 282 303
843 28 555
852 212 108
582 170 204
906 233 779
178 236 77
196 455 847
773 566 839
418 70 236
140 226 610
290 649 554
728 267 506
785 674 391
971 874 463
179 226 282
521 509 831
494 709 109
881 653 408
728 100 602
601 494 246
945 357 91
88 282 486
855 499 813
160 937 512
868 486 927
722 440 245
871 429 487
968 137 940
979 225 176
693 57 717
676 705 483
47 570 428
502 206 384
292 546 569
681 752 254
656 604 309
611 616 807
278 910 550
650 563 625
879 738 16
345 14 899
187 750 134
121 320 736
395 527 435
870 519 317
559 806 141
657 916 251
334 982 17
895 157 773
927 211 260
887 622 233
471 532 799
187 517 94
318 515 905
860 817 960
16 543 476
864 612 933
670 213 985
441 360 62
848 264 236
396 512 442
726 903 696
955 757 140
481 551 434
101 424 122
543 701 764
531 901 989
181 830 423
176 489 340
108 479 646
819 634 280
292 821 174
60 846 616
416 752 924
327 396 235
273 214 371
935 784 548
935 900 876
556 160 66
143 703 729
193 131 914
80 46 562
580 15 620
44 894 342
682 495 867
135 212 42
887 773 210
141 971 518
728 267 125
775 737 601
119 683 517
459 148 918
151 694 411
891 424 378
356 163 68
602 639 721
955 469 797
54 916 772
581 424 42
55 752 834
479 93 852
87 987 366
998 743 753
434 532 787
950 380 872
960 745 769
396 736 857
424 808 260
108 800 899
414 873 814
61 138 457
912 565 281
935 906 394
684 744 874
473 589 859
184 709 727
18 738 926
956 915 493
840 315 481
75 926 271
752 737 992
745 805 334
531 797 895
648 299 226
143 894 429
591 161 93
810 365 748
408 380 815
552 914 164
288 801 210
661 365 435
185 317 140
905 567 653
438 18 580
209 283 102
236 115 234
110 275 1
580 261 81
158 86 724
952 687 347
142 746 605
801 333 893
578 331 860
565 267 600
291 352 711
709 837 70
213 250 701
342 605 437
978 730 855
299 649 245
290 849 808
715 537 693
765 25 748
12 109 59
137 426 642
950 569 822
416 157 373
265 412 394
679 841 172
576 404 990
882 264 870
806 357 664
504 766 723
83 348 367
155 656 340
125 965 900
507 318 166
983 347 134
17 313 676
475 852 103
265 245 505
565 329 243
265 552 603
515 352 24
225 603 525
679 468 699
143 570 325
435 844 107
454 475 744
496 244 364
317 620 411
522 876 960
604 587 852
27 599 901
685 95 80
243 197 105
496 63 756
724 681 753
501 904 457
605 214 357
954 807 621
869 825 994
521 962 979
148 909 88
754 753 319
34 993 564
421 241 999
817 407 982
802 135 455
832 297 314
817 446 792
789 883 966
525 239 299
570 775 272
195 582 129
102 740 708
115 526 968
188 17 296
954 461 255
299 108 23
128 781 332
105 414 905
899 994 159
653 528 955
787 690 786
365 571 346
774 704 706
108 192 327
926 885 81
817 727 742
307 382 460
954 145 929
570 33 893
821 287 301
82 219 841
381 328 891
983 510 334
183 456 954
679 857 849
263 441 994
604 313 428
907 631 732
668 365 944
77 39 540
174 872 858
716 917 621
673 607 566
728 574 743
685 770 870
110 936 230
152 765 840
332 486 336
645 23 101
202 388 990
125 998 473
400 88 107
116 308 559
610 106 586
140 573 382
861 655 993
250 35 450
951 28 323
811 329 878
720 684 83
162 613 292
655 833 143
348 291 852
673 254 890
430 721 973
458 695 797
601 859 207
611 397 439
546 964 570
952 12 430
830 920 436
471 190 283
105 885 176
383 784 227
432 651 603
421 901 671
672 953 934
940 776 331
957 234 658
499 608 987
140 294 630
266 210 562
638 778 547
296 83 364
819 505 45
647 609 896
192 804 407
796 641 229
429 714 622
338 264 323
308 246 750
188 824 998
851 891 807
656 181 518
546 442 659
776 540 689
650 739 326
60 842 513
909 860 72
646 542 195
938 982 616
110 187 841
792 335 796
679 3 431
455 818 98
772 949 126
740 452 528
967 863 261
789 380 307
524 461 728
189 876 90
147 896 338
578 330 891
345 795 111
967 592 390
399 869 587
880 383 107
719 86 666
661 150 804
923 421 991
950 187 322
751 354 62
907 618 47
605 369 76
529 576 15
724 842 26
951 659 627
627 842 389
145 370 391
843 164 138
794 830 248
779 674 585
313 984 761
910 17 469
286 309 26
280 950 853
931 301 394
541 612 189
980 221 304
660 857 899
633 809 685
796 149 430
709 65 935
959 638 337
787 812 559
107 7 17
900 952 66
636 488 691
935 765 672
686 828 734
34 478 815
38 16 344
752 745 136
581 650 790
627 836 299
266 153 374
412 167 78
328 576 925
62 302 508
877 114 407
553 317 6
402 773 559
482 922 997
405 529 7
909 928 474
86 252 916
776 688 479
262 124 165
283 158 4
188 973 464
717 359 393
683 355 12
394 827 989
402 705 465
8 257 768
791 857 118
601 324 964
856 981 389
615 102 345
558 687 777
532 154 326
685 492 311
109 841 341
70 662 885
883 663 495
133 910 730
950 400 507
284 223 466
949 667 106
669 953 134
448 455 818
869 959 881
954 117 648
134 742 688
949 243 963
799 636 234
443 713 988
523 241 185
834 317 649
767 501 468
57 454 285
104 183 636
981 400 969
351 742 500
123 913 558
65 250 307
789 445 491
360 213 87
6 754 889
364 253 302
853 546 957
688 151 297
954 227 853
863 100 895
31 780 73
623 754 183
720 784 78
695 915 11
84 142 562
248 988 403
964 229 723
720 859 645
446 386 948
729 958 666
535 249 298
744 580 393
820 834 634
643 898 634
234 797 764
254 623 78
599 569 945
736 759 112
815 159 114
247 402 30
596 574 127
266 184 63
848 383 232
591 900 539
512 182 310
254 385 964
427 766 428
888 732 845
684 146 614
183 828 649
800 597 412
237 750 551
170 160 866
518 497 369
725 691 372
998 529 398
692 718 515
140 434 981
904 119 266
764 619 431
962 833 668
214 988 504
134 195 745
530 963 866
535 396 78
745 894 959
298 520 359
341 311 149
905 949 4
187 269 237
359 55 814
675 330 988
156 456 841
989 407 635
