1000 1139 1000
519 595
480 808
601 439
802 959
958 451
694 850
470 575
337 853
57 170
239 88
368 924
207 430
761 283
176 78
498 651
901 543
821 370
678 476
844 11
722 120
669 460
330 95
960 247
313 493
817 119
820 235
559 348
196 305
423 552
137 860
691 408
539 185
777 846
86 760
99 998
148 813
735 971
96 416
65 155
693 206
875 844
647 332
49 964
970 329
749 43
682 281
122 894
30 566
125 190
548 683
325 689
309 56
660 31
598 343
652 29
362 294
423 748
370 814
925 940
391 501
64 465
392 39
97 944
675 932
456 146
68 589
424 474
365 839
636 608
545 737
81 856
753 758
307 311
890 70
653 212
40 828
46 267
457 893
4 610
78 388
815 144
511 63
823 112
916 389
7 545
769 427
572 822
957 82
706 679
569 985
651 619
460 97
883 487
136 703
668 532
755 140
554 30
811 110
199 65
533 73
123 550
867 964
79 72
58 106
628 694
351 578
225 328
245 258
501 219
95 301
51 842
764 803
372 4
67 357
960 442
618 890
489 893
385 204
950 398
70 819
794 946
404 654
316 330
167 196
584 108
215 544
139 659
620 513
983 533
407 948
819 38
31 497
626 71
878 777
300 59
122 51
327 322
28 479
818 162
319 931
753 793
878 166
165 629
111 784
131 410
473 559
144 344
643 976
276 834
829 606
640 297
347 933
966 896
487 862
355 178
994 508
406 801
810 829
178 648
856 132
183 467
349 823
213 573
632 36
586 883
763 958
41 609
168 724
839 33
281 811
371 105
159 157
23 728
721 549
766 502
15 61
650 701
836 325
899 621
670 506
323 306
285 124
18 577
225 848
193 422
896 228
155 473
849 369
462 507
218 450
991 153
13 337
877 326
451 990
922 325
482 855
955 74
920 360
974 817
704 229
171 945
247 442
114 795
154 396
812 969
934 445
756 874
943 791
854 756
136 740
87 690
492 773
246 869
914 693
803 13
395 833
35 527
680 727
813 899
367 892
464 623
949 696
132 871
308 203
424 10
117 321
324 711
615 84
200 183
160 861
732 556
798 461
564 671
242 882
252 646
683 943
774 753
476 393
804 884
43 910
374 41
119 870
958 754
89 865
110 20
654 21
311 458
435 947
763 903
130 741
19 571
441 381
569 935
203 720
142 176
388 699
126 107
905 197
497 616
112 992
587 165
915 277
383 773
703 740
776 512
972 947
327 589
400 249
440 402
561 489
444 510
196 667
27 382
174 458
671 830
746 289
528 531
54 553
928 271
646 417
384 826
233 242
173 232
68 327
298 761
202 475
865 872
340 722
460 812
490 548
881 604
859 494
917 241
269 50
557 807
761 585
727 630
204 856
359 80
217 312
784 386
254 176
421 106
157 714
128 300
153 993
429 919
710 94
594 336
414 824
266 423
426 827
33 75
558 58
264 916
181 677
957 464
449 528
346 154
3 44
428 441
662 280
120 999
809 505
348 631
954 837
260 288
942 8
175 302
757 353
150 211
219 657
56 163
278 14
516 243
158 772
807 868
782 960
853 750
663 985
277 747
489 457
345 752
847 975
147 526
907 218
359 923
254 142
277 220
767 383
272 978
415 380
566 909
994 851
911 226
975 900
845 419
44 53
578 628
795 269
296 223
786 429
681 443
644 316
688 521
756 920
244 198
304 574
921 135
705 191
623 857
104 358
503 523
506 838
780 345
814 248
491 713
288 158
363 889
622 852
669 335
10 987
333 557
36 802
410 928
501 45
981 379
320 24
937 766
305 667
932 279
79 668
516 570
868 612
592 496
921 178
354 670
492 676
674 256
893 774
75 511
120 200
335 460
656 593
152 421
989 303
405 995
284 180
701 644
973 596
474 425
71 113
187 16
602 143
611 139
524 867
714 864
222 167
898 209
664 955
624 49
40 214
575 434
948 991
853 607
324 492
648 454
965 989
303 650
507 495
628 850
129 395
17 89
621 26
145 334
938 485
713 490
625 781
943 333
522 555
865 192
720 642
496 184
177 598
792 19
514 319
446 849
540 491
510 986
827 114
605 8
104 649
674 759
434 28
723 515
135 37
22 507
589 213
358 40
565 738
344 470
512 954
399 841
258 563
707 64
526 539
791 333
432 354
687 764
447 737
74 597
912 384
209 645
780 752
799 414
686 285
124 820
89 872
415 912
537 540
19 519
585 283
571 519
646 666
998 983
830 449
675 217
513 669
302 244
702 168
964 9
175 926
251 432
526 185
969 97
26 567
182 194
520 211
455 710
988 635
162 678
733 673
52 420
766 397
173 816
944 165
990 494
781 765
465 399
282 433
841 469
426 114
645 480
616 121
53 177
689 66
750 411
793 758
233 412
239 418
986 854
900 634
12 997
35 783
936 561
863 522
582 374
64 639
18 923
384 266
887 962
738 825
154 572
486 356
383 481
369 933
702 724
331 662
241 136
613 876
717 927
672 294
424 115
45 219
918 259
959 99
83 55
61 391
433 46
134 534
36 599
817 870
787 788
783 173
238 660
439 637
916 293
2 256
851 282
381 472
974 925
350 118
150 520
699 25
179 405
834 586
666 732
807 612
612 897
665 787
786 376
985 898
25 799
730 663
103 901
24 359
398 54
456 324
729 127
921 37
224 134
450 210
154 719
486 216
4 535
613 488
312 392
138 130
454 15
318 426
343 227
243 22
588 250
84 695
93 42
946 225
379 778
300 137
534 404
237 984
660 497
422 5
394 125
831 237
156 509
125 76
50 96
650 644
895 252
34 951
929 100
600 131
402 708
951 614
683 581
882 206
988 902
438 944
679 965
857 641
164 346
560 744
237 918
917 136
997 554
544 794
418 805
889 549
897 851
672 362
937 656
221 342
206 287
515 562
128 832
115 858
73 687
759 613
869 746
898 645
850 199
285 284
477 138
493 686
251 580
559 504
232 913
634 952
944 587
294 697
640 406
764 13
819 576
301 643
714 32
663 569
697 129
107 937
881 600
447 7
933 950
622 647
384 188
109 12
583 538
227 674
341 3
231 182
314 949
992 591
261 525
979 846
596 702
564 268
844 873
758 34
880 351
514 931
992 652
187 371
825 390
993 779
847 221
91 161
387 320
976 374
334 601
412 242
287 261
478 456
289 611
591 731
603 446
291 81
633 622
257 930
247 726
768 220
751 295
99 929
942 605
75 63
684 263
22 988
230 866
575 28
517 675
191 911
733 257
619 254
908 444
492 767
203 103
299 716
788 615
163 718
647 69
696 684
982 974
996 156
321 847
722 579
652 591
286 208
19 47
939 27
960 996
971 372
562 922
888 953
279 352
682 811
658 524
421 558
472 705
928 123
908 431
610 739
229 172
121 246
473 504
870 148
420 790
394 76
538 60
141 530
896 368
26 253
497 121
49 658
781 317
63 810
219 204
555 717
441 705
942 122
922 836
475 660
98 903
888 477
67 195
747 768
530 341
413 35
910 265
22 462
862 636
302 387
806 166
777 979
820 79
213 245
843 778
976 582
912 255
436 977
359 905
995 126
876 757
32 377
189 789
16 706
386 755
452 655
396 719
355 921
270 907
689 770
411 207
877 664
186 970
448 428
427 292
80 18
6 831
775 680
292 551
240 115
739 665
382 231
743 91
1000 877
725 804
401 363
148 885
514 207
864 133
479 700
929 998
85 542
990 859
833 366
892 742
50 264
879 6
993 415
800 950
969 171
657 385
263 440
872 840
25 414
957 272
970 307
780 742
751 594
651 254
760 715
964 762
9 349
323 782
685 786
248 685
194 934
532 661
338 52
655 968
140 286
619 688
169 632
937 593
408 801
267 880
866 936
892 780
275 394
956 87
187 105
386 315
373 205
390 276
466 447
104 886
536 863
208 682
646 915
106 484
236 662
179 785
445 313
281 201
540 713
725 518
172 340
700 620
637 215
417 915
84 967
963 638
904 583
581 943
718 164
692 1
195 887
360 323
573 245
364 453
690 83
822 463
157 776
212 187
961 233
358 116
226 941
411 514
708 751
234 152
143 85
732 875
736 373
451 633
134 835
950 54
532 296
889 564
841 957
762 681
542 355
745 407
692 291
889 721
101 894
437 193
594 775
59 361
373 466
952 536
891 424
700 93
430 540
934 729
204 692
11 541
393 881
530 3
673 257
525 147
139 653
882 914
361 308
295 594
563 583
102 304
505 516
737 275
94 141
574 982
502 128
933 800
600 350
459 145
195 962
619 521
913 891
676 769
614 310
122 101
499 224
763 98
740 640
862 160
529 90
280 723
706 965
884 942
522 709
196 821
504 365
253 446
389 96
919 175
506 436
967 57
283 602
161 626
425 240
654 517
259 48
416 68
20 956
406 691
885 813
249 745
170 878
310 239
587 482
980 797
260 158
63 606
789 150
185 290
82 272
563 904
360 503
286 682
744 845
336 775
541 401
48 400
453 819
409 270
671 273
599 802
249 698
842 879
55 262
223 617
886 649
311 174
331 236
824 981
500 735
76 67
712 375
795 50
822 749
42 620
290 189
815 344
77 234
606 743
839 75
184 895
86 627
743 161
840 815
762 9
941 560
422 478
188 826
486 653
66 770
576 102
183 818
777 908
197 888
629 109
597 278
717 546
590 966
60 181
757 707
760 689
811 980
543 938
965 303
47 565
677 672
861 1000
300 860
528 459
92 939
265 763
902 452
48 906
231 796
468 880
871 409
262 202
968 151
332 186
418 455
609 498
614 418
771 77
778 318
435 972
509 499
356 216
801 314
702 309
659 486
354 471
212 16
551 104
626 917
484 364
339 23
634 734
176 388
878 806
311 2
852 403
335 378
108 483
765 222
128 712
297 406
927 592
138 179
10 339
20 274
686 435
483 331
71 917
930 584
38 576
267 468
274 956
325 86
924 251
630 733
805 455
39 437
357 195
772 771
731 230
567 253
550 809
90 117
963 413
337 750
848 973
728 725
366 624
748 625
392 62
315 755
837 588
940 817
430 537
770 298
716 792
713 548
453 618
205 466
133 32
808 260
977 92
419 111
97 438
278 590
938 367
911 560
210 736
253 603
529 149
211 17
892 529
553 798
379 843
34 614
828 159
832 712
413 547
909 730
369 347
250 338
897 994
223 704
151 963
641 500
790 299
475 238
461 169
980 110
44 598
118 568
962 448
541 370 968
232 5 248
733 316 812
393 383 934
479 526 595
965 304 858
908 336 236
98 743 581
104 119 889
944 398 445
16 797 652
550 405 961
892 973 367
797 938 915
347 980 690
813 826 505
728 462 883
227 825 516
685 995 994
351 962 81
611 838 798
731 477 903
399 677 707
153 317 992
918 647 251
413 553 630
773 389 470
592 434 631
204 977 168
35 554 820
191 310 437
478 513 840
887 530 899
556 730 842
895 394 164
363 642 868
611 661 441
840 356 306
703 109 966
331 538 54
697 129 525
789 900 428
522 560 297
282 675 726
483 238 561
163 782 706
249 342 268
603 729 270
610 992 391
852 378 879
452 678 609
976 14 462
663 523 691
806 386 450
895 211 376
162 347 384
26 680 270
847 265 127
538 614 626
361 861 117
680 631 640
45 151 186
430 674 848
150 482 853
807 223 766
717 849 38
108 114 457
608 518 305
329 220 172
407 998 557
291 816 374
802 375 489
952 964 172
597 49 681
134 129 889
140 915 729
32 233 494
922 788 680
487 606 926
600 166 930
92 801 724
865 265 780
448 558 487
296 874 56
999 501 919
305 303 257
279 615 36
698 474 621
391 757 518
450 545 471
356 387 81
969 221 624
44 12 12
530 146 471
35 148 168
107 155 246
684 926 961
390 451 687
575 583 447
54 608 883
132 475 81
746 749 912
808 556 661
735 700 449
194 245 41
620 900 310
829 186 147
607 895 672
629 943 87
166 62 768
159 881 628
898 567 9
380 432 204
365 978 648
525 55 297
820 280 409
954 646 347
52 974 269
419 270 288
362 79 938
22 159 381
5 873 471
505 21 770
726 485 218
657 581 864
893 208 414
554 324 1000
765 100 879
192 589 984
602 126 246
438 421 455
375 260 555
432 183 971
470 949 480
197 587 683
718 158 789
282 108 477
545 945 628
239 8 403
5 93 490
21 744 131
651 585 992
389 689 592
181 460 124
127 750 460
735 626 13
259 828 602
972 739 13
209 856 149
29 90 806
303 473 485
369 514 581
983 688 804
363 665 589
1 129 437
370 250 239
20 947 79
607 450 686
365 695 544
226 261 348
902 315 818
507 614 823
163 973 502
811 491 885
914 125 573
678 299 125
130 562 196
178 376 626
702 934 965
649 751 289
525 809 508
962 860 465
198 635 249
804 733 647
185 879 505
981 176 12
68 240 95
157 202 310
849 500 749
814 553 559
868 495 264
984 919 943
832 938 792
269 326 702
793 496 731
306 553 48
421 615 251
969 86 799
791 306 626
153 697 543
537 648 785
565 696 43
633 305 612
586 103 638
845 818 603
432 105 447
671 58 303
648 934 566
412 891 564
572 559 315
144 110 417
282 38 116
382 734 159
557 368 160
633 35 889
284 127 664
177 135 909
840 47 409
801 372 240
956 702 889
253 373 598
715 949 494
148 403 733
317 351 365
328 944 130
952 44 360
895 715 219
133 367 593
212 289 784
768 310 380
864 815 30
163 542 134
357 105 438
126 998 693
901 905 496
937 245 305
612 220 251
426 204 251
40 244 23
482 462 995
649 195 911
838 475 918
929 98 969
494 123 189
188 179 955
25 240 173
886 750 725
388 720 115
454 525 556
564 968 715
961 132 847
590 341 165
365 152 82
174 389 356
912 159 424
75 550 89
449 999 530
705 548 668
846 455 391
614 349 820
641 855 203
472 520 800
250 901 946
993 358 456
502 148 485
82 797 92
901 334 326
600 918 645
170 824 292
509 885 281
934 138 929
221 995 794
838 387 29
238 452 178
512 85 29
357 262 858
556 239 767
206 635 920
225 933 452
668 156 865
255 843 666
620 353 495
310 607 820
454 976 671
784 840 22
276 873 385
99 768 952
588 805 896
12 359 494
186 849 941
737 757 312
570 334 362
718 489 276
549 933 821
50 276 801
342 501 398
171 356 473
250 624 526
26 808 74
669 572 139
255 335 847
276 822 337
599 67 104
235 129 90
676 261 53
490 571 896
338 710 571
516 671 202
639 198 255
573 565 474
12 572 97
769 315 885
653 95 611
49 362 282
484 752 243
872 932 767
189 686 190
350 338 71
497 66 135
380 905 377
449 647 412
328 334 374
58 48 474
553 930 546
410 475 339
259 555 413
489 763 499
365 226 24
785 494 934
269 869 518
101 593 618
227 214 771
81 419 343
55 926 927
463 63 753
936 762 651
131 118 887
462 378 903
365 717 401
779 868 502
650 491 628
221 412 213
78 416 44
851 518 118
904 795 962
201 250 261
991 813 451
187 755 49
296 786 912
853 374 30
585 725 966
725 645 387
965 89 284
347 632 409
845 705 286
696 672 403
237 476 662
957 79 687
67 157 719
795 483 463
908 949 467
278 847 811
277 923 976
369 762 398
98 662 792
654 762 999
897 632 882
365 893 42
60 362 982
239 973 95
71 575 476
787 998 209
487 216 729
583 174 566
710 195 752
993 328 358
592 829 324
85 175 915
721 992 33
907 323 397
402 133 28
163 802 928
286 321 692
695 450 861
698 400 114
190 348 231
726 695 592
91 373 282
716 713 223
115 548 481
388 400 818
266 383 538
421 793 911
751 113 57
371 521 743
883 426 268
929 517 768
298 438 62
247 546 352
629 127 333
879 712 242
847 106 459
240 409 308
984 121 27
967 638 973
985 958 80
111 700 408
287 657 914
944 425 291
501 574 905
568 97 89
685 808 463
363 55 740
336 502 980
855 254 278
71 320 845
37 772 410
437 314 367
534 386 746
692 959 500
719 660 613
540 389 375
691 846 732
858 913 416
870 66 264
940 242 530
504 627 181
37 416 951
589 770 130
204 793 567
294 125 788
102 191 198
140 787 758
654 996 738
492 627 584
324 933 402
553 222 432
219 825 437
442 481 112
602 17 785
474 897 807
301 969 83
141 427 949
307 205 281
728 630 717
922 620 975
234 607 598
348 976 780
672 578 59
535 621 770
31 744 401
698 619 772
627 554 987
29 644 134
119 626 426
246 104 153
69 676 4
119 542 183
488 933 978
843 917 623
765 485 584
388 740 763
915 720 726
825 672 843
301 640 139
95 619 962
72 767 471
343 654 572
535 792 933
377 203 264
551 554 115
906 841 859
624 70 178
399 719 859
536 205 306
282 576 482
71 498 456
510 304 929
792 833 603
345 186 813
239 6 450
382 819 867
412 759 321
523 980 947
518 60 801
739 550 438
343 331 726
606 704 245
73 99 810
18 819 403
640 265 381
561 101 557
419 535 156
94 647 898
901 772 692
574 669 589
945 991 274
638 731 718
881 824 676
295 19 553
801 966 679
138 453 569
361 691 75
572 403 307
703 628 70
638 928 855
160 199 156
106 802 722
509 77 128
311 514 599
399 891 863
295 628 18
185 821 677
971 888 693
531 798 12
852 398 987
421 946 195
415 848 215
602 625 412
272 721 678
247 166 247
153 484 446
112 712 155
969 587 38
461 597 18
766 306 402
650 41 483
194 72 642
580 68 580
905 447 978
585 241 196
996 498 201
709 980 941
993 810 242
140 798 281
294 871 967
328 253 897
800 688 417
757 195 295
536 696 949
774 90 946
71 373 763
511 302 462
598 228 263
710 493 503
486 448 673
204 115 657
386 380 2
350 661 203
393 529 221
47 85 491
149 987 639
480 994 39
956 741 445
446 40 576
422 681 398
820 915 973
104 495 107
260 456 123
250 876 776
743 98 616
929 214 709
625 525 71
495 810 177
461 539 453
976 432 235
651 171 928
455 107 973
892 653 212
173 396 199
339 366 753
5 827 51
521 836 210
974 463 812
948 289 970
853 678 210
523 180 601
367 74 240
435 326 574
613 73 405
809 938 854
326 971 890
432 634 38
356 619 525
38 248 83
630 354 715
643 573 332
157 562 411
343 882 853
387 637 35
104 24 919
434 548 427
481 795 805
13 569 34
874 538 802
977 80 16
447 386 711
652 336 49
699 245 346
312 200 125
381 279 800
848 469 187
354 568 776
109 414 866
265 870 317
330 336 44
662 354 890
970 298 554
443 266 276
236 825 750
849 862 370
530 35 790
640 662 495
553 713 280
695 528 631
685 519 237
326 539 346
950 919 325
371 332 860
540 450 155
600 92 412
36 153 538
98 81 768
54 597 550
485 630 360
638 958 406
559 287 96
186 428 710
272 470 377
739 639 251
944 598 537
700 161 38
246 14 368
657 575 482
75 334 95
994 564 796
876 975 581
540 305 210
276 731 732
397 355 573
542 339 954
793 138 865
566 321 1000
89 972 953
277 850 28
844 808 480
433 107 497
993 91 424
18 651 813
336 441 25
387 897 742
874 644 900
929 652 304
780 620 153
108 436 244
53 110 589
342 713 132
973 443 395
940 274 245
576 423 807
283 162 464
640 858 667
67 182 634
985 440 559
808 121 446
874 176 415
87 792 571
540 709 787
54 771 125
636 433 881
262 637 373
454 568 841
621 293 24
886 296 661
439 590 493
683 526 892
162 353 75
129 377 680
881 86 726
462 196 207
952 100 958
968 677 580
980 941 677
41 850 656
144 742 596
904 605 62
140 813 985
525 509 440
843 63 211
295 579 1000
811 816 510
621 299 956
14 542 434
834 981 846
888 827 216
452 203 537
21 407 559
316 404 14
222 534 714
268 682 955
486 733 715
36 154 873
407 554 230
231 233 259
153 828 817
527 644 15
752 226 627
498 154 693
341 82 881
277 842 384
560 849 523
594 473 966
264 819 775
462 664 240
340 427 833
422 496 17
588 758 22
568 120 850
668 837 470
642 661 687
593 979 594
479 14 419
402 473 903
262 500 307
149 958 272
7 372 350
356 439 575
915 970 916
357 69 105
856 557 635
396 535 959
612 960 15
485 505 188
511 753 828
780 625 352
782 533 495
155 447 536
216 168 796
7 584 932
149 81 747
504 300 239
9 382 328
524 4 661
561 506 201
608 961 219
404 170 268
669 621 142
892 383 6
1 518 439
347 79 11
987 515 315
268 857 11
324 821 599
37 38 625
49 675 76
866 564 305
345 282 621
89 359 187
175 422 893
571 200 262
289 602 38
706 466 386
838 350 831
262 895 56
90 431 782
210 72 403
244 746 575
445 629 61
80 991 643
872 732 292
342 102 229
610 114 936
483 565 301
500 509 566
264 701 488
69 868 994
982 695 735
20 540 799
241 591 218
802 233 437
184 979 23
888 727 27
339 992 470
937 779 129
100 784 209
375 637 988
887 575 507
351 723 117
523 528 488
938 753 497
306 697 213
987 565 521
34 732 975
917 794 949
349 695 291
98 652 346
574 824 61
8 49 856
728 58 5
847 492 755
781 198 355
61 866 236
126 49 61
644 209 778
635 506 229
626 881 128
561 535 378
898 397 450
113 658 503
467 527 613
128 819 512
894 331 189
720 672 458
369 567 293
273 294 740
623 426 188
822 529 870
521 96 827
869 634 998
242 723 242
374 453 31
681 873 225
808 321 698
620 421 729
404 470 311
765 637 964
805 943 867
397 191 993
896 366 883
926 387 341
315 891 50
352 705 843
677 409 798
472 165 860
581 981 399
188 153 471
3 575 716
748 793 79
536 120 304
244 552 563
426 497 97
278 588 292
824 942 617
86 462 51
288 569 280
49 847 47
557 336 736
535 787 784
960 563 336
997 89 874
747 765 760
848 775 835
7 719 853
148 203 483
296 805 948
95 666 697
309 711 844
621 41 38
915 901 104
522 911 28
701 35 863
462 368 813
852 676 207
367 711 209
485 501 345
151 585 135
280 157 457
204 797 674
523 293 152
308 820 941
945 91 223
922 794 167
888 968 890
608 153 716
224 38 7
560 121 752
245 484 639
289 929 684
348 21 300
678 781 134
579 995 891
62 683 842
507 984 915
912 532 718
289 602 55
832 681 38
847 74 90
907 543 100
137 194 36
866 814 462
118 679 976
421 273 1
319 200 721
686 685 991
464 776 934
354 491 154
881 650 830
443 902 406
966 618 319
226 412 455
272 722 495
427 187 754
886 77 904
700 302 524
614 390 6
168 161 888
382 717 545
26 80 670
551 611 112
339 478 931
590 675 763
170 667 666
6 35 485
101 499 858
3 650 726
257 188 227
534 733 744
135 606 945
139 224 717
808 335 17
471 210 511
812 566 313
102 692 985
52 391 39
201 611 662
366 719 846
237 687 977
524 282 982
619 269 301
747 78 9
508 119 313
395 24 742
941 353 662
670 890 473
632 370 433
381 434 871
297 323 89
145 227 145
408 752 674
641 703 890
463 701 192
394 790 243
727 142 177
768 531 364
270 14 88
712 685 156
400 111 883
694 446 552
309 596 578
570 681 425
151 368 782
454 750 132
562 738 715
954 671 858
594 297 611
621 81 574
75 794 361
920 880 1
670 935 616
590 124 288
371 481 871
390 434 580
306 603 148
402 461 57
768 800 32
98 428 510
32 40 289
552 105 107
677 630 417
894 204 698
470 647 531
228 490 467
481 474 318
207 279 343
619 608 869
539 916 927
366 98 708
579 382 649
681 565 488
814 310 545
893 483 350
993 393 624
149 481 186
818 706 269
995 631 9
152 848 407
621 966 718
817 785 619
430 269 891
776 751 580
704 535 293
842 179 936
169 261 598
752 639 464
562 984 551
262 857 206
905 499 278
186 578 401
929 426 11
15 610 340
504 818 5
576 544 240
799 842 844
730 913 68
898 33 623
274 719 567
854 400 443
291 482 846
692 105 395
253 489 228
