1 10
-1000000 -1000000 1000000 1000000
-100000 -100000
100000 100000
1000
-7239 -194964
147795 101094
-182775 -135900
63955 121469
-99208 -36658
170793 108422
-80120 -172556
92538 126224
-191989 -43906
69760 171871
-30893 -29426
135347 80124
-105247 -189258
184457 166526
-145823 -2433
2602 160766
-138141 -25972
38127 150398
-1044 -193827
96604 102082
-189497 -100253
127191 67397
-79290 -142527
13566 146818
-81312 -144190
153474 10416
-109460 -185117
25626 88820
-17565 -87618
109949 137172
-174974 -36298
137729 112551
-9962 -113115
93059 102945
-194974 -11007
88740 189663
-15851 -57381
91 143020
-110162 -168052
87758 140748
-121747 -64385
150499 41231
-142859 -104118
8264 103214
-32525 -33335
57455 118213
-42147 -7498
6475 122273
-174783 -52109
136883 26623
-56624 -42667
99952 152712
-104268 -72476
86561 27132
-105031 -87341
175363 101409
-130271 -26778
69104 52950
-43836 -146041
20624 4457
-77330 -149272
43229 5168
-72558 -192389
155502 49704
-123672 -47341
109992 19474
-100725 -53207
1405 137033
-108746 -77904
34754 87967
-10624 -13776
86534 137207
-9843 -140896
40153 155638
-112816 -53679
124138 60777
-134055 -63057
144555 167367
-55840 -79524
73135 100056
-153381 -52423
94369 110216
-25662 -54105
67990 95775
-16258 -134409
51814 29834
-32959 -99794
86399 65438
-178925 -42803
30606 126552
-85582 -91740
45202 154744
-150801 -92547
27928 116846
-56008 -6640
68025 28152
-134543 -9389
63594 162395
-14741 -160206
105386 58674
-111492 -103911
196295 84289
-50273 -17362
66923 9782
-136576 -102108
133241 97530
-20637 -95069
139473 105532
-177622 -44348
76100 167402
-77357 -33630
84069 144125
-166392 -11899
154984 147664
-193663 -181134
114955 60369
-128252 -178066
4571 38338
-24789 -178526
46455 71494
-103887 -161366
70654 179696
-187683 -197435
158217 10127
-95382 -165305
128154 161406
-94470 -172740
142450 12222
-113025 -60861
85094 97434
-115108 -106688
42335 49
-34523 -43360
178115 46906
-154510 -59313
106410 151659
-68645 -131308
71257 177065
-85719 -56328
105456 156563
-82032 -181102
46158 33609
-27079 -49412
16815 115698
-186869 -140104
80297 101909
-170953 -101977
54663 49722
-176283 -5475
62300 159867
-88475 -130793
64989 95800
-46 -30031
40729 63335
-180102 -85766
133132 146185
-93117 -135045
142632 106379
-177924 -193107
193879 159447
-11554 -37703
60320 1264
-149014 -182508
139106 42072
-198062 -125296
71000 1406
-102794 -159448
137611 135989
-675 -102841
138482 178340
-148386 -53688
138356 71613
-94919 -114414
92479 80988
-32476 -72842
16543 86357
-185289 -44031
173462 76863
-153976 -134303
140401 112567
-158938 -24948
15604 11401
-125521 -134643
89605 153215
-141357 -199108
147204 28086
-173212 -89743
122933 12649
-106363 -68130
186117 15411
-171142 -11750
144219 2659
-193388 -156431
109266 44769
-115575 -147364
27688 176757
-84753 -74512
190845 170382
-149315 -83185
117708 80450
-164375 -90672
146675 64911
-122440 -137586
194284 69607
-187893 -101714
86536 107489
-89852 -159035
11623 157844
-197388 -156151
96486 47979
-175265 -112963
139614 51263
-178356 -132929
183886 57548
-134913 -127671
108746 101593
-106406 -99288
163126 55420
-74973 -101757
196530 84498
-8013 -62865
105189 10154
-104913 -170776
73073 116813
-35208 -102301
111825 96648
-52089 -83384
183687 51439
-163924 -103356
168973 94661
-3745 -98837
1874 77719
-139772 -183063
115180 92090
-23412 -14744
49479 38798
-151048 -104336
51977 154668
-1430 -55961
168827 52139
-51212 -36639
7065 80652
-140820 -176213
120432 190752
-114587 -104744
196419 16493
-105788 -191244
25693 125382
-182529 -45559
66785 140873
-20328 -78851
143902 116264
-1979 -44287
26841 195879
-151983 -3409
87040 122757
-69502 -76106
147682 94106
-188054 -10322
12022 195203
-188305 -175552
160294 135530
-11998 -167003
114527 185987
-146051 -194528
53710 108401
-48246 -39290
43511 197612
-79421 -50226
73453 197442
-79801 -104314
19579 87583
-18311 -149304
167464 94350
-110448 -79276
72262 106575
-157895 -171663
188424 32555
-181458 -169894
162668 102950
-188650 -419
160290 16378
-58921 -36896
39966 130890
-71668 -11252
84433 113420
-198998 -151470
26315 31101
-74548 -90220
157593 193779
-99646 -57907
97519 29854
-137590 -130452
26743 85942
-84019 -191959
7621 189411
-67122 -145580
144613 95000
-47021 -198954
189794 184580
-174912 -118690
56929 1315
-167584 -46820
190049 10334
-195888 -115043
27050 147641
-22504 -168445
28192 51658
-62399 -33005
175036 54935
-28564 -19329
35091 109746
-68165 -95687
32448 179704
-108628 -115187
93213 22241
-176444 -83540
196729 77231
-112435 -16937
68019 186777
-138493 -181233
177412 95069
-126183 -33908
133086 5604
-12371 -188583
119177 35210
-127955 -40936
190467 154268
-66028 -69031
142871 22914
-27754 -47567
68893 36083
-86685 -77109
105953 192711
-20512 -72031
146736 173973
-3869 -159006
134175 124148
-70248 -130053
8453 67260
-170441 -82620
3533 127631
-191013 -98396
159662 194000
-55997 -129952
22481 102532
-134295 -83752
39139 91374
-115916 -93891
34077 72181
-26757 -9339
158744 180814
-95039 -30626
166410 92918
-112733 -38198
6270 101953
-43327 -83174
145519 9803
-69108 -34340
35708 105180
-192288 -125105
118232 58189
-123348 -126583
179526 84460
-43358 -112175
78486 140692
-78495 -70116
26346 164319
-142763 -46445
42445 119846
-178202 -128407
188420 48716
-14391 -21529
144130 133938
-33792 -156410
45574 106927
-34884 -98991
174426 163806
-151734 -158233
56682 81040
-178269 -68003
188970 135168
-173425 -129674
23880 15316
-64838 -189099
82495 66326
-157869 -115951
189609 70914
-68059 -45171
198419 133738
-159335 -174763
126246 43992
-65112 -67130
101727 100671
-91200 -16846
115150 158409
-179335 -69468
857 104119
-153476 -152760
58142 151827
-54758 -91225
119913 140637
-61360 -85538
69291 109521
-156741 -2330
22907 194799
-34119 -188987
143883 149153
-23086 -99232
11010 172699
-68893 -114287
143334 53249
-115543 -48228
199013 71280
-176893 -141929
166846 184244
-75120 -31651
82811 86759
-76631 -9391
188278 79191
-198922 -33372
104730 11184
-39662 -33041
194816 175703
-51599 -62749
150053 5825
-13836 -120492
158369 93387
-35333 -129379
128692 157381
-58376 -12226
83212 22626
-163526 -6407
184201 93112
-100608 -40156
53560 172479
-89248 -99530
67429 85380
-138918 -128911
135429 189334
-77751 -63428
143169 85482
-94042 -91588
106122 101538
-141082 -129376
185488 161903
-15470 -72368
48313 195789
-111100 -51907
35025 32514
-67918 -11708
88761 88586
-98945 -157167
41012 83279
-127387 -37863
25797 103530
-83899 -5138
30362 168967
-129496 -177942
19772 136485
-101613 -143489
111232 5259
-198953 -189995
85188 159546
-80851 -182964
132417 120213
-64112 -148770
21152 21177
-168454 -163058
126168 189254
-107216 -168752
153199 151966
-79068 -191116
158033 183561
-152866 -8564
175036 177805
-16936 -127389
82616 86268
-154187 -88800
55325 94893
-184894 -35038
143281 187742
-191082 -121917
115026 91522
-119224 -32446
198802 41193
-79752 -99351
36622 152000
-137350 -158821
159704 194655
-27541 -90216
182395 134740
-51903 -117389
120900 192101
-113007 -6090
85960 176225
-36034 -170812
107272 156330
-25059 -100026
67527 149387
-9420 -144284
83454 193419
-127493 -162083
79096 120077
-85269 -64843
172031 165890
-172282 -185721
96890 154425
-53475 -24185
169724 144880
-78896 -39392
189796 182773
-60898 -114930
112133 97067
-26457 -158869
96848 179660
-99833 -108788
129129 107391
-172533 -27325
34920 135314
-98797 -130712
83567 6950
-111535 -71079
104735 107546
-147575 -37921
122686 1547
-15680 -99381
112778 112482
-63362 -149490
91642 24910
-68341 -89819
1392 115579
-49941 -168174
131590 57610
-7076 -22473
173904 166510
-99450 -105873
150137 57470
-107895 -10985
151093 54872
-16491 -128380
172239 868
-86650 -105082
72517 12105
-162985 -22923
14346 91248
-66084 -31326
499 142828
-199563 -116025
61501 59178
-174312 -79549
14577 35404
-180037 -146673
42341 91803
-126236 -160843
110777 120523
-78609 -142727
152191 10104
-177791 -38170
65996 151797
-156955 -13686
154988 80342
-49740 -23039
60935 82576
-58245 -122214
198237 49525
-115071 -105468
147859 139903
-168294 -168019
71139 117289
-35099 -94530
89832 109005
-153801 -113708
175211 169112
-79091 -4502
181812 41206
-151362 -36046
68003 63888
-53536 -1102
3772 128939
-21536 -184693
109839 2009
-130999 -9517
22463 184787
-170836 -172204
133267 93602
-70303 -5934
7446 150188
-80700 -24104
171393 182657
-176137 -159792
131251 153204
-182909 -127499
198488 199254
-144719 -109355
105952 2259
-68642 -166255
151317 142881
-145244 -199641
155245 173780
-5528 -116079
5075 88511
-34211 -75832
27152 12521
-77733 -114912
52385 198545
-121162 -53870
145720 110725
-90022 -176982
40752 144207
-126444 -107651
53183 73794
-183326 -195087
132362 4499
-21721 -128570
82440 87607
-96793 -100161
151096 14604
-172875 -131005
81172 178248
-96118 -50607
22611 133557
-155719 -17280
132827 168332
-160373 -118651
100787 100669
-25537 -86817
45186 153970
-41531 -8863
189656 177548
-7756 -136164
163676 199186
-186211 -177460
91535 114771
-106981 -31995
44486 99797
-39557 -76010
33798 67097
-37482 -68186
13162 166625
-132707 -197855
115328 41038
-4992 -158245
159981 160514
-134849 -46524
144401 76726
-124089 -142606
79934 108076
-50063 -110300
184794 98559
-1644 -29955
94034 29279
-103623 -114113
17700 127832
-178455 -14016
188129 157952
-1010 -184072
57683 103457
-8940 -6003
74561 144754
-178521 -143790
40694 18962
-145873 -102610
114179 47717
-126635 -195937
101197 98973
-144659 -1190
84697 195231
-149849 -48282
64791 102397
-139651 -128303
87625 52919
-116535 -140662
180425 72397
-55760 -125475
57824 54985
-198964 -34281
190198 25607
-126675 -144836
186317 104377
-69561 -53310
145500 87514
-190167 -14220
64587 30196
-67407 -12925
58771 129378
-17703 -79969
179370 73485
-127029 -7148
67376 159794
-58132 -182789
182930 52289
-122103 -130006
125158 173128
-195407 -48778
25000 38563
-146834 -64968
47900 170500
-72215 -9910
177164 112487
-158136 -12532
107498 163024
-163492 -48749
144102 86867
-26250 -90521
126690 138567
-9144 -157293
112701 109620
-190164 -4158
74152 164948
-196490 -185571
76550 99153
-3258 -16233
173856 124450
-35973 -148384
39083 78108
-158869 -194110
84230 146581
-39462 -122361
114207 155421
-178924 -138624
104083 167987
-195305 -60978
134863 16783
-18269 -185469
156050 9015
-164743 -87669
23186 32599
-115862 -168002
83614 124131
-197762 -151836
181145 49786
-3632 -156631
48097 192464
-52115 -116006
145370 89393
-142621 -31039
107982 49453
-6674 -137926
3694 169935
-21050 -24943
14476 159744
-80568 -185794
173294 37662
-38207 -196430
51734 183998
-166217 -35969
134489 159968
-47568 -42760
41233 109675
-73843 -99684
196366 113693
-36854 -16463
172700 31437
-198629 -43529
58616 176395
-63862 -92590
48705 73092
-89246 -17340
186230 21998
-66915 -364
90755 165053
-147890 -106042
51197 25243
-137993 -195459
31946 19520
-66787 -11835
98790 28311
-13162 -103642
179918 198579
-25027 -11791
22707 165624
-161285 -161800
20859 71412
-179500 -123441
3283 134178
-173681 -46415
47542 94039
-80718 -121571
82970 25829
-154651 -91621
23632 42005
-2593 -94349
129098 49511
-151911 -15756
99542 109015
-125362 -176938
188352 122249
-6338 -159557
44091 136300
-129523 -185839
94835 47374
-58587 -176115
102315 142378
-104704 -12215
23252 112374
-45620 -132266
173385 46884
-103605 -48214
63118 102482
-61414 -128427
21724 162660
-115091 -186776
180757 10075
-53625 -121430
92731 151937
-689 -56059
94916 187566
-142968 -132187
182687 124320
-163307 -120583
147151 5938
-147178 -81838
197037 120535
-176984 -123694
74968 60155
-177186 -38397
101916 96693
-93232 -92277
113382 9761
-38302 -19767
51262 133202
-152143 -111903
155910 73267
-2413 -95111
111396 138596
-128377 -38630
79531 58546
-93829 -148466
127840 3657
-136188 -143724
144968 2808
-173410 -186285
48528 46883
-16266 -139553
40679 161910
-104888 -127480
160618 19031
-107702 -57031
174947 43616
-90698 -183026
178344 13431
-128022 -19075
32459 184964
-11379 -94762
161514 87388
-182715 -20478
193238 106482
-119546 -156125
104323 168855
-142147 -8722
63797 72091
-181789 -47035
23022 24414
-131969 -89490
127484 125059
-134421 -95578
85346 32916
-182121 -135354
169884 44894
-67717 -193500
186022 131398
-35031 -123343
120533 106348
-124798 -154578
36699 151945
-175965 -66944
13109 27586
-148000 -157753
79846 163222
-184631 -152880
151542 134419
-32665 -119052
145595 163978
-191129 -14786
118803 42567
-26035 -131757
144901 31914
-61738 -133978
38534 192523
-55533 -59446
698 2322
-170092 -104409
64927 140897
-95882 -118091
56118 71862
-193720 -153424
54614 134750
-174184 -99296
13007 127298
-30135 -38223
30020 131810
-36276 -129081
136941 102010
-105468 -170925
169629 175475
-22202 -33912
188768 170327
-88777 -192295
16703 53695
-74443 -57569
116096 199912
-65339 -141073
159631 170710
-101993 -112434
49342 99727
-168463 -132128
65880 6451
-91539 -77650
151425 2820
-21704 -69918
23258 48142
-181532 -116818
90887 12026
-134279 -143219
126301 34680
-165409 -81633
177294 42396
-59804 -103659
183907 64014
-36259 -34708
33163 33248
-160300 -77633
171807 26132
-171047 -124750
5332 123231
-28626 -65662
17519 28590
-32294 -83069
100801 35495
-129825 -166574
78883 27101
-3412 -168145
128196 56176
-152721 -63217
102074 39191
-127560 -61890
187566 62327
-111541 -160771
41568 159372
-117397 -155499
178839 173990
-70330 -18934
97996 196358
-168147 -102625
57891 125887
-47012 -170883
60973 136774
-79961 -123336
140536 189169
-171640 -32681
32517 42610
-167974 -172111
194208 20082
-93456 -152426
92076 35775
-63145 -83764
97301 70914
-5638 -133476
163899 122386
-24638 -173786
55331 21789
-41437 -71650
132103 116304
-167438 -121398
173010 72639
-157662 -11988
15900 132616
-120213 -125636
49027 137197
-99939 -13669
102566 141103
-60893 -163085
103439 126956
-23568 -66532
159682 67338
-183784 -48207
7231 142102
-14504 -25220
180471 139335
-60937 -181943
6068 80569
-186816 -18599
55764 149058
-186657 -107029
6391 104791
-27016 -86596
150320 36046
-109908 -87910
45557 53758
-151815 -6387
72494 132328
-125571 -135598
166271 79726
-53850 -12986
5070 146741
-172691 -187699
193702 138228
-185626 -32417
60553 176555
