6 315
-1000000 -1000000 1000000 1000000
-959927 627168
999976 825783
796
-552016 -754793
-431071 -26962
-934725 299652
-423470 406059
655699 531510
-230706 -215084
40825 923235
187845 387968
-955244 739090
-436184 901290
-958982 361174
704382 -399162
-771995 -441890
-960912 744455
-286271 882081
-872712 367648
-141888 161714
-21209 -303783
-897725 -76613
-27678 -927254
375088 -724600
-801366 741616
647010 -584087
-844998 386479
805194 691766
52939 236244
837082 846213
-595678 -242680
19201 -417488
-535407 -39163
-671516 732930
412069 -408119
288098 704022
-372592 -91714
498458 907800
-816801 -882844
-623803 -126454
289459 -618167
768313 -976794
714973 961887
198130 -909069
937144 285337
-439917 35211
617723 -141108
-662846 579284
312213 -400259
191622 183064
-112914 241708
-850007 -2854
-95055 -968081
-850925 648451
-478004 88144
987403 42699
65905 -671120
-709234 -726860
-635928 298303
101066 488896
41532 -181359
677533 661149
240432 176681
776422 -467888
715177 70070
-170797 485470
-517385 -397738
-365819 -20804
145073 387560
-6871 300683
-656619 667069
-486625 497957
771098 926712
742441 -195859
-189537 -347405
471236 -156494
-495346 851995
546101 666195
-801694 -737489
850007 839949
325418 -569092
33170 -320790
-824169 808033
713018 -815223
485460 320904
505399 223572
-278472 -653734
-727023 -981227
340340 10051
-819929 -467157
376349 -849198
-479777 -831267
834928 -601572
178365 -933677
906272 -449341
-18432 28372
-774993 231689
557147 -985263
-283060 -81736
-760832 270164
11161 -280175
66091 -738008
-201809 -749885
777592 856495
-610663 -861470
-710667 957664
-873604 765687
-318460 -190444
-124121 -521251
29408 859906
405703 299577
-468735 -471599
60565 -851865
66399 -394162
876002 777505
-502670 822993
-397590 404589
654704 563421
937341 400601
539132 949721
-575191 -673322
-390210 828465
155446 -448795
547380 291330
668661 -968676
848327 -423212
105189 591789
739924 -620408
-14570 -316821
-539316 323749
146741 378857
300871 -41986
38860 -733423
667178 473000
422721 493627
820305 206309
552199 847530
-83839 -52480
-243725 -292356
256395 -536460
557754 -575064
-983276 104721
484313 180369
863548 -725926
597823 -12832
-116549 -675769
799671 261989
528566 -815679
657322 355957
-150417 195744
-80522 80042
444997 187313
-347742 -528323
179321 -638843
-175302 408533
-649106 -564285
540437 -100123
-919755 -114955
159119 542175
46769 943794
-214550 -243059
-463645 930220
-885460 -414879
-541497 -417653
778091 771862
369329 825512
12824 214994
686671 -185674
692909 665082
591040 383418
819133 35032
934910 941935
-173021 876995
419170 -984846
-523627 986098
260464 -16636
-86417 261824
-635630 -685756
-103409 28123
317411 -177127
-351616 192107
-592899 204165
-464084 -821367
-638860 -906229
994615 -253749
781283 952180
894114 813748
-791833 716192
-751228 -278908
224615 -855238
128126 -274855
-495606 2504
316749 -958292
587258 386190
-790938 -786661
405447 422094
-373742 374872
-929070 812548
-576256 679601
-574149 -567930
-98324 -581641
-250468 -792867
-559249 -204211
-965693 -42301
619888 206949
-550481 776348
-221148 -251987
-210278 -46086
-659897 -904400
-691061 -105595
-683502 66592
-41111 -768189
-438216 460182
139782 547246
-503259 -14471
921314 -916942
-192382 398417
-288368 -329155
-854031 248369
-544683 263365
39712 765857
31296 -95164
-623825 -664011
-50985 -661557
232848 233705
-182278 775381
-992809 -933229
526953 776611
323856 -431024
-928070 184161
784645 -661977
736440 993244
181514 -407738
840631 -551929
-771139 844909
610766 -186627
-764365 268574
-878012 159487
497930 -388190
845515 71004
-153616 -269223
-202452 -336764
-42727 -146425
939977 -158074
-456488 -201446
136577 -988094
-477425 -671843
-79581 390443
-644061 704089
548998 278476
-908152 -415199
-629200 677189
-163325 -155091
456720 -507212
563792 -147970
582807 819660
322 -589825
781177 -102220
739706 -524980
791000 721153
733060 -716782
128801 445003
-164555 -744366
-522851 -950781
845121 191384
776185 -456428
-261814 -545605
299304 -853016
157199 -907714
-55684 273449
93109 -279010
648592 -472878
942328 -389144
603302 429768
668346 682033
-517324 394301
-160697 918831
-825535 611477
-821878 -807827
383558 169040
712612 -976758
-522363 677168
-658422 -31777
60509 -705633
567816 498777
-262808 -995176
49372 178350
789206 -614217
-667024 -8301
191157 909933
821660 -998678
-562422 -808741
802736 -339038
-146864 -387957
-701492 -501717
38952 -245881
-568714 -471455
496768 -965986
-671619 -227136
-210934 -442724
79526 896198
74547 526259
-570533 -871103
638022 381179
291111 279870
281192 -170821
20438 630196
-708842 -763805
-151761 340599
-643692 661720
-584162 664173
-807282 395260
946700 364550
-862586 689486
-235812 -724919
-828722 443906
-29836 843714
-509963 763251
144429 399632
-320499 -354516
992089 -47034
-416839 -521882
-285687 12526
-129449 391745
570890 -920023
744151 744285
656970 986728
868704 -545706
-856221 603669
878750 -476457
967449 -92033
-248319 -432547
-151870 -62387
-145330 759144
-595373 -490016
462950 -948404
47140 -603284
926668 -436463
-527293 -721122
-641144 314644
58928 -956403
-452250 -379568
74726 -284103
-163008 -66121
457422 735931
-356102 233167
800621 424871
-637517 913005
-810427 -351250
158734 734579
786175 -405800
508342 139110
-779928 350740
629618 435010
267079 210205
771228 -494101
126331 -673993
559330 -163596
770283 -281518
-28161 -86253
-853086 227705
-347425 615737
-953834 -535040
631136 532484
784488 -246835
347365 307295
-553596 -911913
438827 373133
-191858 183902
-88467 68444
574344 -924780
-81347 -317240
519164 218100
-545992 -4591
909156 806873
34577 425847
559009 -426505
38455 -795423
737061 605175
-641661 -330410
976886 521548
-872940 -776871
596262 -59285
-357957 565887
-365670 -78171
514476 553576
-246239 -273901
-538375 -566872
945963 -727075
-920203 -84367
-658521 -627456
-53961 631800
836377 900488
-976913 984495
171510 -909138
-870165 -101148
121981 148395
-393464 -743105
822782 235669
-842503 248579
-197846 -25463
700637 671973
-377473 -926660
-136309 -837739
595320 85915
458459 460914
92713 936799
-645289 -595502
-93582 -70911
19951 -622202
276650 -922073
226323 149786
924107 -83944
-848276 -649716
598863 746888
-278575 -173352
-501380 -81558
-8218 -60513
619174 638573
-275512 855474
316387 214493
151291 -817054
104870 -73474
-626960 506002
-598775 -988713
-910785 392992
60203 677875
-406070 832964
-816753 -15690
248623 263081
-910272 -700465
217977 970048
426960 105774
-255653 -272816
100083 46133
-739375 986261
-830794 -583530
860422 929342
952769 791503
802790 -766539
-856122 -646007
-450707 -590570
-240181 204082
-294183 660650
-76270 -56934
760027 -528135
-40661 530884
-363343 -21997
-777387 -613702
949858 898430
884690 322696
-743409 -272092
-342750 -428678
-637176 -882988
-649526 127444
998864 -316961
92470 -505648
-784141 65582
-273769 852289
312781 439102
910968 -832614
698270 72807
-431764 -129694
256604 -147647
-249218 -209151
-886456 723887
-548205 152898
724220 -629864
-512852 626471
271340 -912957
-229918 -162378
849401 270203
-664215 -620023
-767734 -934741
504362 579442
746829 -937528
135279 415329
-196940 962524
-185124 703515
-505637 -422911
-699024 -916916
235982 125334
495470 -247229
-620759 -39799
564670 -499957
855092 650581
438210 -147823
232155 704492
-712824 -708580
870862 981847
-955682 791538
724292 617690
-902361 179597
400538 -472649
104441 -87485
-4401 -587674
537660 922843
-324387 -250994
709207 550555
-431976 572280
740286 791302
-356521 -576885
-354968 695921
987341 875634
-625095 -67792
241172 858203
993318 -580777
-883755 482889
-472334 -909044
3472 -965792
-553465 -850468
-927626 -483504
265503 984195
-947825 -252013
-162308 492135
283437 -379801
43314 95403
-208676 926916
-680026 -794229
655405 -221336
-363134 -305121
631528 414002
-103109 -369816
-278860 -734802
-700593 424557
-908486 -757963
275960 -254058
247562 -836112
429301 -458538
-448978 299737
-562639 -733008
362395 834459
761374 998101
-796129 -846282
449809 -401227
811078 -623298
790704 -913326
234284 442605
707804 -312406
-370424 -527150
232313 -475364
270578 -278910
402404 -491728
567160 35565
-147272 -168296
616122 -881818
952641 290089
288190 -21483
649661 -768560
-169787 -990514
-613812 616895
-779005 -358709
-398679 -823108
381912 455279
-554446 -173450
351186 -471086
767430 677868
-813861 139189
-825246 169834
-481037 753300
871482 27482
-165004 -864915
631028 -658453
-427013 -359389
-349902 798114
415009 920627
79343 553712
-751971 636004
608708 680664
-492786 629942
-323719 -945738
-750445 -624175
515015 -556290
-869031 -46880
-293581 -792806
752102 -350067
-214982 95326
954300 -412903
227709 -66529
-268416 -472714
-552088 -604768
-533631 -853408
-699979 527255
725345 -285601
-138234 -573845
-519583 -250016
125809 538047
-500818 247398
-799483 158249
365443 -369848
280085 424363
37114 117544
-777933 -417472
515999 -8587
518700 967202
-120141 -234992
429027 -515963
-471282 346228
-421948 729048
-844798 -745938
521472 439818
495290 153045
-599558 -352720
805530 -488102
142050 118386
-457252 688398
323368 -60440
-960487 -902713
88701 545435
512636 -927063
-162055 124826
608863 -90080
-743853 -733029
996020 -344994
426494 -165800
-208557 -331353
-660882 -52035
595246 -195841
316057 -260440
-624629 918201
-875977 -24468
915092 435545
532833 447391
510251 -527970
-455033 -378467
746359 540312
-549769 382912
649884 872647
45079 -293621
-941996 -836672
349401 -528428
419538 366873
-311543 688519
-54495 14783
450409 -995487
497471 320876
-243579 574432
539249 412562
-597983 -710747
428212 49499
-410189 -53016
-670104 691996
-917933 557468
-736154 -502795
-339467 127146
598719 -160724
-276425 -990067
-784122 18256
-449536 412032
416546 161383
-517742 -481702
-389845 431442
-155996 756105
-437217 -850597
716329 763447
-289569 990995
-799585 -176435
-618968 40327
537532 -717517
927055 162305
-480994 -284510
242849 525773
61454 242581
-345387 458727
-379891 -870657
-352359 -411416
-979975 619794
375898 257797
924626 381455
144902 938682
-552899 640954
-535482 855333
413085 -352483
447426 362977
-474719 468042
-299043 374480
417679 44287
-713132 943806
919959 -520868
-391524 458907
-952510 57493
-322714 773543
31339 -415059
966397 -946816
-490709 -44035
114344 628724
484056 473818
-878666 -903712
459265 414566
-117393 -913815
978092 -498029
546258 583564
-955206 395770
-607673 -649449
809458 964753
22246 518229
291772 -625627
476741 -783043
-212433 -159464
796501 443137
589286 296858
-229324 428271
524559 590767
5332 409436
-986953 501249
-996781 -594636
988928 991139
386908 549477
-582546 -448853
33326 779235
814890 -255663
636137 -427003
-210046 106661
947197 112877
73439 577522
391805 -738877
689394 -337276
-746510 -320094
-910658 731378
232626 776248
-818389 -897611
-389047 235845
302747 -312036
239111 997861
-705480 720201
-535462 -210138
362859 -890591
216070 -381900
730977 -329761
-752240 680693
941816 321841
984565 -843010
-163103 -851366
880012 -244520
-468273 443665
-936521 112637
-651519 -286662
401302 -325568
189718 651228
888855 157838
947701 484238
-888927 -129182
488918 310559
980798 844569
525261 219894
59160 -254017
420400 984502
-866865 43724
-683371 -742704
-781614 -986854
125783 -151644
-920881 -200709
991149 991690
642918 480421
-361742 180866
182529 -950803
-79985 -414042
-586057 293602
655597 -591068
-853749 -87834
658150 180857
165359 205411
-233440 595975
-629304 298494
829067 83189
931545 -410918
905799 472275
463965 -989337
-991491 896947
595238 624308
673505 164193
-732423 -222234
-411206 -406481
519877 -318480
-888889 -238184
942673 666128
388964 -713314
882661 625457
-76049 -844477
238712 -746644
359864 270443
-257283 687682
-784230 265662
162608 -793319
-651586 -258295
905898 275271
-429537 -460656
132863 -309100
372420 676683
-561502 170165
-163708 -999043
-712357 -618830
-993373 -774745
-101796 -829696
-58914 448004
235872 -345659
-140552 -699050
566612 978589
-297304 75218
