9 916
-1000000 -1000000 1000000 1000000
-730094 -392004
-999982 -916215
254
459232 -250060
-109977 -456810
-61740 688477
632389 651339
-463915 -19502
891249 125355
-418407 -808718
-367186 954119
-948129 407696
130741 531365
375542 508910
592695 -116089
-990668 35308
534726 -619973
137264 664673
-67962 784926
-154459 -403505
-197603 822061
473399 783802
281725 -565214
560141 -473090
-281808 690400
644518 -340840
-933145 868432
399796 -786185
722725 197596
-401068 292763
-154503 832845
-787129 -391735
-209637 -619778
-834853 867562
-18518 722401
-938114 528115
311916 783880
-781335 535286
-420379 111066
-198535 778806
-562035 297813
166245 -554017
177224 22246
-780159 83466
-623771 417374
250218 -181226
944465 221726
-880627 980516
848077 252253
-25347 -198054
-669940 -170442
-386563 36539
89250 641976
-246958 349528
645760 668871
484110 554507
-482085 -398850
623397 -349646
-748755 695139
112512 843238
179437 144900
-115949 -119844
-139329 641327
-106421 3424
805371 226173
-944270 -614343
422197 -864570
-705168 186594
53547 28872
-302257 565300
637232 -300694
300457 -818148
349632 -844853
-632289 441279
284516 600877
263203 997650
-122195 -18621
-377295 -852747
150678 -744099
482074 -966290
-580633 -43952
608904 -944771
759249 -641011
387862 903736
986461 -187204
-970473 -396970
302308 623693
778840 847410
288688 -348061
-229759 -336024
-338375 90630
-927992 -966557
-819303 -943145
-169818 212139
763275 848801
322274 -687745
-115089 -817358
59057 -68823
352339 161585
-508194 -35656
567374 338799
-37509 -478666
-113831 -130319
-960955 258756
-559842 -825143
782913 326713
877582 619209
676065 -627654
584485 -424296
-575496 -493754
335928 347760
-952173 746778
195381 -261736
899849 106884
-928772 -452281
-596057 -608345
430415 -843973
543135 366435
142616 -683417
8866 -900395
943744 582774
201983 -208222
164124 821326
-85545 395473
901719 266035
131220 338960
603163 755072
10761 179047
-196644 -201457
863688 -89390
819691 392010
-934537 -732369
-848509 250105
566688 608598
708203 294107
-123119 -424446
884758 651947
990698 -403711
991762 48882
-167658 -94848
-238463 -589095
-834023 963562
660034 -635300
680669 176738
-395227 -19185
-627175 -938218
-670587 -575537
674568 -561712
-435689 -1670
-707564 758682
-148339 -210061
-40689 686743
-716969 -263582
-697275 -49992
-627414 -207782
203124 135067
98628 134123
-983752 886527
580690 276087
-743098 696918
758700 -814537
-390074 -370273
585441 -394462
603868 -198080
-439399 -332823
457116 -586271
-382102 929688
-333895 -583573
883861 418355
-789427 486257
-378677 -743554
390570 413697
817649 -762623
513464 406818
621161 398338
583801 770366
-82482 897286
-497177 -288847
513073 20384
687561 -375884
555272 -408901
-479214 662103
-921471 -826831
-891051 704317
190573 962390
-781164 -680478
-749356 811897
-433301 -873169
533649 -931708
466631 -919838
-632046 154810
569521 567857
-720991 802898
340708 -927656
213886 -690493
-99394 28268
-309630 -230843
459752 421392
125709 286325
248715 -913873
-76925 -166293
-354397 984977
-888193 173720
759438 212302
809891 -837119
835117 743494
828777 -304730
-501833 404638
476982 -892215
-582707 838875
384569 208293
-505124 835325
256717 -407636
-603885 954628
-959246 -100149
733558 644830
-852769 -36170
-345025 -103413
-373686 -740962
-578081 -68162
192758 -46370
648900 -742964
661674 21534
646745 -335507
20793 656081
381799 -418537
-583212 -594639
515152 876675
831303 -809070
608207 911267
-926479 -610518
870738 859190
273202 -261822
-2784 43138
-507598 899517
-146854 936561
-288978 685160
224119 19472
683965 -109879
63627 388289
969753 -295243
627545 -554574
-677900 -96034
612322 660122
-911187 -329172
577737 737954
597143 -320240
417938 448474
9038 -129655
287287 -67421
-130861 501440
186599 -342142
677330 -902413
505134 -71857
-166143 878720
100903 -431239
531613 321035
