2 269
-1000000 -1000000 1000000 1000000
-999973 -198941
394893 197373
991
608290 -603018
339634 627672
211830 429047
366961 929213
341399 37479
-28723 259953
800590 -474732
-723810 712980
-88060 -765832
-847876 585212
-271794 685351
400149 627770
-53746 -876902
829586 752763
-561270 90559
487541 -125150
19947 -435555
993493 344600
791238 -250798
786681 877879
137831 132636
657904 275384
505789 455847
690015 -548480
-963269 -582272
-379496 842140
987335 282363
405461 -979348
-709160 -66411
-458427 235047
-372678 246996
811442 -970887
891139 647269
-603529 -677641
-799763 682377
-184988 -299423
-506614 338068
-206086 -527084
-75564 -483400
-65672 1355
360920 478593
-239045 -927743
-907091 348254
-200732 -316159
918888 -98825
-851829 340841
887380 63635
228330 959613
-718029 778519
460895 -857774
360229 -366
-662299 -724094
266248 -628959
-112359 649042
-349604 -809317
-813299 821970
894227 -988685
876995 -52344
631498 -495438
923163 -323737
-465471 -932190
648872 -928667
-451629 -578091
-799573 394627
536853 347768
-652599 661322
-545347 414507
785548 202529
-148430 720902
-570990 -326811
12584 501966
-969294 -384288
-919207 -93190
928798 907701
101389 -770284
-185047 -630614
-559281 635919
-942173 -536176
858451 506517
-145716 -224320
-562999 912729
327235 201686
-595786 409080
129981 630209
-696603 773210
792601 -923583
-307871 315981
-259784 823307
-751568 290348
520065 186440
555826 349822
503166 -664983
316267 996545
503061 -921582
-145902 692143
604871 -125229
-406118 808525
217604 449531
79739 515522
288731 -134989
-58572 383136
216542 81331
422063 -849018
441330 956759
660624 -812080
537742 478820
813837 216449
730419 558333
636751 130103
-177755 750906
-374324 -509152
-700628 -55459
-605928 736984
252505 -965598
-100587 991237
891799 -458765
-860009 -641734
-490752 108340
582524 -920521
-732601 -531997
946824 243147
-22979 -677433
880900 -721915
408189 -292560
-541655 -964924
-474076 -252141
-790174 601447
338430 342723
377125 121324
112560 -409066
649595 -723463
152229 4358
-369876 -692989
-613510 -821098
-353095 -269927
-509354 171315
493882 111154
389240 467667
-824894 892208
927284 314854
-419862 150877
-247677 -546793
-686645 -210036
911288 -909248
199112 690480
-515558 541274
63057 -151294
673143 636671
815573 -789394
-59320 -940368
230948 -20096
-908943 431326
416418 242255
134462 997723
830002 -891050
259827 579171
-450196 -589860
717530 -470424
137754 -136841
-446361 -853757
687517 -663134
702998 555507
192178 -249427
-38820 893567
953199 7750
-494921 -580715
-631964 701572
461253 -403863
111285 784454
-589171 113140
-307689 -58713
868853 670657
-282342 759541
-377301 -896193
-749950 855412
-290297 693764
249271 937567
205566 -69873
-176307 -41126
966624 -315829
103456 294317
513315 -10871
-897309 988918
773371 -25433
-394868 213976
-327312 -815800
-627718 297443
574409 -458460
-354652 607366
462777 -802892
-591703 412824
867817 -310094
-862542 657568
-383559 73382
-725022 -38849
-227107 100491
-910381 378434
367351 -713793
778200 -807690
923712 658147
-640228 -616668
-801800 -403600
655366 249480
-143155 772610
-512857 -181861
-769037 -162952
-955621 -104560
70434 -901221
689587 -818163
142988 -795700
304791 964565
860424 915881
-280486 911836
-378429 745200
403346 -502287
398471 62709
659109 -719456
-952551 596672
886707 314474
-867387 -95705
-741232 -626151
786715 -118998
-20219 -696853
-515016 -142852
61449 -330633
-366069 -854603
-421297 -116335
312927 -505646
-760447 298217
-686644 934498
-2794 -839676
-41706 711827
825924 173740
5640 5744
-572536 -769945
-396096 655679
-463320 -313768
506805 -91955
765193 516461
-296747 991789
-862815 -173359
-772268 337184
-651037 233314
-468469 540659
992582 105942
783692 -155113
74139 507214
-319047 -258014
-734845 417489
647544 686593
859697 -307381
896277 -231126
676919 -603624
912837 403081
912295 959537
303604 133515
-529302 -433095
800219 531336
71994 337087
-39546 -150825
694062 582001
89214 -255854
-996443 285627
220541 -712407
-508389 -731288
478757 -131916
-845617 -648692
-252316 892459
295539 831302
790839 177947
-688539 725259
-707837 94442
143203 299586
-363328 -390193
458983 -267378
-685378 597127
-141302 670470
-43904 921263
-791145 -137745
648393 -823364
562147 -299534
51774 127149
19607 716530
-934743 -683116
494831 -167429
-442171 856096
467963 -676283
623303 367418
977225 -388835
343787 -222599
-108047 436207
106677 -824166
-902904 -731924
130331 -419802
274261 -694049
523844 296149
-59277 -163593
70362 93043
409927 -522245
827752 135619
-8286 422183
745901 -614420
-729577 -22898
588267 886629
181455 -234927
-281294 449479
625314 -926593
-658517 825383
-76994 722410
-454213 989240
285388 -802734
551099 -930370
162673 -256464
221291 -378539
757080 90026
-487792 49042
952048 266220
-756679 -224466
-337837 -260104
504970 -650986
798493 843618
-565549 -776325
-433517 941232
-818933 293360
282600 -993086
-795819 -273146
313910 85413
-653625 -727295
411592 -523418
-915967 567666
134134 168672
-47683 -403758
371776 86181
826078 195638
-937923 -448636
-87592 848473
-927853 860571
-680773 864285
157644 156056
162970 -499706
744574 -42331
-439492 884577
-842718 575909
-947509 -93117
-525452 568874
254971 -346050
250192 608682
212289 -792713
920352 139394
-791817 555792
404264 982429
-639576 120591
-15125 993837
149892 -320348
697372 -340055
617614 -687139
-802562 959372
535280 -821879
85004 -127854
-41555 -894804
-240853 -923022
-796915 -269158
455555 -473236
666158 415374
488591 375906
358335 874342
512358 -107146
-113310 -763816
433262 14659
674604 -963419
-133131 130634
607431 292217
987765 581733
-28696 142710
765333 590194
667172 -552826
178016 -475521
51243 -612317
-679518 -366429
-473098 234827
109168 809074
-298073 -597338
-361153 138951
-846391 -893957
-339950 -927892
720168 828213
637856 526919
626077 327598
-12266 625620
215813 -402620
561981 -246934
794971 400411
788094 -260004
890993 -153787
-401535 -891425
917649 -582105
337983 -774942
364010 137002
760471 976830
-433636 517619
863258 -579480
-535135 -713469
-868445 501113
644158 -909059
205748 636715
-610220 -140030
-222194 285154
-974851 -815250
548389 -434101
191901 -566432
368889 -853146
-628088 626975
-236024 -293129
201127 -746653
770967 -475554
462393 767491
-428553 -848351
652762 927258
-464376 220428
-142858 296919
-325686 -741203
543951 764348
949098 969547
52871 -913474
-479906 -985088
-320808 -755229
871747 -593592
113279 568530
821878 153148
677595 -168169
116747 -889731
-738082 657413
584670 688195
426048 -567895
-753551 -879707
-103483 -716810
-952463 438189
407735 -559533
44419 -485939
46399 -539394
-294623 -918062
-511654 725591
294120 94549
-752303 -880949
-49118 633423
743692 -557283
-899871 -932371
-726751 -476965
-44860 -797776
-160057 -783278
-500088 201589
-360222 736460
-305647 64876
-903638 -435062
25544 738772
820711 142761
385777 -751653
342896 -690944
-571893 197322
-169255 -891982
-449265 896416
964045 91862
614898 168290
370514 -245281
-28559 87463
-193522 -789543
946917 988780
571081 446256
-988807 -358731
-102533 667443
327629 554164
802511 -281823
544659 230831
-571848 662832
770851 972767
-613393 776323
-131815 -678415
-992699 -649349
622796 508
-912030 377815
588272 -405764
100441 411874
-141871 -947386
211309 -328479
-143611 386749
458338 -891225
344378 -815983
414848 260848
-76321 -110963
379229 -639574
-863252 211955
-949034 765836
-366088 522359
-477134 -941733
436082 -743293
368369 128263
-459864 541780
-888181 -531190
140331 915692
819866 840554
949330 996721
-301837 278203
56476 811133
-299831 -886989
-526563 -502420
709536 -920603
845233 127611
-350030 760502
-663806 -520856
253277 690262
335950 -710299
831481 -378354
90456 -606488
-690797 -539275
-698721 -769214
-255068 -353506
924697 -231966
-420834 443096
-926468 -18828
478752 279336
876159 64395
-807995 705713
466214 -761183
235387 359401
49663 802408
-907891 -511336
110310 -96962
296550 -558985
-98259 -281809
-51023 -876822
-230328 720446
-511521 -788665
654431 211794
-289609 585071
-135594 -754612
309783 -810857
-587719 257991
496808 -980787
378615 878496
-801672 -267806
220858 -54297
848741 -192137
248879 -151407
566784 145291
268469 -331955
-94084 33187
244522 -444433
767361 394395
-20535 416378
661766 -4822
701747 -638703
-863287 488974
508187 -885973
992523 633521
-116860 -113199
832504 -291723
516140 -378576
470017 681245
343961 282444
-532086 36801
-412587 129855
-797153 373830
285650 831935
765738 -512366
482812 -217459
661264 944929
433902 184558
298585 797977
431497 -57912
828890 808534
-483190 -167938
453486 -821182
-622512 -449625
-649755 -76497
-522271 721449
368730 -181841
-808011 65142
414502 571577
-940790 995065
-222395 180239
125167 542022
-273421 -561132
-763156 -440932
-981419 -457410
-648877 -814234
17829 847471
-456285 385359
935734 -528686
912243 -78797
160078 -714022
621564 -610029
972539 -471193
-899617 813553
808617 387040
84704 -322980
-780959 103648
542516 -272704
286364 463047
-994364 -703214
-517448 822372
-812733 -643241
742118 -982194
-510879 -269018
652186 -804724
-1319 -598637
308761 329689
858496 -379756
-48778 281299
-331661 -523696
153324 277264
-619089 -729532
-2235 372366
-164588 -559147
-262361 -198446
-376075 -158952
715233 737617
755424 -188807
542175 974776
-829949 -238030
680759 711786
41474 686158
-176173 -10481
-211756 417395
893700 -707526
569739 456583
727051 47023
-63186 -531925
-91072 242241
-956205 -710349
648125 -836008
901610 -332280
478913 880783
855558 -825542
-63572 538514
250299 -456965
-253382 134612
-358443 -708227
-773407 570446
862920 429801
-113617 -879708
684742 950084
-581841 130859
-626900 138981
946059 327087
-991495 -65679
602041 -888392
992392 910115
-398002 598380
136893 847949
-91591 538426
190463 -612809
196390 655028
742899 832020
261820 422984
-939299 605818
555902 -334372
796488 745443
401850 -508514
818573 -312987
621334 347908
459516 -655497
-745383 740800
339179 969333
817282 -143385
-87534 -523929
380689 243116
-101857 -897071
934949 -422922
-482513 -358959
-235715 714195
-620178 -421811
-158943 -162388
329098 -306265
898174 -757094
-891761 665096
-990401 -963068
777733 -914819
-945487 -218358
638258 116911
592983 -610780
-850238 68149
688504 -26329
-931826 47905
-793628 -859122
855073 -414338
681277 488083
-674306 -765106
446056 39759
800092 654792
837313 344229
381162 908331
-489063 846912
-371446 158894
-206770 82877
472097 -215763
-630189 -96362
-605266 621859
187190 -941685
-800807 -537091
565997 910988
399070 -428309
324011 764699
-195543 -757811
-585594 -229934
-368279 -395452
30305 -748282
-901370 -987118
689202 541242
-375882 244610
-971154 -517569
386070 -386359
-247075 -601343
-25602 780804
-238862 -542460
-631473 691017
-737293 -155440
-390742 -714978
-472789 -895856
391636 413716
-464311 -58383
193336 -976644
-446336 565994
624662 809392
54001 -757135
242723 -751221
379846 82847
998930 146218
444447 -867229
-409689 -26672
181770 -794415
567571 476265
761287 444478
-933953 -823171
-892030 -194076
747541 457683
998466 -356341
-790347 458302
267693 -447871
312421 834315
-399481 -678307
921966 72569
-781214 -502209
147988 -561679
411649 663233
-613757 -744276
731989 -406582
-444679 953815
-351931 -989299
-183375 138794
-403523 -243961
399698 -435835
-977533 -405058
664497 -873224
-521484 807586
-870721 494343
-433089 79036
576827 -431330
6991 -214303
-33644 242240
497964 -63935
-953091 870025
-658736 229953
240654 119656
-741550 -10667
-737203 -942722
138869 -145073
967295 -820079
-693303 678762
486348 -850784
643560 -214786
-618325 -866948
-298278 -789530
513594 -524073
718167 -773861
162204 -2625
-132601 216130
-36492 726539
-153805 726090
232848 -795839
-221135 104645
-523003 495646
675567 -564840
-886079 -38283
110933 -500311
284903 600269
733321 271918
482389 666578
-857496 -47531
178608 513408
-489218 -621904
594227 -141763
-415224 378181
621696 -442266
279322 948397
53041 -145456
-649811 -941814
10772 530038
9180 -456819
42870 124694
242388 -879888
909457 -154801
-488224 493135
-554397 391845
-94748 171707
549803 -858364
517299 933460
311640 661455
-780811 -380500
-432104 -66664
-694695 498511
-925878 620937
668400 -344506
716101 84895
-272986 195005
832544 -241030
-878406 969402
462536 742000
651270 150797
-160071 -574436
84626 -443479
7406 -610269
-431388 -398075
221425 -163529
769807 -212199
-196263 -693253
-554891 -407463
248031 395285
-2395 -369065
825940 481557
-242047 724619
-788554 658483
400482 -120453
-969657 673982
-383028 51751
-874303 -129728
777430 701598
-696478 133103
969575 -653959
651268 -957627
-650880 -743194
-150656 -27570
-114860 311655
942590 -385200
-386217 -599829
-357785 768530
944438 371736
-231292 -146339
45069 344920
-85904 -200948
-813251 662041
363638 557220
-309678 -518396
345071 -815414
-255615 177322
951555 513764
3619 610931
-77415 318324
933124 888760
-711070 -134825
151130 64332
-563933 -68855
-697768 95567
-42088 204776
-478747 347301
526767 872009
429228 225428
-775542 -109596
592416 -363025
814298 569529
600719 -663200
947731 -716723
601601 -395663
-506904 -129684
-747084 -947851
116482 299452
-769403 404046
-500388 -930026
274750 50255
-602445 457525
846959 -686572
-943718 924322
332151 276186
913161 -719260
850269 441993
778793 -755117
-471840 450987
-427250 726524
114265 -352814
-300664 65846
-634702 367181
-228774 815818
885792 113321
-318999 270838
245788 677968
-491179 78556
520303 92746
-113643 -434897
-154157 369879
-188129 316944
561827 213538
181950 108090
-165387 -392587
254599 754700
-179454 948878
316058 -528640
-712823 703270
334016 -395291
-607028 -309605
-631638 -984984
610998 638761
248932 -122817
959713 648726
18604 -864711
452233 -194445
-980908 -652099
455991 531485
-861103 201043
-44258 -191971
274332 910923
-617718 -706287
-485592 -409611
712524 186886
877281 848424
863440 -894505
744256 -236932
-842324 991863
640588 -6812
128477 -882612
440370 176618
524519 98135
-370381 459462
177930 497935
-694037 -231483
196865 -348902
-55189 580295
-311891 -903428
283458 976646
825069 -599368
23553 678164
-41343 -794066
-802204 -232191
-721578 633760
751148 -644190
532428 924325
22459 191517
168405 574372
72306 652078
-61980 -136240
514858 895695
993415 -347690
-251117 -22905
-46260 -318477
599581 -450234
-772070 -221192
502168 -376867
908368 704013
337772 699965
-426800 -295785
145965 606346
-202138 -894373
679999 -831577
-662073 -516308
347453 269730
165424 793373
-554317 -137690
839405 158838
-642214 711992
-738243 310570
-910622 -525208
615351 7113
-288874 591546
808936 523719
-254641 -951103
655243 -617865
5188 891325
-422827 -29469
454223 202612
-527659 432526
743325 319101
-301163 637765
314028 -810993
900999 -461759
848812 -810761
-335969 -319819
687295 -544385
-435414 -720618
-679474 -601580
-35257 -109052
790509 583311
474635 137412
-892058 313123
