8 385
-1000000 -1000000 1000000 1000000
398692 -11924
999988 -920410
266
153195 -542706
163959 387366
-932453 519432
-507528 827991
-375202 -727733
-329313 574485
-534568 -54676
-471366 -847145
290267 -226634
-913512 -479305
607355 398209
995226 -397777
-892276 -873461
-93525 393917
-991130 250990
-774291 875417
262783 679491
716349 389669
735085 847756
-879978 -791180
783305 -640118
305206 308135
460990 -233838
-943046 -648735
-128040 -248743
-333109 -856558
263091 -3260
640706 -337884
-426542 370815
-378195 -452820
-577404 -417672
-220755 -152486
-245392 -797196
-949441 -504407
-295587 -510308
-150426 -311993
996142 5144
771306 -327795
23471 457132
-791612 828260
-510872 -587144
409597 392705
-945179 752219
123034 50302
-885093 -371721
728034 -737736
627204 -462497
257734 -492722
2871 -618188
388930 825719
-486274 -775291
229853 -761496
428135 -490133
966999 518585
864270 -548395
381888 -307188
-914483 -129177
-376958 308910
-123363 -342236
803469 -736499
43191 -8456
-953528 531502
-443795 -329606
569632 304206
129925 559076
-698789 -41438
714492 643651
-329057 531064
567074 142626
-888343 -362058
848180 948770
-180408 493545
-197546 -548878
108886 960060
-259014 679091
188060 429781
-38718 784177
-545429 234532
-461262 517488
593989 -975798
-17236 -813912
-652836 895200
943690 214681
-642693 18107
-826526 -971812
976958 -531036
-520066 -978346
-9798 -203450
274035 282388
478904 -383486
-953706 -984979
799198 -333037
-581080 7576
42489 -746232
-204603 475084
661172 -363522
49103 -704414
510268 -991665
543869 -7208
20981 -615000
371390 717343
-743578 515364
-170661 851324
133711 246625
-619436 -896626
-881605 130040
-685572 -573142
951860 -564982
206213 -266652
-791568 -5651
-851748 -998391
-185379 869604
-604635 197355
-292427 -675112
227314 939234
-825999 -754021
761343 -401297
-549974 -569576
677049 -409318
211482 -898838
231202 -424962
1896 847303
-717680 -936945
-203596 -46245
-534471 488533
-992433 4836
391865 131207
-154012 -177811
664503 -695345
-238686 553561
799540 -108183
490520 -64684
365740 -921693
-331011 -542028
-440866 560214
-864749 -602104
-754802 -692238
-629183 654573
125753 -472481
-466523 167221
-310518 591283
239915 58471
-601915 -401227
-96572 -914098
639463 -419987
471830 664743
117484 956428
-447839 479776
-544827 -516777
-439138 221150
-863528 14307
839495 213539
-131889 -618330
426615 -789688
894959 993864
-897429 -522482
535989 -415559
183214 342487
428389 -548501
31512 -395933
-213765 585278
-940870 20768
17969 903719
-613059 -388709
-650133 473142
4874 465229
-321233 -513661
385435 -155631
572107 546878
-941833 -187950
289568 467065
-431069 -839262
-979350 342982
794481 -730430
-126362 966466
-930832 -174008
846760 659873
-918983 -354276
257016 -135272
-144705 -532042
-549387 -875692
128073 860170
221964 129380
193684 -486493
842983 -205930
-221440 769277
-552560 132550
-7043 347492
617062 -531909
-48018 -212563
613430 8125
185424 21150
666874 977615
359769 266441
-748176 441315
-916952 -784937
-924768 -297563
-650757 211121
-757946 814622
-391309 -939648
829629 -397538
735013 387252
252169 -205506
780011 245395
-967168 -130770
-605219 -268008
753142 -836313
-858699 580205
-153355 420016
378756 501070
-766441 615895
-681668 461805
-327075 -173783
-359161 185001
245353 432405
-965133 249530
154207 592407
-95674 -712695
532700 -593625
793032 -315663
416329 -917043
-753356 -812188
768017 169471
106912 -94628
-593559 132087
-252019 3093
-535103 157426
983644 583739
286165 655249
87653 -375518
874012 48943
158775 639946
927251 545645
952020 -936899
-252562 977377
-939667 745051
932863 -318808
850663 -175596
729776 -781696
867817 475000
-521907 -346358
811069 133224
-283038 460416
115664 794712
-580807 -479447
569496 -279257
-639312 -189370
-126300 -271729
-208628 -194635
-217259 -174280
88196 -943765
-262573 360500
-815097 21059
756789 105516
97941 -567896
603173 624606
275255 576034
36450 414241
726378 -490358
30195 -330461
390282 -337004
991052 -400309
327962 750971
-443665 -135248
690472 -363241
-307006 856502
