10 897
-1000000 -1000000 1000000 1000000
-475224 999942
-285107 -999993
332
233708 827115
436246 -911645
-377120 266569
310755 -844160
-210989 860878
-595706 561409
-130772 508427
683526 191392
-300898 -700327
108480 -246677
468217 653725
-821500 937479
-256530 972189
-908407 -340338
-121238 -168541
175999 699403
-694817 -370105
-586110 -387756
285510 -71937
306367 -757930
803479 -925479
-899627 710661
-97948 -327294
489805 783899
54648 -881421
772304 -401716
53189 -477136
12478 -531771
127891 796659
145543 104071
320899 -475922
671400 -678459
451211 -856493
588997 -397285
-155215 -263279
328668 -104637
-393977 -351736
838396 946467
-752209 -974499
-855920 328201
926485 302439
825303 916385
-615387 497099
811183 -162220
-540723 -970070
71434 -43275
795692 -702399
-558891 -257167
345548 246903
983624 -969895
-74532 -809667
356023 312291
258757 -951084
-925583 194418
-477382 506548
326412 -781502
-347692 -33471
-18947 151714
-493080 36921
584277 -207764
748961 483623
-701351 -344289
398544 544653
308981 257184
287289 261518
969277 292604
122320 -269818
296525 325299
37142 -101498
-77524 370942
-893135 -922814
43715 -751113
918028 276599
-169054 -457807
334429 -575053
-574005 -584778
70933 600816
145468 -275356
-500746 -13097
-234154 -28126
-218097 -696032
34151 -264878
-422154 904223
-197276 -151899
-263532 614988
-790401 725200
-508487 -156666
-362642 253314
795508 -590460
351913 468304
883527 647362
248177 777908
19977 471885
-23787 -88930
882944 519231
-659375 742059
-522820 -335154
86494 892202
-259698 572452
187440 889219
-868157 476770
-162471 397039
167779 -376644
32896 474888
-56809 480712
645499 -615192
-319859 -173283
-183972 -106324
804746 -782456
-745800 792241
534300 -794885
-130039 -405175
-512974 -471095
-898643 956456
-636901 227328
221524 806223
720687 12368
635725 -940948
533940 405891
-113398 186046
-911720 -5443
-661301 49527
943203 285847
503391 154727
-53032 -734627
-529512 -724983
387268 -1307
527598 857876
-668244 874295
619048 628955
435177 212281
-775352 357997
417050 155864
-438246 860373
563845 468415
-537029 965783
532735 652125
455397 319097
-526177 475937
-741265 -41212
751231 938217
-63091 246650
104525 138498
530218 -18067
-389113 953707
165987 149266
24688 -436510
-763221 390635
768434 -558263
-572422 315959
799167 849704
501828 407975
-272929 331901
325263 -42776
-566563 200895
656537 583999
-169352 -297907
840592 -406554
-907196 -547402
-593696 370809
37500 -296309
784607 572291
480351 -937812
21351 -978615
854771 766210
615913 448929
-143096 653937
-14162 635166
109816 -898600
302295 -171474
-587476 -939322
-237228 -41168
-930297 760598
-786805 -396637
-508403 -837493
383624 136925
226641 -953477
-373863 168231
707042 224418
-9373 -835087
-868732 561812
733175 -393460
-758295 505598
606998 236438
-935037 351521
412200 426719
-97024 -522512
-244489 -307603
813186 490105
652612 486133
-376943 -695218
-131269 553661
239317 849699
74116 -987707
-305367 463785
25596 -417832
188708 -174099
-668502 -241230
-487367 947840
299360 -544079
882640 -422403
572511 228985
921382 303041
-206855 -671979
814154 734567
-443225 -36818
-483157 -45363
321761 942932
-527349 -726415
737370 -86698
495470 167284
993185 -237034
-960839 -315822
-367983 -157892
815455 -448205
646818 -551198
-804787 698095
1135 219328
547349 -365980
-113987 -688294
274888 878929
-166435 960214
-579430 791731
-417258 -844675
68627 -106779
-939496 -679889
600503 81522
765700 -428886
930648 -842910
226311 -84858
881371 746103
961623 -126872
-907545 -405991
228029 -37243
791889 -842771
-446417 -368533
-408320 66777
375933 904574
-422676 529677
-577103 958675
-721214 645951
-272527 828
571942 879289
-446196 10598
-556834 -979985
766118 780115
-346758 -675464
435971 727740
207922 263123
937779 -336001
812893 -189
-933413 -508639
-604065 -78002
-548326 442520
918621 -26741
136636 -125428
-607175 -802594
-405880 -618466
909558 964767
-497793 147925
445465 -647277
194685 -731676
996064 -901293
879256 -369345
812081 721412
-278778 817034
-174179 624973
-453030 305235
265180 739182
-287560 516071
-609358 183800
898632 -633499
265461 -216533
265659 -507248
-841898 175019
527742 767867
-446384 603567
-780301 239853
870508 67106
-211483 -901045
-566586 -799987
824986 -972836
332399 259235
-1584 -110618
-594548 -402422
781379 -771718
112209 313520
-385588 680010
-309813 -622330
-929886 -602504
-834638 -151711
-30718 597856
355134 236405
-696490 188981
805362 225642
943081 92027
119191 -243798
-467138 -714508
174874 -30985
566593 -951296
-723014 -902249
928697 347971
545407 906621
-198284 -456892
-59396 -764407
601309 -128170
-12888 623393
-140203 -429410
-723004 -657755
-914688 163307
-227241 -400216
355986 -971607
-686115 -590625
378390 -593727
-545023 -993816
-896065 462408
327805 249389
156010 -967369
93165 -126789
626230 957726
-170444 -966232
657161 227538
-684447 816668
-323662 34383
-284885 109976
709760 -238349
-209956 -994701
-585326 583171
989444 621355
627539 -689511
-709677 -555579
-788765 -751101
