20
756777570 467623246 631284353 265436050
877415718 58584781 207717835 453295056
672613088 189128262 763078479 474234484
281100914 49805750 405771277 859064872
172590178 985586846 794211178 952262107
44705113 527386243 866519469 124141375
538230948 54985070 904563329 727832908
255236790 867162216 827161462 989833915
964156324 981147141 227567232 383141004
590895527 757482201 156146806 302307457
840168350 664239101 205473685 41211809
455048074 333412748 561090042 958013621
959000848 511192361 428885035 573685454
184241146 310812790 354365327 226768829
429430454 505011102 918313201 513960602
108894421 48880591 31452931 623345214
31609230 337189298 110868691 486137801
687243833 527736836 953948254 378032412
203851988 615690745 363240703 118294368
492259969 942899664 870065651 13359485
