64
32247 92046
58463 88351
113 66746
52286 82289
32971 45570
32529 57238
71850 78974
440 13292
33760 70079
36927 48270
34483 36075
58405 75480
12405 54403
51760 82724
9259 24248
14572 83303
1093 73396
26677 32574
33832 88098
85646 97888
40698 77107
70476 76547
93739 94988
76614 86148
48002 48785
4890 58210
35749 95511
69265 70951
2677 27579
17857 18009
1162 47142
12877 28427
16475 57196
30299 88629
44498 60482
16353 30516
15315 52161
28099 81326
42248 69660
60338 62177
54765 81268
11903 56083
36689 46496
60457 83635
25502 95710
55830 95806
43467 78824
1517 97152
60093 79681
62194 99291
20312 38782
22898 92865
39314 47198
59210 88498
1768 1870
32274 49741
59843 80671
47061 54914
9305 70432
32860 35018
84978 99083
39860 51255
32593 64473
12860 93363
63
3589
7141
7635
10927
11377
13676
13772
16549
17155
18322
18753
20196
23867
24730
26609
27351
34954
37620
40414
41986
42670
48237
50702
51040
51199
52223
53906
55199
56749
56767
57929
57978
63876
67951
68861
69338
70085
70171
73121
75457
75758
76043
76272
78457
79160
79292
79793
81054
81684
82218
82761
84239
86311
87348
88404
89288
90222
90633
91639
91924
93244
93606
98327
