329
576895883 452955384
-693635985 -545913729
259972829 216175272
878520335 -596202878
176339526 275017923
-469187617 515619088
-150584400 -790963629
994724858 -16140435
194401571 413685220
-266653529 975806224
45035765 -620165159
-76362102 -560430713
383869491 -170527250
-272003077 -810194714
164700915 48875746
-337864594 684575972
-505515976 463925296
-120296069 948873641
-438449567 832757094
-190352633 -600075653
168154301 -53907869
276020787 -169340599
134369053 195852970
-999044670 21507648
632436021 -600521027
913200549 863544285
-109920356 -740441965
-156292549 -474110768
-819178534 631077971
-203841913 -434988883
-547485545 56484015
-259052266 808387866
188017297 355581730
444912996 -430232939
802500661 259744188
102890246 -347680465
281408034 -328355311
88752093 522902091
636940751 354801516
-123927306 -379719434
-104304465 -101901236
85783803 -62934367
282749486 -58789148
434615414 270304450
-775418234 153356581
224272595 571822487
-275063331 -58654364
-628040450 55666223
-901433904 -491869941
-165614463 533910027
-423974790 535499972
734929603 -529532070
850693937 742372364
-562670584 -35499384
-553752104 -336556419
93321811 896309621
293745047 -485477200
-735422071 -461394790
-567593657 266585068
262185157 197554898
557310169 425580320
799402970 -233270453
559655033 -64059733
709003520 353527042
765873980 258230303
-308262423 -591111998
314469600 597746497
642020588 687219580
602514501 -362953110
-36082476 927677955
211880630 -233260355
937277369 329536673
634222158 712516603
-103829665 594607840
-858856213 10534704
-201440723 282039907
-320158833 -437069131
-752399638 -770324641
-780674399 858698851
596759389 -409202719
539020661 -662701448
341692068 -328872411
-567430549 -271019308
532048453 947256490
-634162036 439288740
956791269 -507358868
-279872685 32998679
-320612837 -724851864
973626483 471135929
-445302647 709724037
-833590160 -782390223
-828963779 -101620409
246069744 -122538222
609150942 -486335908
131838977 590498037
576381115 -16249468
653389673 -326521391
-492166526 -755482904
-665864227 -157860557
347581871 -203897536
907024640 854618798
958493841 -99777203
-813152417 359984967
-147000196 -156194327
-127081376 728038713
-71239666 924989102
278059472 542119133
491223038 710656535
508391565 350844739
-753097202 30011747
927056733 198511066
265338498 -42404921
895785245 -868820307
-420008682 672597729
25781857 -480421382
-543326289 -610923766
-214905780 -804919615
593880798 252384365
538047970 353233701
242947292 164002330
706022236 257509651
-911577352 -976290776
498259692 298224103
-79166251 686286937
123063033 604480788
-13729910 -894039573
-817972712 858072454
-983929823 -874503988
-848600626 -157932365
77967159 -290297314
-358039493 475079327
785776783 168926996
-260992704 -244771854
-607346600 585479790
-353463499 108086880
-532281152 417034256
77925889 -4928619
-537361300 657648683
203429207 -984538383
688077367 6709723
906577302 234713298
-77288534 -711846563
756272936 -866776338
-324338098 -448353033
656501890 -783789957
510941793 867127979
439785754 138577074
-582019713 -534016870
-65236432 -253664183
-638491904 -212309796
-764116369 577052203
-443988013 413564677
332298657 -151937468
-20119595 -913449940
102059681 -236174848
732820447 717935811
-505249640 -689673737
84008262 158998316
-899959795 -897064248
799873203 -758460031
95628264 658256473
136489513 480176918
-30245303 -415393922
311366635 847063571
865943557 -553439555
-15919830 546135538
795174666 -471313247
60365521 238509683
-246016896 -328569994
268854406 235825479
398484835 -939216104
-816453803 -777200102
189181979 -415188411
308085100 87437277
-309468908 7832383
-64443214 641277499
206138348 -832179398
-965478729 701476469
-428799737 -246325147
266235106 -594183369
-685599613 917438281
460666498 -101796752
-155604168 961463331
-907753033 229250753
-815560557 -802635481
-6966472 8051251
116556788 208926564
-638673005 -67967902
171033854 -577977699
353204902 -165642986
990587448 433189940
-680068905 -760033085
-34369875 605532351
637294011 -861036612
551882389 126065200
806012545 -879454699
719279762 557830541
202314884 356908492
-93824750 -199591779
-550659640 848087060
265757170 950989104
-749780962 -809205310
276855887 603124075
-609001641 -455503578
-634943205 41119069
916181464 110467943
-887916513 4613211
110112619 -215575722
-597579680 -774544288
-116376337 -939857031
-249706843 -184629924
-49745544 -771593492
-440983330 581928932
56415489 575667880
-277984919 304292953
441521738 -15052501
285781339 387538565
-963954620 380999410
946628856 572209300
-1613361 361540314
491539978 9808766
288318208 -227463038
94044349 -706814224
455319521 -832157547
-427685575 -65465713
-785616767 134903962
-277951596 -516530988
23031060 546817850
-533429706 -446490337
701350230 174004507
-287708363 604503270
-342938004 -590168200
41829463 -118669801
230214800 150680001
-642664901 -408116093
-837455505 -192487860
-454797645 -814731523
-489420186 200284331
576234664 632454530
-409884533 -155291293
331947718 279175986
-682621574 374652724
-365739727 646265048
-136973026 306864051
-43242649 238953559
-742167464 293957798
-299350650 409073581
-355106349 422142942
981922860 -521718195
-831544576 137141264
187183485 570818464
-275950725 841125636
-132435372 -141698483
319222933 289953883
-82451429 -71336739
329763754 -846828252
613373970 -499976805
-161144055 559189107
-101361500 -468249947
672250843 10806545
-25799812 348152218
-412382148 321501284
-35819475 421274624
574012684 -18074490
441415261 -677972352
40104606 830461805
-119670142 184933619
460915584 517325923
-770734263 452443717
-640461285 363083187
4192670 425603874
-436936051 181946593
-257530308 -332811399
-163666274 113531570
163927308 -58456625
-338179563 -770086996
478791465 -371470030
-128397817 -807050867
366164664 -657733679
-52853288 343297853
245397716 -305583813
434851690 257632578
195775599 -405297807
349102723 478089894
205886283 246528413
-297217269 855655514
-986898148 -877492534
-154642642 748928660
-947952141 286237242
-420402411 82565660
565224588 -585677094
-651507220 -700462767
715387247 -9520869
335822278 617004809
-530795178 955272945
792195538 -771108975
-347310678 -754842334
88868183 -6834506
56413524 -313025276
-116208153 900616446
866877037 -166154846
-649878537 678212095
-207585220 857047927
-720041044 -873666929
-743134906 -387334296
156780220 329661754
-68211047 -762874925
946232095 357273195
134231679 -471665808
-379692456 -462880739
-823134053 328487881
205129731 -493199295
-356692404 138142856
-822905757 -101626676
537786966 622242116
133441705 -269279530
-324437378 582930197
92866553 26113772
-875806366 -63309894
596872139 578634380
556375976 210314441
-870600819 -90011154
84866607 169473382
197657715 469307
303065865 -739288236
-717754503 -145244109
-398157605 687426525
927780495 184140956
476422882 731611833
377
-187606709 -25702242
488363180 92535000
348513221 50885609
52150463 -62534360
718210098 31599216
-17203333 -147499694
719658191 -132335000
322472502 -18463086
-655962356 -60143386
35936458 -89178048
-390336579 -18054706
333445473 207781666
-78196306 -60776279
-364545550 -70431418
786078878 -68516988
725226614 22112071
769313627 101792246
455570701 -119108776
441395439 -106015483
-76996866 -105188005
350626284 -26945919
603904891 -169173568
-226935824 27439958
-470351052 -72977234
772416907 -163981624
-176855185 -145021026
457136780 -164449307
-58892354 18863746
-280298080 -134914418
-620564044 -220546339
-330052412 65888539
320221155 -69200123
186592375 -83773530
251480940 -16411776
701802336 -425834582
366173895 118748066
220395082 118921004
287956355 -69178197
161461212 42519553
-62713134 142537879
447686751 9677619
-595343065 85720710
-483440965 -139116955
-60318448 215348505
-187382453 -398583185
-196579941 160892824
532827782 104801981
95272749 -190808909
15629136 -53213189
832322497 49148434
-290331371 186384837
734914350 -62222854
494354376 -222428452
52213344 222858357
315880924 -24169100
-354337311 -148323834
-25308079 -118481752
710690223 -341730514
-282557219 38676799
-24830226 205379889
-163593245 -131962769
85410115 43989596
-822909924 164901635
69404101 108622134
227039583 118820903
165572824 106015434
107026085 175682736
-166518830 115392210
-327068282 200052877
-986094972 235334739
723833094 -130537746
-14399302 246357964
-109289418 -17145199
896207943 -111763
844525551 181908520
804255350 -5090970
-562574645 -83639996
520115785 40553324
106362644 -101277331
204377405 13246187
-89794150 18205577
687923670 -61179246
-805666514 -255874325
128258344 -227904414
-456680749 74745809
62823008 -92099354
713951155 -42478806
594723990 118610070
815233556 -67404610
-282493832 -108040469
296341701 -36713035
121371938 -208085801
377338775 72287576
502434509 125934977
-379801169 145909147
727568145 -15828829
242844984 223597024
-841164681 -242995666
107177455 -264703750
799862323 -299448324
318093824 -154147071
652914833 -122676514
-381442841 -258995664
-677392404 102094501
220163311 -116208653
-788298579 -58016501
681898831 79745809
-640975996 23568422
-854677522 -22776043
416833805 99156380
279017518 -139876278
190494721 17259829
131932941 -32403969
609078151 -81089537
-842344492 35575353
-280925574 65102983
-187364027 -53757954
475342078 7371598
-251698465 -253736594
691892184 -132936604
767160343 172480795
515348495 -33967052
236532402 333257473
106491835 192939658
-658931919 185260759
172462637 157234607
32919439 279533426
493409500 -15266135
291075996 129236637
41743853 -79875220
-116976212 140071445
553655455 -29861775
48553454 -188914124
-33086195 -136999085
616866550 -67612074
61980656 63217348
-552886990 -132747302
-556812804 191109233
693794510 61777692
461843806 20202036
-99315011 39019004
440763741 -189882998
-292966435 124955166
651498499 -149675586
491182862 129966612
286759640 103901984
549390915 -63803125
-617348608 113188138
23349187 -30729286
-48722712 -45040248
-780895687 -97143820
643869952 -43095497
836191329 201819
39647562 169934215
423174621 173745341
935419421 193347513
738102362 -45012330
-256205993 132959517
-488587503 83551974
-224945476 28476845
712168565 129393536
403474529 38156533
-111995704 -73610719
-678822473 44057585
-702562116 58940187
39144998 32248872
-350459893 4281325
-204549461 238233566
93915830 159010888
832742763 -283447563
-546345686 -267527378
168974594 74663365
-960639791 -292730232
288590046 -7989647
-185605463 -75109904
-921147282 186192616
535786778 37576327
278893579 56086895
-671382171 -114204570
966707801 35939004
496633764 123302595
789302178 -252837201
-105086537 -9558766
-204303961 -20265625
-601947103 -15506108
-776464168 -185809021
-704198723 136753929
-453294657 253708921
563371070 172958112
72970784 12981574
-735098951 -29742944
-218071810 30262739
602377151 24263974
62272109 33901739
-438323889 18176512
-81468855 -110702356
67456863 -73151894
-505662174 126513883
-11487107 -40831393
-752909938 -193918321
-813542532 24957378
-541959255 -14773850
-328818652 266291740
-130547656 94854773
401598173 51476149
-308097173 -182046422
522889004 -107217372
493437521 143616561
-393597094 108342316
-208754848 187457147
475851806 -284864382
571502514 190011172
67331890 146009952
-812494038 104213514
588783447 -178308690
746371654 140739605
115953426 -182676079
228000804 -39477781
795148357 -208440216
-728551717 47696737
-125969818 -62549706
196690688 -105003229
81201099 136272487
212843720 -93105881
-428917322 -111521535
316600710 -42968124
540763312 74096217
-288915484 -128084407
449992219 -116949805
521254601 181983195
52554319 -99904029
930310454 -136588580
-172953709 143766971
-200870574 56528717
-249737241 -103835434
266413220 62898264
-550856509 55671032
60161108 -208314882
376186305 70094791
-691894309 24365762
-226167729 -253359369
24870557 -17585592
163909672 -160393930
-770963384 68288290
-495614232 58219000
-640741119 227624553
311245660 -42659281
40160151 84472709
903141303 -17985079
335525274 62492846
-6828523 -215416048
-716117215 19892600
-35256706 26401795
291475905 -187717532
-735257483 62587390
80011876 -118560964
-346990486 -57463873
-696540132 -21673807
-57266189 -67876070
494651853 43352773
-113246296 -19431
-791758588 73985051
357955259 -125634179
-336355761 -9094908
-480509325 34812498
792687492 -14469239
279834321 -102316973
-89849591 -168859424
690153126 192988771
344152670 114764971
299051543 -169971081
-770040262 131972534
905689160 -1864438
-23558646 -9276976
-293109796 46030783
246355671 -52755978
-677943578 60474160
629213018 -90290063
23244026 11086860
834723863 -103276603
286240865 34831202
307357807 -7169301
-246416822 -211377810
468062950 -146089348
593553310 -88190573
-678372248 -23506920
-40650420 56898282
68220608 -191981908
-230781163 144408620
-328837733 -25156953
-16465226 146816309
-722311300 -31943013
-104447803 -12069415
284406399 55024359
55956136 -180310214
-469720313 -115185152
365508283 66753663
29854269 -157349210
337262277 227638352
-861809443 -91962705
391190620 148149134
484194211 -41295690
496268369 -12198767
636668457 284192264
417719784 100118720
-17225495 72832636
522161392 -114856445
931375174 -179921499
-837274595 92092817
474403903 185980700
-804730415 157507154
593278141 40004138
61722333 -94279687
114944605 47470830
563893223 -78367020
-111517851 -124287372
-464910163 -284968001
813839728 -210367979
566221971 163622536
-655146835 21492853
321851085 30328974
30238478 175270771
-405366147 -12247503
-892970462 169365539
-204790769 -66137400
-54860125 159199637
-688345840 48587181
244051944 -115968313
-402463416 90777463
-201415025 142891636
-829643091 -108815448
-444881410 -29102470
-345101748 -139977821
-49168633 83348891
-798829522 -47417240
-775477577 93280521
-427904829 -192387299
-253870036 264272485
-767921288 -81677869
-2538479 155104343
130949739 -177824028
349611487 -37186409
963572891 189138061
-464153306 143431048
-719601026 64108518
559039843 -47428774
88362279 42251585
243552711 -122448743
-268323361 27817068
-201946182 -45054085
240731518 249775581
423082902 81812492
239254083 97947034
-894085075 -95262326
-718158648 50602398
855532377 7831173
-302871715 279626823
-286994159 -56181372
368506148 192019757
-348257197 128827038
-210126344 72495824
-164203807 -181666419
-57961742 53670366
229156375 205272252
368481416 174974859
-821063420 -22211516
-535502566 -122620414
753629633 -39583504
182465440 -19157497
-780664781 -74604304
-126829738 244998040
-384111842 -8031527
766015697 -217567175
-134721227 97687114
648834844 219190321
547735703 -79032111
-630145199 98890346
5271 9985
