384
-793538642 -230396944
272949847 112002885
-622089036 519980808
-406973726 -986757281
-663896275 -71071145
627263356 94258361
-354601066 639547148
-77165811 -539061118
-558984118 634358299
793489531 -330197979
176831935 -808600475
-399136580 187562955
-828548790 569521062
-114023600 -353167872
218566312 -46265955
-270788698 -37323511
-402704466 85801510
-588227344 -254511408
-632879060 -746022320
-205669086 485755633
-172897900 877471122
10528585 -582641739
-464422507 473988645
-197037999 -70457795
-439742544 167780515
-21929300 997483673
-491166495 -513715895
39029017 223306721
28209271 243107382
97847196 -12717012
-337261369 -966425182
-254863993 262677801
-27176710 284455728
2789801 127249910
-281294698 -674949681
53656883 -108370644
137092969 298925860
450199147 -124796084
78060520 -269887714
4250804 -970618759
406559470 316498507
445150124 -908853259
-447982073 -43603263
-617611123 -151841590
132697649 -273294834
275708877 -95171005
-56042989 -329775859
-360887142 -649429865
-553695439 133039984
-945368258 -1808376
-442623283 -281221700
-629282708 696964979
266341070 611377409
-46470800 -449481038
242004435 504595239
-676287320 764048132
-241352461 -285249276
-208522665 736975404
310764341 464954350
469836840 -754158089
-172751090 -310665809
178605935 347967791
272886064 -537171057
-314001919 -352288356
-867209812 760841258
70457399 237682981
-465181162 -360748984
-86456204 -249139640
61557042 -491368304
148632507 -330778968
-124396316 196863271
83449262 -673681410
-578295020 822096864
500107454 283326703
-496563292 -314614298
-500241753 866684597
-832466339 -67555581
-169824500 371350538
-258844047 31899037
-856710763 584219845
210236551 -96051217
-45688254 -673321208
-321991761 -16826169
81294707 640160439
159648908 542210695
203812360 306596331
176637951 -37268662
-651525447 816428508
503960593 647480605
683361277 -165529773
285772809 -363762955
749737647 -716258600
287796905 750898813
169498261 -827462442
-232612332 -261765942
425152306 -787338742
823169154 99748138
-157540260 -240648744
234645760 -880612338
11113772 752928617
177624181 278503478
-195266312 -335056928
-351211158 -720743330
133437827 -250997589
728451377 -678667348
343166801 -556662440
-231800007 157880213
-713541647 671402241
131215779 -265410821
32031352 -774572763
-224483544 -750458111
72182473 42657198
54318681 -835646547
-835949904 -110309662
-375627840 -167741611
391932426 -705342096
-651528927 57692244
467794474 -642260679
-623666544 -527319280
245679146 -207893364
-34387982 161304565
-479599762 668575109
809622350 181546895
-61776977 479989308
-27386888 -261309732
47230540 428805282
-674477774 -760364039
199816443 -19504401
-31667576 -493089137
449783200 -398644238
-204161484 889590208
179803333 -247666328
-412045468 -221354951
285953632 342744995
63549684 -624707193
-562684968 470944725
222180943 -278653918
-510701129 -642784584
319543330 23258134
366484417 -784213041
723538674 295229848
-253755994 -450139546
616201282 -407971289
88328715 59391692
-303060360 216363576
-300174261 546110380
-216409870 -527051170
-175579342 -547471306
-386641065 -846623052
406207354 16798212
487519495 978470882
-154511273 -393861991
-28449966 -427045801
465499168 -408104581
-786580227 875709448
435301594 457170156
72930615 -345163378
-309911658 414220467
-132937897 246495243
-198137701 790332066
119690634 -108847075
-145300961 -22688042
-158548500 276787308
62605999 138611937
-85907990 -613655529
79699509 45463775
-114218608 803962652
76996960 817769835
99831445 -230453846
-689432725 165870646
574008988 -656098355
444195173 575382068
-541069115 -894349693
847636413 259377087
-153438826 379276548
131582723 187611534
-485759169 435639844
-107652235 -647666768
-213528374 857025948
-135588030 -31934127
-150291954 -852572807
535342084 -641704910
840556632 622732398
-564561664 333451925
278012009 -28908691
153364819 -29898773
-705338054 679529158
86840697 441338753
-99971484 287934853
229603767 278798419
-368533427 -286357321
-478199839 -500841632
-642565882 -683507898
325930354 643053173
-322743700 441567459
-44742339 -518139749
-5493513 -115935381
976424922 -550638430
-373842256 -209326539
-284242653 -396558150
222702837 353835575
-110047496 -620624408
-435909524 372733325
213637872 838672334
-479073814 788178961
253744350 -479044314
83486710 -950175591
384501923 300825367
474869564 484180077
111387058 -18176477
279867121 385809625
-147905929 -501289830
-50994124 633564756
636035902 -436491038
-263168486 -45839579
562581813 -126950535
-263418688 637854443
-89148219 -314959551
-429184510 -782032941
-782300964 294750515
-991795006 -670640434
-505683592 619108423
-422185645 681926255
-28720401 -46202947
750498573 713210518
-51031680 282525776
-208729427 518783558
-567441431 -230274665
603845578 -957343258
-127164619 913463776
-179854945 936749970
-369378261 -87704763
-601389039 -168008769
259277927 66306032
-113053921 535697452
-343529774 -882423564
-490583078 -171841999
333655244 108754795
-574128958 -79622373
-587089884 -296379178
-537769475 -189786540
582790585 -71247935
-74651395 -655088113
44080841 -264636814
-195821721 892875784
546944472 -588478144
125283202 -349758932
-50419764 -286994492
-313686975 -562386419
579500727 53237290
-309992813 138918947
-628820347 -501240885
-550522846 198473176
-246649637 -111612965
-131274137 -114300077
-814686402 93295162
147920931 -877046850
-608667644 816963612
208092657 457029384
39603840 375430597
-122252116 450719492
-678370622 -59498134
143348510 -870383123
-446734139 -182454967
561869520 604890670
-679567217 847334575
134912711 -354088574
-417288876 968511661
-175145556 448373739
-84384158 489195297
-512195190 486774403
-122819528 575742163
429080844 793879853
49636062 769916978
-878008710 -219552193
-325746116 886895762
-197453951 302314224
663855992 -462159020
168893197 -745342507
69292547 -546574473
-723398617 -695957733
69455664 -788449299
-526742361 163086228
-900648013 843857715
417364939 22878776
131401994 863237384
986309503 -545552497
-143520246 -391762629
248286769 -337962144
569790875 218159770
-444192256 -925048944
-263739075 402087957
13455526 572044924
327227696 673845030
-275494060 17270313
-64162530 -915536893
-326882835 -260331315
-36490160 -25331281
-673982459 -770479014
462719608 -345165879
38281066 -225193981
-746279585 -88628412
-513935786 -442120375
-371649039 -693528460
-417462615 -135790264
-78194220 -559347309
-470780322 361268425
765614938 845878955
186944091 212797270
133150569 -52578549
-178103848 -768141498
-70166758 691747465
173459646 -119800477
358417809 349939181
98435714 -496852569
574540885 277800032
-150974598 -277211127
405567169 696833777
-504283342 98278004
620753796 -233570590
917832097 509884404
265841266 76598188
-756972986 363162710
-254157832 529604117
241531048 99637093
437039226 -508219954
-443876267 311169275
448824301 -798452981
-451628473 -109136037
47140570 266513232
-271680062 632387071
165170759 -345345219
48022926 -9197355
-25383090 1146528
-612538180 -76711560
-187249442 -388809212
357792362 -328389481
-417274941 -513409710
400132258 221394104
-909277 -287599130
-498609985 -227794147
-480171715 -861871473
863750914 -592982897
83064936 241455035
-599021572 -101800009
-261292322 719707513
324231849 -97990565
-682456495 291496058
102650025 -294159132
-501296316 286367091
-539971068 -684951442
-258994087 367165421
-559043580 433762251
46624978 -49120277
-178867880 992518685
126829879 131311038
-272582629 167402566
18741205 431233681
-861725713 497563732
-629866444 -496112031
507658305 83682473
59627134 -116430529
222621350 704858553
1632340 455912805
75950941 -390821490
-106216487 -620223385
-406921617 -178460
-323473470 819132234
-10770586 -236287822
75866580 -446947127
-137601176 -844557611
-588369487 -106197392
321291760 -440171888
-71891577 -10269316
-540212039 -271352144
-3653593 238428720
-619296760 204912367
-584161760 -598045079
-691597993 -59805534
370505296 335729366
654486117 -937266735
-773132256 -805789434
-35228305 738314621
-904128224 91679971
417
689297706 -229007910
-860511734 271789417
-286023778 -331015227
509355225 347844836
504610114 -697471968
-777516273 -7086180
-879638655 -796014507
-742175433 252755160
278495510 415377424
-384889910 -208623152
-36492433 -551933610
223162318 472926594
30859856 528145263
207203225 207878122
-668427929 -55762414
418461906 281426918
126019081 -981530286
262595051 254478695
-734204308 -121489943
-637374990 158932242
743591862 420072302
-439109916 -725937928
-50387695 -999759019
712930422 59052391
-335012248 598124648
911408037 -311103028
753835736 84214897
-28409970 32148014
-5774536 -145931250
-35205243 -257643247
-89327578 -398413570
-361559066 -14804818
353285768 -686015581
-152491953 760725097
-484724920 -291315115
388361375 -490481012
484157405 -142462638
275185182 -559747540
-470423398 87423887
-463500256 901830497
243156072 536355662
129689624 -337490008
74150870 901491990
202595252 842459533
437232855 -778985667
481069017 26349058
471099320 283855398
-211151334 531453216
-139122107 67394886
504960486 -34780031
-573089739 -149324951
261958276 -246347269
855972146 -433500584
782998783 222763852
71278266 -984382045
-115423406 601584590
562546781 -17199488
705430292 8476325
-351137538 258653442
-192098273 450526242
-156527123 220699187
-238564419 -610394669
-812470011 -454645683
785598782 649466307
-156013876 -758289902
-790767341 31628287
433786351 -351368694
378509044 764482503
360130855 38463847
444905432 10220278
445454683 829371683
974827227 4535750
416370136 -347975658
-159221453 364892422
247277579 -37410485
72155169 -54060089
-73709521 694416308
-481969653 -772921636
496168815 361209217
-150946904 123863130
508740854 188554084
-61013230 597979338
-406729290 189571891
-555437195 837465056
-256268914 49128115
824428245 568972809
-27352403 -144506961
246343048 -350288872
-486315683 -558253417
-498225414 -485968447
-241399258 274811846
456861775 -580191841
617112403 281021281
475930448 881233044
738546853 -521673017
-384202964 761953799
-126891727 -194464205
547784607 -293812838
368901860 -9407989
-253293945 978811073
307934743 -367550103
84788853 589880017
149991252 -739985217
404090248 664671962
803043411 -704571323
141393845 144256127
-151191066 -299780393
-560741266 408388600
670892037 -190153640
558598020 -329760052
195327344 -374799473
931209128 59355635
590220532 -325996661
606193420 273414795
86342210 -474970107
-211445001 781338300
466242805 9904261
-616716281 745186411
19048463 -671950322
-200904213 676829446
718660964 663467318
336692268 541411008
-355898718 -374151303
-496389376 -17287509
-149866576 211603935
-273975221 -5399761
-144280248 728128785
430511773 89204065
-433270807 -867393387
-938785 -9032598
449603155 78753293
-113070449 475908053
-18539782 66571751
697725889 -726931802
-619685320 614816071
-638612099 102447184
-708819517 -797902292
362913474 521176449
-75463102 439614614
361586566 -52453481
-575406897 76544681
-56842215 354725983
813555201 445933739
103494924 -98636717
73096217 -58069216
-250864941 -634931887
-101773440 -136238023
-615587721 -517886370
687959042 -817595923
155806166 -230362822
415494768 118805319
-30969351 -619880754
-817510400 722398452
879181798 719644035
419592876 680834225
551308386 -55343082
264632140 283177061
-414345199 -162396315
50298153 -225942006
-217971891 -738993731
133030832 223321940
78050723 24970090
846637830 289621963
364457646 416934723
-164830207 -176869712
223135675 210827765
-144783868 -160060029
330073929 166420033
224150736 -291490242
351110905 -552365458
24593196 -408872360
-759658980 -430793694
-340836991 -446276527
-186372595 984532229
316999573 174074033
634651615 488570811
-152690357 -46531279
-298841711 -437336354
202098969 91104830
645088483 532757279
255213743 -347220676
-194079874 -472714642
-204686032 530104100
18648050 970025607
-618273065 789432892
121994802 567276172
538459688 -632956124
-245591387 774084707
-214424087 -443487149
522531206 131514917
527640382 834503153
775110494 574225850
403546760 228015607
862537855 693336677
324594830 -666383222
877319862 81503400
168111683 126656389
25450310 -991531880
307044152 -490737463
-199670551 113463465
-782712803 356768374
61109669 -461460053
557840685 198340674
-551416223 800517698
-583475210 379347814
73977919 -288507888
594307518 396969314
892436992 -673376683
175455875 328678645
798608200 -159635553
689292761 -160020404
290079316 -421661340
-36184213 652662527
-102357257 -187832934
-152168580 358171271
105893310 512629746
777000291 807535404
-15051119 340105873
-127352584 522136797
-312290204 679877853
325713397 -305524033
229098 436201370
-123145226 -804649473
-973866647 -581403512
549296018 641824318
-217577439 -621701812
-435528149 301739989
-232257072 -117702861
679887253 401122697
-25471690 -298233060
741014258 -192733858
-5936825 -362121991
-5991949 -93770982
-33810049 -896289191
632619083 431898035
99774880 350774602
711210594 -788070497
92912012 757608713
-387332699 652548683
-115396449 331636511
-376625731 -127937622
-169964881 855178025
53077849 164615640
759334260 -698110758
871308561 -790909088
166252350 -287570628
77427549 206279884
-421882120 -775032958
14869636 496036879
-526472342 -705002283
-295735053 527678598
508978688 -425251625
205679052 -307986993
-323953521 513629693
448670600 229291030
-329364567 838041259
353068801 652038320
-428016849 349442097
-195230558 740995607
498983295 -846130865
227926641 -858534788
270318617 -542170692
126674269 -703115344
-550938845 -285801559
41395477 259358641
597088936 452932963
617988882 -53093409
258730417 -856832221
-688395516 599088580
-166348770 69458538
-221705987 -63985844
317142472 -399657142
-275964471 -520283446
-292802759 -368553055
329954520 -275454286
185562511 -724956367
-661123332 -5501366
441331901 125668112
-812174171 500842152
-279556859 311005488
-521666421 130400145
398563577 715420357
-472240545 -29600551
-662020203 -274007115
-801989002 269260422
53728279 626856356
-63549449 212561349
-63766948 158493764
308210369 -615342180
475312561 337974578
487652908 -483544328
-156765418 832778583
112221967 461015342
79673313 365197673
94696638 758519348
-595065694 -646820441
595371429 -62442523
-358017519 -896923997
-871026761 474005553
-697587576 398146342
171822149 723958886
895530218 -685552794
-409885349 664775480
440912384 642025456
403666943 857063029
-16975429 317877612
338161701 -808767320
-622334065 891649683
-175799545 436501603
-625363958 156827631
-77837759 533528748
-301065107 -547655065
-321447146 -706132405
-136882137 73434562
115646084 -130534616
689257343 732493171
49055053 200498568
-476147567 590950063
229434077 812648410
693573061 -577700720
-384167207 269130970
-2156856 962978333
889533793 -573597856
-56096455 -764336736
-667568739 245557319
-352916544 985723272
-418013323 445119571
718227987 -62716291
-607748149 272625892
-449493339 820340013
492293850 516158984
61170306 286855738
932104586 -175271309
-233312174 -103526451
409649399 525277108
68099716 304617725
-774831001 -96494927
242572141 545197237
547072289 -196751797
-39512690 529868750
-551465175 383049501
-105136060 -517404443
-306588432 -658820444
-650385270 -967534710
347177506 -544797138
426824026 -675920167
-13898517 529360564
954969417 156477518
134361391 -18327570
-334940273 -708662067
-219501276 -282392646
-102566549 839662199
-348817874 641624028
-187586814 504860428
-75572001 -946471794
-384969174 457144987
346979526 989608030
-177017769 362625910
-310415920 -118706651
-80854050 200177055
487891380 843125158
259648972 -718091381
339427420 -467218890
182445591 388468560
329314149 -584911056
-651123926 -566593178
-613385770 646757626
700497188 102857089
-334421512 449112797
338512159 -322636215
220137315 -210224291
288648045 857578820
-638100904 159187972
-642277104 502618389
59745542 417764259
472326934 160384204
497225212 127294472
60894420 -366900394
-876611500 -324925385
495102293 223093285
248897162 -250944358
-111366610 491047949
112114772 515711735
749223907 744409220
-314876927 100302903
-186222039 173964013
-757834270 135909685
208246368 -431276560
450651673 240521249
183008002 442855445
-136420486 42924507
84616633 417660626
-110613230 783848270
-136554275 -59863444
-500481090 -953629288
-275342681 757077788
93700399 -195625973
33404622 -551788220
-593630310 -198072931
134773087 251989809
-504494923 -835442189
193348069 -55546102
-787356333 -842491447
381918598 96078161
356904196 758844860
-184869495 43253307
276585487 -390656919
154716981 29505115
-19167208 878589089
284639131 237969678
113280205 -761649601
124010190 449054043
-476917078 848635063
-69408043 29416537
-66909062 84115302
166529614 54661801
222216602 -81695019
5275 5722
