994
-187115786 398898494
-101642668 -69951681
73811491 170573222
-44116028 519544395
139504428 33457125
255251054 -322415518
-237394694 287278284
125686724 5845607
-281800033 484124480
-143689080 390861261
-176504745 658828189
45994123 -261694696
-346561883 -608922767
-108665145 120351015
51200253 -5471900
134772247 227881125
-112432902 359654743
4507267 -808475274
-202647518 -141242
-128486232 -163833085
33203646 186625676
41639619 -750136289
413097210 591541886
-42296706 -206784045
6751882 -419357928
163686107 -157730980
141119711 -734994063
-63531910 -8069181
79496096 -741041159
91176738 92523183
130777429 466591594
235598855 -25860213
12610024 125849113
158566563 -122638861
67970003 308045408
-180047060 29021798
72947993 -269424594
-300781945 -86608042
-40178756 105406647
98705521 398696204
13547577 188645208
-23309418 322899621
108722218 -230962047
-41199795 -164190264
259273357 -458133666
298635535 -98322085
169189928 -60450818
-21840794 -603937554
197914267 180215649
456931798 -97063303
240149974 270597676
127381989 188168152
-614818 -523462340
171831349 -337219720
43093351 346707187
-335476050 429977288
60590765 -429233833
-46848770 598741464
52967178 182591457
-9122763 369680213
-189383433 -184166677
-99611352 -449389092
66863924 808496886
-131756548 116562832
173243956 -393655902
-238654091 -146930125
-188178926 -407288094
-291851137 -272713993
165624044 197892165
151100080 -341140186
-239242615 -16374177
126946883 77298778
-102524634 509352970
12541224 45841665
287874279 365337517
-72274765 -404248724
-179964329 -355071771
68420402 -17065464
-96981519 212819144
-242820501 183483017
-204819817 189903655
212035548 -148287145
281479772 -234502866
222378560 -362791571
243520941 579610756
-244752254 -249038132
-435989148 -214786990
32704831 304947504
-47609560 376131992
38102958 188027554
50412781 -807153857
46988647 526110521
228947646 410798683
62679320 116522162
-117060941 353206942
-89159511 528404012
-155120884 175966666
-115550763 189121479
344672968 279130305
178594918 100481498
-120576136 89583795
183621353 147062506
9933414 -215987188
28536328 -357551347
82384122 -81134538
16572922 -50491266
-185048906 -378078915
21220466 409178940
175947849 13994709
237074050 -48528247
249529466 23230695
-339957629 571871308
-143204825 241225218
-205973840 -392678879
-54893782 168456003
22329327 91470996
438720485 637797073
-352605400 -275876165
253806250 -441520126
-26329929 212277817
-310276575 -517404409
-94565923 -459226341
40532384 260436245
52338349 62430473
-362755549 556739667
-7231838 43548916
-141128344 391160121
-28537454 166184307
112228334 415344559
-89441726 134991374
70275070 287753692
33598172 325387808
-46664658 -54575174
398220808 -23060847
123743628 38234465
-83515317 -770796478
-8503713 -114474915
-86442511 -25802261
210446725 -25214797
408310002 12588703
247406194 349254255
52220070 -119106654
-125703894 -259388870
-168737996 333756804
418654608 4740303
-83209118 -49663471
489757732 68066577
-288033919 286329016
40743829 -133737746
-100548022 -269083514
-249804574 112027305
-57340407 631471343
-424368099 -310474726
-35163295 -533692091
24343053 395339427
22372569 -30227241
323117898 -66132280
-61813868 213135177
17864261 61377348
-3709874 -338664614
-48299694 -196975714
-446227336 292144602
-37397055 -156747999
-46974901 111989030
-96071954 149927838
-360319183 -470915020
26246333 26689385
-145475313 263497939
17063651 113482603
-297381856 -140228502
166499792 -157177772
77553867 178847779
42023068 -235338138
-201221166 62848554
19786358 -832259289
267210525 -363595132
42856513 286832406
193947755 342977499
220839340 -895615991
-268352998 -43575137
110776708 513864718
65528156 -287178500
354947929 124857768
927386 47783718
132782463 -134979514
-93759438 -81094647
-112965306 -69675801
285874095 21099364
-253336711 -290536447
111007507 -677238318
334172750 190082869
156893567 178300358
-85245354 123769807
-6431055 -172650560
-382058225 7495837
-163979064 -23626448
-27508725 192130503
11339412 390415935
107996517 -175934770
-70549151 -220039078
370144157 -247697076
-113188738 -580119647
270462324 71505291
6879446 -27399666
72806334 -324389009
55551622 138709362
-254273329 -849499613
-282114928 190269781
-143128990 -368439440
-372369463 169436968
-379001773 -327123852
265102311 -212364627
148287206 244689914
-313106964 593036241
-69670428 -54656842
332227712 -169008575
-365916592 -76497291
582173675 324247429
527749608 55410830
-44777457 68119884
-65791919 -57196689
96197132 -84167476
49875363 667131581
184255218 302944194
-122537696 -136224331
-369807673 205586991
-66224689 361981580
-109457485 325320706
-270434411 323173123
-56301733 -502478651
-432190500 434101635
64600176 804421443
-3920978 109004911
-221937947 62310674
-277809159 -274454995
81172672 -29092295
-16667955 320581223
187061472 -43911568
-175413729 222264820
-65518004 -217724072
-118019299 7235219
-103078072 -136982721
122080153 50462264
10719957 -272572272
142514459 -34758737
191499824 59945873
-247788822 -141879942
262642968 -60539891
-216211320 212889671
-148963945 697901916
543835811 423212790
368242286 499285829
-7502020 84981201
-558311222 -324175785
574336286 407568155
-112247468 -237160612
-117346249 -565691007
169801438 -114466874
-270265697 -357411535
-71354531 112247515
9085351 -64474672
-94512837 955012232
-56422018 -54783040
-279040681 -224665864
41507833 -278751954
7569656 492154957
-184597900 455793900
-242586784 130887508
-12896783 -322633018
-10430549 -332270582
-373534664 -635017682
-191759975 -27995361
71465711 468489693
-292109746 -361141677
-168562045 207693241
100068381 -55505064
133728212 -184199382
-609782632 -333454679
87485399 -72920607
-267945403 -98592606
-79613552 218614157
-112027097 503423761
89938250 171700883
-294978233 377200502
57601423 68614455
-10400740 382474400
-118803946 34496014
-244167174 -642049009
-274712 283678334
175196498 -126580246
117268002 -318863286
79416976 -251041865
-120486870 -861278549
-214929667 -365355744
274900933 667619780
-65821597 -351442435
98232596 75918512
-456531091 293475280
-108251081 -294641081
-140729865 16617006
44872553 374825847
50692516 561464382
-227848706 441822981
-513194228 -321853239
196751395 395245537
-90133494 136072933
-32755629 73983111
-325926065 32542788
294773516 -150590173
-29905145 -5760922
84725096 11217178
163687485 56921545
35351975 -48374543
9619964 -54062381
-468144516 381734795
214498565 85157637
-272057031 -43698225
-118216394 177428061
-32704389 -56733636
-21657172 150126154
69543892 -337463380
-107167358 435459342
44495324 -265141743
-63329647 -55495558
-228059110 163959548
-104014799 389650791
151910429 -447358586
276232320 5572580
38982038 -57014338
-221886272 -311091220
179278086 214079081
469636529 433748337
130193378 -630032181
-5388028 87108199
-48875118 177905181
-37704832 -434624690
-178041395 466010522
13675976 -237212608
286793104 -91558824
11891117 18214091
-52574993 267238178
178920601 -101076579
198405522 -19737368
105350311 348154350
77583545 -27815380
-41691535 567805994
176918481 175492432
105172946 -215080565
29915252 19949876
206507844 -427726201
-263845222 -739949936
307096166 -433792017
-221731593 311603037
-218645025 -530263863
-440231279 96881322
-5891592 56526757
364974300 335114793
-195218746 -295053169
-199600624 -405761961
272453681 378103453
-212755966 -152785991
259137788 -223104008
226569773 -130724072
43982956 193845966
35636421 -553199055
1787351 264623836
186855822 114942426
47845820 -180609478
27414285 30970484
340195436 -53011521
-23241353 214252488
29225591 346466461
-71986913 529081114
-450752170 254784642
294857076 116470476
-228718893 267553721
1123382 411621953
21268452 -323762078
-237377892 167122435
363740456 -243132706
326781235 349231185
146566412 -573941694
247467554 -323963365
-190789102 636380685
140553164 185076404
-164987608 69209207
355697953 -182270072
-80570351 445770839
55223410 -114000736
147107269 -71802467
-181703799 -391922670
187410845 607217175
183198475 -661051663
-177013463 -87142450
-85372602 385590757
-120842518 482462834
-100611112 -405412455
-44025230 71068497
-147639081 -183247449
386121546 -450633439
-199544534 273681777
-2448979 211434741
64453020 -229147452
-28932505 26215486
290013594 -362104693
-143715743 209809100
62498504 485502829
-17259308 334131969
104832862 70328847
-152231700 -380835870
91617664 -175703001
-144138320 -443541155
42561061 -398369200
154777578 176745592
222177785 -107044193
296593424 181495219
-266703836 147443807
95382260 -59923100
275264838 -350194955
-45893288 166148758
-98902109 215513113
-313708637 -193335301
-468754147 -277162393
141947629 -213733138
111279257 -12437768
-189735006 -490802966
-363934236 39485744
60147568 564067665
-21111584 -369357126
-55399161 -200285294
27471481 616887972
580592778 -76631242
-218484687 -54370944
152579034 -29262444
252670116 -82885922
148688404 58306528
115321369 148315353
236023233 168086845
130718789 -114848660
-241148697 291988684
-132901466 -569893
72975602 222632711
313675746 243240135
132627138 269714441
-92844289 29167970
-103155813 251203577
35543777 133361108
3756154 -253262050
-14171435 -325473447
211522634 8993275
-136327831 -485386591
126185162 241856205
-178436125 287224198
48614806 265556983
300645941 -145034220
23806784 -360154653
-158128211 -139393081
170083224 -75368605
-107749209 -73520556
-159923197 525546088
21831142 -105524751
44396971 654523187
-73578189 -543408997
442992627 -260240649
176660699 -118312769
120457195 28841733
-9259651 -448305566
180440092 -26763872
315376714 463481552
-235884201 182797911
-325136614 -445648854
103621617 -233911526
-185300463 -146934803
100153679 -68336335
-66320832 -53319183
214971242 9493283
123934875 -276507057
41101551 -71448590
73903818 466314130
-6179594 -338650769
185676958 716786192
161167861 418645274
56114815 271067914
145837233 -613017619
-1205404 476132712
-26672369 108639908
-225242119 -787014859
8963016 -340987718
-179793282 124333656
-43405892 226044107
49042618 231948794
292040166 401789680
2768452 186968554
128939911 290497182
387966829 477274445
-78426787 43762285
118641236 -735132986
134943477 273270349
-319817975 -855467078
-229259413 -28555715
80701333 -46756020
6386519 -697139251
-130095028 228391156
118666096 482798656
90418726 -101266967
-288990544 -563209491
-112610749 50896538
15748306 -273218678
260223582 367121981
-23319886 208862248
-253336097 113296478
-54834752 306075909
-50685504 33525336
177141010 134449601
339249091 56790316
-442545130 14969945
-49694963 -117906348
209595463 -251218493
-202305181 227132562
-166468 -13862303
-93384946 -255471498
-20051408 -22852860
137609153 450153658
-81214626 511593022
3838084 -215293114
-19686421 -42075657
-155975505 -155765173
193091749 365849995
179524039 -593012175
222657748 369461743
-109481533 43370386
65594922 143413009
-15247685 397802722
199306676 -98032578
-18892884 -262784108
35123428 -113369929
-8198850 -614909767
-704760 -87960108
-594272657 -228423709
20022035 95125872
87335282 77503899
-388105261 264705615
168778709 -87358656
-41088588 11698898
246196161 168563657
7131727 -48921355
-43388807 -38663433
-110449599 -97787266
-98260622 119767731
68898838 304051232
72489396 385062525
322331272 -896602379
263119586 90894941
242142665 -352917401
-139164633 -95780081
92162859 -62004134
335863987 434019447
-183397015 151964901
-85643439 75603862
-91945419 349101923
-283120205 -110488789
236922147 -41931974
131144421 281796422
-133109539 387467658
33157632 -482433061
-66526732 110969763
258779719 -526357653
338363718 3403630
7038529 -586196231
227562314 -408566964
91458554 -381566966
-120239192 257216603
280362689 157016250
30350360 -18219653
-394846448 -118632197
-220936502 156398682
-50147034 309105022
-302685145 108919533
-450514634 -113154797
58319315 112852644
-43462382 -198600901
50460911 143551227
-83649729 222303337
402650205 352030161
253094208 3972824
36802567 323038617
311850975 -295741278
12779979 -158268731
-85690125 546669754
38383448 167703620
310906275 -87137925
207203753 210708898
-13281146 -93330121
-53376430 -111965875
64187112 -6136184
41581675 338115891
176669662 62527224
-397763965 -255039719
-48891794 -172973708
-221480956 197586152
321881080 -324924783
91295563 -704818332
-386326831 -72233068
108459441 -322593398
-28177749 -115361933
253850572 -429716622
-86327743 -451642745
-238030921 137745314
-181897436 -110376940
-107554066 -437567667
169758000 -34644320
-113624282 292356125
35094127 -145008842
296247620 -130631882
619951779 444587016
73456567 360743809
78629740 -28748702
-32230474 11250465
-214358201 338276737
-167858410 132234203
-119624312 -323472962
353620084 514237172
-151197452 -12098675
6886077 -107981324
256952336 232574640
179111420 421146109
138024906 298180539
11262805 271792322
230947879 -302401903
-472004453 -312942326
-29487472 -506992183
-59870117 246096335
22889516 -555513973
184426482 -81628183
-158397365 241317052
572356329 -214915088
-56764896 -42187086
-318467345 -183545573
274875809 26578923
451778261 -52247240
286695050 -454443558
-47043727 -382157956
15222591 9892320
-188448777 94378329
-208677742 268361244
63755020 -224897014
70172072 -214920923
276546153 -409959934
-19299829 365111319
-103958901 -819342534
190913696 421221517
71614234 34264551
8954984 793570566
-207242967 -8238332
122357109 440484956
-152565941 -413233453
-109717165 -60717907
58528690 128106295
-74040372 392308378
-147418369 49703207
129800675 -191560265
199968515 344256864
-31483509 410107683
-24351010 -181243639
-180278040 356326102
146274455 1406254
157551188 -249191965
197006749 -242101488
13469068 -25713601
-18311220 58984305
275640882 395690935
53508520 285153815
-209748794 154201273
244492797 -64033610
329167582 -434821771
179488109 -190783254
-225905207 226411822
-387685786 -128829848
48842565 245097725
164964258 -45486268
-259370127 -417116964
57247605 -442108918
-351619888 287959390
360804993 -213208329
71290953 -264580091
211218984 12192565
-320965638 295156283
-69156949 311545596
195474255 68138185
158073585 -116448568
-54880210 -56456638
147524155 343911997
210621033 378278625
85664447 -80679774
364841840 -321201990
236039598 -59638061
-164984455 -492947897
-119106862 -178737746
-133166014 656803959
288312155 463709584
318160429 -317805004
-38520232 329509580
-56548027 -161577954
279172572 657745339
194214052 130596567
127105821 174797058
153799326 283646630
459657792 1401550
-637848932 230897117
-112715964 131255117
-171141936 -404066320
403142675 259158070
218475239 603986768
65938659 659223954
-166735185 205046955
338405924 -459220318
-257398946 -370400420
56024688 504985716
-65882473 218377242
80840695 569658228
-266563960 144527157
-268644532 -159117984
508642136 352719666
26316817 26830450
81163179 35517329
486509385 462696568
-154153249 -502913174
-70125742 36244078
-126555422 515823519
-226576622 -498762783
-325053866 -370527304
129709068 453913742
152325386 -39626975
-208456845 -352564313
299671317 144316343
-60235113 -496736702
-42932 280498597
-382734578 76004525
121013430 -430301913
-48988620 244646700
-71846786 176292064
129208515 -503478301
-196188116 -336752675
-231602842 -483230202
-306225886 296756858
-4581019 271131232
-130762321 408936440
178594547 161210287
-106937079 266568641
179629735 536770506
-387938549 -222317890
765418996 -412602171
-48160901 -295532320
195878077 -620068782
175881023 -325450412
-188141862 -41353930
-179883783 147631931
21961210 -160511576
523445965 275319430
16646487 -295423229
12548905 -461577676
-151583914 338672481
-169622431 186206253
117631367 -45925915
-107240110 52387548
254941885 194976735
-73581300 329788333
-162786763 70415176
328280920 14645915
-214176528 64494266
143027026 -409689191
-199777555 340947421
7338726 -327806868
208918793 213498321
-185882219 523058518
93032839 324305219
-12697769 -5345944
33950654 -209683732
-154857055 52727503
-12719599 249572131
48454962 241392478
-137975868 254615651
59354526 309665936
-126344699 -374168556
98179963 -240873006
-145497505 43069205
-7734460 -60485336
-263451416 119813876
-184070809 -83993852
13278547 -642781839
-133033880 -239672878
242397789 485095436
72486000 981842918
402882544 -422793996
-132088467 -236042322
-272204248 157171430
22339243 -340217857
-239780744 40626485
79386311 321854963
-236577309 -469685662
-166621572 -140319703
-126191961 205450630
275579451 -14891133
284230480 -52100352
-50872488 -8326444
-261294017 627640565
102964447 -61789054
-19124835 288093204
36032096 -477675021
104299585 -317196373
94533899 269383524
116143983 -581866417
94978453 -613194627
-177625813 -5046636
-179002487 601927736
92797154 298534974
-432401806 -86715947
131802767 -272443546
159566795 -280646958
-151665905 263155619
243254307 -144798841
177022891 -246624681
-296370336 89103779
-166974181 -461828503
-24513398 -1438535
-34652965 500584923
50916401 -379915896
302755777 426730770
52909303 228221461
-307260626 362237865
148787510 517452995
63650770 -422560239
236767844 49820394
46875834 -222594426
39302010 218709941
-64667834 206678094
68628104 281756394
80002422 65177117
179302182 664922660
85862789 157320278
-108513831 -185333675
191516673 -542178287
54209945 -292230965
220353573 346533815
126283851 -579936490
-249637145 -369179340
-73638432 195652045
-121664106 -115245084
105748129 -215852504
-32297519 104134524
-142879418 64412734
-74828756 216711778
-242836570 226782194
314494154 36288648
-33539017 252309174
109435990 -155764414
-68317675 177080421
104503933 -187435448
439223199 255480862
119721689 -451935568
14410116 223208835
-166394884 -572204836
-17442938 361641108
328785715 -9976724
-33278584 350092357
-196220834 -554718145
-88339923 -122711348
268652020 -753780701
-313893429 397694330
-66118284 353215762
-45112417 -263522762
252749658 411687997
-49244824 -97520481
15042950 -55259310
-219321006 -155108399
261653693 -130114033
-18548269 -135890046
-322335117 -397668016
297386777 -7523586
-186984146 626638389
-259787781 -385441655
-54744501 627831147
36372918 266331351
237957251 -513363185
-36559166 -3994653
193524997 -61097254
24701417 -582910448
-63700495 -542749148
-315272296 -368518167
116293893 -374190014
-276074852 219060102
152673668 687509340
-141333328 -329120534
13617136 -114143782
-453543594 -434450456
121606524 292875368
145072625 298229527
58185603 -245116493
-134947507 -189614289
9822657 -48260376
215715636 160086219
-178212861 276863807
-259196654 7957394
-42282740 630062981
-241474567 5604391
232529284 186966831
116214843 -25909504
320597947 455450086
167207262 116562265
-217500008 -495178358
-2302686 -103991566
-150592636 -339147021
90948274 12728376
-86132071 -199898020
-210471062 49319589
-224206610 -242584753
-71404256 474804879
-54598642 584976845
-139100472 -237671754
372657873 -51558243
279641832 773797278
431133016 -457004502
212281741 -334299664
4699853 204536965
-16927952 442831112
-7904600 281975111
51248480 122353048
137557147 130852539
-191861999 99802863
-75390930 -275674046
-451855045 178491738
-66446130 -549659304
176340738 -676105652
-339408313 539104130
-114649403 320698500
-55726277 323172887
-123569452 130751780
102461 -334587026
27913824 479237563
-67429633 -312310553
166931137 -581505589
-229261123 44972804
-66052315 -644545408
-548526780 354020150
-32497812 -365809758
91632813 619902727
-181367118 313665598
309764042 39069761
13031108 388886537
17552681 -320996918
-126010207 -470927317
-250783294 -650596231
358916174 715136216
208272783 188501441
-328537831 5187143
31975352 -45233395
-159503283 228429960
-201353602 220481308
291097657 -130472717
173036973 -241847757
-566010602 413142283
129839396 227958914
129194560 -570784558
42872976 -202951216
406462724 88998591
-147048889 -400591878
119463448 -347084125
3599394 -100213722
-76967572 -165591905
395502233 152523546
-31780825 6176989
-338842095 -66557285
225662266 338677484
-166132186 -451901370
-287331002 403537542
61949978 121483943
-471084 246478634
245740973 -105368394
-214978896 -80313014
483084420 399617633
32533569 105227583
-399776999 184139150
-117877579 346615455
346160578 -34424076
255935491 540110135
181352934 -255222490
170706393 60309227
265041828 -175850449
215173958 -296570
155751510 463158039
362817634 249277891
-70621522 -88338182
342544898 -142370394
311678471 -240195077
1000
107350553 167159436
-40527596 -1872348
-64664693 -424021498
551922 452822979
-50869033 -219989833
47500320 498051576
26619789 291606761
-8315584 -36092332
95434115 -166964284
11020750 -225758866
18594308 -307175203
-40356590 72370653
-54753081 -78704537
-33854134 -269573937
21605819 111987571
-71040563 -143834781
11288927 173964710
-22273973 -694361758
-5077250 -14955765
14052292 311865820
30413417 -439692935
-110649787 181499602
-49298125 -110092172
-36291942 297714417
50022337 -96789920
19900361 -115626036
52347123 -458068287
35549070 476920710
40514799 77451326
10309932 -443484313
-43466893 -228153142
14802766 373447898
-37948032 -236022065
-38095930 597416819
5027098 332435452
-128173284 363159142
1376513 -360839315
-75716278 -243442643
76357545 -277076285
11615703 216508454
98490672 20972964
-20794843 317195714
45849745 -698293675
32977675 188482255
55769218 -510150130
-19590141 -364925144
-1376562 162305112
-28560825 -728425512
-6546677 -231512053
11209570 -109110642
81906185 -764516902
-7292665 356462486
53116682 -237502784
9333896 -31071058
-5629399 27008399
-58028217 84332290
63243288 326319986
79140039 -577274931
-9030779 -153859
-52812518 -505697309
-74716622 -41447528
34543710 -238125098
43471359 195279336
-25643191 376235569
55567045 -53796199
20722527 -216016928
48138717 424605903
-64670642 -196153
-126587871 -4568557
-964415 -19967966
49745616 -335845636
-53202863 -1980163
-47083642 157258651
-26388538 302556345
133771054 -381487961
-43806089 141895714
69515674 -119146536
10191797 -261010621
41976540 -254705060
28642609 -102437503
8966717 85680383
42599167 79653736
-1701342 125155336
-15359768 5675175
-11065213 291726173
-92489554 -69503611
103431908 -208510494
8334447 299978197
127197840 -211066822
-5843816 113391499
55826762 163440053
50337735 288717444
-12103097 35591760
121606966 -240267195
44244181 98212195
-71867763 -115270107
-40687370 303424358
-32709379 50079269
22706059 -26596322
40264097 604707891
42401504 -62761903
22145974 137688755
2047650 109884687
55207973 88511729
36603297 -114253228
10045359 -332722844
11208879 -512719278
25356805 -191762050
38843256 -87470818
45377060 280852815
-19350345 2283231
22075399 827901633
-30297650 -238790074
36716735 467817906
76945525 -129546274
-162844 39015060
8930538 348984988
-89381224 -214837920
-27835561 356157864
60717762 -857262796
-14505466 87147220
11290263 -196840944
-53423950 26705798
-3657731 -47524800
36799311 317992454
38642613 -105260343
22414754 147471183
-34538498 6405259
38016147 438346675
-25007912 -285540272
-9102975 131110927
-61655394 -17403636
36872259 -113012868
-117525588 -637259010
-107852488 -585023826
-101931511 -213269037
-71751318 396289330
37429905 201491766
36775109 623315512
-5448975 -116864447
-10404331 52903161
39966725 -15034532
-108152216 388598589
-28969018 -313945512
94754864 30304432
-49887705 596442524
-37707886 -382189297
139953694 24836935
17346810 584896949
-112865382 93217336
-32600135 -206525276
-65912192 87670738
40331666 264650315
22521245 88663044
38061023 -348630000
-8227182 -66509978
101089322 564614804
71225946 299203992
-4999032 66370316
-16905131 -341527702
57722822 -257615912
32204203 154518705
1784822 -264179171
92204854 -18062425
-57925428 -27566247
14685690 -263224884
-1480768 100962285
-43400886 2470924
5662891 -1866389
-40078460 100253131
-38426057 -387904497
-27533273 -145000381
110536418 154027325
-11205365 180033291
-20804168 -291632576
34739294 -364575506
3501872 432689348
-29338559 -294805498
-25893533 7771598
53189620 494013552
-23928805 79433240
-65207031 -146077480
42124976 593162051
13830491 69296591
80421815 -21253293
1692566 161830452
-86527179 44349712
38903523 -320171617
-26759930 -143919324
9488808 386825639
-48818133 197546041
64164856 3587110
16173895 -750273880
62313927 -334015096
27567675 -372103497
-40706248 278336221
41394263 -698884604
44485390 -316116816
54921080 267298848
70085625 -489196784
-44193165 -261333916
-68580883 46848840
-85667298 -846577124
19665546 -65329484
-38271766 289295151
16813351 -426712210
-35648257 84410526
-6872559 29910535
86987266 -450922309
-132842922 78021982
61969795 917029446
5347193 56209324
-2079368 -234995175
-15694615 -313073237
34168374 236548832
-39024309 -9812052
-41726264 -156811812
56934979 -419154191
66935423 -330150511
-70680134 12038041
50779081 112078420
31688836 -347900987
-56423197 493707354
55281257 -19975295
71438000 -139725582
-88850856 466136214
-9755335 3525265
-27254574 18057580
-14300027 -280521711
-59238624 45924869
25987612 -23747606
25927184 530427534
-23287326 81925713
-51398578 -456537730
79198111 -433436518
-50560335 -510544521
45567745 -366303582
-20620010 203965752
-76050208 -269536429
76311819 -183466248
57810014 311368840
-19112420 130333153
63334648 126262774
-5693115 140248835
25171461 -33783378
92241266 77376877
39558453 -164918909
11950846 33544299
28619664 202030762
-24784944 -250816546
51463141 -85881985
-53408499 3768568
12159865 -253576140
12783921 15867421
5903535 214515931
-20866124 50377209
31104477 587589180
-57273404 -453432234
-63832596 -26437765
-44538238 -106592962
1530368 -377638972
-17896975 121490563
48083287 399859763
41809787 52113595
18899585 -109612797
80314574 -146156543
23512580 393143735
-6423125 373326965
-22902506 109430620
35382101 -127655661
-35970949 -296717483
62694290 51936365
2312612 76010297
-23527518 -262695785
34854629 -108859066
-27828033 -48154082
63303469 -111102401
54825173 321708241
-91793309 218715411
2478157 470721715
-42035592 -298801223
39300103 -426182330
-10502584 -532976417
-33373977 18544183
35100862 -19524598
-12629755 14198761
-25847773 228049263
7059065 11661390
67669446 359974950
-37282916 -31715239
4548016 -28546593
77079905 276590790
26246755 313392800
-120267983 -222336980
899892 121812025
-35906447 -21873197
-68021021 -378582378
76299109 51816049
56262401 -244393284
-6018719 24585784
-5001048 12389339
-36444201 47411844
38374128 102748772
-16833814 56338876
98594417 -17391591
39157861 95059960
-61311811 290717547
77976748 -618544694
34370214 -602820187
-103229262 79611284
42607145 -200631008
26089162 53991970
24036196 81466125
15530463 -92470543
-22063503 -109914210
10161939 -42097006
30157085 -177910193
-8324848 -9691924
15034605 -181854082
-35970699 -116231716
15748093 -387460325
-14682767 -102663445
36840026 -469293120
-87659591 -179401248
106551989 -174325565
35408213 -97942605
100342346 -394242943
55964031 -534697171
13584744 489633841
-7339053 30137907
-79593296 -229622844
-35120801 -556814955
83247193 -239656253
-24493315 195332547
28440085 133469657
-22471478 2324322
6703890 -153436128
-22068295 -221108407
-4079055 197022599
29548776 101772973
-24736786 114206766
62129777 306894
-38955880 274879309
-6512589 369378145
-47174710 73549102
4192463 242140578
43015417 -55148988
-38608234 -8121667
-8597803 -164047944
-28068200 616254309
-5536941 -27171863
-37153379 -156055040
-32898393 13543600
-42198922 -44797127
43209421 215719185
-30815345 -284799857
20833803 -41368630
100311324 -124198930
-22333757 397559306
-25347254 333835141
-30140596 -368829499
-37649264 166031819
-67071411 -177934968
-29907576 39478865
15923770 249402427
38861485 -345612459
75183813 -188977660
-16898484 418516612
-17011104 631210350
4272887 -38198821
-51744535 443667047
-48063616 208836042
20668476 153013552
21583352 -176377186
127464232 235705830
61054510 265039985
12975984 -196072886
-155266329 194051237
20544240 227425585
64366480 488926937
-62722230 -86899935
57238606 -349246588
56943082 72333690
15152517 78258695
74256606 -506866630
-84881891 30568068
26837912 106751017
-104493768 231939146
11988707 -341500643
12053590 -454752686
-42877056 112467192
-93882957 229828762
-102593808 86369776
-59870941 167638539
-10082532 359734886
-30386461 184079245
-48017188 -146569934
-33533048 503697894
-54794904 -36302574
-107764453 -135835522
-26404458 -30350544
14013651 261964180
-36906795 19198581
-75796015 -301673324
-58214013 -541599426
-43615624 69712777
46584987 313205267
-14449882 408118227
-32214763 236524740
-25673546 433806311
-81809739 -87575665
-68205724 -435445760
12166263 337974688
5792203 -201507860
-20411722 288604687
51048310 -560110907
-33761291 289452550
-15386823 -404498220
-26492283 -321628265
-27130088 132195606
-13550444 -209519392
37509925 -321026469
1159854 312731597
10389487 472591843
-77819574 310432419
51231644 -62106855
-56135312 -213815993
-91185795 -8100534
63534841 -274212230
-97659497 100255057
6794988 -320345864
2833825 303855763
32147020 218449928
-36097483 -131065816
-44136622 -496989059
-59738482 -99901262
-37719466 -56658321
34727763 -200926752
55431607 677971480
-25421839 -173362681
28241038 -74379568
9707829 -460504392
-28764818 -232807286
949691 -231564743
12548429 -113148796
4337975 -201462147
54208501 -15590951
-36025133 -128178713
-16943624 199682447
98743334 431325993
17018762 67042227
-61546582 196202353
77904443 703587055
-43818227 368598262
67179091 -162411601
-63834886 -288869427
62105698 80817045
7714710 -407018485
86818042 507213696
-39170823 -336268108
-26066516 114027564
25322585 197835594
-102723805 113142923
58707376 40920619
50761662 -165798086
-24967954 279451401
7310185 -589959098
-9916807 122393222
19723752 134181333
-17292216 -290798095
11458058 -38887702
15363611 -43224351
18754291 218778873
-33628370 268742617
69106033 -500743315
-17387250 284006700
60095486 8308395
-6720407 538798827
-3076564 316097671
-19088476 -30182475
32139720 -292553342
-91037150 173216603
-34821363 33988130
-1599116 -86029660
37439671 -178733290
-47836676 339448759
133241478 767401278
6221967 -402653625
67409441 272000777
-19644562 -76960132
34948100 -641814220
62767138 -164692512
-18093882 -215795151
13098268 253649325
-37018689 -134323709
-56485372 19486034
-65359526 79432937
179599346 431131874
14148541 -191655769
30887265 108926369
9129672 142526449
-39058777 -532436214
38825588 468809977
-11167123 -521949452
-184645087 -277625221
83626769 292441220
31451736 139246922
-63748020 179010608
-5403872 333197830
70366921 83943872
79513100 105082921
10824696 31632286
16799006 -474362041
-53421111 192599515
6598272 -14338467
-52411504 270705686
8186395 150141869
73783656 568523624
14188174 -516125068
7539451 38359850
972005 -237300619
-61934761 -120021728
-20659784 409926344
50926534 -211579109
-19406101 -67310261
68051600 31539008
-64676080 -130502556
-23048204 182834193
20021377 -485236754
-94107016 87739528
18341862 -156348766
-24097328 -186367550
-24483328 461828515
-1385325 141586071
-18397552 84765526
-57947449 272879273
21769725 294993131
96452728 -415012364
-109659414 -181123327
61275239 226399841
52219490 -352774211
5549406 -655669891
24938180 -272150845
26102613 565939798
11865097 80987491
106278551 -69999824
-44097253 296331403
38008487 44267298
-4851645 224851886
-17614360 -345098787
11210299 -843246245
40289672 -135320597
17306615 -269401033
-49722155 99687233
-38182787 -120258758
73843501 28148268
-2836627 254852390
32205397 -56453241
2216776 -117906755
-56412029 884702559
99860142 225296194
-30084429 -344054965
-44409784 457839901
-106893841 -194697325
-15441418 -146864643
3780931 -104143732
-55394915 61766637
10005404 -15574631
-117409982 506658920
-54583685 19906955
-1072522 -491635235
-42770458 -99501760
80814946 -143130879
-65298285 345260105
-94534754 -2819835
36575400 -232341532
-66287979 -304237746
-61476325 207566226
3496807 -200450913
-10869049 -35729894
26659316 271963240
40903932 73880601
-6731353 104466499
-45929241 -30514910
-26712590 358026153
-68072275 117785432
54921588 -41049716
-45283449 613684795
-38223492 -160740536
6002782 -26800044
57027300 192918918
26001360 56806706
-16769376 15830789
27848975 22586521
45993505 309679526
-16744834 -49445240
-52833807 -13026598
10020110 -135060690
29258152 -84417653
-43082371 17052389
60386131 402992743
-91793467 -7928042
-66746323 -455887575
-67725709 -99635326
-31619416 -175267416
-67624138 520083579
-18931926 -70301534
43547925 195405648
-53450416 369908745
26374866 38415577
24783611 -694100376
-24272326 147699298
-45095536 -179069997
-6515107 -4318190
-36760685 749282180
14882773 358678687
-122499325 -327657456
-43439385 -75181289
-89503808 -323735243
72979120 481957563
-51160527 33056417
-68867006 104924176
53087094 -526594409
46539518 -50972458
-11880964 477246225
-41372805 -92849763
40038210 -141969821
70165748 438660514
-118380469 241202125
57715033 -170328574
35869659 -469299962
38958911 -28165980
-36320069 212621487
-38029175 -372927015
8508383 -319394852
-70542578 -52004221
-9550993 -359354335
39081946 -328073160
-503935 -207087084
54040287 416544625
12650126 -142152896
30215971 -215329236
45686399 193455560
-34004693 -252023660
11619785 -108685360
-38198932 80715779
10670720 392715031
5419984 73192277
-51620660 75533467
-1958768 501753060
-5085782 -56251084
-37073639 -38967397
-17894363 -567771005
29647006 664420543
23072335 -394234573
14815048 301720529
81668344 28940059
-3913930 209853670
14477572 -37209730
14659738 -155004752
-80627569 204610691
6788337 -114493829
-7071758 -926725044
55312048 421602609
35216677 -387397393
3126995 -89693421
-7613757 275622859
-93416552 -550078544
-3298549 88036192
-29752151 -284833902
-8741525 162764990
-7086607 299418229
63290578 148141670
-69862448 -33816197
2429746 -50875223
56316389 513811655
83900364 -197104756
-23458268 391343165
-40852415 92659954
-38554461 197187086
-57378649 5007040
12354666 250549578
38960429 85159186
-114850932 42031381
-184213554 -316152836
-12064548 8758356
64047377 241802652
34006550 515969449
107186763 -417654265
-24169576 -105130637
-10305086 282929707
45150235 75167707
-2891909 17177945
47528283 -163680977
19322789 -244303586
-29058112 536605692
-1224680 -420170369
33532650 375230027
56343002 -802974322
-33088114 351413530
10013963 -124628999
62413791 590307889
54923754 -137700034
58230694 23339767
-24007308 -423794952
-85903038 -298446016
-43904239 19653617
-39453181 -164508697
-52402709 95602612
28860008 208045886
116537555 -460579002
8728750 -612334824
-41689840 -108981135
9877796 22323196
2680367 131478582
90338628 -179173248
12476327 -173149281
-22699603 258659664
-44549798 18655036
28447806 17446676
-57811312 66552021
6029241 -736501770
62246576 24882145
42769051 -45780023
35750275 11227031
10221603 19084364
42727697 86314683
37358855 -38695763
6699678 -351462131
67523920 310681730
95428317 178974930
-44658472 -444419439
2953456 518667681
31111513 -275901565
-11683851 -36064099
5184880 43806126
-96523356 -40298650
179319827 -500268510
-19766244 -154926057
111627980 -85316048
12336500 128134182
-44111779 120051213
19533354 -225125408
8440318 -224952911
42502939 201666087
8737589 47682365
-17628557 548467435
-33139464 327843382
11869108 -286817265
54653428 200079055
-10205565 113187969
-8039678 -90990362
48460667 461008273
89660550 -36931382
31645201 -252865657
20864204 -342673077
6583290 -280088730
-63436797 -4014234
-4866767 233461464
-4998607 -38059906
-95351046 -467457272
-62743366 32668910
41199439 242930653
-1308173 214930905
-43193462 10449640
-71533843 -504411437
-73115984 132281155
4558791 -605491165
-87168861 -309825739
-37944444 210690266
-5917473 29830578
119205072 98987896
-21041303 -442047217
-16252191 233060581
49880868 223030285
30803854 259460305
74006400 -113771132
-92532477 552310498
-28717476 82391629
-89532710 -371883223
-42519050 174521882
14366467 250306494
-4284669 148912698
-7593808 57272090
36899539 -23760171
11198197 184947437
-46103672 -203457434
1227106 -308935573
-57779518 424728415
28218387 38659445
17991014 222846128
133425782 487058247
85030887 -87355084
-14765257 -511699519
65667288 -88970356
-14291344 -142117169
-46796332 66491334
84383420 -214558985
13427810 -249670638
57814057 -150247434
-45896316 -354942654
-45870474 -81402945
-54145493 -128951526
-18404214 -57289882
111320078 124655207
22366783 -421326617
-62288452 208526391
58638868 449320311
8932407 -80253922
116838818 604984073
110030942 246165414
81582345 -42934624
58831687 -188505918
82939922 -150005427
109253491 194693790
-21235524 729964385
-3222288 98395198
51467402 -349142671
-83015041 -373174765
5056956 -283324712
-45449193 -121860326
17873261 -12290742
-22383291 -57731175
-32800147 -191435535
53331768 427472605
21020262 265152909
19552512 -85021829
3034156 354304516
-14574751 -503469811
25266343 597344367
-79146242 414417166
-26749919 347082459
-81295581 124215595
13616363 400132491
51705874 177259953
80003047 -155467704
-50484193 249944389
16151995 -187578215
-91508517 295154003
36159563 -105331858
16569368 70958290
24209516 -206045942
-11049318 424560365
-1514145 258042541
116894732 -109532189
-59281720 -39876160
-6626382 400877686
1642894 37858163
48198275 -444856334
48142178 -167513250
33659484 155624440
29725643 14763332
-25204803 -579193959
-32663699 -489967911
44448854 192413037
-26892424 -362262960
-409306 423177693
57946930 -105998173
36494257 -171399251
-7737431 50685633
66336611 -113614477
39303675 465519839
-52143009 -93857766
-43336411 -294197208
-65122440 380971467
-75227701 -836712866
-35240266 -502774399
-12178058 73083426
-40144144 727796937
-84415535 -258121271
42703011 307944170
-21211675 -250244451
5912952 103595452
-6781236 178555707
6889836 -204228581
53589800 502981785
-63984901 -4375450
-82137174 301937684
-1336463 -47601614
1349199 -60338373
68287617 755552225
40373801 -345676658
-87019116 -392778081
22009881 -97886886
-41111982 -110132088
-22437606 197605307
65028666 112091991
-27988534 325879049
15225945 -101015520
-67774334 -554587353
23168808 -356807845
31259559 -175194513
-43653756 -179490884
14377813 332957602
37201534 -418238070
14736578 -126578383
-8152246 318637972
69759448 177925330
84330801 221003733
-60119811 -711972536
-161456292 216520265
60791106 261386418
14866123 -794021726
53627602 79486475
75450263 93850081
20009367 172303918
24489163 487520582
-44960175 181361857
-41320550 -165791790
-51298145 -10696164
-47606541 621816210
-28050839 -12920173
-54892725 202863749
-16746295 85503001
68343865 155907179
-57236194 -6805556
25082606 312815502
-36743220 -131819371
13835575 346564681
39530640 -307916130
-172223103 25319905
22291850 -533007415
-20964079 -150199333
8405555 -618162373
-32613370 -8702239
8840341 295209503
64963687 -183922421
-34812139 -203015779
10216576 -320633000
3770494 238280224
72400395 -349554319
-66527484 89170838
28578172 -34630828
41191417 -213423217
37031621 -236206705
8269126 -88951914
-6183594 303091434
87784392 -312236483
-51500555 -424410260
72775622 267371560
67492511 -92851145
22154623 368866605
2085398 747496357
26893767 172248367
32321026 -358441549
43147300 -42920640
20717946 -403674232
70356543 733932316
-48048042 -75003531
-52100565 186691264
44864339 -86298193
-125269380 -127585951
45202621 -116626600
-46831944 117821179
-69395024 50427168
-9561999 -10998093
-122743467 -152583228
32802800 111164354
-76422279 -226174392
24756922 -123895665
69177725 416727323
-72517426 -233778839
52928677 84824329
38390524 353707086
-52829196 -241303698
92849573 -366964384
-36991391 -202929899
7702450 -132342145
4628923 -538493980
-34405525 -53636787
-1640611 -158738953
-25036215 -70853585
-139742708 -36596776
-44196948 37360945
-39391692 -388190939
-67042692 122301318
3968436 39150715
-58591122 -245447368
118214807 21453433
-64363336 68513629
36111061 289675740
35444126 -176492289
-43173958 -518581195
-72124744 -215781706
-26720794 3916544
48085453 -204404090
-17139398 -2094525
-8778341 -647197419
-2386713 224473726
-46602981 -146339149
-16765164 -280355434
24706852 -335720378
-19126498 241221965
14681894 -15669805
22696062 -129486769
-69683538 -92925052
-19000411 -151159301
44054069 -19933918
-16303314 -156150429
-63678457 -19250743
6702 8397
