999
-168698010 18794549
-157714995 -330078850
-228604538 -128910629
-114445555 186130871
18276299 6071148
32365719 204490441
129435423 -329895857
82159552 -82300949
-260347655 114930245
-138353534 -371205135
45396152 -117942068
-269328411 -68499750
-66888090 -100916931
-125535671 361099486
61440762 -214432118
-76909385 -429354293
-79264303 -67343569
-131723961 146837218
41306215 -97396494
-61624643 71455213
-239723826 187999729
-12275408 255856388
-61298521 -467371276
-201575182 -29402159
-120855508 -293091758
-12927691 -213651336
-313048462 -163395401
-43163615 -281970229
-18594566 -80889755
8272443 224001227
-62029150 213800351
-323651115 8981360
-249843611 -289491169
-189833752 489818544
-48916572 -33582265
275549832 207818414
200885228 -121526400
10567902 -128246092
-186031044 -269226426
-282646040 -94709817
4781483 -455757600
-28334604 -79375888
-116393763 136609852
-278503246 212629215
-64077357 -141391065
-172747098 -157479022
-102929847 -218392110
82988773 -71085266
-33563919 -160299441
-125699876 -358464115
-140757605 40738489
-114151935 173877158
75539092 -110992975
68107690 -28227805
-125815386 -442768112
-80705832 129683488
-3996696 -297981977
93039819 -128911129
-282571587 -354765162
-238460437 -77739407
74834389 -459113351
-103541423 -14422107
-204038434 165985315
11213239 12532637
-92389212 -352123380
-231122926 157465287
175429400 -547893516
-203512291 -257712342
-166465331 -204001218
-396416924 -224100677
-109723861 -96981181
58759727 6100895
-153769125 163720495
-27578344 -193338821
71185180 -181045496
13854812 -234960569
-108745642 33720604
-139258050 223872284
-277429475 174922762
-2701665 55096662
-159704668 822099024
-7763997 380874629
-320462851 290092824
-129576673 254241060
-242255990 -424813390
-44577186 -128365464
-284698981 -17089914
-75514288 -426424993
156217388 -285701855
21061306 474597810
-199014211 -469858979
-155638879 -566585818
-40786598 -183291737
-50356785 -473269854
-87033222 135073465
-70238518 -362383665
310641557 120941008
-75429644 721769
-48638725 -127716914
187499177 138809503
-125228376 39045037
-165797282 -12082865
71501557 54161074
-155708984 -168129310
-148312837 -966627125
-74531677 -87934410
-86261066 178550954
-4949129 -14965682
-201212999 -120910181
126590675 202351666
-51093606 467830828
-88965843 341045063
-223994174 264147519
-31355725 -315420388
-73648443 115732363
135567254 -21066612
-102494001 549948542
134902871 248640069
265586272 -469989279
-208725048 -334517199
-171104000 -271692276
20946408 5086471
-265339267 168555681
-96537895 -197410378
-354074916 -428693673
-163401999 -495677837
-162024226 -211941336
-69861837 -377130567
-152684803 94349933
36735790 130121173
-27407739 241080388
-223182651 -913112429
-159180018 -137587650
-81119968 -167863755
-162507949 -305814719
-253849573 -316121661
-164259859 -248306900
-31216299 -86683099
-29473272 193019535
2264683 172137400
-139788678 -1054165
-301146465 62608417
-72494255 97643818
-300679172 -208296431
-55688007 -229199643
-169988634 -382821140
-67165196 -89139211
-108092120 -476809417
-64354954 340865426
-20621880 -152766921
-53219093 353228535
-205600232 -203190803
-166675063 -371928483
-349782509 -171250122
-33417976 536770945
-355288788 -304649041
-69526225 159675091
138213052 -353991144
-291154559 -87197062
-88783693 -211021718
-239736099 73672044
63609073 -198154109
-95073719 -234169030
59812111 -731058290
-171515482 344792486
-134133317 -674197734
-121684502 -200840445
92944450 -125853857
-396372660 229782969
-96785938 23036947
124230491 -596535575
-305217666 -396911077
-145458599 -92332403
140397998 -8452717
-61913678 539101022
-209136258 -130133277
-407656626 -148541528
-282877471 320280943
-179741956 199307478
-48814912 198771218
73598367 -386059959
-70283631 -148270774
312259162 -221091272
-136364139 6483737
-95853424 -51152763
-27433316 -261344950
-324594074 158716820
-380227687 -269831274
-128080464 -245744713
-8320509 7909793
-246007660 102565274
-117915734 141410811
55082584 -7356011
-64803670 -423163302
-75780586 -551434211
70195514 -317358061
7523070 -80913446
118227205 -158245443
-260769571 256249303
-60164651 -321050029
-228884063 81167618
-14076344 -578666541
-36328545 -69525476
-66808255 -117604939
-70131129 375632794
-2651264 -103443906
53403906 -153430911
-55826669 52813651
-172480807 245252111
-187117911 313410640
216739809 -149222219
-125793719 -52641697
-51121126 -123687748
188013384 -40794178
-206025974 71168460
-4428171 -140315639
-92914263 7660631
-187418729 -254485820
-69497146 -143161926
-119287772 -522739260
-291161913 138961284
-220305823 150760471
-87908959 151106846
148810553 120273220
-91684719 -77294808
-115251106 445810004
-138302382 -752648356
-107218854 258655933
-467743621 -494855898
-90179236 228810367
-137294068 -95264116
-332251774 -108331837
-300056402 -57709453
-168466798 -295091631
-101592934 -462379115
-30135485 -415347576
9256802 328380267
80114765 208337855
-211160781 -162546665
-51614400 -378125749
-97924983 321769038
-51285330 -431885950
14080615 -184939570
71769208 83794578
-93587169 -82091490
-209151307 137075029
-91110283 -397731019
-274826187 -145596687
-203700337 -410569780
-148449702 -485107482
-140481185 -18994816
-8209317 -236451735
-77525560 101722205
132383501 -207268627
-257466659 6890093
-105671918 183147684
-29324882 36210548
-148951827 -390533134
-167451525 -60231667
64587734 -480683453
27677906 -398257898
-186029495 -171383491
39671845 -114701364
-97169036 -162433010
65505519 -471413201
-104637035 -95205640
-46261017 -281473431
-261442103 -8550014
84986939 -535069287
-299260634 -508680835
-274463000 -166150983
-47245357 -130452255
-331572416 -219594141
-298798024 -156597820
-178260869 -174901454
153342228 -218176812
-385869734 -92985750
-125475496 -190141065
91561002 76171543
4967819 370201055
-15020152 -200623608
-169564748 -83482534
-28268278 -50962827
-149340580 -445098398
-182594658 -297001037
-260800754 -286913794
-250941799 -231757451
-185321298 -232256187
-77398541 45643645
-314872732 4821109
-290917683 525680619
-107861821 94060312
-309551391 94038416
-226173460 -67029039
-31535194 -109044419
113399954 -255904550
8975268 50952653
-148702027 -85003382
-130668482 -127838501
55719093 -81340359
-69750251 234336341
-296361100 -120790012
-45490562 -295925352
-353761712 -535396423
-123295722 163563817
-124328193 -379248381
-197706797 310738801
-412865895 21066209
74760123 24570986
-22306514 -49073912
-579571007 -158501842
-224219640 -112936405
-251916662 -9628218
-34895463 -328485735
-173444700 -354261449
-261564627 -93085860
-49378251 -37858519
-148425461 -730363837
-232416419 -363675277
-75929836 -258961350
100750439 -501321920
-174431327 132354535
-128513037 386789376
-2695666 -286998741
42498191 23191176
39303516 -51457338
-349389427 -601045
-99980151 -222296292
-385460154 -368137313
-26517870 40207522
-95534624 30924378
-151275908 -112577740
-158107993 -443696513
106821224 181334034
-25622298 202007082
-65087541 -24736227
-449067679 -165153282
106466192 663912
14898908 -96214005
-113289100 44695336
55129672 -16592837
-200311299 14522467
-191198779 56374514
33521605 -27987436
-46950653 -194207955
78023584 -337650593
-47926365 -206067511
-41575099 -565531692
-45628053 -254659064
-210782218 -171500023
-70165762 -216472018
-290032599 -413599522
-73987957 -322985
-277763612 48996303
-325366852 -172473131
-23599611 -154020229
102730347 -38908344
-267724840 -141125066
-444103030 -44434469
-21858147 1502586
74482359 -142247712
-85194054 -160469511
-160490316 -62961318
-303151909 31885904
-197095950 -169991306
188916658 -275568496
-114628219 -319363339
-251209065 -207469080
-264458870 15834939
-350605051 -373837216
-210219628 -642904346
-128869286 -347001
43060301 73842870
-171244662 -249771745
48980880 -245416300
-212411628 -99613520
-89088849 -166575382
165434748 -186498911
91419545 157321767
-38724474 -376804245
-84243329 -455942803
-122529540 -438378548
5099557 -103843029
-214477172 16827806
-97368130 -152953054
-25579725 -279646745
-413928101 -181417550
-261934771 239744387
81239640 -102974269
-29131125 -388800350
-136561213 121966074
144713231 -343824426
79335376 -81081807
1764507 -4870198
10077221 38410155
-201870858 -83222738
-131686141 -360416999
-223936991 -11231314
-249223757 -351080173
-207494533 291707108
-147821514 -268612592
-249505531 -400145256
-270718346 -32409440
-105130862 -190253336
-165335839 -210617315
-218875899 -28220172
71090882 -477021947
-48150372 -374642398
-49548938 62085822
-174944778 -183309193
-249232752 113663943
-40909428 404842232
-168089305 215714330
15511814 -40749103
-68351692 52264156
-2687851 -206500609
-114374874 -403052265
-69021129 -225764797
-373792510 -430905436
-58773808 67054992
-56295323 -236896014
-210163552 -46199395
237353112 171842517
-111909608 -178245604
-508658033 -402246616
-225868607 -130543006
-31200794 -5936574
-117108413 102565984
-105160044 4541009
-166932269 114101514
-59648112 -457921028
-120119779 472361786
17256637 390947136
-68366571 193115749
-81437312 -225462456
-166822336 -282777811
-258942224 56406806
-192613862 -269949662
-191442591 -501455684
193774918 469700825
-256816704 -463723901
-108438477 -207891823
-4153625 -289335144
116764339 -166505813
-231462370 3276058
-169887556 -220867393
18010101 -641761569
-138114291 62103901
-212761367 83215367
-109545546 47737319
-54572163 716952971
58334145 -118641566
-261667647 -469745365
-223655325 211375186
111267673 -262097582
33160557 -260876651
-188393843 281222181
-193086543 -272766211
-142950343 46706996
1511718 -520357555
-139876220 7491672
-324504942 -183375697
-285150786 67247529
-70541798 193306565
-38894179 -357151724
-234586009 17598701
-243627266 -270973991
-331238837 339061325
-431613413 -810230445
8330818 234562424
-304186583 -451214131
43615111 143213550
-86116729 -508905917
-214937565 -145307469
-143828015 -175675664
-151665395 -208188354
-173615592 327883904
-185322910 -198584888
-6546494 120280755
-164005228 -328797168
-23565646 -473782306
-230207713 417078116
-67681852 -42431829
-139291082 -29987348
-36847276 -551377656
140830465 -107754652
-29336100 418730103
-200934893 242861135
-206363228 305387
-173321734 -268390037
161968003 73792204
-368967884 -167058123
-399750193 119257348
40061553 -491705341
-260521567 215528140
-20578950 -8062871
108781930 -333296626
-189090716 -324860636
-49598769 -27992792
66202995 488678314
-411702601 183966488
100121856 -579350660
-208770682 91996646
-210986646 117281293
-214133623 -145938061
6188808 76634785
-314585188 7677682
-95168498 26964237
-402395687 -169818920
93445419 242384166
-100667086 260610026
-119280873 -33216535
-252199303 24904971
-141801294 -383091696
-163296575 -273708717
-135409039 45813204
96834407 485055194
-118216114 -759975831
204853054 4887492
-328796099 -127141580
-113309176 272799116
-287237272 16213830
-324689486 -174318616
150104517 470350321
-66389054 -439524812
-39274313 -415952027
11092595 -498802537
-169390169 -71130107
61407147 172041001
-177763353 59567245
-169529346 211958501
-107649833 24855890
-145257589 63311328
-81613168 -402636757
63377681 -41834028
-115187933 -344248876
-152388264 108512736
-181057168 557993216
65766974 -368811100
-16472052 -704445134
-256705260 -759819063
-207251720 -476169438
-262073962 -59522772
-380778287 -156181605
-165384699 273140459
-245256 -252731557
-373719272 -18777665
-200120492 -65323702
-122838488 -65417119
-116842616 -444846541
-20896974 145492290
-219762735 53775087
6697826 -599998665
-119455999 -423083573
-119389302 -316299041
-217269643 54021366
-58076975 -176775525
-384543750 43221705
38306464 42044067
19270298 -55195517
-244065159 -90347207
-76422095 -132502538
-186395581 -137569255
-250102164 -392842348
-93183904 -229581765
-285584056 283127874
-86477421 -260320934
10917083 -159316284
-212425331 346217553
-137673578 337265736
-68227732 -169739072
-282886381 -390752514
58286004 93503473
3673204 -329188322
-288658978 336747676
-183973512 210762008
-6473333 -107133867
-17261099 329103520
-67654430 134863867
-108234030 -2064417
55312388 -278448090
194062925 -574399862
-425702879 209904884
55823270 -193496781
100088853 160670906
-269512838 -123211861
-375482332 216088932
-5594070 -6870241
-92386649 -416347254
-55963053 -160658410
-6800922 -311385550
-161331419 40695849
120681810 -326561534
79955599 -49938548
-128929465 92229446
-16151844 -155968367
-155678469 32860476
-96733205 -257210598
-59689031 -327750829
-65836919 26018145
-189275503 -131403372
-85673379 -63293933
-12930207 -59600465
-268003288 -242932174
-14246295 -319136903
-137705690 -619901604
-235233656 -609999199
-136812019 -133104146
159834851 -417516240
-44876214 -132318452
30138807 458212373
224250135 19903078
-284068661 -222048760
-142565102 -388474825
-59180948 97179270
-241076051 -187375787
-358962670 -364899585
-26514003 -425031215
-141002751 -114658144
-182536698 -770834979
-294382987 -137075048
-133194137 298682636
-260887273 -128302841
-410251508 93094689
-157509853 207871093
38040084 -74732721
-363108396 172864636
-96812328 -333109635
-289409140 -144659501
-20373106 32414854
-220970950 -39638283
-89304153 451341095
-74862064 -230130933
-147193886 -32848407
-210843224 229498727
64484088 -118914259
-42502339 -71535473
-461888299 272785916
3240445 -320389130
-75184767 303465503
-215435891 -333676612
-268298716 -54130214
39522747 -187731921
12240698 -59013095
102938502 5453189
-189023805 -357637042
217462882 -164666050
-82688729 -378240028
-162556875 123323884
-238893819 43502298
-70216646 47572651
-91528894 -177187000
-6603850 -7913374
173255593 -741306856
-164664624 29346686
-32947557 -497514501
15783461 -493194830
-150087805 -187938146
225891453 757960032
-260783227 -108068396
-230984198 -137336849
-233232215 -485883847
-51439844 -78088600
-118870122 -147521750
-79486207 -233915244
-199159483 176575679
77256052 -79794180
9343883 122482972
30780643 23683861
-310987544 90928798
263999233 -257545274
51505795 -439880728
-126684428 -281246320
-115477300 90976119
-218879748 -229140020
-338966887 256141740
75747976 329807359
-5403343 -51803720
6072514 10270858
111656620 54064043
-303587215 -13827067
-49489852 244633093
-57645431 -285171679
-66611172 207114231
-144693252 -350041241
-140360617 -157344523
-317174788 -264461910
-269529826 -111078795
-169952075 -481200966
-173310407 28255336
89005033 -120389716
-323659341 -542565070
-330487033 -34889508
57770524 72697598
-64509368 32260286
-31298363 -222343759
-212799069 -450087114
-58947728 -397430403
-140800576 -266321292
-62896716 -36923320
-151237708 -155277073
68572208 51300736
308524285 -12468456
-38168896 -535749991
189068089 282671299
103498120 -311346109
-373676 -331104644
-149684479 -90315631
-34970782 -267623816
119565928 -4012724
-116209322 30842773
-22897551 -307053111
-411244731 450424990
-83717197 119154275
-318926820 249407934
-72100128 -174907492
-55150292 -95499379
-203408140 33376498
11208986 -348270216
-138325794 426955332
12505055 -46406379
-128734295 -185961937
-104930067 -316664686
-98766027 -63527096
-364326527 -457677600
-181673097 -174764798
158261166 -58169936
-156975065 -295612772
154165270 -111745809
71459477 -327455522
-52565747 -315589719
-738148 -57695674
-167699893 175612970
-120343641 231597817
126065646 -48940484
-363548714 -197128865
39339687 -309833487
-46765886 -265797771
-250642035 144842470
-75030285 248135470
64965215 -370527053
-210878507 -249246046
-117419221 166485295
-129815579 -289549188
-154696272 138992618
121314848 302990149
-115742808 110386979
-163329076 12743645
-18109710 -95870060
155540317 83426316
-236966727 321794370
-56152063 -13554712
-6113568 -317412469
45176901 -64425105
-219750441 -86598544
-130832024 200326980
9696378 337012337
-60860237 306674491
-48925692 91869761
-82422903 -152736439
144578836 618753731
-174579333 378300738
-21806810 244934607
-224311015 73937182
-91165222 38062353
54896908 -210147723
46867922 -176013322
-129642857 173356072
-76356274 27285173
-36181712 39445949
-18397028 -469437305
-244131654 25718030
37362202 -14111241
-152140695 -450330258
-90009363 31939413
-245346306 -117206561
-276200997 -122176152
70664747 274301401
-243516782 -286385162
-78347340 -224543518
-69340877 -140539849
-10579577 -204712501
-86647525 -322820210
-211216187 54598852
-12085552 256888237
-20360458 -549548644
129179513 -93760908
-52331905 488586136
92307301 85634607
-325232673 -65418955
-100997381 -270034606
-274980593 -635428237
9858921 -57370918
71339266 41873025
-92219005 -87866812
-217526602 -65312636
68148220 438441957
79593748 -315477250
40790104 -245106531
-111234775 -150572647
-237158327 34443171
78520109 154812907
-95518981 -167221216
-147417329 -429597149
47629941 33244923
-331238631 -537204263
7494365 217757295
-143789559 257527306
-77429580 -418173559
-316424240 -286158850
-323033279 -97767588
1390032 -685805466
-342435728 -333265423
-114175443 85024622
83365194 -60599566
-245347245 37700038
-50048997 -729606295
-206583711 -93525119
-209017631 -275688680
-55535400 -327312269
-71263742 -41698464
-287327002 29255694
-251314857 -171646945
-456221667 -108125468
-271600170 -343804306
-419203126 -109160668
-97784384 -515674337
-247257830 -309125382
-50676780 252060941
-106316068 -377442496
-95060226 218612475
-83344116 -485222659
266070226 -3994535
-22788200 167684702
-96139360 110910865
133571343 146125387
-59217258 -554333508
-35847409 133139253
-221115936 -410365667
-86091364 178032143
-7900147 -352451386
-114935651 -253555614
-240800551 -20003956
-68390804 301468130
-191302196 313078602
-365615540 -8013390
-119995783 7465900
-20669528 -283392009
-47563387 181903273
64778489 -9204115
-150035500 -302084169
-95432243 -390988824
171853803 -40969306
-456909747 -293321668
-130753238 6042433
45063278 -416127277
-5240299 -68099396
-369388646 131547254
21097106 -204538633
107039470 43896416
8634424 -97583011
-128273411 -468124596
-347015170 143364044
-86290692 -190805387
13184704 -624725146
293903030 -94495451
-1110603 202661206
38235092 116738104
-63797718 -63306179
-56968632 -90828357
114584555 -215084822
53849376 -458004783
-201574701 -340329716
-235047934 282420907
-337958534 -487857342
109365123 -298869385
48762666 267319358
-181643920 -367193643
33866431 -167746795
-205602790 355878084
-313409576 -6578469
-101339191 -429832442
-36692502 143777996
-33731859 157430165
-132652856 -519799866
-299138501 -65275166
-82179444 224025116
54351102 -87714093
55973919 -217018074
-79542463 -25232341
-71628071 -133503982
-217342672 -750075864
-141378779 165421274
-79724434 -198675493
109528174 -6415521
-162375031 -129675164
-192266806 128118974
-143095017 179325355
-113067595 -11173070
-125374438 -156344384
-335482176 -122577797
31190147 -377645725
-7271278 168898030
-75939617 21882179
-179768561 -411753977
-163312238 94581802
-19948273 -329095362
-97308294 223141095
7706832 -194327512
-127314315 -206575679
-398952173 -41978178
-205535857 -32918539
-41697528 -346917263
-148481718 -220526302
-131273421 -20460840
-190485823 256588907
-50118648 274178234
-123754417 -27240861
200451528 542288993
-71758587 155024378
-24397964 -83777712
-221204545 -197460446
-135217147 -380967407
-184756604 144520418
40503547 -350401298
-74570947 105917379
142022814 248600114
-247923142 126851209
-45475387 159953765
-119539304 -263687952
84681652 59794786
-27888177 -476867633
40547503 35747736
-63359161 29744681
-239225367 -211215970
-170246487 225036540
-95137799 -213863622
78458584 51546979
-101613030 -210571192
-44614224 142099522
-145126617 -759567176
-26884044 293624198
127910441 -149357661
-10247451 -335073812
-101928312 103769245
-52567803 -99268630
41008885 149467159
3043040 71275468
-367159760 -419566087
-193635489 -127653262
3158185 -1739867
-167860758 3681607
28524088 -52366582
-239041458 -165974503
-224944016 -35903348
-80767869 457904193
-24681455 -527232675
-116403328 -10150045
-128111245 62595672
-421613927 -466008557
-149608070 328580109
-141780671 -100664721
-233594461 -161753204
-170503808 -470600442
-54409257 59762843
-249452197 -289364645
-105787907 -264523024
-154703615 -117123768
-292218349 -32645280
-89937003 -42808809
-272098041 -247773602
-28653283 -537141136
-14145352 -13966398
-55761721 70480956
103373139 -387978128
-65782771 273097364
-184668820 -178536494
-30783476 -556057572
-299414980 23035642
-147382233 -146480978
-87717284 -488990160
-66941532 17926322
71190868 -124799626
-137119901 -360983698
-63199307 310100754
-219965829 -38508123
-90616839 -314870700
168498795 -218136515
-258159736 -300979367
-307858711 -646354957
-174183114 -29316082
-7352617 -480956836
-237510417 -12205148
225683535 328198736
-65036933 -44485624
5796788 -8206989
212228466 -89436961
-187376512 -83640393
-425064453 132882392
816
219224641 87383384
67776831 273959745
32495565 171468046
-67914599 160680363
668415442 100690652
38575810 56271351
674692716 58014640
722519496 160808422
554101856 209838357
892618156 -75938572
-457972861 -73901055
-103790850 108180057
716298142 11290452
-701876441 93296268
723685785 127285581
617554150 -67871851
-171299641 114351790
186123441 7221199
734217269 168966074
249293724 -34669219
-466979672 218315340
498992539 23405857
-653365282 272622416
-869982913 150415605
653563924 22671019
462033638 12723578
610382193 194137603
360836894 52871881
680122053 97628040
533241091 178308284
136847788 13141052
-562715779 173873761
-15319443 72908505
883614700 -96031362
494268323 13493143
-231531630 49011559
-111471597 165860378
-505925317 91411063
192739377 120903528
724822251 152111217
844067832 259181051
454446366 114286095
-444096720 22331647
439697146 236845380
379315836 71968218
-321753223 51191169
627785396 165947380
791059596 228165348
-598455660 106442209
-110916462 90254859
417980410 39265555
-277448443 -3387760
-205241571 -16776875
-572632870 275253925
319554528 -101927784
706492657 158867144
-802725528 35625639
327572876 -32127482
277541963 44758687
858477873 45275434
-203867518 79720180
-14009463 195828513
802172225 95623088
359157323 116195428
676590436 75391853
70223871 183619177
-812073154 -42945181
567874660 113858490
-217614085 162032647
239359284 63351861
-539530070 174090346
-74805842 165101619
134520320 203084110
-437772557 41590370
381331192 26236961
-881047853 135064131
-497668753 22172541
539794213 143023494
351931294 -39744642
-107994928 82420791
192699267 172148221
395132459 270176286
73460189 12160282
-252303578 244391876
1349827 103388004
650106871 -138677326
905778118 74134013
191545545 208231844
-545775910 108206537
-453518756 88697247
281003596 294943353
-196493231 113332346
356490176 58475302
143245561 80534803
507702631 -7502302
-6564114 69238683
888525201 152867099
452907233 90213160
-149784750 72155207
31853779 289896276
486076348 207490965
922056567 197051163
358602116 197447005
-12446181 -20947244
578498267 91623079
-277327721 170231898
-131366790 190686941
-724666103 96147398
-651662114 84703821
460510431 76745804
-32023245 91155488
288818989 12734644
-441379141 29993696
393005824 -52383155
-793808638 15818837
-741670776 -7589119
894338640 134484263
386196605 148300176
-448786341 -25967084
-93965537 28290870
-88370565 169973040
-210921015 159975494
245662966 64997742
-56263462 -72166660
113755152 186251534
844736843 195165548
454974129 -35016266
672799219 -29836677
-23579929 19213908
-24227471 137018016
555103635 262375332
314584930 268950269
721805110 167841471
252443880 -1413909
-264654745 116632691
-57499530 -46495103
402737456 135324883
-231634559 154007316
357821603 177002534
108245335 36452028
-21538264 201297152
-340457444 52773212
-731044601 189930951
451075302 119024541
310151285 107768350
-239647268 251229565
-384092489 122139411
506288871 -119971402
-397917848 110007031
34370171 133456999
-130809723 87989242
154250853 -26168700
598982113 185584180
493906241 31702018
140350119 107105417
-605810712 188639847
-295117024 244502066
-122424154 176645575
563615442 69888013
-141974796 27286564
346901686 79465773
-446011666 6347036
-17882667 127970359
558209818 26802350
141220021 286569454
-20801736 70142856
365157687 109564311
584597330 214762623
18384462 48327969
-415665782 48249412
-732936707 39541620
-178339676 43327709
811126478 114262629
-745770317 180589315
-80718620 200983658
-653763035 227560997
-522009693 144398956
-531707058 236411300
272495280 147611587
691228015 151518802
542424340 36932121
680379902 136900732
-476276070 255873858
-418359689 -41693729
488357704 287275887
23034002 83137558
-798865467 214231735
532119985 71348718
136683517 -14117199
426941400 96117666
-65027358 181541453
414594432 116722435
-725544999 70029109
14192996 -101803021
-719029288 107667890
-229511158 65511367
-43414563 73736487
548408324 204101134
553873577 198877551
187884758 99829530
189230259 213677897
116182035 100919806
823330507 23153507
54084382 79311023
-641691390 170118725
-694115217 37601179
579206690 13363401
851368390 128701295
-733934896 142185222
128473968 41952183
-350504906 88255798
828116621 248931936
-156897798 163874372
207104592 119031726
988889095 160855755
-418898756 106364459
754895200 18507752
-816126183 134633083
272484790 85176818
-251532916 193981725
617872287 192903507
979464089 228176420
-46637834 145052232
519994701 74157095
139598502 265334359
189231330 66383519
-135574762 230981307
544433147 90567198
-75659366 83799995
-866242630 -29016127
-124620392 9973905
-290475800 174637353
357186693 164302969
140967859 146596912
493143055 17400057
910779116 14391076
-753442481 60193879
120870610 121543223
-618896898 -22452719
458937670 190273610
-82659143 53537033
184066496 96927945
190631818 -22584525
665905662 97064679
462258240 109428476
-395943460 160417828
-232819384 131728936
169382397 205488462
-290721757 149690533
-99474926 41637986
18301885 157991761
-108567123 -23398012
380667442 -68894762
-341634052 130121112
-253679382 34071709
8032324 188548644
-416931532 191861882
-10309094 -45620235
-778079421 186277453
-688581757 -80170323
565519368 184730719
766598057 153714048
-154396890 25871276
-132286706 145366311
-583658145 118652553
-611006125 89210841
663511526 27466324
-560430177 82773812
-433368674 81705038
285886534 127644632
-295999655 343711979
-771859544 84976880
280262259 144639242
257826681 145392931
416734096 161661834
83363299 -39253983
290029910 76693755
367535060 84400341
900094210 -89154474
-42907950 83400612
114986056 289164944
142883256 36796060
607384606 53240007
-205312869 127069316
334270025 45406260
790849144 699460
-433138575 84518147
255596261 188003279
142589479 50774773
274063170 202359112
339940694 -74315947
-692954338 82496215
80939525 60223433
997017454 283893070
49357892 60030424
-175302581 10474103
251089471 56788373
-380127293 -182829713
415060047 211811219
-675285360 -25753563
628679602 133421742
-132649122 75837801
590863504 221898874
419678686 256059428
-691135099 83365750
791129968 85251919
571203496 273162826
-21636675 6372495
744768477 78187345
-449429138 -21914671
520890606 194865249
285916966 23945298
-831167623 -97807961
509426001 27313309
-418840619 88251821
106616793 -91055842
707598529 161603984
-144256987 152980218
668709677 28519246
-176070958 215267737
177226110 211366669
-495315567 218328273
639710216 -59875512
616406576 32095915
186983382 117007122
-49517025 116331624
85717591 94304067
193974250 8980916
-983588658 -129545428
484659785 118163459
481200927 74817886
413306450 -16899873
-105941689 91704031
-256675356 16323887
462450326 -36507729
478333935 -33556963
67892659 177207474
-601145841 257988848
-512491979 90065855
995981047 33090349
-675193603 201735902
589396609 238154878
28708874 -96720381
483008525 87044233
-34558259 239414543
95016922 149500636
-576072354 199825602
-154893739 151535780
155977769 207050398
316898932 -82418455
814088675 153265668
-502055723 215524264
181561036 30332247
-519806109 184674288
-346010228 3902784
290441467 102012467
-543261579 141901134
894379468 149119513
232886423 168155686
867300712 -101183764
-384873530 184285710
-267662065 63560018
847633191 99176111
314489103 254567287
746202589 30744604
-632446905 170921521
326853067 152782174
-839740576 179661322
-651125780 107006724
501340988 88266958
395037377 184029024
-425134998 286133575
684728365 133701545
89714777 -49766877
-600198886 116923203
67714193 44847208
331250577 100954633
158508453 -41808297
409690758 155596095
-717698173 178221089
-85578090 131306259
159580720 84006876
706098530 268266908
27481420 -57220729
208783461 42600154
-295766 241150437
-217526028 244252998
429444063 52220745
-265205887 9045261
287100087 63120026
13267973 238614004
-824333518 190489207
955656661 109967972
425624070 116720922
201302066 232598766
749692889 165234815
243334014 185373008
277693339 187817397
-229969776 134688264
-170106887 -66411339
552606448 138706381
203479071 159972411
-8374043 230139282
-876319814 175808258
-196047439 48246710
612851483 83098263
563427029 93295314
197301486 61555569
-818841496 27733874
87264865 77892454
105803518 57437904
226635430 141294654
486630745 187626496
-899241688 6000089
-54146065 173964045
-292683385 79298353
-606277716 134853174
258144170 319965118
815344309 111270486
147629951 185114715
345631428 206123237
219233724 51377667
-519005552 119329513
693608108 46083472
340529908 98926729
-73000601 122273120
-634760368 295208942
-301858312 285338711
-958836484 268989562
560022007 355953455
982400388 92234692
341425465 130872729
-142585610 46024234
-174423216 14328977
50865885 -70707708
578841857 247858239
84819544 157615814
-872797210 23717660
236469855 48351070
226323257 112549295
5038822 -80436185
397523508 171119345
141578215 59517022
-209867230 33029122
556887891 27409666
149057355 84654450
-414650455 182779458
-610309189 81980786
398140596 87227743
593212448 237352645
-327193491 440695090
-336586965 214770814
-766449348 -124353159
21400336 204008774
-63320928 91687745
303762734 29498702
-317467746 -55965181
695109468 64175679
-305001712 263856331
767128917 203837625
131770415 75297477
-822368210 303318261
-651763894 30461303
237140839 -95829116
-328161926 77601482
-597445881 17559091
653981354 222450505
138969213 5112554
-410191784 191891608
858166779 275585878
-214739279 101655541
743315475 35810693
-754951003 232311511
-460965017 138530857
-102890231 214471150
860895303 28591751
370563131 251139002
-351482849 30759724
-874555663 153824717
821899307 11291152
934343867 -28566791
857600357 355521231
750841956 118727510
-14015094 -14320616
-105890567 207453162
-786940759 42713497
-914158346 142909602
708420586 47960842
-468214660 191598957
-618181101 358064721
85261140 49957475
53937365 98061808
586282479 262965854
-609155199 206847583
944270683 12056093
-138697404 98428933
762687266 -35260945
-310322774 112626136
964844944 99589554
-575700941 122290722
268954695 -66231311
-614795257 129065704
-438812650 -64860950
168746452 213332536
-939562790 62541019
792608240 102721367
-675038289 86071055
914332414 147808617
-458865895 294108799
-81281684 70125230
-111077918 18643813
-241996068 176106912
-694382470 64833868
881275628 11952047
144464445 -46948396
-140769184 48862278
917816077 126563118
-247119346 245625700
-241965310 1914442
-452341887 84454053
-404450345 69910035
449991614 16860940
-839214063 19659647
-675265074 292508929
162889953 99361011
-376200725 -92122044
41120057 -84911196
355426939 41313156
237017665 54142343
430780451 254026166
-903375895 64316562
-366565573 201607894
11091928 75337052
906629657 190615064
-830431151 72749939
548112797 121117744
-939085211 -241856781
424622601 165933614
-790356977 16895372
140924229 340283764
275103363 96213527
-37706947 122541229
-537312680 19831969
448828327 173944168
343493714 69340065
-459728585 87435073
-478683061 -8069174
348632273 13935615
-495203688 37151988
-610636160 -23919667
-880902711 39403992
387758401 172278566
-578741874 -34173098
421409 66572786
-163660164 -124368222
827376952 270110705
384201329 135935072
727676645 14070818
753234786 142967151
575797423 11892874
883377405 144297514
-313974553 166009908
171403620 64445712
-6934107 172862380
-72811816 135264044
-611695929 143172372
470745171 149209630
263167144 83839001
438728772 32896631
402453231 153221325
-479791980 258742443
846769742 38952994
421857868 34047965
-287811995 254715404
-167474169 -49637319
-634095827 161585662
-949973714 89053160
-818468225 75531338
-980958140 149989369
427811902 118997892
859166891 87531527
-607018469 56349042
-816087274 69848948
-104460150 -44665107
44784373 68419188
-262203539 98117928
665670045 227474263
227756897 120503158
305028776 7261239
-439319283 169884915
-688946621 249014217
363846464 108131485
292945513 18778392
-13482028 185901384
867461323 174053821
-6875285 87124113
-498175338 54751832
160427524 284935588
836961859 327957938
-365962973 162472417
445716570 40418794
245228113 35672585
-700339154 56274287
807426065 117507067
46426518 -38257398
-1732067 132264559
-366723177 55513240
669099237 187867378
-447708079 -27582231
533807513 -131504774
-929271094 100522593
-584678048 210817931
-11788377 298865164
-228287601 301530754
11567633 3574063
140978056 -6573355
287703333 294276944
-832243637 204279334
79932946 74409139
-393818902 19177491
-90331339 -101701728
117324569 154275766
-574333537 107386986
-678701012 285567308
362452728 138499349
989652680 205825939
-211610361 74189086
-516500684 417122130
418079877 87756746
373927490 -6927512
-758716635 197443745
4054343 109605117
563009567 88529349
-345675742 27550172
-538668337 -7772326
948793888 252555232
398688363 63546909
-990371448 179069467
485346188 96593727
771705261 59821393
753776750 204099315
73204566 162097461
574988379 163085259
581898632 46225357
-238546450 127907498
966692774 -5480765
875359871 -45043413
811997203 322076554
-738735431 149863343
317129415 31439513
453897483 -22668956
-598408320 202302584
444388907 89243420
289903941 170180973
730594907 76140159
-547030818 -25101023
-189998368 90363958
-289102891 208364450
365850342 -63954528
200167020 44187670
-182863659 163706357
13997755 108791458
-892092720 134143951
-253508001 273968829
482359565 275286587
-171642828 105982718
953129776 78495419
623335102 209557149
-640655967 229779364
-161672475 165347252
499101404 163880635
-416911391 41176189
41296443 52714668
-147089727 214649089
-587279021 168255889
674935024 23693479
465454113 255110818
384463822 91519897
-53616768 92726698
-454458574 29304001
344233787 146602253
-5213118 277747853
-188215577 98511937
-594258762 56210514
163131953 219541385
22850646 70281758
-766743756 -97271325
979553999 101756512
-577371500 88765086
637828083 -30533947
906028039 143421872
-744869528 73537240
30268839 1069706
11562743 115756338
-497528588 149007702
564189951 189046004
-152669919 88329305
167174530 234846987
716056124 183836208
-995622253 126461528
161481388 83238186
-672054212 179308160
959765390 194796474
872010589 206757728
-93345722 54058413
-390939405 42805006
-255920467 -754487
132612194 152177783
-712834418 150024013
-444289341 123473092
250528265 -10591557
30342587 79827646
91765999 157365986
-555125169 128550196
883509476 172845261
408175957 113631645
-43436957 191618910
942973220 222682511
147709843 43219265
401864567 90132831
865230251 120796515
688908159 108285630
646693656 -46031930
959808426 41981898
-385598530 60465128
-426180511 50179774
-854911511 1060967
70131018 163829169
439829033 44542939
513320557 30775134
-639844356 13182180
234226374 50862083
-843549983 435189852
574767004 100790727
623798328 134808101
-660336739 -43582768
878788930 222411994
-604399068 142735825
564386148 103458394
-593633952 -79632605
597556829 240275718
-224215010 -49610764
-32442986 -39268258
875933229 46341138
395727568 173343308
-100039842 95432260
87849853 199001589
520813414 67458401
-82299583 116259438
-577748472 206156453
-161926530 176700562
862171273 320894539
77768105 67107499
780840479 141218082
504780310 -145457380
68028533 39899290
-145387589 179261988
657212613 25520100
68511347 35682824
-476411928 7297558
955691492 80464500
558214912 252541417
650476182 257922649
-260972392 138652973
-233122360 81949661
-74617322 264777594
-60870585 -14182257
293082676 82994469
207074275 138782064
346009809 204884836
229007191 23173268
67972782 -28393646
-11923711 113186240
-766239828 237246773
773544443 290380164
-39378304 33312275
-236432831 88120120
-60242479 22431047
-322011997 62962403
-85075628 -25255471
557591327 129996848
330531749 217988346
-601215388 207505943
-679749012 94232350
-14458726 -7110876
-785418714 53684626
-396923258 71161877
534378409 232420810
-263764026 99876149
218725229 -62920990
331058098 98549472
-904630364 -3873503
-195061517 262799428
913642652 12891714
-162270925 114355675
-903158269 107005203
39597704 212699850
374365373 181427575
-551894355 112092563
978345656 102922911
524482683 176520504
509949645 65498972
-964304739 -48843804
627409720 85240735
-373288516 -21636201
224251625 103310256
-598646045 -25149333
131434233 26936100
439672661 254209105
27576136 26477248
392130711 -4661145
823588246 127299329
246776468 184088798
-365179805 31749319
278061673 131360907
349999848 195011118
1131 756
