1000
-58044.806 34337.427
-58044.735 34264.038
-58044.723 34258.605
-58044.657 34232.574
-58044.625 34222.385
-58044.603 34215.644
-58044.418 34170.306
-58044.308 34148.686
-58044.266 34140.924
-58044.168 34124.145
-58044.069 34108.379
-58043.460 34028.933
-58042.054 33897.331
-58040.406 33781.499
-58037.313 33612.314
-58037.087 33601.477
-58036.042 33553.274
-58032.958 33425.643
-58032.744 33417.436
-58032.634 33413.245
-58032.489 33407.727
-58032.403 33404.501
-58030.971 33352.040
-58029.842 33312.583
-58027.930 33248.957
-58024.479 33142.560
-58024.283 33136.813
-58023.607 33117.118
-58021.362 33053.926
-58018.750 32984.081
-58018.332 32973.212
-58017.514 32952.224
-58015.766 32908.370
-58015.615 32904.646
-58014.643 32880.872
-58012.237 32823.648
-58010.242 32777.755
-58007.003 32705.935
-58006.564 32696.430
-58005.994 32684.187
-58005.653 32676.905
-58005.592 32675.603
-58004.250 32647.247
-58003.865 32639.203
-58003.235 32626.097
-58002.982 32620.873
-58002.289 32606.631
-57991.964 32406.577
-57991.755 32402.725
-57990.109 32372.739
-57980.939 32213.227
-57979.889 32195.698
-57977.693 32159.493
-57975.876 32129.978
-57974.479 32107.543
-57974.328 32105.129
-57971.976 32067.884
-57971.247 32056.459
-57966.079 31977.009
-57964.612 31954.923
-57962.848 31928.629
-57956.899 31841.952
-57956.829 31840.942
-57954.172 31803.172
-57947.341 31708.495
-57945.035 31677.270
-57944.132 31665.134
-57940.245 31613.509
-57936.274 31561.738
-57930.178 31484.032
-57929.124 31470.796
-57927.642 31452.304
-57924.666 31415.491
-57924.592 31414.583
-57916.329 31314.680
-57915.150 31300.682
-57909.252 31231.583
-57908.860 31227.040
-57908.056 31217.751
-57905.512 31188.530
-57903.494 31165.522
-57902.438 31153.550
-57897.081 31093.487
-57896.679 31089.021
-57893.867 31057.956
-57893.207 31050.708
-57882.055 30930.451
-57877.286 30880.250
-57868.855 30793.185
-57862.733 30731.227
-57861.893 30722.803
-57855.943 30663.690
-57843.811 30545.897
-57843.694 30544.776
-57842.762 30535.879
-57837.469 30485.692
-57831.543 30430.244
-57827.131 30389.448
-57821.084 30334.185
-57820.264 30326.746
-57805.951 30198.980
-57785.425 30022.073
-57783.863 30008.898
-57782.337 29996.057
-57777.016 29951.572
-57775.635 29940.098
-57771.645 29907.105
-57770.489 29897.584
-57756.428 29783.364
-57755.747 29777.901
-57742.519 29673.008
-57738.993 29645.428
-57726.982 29552.605
-57726.130 29546.086
-57721.110 29507.845
-57720.089 29500.107
-57718.362 29487.032
-57704.099 29380.352
-57702.257 29366.732
-57693.838 29304.938
-57693.568 29302.967
-57693.159 29299.988
-57689.353 29272.314
-57684.869 29239.891
-57672.439 29151.021
-57668.520 29123.305
-57656.922 29042.076
-57643.808 28951.634
-57636.108 28899.194
-57623.977 28817.540
-57620.236 28792.592
-57608.154 28712.727
-57606.195 28699.879
-57597.030 28640.138
-57593.923 28620.020
-57584.243 28557.760
-57579.964 28530.442
-57574.502 28495.750
-57570.859 28472.719
-57569.213 28462.340
-57566.241 28443.639
-57565.598 28439.607
-57550.680 28346.653
-57543.624 28303.167
-57542.001 28293.206
-57540.942 28286.709
-57518.790 28152.400
-57517.139 28142.496
-57516.585 28139.179
-57512.674 28115.802
-57511.656 28109.729
-57511.220 28107.131
-57502.737 28056.763
-57495.276 28012.781
-57491.513 27990.711
-57488.631 27973.850
-57486.249 27959.950
-57483.978 27946.724
-57477.353 27908.288
-57468.492 27857.215
-57465.221 27838.461
-57453.175 27769.817
-57447.240 27736.248
-57444.366 27720.047
-57439.699 27693.825
-57439.492 27692.664
-57434.570 27665.113
-57426.096 27617.938
-57420.425 27586.538
-57415.869 27561.409
-57412.226 27541.382
-57387.633 27407.609
-57386.714 27402.655
-57378.089 27356.346
-57370.166 27314.057
-57360.085 27260.595
-57358.524 27252.350
-57343.902 27175.556
-57320.028 27051.819
-57293.321 26915.700
-57290.812 26903.032
-57244.862 26674.537
-57239.597 26648.767
-57233.145 26617.292
-57230.989 26606.802
-57228.138 26592.949
-57227.224 26588.516
-57225.301 26579.193
-57222.283 26564.579
-57208.099 26496.245
-57206.879 26490.395
-57204.879 26480.812
-57198.647 26451.018
-57196.205 26439.370
-57192.460 26421.545
-57181.157 26367.966
-57158.984 26263.835
-57136.812 26160.954
-57135.652 26155.607
-57104.094 26011.328
-57094.312 25967.079
-57092.253 25957.794
-57089.783 25946.665
-57089.257 25944.299
-57083.783 25919.695
-57082.643 25914.581
-57053.591 25785.198
-57050.993 25773.717
-57047.858 25759.883
-57017.883 25628.647
-56972.540 25433.587
-56961.668 25387.415
-56960.071 25380.651
-56949.451 25335.789
-56946.521 25323.451
-56923.686 25227.822
-56861.167 24970.707
-56854.096 24942.042
-56852.186 24934.313
-56844.155 24901.880
-56827.210 24833.794
-56793.403 24699.306
-56782.800 24657.486
-56780.905 24650.031
-56776.979 24634.602
-56732.032 24459.562
-56721.912 24420.554
-56709.298 24372.133
-56706.884 24362.889
-56686.209 24284.067
-56684.688 24278.291
-56675.511 24243.509
-56668.076 24215.412
-56664.301 24201.172
-56654.067 24162.666
-56631.894 24079.705
-56630.895 24075.983
-56627.436 24063.103
-56615.668 24019.394
-56601.250 23966.079
-56567.278 23841.467
-56543.216 23754.041
-56530.054 23706.505
-56525.440 23689.888
-56525.145 23688.826
-56512.619 23643.843
-56500.492 23600.460
-56500.013 23598.749
-56491.447 23568.211
-56480.687 23529.965
-56477.821 23519.797
-56435.543 23370.866
-56423.995 23330.518
-56421.788 23322.822
-56420.142 23317.087
-56415.153 23299.717
-56413.232 23293.035
-56371.513 23148.872
-56351.665 23080.894
-56349.335 23072.941
-56330.655 23009.357
-56311.369 22944.062
-56304.532 22921.001
-56301.774 22911.711
-56293.074 22882.448
-56284.223 22852.750
-56283.808 22851.361
-56244.221 22719.429
-56241.397 22710.072
-56235.150 22689.398
-56227.485 22664.078
-56222.957 22649.144
-56213.226 22617.110
-56205.829 22592.819
-56189.451 22539.197
-56186.913 22530.906
-56146.612 22400.015
-56064.255 22136.661
-56061.526 22128.025
-56053.252 22101.881
-56015.275 21982.555
-56010.880 21968.816
-56002.388 21942.309
-56000.606 21936.756
-55995.854 21921.954
-55983.315 21882.974
-55972.663 21849.951
-55957.630 21803.486
-55942.595 21757.177
-55921.722 21693.157
-55918.629 21683.693
-55897.835 21620.264
-55883.250 21575.948
-55877.777 21559.360
-55853.285 21485.363
-55845.312 21461.363
-55833.722 21426.549
-55827.010 21406.428
-55793.989 21307.867
-55775.933 21254.274
-55757.231 21198.981
-55735.501 21135.014
-55724.002 21101.280
-55711.420 21064.465
-55710.851 21062.802
-55708.915 21057.148
-55692.415 21009.038
-55657.454 20907.648
-55646.193 20875.144
-55637.387 20849.779
-55620.327 20800.767
-55611.072 20774.248
-55608.689 20767.429
-55596.005 20731.181
-55591.725 20718.972
-55582.370 20692.320
-55564.780 20642.341
-55563.932 20639.936
-55561.926 20634.247
-55559.682 20627.887
-55533.673 20554.378
-55532.843 20552.040
-55525.923 20532.548
-55495.793 20447.984
-55481.866 20409.060
-55458.799 20344.820
-55436.004 20281.612
-55417.626 20230.852
-55399.942 20182.170
-55399.526 20181.026
-55366.398 20090.267
-55318.688 19960.519
-55315.623 19952.221
-55285.030 19869.656
-55266.869 19820.855
-55244.383 19760.650
-55232.845 19729.850
-55225.431 19710.092
-55209.209 19666.947
-55156.132 19526.631
-55155.025 19523.719
-55150.543 19511.929
-55121.761 19436.443
-55050.572 19251.296
-55019.194 19170.381
-55012.390 19152.888
-54963.850 19028.666
-54935.142 18955.652
-54931.602 18946.671
-54916.672 18908.853
-54895.943 18856.492
-54881.347 18819.728
-54869.169 18789.117
-54861.805 18770.633
-54858.640 18762.696
-54824.767 18677.995
-54803.282 18624.501
-54791.669 18595.658
-54732.960 18450.628
-54726.438 18434.595
-54701.033 18372.292
-54651.902 18252.470
-54647.010 18240.586
-54623.158 18182.768
-54588.971 18100.247
-54584.199 18088.760
-54554.072 18016.425
-54537.001 17975.576
-54531.811 17963.178
-54522.071 17939.931
-54490.051 17863.737
-54471.002 17818.574
-54462.116 17797.546
-54441.233 17748.230
-54436.619 17737.354
-54420.923 17700.407
-54418.552 17694.832
-54376.528 17596.333
-54354.685 17545.358
-54352.531 17540.340
-54345.586 17524.170
-54338.783 17508.344
-54321.870 17469.062
-54305.701 17431.593
-54282.792 17378.645
-54282.028 17376.881
-54268.783 17346.344
-54251.012 17305.458
-54214.869 17222.599
-54162.462 17103.147
-54153.969 17083.866
-54128.085 17025.232
-54119.755 17006.404
-54103.199 16969.043
-54080.851 16918.737
-54078.070 16912.487
-54052.617 16855.384
-54040.103 16827.376
-54033.826 16813.344
-54000.116 16738.179
-53990.982 16717.865
-53962.054 16653.687
-53958.220 16645.198
-53945.839 16617.812
-53939.818 16604.509
-53901.493 16520.067
-53882.849 16479.132
-53850.507 16408.339
-53841.282 16388.196
-53831.651 16367.192
-53816.477 16334.150
-53795.160 16287.830
-53789.375 16275.279
-53785.946 16267.844
-53770.207 16233.759
-53729.915 16146.789
-53675.242 16029.432
-53668.139 16014.240
-53661.522 16000.099
-53654.642 15985.408
-53642.761 15960.065
-53597.902 15864.689
-53578.482 15823.553
-53569.454 15804.461
-53560.338 15785.202
-53506.355 15671.562
-53503.796 15666.193
-53488.538 15634.207
-53484.366 15625.470
-53361.292 15369.569
-53352.308 15351.025
-53340.291 15326.248
-53337.299 15320.086
-53312.984 15270.068
-53309.694 15263.310
-53278.166 15198.676
-53213.790 15067.377
-53195.780 15030.806
-53062.852 14763.018
-53052.331 14741.982
-53014.857 14667.240
-53009.291 14656.162
-52990.197 14618.212
-52982.859 14603.647
-52979.492 14596.967
-52971.071 14580.271
-52910.138 14459.889
-52909.287 14458.212
-52873.302 14387.473
-52872.843 14386.572
-52865.299 14371.775
-52832.048 14306.687
-52810.049 14263.744
-52737.430 14122.650
-52725.209 14099.004
-52648.600 13951.418
-52642.478 13939.673
-52639.506 13933.972
-52635.665 13926.608
-52618.179 13893.117
-52605.082 13868.068
-52537.093 13738.544
-52518.645 13703.543
-52454.637 13582.575
-52444.693 13563.848
-52397.949 13476.047
-52364.810 13414.032
-52337.454 13362.983
-52316.931 13324.769
-52312.698 13316.896
-52269.348 13236.446
-52241.495 13184.922
-52228.726 13161.346
-52220.143 13145.513
-52197.638 13104.058
-52188.578 13087.394
-52159.006 13033.093
-52142.156 13002.217
-52135.949 12990.856
-52130.980 12981.765
-52095.556 12917.071
-52092.495 12911.491
-52090.708 12908.234
-52074.500 12878.714
-52071.765 12873.736
-52058.184 12849.042
-52054.729 12842.763
-52048.474 12831.401
-52017.322 12774.915
-52012.888 12766.887
-51995.189 12734.875
-51950.580 12654.412
-51939.515 12634.502
-51935.091 12626.546
-51885.437 12537.470
-51854.690 12482.503
-51829.074 12436.819
-51763.714 12320.711
-51760.061 12314.240
-51667.821 12151.524
-51604.294 12040.191
-51599.814 12032.362
-51594.542 12023.153
-51575.146 11989.306
-51558.545 11960.380
-51546.152 11938.810
-51504.488 11866.461
-51469.315 11805.578
-51458.429 11786.770
-51430.692 11738.924
-51429.048 11736.091
-51398.862 11684.150
-51387.857 11665.244
-51363.204 11622.955
-51354.178 11607.494
-51313.850 11538.549
-51310.478 11532.794
-51298.400 11512.194
-51293.727 11504.230
-51263.395 11452.605
-51248.875 11427.937
-51243.424 11418.682
-51220.046 11379.041
-51215.255 11370.927
-51175.618 11303.908
-51152.519 11264.950
-51129.684 11226.507
-51105.654 11186.126
-51057.515 11105.459
-51040.742 11077.424
-51036.584 11070.479
-51025.021 11051.181
-51005.012 11017.825
-50972.972 10964.521
-50931.855 10896.309
-50930.688 10894.376
-50927.065 10888.377
-50919.344 10875.597
-50910.016 10860.166
-50874.882 10802.148
-50856.353 10771.612
-50850.582 10762.112
-50709.486 10531.094
-50692.566 10503.555
-50676.876 10478.049
-50639.649 10417.654
-50630.013 10402.047
-50568.040 10301.947
-50546.768 10267.692
-50545.562 10265.751
-50526.015 10234.326
-50521.039 10226.333
-50505.049 10200.669
-50500.635 10193.590
-50495.468 10185.306
-50476.543 10154.991
-50474.181 10151.211
-50454.347 10119.490
-50421.239 10066.643
-50412.870 10053.305
-50402.025 10036.033
-50386.270 10010.964
-50329.237 9920.456
-50307.894 9886.681
-50244.639 9786.888
-50242.491 9783.506
-50209.454 9731.573
-50195.382 9709.489
-50190.548 9701.907
-50157.230 9649.726
-50143.920 9628.915
-50091.893 9547.754
-50076.366 9523.591
-50013.039 9425.311
-49996.382 9399.533
-49941.232 9314.397
-49899.128 9249.619
-49879.131 9218.920
-49876.875 9215.459
-49864.671 9196.747
-49852.059 9177.427
-49847.142 9169.898
-49782.229 9070.753
-49733.589 8996.752
-49717.781 8972.755
-49660.443 8885.927
-49621.965 8827.849
-49592.386 8783.305
-49550.642 8720.593
-49543.114 8709.302
-49498.847 8643.023
-49484.945 8622.249
-49432.954 8544.729
-49420.654 8526.428
-49347.255 8417.530
-49320.861 8378.500
-49274.797 8310.544
-49264.741 8295.737
-49249.947 8273.970
-49231.904 8247.452
-49178.796 8169.577
-49176.822 8166.688
-49146.116 8121.790
-49130.597 8099.133
-49115.742 8077.467
-49106.692 8064.277
-49098.377 8052.165
-49075.537 8018.931
-49026.922 7948.353
-49001.658 7911.762
-48994.264 7901.065
-48967.356 7862.176
-48963.427 7856.504
-48922.496 7797.492
-48911.978 7782.353
-48857.216 7703.694
-48841.013 7680.472
-48800.531 7622.560
-48793.912 7613.105
-48743.220 7540.824
-48735.224 7529.444
-48729.066 7520.684
-48690.991 7466.593
-48643.643 7399.508
-48638.313 7391.968
-48613.339 7356.675
-48577.401 7305.985
-48521.099 7226.797
-48510.319 7211.668
-48495.752 7191.237
-48417.774 7082.187
-48367.834 7012.622
-48322.446 6949.583
-48283.839 6896.097
-48272.596 6880.545
-48266.259 6871.785
-48248.737 6847.577
-48207.947 6791.324
-48151.652 6713.915
-48150.327 6712.096
-48090.306 6629.860
-48076.589 6611.107
-48009.044 6518.990
-47993.361 6497.656
-47985.801 6487.379
-47949.774 6438.464
-47921.773 6400.520
-47913.468 6389.278
-47876.090 6338.751
-47853.036 6307.641
-47826.461 6271.833
-47822.720 6266.797
-47775.931 6203.902
-47761.592 6184.663
-47709.494 6114.893
-47708.610 6113.711
-47691.198 6090.442
-47480.047 5810.131
-47473.409 5801.374
-47458.955 5782.318
-47450.083 5770.629
-47382.648 5681.979
-47345.048 5632.698
-47336.931 5622.073
-47311.047 5588.227
-47287.772 5557.833
-47285.862 5555.341
-47285.425 5554.771
-47239.557 5495.001
-47224.361 5475.233
-47204.137 5448.953
-47190.733 5431.551
-47186.039 5425.459
-47157.478 5388.434
-47129.096 5351.699
-47091.369 5302.960
-47040.215 5237.041
-47032.972 5227.723
-47023.868 5216.015
-47009.088 5197.022
-47004.155 5190.687
-46989.349 5171.680
-46967.170 5143.240
-46962.066 5136.700
-46938.775 5106.880
-46886.253 5039.776
-46878.807 5030.279
-46728.421 4839.304
-46651.695 4742.480
-46604.927 4683.663
-46595.695 4672.070
-46554.758 4620.736
-46547.777 4611.992
-46536.151 4597.440
-46529.606 4589.252
-46424.949 4458.714
-46420.768 4453.513
-46412.545 4443.292
-46395.954 4422.680
-46316.378 4324.077
-46293.966 4296.383
-46291.664 4293.539
-46220.940 4206.378
-46218.221 4203.032
-46164.505 4137.063
-46131.198 4096.253
-46127.813 4092.109
-46117.712 4079.750
-46087.517 4042.843
-46068.788 4019.980
-46066.930 4017.714
-46036.654 3980.808
-46013.945 3953.165
-45994.724 3929.795
-45993.073 3927.789
-45983.998 3916.764
-45981.885 3914.197
-45968.529 3897.984
-45908.236 3824.931
-45871.105 3780.058
-45857.551 3763.700
-45840.829 3743.535
-45835.791 3737.463
-45794.739 3688.047
-45706.817 3582.570
-45630.248 3491.109
-45593.731 3447.620
-45550.923 3396.742
-45524.577 3365.487
-45489.951 3324.475
-45475.398 3307.260
-45473.212 3304.675
-45451.915 3279.508
-45451.008 3278.437
-45415.397 3236.419
-45410.067 3230.137
-45386.274 3202.116
-45384.227 3199.706
-45357.555 3168.338
-45352.964 3162.942
-45341.594 3149.586
-45306.916 3108.900
-45296.235 3096.383
-45278.365 3075.458
-45235.876 3025.780
-45208.924 2994.325
-45180.588 2961.300
-45180.473 2961.166
-45147.552 2922.859
-45133.552 2906.588
-44924.546 2665.063
-44910.696 2649.148
-44907.484 2645.459
-44885.208 2619.891
-44863.076 2594.516
-44750.696 2466.111
-44716.645 2427.348
-44694.423 2402.088
-44674.961 2379.987
-44658.013 2360.760
-44655.231 2357.605
-44650.372 2352.096
-44634.608 2334.233
-44597.741 2292.513
-44570.546 2261.787
-44549.672 2238.231
-44536.081 2222.907
-44526.207 2211.781
-44513.246 2197.184
-44495.821 2177.575
-44448.740 2124.679
-44393.913 2063.237
-44371.272 2037.913
-44368.180 2034.457
-44354.406 2019.067
-44315.204 1975.324
-44291.220 1948.605
-44284.716 1941.364
-44281.039 1937.272
-44265.549 1920.040
-44258.586 1912.298
-44241.499 1893.313
-44217.699 1866.894
-44194.519 1841.194
-44174.140 1818.624
-44152.909 1795.134
-44131.583 1771.564
-44056.414 1688.685
-44034.362 1664.428
-44026.542 1655.832
-44017.258 1645.633
-44009.837 1637.483
-43926.262 1545.905
-43852.380 1465.259
-43848.766 1461.321
-43795.173 1403.016
-43762.113 1367.124
-43723.743 1325.541
-43707.287 1307.731
-43618.813 1212.221
-43600.457 1192.456
-43589.098 1180.234
-43532.573 1119.516
-43522.219 1108.412
-43416.649 995.512
-43333.614 907.115
-43257.336 826.224
-43227.645 794.818
-43175.746 740.027
-43138.646 700.944
-43074.817 633.866
-43050.667 608.540
-43038.346 595.630
-43022.247 578.773
-43000.636 556.165
-42993.576 548.785
-42983.197 537.939
-42972.298 526.555
-42945.729 498.831
-42942.276 495.230
-42935.665 488.338
-42861.806 411.486
-42766.970 313.204
-42751.880 297.606
-42732.257 277.340
-42720.103 264.797
-42686.345 229.995
-42680.030 223.492
-42644.981 187.430
-42624.059 165.932
-42621.175 162.970
-42615.791 157.442
-42547.513 87.459
-42494.735 33.518
-42441.748 -20.503
-42435.232 -27.135
-42423.904 -38.663
-42376.308 -87.032
-42371.955 -91.451
-42369.796 -93.641
-42277.909 -186.686
-42262.313 -202.438
-42259.607 -205.170
-42205.556 -259.668
-42067.262 -398.478
-42060.692 -405.050
-42047.161 -418.578
-42042.880 -422.857
-42023.704 -442.012
-42004.194 -461.483
-41955.198 -510.303
-41924.662 -540.673
-41812.408 -651.946
-41811.017 -653.321
-41784.400 -679.619
-41754.618 -709.005
-41699.438 -763.344
-41645.911 -815.923
-41626.299 -835.155
-41578.156 -882.291
-41541.912 -917.708
-41537.539 -921.977
-41508.605 -950.202
-41494.057 -964.380
-41490.998 -967.359
-41376.810 -1078.293
-41374.285 -1080.739
-41340.667 -1113.284
-41220.640 -1229.070
-41218.518 -1231.111
-41200.153 -1248.769
-41139.791 -1306.702
-41108.000 -1337.150
-41080.088 -1363.845
-41068.424 -1374.991
-41058.414 -1384.552
-41048.134 -1394.365
-41001.813 -1438.528
-40989.135 -1450.598
-40968.637 -1470.100
-40966.904 -1471.748
-40954.913 -1483.147
-40923.572 -1512.910
-40920.633 -1515.699
-40891.885 -1542.959
-40856.579 -1576.389
-40816.985 -1613.814
-40807.153 -1623.097
-40801.204 -1628.712
-40751.398 -1675.660
-40743.363 -1683.223
-40735.270 -1690.840
-40728.353 -1697.346
-40695.498 -1728.225
-40664.053 -1757.736
-40654.712 -1766.494
-40652.256 -1768.796
-40632.264 -1787.527
-40579.081 -1837.269
-40561.925 -1853.290
-40524.918 -1887.805
-40515.543 -1896.540
-40488.907 -1921.336
-40480.766 -1928.909
-40477.931 -1931.545
-40406.001 -1998.324
-40376.511 -2025.639
-40373.114 -2028.783
-40352.506 -2047.846
-40351.301 -2048.960
-40343.173 -2056.474
-40294.062 -2101.813
-40291.382 -2104.285
-40286.954 -2108.367
-40236.876 -2154.480
-40201.692 -2186.816
-40185.002 -2202.137
-40180.369 -2206.388
-40162.588 -2222.694
-40158.790 -2226.175
-40119.621 -2262.043
-40086.256 -2292.547
-40069.745 -2307.624
-40030.885 -2343.066
-39995.617 -2375.179
-39980.693 -2388.752
-39927.932 -2436.664
-39907.022 -2455.621
-39889.516 -2471.478
-39881.827 -2478.439
-39843.627 -2512.985
-39836.119 -2519.768
-39830.985 -2524.406
-39822.706 -2531.881
-39741.622 -2604.944
-39730.640 -2614.818
-39720.073 -2624.316
-39706.315 -2636.674
-39648.003 -2688.970
-39635.259 -2700.381
-39623.849 -2710.592
-39612.901 -2720.384
-39553.850 -2773.120
-39538.448 -2786.851
-39491.403 -2828.736
-39476.334 -2842.133
-39469.123 -2848.541
-39436.703 -2877.324
-39414.071 -2897.393
-39329.186 -2972.481
-39316.233 -2983.914
-39309.324 -2990.009
-39247.149 -3044.779
-39223.053 -3065.963
-39187.095 -3097.535
-39127.036 -3150.154
-39111.277 -3163.937
-39059.039 -3209.557
-39046.541 -3220.455
-39043.165 -3223.398
-39022.726 -3241.206
-38990.071 -3269.623
-38986.240 -3272.955
-38981.449 -3277.120
-38889.955 -3356.488
-38881.018 -3364.223
-38878.647 -3366.275
-38858.427 -3383.762
-38852.830 -3388.600
-38830.908 -3407.538
-38757.547 -3470.775
-38755.097 -3472.883
-38672.422 -3543.894
-38670.558 -3545.492
-38608.135 -3598.929
-38554.635 -3644.610
-38531.999 -3663.905
-38513.327 -3679.806
-38510.720 -3682.025
-38505.505 -3686.463
-38486.792 -3702.381
-38456.354 -3728.243
-38445.503 -3737.454
-38402.677 -3773.765
-38392.560 -3782.333
-38326.511 -3838.173
-38281.821 -3875.862
-38278.583 -3878.590
-38248.862 -3903.610
-38234.916 -3915.339
-38232.518 -3917.354
-38193.966 -3949.735
-38168.227 -3971.324
-38161.003 -3977.378
-38125.009 -4007.516
-38113.867 -4016.836
-38096.857 -4031.055
-38029.900 -4086.920
-38029.040 -4087.636
-37999.021 -4112.627
1000
699.652
716.297
1881.576
877.009
2208.912
127.782
586.308
2492.929
1316.263
709.452
991.338
1383.544
1107.628
2456.825
2259.067
1717.463
137.338
312.469
2052.993
447.244
1228.650
663.291
929.630
43.326
1653.699
2402.303
1720.719
73.897
1281.995
703.848
352.782
1276.337
2006.669
1543.826
665.087
1157.514
735.106
1638.377
1097.425
2274.564
2503.469
1595.888
1821.246
1812.631
329.410
2036.912
2098.673
779.853
655.889
1701.882
465.938
264.936
2232.605
112.951
1240.182
1014.964
2488.704
2145.914
460.705
2270.321
1583.717
2384.560
279.252
749.786
988.715
541.472
2329.536
499.186
100.303
166.801
2203.786
313.830
1439.496
489.962
1335.729
1129.152
1609.494
1418.340
2506.250
672.889
1514.094
1900.198
1189.516
16.470
1035.037
1972.697
2013.934
1703.317
491.723
1485.282
1174.913
274.865
1975.066
262.587
658.775
2228.824
330.700
1971.675
1877.586
424.214
1681.357
2082.726
1101.889
1470.896
242.237
1125.273
1336.155
284.292
263.636
848.806
733.266
2201.928
2357.365
1231.163
6.631
981.106
2273.414
1100.383
2237.587
1218.226
787.879
1201.140
396.356
1587.564
2424.407
535.587
2109.415
1868.934
1017.300
463.371
619.926
661.344
1428.676
2152.847
1342.669
2362.712
2372.497
1048.737
2180.472
1374.275
1603.670
1131.269
1505.076
967.269
1994.302
29.625
1885.021
1703.999
1437.219
1439.261
1078.787
1167.322
262.892
827.579
2231.294
277.566
1280.545
423.996
2482.970
484.426
1029.734
1098.595
1243.952
613.564
2357.739
198.729
6.071
884.270
645.816
2298.053
2476.716
2250.552
2331.059
666.147
1165.441
234.423
1239.857
2461.509
2330.938
1058.648
1505.865
1099.428
1965.234
1462.289
134.334
717.771
1786.112
1255.998
1225.698
2117.780
465.657
152.079
2335.334
1862.557
968.717
1463.699
2162.238
531.162
1029.829
1264.520
1605.016
2304.049
1966.051
1974.404
636.255
786.318
526.869
1477.638
1293.166
568.659
0.271
1947.260
2156.600
1041.828
1991.937
1866.282
1299.391
2195.970
2403.268
1809.051
556.596
1844.792
2368.338
1452.690
653.616
2247.915
647.574
1263.019
1878.154
1815.915
1108.220
1898.786
2049.697
740.716
2492.088
1806.195
1832.721
1523.511
497.464
664.590
201.640
2329.276
2292.694
329.245
2368.464
1642.036
2379.406
1627.632
320.536
692.532
363.984
1836.887
413.268
2541.707
1486.731
1350.536
1376.557
2290.436
1750.573
864.279
2427.589
335.528
1745.028
1680.495
1926.449
1909.877
1953.228
1729.277
1664.190
564.227
897.306
488.752
169.496
1668.808
964.172
403.900
1112.526
2443.558
1708.341
2303.085
1358.879
2481.507
848.382
1972.317
2439.219
1646.570
1477.223
1917.245
403.962
2242.572
1433.139
286.142
1800.521
1543.907
1531.375
1867.553
2547.198
2454.002
1651.053
163.433
869.388
498.460
2464.373
275.006
194.408
141.320
1961.587
2363.097
1231.655
2549.054
2550.386
1012.427
677.502
1230.072
1362.355
2337.373
1976.256
2493.909
2096.155
1832.188
1339.552
333.302
1000.803
818.775
529.335
1639.281
1819.606
931.740
342.199
119.953
1518.480
1971.105
2523.250
1396.552
1843.479
1832.949
2100.218
1180.850
2311.058
988.379
1200.053
1649.457
875.374
2192.426
2402.259
1115.193
1318.639
1937.802
2310.248
831.475
886.783
1278.911
153.779
1372.410
2253.694
112.460
146.390
394.604
276.941
252.538
1663.969
609.018
1089.083
1585.253
2361.169
1678.837
2522.896
638.313
1897.778
2439.048
815.345
195.747
278.843
1691.007
1612.778
1920.762
1749.296
2303.756
2049.266
1247.080
1486.885
42.797
607.416
2376.225
1104.098
476.373
1917.311
662.259
2279.484
1867.729
386.802
242.333
2506.324
2100.176
1104.317
2497.913
154.175
2174.825
892.590
616.975
2196.732
1518.868
1734.276
150.430
1757.933
1525.302
1679.890
945.777
2061.665
2380.390
2352.677
325.091
178.366
1491.361
1987.675
40.677
121.968
603.336
2020.972
1069.181
730.340
439.709
1175.018
2212.801
2032.497
824.317
655.398
1663.868
1515.507
613.778
1008.288
1498.933
2290.541
2346.164
1241.677
329.340
1526.013
2403.771
1715.826
492.734
1864.286
964.814
2333.625
126.335
2533.113
605.954
2225.925
1554.859
2008.939
106.442
501.144
697.408
2258.921
662.188
332.080
672.672
1431.389
2379.619
66.344
58.510
2483.695
2062.964
1925.527
2119.985
1637.566
1766.159
36.501
669.800
243.124
1351.913
592.032
1259.612
418.230
2415.466
226.092
1894.408
2353.616
1465.313
1779.496
844.295
2547.836
1338.107
304.078
2417.790
2076.333
2019.886
524.939
1779.692
860.101
513.653
1863.293
1115.464
259.831
1935.903
981.392
1809.666
1428.424
2294.119
1282.084
804.560
841.351
491.213
767.221
499.181
1361.274
1309.644
60.643
2091.145
531.734
1401.143
1586.301
1873.183
1871.403
2030.795
1264.953
679.479
801.690
2192.402
1036.927
1604.441
2127.629
2472.724
2175.216
2147.235
2031.121
258.061
265.782
2417.109
1687.995
2539.267
1528.431
2486.334
1560.181
1689.196
1522.064
2497.123
1676.589
1732.718
2108.269
721.806
157.244
1755.320
924.357
1851.993
607.452
73.852
279.812
839.018
1643.860
953.915
252.113
754.847
1809.950
1404.906
633.939
1713.537
1261.173
1260.692
972.446
768.288
1566.967
1024.750
133.804
2443.747
2377.894
1847.382
486.680
1620.148
1712.374
1482.454
1617.039
91.652
2264.292
1413.612
1012.471
599.249
1765.167
1479.861
2321.918
852.901
566.237
2159.177
1329.181
1777.216
312.793
433.564
705.552
2524.265
547.505
854.422
939.548
2174.200
271.287
645.517
1669.335
1184.945
1874.363
1585.298
909.290
1724.818
529.614
2427.531
944.790
1648.804
2215.757
1183.806
1593.949
334.708
501.189
921.006
1476.477
1675.961
54.067
1057.621
651.827
2091.905
1365.797
1645.981
453.220
2222.238
1945.791
257.050
483.033
1405.784
1181.147
1005.952
1100.139
2232.610
2386.634
1804.253
1701.377
481.478
2094.265
1090.932
1916.704
913.384
2035.293
1156.875
709.841
1007.189
39.876
1177.761
887.694
436.255
555.036
313.315
2433.345
325.056
1948.060
823.146
1799.289
113.617
483.637
2397.837
1213.007
29.543
1298.102
1601.939
223.888
1790.358
492.651
889.018
878.894
2404.007
1694.320
284.277
1372.412
905.951
412.619
1257.665
213.346
1363.565
163.570
54.320
172.567
2109.272
212.638
1146.516
787.942
726.592
713.004
668.855
12.282
1984.601
1276.932
1304.829
384.773
1416.425
1743.136
537.572
1782.625
2011.711
1097.541
202.298
2193.011
1897.932
1062.692
967.030
109.161
697.574
1208.117
2433.499
1715.619
655.664
1650.534
896.587
1333.989
1210.492
340.721
216.399
714.399
364.737
1947.880
1712.053
1899.712
39.747
1561.291
197.995
1197.540
1285.340
1031.220
1534.656
1660.863
1942.308
1538.259
10.598
1985.740
117.626
1173.346
2398.500
2256.359
2459.200
2182.309
825.796
617.843
985.078
1144.287
783.419
1.978
2400.283
1329.414
2451.466
1443.206
2474.718
2309.786
1501.983
1261.112
1959.141
1429.337
2152.358
766.386
1849.259
1741.928
1167.088
2134.615
1858.179
1842.439
1151.258
2199.752
2048.381
778.603
376.122
2529.893
1287.531
2224.638
441.002
1194.252
79.356
1970.613
2320.436
277.485
900.654
1740.594
1346.685
834.631
2377.463
1164.252
2096.111
908.295
1906.008
2447.731
1399.039
1696.784
1082.913
2518.191
2249.435
242.050
587.025
315.363
2234.130
1061.442
1468.243
687.600
1421.413
2192.270
1185.103
1565.278
943.140
1693.504
15.892
76.195
555.442
2146.182
1824.337
592.896
724.597
414.698
2104.122
1355.207
324.574
2152.341
653.194
1808.864
780.484
1332.381
489.822
909.466
2347.128
2308.341
1122.308
2522.999
32.795
2263.306
2270.557
1027.772
1881.042
134.370
1058.719
73.213
1394.038
491.001
1273.933
1224.699
1151.312
2288.305
1867.354
284.614
1411.525
842.560
142.207
406.351
1657.180
31.757
831.244
2430.219
1775.695
2053.704
749.069
1956.075
785.965
833.982
1565.461
293.383
720.201
1819.564
2149.992
1695.880
836.970
2456.520
1768.818
1295.489
2079.838
327.481
2527.758
556.333
922.342
629.662
2259.025
2499.642
1309.844
567.401
2232.670
221.826
1537.148
2143.195
262.778
726.991
266.615
1801.754
551.623
1895.157
1196.263
501.976
2015.788
2388.502
1122.668
1075.978
2442.757
895.302
896.361
2067.916
1058.619
1824.592
1872.153
427.376
1077.765
1059.744
2179.686
2427.295
1936.864
2199.678
1211.401
226.511
2185.341
2115.027
523.932
2180.763
1244.537
538.891
803.828
549.277
1177.817
572.456
1936.777
1445.219
1891.748
2023.346
1231.336
2496.174
743.321
1966.128
1964.509
2301.655
1879.300
1716.775
1330.388
2013.222
1574.350
2062.284
2198.414
580.008
1565.891
115.743
1042.341
26.377
1606.710
2475.319
2212.544
42.560
54.304
2178.582
890.618
2306.676
1506.228
1733.857
2466.297
1013.214
441.784
1158.716
2041.754
982.619
2020.448
440.131
758.937
341.602
940.068
238.506
1338.713
1699.829
2415.036
1116.315
1183.874
1954.500
540.969
567.838
1849.086
313.310
2197.690
1830.802
1584.271
2162.091
60.402
2324.523
1421.225
2456.074
1315.340
1196.697
146.635
1279.931
444.679
2260.759
1479.750
1351.788
2303.217
2353.186
1167.907
1906.715
860.787
2457.351
2380.942
836.134
640.904
1626.687
669.451
765.201
2281.925
2267.614
767.346
230.351
1240.929
