1000
-48111.864 -10434.755
-48111.847 -10458.351
-48111.830 -10472.691
-48111.803 -10490.621
-48111.787 -10499.574
-48111.718 -10529.822
-48111.701 -10535.940
-48111.660 -10550.036
-48111.393 -10618.583
-48111.389 -10619.438
-48111.338 -10630.068
-48111.051 -10681.836
-48110.990 -10691.633
-48110.761 -10725.572
-48110.533 -10756.003
-48110.496 -10760.620
-48110.447 -10766.717
-48110.343 -10779.362
-48110.125 -10804.446
-48110.027 -10815.253
-48109.803 -10838.930
-48109.607 -10858.491
-48109.173 -10899.154
-48109.047 -10910.352
-48108.921 -10921.313
-48108.764 -10934.553
-48108.527 -10953.979
-48108.489 -10957.049
-48107.898 -11002.520
-48107.776 -11011.480
-48107.771 -11011.821
-48106.505 -11097.734
-48106.361 -11106.842
-48105.817 -11140.167
-48104.671 -11205.782
-48103.796 -11252.418
-48103.720 -11256.355
-48101.838 -11348.370
-48101.746 -11352.615
-48100.027 -11429.036
-48098.410 -11495.987
-48096.870 -11556.078
-48095.378 -11611.457
-48093.770 -11668.368
-48092.118 -11724.265
-48091.837 -11733.523
-48085.792 -11919.140
-48085.569 -11925.577
-48085.255 -11934.543
-48085.116 -11938.487
-48084.019 -11969.398
-48083.262 -11990.349
-48079.868 -12081.058
-48077.807 -12133.814
-48075.911 -12180.948
-48073.796 -12232.053
-48073.396 -12241.573
-48072.769 -12256.379
-48071.385 -12288.629
-48071.209 -12292.688
-48069.409 -12333.741
-48068.111 -12362.808
-48067.156 -12383.912
-48064.970 -12431.415
-48062.182 -12490.386
-48061.389 -12506.856
-48061.153 -12511.729
-48058.804 -12559.660
-48057.291 -12589.971
-48055.562 -12624.107
-48054.401 -12646.714
-48053.918 -12656.065
-48053.422 -12665.624
-48052.666 -12680.093
-48051.583 -12700.687
-48049.914 -12732.055
-48049.777 -12734.618
-48042.205 -12871.720
-48039.373 -12921.063
-48034.165 -13009.347
-48030.943 -13062.480
-48027.332 -13120.771
-48026.002 -13141.924
-48024.944 -13158.635
-48024.145 -13171.203
-48022.332 -13199.466
-48021.552 -13211.545
-48021.096 -13218.572
-48020.621 -13225.886
-48018.393 -13259.927
-48018.084 -13264.616
-48012.757 -13344.233
-48012.326 -13350.583
-48009.834 -13387.004
-48007.725 -13417.488
-48005.462 -13449.856
-48005.222 -13453.274
-48004.064 -13469.681
-48004.056 -13469.793
-47998.412 -13548.535
-47997.491 -13561.187
-47996.894 -13569.368
-47992.106 -13634.198
-47990.469 -13656.072
-47988.379 -13683.776
-47983.498 -13747.564
-47980.198 -13790.002
-47978.675 -13809.409
-47976.445 -13837.634
-47968.676 -13934.138
-47966.572 -13959.821
-47965.587 -13971.782
-47964.547 -13984.360
-47962.600 -14007.793
-47962.407 -14010.113
-47958.568 -14055.844
-47958.047 -14062.007
-47953.799 -14111.854
-47945.468 -14207.697
-47945.040 -14212.548
-47943.566 -14229.235
-47940.445 -14264.318
-47938.412 -14286.990
-47935.302 -14321.431
-47931.692 -14361.015
-47923.612 -14448.194
-47922.050 -14464.829
-47921.133 -14474.563
-47918.723 -14500.028
-47913.556 -14554.100
-47906.348 -14628.354
-47905.549 -14636.502
-47902.129 -14671.204
-47901.113 -14681.455
-47899.195 -14700.744
-47896.018 -14732.507
-47894.563 -14746.972
-47889.822 -14793.770
-47886.371 -14827.523
-47886.143 -14829.744
-47881.820 -14871.634
-47880.362 -14885.667
-47880.268 -14886.571
-47879.229 -14896.545
-47876.301 -14924.536
-47875.569 -14931.510
-47871.290 -14972.030
-47869.429 -14989.544
-47866.027 -15021.384
-47855.935 -15114.527
-47851.915 -15151.121
-47851.100 -15158.505
-47844.279 -15219.831
-47840.933 -15249.636
-47839.167 -15265.281
-47837.730 -15277.981
-47828.169 -15361.621
-47825.789 -15382.222
-47823.280 -15403.844
-47822.537 -15410.226
-47817.630 -15452.180
-47811.595 -15503.299
-47811.338 -15505.459
-47808.264 -15531.288
-47802.602 -15578.510
-47801.435 -15588.191
-47800.032 -15599.802
-47797.686 -15619.157
-47793.953 -15649.812
-47783.482 -15734.820
-47779.078 -15770.164
-47773.678 -15813.176
-47770.383 -15839.252
-47752.200 -15980.897
-47752.003 -15982.416
-47748.518 -16009.138
-47747.573 -16016.357
-47745.669 -16030.887
-47744.197 -16042.091
-47728.402 -16160.893
-47725.598 -16181.728
-47724.289 -16191.426
-47721.712 -16210.462
-47713.255 -16272.514
-47710.540 -16292.289
-47707.368 -16315.308
-47706.785 -16319.525
-47705.148 -16331.361
-47703.871 -16340.581
-47698.212 -16381.239
-47697.248 -16388.144
-47696.605 -16392.735
-47689.757 -16441.474
-47677.014 -16531.095
-47671.121 -16572.089
-47669.279 -16584.847
-47668.780 -16588.301
-47667.511 -16597.069
-47666.174 -16606.287
-47658.778 -16657.056
-47654.313 -16687.502
-47635.710 -16812.745
-47634.668 -16819.680
-47629.722 -16852.525
-47627.720 -16865.764
-47627.402 -16867.864
-47617.986 -16929.762
-47612.204 -16967.468
-47603.147 -17026.091
-47593.238 -17089.619
-47580.129 -17172.715
-47573.021 -17217.332
-47571.692 -17225.640
-47570.163 -17235.186
-47564.107 -17272.862
-47561.409 -17289.576
-47556.721 -17318.524
-47538.825 -17427.888
-47533.729 -17458.706
-47530.437 -17478.539
-47528.442 -17490.537
-47518.833 -17548.003
-47517.378 -17556.665
-47510.888 -17595.167
-47498.918 -17665.616
-47486.360 -17738.769
-47477.967 -17787.240
-47470.354 -17830.921
-47469.336 -17836.742
-47466.759 -17851.457
-47459.095 -17895.040
-47457.110 -17906.287
-47456.245 -17911.181
-47454.609 -17920.429
-47449.403 -17949.777
-47447.552 -17960.188
-47442.993 -17985.756
-47442.137 -17990.547
-47438.308 -18011.939
-47430.766 -18053.889
-47418.760 -18120.188
-47417.528 -18126.953
-47411.243 -18161.395
-47399.815 -18223.604
-47393.166 -18259.562
-47384.676 -18305.228
-47382.408 -18317.384
-47381.662 -18321.373
-47366.417 -18402.519
-47364.224 -18414.121
-47363.908 -18415.791
-47360.881 -18431.773
-47346.444 -18507.541
-47343.985 -18520.375
-47316.321 -18663.293
-47315.635 -18666.805
-47308.057 -18705.483
-47289.680 -18798.514
-47289.476 -18799.543
-47286.711 -18813.440
-47275.951 -18867.312
-47275.702 -18868.557
-47272.768 -18883.179
-47256.430 -18964.134
-47245.752 -19016.614
-47245.027 -19020.167
-47243.102 -19029.585
-47238.200 -19053.524
-47219.829 -19142.635
-47213.781 -19171.761
-47208.791 -19195.715
-47190.792 -19281.555
-47182.915 -19318.847
-47175.001 -19356.145
-47173.032 -19365.402
-47163.147 -19411.715
-47161.885 -19417.606
-47158.886 -19431.599
-47154.192 -19453.453
-47153.434 -19456.976
-47148.686 -19479.011
-47146.656 -19488.417
-47142.944 -19505.590
-47135.670 -19539.140
-47132.822 -19552.241
-47124.051 -19592.461
-47110.548 -19654.018
-47100.513 -19699.484
-47089.036 -19751.198
-47087.088 -19759.948
-47084.079 -19773.443
-47076.476 -19807.446
-47075.522 -19811.706
-47071.326 -19830.408
-47070.016 -19836.240
-47052.700 -19912.955
-47050.546 -19922.454
-47048.913 -19929.647
-47036.432 -19984.435
-47031.734 -20004.972
-47025.187 -20033.513
-47023.727 -20039.866
-47020.334 -20054.609
-47019.108 -20059.935
-47018.710 -20061.658
-47007.747 -20109.107
-47005.376 -20119.334
-46998.837 -20147.484
-46983.947 -20211.264
-46959.912 -20313.289
-46945.311 -20374.726
-46937.311 -20408.214
-46934.886 -20418.342
-46916.832 -20493.405
-46908.243 -20528.902
-46904.545 -20544.145
-46901.217 -20557.841
-46900.550 -20560.585
-46898.407 -20569.393
-46888.351 -20610.611
-46879.861 -20645.273
-46867.682 -20694.774
-46866.191 -20700.817
-46862.670 -20715.072
-46862.332 -20716.438
-46839.703 -20807.535
-46828.392 -20852.753
-46819.897 -20886.571
-46816.295 -20900.877
-46809.473 -20927.913
-46806.241 -20940.693
-46799.644 -20966.734
-46786.067 -21020.104
-46779.437 -21046.062
-46773.394 -21069.661
-46771.538 -21076.899
-46760.666 -21119.188
-46745.975 -21176.044
-46733.391 -21224.490
-46728.109 -21244.752
-46719.181 -21278.912
-46718.884 -21280.046
-46715.741 -21292.042
-46714.831 -21295.513
-46710.788 -21310.922
-46709.099 -21317.348
-46707.062 -21325.096
-46705.389 -21331.457
-46698.544 -21357.431
-46683.789 -21413.197
-46667.014 -21476.228
-46628.177 -21620.684
-46618.925 -21654.798
-46611.413 -21682.414
-46599.911 -21724.557
-46599.671 -21725.434
-46588.280 -21766.999
-46585.811 -21775.986
-46582.568 -21787.781
-46560.426 -21867.945
-46555.135 -21887.011
-46549.795 -21906.219
-46545.738 -21920.786
-46539.302 -21943.859
-46537.599 -21949.954
-46537.143 -21951.586
-46533.430 -21964.863
-46519.339 -22015.098
-46503.206 -22072.325
-46493.302 -22107.304
-46489.948 -22119.124
-46473.768 -22175.960
-46453.412 -22247.044
-46443.062 -22283.003
-46437.389 -22302.664
-46429.975 -22328.306
-46425.514 -22343.705
-46411.286 -22392.672
-46409.474 -22398.893
-46367.367 -22542.456
-46326.134 -22681.246
-46298.418 -22773.570
-46298.169 -22774.398
-46291.253 -22797.316
-46290.154 -22800.954
-46247.607 -22940.874
-46240.517 -22964.023
-46237.788 -22972.920
-46231.711 -22992.708
-46226.606 -23009.305
-46201.004 -23092.172
-46197.785 -23102.548
-46195.025 -23111.437
-46184.490 -23145.305
-46150.412 -23254.178
-46134.185 -23305.660
-46133.735 -23307.084
-46127.943 -23325.402
-46118.495 -23355.220
-46113.578 -23370.709
-46112.928 -23372.755
-46104.008 -23400.794
-46090.223 -23443.993
-46072.360 -23499.735
-46060.550 -23536.441
-46056.422 -23549.245
-46056.235 -23549.825
-46055.285 -23552.770
-46029.159 -23633.454
-46002.183 -23716.191
-45995.935 -23735.271
-45980.567 -23782.072
-45962.343 -23837.330
-45958.991 -23847.466
-45957.669 -23851.463
-45950.262 -23873.822
-45933.162 -23925.286
-45932.371 -23927.661
-45905.788 -24007.213
-45900.153 -24024.005
-45875.084 -24098.443
-45874.521 -24100.108
-45855.308 -24156.841
-45845.436 -24185.888
-45834.875 -24216.886
-45830.151 -24230.727
-45829.565 -24232.442
-45825.953 -24243.012
-45813.220 -24280.200
-45797.307 -24326.517
-45772.380 -24398.722
-45761.637 -24429.708
-45717.679 -24555.698
-45715.160 -24562.879
-45714.587 -24564.512
-45709.834 -24578.047
-45703.712 -24595.462
-45690.605 -24632.660
-45670.389 -24689.821
-45667.511 -24697.938
-45635.487 -24787.892
-45633.946 -24792.205
-45618.964 -24834.053
-45616.493 -24840.943
-45606.641 -24868.372
-45593.862 -24903.860
-45587.931 -24920.296
-45579.749 -24942.938
-45567.214 -24977.546
-45556.124 -25008.083
-45554.349 -25012.966
-45524.761 -25094.055
-45515.146 -25120.294
-45478.810 -25218.974
-45467.788 -25248.755
-45462.270 -25263.641
-45439.519 -25324.828
-45430.354 -25349.396
-45421.828 -25372.208
-45418.033 -25382.348
-45408.238 -25408.484
-45399.271 -25432.366
-45391.468 -25453.112
-45369.976 -25510.080
-45360.382 -25535.430
-45353.210 -25554.348
-45343.102 -25580.965
-45339.754 -25589.769
-45336.196 -25599.118
-45333.194 -25607.002
-45305.391 -25679.787
-45291.293 -25716.541
-45280.957 -25743.420
-45243.422 -25840.574
-45233.559 -25865.985
-45227.878 -25880.600
-45219.481 -25902.169
-45214.910 -25913.898
-45212.810 -25919.284
-45193.842 -25967.819
-45188.806 -25980.675
-45180.009 -26003.102
-45124.682 -26143.295
-45108.260 -26184.626
-45090.655 -26228.791
-45066.347 -26289.533
-45057.854 -26310.692
-45039.706 -26355.790
-45037.612 -26360.985
-45027.471 -26386.111
-45005.426 -26440.572
-44999.087 -26456.191
-44940.257 -26600.293
-44936.746 -26608.845
-44919.866 -26649.885
-44909.263 -26675.602
-44903.063 -26690.617
-44900.612 -26696.549
-44898.127 -26702.560
-44882.476 -26740.356
-44876.459 -26754.859
-44868.823 -26773.242
-44865.039 -26782.343
-44863.506 -26786.027
-44853.669 -26809.651
-44765.467 -27019.672
-44749.331 -27057.750
-44741.560 -27076.052
-44702.410 -27167.885
-44656.713 -27274.313
-44649.540 -27290.946
-44639.738 -27313.641
-44630.482 -27335.040
-44604.803 -27394.233
-44597.069 -27412.013
-44594.299 -27418.374
-44580.524 -27449.972
-44577.351 -27457.239
-44554.280 -27509.971
-44549.642 -27520.549
-44549.188 -27521.584
-44546.932 -27526.725
-44507.499 -27616.294
-44501.008 -27630.983
-44424.497 -27802.992
-44365.410 -27934.416
-44360.164 -27946.025
-44354.983 -27957.482
-44351.808 -27964.498
-44334.760 -28002.112
-44327.616 -28017.846
-44325.747 -28021.959
-44320.387 -28033.749
-44312.349 -28051.411
-44309.008 -28058.746
-44253.227 -28180.655
-44226.616 -28238.451
-44220.920 -28250.792
-44208.452 -28277.767
-44197.297 -28301.860
-44191.833 -28313.647
-44189.316 -28319.072
-44145.657 -28412.869
-44131.287 -28443.611
-44112.483 -28483.737
-44090.746 -28529.985
-44077.588 -28557.909
-44029.940 -28658.582
-44013.070 -28694.058
-44005.638 -28709.660
-44004.193 -28712.692
-43994.427 -28733.164
-43992.121 -28737.995
-43987.894 -28746.844
-43979.877 -28763.613
-43977.327 -28768.943
-43960.618 -28803.816
-43958.497 -28808.237
-43954.286 -28817.011
-43953.264 -28819.139
-43944.528 -28837.320
-43932.898 -28861.491
-43932.382 -28862.563
-43927.097 -28873.532
-43924.950 -28877.984
-43913.960 -28900.763
-43911.813 -28905.208
-43902.057 -28925.393
-43900.608 -28928.388
-43894.581 -28940.842
-43892.991 -28944.124
-43860.454 -29011.154
-43854.622 -29023.138
-43850.055 -29032.513
-43845.281 -29042.309
-43837.818 -29057.608
-43823.951 -29085.994
-43781.214 -29173.136
-43778.499 -29178.655
-43774.535 -29186.707
-43740.900 -29254.868
-43721.639 -29293.758
-43698.316 -29340.715
-43695.838 -29345.694
-43674.229 -29389.052
-43651.202 -29435.119
-43633.059 -29471.312
-43613.306 -29510.620
-43560.116 -29615.951
-43552.915 -29630.153
-43540.690 -29654.235
-43526.315 -29682.501
-43524.940 -29685.203
-43497.933 -29738.156
-43479.905 -29773.399
-43462.390 -29807.562
-43449.566 -29832.524
-43447.224 -29837.080
-43443.485 -29844.348
-43438.291 -29854.438
-43432.644 -29865.401
-43425.144 -29879.950
-43417.850 -29894.085
-43394.930 -29938.417
-43381.086 -29965.130
-43361.927 -30002.021
-43349.890 -30025.154
-43339.759 -30044.595
-43332.242 -30059.004
-43331.145 -30061.105
-43301.036 -30118.674
-43298.046 -30124.380
-43295.848 -30128.572
-43264.966 -30187.353
-43254.639 -30206.960
-43246.763 -30221.895
-43235.034 -30244.110
-43232.890 -30248.168
-43180.512 -30346.950
-43177.871 -30351.913
-43173.677 -30359.794
-43141.812 -30419.527
-43140.387 -30422.192
-43128.343 -30444.704
-43112.426 -30474.403
-43097.643 -30501.937
-43092.528 -30511.451
-43087.738 -30520.357
-43085.224 -30525.028
-43082.822 -30529.490
-43066.912 -30559.012
-43054.066 -30582.808
-43047.547 -30594.869
-42993.179 -30695.091
-42980.959 -30717.527
-42966.597 -30743.854
-42951.085 -30772.237
-42937.041 -30797.889
-42925.219 -30819.451
-42894.185 -30875.905
-42890.392 -30882.791
-42877.651 -30905.897
-42847.820 -30959.863
-42791.754 -31060.780
-42782.580 -31077.229
-42752.241 -31131.505
-42745.115 -31144.224
-42678.323 -31262.947
-42641.890 -31327.323
-42613.390 -31377.496
-42588.239 -31421.638
-42564.338 -31463.469
-42559.734 -31471.513
-42556.325 -31477.468
-42514.805 -31549.802
-42513.074 -31552.810
-42507.339 -31562.775
-42493.087 -31587.505
-42486.765 -31598.463
-42480.187 -31609.856
-42475.054 -31618.741
-42470.386 -31626.816
-42443.910 -31672.539
-42440.162 -31679.001
-42425.043 -31705.040
-42415.994 -31720.604
-42376.174 -31788.907
-42353.086 -31828.373
-42339.955 -31850.774
-42336.287 -31857.026
-42320.926 -31883.181
-42301.318 -31916.503
-42288.131 -31938.871
-42276.446 -31958.667
-42271.184 -31967.573
-42238.391 -32022.961
-42187.212 -32109.010
-42181.199 -32119.091
-42176.008 -32127.786
-42161.735 -32151.672
-42149.829 -32171.566
-42134.662 -32196.877
-42116.634 -32226.906
-42108.399 -32240.603
-42100.085 -32254.421
-42088.756 -32273.229
-42070.461 -32303.555
-42047.652 -32341.282
-42034.124 -32363.613
-41999.064 -32421.344
-41979.022 -32454.249
-41969.890 -32469.220
-41963.294 -32480.024
-41947.011 -32506.663
-41930.991 -32532.828
-41901.492 -32580.895
-41897.549 -32587.308
-41892.466 -32595.572
-41855.439 -32655.642
-41820.731 -32711.740
-41804.653 -32737.659
-41725.224 -32865.082
-41712.096 -32886.043
-41700.456 -32904.605
-41657.125 -32973.512
-41537.642 -33161.972
-41532.111 -33170.642
-41519.670 -33190.125
-41507.442 -33209.251
-41476.018 -33258.297
-41465.316 -33274.965
-41430.892 -33328.462
-41404.655 -33369.114
-41396.713 -33381.399
-41382.955 -33402.657
-41378.501 -33409.534
-41370.108 -33422.483
-41331.118 -33482.498
-41312.917 -33510.437
-41292.558 -33541.630
-41283.128 -33556.056
-41217.182 -33656.581
-41207.199 -33671.743
-41189.801 -33698.132
-41188.690 -33699.814
-41167.710 -33731.575
-41155.389 -33750.198
-41140.522 -33772.638
-41138.727 -33775.346
-41137.175 -33777.686
-41123.866 -33797.742
-41101.730 -33831.042
-41096.132 -33839.454
-41071.447 -33876.487
-41043.542 -33918.248
-41039.543 -33924.223
-41036.995 -33928.030
-41033.480 -33933.279
-41020.000 -33953.393
-41015.394 -33960.261
-40965.849 -34033.940
-40958.199 -34045.285
-40948.574 -34059.549
-40923.233 -34097.040
-40920.990 -34100.355
-40901.157 -34129.629
-40894.621 -34139.264
-40881.887 -34158.021
-40872.568 -34171.733
-40861.970 -34187.313
-40845.342 -34211.726
-40836.140 -34225.221
-40762.998 -34332.071
-40758.061 -34339.257
-40756.691 -34341.250
-40730.803 -34378.875
-40701.933 -34420.729
-40696.817 -34428.133
-40688.915 -34439.565
-40664.234 -34475.216
-40622.116 -34535.868
-40616.328 -34544.185
-40615.355 -34545.583
-40567.817 -34613.720
-40528.616 -34669.688
-40503.394 -34705.593
-40501.076 -34708.889
-40499.765 -34710.753
-40454.265 -34775.300
-40453.951 -34775.745
-40444.068 -34789.729
-40402.205 -34848.830
-40381.512 -34877.962
-40360.253 -34907.836
-40333.676 -34945.104
-40311.178 -34976.582
-40289.485 -35006.876
-40274.630 -35027.586
-40274.014 -35028.444
-40251.429 -35059.879
-40241.139 -35074.181
-40235.121 -35082.538
-40210.627 -35116.511
-40202.698 -35127.492
-40173.489 -35167.880
-40139.797 -35214.340
-40137.386 -35217.659
-40132.328 -35224.620
-40086.589 -35287.433
-40063.180 -35319.484
-39981.572 -35430.713
-39949.630 -35474.036
-39931.937 -35497.982
-39909.790 -35527.905
-39903.483 -35536.415
-39882.734 -35564.384
-39816.348 -35653.533
-39747.965 -35744.841
-39742.565 -35752.028
-39723.130 -35777.870
-39722.869 -35778.216
-39617.977 -35916.957
-39599.083 -35941.819
-39583.268 -35962.598
-39555.463 -35999.066
-39521.341 -36043.703
-39431.074 -36161.178
-39404.149 -36196.049
-39380.386 -36226.761
-39332.295 -36288.731
-39297.306 -36333.665
-39276.087 -36360.852
-39266.740 -36372.812
-39255.068 -36387.736
-39232.723 -36416.266
-39220.103 -36432.357
-39151.562 -36519.456
-39121.158 -36557.937
-39109.414 -36572.777
-39104.719 -36578.705
-39091.100 -36595.889
-39080.338 -36609.454
-39079.339 -36610.713
-39078.079 -36612.300
-39071.127 -36621.055
-39002.687 -36706.985
-38984.067 -36730.283
-38980.014 -36735.348
-38972.688 -36744.503
-38954.654 -36767.013
-38953.158 -36768.878
-38903.592 -36830.572
-38870.807 -36871.245
-38845.480 -36902.593
-38836.110 -36914.175
-38797.713 -36961.545
-38795.128 -36964.728
-38758.865 -37009.323
-38749.138 -37021.264
-38700.096 -37081.326
-38616.637 -37183.007
-38593.407 -37211.190
-38581.845 -37225.199
-38568.603 -37241.227
-38553.187 -37259.866
-38552.703 -37260.451
-38537.587 -37278.705
-38536.413 -37280.122
-38532.873 -37284.392
-38529.056 -37288.996
-38519.995 -37299.922
-38510.987 -37310.773
-38504.206 -37318.939
-38482.364 -37345.208
-38480.337 -37347.643
-38453.541 -37379.806
-38400.683 -37443.052
-38396.623 -37447.899
-38390.702 -37454.966
-38384.168 -37462.760
-38350.157 -37503.267
-38325.396 -37532.690
-38319.756 -37539.385
-38287.942 -37577.091
-38274.230 -37593.313
-38243.403 -37629.723
-38234.135 -37640.653
-38219.059 -37658.416
-38211.571 -37667.230
-38205.016 -37674.941
-38196.603 -37684.834
-38150.922 -37738.438
-38147.820 -37742.072
-38112.444 -37783.444
-38076.392 -37825.494
-38069.455 -37833.571
-37986.091 -37930.312
-37981.275 -37935.882
-37917.216 -38009.779
-37893.019 -38037.601
-37887.998 -38043.367
-37858.973 -38076.658
-37830.579 -38109.157
-37803.977 -38139.542
-37800.845 -38143.115
-37795.371 -38149.357
-37776.863 -38170.448
-37761.854 -38187.530
-37701.485 -38256.041
-37697.809 -38260.203
-37695.119 -38263.247
-37659.699 -38303.283
-37631.818 -38334.723
-37617.430 -38350.921
-37614.543 -38354.170
-37608.214 -38361.289
-37585.284 -38387.051
-37580.193 -38392.765
-37559.819 -38415.611
-37553.979 -38422.153
-37536.899 -38441.270
-37468.041 -38518.097
-37432.636 -38557.448
-37427.032 -38563.667
-37384.960 -38610.275
-37344.253 -38655.234
-37324.965 -38676.490
-37295.688 -38708.697
-37293.985 -38710.568
-37282.437 -38723.251
-37228.251 -38782.620
-37161.447 -38855.492
-37124.102 -38896.075
-37117.759 -38902.957
-37114.671 -38906.306
-37107.202 -38914.405
-37101.089 -38921.028
-37070.922 -38953.677
-37038.815 -38988.346
-37022.841 -39005.565
-37012.485 -39016.716
-37006.276 -39023.400
-36984.506 -39046.806
-36868.891 -39170.497
-36844.925 -39196.008
-36829.666 -39212.229
-36812.057 -39230.925
-36805.667 -39237.704
-36718.611 -39329.748
-36678.421 -39372.047
-36673.381 -39377.344
-36654.153 -39397.530
-36645.459 -39406.649
-36601.507 -39452.661
-36553.274 -39502.991
-36550.674 -39505.699
-36500.079 -39558.298
-36425.221 -39635.778
-36374.347 -39688.199
-36349.177 -39714.066
-36337.068 -39726.493
-36326.296 -39737.540
-36323.637 -39740.266
-36321.565 -39742.389
-36284.353 -39780.473
-36280.942 -39783.958
-36259.876 -39805.469
-36241.236 -39824.475
-36233.618 -39832.236
-36231.849 -39834.038
-36209.658 -39856.618
-36186.283 -39880.365
-36172.519 -39894.329
-36158.168 -39908.876
-36153.708 -39913.393
-36140.982 -39926.276
-36124.382 -39943.063
-36095.763 -39971.960
-36095.555 -39972.170
-36073.882 -39994.014
-36046.968 -40021.095
-36036.809 -40031.303
-36032.242 -40035.891
-36015.127 -40053.068
-36004.595 -40063.628
-35996.709 -40071.530
-35995.004 -40073.238
-35979.905 -40088.353
-35964.904 -40103.355
-35947.477 -40120.763
-35932.851 -40135.357
-35910.996 -40157.137
-35898.564 -40169.512
-35866.024 -40201.851
-35856.703 -40211.100
-35785.292 -40281.770
-35771.932 -40294.952
-35744.635 -40321.849
-35711.262 -40354.665
-35682.134 -40383.244
-35640.711 -40423.787
-35520.994 -40540.318
-35512.720 -40548.337
-35500.173 -40560.488
-35491.325 -40569.050
-35477.349 -40582.564
-35389.078 -40667.622
-35311.753 -40741.711
-35220.898 -40828.268
-35185.289 -40862.047
-35170.506 -40876.047
-35146.120 -40899.109
-35126.419 -40917.713
-35125.309 -40918.760
-35103.884 -40938.963
-35092.966 -40949.246
-35091.420 -40950.701
-35064.403 -40976.114
-35048.884 -40990.690
-35024.328 -41013.722
1000
360.793
504.366
465.045
631.253
611.017
960.780
1482.658
1035.781
369.794
1627.164
1343.537
1349.972
1692.996
1692.445
857.579
815.427
1492.550
1355.878
153.347
832.306
1182.506
445.061
468.643
905.005
1346.094
1528.197
191.215
862.409
1572.247
527.078
1452.642
764.246
1688.937
235.408
714.608
1779.500
0.006
849.426
1650.398
489.676
1120.219
695.839
1294.133
35.068
916.093
902.178
511.359
1479.446
518.614
1575.696
1684.207
208.300
436.850
344.388
735.573
1579.797
1841.032
1847.784
1666.045
696.523
1028.142
1870.686
1858.081
1084.247
347.800
630.260
99.644
44.706
1802.785
1828.376
427.436
383.382
1151.132
1380.435
484.653
1154.580
1257.598
964.097
520.944
893.241
390.624
1834.410
448.583
574.441
421.886
1750.034
868.797
494.983
825.920
885.776
1869.433
1770.399
555.182
953.278
1223.040
1754.156
1201.687
948.304
1027.423
686.785
1389.830
1764.056
883.887
436.791
1665.102
1896.980
236.006
520.235
696.549
75.161
714.913
100.584
1587.091
231.196
1295.468
1169.287
219.948
532.735
1480.616
357.387
763.155
1886.480
401.069
363.042
738.390
824.197
1300.316
1739.432
265.965
678.385
817.513
310.269
1729.958
772.106
1178.407
378.199
1593.552
54.077
1291.508
903.989
730.981
312.446
1483.934
1199.073
1333.883
728.041
229.662
832.883
1228.532
238.278
1185.357
1022.482
1807.863
573.061
1123.412
1863.828
457.895
1091.673
737.240
1579.063
1709.935
489.281
1382.508
650.768
1045.307
1752.829
503.738
983.708
1437.561
962.275
335.527
330.370
1740.441
1646.836
358.699
1857.790
1358.061
1056.708
21.363
646.963
744.147
1476.684
884.830
770.953
194.136
683.028
1328.540
1713.049
77.559
1659.868
1376.949
37.613
1183.748
1757.246
410.692
68.906
1810.248
17.528
1712.084
1796.465
1891.249
553.681
267.091
1712.740
720.052
225.513
445.589
1692.677
938.143
72.384
1625.989
1357.739
1198.382
1271.886
939.149
1854.035
376.239
1519.461
351.684
967.045
1313.426
1248.508
1753.305
717.757
1872.667
876.150
98.147
696.455
1252.229
1847.712
1134.132
1217.451
1042.240
1828.901
78.207
197.015
872.304
409.400
364.278
1527.287
1812.092
1787.160
1770.014
1273.015
895.899
474.666
709.097
1335.274
1082.800
1154.456
1070.112
1468.024
1884.771
181.307
546.315
174.759
669.836
1117.066
1177.274
878.885
1299.299
1789.388
1639.238
865.047
1532.628
1222.504
384.379
1335.494
803.548
723.609
1734.777
1230.596
278.953
905.451
497.307
325.305
404.645
266.472
470.039
1378.956
817.695
106.872
492.915
1488.203
125.651
1751.454
511.858
1169.341
1384.684
298.082
1214.095
1372.877
29.574
263.651
1505.830
922.730
1119.100
106.874
1840.491
1790.254
1269.937
1151.792
63.654
1823.607
644.413
1086.758
1600.825
814.798
1831.414
1034.792
5.667
1040.483
40.750
1699.921
1694.697
1334.439
70.758
780.758
1502.297
1730.776
1864.316
1695.266
968.817
634.734
670.142
781.964
841.261
1652.784
782.522
1592.473
236.519
866.645
1014.247
1418.627
768.652
471.309
682.104
1429.703
247.958
1037.681
982.777
1722.826
1470.533
1811.718
28.293
1509.632
1559.501
1838.219
1837.685
1111.653
1550.349
1769.428
561.583
763.856
1744.515
69.276
200.671
46.809
887.017
1589.847
31.160
213.470
1039.933
1137.675
665.963
1643.845
1527.339
1126.845
336.074
505.515
1435.979
772.188
869.929
1550.713
1343.463
359.970
310.770
54.481
1765.883
1422.725
72.456
1320.488
324.504
677.414
1680.229
792.326
1312.892
266.864
1198.172
1293.485
3.765
3.250
267.169
546.232
262.129
56.518
1423.955
1573.327
1661.392
985.902
1411.367
865.815
977.056
1547.257
1023.755
313.828
1827.658
713.676
379.146
781.431
1273.930
1233.155
1841.726
1774.723
1161.512
1095.287
1821.970
572.190
1697.766
1509.205
1389.227
1544.902
1514.130
1730.890
1038.432
254.619
1846.690
1015.699
418.995
284.521
611.769
182.268
149.978
744.064
1107.849
1693.778
564.877
1052.623
1855.492
361.055
1865.620
937.328
670.004
1255.170
1362.848
781.028
292.525
1769.602
1771.970
1514.499
357.734
954.997
751.656
210.286
1150.175
1617.807
559.194
170.910
1381.667
216.512
1728.479
160.627
682.660
574.260
1150.713
1409.202
12.087
1356.334
1747.999
1813.355
1848.279
1487.163
1712.454
1886.980
1294.089
702.122
741.931
693.860
1207.625
370.984
1683.491
62.745
815.522
1683.297
1501.549
569.253
1536.510
1682.114
499.470
1570.378
641.989
574.062
1304.137
1852.917
773.563
1210.996
1407.573
1712.949
789.834
390.313
699.912
1163.785
1361.400
1815.654
993.017
933.178
1046.972
773.832
830.418
1217.700
1036.110
580.974
531.322
1449.678
994.786
1341.602
965.658
346.759
586.385
296.657
1762.585
125.696
1736.549
1432.536
832.609
1614.601
71.859
1861.926
1383.763
700.356
31.453
527.791
1398.643
388.713
998.217
1102.732
926.477
686.156
157.916
300.720
144.922
772.546
167.925
680.816
1731.237
1675.414
1003.609
240.597
105.994
1734.742
1241.710
817.377
737.014
1205.269
1729.619
138.202
1200.727
492.414
322.454
1328.952
1382.117
694.671
1529.958
428.783
1668.366
468.107
1003.821
516.481
1264.033
1832.226
1734.934
1348.444
1850.315
230.951
965.998
1586.922
261.382
315.630
8.872
437.040
1135.310
1018.454
817.771
1713.598
1200.438
1495.600
1017.222
1675.675
229.572
711.872
982.786
27.346
287.062
1370.324
111.886
692.991
518.225
1426.780
333.086
593.253
1046.704
171.197
1405.947
118.937
347.527
1437.657
1261.151
182.748
613.773
523.424
1173.892
1496.469
1812.423
1443.957
1691.860
453.284
136.781
1453.759
794.395
319.924
369.032
639.577
543.846
1143.722
472.610
1889.171
92.751
1756.905
263.755
261.142
1884.748
1565.611
1734.654
1203.242
201.100
1092.610
588.674
511.833
1601.997
200.121
1069.830
19.287
1892.462
524.706
1595.263
1895.842
1596.613
1657.087
588.883
1159.033
996.764
1604.576
1688.772
1603.274
222.754
884.913
1801.236
1613.810
56.522
367.983
1533.666
723.681
1134.656
370.105
1324.648
1039.797
834.250
1289.063
1819.000
595.986
1595.718
808.023
1217.067
1527.761
1572.346
262.605
679.286
1227.148
1462.785
1062.616
321.395
433.355
613.657
1128.072
1035.222
8.307
540.691
70.750
1788.770
1295.211
876.278
1711.032
648.176
814.905
1804.652
1410.015
325.235
41.811
664.291
1563.427
765.492
415.104
517.626
853.581
453.908
921.560
406.891
579.989
1407.432
1166.366
455.682
318.808
1827.593
1333.281
372.772
1778.877
1149.062
798.002
272.376
1023.264
38.082
940.172
928.494
1653.112
752.304
1619.212
1649.971
1231.088
617.296
1754.399
308.686
1301.882
991.521
385.243
292.269
1680.131
763.282
504.082
518.182
1827.305
668.207
212.559
972.080
1385.005
43.655
1630.087
207.438
1079.200
1284.643
1032.556
1561.567
1135.719
1249.829
50.332
1267.833
1715.771
656.635
1437.158
1487.789
232.895
994.424
932.386
1347.881
1180.436
1856.182
1607.467
1359.903
933.410
474.347
1896.625
1882.807
1072.653
1740.446
1285.445
830.797
1404.338
893.045
147.606
992.665
1769.878
1584.380
503.564
332.975
196.611
1632.388
232.717
1790.059
1754.749
1227.527
1775.470
1419.427
1573.851
766.564
498.719
709.559
706.293
1228.601
1541.633
914.505
122.708
1779.180
1297.144
629.153
196.538
51.065
877.436
1115.472
1332.076
463.223
677.129
1063.780
102.714
338.503
1439.426
1842.563
599.036
450.170
695.663
1663.728
702.942
868.202
530.700
1321.330
1064.347
43.486
518.626
705.100
28.012
573.794
1537.904
1102.283
1272.914
1648.638
391.218
1089.684
1180.272
1660.155
1446.809
1210.992
1757.634
704.167
1188.723
798.338
1168.451
1205.305
1096.119
654.659
435.409
662.830
1807.983
236.197
1582.141
960.335
825.089
1810.367
301.042
492.567
928.749
567.975
322.739
1026.641
1561.908
619.363
256.395
297.675
662.192
1766.204
1868.694
481.165
1518.362
5.941
1098.116
937.131
591.990
83.379
548.782
36.091
0.173
935.350
347.162
552.596
1543.502
311.174
1811.196
396.525
1344.369
1888.954
1303.091
879.175
946.109
1747.112
863.266
1837.415
1085.923
64.440
1468.791
638.769
72.865
741.795
1693.371
1509.087
1436.263
1363.830
1855.126
1221.125
279.427
51.474
592.944
632.989
1179.769
1172.682
1362.555
1003.802
1886.083
517.155
1063.610
73.267
430.530
858.969
1622.683
670.305
848.620
393.914
353.883
1188.854
454.366
176.797
726.087
620.717
1604.910
1567.075
281.173
886.499
105.024
1096.268
270.746
501.999
452.378
1496.609
607.291
625.283
383.966
240.780
1311.570
1873.312
531.072
1430.832
113.265
269.279
648.904
709.973
1313.317
318.057
435.433
1193.187
637.768
1282.013
826.362
548.627
889.035
1219.634
1402.991
648.382
331.622
594.183
1690.978
971.761
1121.913
927.545
715.779
1867.135
799.851
586.894
1440.316
143.800
1201.292
732.489
136.178
791.386
154.456
395.379
548.893
1392.791
886.186
120.175
1756.075
1312.593
1392.510
615.775
798.139
708.904
1400.549
1623.602
160.044
1671.602
1482.373
849.206
31.209
431.974
736.066
