1000
642662 643102
406505 407086
728535 729071
177516 178087
927936 928224
344805 345300
995543 996412
622780 623478
838947 839010
68938 69226
738601 739211
783556 784029
337870 338289
211546 212330
957627 958388
897949 898408
38917 39182
749652 750313
46876 47126
138757 139406
521860 522479
872960 873317
507824 508328
16505 17044
793822 794078
921535 922016
19987 20121
721654 722099
408998 409493
636862 637139
997676 998431
570582 571137
150662 151114
54550 55367
339731 340340
487815 488183
45906 46117
290635 291027
299839 300205
204713 205328
66980 67351
611655 612300
473677 474390
131921 132401
124971 125006
464645 465397
839866 840137
29905 30421
774678 775173
149951 150480
161818 162174
63512 64470
121927 122197
514866 515082
714728 715474
807606 808427
182657 183207
324844 325210
709811 710133
146547 147425
44648 45279
853914 854334
83557 84382
465814 466026
844661 845463
274962 275012
981804 982213
474828 475206
645883 646406
378638 379445
113567 114398
825912 826419
229600 230362
255860 256440
472766 473267
913594 914166
590781 591255
42756 43233
84727 85208
197824 198147
991751 992213
617552 618455
605506 606087
277946 278357
874963 875472
592705 593062
908638 909171
122883 123303
293782 294150
588878 589259
430981 431324
297660 298115
866570 867051
971963 972125
657854 658287
899839 900061
403538 404219
152807 153309
260505 261208
849872 850104
814680 815476
970774 971445
127985 128121
760501 761201
53809 54129
329855 330432
90563 91050
5952 6228
669595 670487
931811 932243
241710 242145
752904 753017
104683 105025
216626 217407
876817 877448
682784 683051
91973 92382
175781 176095
272618 273260
10853 11271
527762 528290
576934 577235
23872 24083
796961 797024
1865 1000001
187825 188034
963857 964409
928597 929409
810941 811459
239990 240487
486629 487423
935542 936187
410914 411170
417800 418357
715793 716046
937594 938203
887538 888029
33833 34165
156677 157164
129915 130265
39997 40090
448590 449292
893784 894188
244713 245108
459710 460497
14800 15232
790831 791184
861916 862381
533979 534340
254606 255451
857567 858325
362769 363491
629553 630368
162840 163198
562736 563479
172724 173207
772637 773049
920723 921024
385650 386177
959507 960313
616776 617137
635517 636340
209539 210104
206843 207221
446632 447373
389826 390387
11847 12399
695992 696044
599776 600453
996950 997207
809769 810454
266955 267362
556736 557175
8866 9328
80550 81156
318994 319028
384745 385155
421933 422368
207541 208114
343956 344468
577582 578477
552552 553314
652638 653157
625505 626324
850600 851016
220676 221155
614910 615074
877589 878459
549607 550191
949944 950236
852828 853054
627732 628400
123943 124210
49652 50149
165780 166130
89635 90382
305940 306159
522795 523073
298834 299052
943915 944444
250551 251249
973845 974305
433602 434002
82513 83218
739824 740463
773973 774085
580999 581302
9524 10337
824712 825397
330907 331386
496576 497331
992955 993446
933768 934130
563851 564478
25997 26383
497511 498002
643899 644279
566928 567462
103524 104048
455891 456070
788735 789364
952627 953268
612716 613289
295758 296068
106806 107440
442804 443090
860754 861321
912997 913066
52699 53468
144769 145432
516642 517255
358753 359351
321556 322413
675669 676452
889688 890260
15694 16076
710866 711451
779882 780110
626667 627488
35923 36332
306916 307374
438778 439261
693553 694219
47692 48045
811850 812208
304991 305466
71895 72482
96822 97282
327615 328001
179523 180106
519568 520238
534955 535121
201591 202099
510881 511421
372837 373044
502642 503263
582916 583320
382521 383448
572594 573313
808880 809042
623958 624073
2973 3083
737919 738006
668804 669389
717667 718450
462647 463377
173800 174089
432952 433322
932955 933321
503927 504439
126915 127221
916952 917310
328880 329147
133882 134039
110966 111205
964732 965006
942666 943404
159744 160103
895530 896046
685566 686387
655883 656330
212794 213325
822755 823280
100734 101174
581758 582250
114987 115092
498702 499128
712697 713491
407713 408175
302604 303492
262516 263317
628728 629318
618567 619354
289802 290474
765945 766258
610659 611199
248852 249099
836979 837419
453681 454052
217892 218175
633516 634478
823604 824016
186602 187176
759541 760174
141900 142108
726796 727265
249620 250367
673999 674164
56922 57491
718882 719162
445510 446436
233657 234154
868601 869277
300790 301101
371884 372319
725927 726255
948681 949287
291726 292106
680849 681192
819545 820121
287769 288313
936953 937263
351901 352287
883749 884123
236859 237058
98868 99309
771930 772292
812704 813444
18996 19345
377894 378406
560590 561324
966861 967251
192543 193315
55613 56145
193723 194048
658761 659499
914706 915434
132919 133101
242983 243287
674889 675426
546601 547407
690647 691279
257866 258406
176812 177293
764588 765094
691757 692165
832630 833099
600673 601098
785575 786212
848860 849498
458812 459268
240605 241187
475594 476359
404547 405394
794741 795222
901871 902372
985839 986321
34524 35289
687992 688121
436909 437428
827637 828459
309687 310169
856877 857148
278811 279443
578973 579412
729731 730181
654980 655342
361933 362370
3765 4018
168506 169142
846756 847125
67944 68159
345690 346332
620888 621251
482564 483301
778787 779105
424665 425337
755874 756420
830506 831076
817875 818236
532668 533040
539793 540272
998642 999185
754972 755208
905515 906293
530580 531102
583687 584014
43561 44380
184552 185446
541866 542157
77752 78400
20767 21332
958697 959406
180925 181064
478510 479163
847647 848025
805857 806291
670680 671027
224859 225223
694593 695422
886505 887353
280728 281053
734706 735069
903957 904318
606779 607399
118666 119216
735675 736227
504902 505261
821804 822041
102638 103408
158740 159189
256753 257222
780997 781288
659849 660126
891799 892321
196584 197475
826944 827358
983650 984383
558966 559497
267666 268199
699593 700059
974820 975295
743746 744390
428523 429213
334797 335152
246537 247276
393598 394128
978599 979210
919884 920196
31877 32454
545830 546043
537531 538143
705921 706313
139764 140056
870989 871166
692603 693081
354610 355480
253671 254301
222696 223183
285936 286204
167943 168435
117617 118289
374772 375083
275968 276459
875617 876214
493798 494469
450942 451171
356593 357245
789522 790248
934517 935315
976927 977196
32914 33444
409634 410139
381974 382197
538806 539271
119674 120373
767938 768307
72748 73090
308996 309296
468807 469274
990599 991379
396651 397027
753984 754125
698765 699212
134669 135389
619877 620130
490525 491307
359968 360314
73992 74152
414952 415106
604595 605348
555934 556290
540850 541419
768857 769483
37915 38125
505504 506320
993681 994214
313737 314341
571549 572080
375690 376350
880573 881448
649749 650299
523848 524379
94706 95477
945599 946285
170855 171065
834788 835266
733534 734495
962582 963226
915977 916489
559855 560289
663745 664496
395807 396023
909779 910037
719608 720444
666848 667188
316619 317478
918977 919192
399853 400304
346998 347280
969718 970335
561898 562118
597660 598393
598951 599010
702571 703413
586619 587480
22636 23429
50599 51007
370999 371352
878573 879494
225713 226333
841800 842486
279724 280198
317935 318128
183778 184359
621966 622042
221963 222378
569580 570439
607956 608081
62737 63230
898776 899259
415948 416356
910672 911027
85787 86083
938504 939198
163799 164073
323829 324173
961599 962316
353699 354223
335977 336447
135921 136064
4909 5246
786835 787174
544915 545070
751501 752420
258918 259062
366961 367322
166693 167322
845850 846218
189955 190074
947885 948309
219753 220438
513731 514409
837603 838074
426587 427196
740975 741483
40669 41029
843727 844475
78525 79104
637621 638449
115796 116314
911806 912209
547981 548268
349900 350191
41896 42464
24990 25351
926738 927405
178984 179273
194548 195440
434803 435187
416804 417139
557894 558238
506776 507191
198511 199165
854612 855346
792922 793216
435553 436212
439594 440187
650660 651054
284557 285480
869593 870437
653744 654032
153961 154216
342546 343264
529674 530285
977936 978182
326822 327072
922807 923185
480863 481098
427866 428150
688843 689370
855827 856166
986631 987250
584801 585497
953623 954466
515609 516227
900853 901113
660929 661366
341594 342171
613943 614113
896635 897299
679570 680135
603774 604237
951686 952344
644580 645446
48677 49281
488924 489479
484613 485157
376915 377496
463638 464044
707684 708082
750599 751058
564932 565196
481816 482177
775969 776035
7617 8441
111787 112294
74941 75114
769855 770376
449967 450425
955602 956143
742786 743067
202675 203489
271882 272373
263555 264467
99505 100415
543930 544344
363546 364057
624986 625399
630697 631065
13809 14116
551729 552028
238529 239455
190900 191399
437952 438484
884978 885336
230686 231309
776563 777492
632757 633198
683778 684309
829954 830412
902638 903014
965631 966069
730969 731407
301577 302253
283737 284460
489740 490276
76900 77134
967770 968194
499655 500375
405568 406104
639914 640372
732783 733052
466682 467329
310968 311325
140781 141252
307642 308425
758889 759029
681535 682460
112502 113102
535694 536215
501821 502197
12543 13447
924783 925143
205763 206457
17542 18002
288991 289293
93605 94325
70873 71235
574855 575181
479593 480377
457863 458337
863966 864131
27708 28160
587830 588183
60955 61003
360770 361445
312770 313351
711986 712028
188592 189353
243711 244447
608648 609011
871742 872146
806635 807401
800502 801353
851634 852125
648701 649217
647996 648357
746832 747216
672858 673394
340697 341313
214844 215374
940596 941175
69670 70047
252894 253295
232560 233327
677663 678196
865951 866340
147581 148323
640654 641053
791843 792160
58518 59326
101886 102038
355769 356053
907915 908342
661810 662211
716852 717272
320819 321068
386874 387324
766972 767446
64973 65271
904548 905192
268907 269495
667935 668359
763880 764096
218853 219371
696675 697279
664717 665406
231667 232400
745709 746106
646652 647424
704798 705239
109727 110353
199874 200434
492875 493290
787721 788494
174624 175285
525721 526307
885758 886242
994645 995361
61757 62392
145755 146207
367911 368196
708664 709293
700551 701482
781518 782128
319937 320186
634906 635117
802665 803218
548993 549159
338620 339168
816925 817479
350802 351475
720519 721110
336890 337382
595596 596255
968698 969184
762856 763338
950501 951122
813923 814195
879860 880379
840615 841206
761541 762352
777788 778440
975657 976279
191994 192467
954885 955264
422915 423137
859529 860064
164721 165493
757960 758119
227893 228337
550792 551251
803607 804353
259566 260201
391931 392124
394742 395144
833970 834176
798701 799324
116900 117208
269945 270277
882935 883492
770919 771120
226767 227467
701547 702362
413739 414038
30532 31024
425723 426116
923668 924128
228757 229220
536565 537293
208720 209247
831972 832331
744781 745438
594577 595487
946861 947242
137741 138314
589624 590202
483731 484095
828671 829077
553887 554205
332850 333246
365825 366087
333550 334090
467908 468091
638937 639245
469605 470480
125899 126225
373880 374343
456788 457142
804692 805272
727805 728276
87852 88202
939897 940315
491721 492493
723823 724005
195576 196457
602768 603180
651695 652459
157908 158216
120882 121319
368935 369086
508979 509178
444858 445499
128585 129416
185677 186287
979832 980411
294870 295226
858781 859155
237590 238345
97854 98305
799549 800174
960945 961324
443921 444148
724687 725178
686723 687269
387789 388140
81754 82330
412824 413236
397819 398111
579658 580416
325939 326022
264508 265490
281795 282138
348703 349009
203580 204177
75893 76164
524625 525058
835879 836072
731669 732317
418855 419474
689851 690039
65930 66442
383763 384105
520833 521452
706566 707022
554645 555395
142946 143209
956611 957294
703585 704376
401820 402331
988837 989021
736973 737326
273978 274158
411948 412465
108899 109131
223641 224119
79615 80257
784739 785446
881975 882451
485751 486333
565762 566378
906852 907051
460936 461430
311549 312495
987694 988240
181517 182160
560 1000000
585954 586456
631878 632111
815712 816286
148940 149094
261908 262001
867701 868442
741527 742304
972517 973084
999590 1000468
609718 610340
451635 452437
842575 843375
797772 798247
713663 714287
494934 495203
447940 448172
431828 432299
697641 698408
892507 893014
143954 144463
989531 990154
364613 365207
722597 723099
357575 358095
601860 602135
662539 663353
593641 594306
36663 37454
500666 501349
392857 393348
200540 201440
748901 749304
169516 170022
656771 657131
130960 131100
929869 930103
215737 216498
151861 152390
247610 248213
420631 421233
873865 874324
265978 266316
95689 96373
282820 283083
944692 945463
801509 802080
155840 156177
369816 370176
615898 616175
352843 353344
379961 380288
756641 757124
6928 7172
276718 277049
531944 532187
782517 783117
684757 685317
471828 472367
92641 93297
303669 304439
28711 29490
641607 642086
890705 891237
461930 462245
423922 424207
495953 496387
917958 918154
296990 297141
251745 252092
57700 58302
980920 981042
477912 478091
591546 592214
665615 666311
400692 401437
380804 381306
567695 568299
160674 161071
528667 529153
476806 477376
154985 155147
21581 22370
270880 271353
511546 512043
398879 399414
51815 52174
26719 27018
331702 332375
542708 543255
818599 819140
315682 316206
235811 236433
452745 453289
441661 442084
213763 214488
517979 518206
107899 108299
440622 441035
676599 677250
390836 391002
573892 574222
402762 403350
88842 89132
210808 211036
568554 569427
747912 748381
429586 430459
820759 821166
322808 323048
286788 287188
894938 895342
678898 679114
292773 293409
234644 235236
512836 513263
388790 389006
136804 137231
925774 926421
314799 315180
888527 889089
105611 106105
171861 172013
596914 597087
984848 985010
930688 931168
347955 348166
59838 60259
86637 87218
671524 672040
864651 865054
509544 510139
941519 942364
518870 519115
982916 983224
575665 576300
454722 455141
526788 527358
470557 471251
419548 420422
795552 796330
862889 863142
245890 246164
