999
-85034293 48444653
-77309230 -32269308
-36065420 -12945492
-72889753 14040324
-55663059 -10554542
-73865489 -73609420
-80805377 64547228
64340548 93486752
35287854 35527961
45960861 45964577
-14743266 16153652
78723523 90724689
92244031 92400906
-66460560 -66327428
69554406 70063844
27460342 56018255
40518545 75994383
-1673091 -1308612
-38129633 21788624
-5677759 -5634347
-79921384 90448886
-86269272 84584473
-63199725 -28967597
-95155948 85624279
-92133486 -91554196
-79832847 -59995110
-85216519 56765143
-69556922 51243587
-81896863 -81601903
-76553116 -76383654
-72247452 -72203262
-98618392 -98561833
76928839 77290824
-26502979 -25983148
53997332 90104412
71088772 71671758
-35349433 -35136913
-73474295 -31885202
7289606 86749928
-99049896 -99011504
-63447513 -62930899
-9118521 -8584942
53738692 67025515
75303587 75541051
-45213357 -44634386
81909350 82331077
-63735237 -63691515
63469000 83169398
-95878720 65238174
-63137020 68923316
-36351826 -35873592
-39508441 -7519203
-99380427 -20001949
-19459370 -19339452
-23079003 -22986000
-45509900 -45235230
-97413121 -73127420
-83634155 -76106970
-89832746 92421250
28877197 29025087
-64995663 -40205088
51138770 51341001
-47495201 70135420
85953579 86102044
-40921126 60503013
-69940151 76095836
-43915212 -43790050
-89802450 -21950292
12875393 63740418
-92508408 -42869524
-96484691 -22360919
64979925 77906279
-41493878 87810380
-55731083 50973493
-86095601 21572057
12415296 12967775
-40828183 37438408
-90243269 -89690530
-25876135 -25770999
29883485 30105777
-62346532 -2655024
-49537576 -11644586
25312130 64908129
-93645161 2374362
40517749 40690156
18533067 92081527
62313884 62830677
-85904101 -3933430
63038786 70721078
-76694103 -12426190
-25946617 94860856
-72656652 -52931858
24141892 24266961
-45809806 81334892
50920500 51264946
-31715391 -20148349
13426999 82922271
-74322234 -73729824
9078996 71132612
-93737625 -38096682
-36081246 -35910158
-87054676 -1310292
1096493 1441686
-53346226 -53187523
-39359499 -38969932
-43149435 -10579353
21968681 53148713
-39192370 37922863
-12134873 -12094469
54368918 54700508
-46169772 93513135
-59881571 79390799
-50037021 -49539376
17740616 18289656
7324669 7843415
-36254569 38425432
-25829888 -25637612
-50013049 -9922990
-41019467 -6149604
-29638220 35819052
50802494 83971088
35626582 35667339
-72974054 36868383
21276828 21693091
-19777838 66037482
-83330231 45819359
65371035 65661003
40760535 41187818
-22952622 -22915806
39194888 39617714
-54953831 -54647697
83893629 97348081
4993384 79996104
-82958602 -12752299
53015459 53129823
-26126545 44629230
-2438474 38720035
15194305 15655449
-40159077 -40084041
-94257367 90902732
-30906322 -30623447
34986437 35357717
-73761120 -66361676
3986329 3998671
-67247914 -67182077
56985920 57096640
-64130623 -63660707
56957317 57239149
58733153 59028702
11930161 94077897
-82161612 -20298541
50020897 50277863
-48687103 -48671711
-27601433 -27460715
-74991659 35130731
42116334 49959581
-8445277 40962720
-7642631 -7366380
1655255 88258098
-99066062 -98591139
-69186914 -69101183
74622927 74748908
41327492 41346330
-64814824 15527016
-58329588 -10277921
-65248975 617652
-38256301 -38003047
-81735248 -39133484
-75221466 -75200277
39179714 71340153
-4995824 -2584952
-27455337 34702409
44006202 76375470
80660437 92785976
-2253579 11942541
-77684459 -33503835
279666 743215
16724385 37664835
48556274 88929559
-80157493 -80007585
-40460211 -23452186
-31651894 -31168939
-36960713 19747856
-62480328 28203660
68293044 78404822
30766669 31596364
-71226969 -71131765
-73420443 -73417192
-65753678 62860395
-36194188 -35928897
15344586 37329885
-71925562 -49012913
-3729364 -3271735
37474807 76336434
-37235263 -20867293
-38625450 34007859
-22403302 83008390
-51374258 -51044939
-86576651 -66872323
28809769 50151026
-59273494 -46760519
-15625672 74070641
-36748098 -36202426
-26594137 7376431
-95943352 -59822383
-58567148 -58024553
48462072 59900258
41206942 41223837
-52431937 -20289732
-3022920 9123291
-85012215 34741368
12055834 12237141
1858943 2210605
-13980489 41084279
-76685153 48152656
-98966442 -14662367
-97623323 -33976256
-4111652 71689311
-66011762 91779450
-44238881 87265250
-91631192 -91588036
-51586623 61034750
11503006 11529048
-18246483 64853446
77516162 77829355
-39021127 57872347
-91974322 -16798569
41717183 97200777
-16390259 -16125943
49413373 49681219
-69431365 90680851
-81657380 -81614046
-58673737 -39783547
-29719431 -29427320
-7573425 27112542
-35170171 41304928
-71920820 5206529
-91843831 -57052454
-45641216 -25991441
-19071758 -19035101
17237019 45802207
54458248 54556250
-81265981 -27091151
-51737021 -51314021
47257770 49975422
-62189719 99667460
-25662677 -25136527
-41855392 -15357311
-83760715 -21050683
-767395 65183085
23219881 72714982
23287973 23588428
9061596 9121875
7191125 7558869
719446 66559154
-69821611 -69748170
-70320703 -49954765
30974581 31184808
-61462242 42133691
-2962145 69466828
-68668871 -35675708
-80012239 -79772853
41223719 87781027
-56403964 73507731
-9244336 92772697
-94413342 -94225143
-60249138 -60088078
52623680 53032646
-12154288 53554941
78280534 78777050
-29423362 -28951210
16195816 16223787
-30701614 -30618592
-57738195 -57193993
32938871 57021646
71373898 91840654
-8467176 47745517
87377791 87974472
53249605 68153367
-78731391 -48677220
-1281659 -1096021
-14478857 13974734
-88424728 -88376521
21546085 58532938
-59894352 -17006443
40495 105341
29035771 35857497
-55215421 41079062
44435069 44664932
17841538 30824508
-16363763 -16028544
-21222529 59320564
39854998 40449847
43596442 44087634
-36118469 75636925
31136862 31500927
-71520737 -71297429
-45200052 -44850668
85970780 86191300
-38284646 -38058547
-83685778 -82644305
-74435564 43076412
58748435 58811986
-61447844 -54938683
-64547767 91932871
91587336 91876139
-88682140 -63292298
71231942 71370246
-36560722 -14034749
40868172 41335257
40819389 56809834
8590630 9121595
33297506 33592572
-54054394 -53752242
-91435375 42374313
-36591273 -20198250
-81960528 -37970782
-14913958 41021069
-92049345 -91929299
40704521 45646826
-10004240 96222886
-59974279 92618951
-52221729 54283157
19493175 19880520
-68529049 -9228011
-68590818 -10069025
-43148418 21534060
-2032078 -1818025
-92911043 -92378383
78472804 78586835
-68251383 -5237386
-7442078 -7269829
74730262 75064752
-12289627 28253529
-39744147 81797448
3501061 3870341
-53142705 39438059
40529158 72472328
-45414059 6123019
4382322 4800039
-11683130 -11489471
-67848697 37302348
-67257155 44138958
-91307165 44552400
-55800662 -35408218
-61645428 -61100286
-49327904 -15193198
-71449860 -71006770
-22750709 17344613
-96963817 92257406
-68782426 -16669984
62765320 62889962
-54814270 31099965
68303429 68825017
-66598325 51267101
-36252416 -36121496
88629792 97500610
-38688873 -38479852
-96789399 -96429103
-59480533 74856994
-95544809 65090454
72516645 81431947
-43918835 35656949
56292234 73415260
51177951 51333954
-46447495 6986646
41577163 90300558
-82953120 -14643073
24392772 70833255
-13360488 -13223074
57545132 57977751
-73826005 -73514421
79886019 83295165
49007430 49017316
36493868 67130189
-60433110 914539
34506117 35019705
20913601 22091976
-65381592 -64832705
-2875831 -2755858
-43271254 98654230
-12684837 -12332595
-65336036 -65020192
-92807451 -42447183
67087212 67310507
-3724028 80187615
-97813154 82597711
-35589284 14761909
35319576 35359768
-90658093 -66386816
-26792847 -26784743
-17333334 -17285494
-54633100 -54254651
71409634 71738514
-95924891 -95822217
-95182663 98945106
8357956 82839520
27191584 81846436
-42270965 33877623
-24968195 58466012
-45795093 -45685989
-84214990 54069521
-64668739 -64166580
-41422749 -8668465
51690929 51710368
-33170462 46501528
92660745 92893387
14337063 14579246
-75241683 50321508
-85158962 -83144013
-16313103 77879182
-36701582 93622037
86206566 86730787
-75138177 27069340
-44833134 -44599005
-73381961 -37424348
-20313196 -16700176
-75272407 53882868
2144296 2629671
-52300837 -52095525
-73175139 96542403
-29892439 -29736732
-76413044 55638622
-91943561 -91679020
-7273867 55941973
-71159155 -70885924
-68972958 56827275
-41625461 -4613228
29945059 96517646
-71043628 95900540
-88412997 -74110258
-1217697 25968986
-19800856 13048005
-70381268 -59956486
-49535197 38019087
-68258392 -68101020
-98017479 -97583334
1192355 1224057
-31885481 7510346
6473966 6815584
-66396490 -56240154
-80675755 80701283
43561495 62313164
45112432 45395760
-65805950 21348317
-74808921 -68101158
-81275244 -81012235
-80857875 -74648780
51237327 51346301
21248728 98248818
31979596 32310060
-45362461 -30802735
-35500360 33229401
-87576720 41872402
-81463602 -81457490
-41271351 -40933807
-2137808 -1648831
-53356578 -21408394
-35144789 -34834016
82411958 82860100
-61060552 92784456
-45062391 -26967440
35488217 35798037
-80889086 53810579
-55675074 43648402
-56766028 44997140
-71304388 -71014079
-92843866 -75900873
-58263194 -58012711
73164028 73728980
-37011073 12446028
54736486 74349849
-24321666 -113566
-51151524 51200732
19473170 97352060
-70432047 -16448064
-39722067 -8650456
-37304660 79848719
-34651438 38439424
-92047996 -52435225
34855524 84751739
-71419357 20720869
18550421 18733673
43062335 43432247
23135870 23268454
-65855521 67862031
83097598 87890584
-69310705 21093924
48793221 49219749
-49678040 -49221693
-41596262 46759091
-67763273 -66224200
-20917259 48472411
-31312480 65593106
-81088587 -29762264
-87511812 -71357521
24240277 24612503
-58993759 -43193887
-45409373 61962540
8179034 8762797
-90614992 37212115
-66862081 67975138
-21057087 44123081
-77367354 81240656
-19262865 13003161
-59073647 -58645066
50535229 50825306
17089574 26744432
-31675170 -16813813
-2752912 86519902
34744804 78998207
69948698 69967630
36483789 53025598
-63236214 -56235518
2909622 76696304
95600026 95841088
-9059125 43138905
-14660533 84770960
-29649941 16503474
-288354 65754437
-64602674 -64094262
-43386298 -42992443
-20659585 -20253123
-84008683 -83640167
-6532304 -6025869
22551132 44612581
-81570470 -47222090
29709981 29959698
-30845738 72600309
-81566891 92627551
-89569871 -11992288
3323097 3910078
-27800888 -27620984
22332275 26118525
-93997353 -59861263
-45860800 -45469453
-45423067 58562911
-53155728 -26529478
85274007 97285351
20106369 20316863
39178736 63490964
16591943 16831695
-81729302 32748957
-93761954 87297396
26631223 93387721
-42025079 -23010248
27283242 27811279
10568053 54609004
-92365355 -47666589
-9648454 14555903
90976469 97152828
30562592 34944985
-48229241 63998912
34852408 34925291
17231490 17795858
-66997404 -10825185
-77637384 357439
-39928038 -39447687
12757904 62767580
-78756326 68982731
10589170 10674346
-86132544 19028182
64045497 98356500
-12145807 -12022591
-25293026 -24969258
-69071518 88415927
-34130376 -20084563
-6056890 47515879
-67486670 54819723
54298165 83731840
13270661 13820561
-53684241 -53631056
-40412076 74966300
-91637668 -91403865
-13357944 -13229714
-95641420 75390878
-31670993 99254992
-66535046 -49910785
-40539104 -40352205
-78501015 -7460805
-71057381 -70737854
-77336004 7122696
-12142284 72152676
2716416 66230208
-55846369 28470952
-97203000 -25220532
-31063101 -30479145
-11735499 17044496
92638153 92774102
-33005110 -32753135
-36487229 98475456
-77342587 -54549938
56010580 56215955
37433932 37732537
-56669497 -48684173
-77682406 79122929
-59969708 -23656757
-70431578 98482654
13219758 62648682
-72009662 -54909541
-74135542 -63606479
3290459 94611942
-27093101 31764763
19627740 30985334
62659538 62753789
-59902014 -59344866
-73330313 -73234835
-46187227 77504719
2161306 6413432
-22334001 46396731
13712143 31628002
-94161786 -93820337
21842024 69827907
18869195 58388760
-96511253 -57538767
93188650 93475666
-71482219 82071205
-17235590 82441816
86347809 86531172
-63717134 -63452505
-22730932 56976720
26483220 62383974
-59631616 -32955055
16822656 16873493
18390368 18909527
-88667839 -54793748
29085999 29308823
-55521858 -55441065
-38107098 -5174468
-73320915 -55148455
-6746353 21300731
-89176610 2348065
87343131 87542120
37791972 38285896
-68632735 -68496559
-32989702 88969592
-63886876 2743480
25887881 32163291
-98416303 -98071700
-73056333 64074806
-34376819 46227767
63827891 75497544
-10158037 -10035109
-97778833 -10026774
-42658158 96679533
87567313 88088857
-69518958 17033109
-36325301 -36045500
-41081720 -16305202
40279523 40578307
-91988490 94671237
22241567 96204046
-47991524 73204542
-28264736 17177099
-99531135 -99241566
-51848925 -51371417
34915559 92036650
-13170098 12068604
-87929081 -79430511
392423 406789
43712915 43864885
-47323170 19346412
58150003 58488314
3321946 23927588
-82953698 -82837256
-27257187 -27037477
-94696612 -51437591
-65300772 -8889382
-59305374 29472579
84495925 84587587
-33803060 69116219
-56498684 -19620130
-22214345 -21778920
-36848567 -36754532
-36179018 -758518
-76885841 -17413972
-29427637 68080730
-17099835 93082465
-66845857 -2707886
-23078538 54512963
90799082 90871817
37996016 49431997
-12844911 46181370
-56006050 -55541046
-10825132 65829583
-73312840 1846926
-78592756 47927814
-64486999 -64248558
94777082 94790076
35365759 74691173
50494597 58744717
50190005 50777883
-12686856 -12509728
33453878 33627403
-32210326 45988424
24433036 98819819
71409383 71598652
40566880 73443510
-65632270 7056447
39499713 39681469
1659968 40039793
-54106813 43710314
-97565124 63949367
-82306420 93030332
-66265289 35151395
19864784 20117471
-17893957 61017380
-74664309 58112549
-66911996 -66850498
25076281 25574343
-68931452 90205198
21684241 21791707
-5687226 35460216
-52400809 25439192
-82448096 -47470467
56607793 56789136
64250921 64534464
-3944664 11001824
-78897172 -4551197
40089308 43589356
-39114646 94972759
-31377855 -13672286
73977203 74290134
-93002762 -82360587
-84690305 84852591
71787883 72086205
65850097 66403893
-98116794 62072144
-36432583 49461231
-6147793 -5609786
-50618266 20886464
-48021276 -47627801
45300631 71902648
-1902809 -1566759
40142362 40434857
-2503507 21563095
-65109054 96530214
31764127 31928170
-6564165 98459454
17606641 23823949
30485398 30553939
-60365035 50632655
-98780510 13243158
-99164421 -98729409
53200208 53691491
-6279925 -5707249
-77228526 2336844
10486912 10955216
-62480262 59740543
-20237414 98559592
-54046770 -53614294
-738267 25416953
40712617 41155929
-83541014 -82975401
70809739 71233740
40134231 40216333
28537911 29092396
-62495918 8596277
-93900740 -73241934
-87697215 -50333227
-39885498 32210161
63439710 87002726
93396898 93629127
-11409678 70502700
5786309 44910853
-19109585 43580676
-96397001 12255099
77869219 88602784
-73127257 -60448004
-12637890 50035364
-81152663 -80658246
54463158 54810766
89316546 89738613
-66746314 70487432
-37712714 19249992
-94862008 -61832854
88274700 88796991
-52914673 81339224
-73323838 59868203
37356544 37539597
94952060 95331456
-61147875 -55469441
-86144730 -608340
23870307 95736047
62920742 63151624
65899512 97531085
-38701904 80947136
-43969082 709953
-54337401 -44417696
-20657951 32935837
-29205617 56172030
-73360294 62861131
-68244434 -68013939
-46597964 99234037
60922573 61083653
22002515 91462569
-88783926 -64207674
73696574 87346292
-2415596 20203580
-40698555 71881672
96268274 96377841
-64192970 -63831621
-41585031 77478497
-55407739 -55001770
-61337673 51167044
67562722 67820301
-82166785 21927827
89012469 89606214
-44182868 -43615830
59768659 71011189
-19831508 68189530
-80106726 24815492
1524133 1882620
25932214 66392195
81251072 81309960
42235557 55562454
-84926015 -70160230
-61704014 15441819
4955316 5394574
-94067749 -25219508
72150609 78711796
-53525647 -53086436
-54944855 83935122
845294 69571807
-79483120 -75209577
-94337504 -2889319
-14867112 -14526880
69484492 69983402
-68805539 -68677345
2314688 2678477
-76653861 -33413301
-63654719 10688682
41429800 45134292
84768996 85288834
85219077 85350456
1107461 1569656
-60528651 -60168672
-94124051 66852060
-60273898 -34877119
-10600774 -10201987
-4380171 -3884418
16650759 24592835
2487814 2870441
-52763338 -52370500
60480445 61034781
-20774131 -20745193
-67652555 -53629901
-46742322 -46347608
70193872 70599161
-345968 90657
16387783 16860735
-99532537 -89052330
37362688 54213695
-98888259 -98677150
74854150 74976308
20906807 70033207
-77004277 29863251
-26464685 -26464506
75445184 81661932
-15711171 21512372
72376889 72716767
-63502396 70860004
-38446603 86823020
-49063959 -27310325
-21662660 98676700
40354450 40909900
43635628 43845097
-23341650 -23245066
-93522231 -36731077
22428730 44111676
-68121278 -24142163
-91884522 -91370330
-92215984 -92143890
-77242780 -65777874
-64309157 -63741281
35107996 35272616
-98942457 55459640
-79074421 20720769
-93790484 13754159
-74538687 -74142779
88999183 89087506
-59760719 -10661245
58878193 58953090
32856892 33084475
-52559309 66146785
29942802 30525166
31005782 31337686
47126562 47511276
-77287928 -17530665
34397289 34905842
-17523603 -10656119
-76198360 -75743970
-30383984 -29868709
1332224 39213907
-39058005 -35324926
-92398695 -88046237
-61002642 -60499326
-88209375 -5934742
-41635589 -34754872
-70832328 14025799
-58623856 99448871
7279604 7459267
-93949803 -10058477
-50623184 -50144597
-54524804 -9337997
-22662210 -22334977
-40529589 63874416
19873124 20449598
99273693 99407214
-77151790 98817009
19808872 20264786
5146902 95597542
-86874403 99483100
67199299 67640636
-66147732 10403938
-53317354 28141839
-56604356 -11125995
-63464918 -63224064
7592193 58096339
4098920 12753553
-66195053 -8685571
-10626150 -7936215
-98978954 -98469527
-95998498 -39608539
-21785052 52519616
4145906 83316517
-71012174 43229142
-88808909 -88581274
74497044 92387870
22721064 22809666
-5293500 -4894770
26224046 29831075
-82142966 29178430
-90928766 -61438852
-51450088 -31197174
-62438388 -62343744
72480982 72868214
31976486 32113545
-80215280 -14263481
-92588915 -92028028
-37640607 -37288629
-83180050 72304028
-36604855 -36144102
-33253100 -32654911
-72909725 3637676
-88697478 -88670837
78384985 78911471
-1561773 -1494968
92566877 92823671
-50674905 97864773
-78784819 -78468294
10302410 45630762
32015433 99182040
12206104 21899921
-50982429 -9501589
-24394555 44747455
-10949680 93565904
13311775 71521321
-99297044 -66368566
-5985616 11259974
-72289810 35297179
-34361137 63386574
-81982690 -81445146
77133564 77489204
84718902 87851905
-27684821 -27666663
-29886585 93206615
-59353271 69135362
-19929946 43552370
-43134356 -1100000
-5385633 59701031
-34393873 37989514
-40119880 97497400
-3462156 55662600
-87412115 -63421907
-29472627 17646481
-15479366 22307714
-5661629 37548724
-46206975 -13549383
-52205129 27381213
-50420321 -49900964
87497821 88097450
-28604114 29998394
75460316 86766077
-7016407 60441393
98958635 99091372
-50703195 -50509949
-76685442 67749075
-46108915 -45933214
-35215452 55939496
-64099935 83035767
-21722910 -21430907
-78880851 -78769345
25065396 60008159
-97764541 43027250
-38512227 -38311285
-89919241 8736446
-77412019 -76953842
31835027 74953561
