501
92 93
41 41
106 108
52 54
49 50
10 10
5 5
97 125
78 79
126 182
8 31
19 24
54 55
27 32
144 145
43 45
134 135
134 135
68 70
1 96
167 168
53 182
48 112
104 105
184 185
111 118
97 99
129 197
179 180
25 122
73 74
18 20
38 120
17 19
93 94
44 195
104 187
119 154
170 172
85 87
138 140
48 98
107 107
6 107
50 121
64 65
84 172
39 61
113 125
61 199
115 179
127 129
77 79
35 189
26 26
86 88
10 112
55 122
147 183
5 62
18 114
29 94
75 103
113 115
154 154
107 109
5 118
115 164
167 169
85 87
74 76
191 193
135 177
166 166
136 137
137 139
29 31
115 116
84 115
139 140
49 131
14 48
182 183
155 155
11 12
119 119
69 70
7 97
54 117
181 181
152 154
13 15
119 152
77 105
165 167
57 167
48 50
80 165
35 37
116 182
111 137
46 89
105 107
14 14
119 151
129 131
157 158
94 104
60 62
10 96
18 156
42 70
139 140
29 62
63 64
89 165
71 72
69 71
79 194
142 142
153 182
178 180
20 80
187 188
37 40
46 96
113 121
7 194
64 145
2 163
135 187
38 39
12 13
136 136
13 13
5 156
107 158
38 40
76 148
65 173
3 4
158 158
99 101
28 76
86 196
87 87
26 79
129 130
34 112
101 122
57 82
63 161
129 131
48 140
17 178
93 95
123 125
4 102
63 82
33 58
197 198
35 45
29 29
83 83
66 67
85 168
141 143
39 176
33 33
8 16
63 64
119 189
148 150
77 79
57 161
42 114
69 89
68 190
38 38
137 194
79 195
100 151
154 156
20 69
3 80
62 189
84 166
33 196
24 53
106 159
29 30
62 62
166 167
72 146
123 125
139 139
70 72
27 100
58 58
123 124
7 130
131 151
13 156
12 56
89 90
72 131
18 194
21 102
5 196
76 78
0 2
27 28
144 144
84 120
70 72
57 135
3 107
53 128
26 65
127 132
190 191
94 94
148 149
102 104
16 81
65 99
55 147
49 169
4 86
23 92
114 115
52 54
17 140
58 59
89 130
51 58
51 53
42 103
33 35
185 186
10 145
117 158
82 83
27 63
9 11
112 114
27 125
108 110
44 44
88 195
72 73
53 130
8 117
58 60
95 134
5 84
45 128
10 120
35 37
62 63
81 104
5 37
19 69
114 158
47 48
157 158
150 152
16 16
76 78
7 9
126 127
25 174
37 38
57 57
125 136
99 101
27 29
137 139
71 151
36 175
72 73
7 162
83 83
15 16
163 186
109 154
8 9
124 125
0 88
6 6
28 111
18 18
11 12
135 193
88 90
157 158
2 164
145 177
31 32
121 122
142 196
152 153
13 14
5 19
137 162
29 30
60 62
104 105
78 171
161 162
88 88
7 133
86 176
60 60
42 111
123 125
142 142
56 57
78 79
161 163
41 194
166 167
20 108
13 139
36 193
133 134
104 181
98 197
149 149
37 38
19 68
17 156
25 82
109 111
176 179
38 119
101 194
126 185
40 42
54 84
197 199
85 176
59 81
66 167
193 193
145 183
192 194
120 156
182 184
96 97
85 103
30 43
62 64
22 25
30 31
112 124
0 144
150 151
149 151
157 158
157 192
48 50
24 84
60 62
125 183
111 113
171 172
0 95
192 192
95 192
81 83
67 128
28 30
133 135
92 94
169 170
83 196
16 17
90 179
37 177
49 195
157 157
144 145
162 191
120 121
122 142
194 196
35 146
24 138
54 86
40 42
172 173
51 51
54 91
24 26
138 184
36 62
133 135
170 172
132 192
22 191
85 143
149 165
16 128
68 164
87 89
41 42
0 81
58 59
108 157
127 129
118 119
64 169
33 190
150 173
42 171
148 150
117 155
14 66
125 127
96 98
31 42
197 199
41 42
138 155
48 85
158 160
154 154
14 15
167 167
60 192
22 24
12 107
163 164
65 104
33 144
105 106
15 21
18 20
48 49
124 125
161 163
34 35
7 32
8 24
85 86
151 153
97 97
39 41
105 118
70 153
83 171
164 166
43 181
33 45
31 31
7 82
8 65
197 198
184 185
151 152
144 145
120 181
7 20
10 12
137 139
56 112
172 174
132 134
69 71
143 158
134 145
16 18
194 194
77 79
124 176
155 156
57 57
23 25
14 35
31 33
6 37
37 44
89 92
101 194
96 98
83 167
32 154
49 51
87 89
173 197
1 172
25 30
26 185
52 117
35 144
163 164
37 37
2 3
182 196
18 19
