999
-29513829 -29053465
-70144872 16550813
40535356 93435698
-37011310 49361212
83217066 92056234
2698616 2811176
-29892043 47466658
-87167198 90149334
83065954 83649597
49705226 50259195
-34512222 71318106
-48890214 43712553
91056676 91494161
49165625 49451925
-26375462 -26127140
-53204149 -16980782
-27320144 11336215
53686746 54067799
-31278688 95357726
90712027 91160420
-52760470 -28219339
-76045611 6881504
-81181504 -51084192
-37644545 -34486792
-79109398 -78550364
-77977944 97178322
-32984950 89711540
-21264472 -13197110
42298337 42769746
61418807 61524051
65424180 65723639
-69775356 -69750531
-32514769 -31954630
-10130498 -9862833
29301319 57549022
42790106 42840322
82944155 83474510
10016225 75536197
88432564 93296594
-34574793 -34480973
64430536 64496456
23762344 23935506
-9919951 88093061
-4459575 -3974953
-82974482 -82554460
-60751143 -60264540
-81453366 -81184660
59902450 77309374
-66462629 54376023
-58847874 82990137
-98220158 -98052472
28757575 29012073
-80279356 -34138915
-15878674 -15456682
-12378783 -12019755
-955066 -939680
-22817236 87891017
-19915456 99291421
-20944027 -15980889
-65927819 -65379520
71366516 94949649
-18950485 -18901999
62088926 66454769
-30032339 -29490643
-51006966 69848600
40334389 73878503
-26050777 -25554364
-85200230 19493921
-40812309 72346032
52114745 63527256
-62844782 10696983
-98763672 -61244106
10219895 85556971
-16043887 52581365
6118379 51993857
-88456367 -88009136
14696866 14929035
31983810 32060978
-5584741 -5063975
-44064199 -43918905
53592270 95402836
-34758152 95482456
28858091 52919576
-532675 -388206
-74640601 -74625125
-80097744 62758073
49844180 50192573
-31715617 54624224
41885666 72738784
-50117144 7819136
81295123 98025256
42131007 42521147
-10016777 -9602209
-66422894 58105256
18431515 18718233
-48940480 91567238
-96445289 -55332082
-40422213 -40402425
-94443360 67940294
-98209750 15895414
68946687 69365326
-75824109 -63273335
32047754 32315375
38691788 39005063
-4317225 -3990810
4997333 5705385
48630381 48687704
-44452029 74222431
55582909 55774873
-74843554 -74495229
85980781 86010285
-22117588 81236786
71888988 72464179
-30135302 -29936555
24881219 25289574
-8980521 -8739134
70900231 71302506
-25770124 44551270
7233055 83281650
12027869 62475740
-97143278 -45455330
75953830 76208357
29561701 88161649
-84320427 -83746212
63100881 99537997
-65648917 -11722530
15316074 15759426
-57212698 -57078612
59493753 59886306
-72501474 -72446676
-75337787 -75102404
68942110 83861875
-39136853 63387570
-78538337 -55136560
5364809 5941234
-86189682 90785517
10035625 60341911
-18124481 -17831243
44235734 44289907
-53361558 82490201
95904098 96118858
-91069008 -90587907
-97412796 -94581091
77205185 77643244
-42559970 -42221682
-58992630 -58403335
51954117 52173438
-90394515 -89797896
-40764865 -40249056
83761640 97637675
-51017269 72346983
-17899045 -17610720
-43649820 -43617469
-99780646 -99723805
-29181905 -18202881
-98609684 91014239
-61772357 479076
66616379 66981560
-11629416 -11387029
89414258 89487414
-64547898 -64295983
36762726 36809368
26685241 26940070
-77574384 26110628
-27584495 21061269
-73394772 -48343354
17479102 17615988
-41439097 -24670095
-39036190 -38471716
60460806 83337307
-49972928 -35775009
-80280028 49203818
-17842186 14643746
41480526 61030773
-34365339 50961156
-34778434 38544101
24354228 24786438
-93095106 25798919
-43596709 55208161
85375311 85798890
-57515605 40234625
-85877302 -85330725
-85027965 -26569451
-52847581 -9411362
-68149407 -14060869
-34534821 -34091441
81095792 81367132
76571259 76948122
-91679480 65763988
-65284032 -64981551
-67911283 55471943
-78186782 63063333
-30900124 -30752200
-46583612 -46248462
-22530783 -22256742
-97472251 87783969
-98934746 51917673
-84345961 -84150563
-8494364 79617954
8691692 51885277
5695337 27631643
-52835622 54441372
-73329503 -73029860
-40135785 -39595815
-998023 41317374
83511946 84085508
42771560 44574808
22957382 23149866
-25387526 26581185
-60386889 -55648975
-43754380 9053532
37612536 37895282
-53156013 -52757324
20327447 49495293
94804414 95071071
-58452066 -57011207
-1032794 -461830
-64922424 73412590
-36007284 87853011
11625943 68224190
55052636 55335700
-69946495 -26648003
25233954 25723865
-53232531 13835465
-4839827 -4372523
-67012803 55159788
-31690669 12247589
-16098330 -15559397
36408655 36904955
45806742 46232329
-98127737 1108736
52433357 52812173
-3474922 -3452478
43007287 43152980
-43027820 -29246825
-10156561 35853352
43281561 79757887
-51738019 -18091222
-34574464 70080597
-90250461 -90187900
25343510 46653002
-89873964 -89575626
49612577 95681191
-67961884 -67435206
-96410510 -96259951
-78594284 -39770404
-69486462 -69460454
-9407101 90763798
13598722 62825940
-54462066 32734905
-30852622 3107762
-68313672 -67790258
-57365438 -57139725
8731535 8894994
-7159262 34559982
18381268 18816607
-91802321 99356889
4891435 5223778
49832800 50173138
-42265711 -10185235
-18393832 42597276
30074047 30296878
-69973362 38011158
41790458 69753992
-26663868 -25654393
32851238 33370946
-92991246 -92455630
44619387 44854986
-91478660 1320462
45877115 46135820
-16469917 -16162023
68310187 68487751
-87191110 -86664511
25196330 25290028
-46801477 14987255
-72843349 48020907
-88865615 -38546332
22335466 22755050
-78728908 77904193
29425894 71726696
42067369 42389425
-67640389 5996642
79660330 80196153
49626172 73643689
-57751284 -4194209
16860564 17317234
-67130412 -31131599
36517440 36896606
-42230831 -42112973
53785769 53832370
23469737 24027103
81599941 82024327
40146539 40711573
-59347442 -58838036
-62723050 -62337240
13805299 13845968
85670000 86209659
4063220 4467388
48607488 48969080
44811518 45348052
-51423052 28728521
-84506695 -57205731
-10831232 -10741738
27055031 27249894
-32805415 -32254240
2098458 2213867
-86745869 -15006715
27997602 28435658
-68224646 73209833
68607718 68738647
909422 71357888
58326050 58624385
50298919 50685869
61727689 61842700
-57570199 -36008555
-37892911 19071161
-77067340 -24225367
-41331981 9881685
-13428313 -12862949
-61715409 -24243415
-50073173 79798634
-92296312 17945415
-64340023 -36917880
74313339 74737926
-42993506 -31709593
-73164317 -50547754
-37956859 31908970
82288336 82596169
-31633861 -31492430
77990675 78266108
-20306949 72151897
-96875413 -96470028
-60671258 -60190307
-93021971 -92469567
-35543978 -8035458
71055680 71369784
50568183 67008506
4313640 55935139
16080007 58763549
80550773 81087784
-83437273 -83027665
-44810339 94675378
-30370243 1269845
-90892956 -21361619
37088878 37121833
-5106670 -4507419
11523789 58558787
95794980 96243449
-84551103 -76503918
52906601 93781980
-64675287 89877928
34823217 35010153
71956697 72266980
54483827 54697735
-65173439 -5357821
-70709244 -70453096
-17415045 28787885
-45348933 -44866757
-29489362 -29363909
-92079107 45963277
-48872435 -33947964
-12487108 75967796
62297562 84052307
-78773821 44172948
-71967876 -71965233
-67199671 -33265949
-50040946 836594
-17702021 12615553
-12355179 -661852
40069149 40650237
62751332 63191452
5960217 6469361
63487447 67087685
-1530586 -1174280
-91977990 -23031741
-26791120 -26274497
78558947 78640490
-61191460 -25709020
39610529 39710187
-89081518 -89001943
-66921749 -66842447
-27909740 -27813812
48316136 48732907
-16679885 95564977
15738725 15982112
12437097 42956199
-68076437 22503719
-94391220 17879805
48106363 48106488
-7784490 -7670051
-52885854 -52829732
16287656 16675861
-77076336 -76562312
60467910 60619521
-63642008 -63483582
-52317449 39930484
-54728723 -38168008
-93140015 -7012626
-86695043 -18347143
60280313 60346624
72613173 72947952
-44296534 -30242988
44453774 44716506
-98988232 3706452
-94734177 -94335078
-89028756 -7063815
-93004107 -92826855
-45184452 -45046313
-69320972 20774900
-54069153 34301168
-89911516 20568292
-32798619 -22354903
-57161863 -56787314
-87512901 -19604778
41863005 41922981
34730970 82464548
-26731400 -7902632
-82807688 -82284413
-74092110 -73774373
1287718 1332914
-34614203 22457302
-90248259 -89976163
23020883 58570481
63323374 63379055
-87224658 88394549
-55042444 -54962015
-10272933 58662299
-68898201 31470234
-43919396 30231022
-52450582 3912083
-61137305 97377815
-52624283 42400478
-68654120 15052443
-55321770 29088838
35325962 46826926
35404665 35976252
29370879 29740031
-86494866 -86263182
-48008935 -4923932
-78477566 -78259118
44098907 44240745
-52452057 -38414090
-58000637 52181169
62344555 62379956
-78935433 -22926328
-44109225 93628940
88375004 88392824
-57745419 -5137261
37567877 37651417
-15737323 6825263
45889141 46057127
-55328738 -29941321
-54707060 -54144736
-76482683 -10760118
96289919 96643640
-48673426 -48355157
-26880412 -26691261
-50166184 50927606
-61099504 -60791735
14660720 14806580
16954042 44747334
8607008 9985456
7984854 8423284
-53274244 29642315
10443323 50869893
2953774 78510565
-87022873 -86670377
-64978317 24220131
-35496959 -35090854
-2734949 -2270174
69849805 70079717
-86998747 86796315
59741376 60129472
-20683880 7672911
-28123377 -19805200
-15733558 84614910
-70867809 -70548599
-61762196 94317871
-42705397 -42388327
59187374 80685855
28620310 99889002
-41441215 94393094
-8128116 -8059103
57541179 57888026
-38349598 -37908934
-90844042 -59962168
-82527573 2979823
64541110 65078657
52554793 52990063
-744900 -156481
-92894027 -34384340
-14949473 98768481
56714104 89697592
-93551314 14053460
16388566 16476714
-94067711 20133795
-15397143 -15221572
-27867370 -27782100
-50764944 64854366
62774806 63199751
-6219956 -5950052
4075977 91343238
-52000480 -51826596
-55961372 19976270
7259453 77305576
-51563619 -51325012
29771357 29931797
-89563338 52840190
-49788852 52165602
-74595339 47653889
-89996564 61895848
-10527312 -10358999
-78470844 -23404403
-7240589 45439385
-70279342 29173989
-28459516 -27985650
22151590 44038369
-68202775 -15836323
-97344349 75220588
32498611 60677757
50990404 51383829
52253687 52463938
96991115 97570020
-78157375 -77779123
-52408878 -52282058
-62932676 -9788684
-37431804 79055177
-52057790 -51805508
3938717 88164939
-75286236 -18945090
-55799328 -12566147
-4978029 -4621840
-1683703 -1309678
-79157038 -78911686
-47660352 -1237358
-80462548 -80131759
-88170279 77467546
-36816702 57003973
78168885 78764516
-11749129 -11484301
-27232259 40786346
-18614611 -18469056
23643376 27904480
30543659 58663903
-15337158 96795212
-49240391 62795333
60668290 61012987
-15948720 -15602582
-17933301 6664357
-79702565 -24653086
-26400841 -7679345
5244234 26228831
-19748483 30339431
49784866 50315739
-9840869 -9667154
-36463020 -36008787
85215797 98070106
-15030995 -15022188
-49943777 -46794211
-33630122 60622261
31393884 31675258
54871061 94925977
-89172296 44024938
21500443 21611885
73836484 74104875
-80648387 -43721660
25039353 25284965
76886261 93089439
-79993770 88419839
-81773107 -2986154
-8498910 -7952930
68658996 69056466
24128082 70909153
-66828787 -66601292
-7364118 -7292326
-36416330 -26711821
4950692 25583668
3183367 65151204
-97151175 -96949578
-38968136 -5336556
89276590 89740761
-61712043 -33768704
75172322 82141945
-17134069 74666019
-85873221 39506789
3426078 35321652
79059018 79555701
31656525 32016624
31877517 31994762
2243665 2583491
-24378537 -5662468
78940153 79027872
7781512 8159386
-13261773 -12935000
29294441 44135310
-70980142 -70799206
-82824099 -14934598
-39562922 -30233014
-56479357 -26491321
-79662341 -33004582
71391514 93303945
-88583956 61384100
-48418011 53387065
-9008730 76274886
-90548391 -90281229
42532551 43074955
-96046090 -95773425
-17749146 73364244
-75200758 -22180592
-66142271 -22792259
-64024038 19602850
-24652367 -24454180
-97280265 55377145
67133284 67160055
-58120434 58973725
-40239345 -40200231
-20326015 -19755847
-85775947 -18169172
-10851925 -10601595
-26385016 -25809895
-84842704 76037475
-22908042 45620234
-41305000 42942869
9060057 9079345
40514020 40833057
54948049 65474004
56821999 57030759
52995779 53168378
-66889382 -20146282
-81546263 -60026919
-26504856 46588166
-54747187 72079466
-75381652 -75311586
94905274 95023079
-46851813 -46692232
-94989507 -92957649
-15760952 48591177
-31737758 -1788532
-44443525 -44259458
83039452 88146095
-89692317 -70758368
-37558582 39776531
-73422471 -72893623
-90158812 -89567628
16607513 16626290
61820766 61958881
-84512106 -70875830
-61770414 -61267923
-28724543 45348729
74101091 74384721
-25944141 80564340
-9838595 -9663705
-55968465 72187535
-37180214 -36700375
-4206299 -3607428
-64265105 -63886811
-78986331 70747349
-89998923 -27156907
-20328671 -19991627
67248945 67633703
-55894340 -55350737
56237214 95871983
32550177 32619341
-63362409 81947593
-46858967 -46470111
-6422119 -6320600
29313358 44388718
-43319161 71899006
-86095270 36605496
-67262959 -66956140
-63891936 20317499
4390127 19112587
99224648 99316202
71846433 72023733
-21925992 60011465
-17539752 73945188
-58164546 25038122
-89508970 86151475
-51388637 -51064562
-17013363 -16933649
29356222 29758148
-2536362 20352634
-63797711 -46306522
-74426155 -74120411
-89546706 17378188
-86913507 42107840
-64530622 -62416023
14444835 15037440
46301243 46437792
-69109427 47036387
-94413428 -86750096
-14683731 -14199763
-57494120 -57336077
9095320 9426697
-41297716 -39856869
26940242 92081378
-95301259 -94782966
-574661 14363066
-91182156 -14928824
-3485114 -3236736
58106519 95393191
-19003602 23690965
-41614868 -41524447
-35495020 22041517
-31669446 37676878
2378305 2870223
-19084769 22354113
-83379530 -23381990
54423789 54521112
-69732969 -69252014
-81287227 -80734449
65610788 65992817
-11497649 7867618
-73678788 74873845
45141833 74715879
57077830 57246952
-97762655 -97279401
-96283808 -55454374
-15581252 61472901
-57499074 22124847
39959613 46254978
-95532806 15476048
-54468553 -54287391
99237617 99486697
-77530800 29679008
-57585091 -57432049
-60611129 -60531173
51179723 51484420
42515932 49400865
14208608 14758546
-61765131 993386
90320210 90630406
-37108327 8249887
4083704 4466608
72460516 72602571
16075525 35456151
-60760063 34546489
73884548 74345981
59817349 60408024
-6470325 -5993977
14807312 15087971
-52161049 -47925261
-98421182 74379140
42844980 43148227
31562341 31822412
36689358 36948574
717634 37081184
11649481 12170105
-53406532 36065419
-50518893 -48260258
-2963088 -2636193
61446674 61615192
82143338 82548013
-35151009 -34680279
-515733 49084
-41298845 -41274356
15447060 15754483
82566252 82916653
26149862 93971008
17974036 18372631
-36023140 -12547928
-47740425 43037551
-65092174 -64802602
-42373327 -14364832
35473647 90698266
-69191523 -520836
-73117279 87558131
67140297 67347768
-40947504 -25070280
-76461607 -59317364
-76263784 -76076996
-19718219 -19535626
9949706 10507137
-88864957 -65922299
-46611099 -4087027
41670300 42483780
20083772 20257647
-11659058 60812569
-99727634 -20004777
-70525253 -70288862
-51199200 -51191721
-28921831 -4757235
-10344225 65763146
26601927 26864365
-56005060 -55503941
-40940508 75120075
69567537 70137757
-85463502 52950939
57668131 95042239
399687 736383
-65459976 -45615888
-21552307 -21206946
-10860643 -10805440
-71020834 36662284
53102512 53510333
-93538284 -70693741
-14179228 -11732393
-46363547 70761807
-43581281 67093338
-51931961 -51458929
-21787300 -21565845
200363 325866
-19141400 4817576
77441252 77659570
6936810 50224530
56220935 56621161
36316289 70841115
-16138906 -15705161
-36272820 -35979327
-9840282 -2313821
14477 351936
-38271754 25143969
-18680379 -18421748
-54367241 -40444320
40585820 40855323
-21026903 16622669
7315122 72042778
-74497098 3376524
-43012299 -42745152
-71283814 3432751
23905753 81533357
-81779943 -81678498
50470272 98991470
54892890 82807176
-3525816 1595613
-59149420 -53520710
11100793 11471689
-91093613 -91091167
-34097533 -34092457
-62524340 -62367266
22450029 22535433
-16356968 16633895
-43835001 68309459
-42670458 -42136316
-79432185 -79061101
-49019578 -48934326
17673893 17839611
-73116317 89899383
29856302 84101172
66842825 67052780
5679956 6216567
-90449657 -362102
65289409 65448858
10987993 11479860
-64393465 -64096713
91665473 91728658
-57534199 16985481
-33829305 -33261469
47274268 47544155
-26475209 -26440588
-50426302 -50111024
-34478193 97248458
21286289 42102274
76285334 76750730
10045575 10099447
-76654711 -61961217
2820457 65550472
-19698182 -19483464
-67435176 19378862
4714092 35184368
-81595762 -81382207
-61273079 -54946808
-53523381 -53160280
21101740 51731439
-24786761 90915371
-91911559 -91336079
65897123 66052397
30913786 30914915
-53925062 -41382117
-34685750 89043668
-12923542 17035365
-39108473 -38639405
-66992085 -66763765
-31224509 63796930
82606680 83156162
73821130 73982537
-73532817 14305567
-88338639 -10272773
-16844019 -3772354
-14508552 -13942935
-48247468 -47939421
29522660 29593628
39917127 40049816
-52135159 -51896297
-80727550 -11931077
-96490787 -96304371
-31100079 -30823527
38756102 38908138
3125174 21904086
-13872929 -13861908
-8707444 51280960
52758536 53300515
-29100498 -28713949
-66780752 -66246551
-74650114 -74178540
25797039 25948123
-19645770 -19092871
-45302843 -45275632
57771989 86029799
1349304 1349333
9036719 50774268
-16507558 -16171620
59861645 83531472
18106407 18140185
-48562172 51200185
-62605629 -62434943
70164040 70495994
-6903320 -6441741
40019645 40511571
-78961710 -65361591
-86640639 -86459702
-72856397 20976746
40751848 97500134
-49357201 -48952547
-89207715 -4752964
-60951928 93990187
-49966131 59474343
18475859 18627868
80635530 82312302
-28386516 16493576
30868521 79487594
-15362561 64745622
22391285 22531564
-46174599 671201
59691108 89686593
44762542 63591461
-85169199 98146913
-34914892 -34466672
-93657474 31056398
-75272145 -74692420
-34994965 -34811158
-96040577 11339278
-40483591 31295747
-82442454 -23286333
-77583614 -2812126
-72540970 -72157838
-60093218 -59923698
59708540 59760783
-32014188 81064007
54326004 54696310
-44733598 -44700543
36296969 98103012
83284199 83694142
-79138320 -78878984
-88678074 93750289
6207668 6210750
96085282 96317656
-70840628 -70709309
80080805 80405136
-6135141 58667639
-36229230 -35764640
-93301417 -86103341
4347922 4877785
86359329 96614231
-80794192 -80233439
-66013884 61999325
-76423124 -38177498
-83563086 -83066238
-63974141 -63916652
-4668661 -2923616
-2211295 2671210
-91569232 -17039525
54720936 55017637
94723648 94904649
-44937416 76429776
90815697 91354712
-71851056 -71515474
-65068552 74702865
10403677 55726361
-13587980 72976973
39267494 39594757
-41951411 -1044277
10114038 10382165
-75166083 63037664
-88974872 -10609576
-78896957 -76957244
-82477832 -53182835
48093406 63734120
-64929646 92982714
-6814260 21941805
54915729 54981699
-3407076 -3308490
-88740004 -13305001
3317044 3844687
-88278049 -88180474
-74141725 -73848487
30505257 30786511
-52769066 -52466925
-12059470 -11640758
6913170 7461751
59273899 59836083
89918787 90240431
10502672 10947584
-25696352 -25124846
-82765307 -10936707
-99845994 -99534085
84539688 84659509
-79753098 -79502337
-68254127 57465024
