2000
160805 161143
194886 195192
143891 144129
269214 269580
145467 145752
154442 154705
8004 8398
122853 123199
245849 246153
229271 229593
160214 160540
169027 169337
187249 187568
227001 227315
9889 10188
211611 211991
93042 93351
86496 86796
288428 288786
286465 286754
131458 131771
121296 121576
296264 296510
119297 119599
158289 158564
114278 114504
139426 139782
143458 143737
284863 285179
77879 78104
134464 134738
21886 22115
191413 191762
156652 156980
26089 26305
105036 105320
74850 75199
166083 166368
148604 148917
30475 30756
257891 258122
245493 245787
112488 112728
149001 149391
234802 235106
278882 279106
299802 300148
24892 25137
188296 188586
34088 34390
266482 266797
106899 107116
174250 174534
4227 4565
109487 109750
181261 181572
277429 277729
172820 173145
293255 293571
216822 217134
12279 12534
225221 225526
157452 157767
116618 116966
1213 1537
295621 295928
248062 248341
182884 183176
135406 135738
141640 141990
63025 63340
151653 151928
151824 152137
166260 166583
226606 226946
25649 25937
153270 153589
216040 216350
250494 250799
258464 258793
281088 281369
3227 3599
133471 133730
246648 246907
291676 291946
70689 70992
189602 189954
200033 200314
101879 102183
218639 218922
117676 117959
153413 153792
201681 201910
124674 124921
120831 121145
240662 240992
163250 163522
35012 35332
179413 179718
118247 118515
88622 88937
195810 196159
264624 264980
283048 283323
19086 19342
227822 228167
147011 147393
173083 173372
147059 147387
111205 111583
291049 291383
29826 30151
138872 139153
167287 167522
56603 56940
285038 285364
101496 101722
274820 275176
146045 146371
158084 158341
29033 29346
117232 117508
214203 214581
237052 237328
276872 277120
231841 232136
176494 176774
152296 152510
292493 292779
34263 34538
118078 118339
137671 137932
221418 221799
167874 168129
73822 74161
233468 233704
109641 109998
111829 112199
19420 19796
46471 46752
198808 199115
118848 119117
230676 230980
142622 142944
78831 79114
168438 168736
168832 169129
149015 149369
127404 127792
197489 197767
124425 124792
38438 38787
31849 32126
129072 129384
20256 20518
127257 127583
267605 267978
35827 36117
33066 33308
102687 102937
152486 152799
189054 189355
82410 82760
260690 260943
251629 251984
245047 245392
26460 26773
183220 183544
22818 23143
179267 179522
188412 188769
224036 224333
147221 147565
135690 135920
269842 270142
220063 220311
288248 288522
297821 298162
298410 298741
168096 168356
116626 116928
293617 293956
121634 121999
160229 160517
208424 208771
154237 154534
270684 270923
59411 59711
231638 231907
294283 294591
171479 171763
285231 285512
78223 78543
90237 90583
228836 229107
249852 250156
283229 283507
11080 11304
32848 33117
112844 113199
100265 100552
210815 211123
58601 58988
143097 143303
160043 160311
151270 151542
67218 67558
48486 48714
235223 235520
282649 282980
128836 129187
122266 122571
150290 150567
107084 107316
215822 216194
65057 65342
165275 165556
102809 103187
114051 114330
103690 103912
39283 39540
226084 226364
292259 292588
159815 160143
18265 18501
209465 209711
57284 57519
194640 194912
194254 194518
61261 61504
122639 122923
106674 106922
219695 219921
252209 252538
180431 180716
146438 146771
236469 236798
33663 33959
183641 183939
178456 178782
49699 49977
75403 75743
111682 111993
143201 143560
121413 121704
268014 268332
134097 134320
59234 59520
160020 160331
117055 117398
208642 208918
134235 134594
6873 7103
90821 91153
113418 113779
21622 21985
224286 224531
125439 125773
290865 291187
197610 197950
122078 122384
159263 159502
115671 115964
119647 119970
280241 280536
128633 128926
182031 182335
173469 173766
172404 172776
176289 176523
92427 92746
114487 114711
209621 209918
106492 106742
2678 2934
130461 130720
169224 169568
213035 213311
46283 46589
143836 144134
298049 298363
259612 259942
153837 154192
275018 275353
247805 248117
265843 266175
147687 147969
91037 91366
248603 248924
183217 183567
120273 120503
187278 187547
197067 197309
190450 190723
178612 178963
219439 219797
60239 60530
53618 53955
114487 114772
230465 230703
32686 32911
161056 161383
180215 180580
53414 53703
238488 238727
125473 125773
244010 244318
131490 131730
129841 130105
279823 280111
118889 119135
198660 198967
116422 116798
267285 267539
248277 248596
101008 101301
198048 198332
233621 233911
80662 80995
293067 293321
62424 62733
106838 107175
66480 66786
180054 180388
244226 244553
201412 201721
99444 99780
109479 109778
109261 109585
93487 93732
115266 115584
197680 197953
63811 64177
89479 89786
17494 17778
58037 58322
192491 192738
242603 242993
105675 105976
81291 81599
195471 195714
189278 189505
219869 220181
170873 171166
148027 148365
194631 194954
128668 128978
48074 48357
246273 246506
94097 94311
151812 152197
158676 158927
46874 47105
156489 156738
119689 119949
10289 10527
256221 256506
282872 283188
246423 246770
193812 194159
213698 213986
121052 121328
268285 268542
181017 181399
168660 168934
120801 121139
195604 195969
134649 134947
3601 3920
28228 28582
42044 42381
203090 203375
217039 217315
144864 145130
252623 252925
164297 164598
186089 186321
97668 97982
68269 68596
115064 115372
87611 87984
7003 7338
115649 115917
190694 190904
23034 23342
286807 287156
154655 154987
257235 257594
95496 95798
276620 276952
169888 170166
18024 18335
133254 133517
49281 49549
254246 254518
270857 271133
37464 37707
253211 253519
165407 165702
180468 180744
16454 16799
177222 177527
168226 168544
42895 43188
120413 120720
92299 92574
175433 175776
195215 195503
132065 132391
182845 183180
69454 69781
77425 77738
68662 68924
13860 14161
272223 272574
184832 185162
176003 176304
274205 274554
209211 209526
166664 166977
60453 60730
184662 184945
190206 190586
182079 182388
14236 14597
164253 164533
211010 211323
149623 149920
14891 15110
137241 137520
220256 220538
170215 170567
117661 117980
104680 104932
125897 126193
98229 98501
299402 299790
94412 94778
108856 109134
190429 190752
266066 266374
273627 273954
22683 22930
278271 278563
99268 99567
125066 125375
75294 75561
199460 199785
26232 26598
139092 139342
193420 193752
149869 150101
144432 144793
145847 146162
151420 151727
177862 178116
52480 52718
44003 44372
147630 147935
97001 97344
282214 282537
189001 189387
21017 21314
150401 150767
261810 262146
234641 234971
221623 221957
217825 218110
289655 289981
155441 155751
35249 35538
141450 141763
15846 16109
193853 194132
286049 286340
1058 1342
273897 274145
144232 144579
124267 124554
42416 42716
237862 238146
175271 175597
241669 241902
210207 210515
287294 287529
169433 169725
203853 204186
10603 10989
129409 129747
119091 119367
226432 226757
246037 246377
294067 294375
89082 89311
290629 290960
253475 253758
261645 261922
3091 3312
264288 264553
260040 260356
55699 55962
26889 27149
216291 216541
229020 229340
156007 156399
101085 101390
227453 227768
145866 146135
132674 132951
128040 128357
95845 96174
154845 155193
19285 19501
65662 65912
19877 20107
278616 278940
189455 189787
45439 45736
252453 252729
178480 178771
240254 240564
47888 48102
250690 250925
157647 157928
109671 109944
195401 195724
80882 81163
250803 251158
111490 111761
7879 8160
132261 132519
139232 139525
116866 117136
228214 228501
123273 123589
152237 152579
175427 175760
96838 97112
79676 79973
195074 195339
141412 141711
175873 176183
199885 200183
259408 259747
295048 295313
48278 48507
9423 9769
15218 15510
155001 155339
198278 198572
156840 157136
101202 101511
145486 145799
112252 112569
237625 237927
115822 116143
283885 284170
51629 51929
182250 182511
292046 292313
134895 135134
180021 180375
136455 136737
167440 167738
252027 252384
152450 152706
213811 214171
212080 212384
110073 110381
143659 143959
133831 134170
130673 130989
215463 215740
5489 5702
173601 173915
244493 244785
119070 119328
205498 205749
70222 70517
206679 206983
128833 129134
167012 167371
240864 241146
275454 275742
10859 11115
181862 182143
25481 25795
104874 105132
118486 118724
257683 257989
198420 198770
115201 115511
142054 142303
216695 216925
285885 286187
287478 287729
94848 95143
131851 132141
261411 261754
4046 4376
108627 108926
113691 113927
139827 140180
163458 163723
101828 102146
119853 120172
125657 125905
158806 159107
4445 4708
76420 76744
105896 106115
271639 271972
142670 142924
29413 29727
171676 171909
27877 28116
50808 51162
141847 142115
109233 109584
113251 113519
176683 176908
203437 203729
233824 234160
153676 153982
54203 54513
135814 136152
181603 181956
128013 128309
193038 193374
165001 165354
101433 101787
12623 12990
297450 297764
159275 159532
271894 272169
188883 189141
190838 191198
123283 123578
117072 117316
199225 199592
116403 116799
75893 76107
254483 254777
90660 90988
112646 112904
191281 191541
24069 24361
227278 227520
408 780
142030 142314
167060 167303
230283 230530
184836 185133
110292 110520
19608 19912
181256 181545
127867 128195
81421 81789
120601 120976
144675 144918
144869 145183
258616 258947
186681 186992
129045 129337
68829 69189
95069 95339
73289 73592
189259 189535
235867 236141
168817 169114
162671 162958
130049 130301
274460 274761
133261 133569
39464 39715
43627 43922
263683 263946
113225 113504
108283 108524
93223 93515
287824 288183
219286 219587
174055 174305
142860 143168
58475 58787
61461 61702
206872 207198
40097 40308
263065 263353
79834 80159
176211 176577
117896 118111
67426 67741
60873 61153
138435 138744
136296 136562
111444 111786
54414 54738
34652 34979
25845 26137
114682 114962
213285 213562
95672 95982
119435 119708
161421 161763
40890 41184
147428 147773
111247 111506
262665 262914
138827 139122
104072 104369
232234 232583
16679 16989
198665 198907
17669 17935
124844 125150
107474 107741
137250 137550
198455 198730
150660 150969
295887 296129
275899 276194
170637 170997
83452 83705
185603 185939
167676 167964
135093 135388
153288 153508
193640 193986
188871 189107
249268 249598
27026 27315
177470 177723
166413 166758
69282 69598
222024 222334
30243 30544
237432 237752
169402 169796
26616 26919
236098 236381
126044 126339
125265 125523
61864 62168
172619 172925
272460 272758
38631 38903
15027 15373
222809 223160
157483 157749
162078 162369
4882 5156
140291 140558
103258 103523
13030 13319
109066 109359
109061 109305
289204 289583
108607 108978
110061 110365
103843 104123
272677 272941
179074 179364
187087 187343
241422 241747
123088 123345
191422 191766
51412 51735
1457 1701
243053 243301
29612 29990
259082 259385
277632 277972
86628 86997
136482 136736
98688 98940
-168 151
163642 163965
179466 179702
142263 142579
278419 278751
104689 104907
618 928
176823 177164
218886 219163
268648 268909
8440 8711
140654 140993
16299 16524
130476 130724
155218 155569
91442 91796
183440 183718
51053 51334
2080 2344
110849 111184
6469 6750
299242 299563
188669 188940
139055 139359
196016 196308
135432 135741
135666 135989
125616 125953
249077 249315
186011 186302
64021 64383
126829 127155
133688 133957
171859 172128
71012 71356
82047 82351
129243 129552
71828 72192
175661 175937
242094 242317
119464 119751
186452 186741
85287 85580
72625 72974
99865 100131
43237 43579
144093 144313
164021 164372
187006 187391
249434 249798
251286 251529
148456 148714
67055 67393
17007 17395
107634 107946
171257 171580
112412 112729
177044 177373
285442 285781
181680 181955
2222 2565
72022 72316
290023 290356
118467 118789
280859 281170
162436 162753
209009 209343
189479 189796
122290 122544
108447 108726
228615 228939
96064 96320
213420 213741
105871 106197
193410 193714
36841 37144
279017 279350
162635 162908
161285 161599
248893 249193
142265 142538
299045 299397
102472 102781
154652 154961
212255 212537
134239 134525
234411 234722
78641 78912
61661 61957
270074 270378
107616 107995
232822 233167
156252 156577
143072 143304
162243 162517
117447 117796
194465 194765
62090 62388
208296 208559
123847 124111
36254 36564
108243 108523
31095 31362
261024 261360
194089 194348
146610 146960
100420 100738
260224 260539
169608 169984
83267 83593
62294 62548
150250 150544
210049 210301
214479 214705
114861 115107
18818 19190
109890 110124
276258 276571
74092 74304
186276 186556
5228 5589
145288 145528
139219 139522
125066 125354
118666 118928
127462 127707
161294 161527
41257 41562
123667 123930
117459 117731
182221 182593
227636 227966
168486 168792
206091 206376
86282 86510
123879 124101
148819 149124
220601 220990
212835 213106
180843 181106
287088 287305
89699 89915
133032 133306
66677 66995
149242 149546
124684 124920
134697 134901
28607 28922
266864 267111
258877 259167
161899 162188
107815 108127
199080 199350
6668 6938
241295 241598
256645 256927
214862 215182
226831 227170
3866 4121
76872 77184
166464 166791
92063 92350
250060 250382
54677 54951
156607 156934
186842 187166
196487 196761
7270 7550
170451 170732
86854 87178
187824 188124
168682 168911
64614 64916
145061 145326
126853 127146
8673 8990
247281 247534
152089 152320
104819 105128
183854 184150
238685 238981
257435 257787
252884 253180
189864 190107
171003 171376
129475 129779
291811 292192
129290 129560
188034 188392
81874 82118
275676 275972
263855 264185
50267 50551
196615 196949
276492 276784
132002 132342
121866 122162
88495 88742
215295 215540
41456 41731
131686 131907
139662 139994
193278 193517
59690 59928
211855 212155
210642 210908
170481 170740
115886 116183
45091 45376
139414 139773
31230 31538
195663 195938
219057 219317
138072 138315
183823 184133
91836 92143
155491 155712
52628 52921
188055 188362
115041 115334
53040 53385
92827 93159
112894 113195
82889 83144
104491 104795
223041 223310
223496 223750
56244 56521
141283 141591
14054 14325
49836 50130
288077 288320
7449 7736
161664 161938
153803 154170
113412 113758
286253 286566
84886 85175
163891 164178
188655 188996
172004 172376
138211 138509
54049 54368
137820 138196
256062 256398
225491 225709
70462 70735
112235 112511
254606 254925
151275 151539
281859 282146
184078 184357
286619 286992
211439 211706
295431 295797
71214 71525
153073 153330
102098 102322
105660 105969
128276 128536
160689 160991
268807 269173
118299 118578
116029 116373
159024 159386
150871 151164
223646 223979
278006 278349
149467 149790
279602 279953
170079 170320
289015 289356
100846 101136
206283 206535
176845 177147
18678 18922
141226 141555
204013 204377
243832 244175
44603 44956
147454 147727
69855 70185
283420 283774
206445 206712
20680 20979
45813 46151
63489 63718
85057 85352
254082 254324
220809 221118
162292 162549
136281 136570
155608 155950
159085 159359
122693 122955
263453 263792
27692 27911
17291 17522
103401 103769
207 579
108098 108385
44485 44763
144498 144771
38203 38526
75625 75972
105278 105530
140052 140369
71648 71949
157207 157521
105415 105761
232496 232707
97824 98159
40603 40959
123448 123740
130850 131130
265236 265593
180607 180990
296625 296921
235429 235784
888 1137
184667 184945
82239 82580
2444 2735
145254 145574
99685 99938
88094 88338
294620 294928
87839 88142
51297 51505
211272 211510
148410 148732
132885 133155
289469 289712
259808 260156
191058 191394
235006 235376
200203 200570
138408 138740
155835 156120
140806 141155
236626 236986
59014 59369
180879 181138
127053 127334
104238 104572
235609 235935
6001 6379
193681 193967
103601 103921
63673 63949
122473 122752
202039 202317
179028 179323
146826 147185
176621 176924
111616 111939
140815 141157
160891 161103
193083 193376
94260 94506
126604 126985
242428 242754
161837 162149
239619 239952
55040 55348
5846 6187
72802 73157
76219 76528
77642 77958
158640 158907
179227 179509
192697 192993
136613 136924
37214 37548
258272 258553
134097 134354
197210 197542
132888 133135
64268 64530
11433 11757
71463 71751
190005 190321
125811 126129
137077 137348
84655 84905
137824 138144
262826 263139
11687 11907
241852 242101
174419 174737
79056 79339
133813 134101
274052 274323
173894 174161
154062 154341
34853 35101
175850 176156
224405 224745
178051 178393
198056 198343
217691 217923
111089 111343
156006 156313
174862 175198
178250 178581
212664 212976
158277 158550
214616 214941
107265 107520
230013 230384
155096 155324
177052 177360
122889 123123
246819 247153
142856 143163
118052 118364
157821 158129
192412 192745
204442 204761
202446 202771
191868 192110
269483 269777
174891 175185
186299 186504
207690 207992
116256 116555
145632 145925
149298 149502
192609 192966
65281 65590
251066 251397
284617 284996
131260 131517
270413 270769
130625 130913
105066 105309
167870 168130
135275 135519
33291 33527
111082 111382
27405 27798
127657 127904
110452 110737
197883 198193
143474 143704
197294 197580
172061 172354
247410 247726
48854 49135
267058 267367
86015 86346
101669 101976
30635 30921
208080 208326
13608 13916
107291 107546
298622 298936
50019 50367
238020 238344
88811 89163
238253 238532
204689 204921
184015 184308
183072 183357
280685 280992
127230 127506
78425 78769
142436 142758
177698 177996
119834 120167
165286 165511
172407 172750
257075 257307
271437 271796
265671 265997
101614 101938
187446 187761
218265 218520
110427 110704
233296 233518
223272 223532
23614 23954
210460 210733
173235 173575
128469 128705
131250 131538
38826 39163
251808 252196
131030 131379
277043 277383
160460 160747
159473 159721
46609 46970
110848 111150
158452 158705
57029 57313
136854 137171
178264 178548
226220 226589
197872 198117
148034 148312
62893 63124
161448 161732
130042 130332
253019 253364
224661 224953
20835 21167
79473 79730
10492 10795
103457 103743
104255 104588
201823 202146
223856 224186
132218 132583
196859 197134
225808 226173
181825 182115
238880 239159
185608 185932
260428 260784
201011 201369
62664 62909
39876 40197
287630 287934
247093 247387
5677 5980
168091 168316
102293 102502
55857 56183
199201 199537
18481 18705
143267 143525
193262 193502
181075 181389
24402 24744
138670 138983
52228 52535
131667 131959
232629 232951
106435 106774
171280 171569
190828 191160
166055 166398
296049 296382
294808 295128
177675 177919
187698 187966
76655 76948
103053 103372
201279 201548
183623 183908
65824 66152
105241 105549
11896 12135
37842 38168
266604 266996
39669 39981
289804 290103
243605 243966
212407 212738
220434 220758
73055 73387
270274 270558
291440 291773
133062 133340
64829 65153
130220 130517
151609 151964
261291 261573
203225 203508
172253 172543
277855 278117
59871 60114
262418 262777
73401 73794
171041 171330
114864 115180
228497 228716
190255 190542
172873 173172
114245 114506
141852 142191
196826 197130
208830 209143
288821 289193
163477 163754
273263 273570
140228 140580
135030 135384
63250 63585
13406 13778
47264 47592
229608 229951
100064 100329
162884 163135
150813 151133
251451 251768
74646 74913
255468 255732
185835 186112
195830 196108
297268 297530
106215 106593
68487 68740
247667 247940
167272 167516
126248 126526
146230 146523
145047 145371
42628 42997
137657 137903
48626 48958
243283 243508
47027 47317
178895 179152
102093 102305
264823 265173
188495 188740
84416 84738
96609 96995
195049 195368
170642 170950
299690 299999
49029 49345
149412 149751
21434 21707
60611 60921
87480 87752
12811 13155
194296 194536
156294 156583
129659 129947
109804 110126
268481 268745
130897 131158
175675 175920
253890 254184
15687 15975
156469 156746
120002 120356
237219 237573
25020 25320
144032 144389
44843 45140
281417 281794
176456 176792
199664 199911
79268 79521
106029 106340
80202 80510
169026 169396
267877 268168
171654 171932
113088 113325
205064 205360
236815 237102
192086 192339
146839 147196
147240 147515
234018 234321
108850 109158
137477 137762
119253 119501
93680 93921
121459 121729
39075 39359
102897 103119
87088 87319
96238 96541
179853 180163
178624 178929
197416 197778
155873 156194
43471 43799
191878 192138
9278 9513
191625 191943
174206 174534
123691 123931
123489 123750
100294 100550
163668 163920
127077 127395
35440 35762
207442 207732
85408 85799
165070 165301
17883 18105
152816 153181
240457 240768
35692 35915
89886 90154
102410 102726
265014 265339
160685 160928
100421 100729
72204 72584
32255 32573
186671 186928
13 355
222262 222519
121217 121596
166807 167157
14421 14772
255633 255905
116037 116391
132464 132719
95218 95545
102672 102960
180645 180931
58260 58543
300044 300322
256824 257183
165611 165916
116245 116512
162868 163157
55421 55781
203609 203933
131877 132104
44243 44576
74409 74773
146410 146762
228040 228336
151039 151378
8289 8569
253607 253998
157089 157332
91214 91599
43072 43371
152663 152951
150034 150306
229484 229771
141037 141377
225035 225335
77014 77353
185222 185590
142471 142779
103039 103375
45266 45546
141003 141396
296859 297110
77294 77566
243404 243779
143664 143954
172262 172508
150648 150978
89284 89549
120033 120393
198858 199117
196061 196338
185807 186193
164841 165188
273475 273707
231476 231753
196481 196713
100833 101172
157055 157366
88285 88560
124880 125174
184242 184538
6274 6538
24684 24987
177210 177588
57491 57753
87226 87543
249670 249916
30089 30307
283656 283904
285671 285901
159808 160193
23402 23786
292820 293168
167467 167716
20070 20397
53815 54180
170263 170569
36444 36708
145631 145968
207894 208149
164481 164748
271235 271577
81074 81312
260896 261165
241035 241364
47414 47749
69039 69323
159663 159909
138272 138536
9047 9393
168221 168572
166274 166564
133482 133717
155258 155519
215629 215952
67633 67912
298235 298568
66049 66364
12419 12728
274692 274996
43839 44150
264471 264761
217297 217520
11262 11592
157820 158133
178005 178323
293829 294176
127880 128146
83831 84138
110664 110976
204867 205192
57615 57983
222624 222909
245674 245913
185440 185732
126664 126933
37694 37974
90039 90341
138009 138348
254831 255145
192280 192532
159482 159739
167659 167905
57868 58116
114651 114966
164684 164968
266274 266566
173481 173770
28874 29115
174448 174718
198238 198552
182610 182952
184419 184705
103268 103523
148856 149163
141626 141943
294420 294797
121822 122133
41831 42132
52025 52320
73692 73965
50485 50755
245237 245545
181459 181716
199040 199380
284276 284536
112040 112314
85837 86152
120243 120576
180267 180528
185049 185305
83099 83378
200882 201134
38008 38344
118688 118997
156885 157160
164808 165178
139608 139903
64491 64782
131021 131322
33410 33715
100694 100905
236262 236528
65490 65722
99063 99303
288614 288968
293416 293709
281662 281960
32475 32740
191657 191983
284005 284355
117220 117543
146210 146512
221225 221559
187895 188159
151022 151361
121055 121374
202284 202561
117818 118134
272096 272316
209850 210112
239035 239351
124289 124514
99820 100164
126204 126522
91683 91992
175069 175331
146014 146309
255236 255502
273005 273374
264008 264365
34466 34737
185277 185584
225659 225957
50603 50967
28097 28374
259262 259524
129895 130122
140046 140366
281220 281504
292665 292928
83660 83975
102238 102545
174060 174365
214032 214366
25218 25501
196227 196501
194845 195183
115437 115709
154007 154364
129693 129992
126448 126740
183475 183766
107878 108128
15403 15763
154265 154584
97223 97574
189890 190140
126452 126778
120432 120712
204258 204505
20480 20787
36645 36938
196698 196919
113898 114128
96463 96788
158010 158366
166804 167149
46084 46386
192896 193146
263259 263559
222465 222770
56057 56379
186881 187193
170013 170335
165404 165769
265436 265764
13275 13552
104429 104764
72447 72791
184490 184782
191286 191580
284488 284762
29266 29531
170897 171188
14666 14920
297048 297364
115452 115764
151497 151796
191098 191302
181434 181751
133691 133907
110692 110969
298822 299158
40497 40739
232081 232356
136045 136338
192094 192342
32056 32367
128447 128775
136680 136965
110216 110565
165848 166168
234277 234571
90465 90766
195272 195599
186433 186751
224814 225183
1615 1949
182604 182919
187629 187941
61042 61391
291235 291589
248458 248744
188299 188544
54873 55112
42217 42579
132426 132760
94666 94925
185491 185768
194438 194790
282014 282349
75081 75365
80421 80763
239834 240138
98810 99169
124004 124374
154842 155103
135894 136177
190633 190972
221041 221386
280482 280771
70099 70318
269691 269958
92687 92990
276031 276335
154481 154764
31633 31925
153484 153749
242882 243172
272837 273101
158823 159197
215054 215376
178845 179154
30889 31197
45684 45915
3488 3713
162059 162344
53290 53523
152088 152345
147870 148129
104068 104390
49455 49727
2890 3120
84242 84501
200427 200777
28448 28721
24294 24573
108463 108725
153084 153376
230821 231162
183029 183316
80023 80318
5056 5375
233010 233322
67803 68184
60083 60353
113883 114117
47664 47905
255846 256171
169821 170174
114011 114390
282406 282786
262053 262386
148289 148569
41625 41948
244833 245115
269052 269313
290483 290782
256416 256746
174684 174926
164664 164937
239464 239747
175287 175520
190026 190360
140403 140713
267428 267731
41034 41309
172660 172930
165671 165939
16820 17108
280060 280345
135265 135548
179828 180139
182428 182741
124078 124391
157203 157569
85653 85942
153679 153920
136094 136326
258018 258332
217407 217705
177877 178107
200612 200934
97403 97778
116815 117166
120606 120911
36054 36390
187474 187792
8816 9170
144660 144959
98478 98748
98038 98357
271052 271310
229814 230118
125251 125525
194090 194379
33878 34191
100075 100389
169210 169540
146614 146950
148293 148579
51850 52117
84022 84375
152819 153169
179617 179946
216493 216744
134878 135187
189653 189953
126061 126308
103896 104172
56464 56712
23874 24102
40235 40505
66291 66548
107075 107368
295293 295525
100621 100923
149857 150167
162430 162734
21279 21506
164076 164336
239299 239523
105452 105764
169657 169934
173290 173565
106629 106961
69641 69957
123016 123329
137446 137708
121697 121930
182463 182743
101279 101542
205614 205906
106013 106360
185003 185383
192887 193173
1814 2104
127648 127959
275257 275561
174685 174961
221833 222112
148676 148971
108014 108327
296407 296738
137061 137318
27245 27555
244680 244976
164464 164786
279489 279749
122064 122319
124487 124706
160419 160743
163045 163303
122474 122764
179601 179966
163847 164173
205858 206176
74247 74516
155660 155971
22425 22730
22237 22507
31409 31725
150419 150757
78085 78312
111814 112132
163088 163355
113692 113983
207096 207340
173017 173389
81631 81927
66863 67174
255037 255336
277221 277545
138655 138906
173642 173975
184208 184562
132695 132933
166630 166948
202669 202942
173812 174129
231025 231326
177413 177712
171845 172175
290293 290519
231216 231582
262292 262529
16047 16328
112690 112957
136833 137112
149699 149956
82620 82979
152639 152928
7606 7991
150095 150306
192201 192534
128276 128579
202847 203158
197060 197348
76079 76302
147890 148157
205278 205554
4675 4936
9617 9923
161668 161953
250277 250516
93865 94144
12056 12307
279270 279580
107423 107793
207216 207559
52832 53143
140448 140735
106299 106537
113034 113377
159636 159987
23245 23519
144277 144543
134468 134786
196208 196550
68068 68326
55220 55558
158448 158790
130253 130583
242220 242524
297609 297941
176032 176387
163234 163585
56835 57163
58830 59118
22090 22318
240002 240374
112078 112349
10036 10322
140677 140914
165857 166106
218025 218363
37028 37305
175069 175309
218485 218704
157698 157916
171427 171752
70837 71159
161066 161387
139868 140116
