100 100
28 98
31 61
82 58
21 28
90 30
31 58
46 6
71 65
57 83
64 75
74 46
72 38
92 27
11 79
11 44
94 96
15 7
64 60
36 2
58 27
66 84
76 78
73 50
25 58
66 87
44 66
63 1
40 57
52 58
9 27
99 79
3 62
5 86
96 27
32 51
78 55
8 56
34 84
74 15
76 16
81 90
59 82
18 92
73 6
93 9
31 36
46 7
4 5
16 52
59 5
74 86
38 19
40 54
100 54
97 34
55 85
64 44
10 92
36 42
29 49
47 16
60 41
99 41
29 37
3 11
69 91
51 43
78 54
7 75
48 55
81 69
51 27
64 80
81 98
76 92
26 71
73 58
16 42
90 6
22 57
72 92
3 27
99 57
38 71
40 51
11 84
36 34
93 85
32 15
100 86
56 17
93 54
44 24
56 27
48 16
79 58
34 82
48 49
26 94
53 82
