100 100
42 18
4 59
4 5
97 40
99 32
6 56
13 11
36 24
67 74
69 40
28 93
100 35
7 29
3 75
39 46
81 50
24 44
86 64
52 56
28 95
69 56
22 98
68 10
32 51
8 66
30 12
100 55
22 55
65 38
47 55
82 15
65 84
12 50
8 41
39 31
44 59
35 87
96 88
32 15
23 17
92 18
70 60
62 56
70 50
34 50
49 27
78 48
29 98
54 27
89 25
20 67
96 26
37 49
37 8
71 38
32 13
31 26
28 43
72 85
29 8
12 55
89 48
41 2
97 29
95 87
99 53
79 37
21 56
34 46
49 84
25 58
75 4
24 22
30 63
20 64
99 65
39 16
42 66
62 64
11 43
92 40
70 84
4 66
30 45
86 73
100 87
54 73
77 46
53 90
93 55
27 56
44 49
67 61
17 56
25 53
9 84
23 35
50 60
48 50
72 35
