811793 968475
20 400
1 2 798505
10 3 3184
6 7 307073
1 3 374424
18 20 168264
5 11 375896
10 10 179161
19 8 468549
1 7 516920
2 8 55478
17 11 130792
13 18 539784
4 19 41030
10 15 52841
2 5 723641
4 20 352913
17 9 733553
4 1 267410
17 18 613351
16 13 37183
6 16 729745
16 5 739915
11 9 532824
11 13 425046
19 20 258746
15 18 566454
11 18 636432
4 8 903244
11 11 454181
11 17 540553
7 11 42013
8 8 407403
2 6 644
19 15 76617
13 8 456517
1 5 191737
6 1 896969
7 1 415045
3 9 424645
1 12 592569
2 18 295054
7 5 197682
6 11 411895
5 2 139523
19 7 630842
10 19 375758
13 7 804392
14 11 615136
18 3 215304
14 13 471162
13 4 867082
3 15 717029
7 9 344855
3 14 911148
2 20 627449
17 3 403988
14 20 753618
8 17 274129
2 7 841826
15 15 347063
14 8 658196
9 12 144188
9 9 891940
3 7 463810
15 4 380712
6 4 947487
6 9 563151
11 1 363559
13 2 20238
7 15 544228
15 12 983232
18 16 549573
7 8 510657
17 16 917811
4 17 504191
6 8 481575
19 13 94420
19 6 40797
12 4 483828
2 13 118873
12 11 467006
15 19 41736
7 16 869856
8 16 34051
20 15 438210
20 7 665801
8 5 812477
5 20 856757
15 14 153005
7 13 606861
14 7 546023
12 13 922728
8 10 337144
2 16 849399
9 6 570294
19 19 135816
19 10 171396
5 8 435
1 1 968255
9 2 850402
8 3 975390
1 11 144070
2 19 546945
17 19 18909
20 2 39883
3 16 323662
7 7 539584
10 5 199536
12 2 347269
16 16 712313
1 6 661000
5 3 485247
7 18 487521
18 1 246184
15 20 600796
5 7 881193
5 10 647251
19 14 645541
18 5 206571
12 1 47458
7 19 887485
10 6 658612
20 10 645188
6 15 555388
14 10 858308
11 7 429386
13 16 334561
13 20 720187
5 14 781450
15 2 859555
11 12 142724
4 14 373100
16 2 251821
1 15 505590
1 8 657508
2 2 4981
10 20 657187
20 13 2764
11 2 291292
11 10 915295
17 13 466748
17 14 390696
7 2 520322
1 17 205818
16 17 487013
19 4 255148
9 3 278824
1 19 8440
14 3 737248
8 20 137289
3 4 130363
9 17 518414
14 19 508792
11 16 841987
9 10 57662
9 4 356353
16 10 709400
12 8 872996
20 5 119675
5 17 886210
20 4 245722
11 20 978007
6 19 775347
15 5 807879
20 17 287478
20 16 659708
9 11 500455
4 3 263559
18 6 646787
7 10 288171
17 6 756470
9 15 860620
7 4 884142
3 18 615177
18 9 990201
5 4 176859
15 8 283235
17 5 628163
1 4 707222
16 3 3499
10 16 826815
13 3 147810
14 6 334069
8 14 15457
4 15 340131
10 2 334509
2 1 155227
19 2 626
12 10 46651
12 6 574631
15 6 344746
1 18 324572
11 3 873966
5 6 959858
13 11 649638
9 13 944271
18 15 992415
8 11 952303
10 7 477601
18 19 346086
20 18 136452
14 12 275418
12 12 57572
10 12 617342
17 17 605032
14 15 738363
7 3 269282
13 14 409316
2 4 73677
4 11 595730
16 6 318680
6 5 661589
11 8 386273
9 19 737989
20 6 848676
20 8 794214
13 13 968807
6 2 968565
17 4 642771
10 4 9711
8 9 966800
4 18 764890
5 12 155453
14 18 755993
13 12 686567
4 4 672219
20 12 215296
2 17 144332
10 14 628751
10 8 797206
1 16 885270
15 7 976347
7 20 665911
14 16 536852
10 18 311220
16 11 300433
10 17 169069
5 1 605488
9 16 304203
12 15 504791
5 9 793666
10 9 265521
12 7 122953
14 14 633017
9 5 247703
7 17 427527
8 15 242289
20 14 587788
15 1 90965
16 4 270986
16 7 875146
16 8 126087
13 1 86860
12 14 175642
1 20 487002
16 20 969103
8 18 466040
6 13 493668
4 9 819503
11 15 940007
9 1 316733
18 7 934152
12 18 635358
2 11 228796
11 14 423334
3 19 911402
5 19 642707
7 14 802236
6 17 67876
5 18 584897
3 3 237625
3 17 466044
16 1 995647
17 1 401597
2 12 916566
4 13 871853
19 16 781037
3 5 968652
15 11 425095
20 20 323799
13 6 971752
14 1 355854
18 12 297216
9 7 294291
20 1 865145
12 16 388200
18 13 667859
3 1 646615
17 10 517374
18 17 337345
17 2 537237
9 8 302389
19 12 261191
17 12 523868
17 7 356688
11 6 704422
2 9 710998
18 11 266189
4 10 289305
2 3 856538
3 11 607557
6 3 910345
8 19 751772
18 2 424351
8 12 964172
2 10 160413
20 3 311966
15 3 913241
13 10 265624
1 13 883080
5 16 656222
12 19 78468
13 19 97381
8 4 107145
12 3 964268
15 10 837251
8 6 598465
1 9 69483
18 18 481354
12 9 51243
19 18 720113
16 14 253680
14 2 35000
3 20 967900
11 19 288861
18 4 147115
8 1 774418
7 12 647247
17 8 593084
15 13 369593
4 12 936713
19 17 526817
1 14 505264
11 4 872131
8 2 55609
13 17 895186
5 5 945412
3 2 389802
15 16 683303
6 12 748644
18 8 329485
9 20 399235
8 13 356498
6 20 705819
1 10 441184
14 4 226636
3 10 227716
17 20 253464
4 7 307759
5 13 841582
12 17 637438
4 5 484726
7 6 385476
18 10 341778
4 6 855851
14 5 221892
3 12 351711
4 2 256805
4 16 559972
13 5 66730
10 11 818615
15 9 900571
16 18 811210
14 9 955406
19 11 982768
9 18 664170
20 19 8209
6 14 805601
2 14 487984
20 9 630396
11 5 72882
2 15 694998
18 14 614846
17 15 327405
6 6 68915
16 12 370472
16 19 566926
6 18 771918
13 9 457759
16 9 242537
3 6 33176
19 5 35774
12 20 152891
16 15 569429
10 1 79136
12 5 285548
6 10 177094
15 17 842092
20 11 425406
3 13 206507
19 3 13885
14 17 335056
19 9 690456
5 15 623447
19 1 944160
9 14 835654
10 13 989444
8 7 992039
3 8 852515
13 15 105618
