242958 492638
62 3844
9 10 492389
55 16 913892
34 41 799665
34 36 663196
54 3 81069
10 26 456318
33 26 675116
17 61 427604
30 61 414244
41 51 979720
42 60 370566
46 47 141764
34 61 146381
26 8 379902
44 23 554640
48 7 485728
24 27 786244
7 16 471092
2 57 417841
62 21 568938
15 55 730900
9 32 435862
56 2 192600
40 23 842776
9 9 672986
38 32 435279
7 49 414994
28 43 325421
35 26 753183
16 57 856478
30 47 305185
13 59 479882
26 6 961753
59 38 904617
58 61 296235
15 48 642749
38 12 855427
45 53 522957
39 18 998925
11 28 826972
25 15 660897
4 20 284635
52 18 161938
48 24 83216
12 24 324891
41 59 564790
28 41 142994
50 36 927373
29 2 213645
55 31 594763
29 49 345486
47 52 542409
21 51 344914
22 44 521679
19 36 652327
48 46 522793
12 40 783488
39 56 151986
11 14 137872
45 27 209288
42 27 302083
20 52 32077
20 55 178209
21 3 138207
42 8 636324
34 51 13318
45 30 45087
34 50 107330
49 15 6873
21 60 117202
43 6 625236
59 56 820119
26 24 199798
7 10 649887
19 49 852832
54 53 989083
6 24 655702
20 61 151585
30 10 199943
55 8 970822
32 57 317933
13 30 882085
23 9 88437
26 33 401910
46 21 934764
40 52 294377
52 51 258471
24 32 666909
56 32 163964
20 34 473685
7 20 44585
19 19 381166
29 13 450851
41 29 249881
5 14 337900
1 54 906665
39 1 891608
10 25 177703
9 25 653239
13 21 474819
10 16 211929
54 38 841064
20 16 91980
39 21 68315
33 1 635398
17 18 230704
34 20 551541
56 29 929742
6 18 710005
26 58 266244
54 6 313949
55 50 157033
17 27 438122
15 15 342844
40 18 827142
4 19 826000
14 29 689358
48 11 169985
3 1 268981
9 12 556674
16 17 318308
48 52 598951
49 29 852632
18 20 874808
24 46 323359
16 23 94505
30 23 864117
33 39 549186
58 16 701567
26 36 152944
15 23 582916
19 5 567004
38 9 515136
34 2 29250
54 35 255036
56 38 46765
40 10 20694
3 43 139971
6 26 530382
8 44 169978
38 62 55238
39 42 781451
14 18 152320
29 32 648974
53 25 252010
58 27 453503
31 11 667911
4 47 446207
60 53 960420
17 13 472871
24 55 672629
38 13 762309
58 48 274015
60 27 12062
14 25 9775
27 59 872288
62 50 100223
46 53 257844
47 8 661050
33 28 25374
46 15 649754
31 61 917220
42 16 49662
52 15 954165
15 20 100996
21 50 324244
9 33 149126
22 21 156949
4 3 283915
7 17 530989
35 49 456610
43 11 816948
23 61 741241
60 8 845355
25 27 939913
38 16 726304
19 12 289407
50 28 626690
54 29 731864
54 42 244614
20 43 692807
35 54 274491
46 2 212052
30 57 517250
44 1 696908
16 22 321601
38 35 207449
57 36 649638
9 24 655434
37 42 631802
37 7 108940
5 52 706990
3 34 93871
7 55 562828
35 42 918763
14 28 727631
55 33 439546
42 61 968669
3 30 540619
36 8 442724
32 55 971077
27 20 426760
52 30 376703
8 9 420291
1 55 623983
35 33 241078
30 49 59204
21 18 901594
14 50 303389
46 50 207527
44 49 915265
7 50 693720
35 23 787523
1 19 512547
62 33 852245
3 45 176769
37 1 642910
29 9 168300
16 4 856327
55 43 614910
16 60 405699
58 50 593614
54 19 515215
10 28 239930
26 10 939258
9 34 418751
10 33 927959
56 57 811538
16 61 80217
26 32 236171
32 46 56069
41 19 295654
57 54 992756
62 22 843630
50 58 666219
9 16 28122
18 16 87061
12 44 897992
19 50 164748
14 44 590382
14 31 200508
45 16 216151
20 29 483877
7 38 40017
44 13 674314
48 2 580707
17 43 818818
26 4 849153
29 31 203440
60 43 359988
29 29 941599
47 48 707876
62 55 963848
3 4 725946
62 41 594436
12 37 201637
16 51 624962
24 6 903386
62 14 114329
48 22 664999
36 62 756495
40 17 100245
20 30 588031
60 49 229141
58 60 83809
37 14 232501
4 2 303051
54 12 853343
52 58 753349
38 42 46379
30 19 977759
32 13 434946
35 44 512701
7 35 423207
46 9 302464
39 30 299983
9 6 723645
23 26 55719
25 49 969642
55 13 102684
47 30 797021
45 1 550207
20 5 981834
37 15 486215
58 22 179173
11 27 500166
22 60 128864
16 41 618564
50 59 991795
32 33 381673
38 43 769044
21 14 716772
24 11 354352
15 21 890478
50 45 828663
59 26 838210
50 55 86520
3 54 873960
44 41 135013
33 20 502110
30 36 484249
25 45 514692
9 47 939151
2 56 824140
34 40 779989
59 59 617854
24 26 670859
27 36 916255
8 23 440148
26 30 277562
3 46 83602
44 8 383098
4 34 874919
37 54 806439
19 45 813318
53 58 376292
28 11 136959
45 2 166757
56 41 709870
28 21 650442
50 10 495240
39 13 914590
56 45 961890
28 27 3256
1 41 765792
40 39 740614
60 10 257671
19 33 612267
1 35 128837
61 55 626312
48 9 430539
2 4 294498
59 6 323087
21 26 656450
23 29 753959
33 12 763632
7 51 725435
2 28 163596
12 48 898811
36 17 446080
13 1 27163
2 20 166450
51 35 472824
12 41 310634
24 1 885408
11 3 762721
38 7 209178
42 20 911567
46 25 134426
28 59 253300
39 19 286100
16 25 706936
41 30 83900
19 47 437269
31 8 687182
25 24 918506
35 47 880727
34 44 96191
7 28 575457
26 29 930469
18 47 787698
32 51 334256
2 21 571278
48 19 927929
15 34 183898
39 2 737192
43 58 203898
52 49 607079
47 24 527424
12 30 964464
42 14 932892
15 24 935455
5 28 169855
55 2 840829
18 28 315578
18 13 830131
9 13 632940
31 51 499049
31 24 496308
57 45 262136
28 52 897503
61 42 254166
39 7 626568
48 37 295480
2 15 913766
3 52 923150
29 28 345509
14 26 358164
20 36 617932
18 54 822231
31 39 713864
60 51 178468
34 25 310025
54 13 103982
39 20 895063
43 56 933211
34 57 33837
39 52 977402
47 60 750025
4 18 60132
55 30 262217
13 11 780876
19 22 150658
10 59 758218
1 34 941574
10 4 784214
55 46 868022
62 37 596634
38 37 434265
59 57 152085
57 32 76373
58 30 392571
22 62 251524
10 2 131038
51 22 236058
25 41 425107
62 48 720349
49 43 661119
61 45 627200
11 19 376550
5 25 215040
19 24 536487
36 54 650139
51 53 322864
59 22 84657
46 17 904443
9 8 886927
12 19 325617
28 3 636561
26 50 308130
50 34 847884
61 11 821838
26 37 389781
57 52 358050
20 47 550637
51 10 926717
45 23 396760
37 47 96707
48 20 195575
29 8 760370
44 60 525715
46 61 304637
42 25 582737
22 12 876512
51 16 771916
22 35 458385
6 21 873868
17 52 721181
34 15 77059
10 45 497828
62 39 604913
7 43 3582
54 48 952131
1 40 528751
52 40 6491
17 54 741605
13 3 385141
49 19 879661
58 55 506672
19 54 125086
8 54 908627
30 28 503112
23 35 135918
47 37 334205
61 10 355830
8 38 957233
30 38 773284
41 15 348806
48 59 585955
25 44 978795
53 18 553213
14 22 253803
10 52 870176
26 54 569145
49 4 653061
5 12 875310
23 13 152112
1 52 62658
54 7 747255
16 42 334481
11 32 565689
22 38 100516
30 35 909600
43 23 123874
32 20 414231
41 57 697016
22 51 249027
37 37 188227
20 31 511588
24 38 348513
61 22 843464
12 53 377014
4 9 940606
56 15 267784
18 35 800843
55 27 819329
33 60 232320
15 25 132743
39 36 400651
7 30 309392
62 26 828938
25 51 870351
9 17 440577
10 24 465595
51 48 653739
15 49 860078
55 29 652861
56 18 437629
34 43 100384
38 21 671808
45 43 336642
22 53 545934
55 32 952331
33 9 988450
37 13 994062
39 29 775177
42 59 685069
26 34 80562
24 36 312202
52 10 688149
43 41 875342
31 30 817068
15 42 856715
60 15 342523
31 48 615005
49 60 765380
54 31 401906
55 54 591750
41 23 627236
17 34 104624
48 60 302375
52 46 806485
33 30 789598
23 8 784636
17 21 77763
16 38 266359
29 52 882211
43 39 801244
28 49 331660
37 6 468035
44 5 381880
11 49 235241
30 37 883107
26 28 912409
34 12 625629
12 28 864581
4 39 157127
10 27 841924
54 22 128075
18 44 682460
9 2 514275
44 51 448029
58 17 313824
59 30 901846
12 45 151021
43 8 520143
42 17 733852
49 61 23139
24 17 796568
24 16 429904
9 15 193908
56 26 331114
6 27 539184
20 45 325488
13 18 678682
27 52 339312
46 51 392307
47 33 271919
6 48 372875
38 39 248329
22 48 613662
32 49 819195
23 41 270075
9 59 602807
36 56 996780
30 62 847101
29 11 271299
18 42 998413
52 41 527263
7 1 759639
20 37 932640
59 48 295649
32 21 462691
18 61 891719
10 31 624490
58 36 404378
24 60 986484
13 50 743154
54 59 610537
57 37 771583
50 39 875472
24 52 225056
20 59 161628
6 5 111323
2 44 592358
41 33 39392
4 58 198446
56 1 614870
33 37 938802
60 47 888150
29 61 502956
53 7 717832
32 14 232494
31 40 294708
47 49 992479
2 11 134693
41 44 789945
50 54 98868
20 14 827785
50 2 538622
18 17 527003
59 20 115262
7 45 59185
27 14 99678
35 61 54060
29 54 139146
54 57 538942
5 9 317647
28 46 837111
55 35 440023
30 27 527228
30 29 46858
31 38 824579
9 3 718210
26 26 173364
47 6 625588
49 62 986520
27 3 29376
8 21 46291
5 53 499834
20 54 342216
58 21 896053
27 37 891389
53 4 153443
41 49 126065
47 61 440066
62 6 164445
39 59 101831
8 37 453303
35 45 808731
47 35 698731
60 56 135424
44 38 564288
14 14 25546
27 28 571112
57 60 427108
1 8 151487
24 19 439731
44 47 894747
24 24 891829
14 41 662663
31 17 910904
32 58 695153
10 36 255136
21 10 742208
39 58 151415
18 38 766421
38 8 676944
6 29 871327
52 24 317130
39 44 141682
49 52 954737
1 7 200543
6 1 238171
32 31 383355
3 10 362792
16 20 615729
15 22 133126
11 62 606768
6 39 403434
50 12 783484
61 23 950282
22 27 255420
39 15 485661
14 1 602229
5 20 491920
43 32 721058
24 12 719613
1 48 377715
9 19 296649
36 46 656469
41 52 432766
57 1 400421
40 62 212091
47 59 650224
10 21 4487
35 51 776562
44 46 421694
61 48 241647
14 17 223312
50 21 921061
47 15 87592
7 27 649328
60 26 854950
12 38 177463
31 35 83239
32 60 497298
11 18 691000
53 2 257605
51 25 744868
5 11 412992
58 11 562948
11 33 141004
23 46 959125
37 60 200974
35 56 803538
61 15 499889
17 4 561729
61 27 990531
45 20 364230
10 6 794972
55 26 972801
7 29 817500
55 57 68421
25 5 729662
12 10 534770
44 61 861699
43 49 263355
51 17 944335
12 51 836922
31 14 485950
62 12 468972
29 16 574140
13 27 884167
36 53 867775
55 39 510930
11 57 611992
55 51 538273
16 27 247537
45 33 137547
32 5 206916
28 1 641886
24 34 674893
11 13 709458
40 58 350981
47 26 1142
46 39 838083
23 19 183447
1 9 188197
37 11 349503
18 18 225086
22 8 739717
45 31 867477
35 31 634306
46 44 501327
9 46 672014
56 11 450667
51 37 842164
8 16 995430
45 25 336221
8 33 56057
1 11 116896
6 38 248598
33 16 778616
62 40 253722
22 14 167726
11 12 303907
48 1 820709
24 56 493332
2 54 149177
40 50 869833
56 61 400180
15 14 739557
41 25 651986
31 1 933730
34 21 950837
33 32 524006
29 40 131396
58 39 981269
26 42 369235
2 33 908469
18 19 769803
45 40 581344
30 55 304439
13 55 758812
3 2 88607
51 60 832089
33 25 698219
14 42 144379
61 2 28266
46 26 683063
62 27 410566
15 16 721009
55 21 7523
56 51 334949
47 7 191429
53 32 989212
32 12 146806
23 55 317081
34 7 510293
16 52 285063
28 12 625786
2 45 107593
11 8 69745
61 30 184531
55 47 556701
33 54 934644
57 48 70364
50 20 561539
62 23 683884
40 14 83573
40 34 879967
56 39 362375
3 20 203153
5 51 872252
15 45 332051
60 28 387609
11 22 190444
46 41 654244
8 20 507517
27 11 540949
16 30 167817
29 5 676763
55 5 172224
7 47 47337
6 61 484290
61 57 797671
35 10 833158
38 25 204859
43 50 257907
34 59 798843
21 30 386127
39 31 457045
24 37 743781
23 38 238974
51 36 396943
17 15 522494
16 1 335296
19 38 686669
36 25 464234
39 27 266936
2 23 688711
58 26 828151
2 60 771753
30 1 307986
60 2 12679
41 36 19541
21 29 269080
4 56 259218
19 46 784683
8 57 257273
14 60 825088
44 50 76039
12 15 873676
4 10 386981
16 21 806505
45 11 615954
54 37 242622
31 53 824652
27 60 512350
57 46 278653
33 21 942133
39 48 207236
17 2 972934
13 31 807443
62 11 965339
61 29 486559
27 2 6310
56 22 109820
5 47 899175
26 5 100381
46 40 922882
60 35 157688
32 26 98065
39 55 568167
13 54 772544
35 36 339376
32 40 705188
49 1 249976
55 25 935665
48 53 799897
30 54 551378
11 31 435040
40 15 796069
17 49 414354
13 35 579026
29 47 603420
13 52 763320
61 54 287067
51 59 198485
33 53 859508
12 7 852826
27 24 786942
50 42 625069
55 15 560007
49 5 662861
16 13 946608
22 15 978439
26 14 886326
26 46 669566
47 45 974560
39 54 52493
17 9 779757
29 12 552171
27 61 767096
38 19 86509
18 9 882204
15 57 550736
29 33 217142
37 46 909669
20 1 139231
41 27 583797
22 34 736025
62 2 361167
9 60 957511
9 21 535937
13 43 850666
39 47 546938
36 55 632444
56 56 270100
14 12 773438
44 42 483376
51 1 550727
30 4 902560
36 21 525212
41 61 943732
16 5 673181
27 10 45252
23 24 136827
42 11 112398
28 40 922285
6 53 890476
45 62 2519
13 29 954804
62 34 614674
36 31 607385
44 3 595893
38 59 839270
17 30 10224
42 15 848582
42 22 598756
58 34 951682
34 6 189547
38 48 164314
41 10 932893
10 50 38593
16 50 400231
55 36 278651
57 23 348240
12 12 650238
18 49 474414
23 18 417649
24 22 728589
53 41 140968
53 24 527228
2 22 933333
43 54 334884
52 34 648936
3 12 533683
36 22 431015
55 14 366829
40 42 701265
6 22 264769
49 37 635111
41 37 624047
23 51 619435
4 16 943536
27 51 235996
21 54 313194
3 3 729745
23 11 33637
33 46 608280
8 17 130701
51 50 890916
31 34 371648
3 29 721740
34 14 76368
6 7 310026
40 5 312312
56 35 252507
32 56 444558
13 28 696233
26 7 474063
28 53 458721
3 17 260211
22 43 207349
28 23 370225
37 9 775787
17 20 336315
23 60 297903
8 13 366698
8 35 735134
31 50 527132
29 62 570118
33 2 815300
33 38 163951
55 58 408834
12 35 203808
47 22 623818
37 8 267670
53 20 216824
37 52 319986
30 45 802410
53 56 857383
55 7 802841
30 34 705975
29 4 156889
11 37 547168
59 37 433428
51 5 177921
43 29 825472
62 5 909299
23 45 553530
41 41 266316
48 41 771801
5 21 285368
11 51 76123
26 40 714321
1 37 203677
9 20 666328
21 32 488572
35 48 874655
13 34 80273
35 29 910736
20 51 49622
51 57 423205
31 62 483926
11 52 655788
26 52 671453
47 18 136160
2 27 656392
27 48 768298
20 21 452246
20 25 284416
54 27 133585
54 32 726393
56 37 989278
12 11 986455
57 38 714979
28 17 751760
31 42 577568
60 42 959351
41 24 510726
24 44 913261
3 26 472886
34 13 266992
50 31 811618
6 33 433076
49 25 776666
44 4 981058
48 32 98017
25 18 867968
12 49 588349
35 53 749123
5 7 83648
23 4 269690
44 58 997224
57 2 890146
6 55 886342
30 17 121384
12 26 438719
13 14 244890
60 14 476386
29 20 278123
14 43 116778
3 56 530540
9 5 451434
29 1 712417
34 33 684919
19 1 547434
38 38 585222
51 47 773982
52 35 110325
11 34 484969
52 16 112200
49 50 627748
41 34 828713
6 8 168322
31 6 906087
12 42 913151
4 50 277939
40 61 862538
8 27 788248
14 3 600645
34 16 808280
41 20 2920
19 17 403829
39 6 442487
36 43 242072
42 37 819240
30 53 846762
28 30 87344
6 37 907576
5 10 615199
40 2 920542
60 48 53183
2 2 425379
9 4 28948
4 25 224616
43 61 876395
44 11 435224
45 60 731892
20 33 608793
14 38 992073
20 17 421094
1 3 922021
43 26 100026
7 32 554712
20 50 765755
46 7 919763
5 16 600188
42 40 577130
5 38 653496
11 36 257627
53 54 659767
52 44 704147
60 22 835781
51 7 63858
26 15 446733
23 50 555628
13 23 186133
14 10 698277
11 25 920711
33 52 760240
46 36 757660
17 58 702962
40 25 499999
43 12 800969
36 15 258279
19 16 363909
6 15 173894
22 46 955545
26 13 357309
7 19 614668
24 23 582353
1 57 951214
52 60 556372
14 11 146388
42 32 399384
41 31 458638
57 4 56344
34 19 156324
52 3 415301
57 43 230792
9 61 59398
15 11 464469
54 26 812931
60 31 596248
57 6 199298
9 52 129250
30 20 804262
9 23 192346
7 56 33341
44 9 374692
56 50 542251
26 11 726178
42 55 929836
17 47 475740
32 43 637566
19 25 825833
4 41 575552
23 62 113954
9 7 487534
28 51 432169
37 58 353105
34 24 838739
59 42 227682
62 18 990412
41 12 650395
18 52 563105
52 50 982305
21 16 524375
39 14 248205
58 2 106868
62 16 42088
39 34 401419
17 60 306077
46 45 255694
61 62 161266
44 25 396253
8 43 191316
14 15 867084
22 5 478725
2 48 399463
21 57 959509
32 24 292954
11 29 689967
35 22 813964
48 4 788291
15 36 890580
61 51 988556
25 57 771367
60 50 609942
54 28 81114
49 40 233948
33 48 480203
23 59 384824
57 18 186957
14 47 409988
61 47 939566
37 56 433215
54 4 394161
2 49 762365
51 41 664600
26 21 248021
27 50 464764
28 7 798316
25 62 226964
3 8 251518
31 25 212998
19 59 916720
62 30 401775
54 41 257399
7 25 282158
43 55 370989
49 34 683368
46 11 714092
47 29 364629
17 46 282804
10 58 884850
7 7 387725
3 61 578172
37 5 731249
38 51 356246
18 25 662654
31 21 817447
54 33 902803
2 19 786683
50 57 455350
7 4 26384
11 20 971328
31 43 564641
35 52 713939
19 53 20961
59 54 579949
40 28 739624
62 61 843753
55 45 968819
61 7 738641
5 60 762906
59 47 542457
38 17 361687
8 39 291804
22 20 461806
16 43 590739
55 17 213968
27 18 963678
32 59 876662
42 9 252439
16 59 698110
13 44 611793
15 18 980099
30 11 988616
18 48 381911
15 50 120642
24 15 96623
12 9 858267
20 60 4939
53 11 360230
41 48 132235
27 26 195730
19 9 512861
62 46 487696
5 40 770752
53 6 431272
11 1 732284
24 39 280141
2 34 15329
34 38 877133
3 62 808949
1 2 205948
4 4 124204
9 45 649715
38 55 313691
50 4 490628
13 6 686637
48 15 841377
58 12 518745
21 12 208743
10 57 550372
3 22 90549
4 51 91670
56 23 494648
5 39 588274
3 50 234027
51 11 319896
15 19 141300
2 25 406882
3 49 612325
30 51 580868
37 27 102273
24 57 175194
61 32 991905
1 25 966668
57 51 742543
54 2 335824
32 50 951057
52 47 260530
14 7 696197
26 45 710135
25 60 985748
54 58 294696
22 1 476261
1 56 52993
11 21 116683
50 52 355
59 58 679419
15 4 58941
15 31 289135
6 6 829240
3 35 814798
31 16 645450
12 50 898453
53 42 37133
52 43 456333
27 39 197065
6 25 673149
10 3 599848
15 40 903722
3 40 495071
48 44 818410
2 52 524963
62 3 863589
61 39 710858
54 36 588561
39 41 905788
43 24 772844
29 46 78794
6 16 270781
40 37 726797
4 57 633337
46 30 796376
20 38 310268
12 13 80755
43 40 707420
48 12 843322
29 59 713271
56 46 121130
30 39 932538
2 35 311060
51 21 381136
10 15 178594
61 38 169770
18 15 921381
2 43 312205
19 40 155204
36 1 634975
45 22 580816
50 23 411084
40 56 355713
24 20 743375
17 26 29070
36 11 995020
19 6 867987
19 62 103429
22 28 828172
46 16 878000
8 60 518029
44 39 304529
47 41 997014
19 23 667542
19 60 892161
21 44 293315
16 33 605821
21 24 690564
27 19 281426
42 38 477574
17 39 737066
41 40 326741
16 8 949984
58 7 431506
23 42 681433
36 33 290123
45 37 236133
4 43 600965
18 29 626773
23 40 802271
60 55 197514
47 44 32531
58 33 104615
16 37 621024
46 43 220728
8 59 807738
26 35 778212
32 45 636839
57 55 657359
39 16 30599
22 54 381753
48 21 690091
10 11 635372
35 14 841731
23 47 842424
39 61 409174
11 50 877055
31 2 637161
19 3 961938
25 14 325440
59 16 794308
36 42 304346
27 27 191602
47 16 362599
43 14 813578
45 49 741002
56 42 715945
50 60 607559
46 54 268835
49 13 198210
43 7 352003
44 29 62228
28 9 587843
37 18 600363
53 51 678522
53 33 392406
40 45 132933
50 6 430380
32 38 441461
20 32 895889
22 30 751931
53 3 740082
40 7 289416
36 37 267446
37 12 862796
46 57 740964
45 45 282036
4 22 798514
28 56 440260
3 55 438706
15 54 408142
10 35 516161
3 28 895773
38 20 527932
31 60 309918
49 57 101032
24 47 493093
6 35 574903
57 35 140082
25 28 545331
40 13 907143
17 44 382957
6 49 794937
1 18 990544
38 49 660260
8 1 385871
39 26 689345
20 40 447995
16 36 712381
49 6 676059
21 22 383436
53 40 368019
49 32 56049
24 14 823233
40 6 812793
20 6 492160
6 47 658368
14 45 309609
18 32 285309
43 35 312418
22 3 725278
31 54 723181
53 14 277183
19 31 463387
16 7 220762
56 24 529682
42 2 244132
28 6 261296
44 52 735337
17 51 905647
2 5 261464
33 4 780693
60 52 629407
34 60 751264
12 14 905089
35 30 811922
54 18 955136
50 22 998478
5 1 511322
3 33 552368
35 20 382858
1 26 943817
28 31 292742
54 50 671982
28 60 481731
60 61 391143
60 16 801805
19 10 591500
51 51 211806
47 55 300911
58 51 42160
49 26 771764
47 14 362236
23 14 992684
26 23 158144
23 49 189585
30 26 662005
55 9 74712
50 49 471382
31 36 638923
25 29 907190
42 54 391916
53 37 355960
53 62 736680
9 49 233522
19 2 787733
45 48 642019
8 25 872863
22 23 827832
26 53 451511
18 6 690290
51 52 823288
10 47 128371
7 37 340123
62 57 397344
43 57 133024
15 38 882680
27 22 913580
39 5 749357
58 24 390933
37 51 459844
35 39 312396
1 42 355269
56 40 859578
37 17 411971
39 12 689214
7 24 934129
37 53 418204
56 19 940221
53 27 937370
27 8 503832
35 27 511513
62 52 967744
25 43 187550
57 13 7529
41 13 206203
10 9 641673
34 11 921261
12 56 815536
6 28 615271
48 8 425893
61 58 240806
34 46 26611
9 40 981153
25 32 977873
1 1 849198
60 39 361319
45 8 338711
7 61 570659
36 3 820623
29 57 511416
25 19 249082
33 27 177835
62 47 516844
8 51 57658
56 12 634363
60 3 130474
25 21 567795
14 49 91517
35 16 164563
11 5 125499
18 37 407041
31 3 962007
21 8 277195
27 5 536034
51 49 724061
48 56 487949
37 38 885618
60 32 945236
1 5 678932
50 8 503203
49 47 929928
3 11 473954
38 34 112758
45 10 971774
17 53 169035
28 44 42667
18 4 993746
35 34 732756
38 53 244522
54 40 260189
60 17 964972
24 54 585669
46 37 421003
31 49 852523
25 38 2028
46 46 329201
8 61 797711
54 54 692070
61 14 943318
28 10 576767
30 9 779086
41 17 458590
6 36 770861
24 42 496197
36 47 932015
1 29 838204
1 4 301601
36 7 192692
19 39 446202
48 31 212290
60 1 782641
11 16 576736
25 9 94672
3 53 69507
53 46 713601
55 55 114694
39 22 796345
54 5 530296
48 35 578311
21 28 449211
47 13 589962
52 61 357710
18 51 773089
32 2 401730
44 26 235166
1 14 661970
40 48 556323
27 12 63248
1 10 664850
34 39 842463
54 17 802432
30 52 329825
20 8 545893
48 45 732704
46 49 512193
41 9 227270
29 48 409573
9 39 202794
62 1 563991
30 14 739599
46 10 355423
6 43 676233
34 47 840466
61 35 226871
19 26 532616
53 38 50260
60 18 954677
21 20 387480
48 26 91112
29 37 891773
18 46 739444
47 21 299426
38 4 59787
25 6 235546
40 12 702485
18 53 745303
46 55 845561
57 42 718193
62 36 267128
54 47 233327
44 40 211489
24 18 431762
8 50 68030
25 34 918732
23 3 519713
47 58 542005
22 9 632234
37 61 505641
61 1 617757
7 62 410246
53 19 11742
20 13 688892
12 21 897168
4 31 643264
26 9 880151
35 55 799480
61 13 845056
16 53 297947
57 12 430032
24 5 18964
22 10 651105
49 27 264308
57 53 745347
55 49 651269
36 32 6425
50 40 242333
7 13 522023
37 35 88229
37 39 197048
44 22 451761
59 51 712135
3 23 686669
24 25 531745
40 30 486708
21 11 792826
38 29 117316
17 45 663054
48 40 981544
24 48 751655
16 19 520510
56 20 341823
44 19 388540
57 17 41804
29 21 196372
23 1 703347
1 21 741361
61 34 905859
16 9 931397
57 30 405468
53 17 93725
58 19 200386
60 38 498545
3 39 581443
29 30 814981
33 22 595546
56 60 534385
49 17 952790
7 26 336697
1 60 271334
6 14 36494
51 15 697009
9 35 514931
59 24 682724
47 40 232296
45 39 462324
4 36 233189
30 42 780623
16 12 803430
53 36 354008
18 7 731340
53 21 539049
49 3 108393
35 18 531599
60 36 74304
27 23 916347
50 15 165396
17 22 154618
17 3 571239
11 56 614469
57 10 853838
6 12 513528
19 32 260908
57 20 489348
13 46 500351
19 30 687919
49 2 259550
7 39 888735
46 20 743208
36 51 356904
57 27 108425
21 61 565264
10 12 547094
5 55 454583
39 38 749541
24 59 396353
17 11 386199
42 13 433447
24 49 379962
17 59 635240
49 54 712116
17 12 723645
44 43 265655
53 15 495004
25 48 883538
40 54 221547
40 53 312729
10 19 24442
30 25 486210
41 3 473983
5 29 275705
34 22 464644
60 34 44591
48 10 191080
62 19 813624
25 42 37073
33 61 991762
59 21 364734
32 27 320752
3 36 800726
49 31 175412
40 47 477624
33 43 22777
3 19 42817
13 57 885356
27 57 53545
28 33 40788
2 30 468798
4 1 402961
13 41 631745
21 59 454267
31 18 371429
62 29 217315
41 26 779808
9 18 418165
37 59 687354
43 10 302862
12 3 752540
50 18 916894
47 38 579012
30 40 456740
6 31 374407
25 56 26663
38 44 547884
41 8 254773
14 9 526507
44 21 733139
1 36 345354
8 8 14347
2 32 584021
20 48 654491
10 22 670245
40 19 228412
16 47 729070
23 21 511098
17 41 626098
14 30 151849
51 18 519997
23 39 652684
21 15 744660
48 17 266334
15 30 60225
39 62 101325
18 31 669212
4 38 837684
46 13 43278
43 37 770966
5 13 2812
51 38 358996
50 1 29207
10 7 573940
42 43 2334
47 51 416566
27 55 835167
30 46 793588
60 13 471448
14 53 611474
44 34 157493
23 53 981887
10 43 984615
61 52 438202
52 11 246598
55 20 721133
25 1 536538
18 57 678236
34 18 630045
33 51 459373
4 15 233952
43 36 778929
60 33 549832
41 32 758225
44 28 159924
37 29 739066
55 38 441976
20 23 69915
59 40 709676
12 43 989074
2 18 157138
15 43 768419
34 37 739322
4 33 959476
25 3 478967
38 54 350082
55 4 631687
52 27 585808
48 5 93187
12 31 119220
45 56 884276
20 46 768866
58 18 857497
10 13 83228
4 55 914949
5 31 718619
35 43 763531
33 7 653459
16 46 254615
36 18 181287
2 36 419802
35 35 286319
3 14 584331
62 31 108365
51 6 28556
6 34 457536
42 51 222598
44 33 732687
12 47 588188
27 54 254359
46 29 100619
41 45 467193
47 32 703757
33 35 98802
52 13 118762
39 39 844883
47 27 833271
25 4 432593
33 31 334225
7 11 126222
2 12 34661
45 54 866590
48 39 282009
8 32 668612
22 47 476098
58 53 100042
31 47 919915
52 36 633805
54 60 362922
16 62 19876
6 20 809696
51 44 53880
1 51 565588
59 53 620214
54 1 33348
23 16 846542
46 8 894543
27 45 269974
23 56 794181
26 44 545675
37 40 5882
5 34 156390
50 25 16591
25 37 187265
14 57 5258
53 10 220229
10 38 910325
10 49 967322
22 40 89647
29 19 171211
20 28 651102
13 58 131514
45 51 824383
6 56 692873
58 32 282704
50 33 210575
58 47 887984
15 26 43873
50 13 778767
50 43 411777
43 30 140516
34 1 140328
3 31 221866
7 15 862446
36 34 131599
42 50 327751
59 25 234121
58 42 108509
9 36 977153
59 31 843347
45 7 595952
59 44 588462
54 23 606454
2 58 35401
26 62 178574
50 26 134505
32 4 73681
5 6 841128
55 56 162447
1 58 604848
58 23 638181
40 24 830454
13 60 893971
12 57 801145
41 58 155161
22 31 420792
34 10 788727
35 11 897691
18 8 280940
51 40 881472
52 45 294372
1 45 322555
59 7 418170
8 29 369072
61 6 112662
11 47 433885
14 27 20566
1 46 581610
28 4 628055
41 42 711462
9 14 727687
58 43 78063
1 20 303864
53 28 508406
34 17 83899
13 25 358425
51 4 849775
39 50 747503
20 58 100088
32 34 931979
62 53 182632
43 9 908392
45 28 243478
52 39 643045
14 20 936606
23 44 931440
16 58 103465
30 5 864478
13 32 387610
6 54 924280
38 27 359741
6 30 236685
21 33 937946
26 16 168000
8 2 989229
46 52 10833
11 54 271210
7 12 657752
2 40 607296
50 44 444249
47 17 316731
31 26 755412
61 56 427615
8 62 610299
17 62 690714
35 32 160929
49 21 855851
35 60 314992
62 25 502120
16 40 636164
37 25 371797
3 60 724948
14 5 507196
41 53 42341
25 26 854630
1 24 25487
9 30 95231
60 30 870466
13 56 124872
10 37 596925
33 19 339433
17 31 306589
13 17 761182
52 22 954282
36 16 660745
13 42 563660
8 7 890387
40 3 35732
29 42 401240
54 44 312412
41 2 727305
58 62 151094
18 45 150502
45 13 632054
56 47 200995
7 44 925313
59 52 177379
38 40 824090
32 42 334773
51 14 407516
11 24 940628
47 62 204763
57 39 947397
40 31 492789
10 10 599026
44 16 924335
17 40 839767
15 3 229486
6 40 194785
12 2 615336
59 43 558331
29 17 897784
55 10 930688
59 17 194999
54 10 957504
33 13 987785
62 54 702062
13 13 753422
34 34 341461
44 44 835174
51 26 511224
28 36 243307
12 16 694839
44 53 255598
56 17 992904
62 59 819784
42 48 157915
29 55 717317
50 46 95817
21 7 443950
14 39 470163
58 40 733695
28 50 861700
55 24 748801
35 28 728271
42 10 419820
7 58 956488
5 36 359971
20 42 952297
2 51 944108
28 13 35840
20 22 163250
34 32 210504
9 55 1445
40 4 724775
52 6 35925
19 27 409212
15 46 604228
45 29 564478
48 23 619893
46 34 372649
23 6 717974
48 3 942833
10 51 604504
1 6 603232
33 17 244849
15 51 605315
37 43 67050
59 61 461727
51 62 392747
21 4 851903
28 25 369468
49 9 94722
33 3 628572
20 24 611533
38 58 800148
59 3 415867
52 21 965256
10 42 552912
18 10 280800
29 41 708941
17 8 285971
59 36 688795
59 39 795057
57 62 667284
25 10 615056
55 3 832448
39 33 75294
17 35 997915
14 13 42571
29 27 396693
10 5 124277
10 20 703036
5 17 646684
27 4 100955
36 9 810519
51 9 358347
15 5 724533
13 45 206135
4 62 267187
46 14 666582
33 24 491150
11 11 993491
10 41 897856
10 29 502257
29 15 587563
4 27 273271
60 11 274441
49 23 539845
26 12 870269
38 2 459221
33 45 841262
23 43 471651
49 14 512770
29 44 753207
46 56 783207
29 6 369127
49 36 177545
27 29 615004
42 57 50943
9 51 167809
13 40 760655
35 7 910850
62 8 872906
5 45 542539
33 57 825935
57 9 254764
54 55 521326
23 32 117016
17 17 428223
57 49 728848
28 19 992841
13 22 493529
21 36 625752
54 16 225039
27 16 339060
39 57 763738
20 44 659650
58 58 390030
46 4 831526
17 19 209667
53 48 894887
28 8 681374
20 7 744972
6 10 566173
28 14 534329
61 46 382092
48 55 892716
49 11 290832
50 30 821302
25 22 921724
61 59 923157
26 25 790547
42 29 668282
51 12 518107
3 18 674153
42 4 698048
36 12 480957
12 29 194271
55 44 76259
18 2 788119
19 15 876379
54 8 5178
53 16 165060
54 39 864823
13 2 491094
22 22 926041
57 58 892474
9 11 372122
44 30 266258
52 42 622551
24 21 295479
30 15 625513
28 22 485869
50 19 708903
46 12 61738
16 34 854231
38 33 2411
59 46 324394
45 32 4348
54 21 64770
51 45 102528
1 62 325322
12 32 863623
34 27 200659
37 20 804266
53 34 700390
36 14 906539
12 55 101291
8 58 608481
37 3 182675
15 17 470214
12 52 805739
56 7 17923
39 32 612266
12 33 55824
52 38 947986
49 16 16043
11 48 205018
53 29 158855
11 42 938416
44 17 95709
42 7 883609
33 34 683914
32 10 593687
12 5 976266
23 28 137916
47 12 437450
52 19 330524
23 2 836009
3 51 366374
24 41 855166
48 61 464966
60 59 380447
21 41 501623
19 51 922139
5 58 809861
18 21 613385
16 49 684287
5 61 382871
21 48 926662
21 35 767707
23 12 700203
52 20 448906
30 31 286538
58 46 572592
46 32 730748
53 31 522715
15 6 877468
10 14 609529
22 52 293982
62 9 175305
28 28 947681
43 34 386663
23 5 117378
15 39 680891
7 46 906245
8 42 72154
21 58 18917
33 5 938456
16 16 924571
61 40 339387
6 51 416987
42 30 771606
2 37 119435
3 47 822673
59 1 463576
6 17 795959
50 37 831963
29 50 839080
25 58 231670
13 39 78049
53 52 541139
31 57 897782
17 33 720996
47 1 738462
30 60 651969
10 30 219133
18 24 207385
37 41 875104
5 48 714147
14 34 670138
40 36 977697
46 60 785973
58 31 121365
42 24 924784
25 55 913212
45 21 314092
20 12 506802
9 57 804804
43 4 211707
11 45 852950
37 23 475305
36 4 728518
32 25 40698
14 55 524028
12 27 220350
9 37 620222
44 36 521179
53 61 466545
2 14 29402
23 37 209303
27 56 847738
2 47 993448
62 42 448015
57 14 346347
10 8 761545
35 19 407929
23 30 891504
26 48 580871
10 40 732117
5 41 844854
59 50 323154
47 46 396077
34 48 381808
61 36 567633
46 38 542215
30 33 12986
30 3 157714
19 35 145366
47 19 712063
1 33 381374
56 62 167530
33 29 578751
22 57 498865
25 7 253297
14 62 558540
25 12 306245
56 43 301609
45 59 88963
3 7 380594
43 38 763218
55 40 262620
42 1 334833
48 25 808625
43 62 194653
20 56 776581
32 22 439904
23 23 318668
35 13 518406
46 58 938588
8 28 522691
55 48 864445
54 49 762973
60 25 298196
58 3 898080
53 1 741468
17 55 373847
25 50 296808
29 51 474053
37 10 445136
54 43 572128
7 18 323523
49 56 182020
9 58 657179
1 28 48987
2 8 305219
37 32 45073
57 41 222160
1 32 121909
59 55 942442
41 18 784614
17 24 737706
36 38 931083
54 62 281335
11 38 997365
44 2 26615
33 41 928161
19 7 766083
42 28 504674
30 12 95856
42 58 830807
57 24 175618
61 21 236513
26 47 125542
61 4 532567
28 16 754154
61 5 47524
19 55 109310
23 15 393549
55 41 26479
41 62 576091
15 28 416579
59 60 755208
8 47 190355
58 54 184570
37 21 696884
2 38 881976
51 30 366856
45 19 806711
3 25 99086
17 42 530456
6 4 392623
4 21 843647
13 53 284527
40 1 841643
21 45 802645
24 58 351403
26 2 222498
62 45 274491
27 38 642476
25 25 993673
61 53 58709
40 22 669561
52 33 870953
31 37 429188
54 52 232095
35 8 306349
39 60 752233
8 52 220187
38 57 39203
40 46 466861
47 9 470975
24 13 286945
8 31 60707
60 5 968358
36 24 622293
51 32 61778
18 62 749600
26 55 902210
15 56 124925
62 28 112824
47 43 878359
34 31 185112
17 5 934065
21 37 338383
43 13 5670
50 11 782270
24 51 800458
28 35 113290
38 10 670602
19 21 522443
44 59 286961
6 23 816785
5 59 422274
13 16 630494
30 30 308974
49 18 470494
19 61 959570
35 38 401482
38 22 235530
62 38 707906
36 48 649758
48 16 892676
7 41 992165
36 40 830149
13 7 527913
35 21 643992
49 58 729753
19 14 996118
33 11 929617
59 10 542575
43 27 889105
62 43 820520
36 6 740477
6 42 840270
24 31 914253
28 20 171608
13 12 112103
10 53 35788
61 12 457501
56 52 751149
62 56 131051
61 19 619967
46 6 580772
20 11 951869
10 56 276077
22 18 60579
44 35 936666
27 32 763290
24 29 684853
13 37 985233
47 25 14151
5 27 26397
22 4 783531
32 52 370287
20 57 907545
20 39 545583
31 59 422224
13 10 999830
25 39 169274
45 18 497907
35 58 478747
24 53 360055
30 21 619990
15 1 285496
7 48 955091
37 34 218456
37 33 706655
62 58 502893
30 44 117833
41 43 116597
17 29 292898
36 52 788179
52 48 253624
31 33 388237
15 7 115637
50 48 253672
56 36 742461
7 9 115875
14 24 442134
5 30 229051
13 8 269041
14 36 177056
2 61 905413
42 34 710400
13 15 264525
13 47 616341
4 42 680342
18 14 211756
3 57 736134
44 56 822556
31 15 941024
31 56 527007
11 59 853753
51 29 542702
38 28 385723
12 61 248047
56 30 674555
43 18 242909
54 9 182411
29 56 219337
22 58 66930
2 13 8225
51 58 944344
22 16 62296
1 44 931415
59 49 427332
25 31 314398
54 30 933567
48 50 599165
59 35 55601
52 56 965628
26 43 344916
32 37 330491
33 42 310275
1 22 949906
2 26 193153
43 33 399496
35 2 970248
33 15 829772
17 25 458276
22 11 55721
32 17 474098
37 44 702037
41 21 575994
61 17 193650
47 3 847350
24 40 402101
47 5 755315
36 35 85845
23 57 487158
14 19 299731
31 4 96058
38 46 119360
41 35 44483
11 23 824125
57 22 789681
21 19 425400
40 26 292244
47 36 554320
61 24 216456
28 39 446087
52 4 93943
33 55 62226
48 29 332456
25 13 667635
13 26 481994
50 14 122119
42 26 328161
34 9 457440
24 8 317973
39 25 384819
34 3 538266
28 61 4031
41 39 510448
19 41 957888
1 59 304688
59 33 801572
52 54 232740
56 5 176425
8 22 919270
11 10 423971
25 11 678942
54 56 950312
10 60 953003
12 62 607571
19 29 844894
59 62 854531
38 36 988433
9 43 719586
40 27 827470
21 1 633858
56 10 993403
9 48 908194
12 39 599406
42 31 32428
51 13 268341
38 45 120698
4 37 119090
1 13 895598
24 35 234895
18 43 959018
32 41 604250
12 20 331350
15 37 235125
9 42 455230
50 29 397097
36 50 715417
21 9 389606
6 3 820750
10 61 630497
22 33 111090
18 59 945174
9 50 564302
13 4 314384
32 16 371168
53 57 378556
28 18 435969
5 32 292363
20 10 855489
21 34 172096
55 53 572450
55 34 281821
43 28 158589
21 42 890268
53 43 77846
54 61 572809
49 59 485664
14 37 882826
18 1 656790
3 38 368755
13 36 128187
26 38 956678
30 48 754461
54 11 623292
27 17 943632
45 9 699449
11 41 993743
38 31 500648
32 7 356127
35 62 638692
2 50 720148
25 35 363377
26 19 489016
29 45 483357
25 46 878805
36 23 109045
56 58 117385
52 12 15375
43 5 107621
2 31 191708
42 18 15640
5 54 821731
61 50 860889
19 13 468750
37 48 807551
27 53 571728
7 57 797266
26 51 46866
11 15 362873
2 3 923766
15 52 668353
35 40 544745
1 17 475327
57 21 687443
16 48 528256
2 39 487990
34 35 717737
47 47 485638
52 23 65212
49 33 145662
35 6 158448
57 56 90899
27 46 468889
59 5 900278
36 26 173480
13 9 308850
20 3 826096
10 39 259841
26 60 943547
36 28 922459
52 53 801181
59 41 802286
29 36 954914
15 27 891929
40 55 11012
34 30 9046
61 3 509710
9 53 685400
8 53 983148
34 42 929244
53 30 787390
27 58 938810
15 35 24681
56 31 492715
4 35 427546
13 24 802197
34 45 468980
21 2 205005
46 1 537821
40 60 31099
11 7 475247
57 59 581934
22 29 721805
59 4 680104
35 25 814827
38 56 609860
43 43 697422
9 22 237946
39 3 977087
2 10 28306
26 49 197866
27 47 749715
43 3 647169
26 39 637867
49 49 308286
36 61 259419
13 33 286695
5 19 222609
5 49 139319
19 43 797765
47 11 789316
37 2 484276
6 50 441773
42 45 721516
61 41 845605
20 18 997466
8 30 414019
2 16 611445
61 61 964325
57 29 116840
28 26 494892
46 33 611383
27 44 230394
57 16 659678
31 9 83458
53 53 615031
54 34 785013
59 12 19549
16 39 216651
60 29 734587
56 49 404161
6 41 751522
48 48 331135
50 56 500644
43 51 789093
7 42 929358
41 22 700859
18 30 258663
34 56 105328
17 7 476108
40 57 745249
23 31 66387
36 39 20705
49 20 154045
59 18 35102
59 19 215707
22 25 736918
43 60 630599
21 39 282710
39 51 757467
51 31 178417
38 50 104775
22 55 784370
36 27 593480
40 33 353828
39 28 488591
35 50 478170
41 14 14736
58 56 671740
38 30 69972
59 13 746130
1 15 270327
29 3 159427
8 10 732783
5 26 20028
16 14 619252
42 23 341020
44 48 995222
4 26 557843
31 13 436655
61 33 146910
51 39 639748
59 34 865858
45 24 530396
27 1 227609
42 44 979174
40 35 553655
14 2 731265
32 23 536457
17 14 29976
50 27 424826
31 10 527528
12 22 272847
34 8 295745
12 23 652952
1 16 235945
3 37 697039
22 59 412094
4 5 785887
1 39 882848
33 14 339816
60 58 127459
54 14 268042
4 46 969745
34 55 937322
52 5 401951
9 56 752677
3 58 79500
21 6 861671
16 6 286827
4 45 458405
14 35 420284
33 58 668254
37 57 680306
52 14 54129
23 10 56430
8 48 569379
57 8 950480
17 16 773471
22 6 27688
35 4 372553
42 33 746682
22 45 284168
27 43 516366
6 46 295340
15 59 920550
38 14 663368
46 24 668842
57 25 167343
25 59 434621
21 25 301181
22 41 570808
22 56 215413
28 58 232882
18 3 682740
19 56 104158
51 46 494223
1 43 101046
38 18 565390
27 30 991319
30 22 991488
58 57 534476
21 43 272715
42 12 529659
45 57 997482
42 39 292981
15 47 418131
32 19 933047
5 2 417220
8 5 975429
21 23 233027
25 40 40439
51 3 223324
55 37 663101
5 5 834640
34 49 280583
23 27 970526
35 15 352545
36 5 577499
36 58 713058
24 33 214449
45 3 346417
7 5 264202
16 44 285804
6 59 95108
62 7 59272
26 17 122387
26 61 40067
34 29 534075
16 32 465492
13 51 23573
43 19 120272
48 14 473603
62 35 618836
43 25 202370
58 37 414588
8 55 277478
52 28 507668
56 34 37695
32 39 850513
3 44 289536
8 19 779381
60 46 36303
44 54 662899
45 55 401359
2 7 624436
5 24 90289
29 43 971411
55 12 912497
36 10 878333
55 19 557357
60 45 141668
45 61 684650
35 37 557604
32 29 378277
24 3 176440
48 43 884383
58 9 312801
41 60 64905
62 20 522002
11 40 309396
40 44 895199
20 4 482787
10 48 407115
14 16 184769
22 2 483587
7 36 449229
41 4 392261
55 60 204671
34 53 600026
43 53 560641
32 15 308584
6 52 180350
16 11 466292
12 8 517767
44 31 516851
14 59 26123
43 17 629265
47 10 95542
28 5 661535
60 9 295410
28 55 972223
49 30 205138
50 3 86130
22 39 894260
38 24 516769
4 12 886920
62 49 634151
14 21 894942
25 53 568407
7 34 24933
37 28 909952
34 26 16393
17 56 32585
41 56 402978
17 37 209014
60 23 499166
41 6 402417
27 40 184559
2 6 756740
29 14 127477
49 41 336804
35 9 729691
49 12 892112
16 35 871248
1 12 126860
4 54 475257
14 54 483611
8 36 25747
7 21 262463
40 41 307605
8 18 46503
53 44 303946
30 6 453593
47 2 736631
11 39 433248
51 43 23961
50 38 931461
6 9 108800
46 19 201242
24 62 667157
21 52 426032
52 9 304891
48 58 844987
22 37 846615
56 16 532787
23 52 705853
55 22 484791
58 6 845215
14 56 885952
15 13 964223
44 32 80292
23 58 574635
14 58 12884
51 27 115732
33 59 871275
34 4 698202
62 15 722594
2 53 347271
8 49 557699
23 17 386752
47 39 326592
39 40 558234
51 2 50618
51 42 951933
52 52 944316
35 57 249827
56 33 393197
36 20 651032
14 51 109911
10 34 631391
58 15 508889
25 54 249784
11 58 411764
62 10 716246
57 26 558770
20 2 23149
28 47 996581
57 34 970250
42 6 297092
34 52 121709
6 44 288497
38 61 823168
61 16 945975
45 26 724748
62 60 762912
42 21 513836
44 55 443416
4 48 785347
43 52 574168
13 48 879647
45 6 994548
2 42 22626
61 43 925516
31 23 417214
9 29 780359
15 9 15476
3 48 767783
25 36 769566
9 62 214725
14 32 909781
33 10 705163
23 7 399488
18 56 888593
11 43 642644
20 26 377962
4 60 83269
55 62 40681
58 4 499810
48 38 753266
50 35 999837
4 17 610666
15 44 907211
46 22 121221
13 61 428354
56 55 59769
30 32 423244
24 50 113268
26 41 319887
18 40 728746
35 3 969178
3 24 994115
14 48 52680
50 53 819066
56 21 268129
5 62 494342
29 25 99040
15 33 12061
53 5 917882
20 20 109843
17 1 272967
42 53 392199
48 62 505522
49 44 887335
61 49 332971
57 40 506081
58 5 907924
53 26 466673
52 62 183225
16 45 474320
8 45 316115
4 23 402610
3 27 643640
60 54 484305
11 53 611211
53 59 272246
26 27 576951
21 17 299107
56 53 801100
36 45 723636
37 22 942366
20 15 661314
55 1 401258
9 27 249321
42 46 19288
4 49 793916
54 46 447068
31 20 858603
8 24 435450
10 18 348566
48 49 281098
58 20 433397
34 54 492797
14 6 307882
21 62 51011
33 23 378551
44 24 568153
3 32 658077
32 3 430791
37 16 658810
43 21 592981
45 34 195561
41 55 786035
52 1 717300
19 20 534447
28 54 579458
59 28 591766
29 10 225120
61 37 117749
59 27 834854
16 3 246274
9 1 98454
25 47 18176
60 21 419967
11 4 230758
6 32 228728
31 22 886355
28 37 5760
51 19 1434
44 37 462474
35 46 588094
5 23 549087
40 49 970054
45 36 781847
2 59 140083
42 3 682770
14 33 900606
25 17 429374
43 59 383568
42 47 624381
29 58 872929
14 46 676171
48 28 234179
59 14 457202
61 28 372100
61 18 724687
48 42 353664
10 1 151573
58 14 729123
29 18 439380
31 29 56092
22 7 918722
5 56 13336
25 23 724403
45 38 794130
47 20 756436
32 62 574020
54 15 652510
32 35 77079
53 9 542006
61 8 455809
10 62 544032
51 55 295976
18 41 722728
18 34 661984
5 18 116885
50 9 171322
6 19 245788
18 55 741742
30 50 718226
52 29 72551
27 9 734887
9 26 544508
36 41 379498
10 17 112039
52 7 954097
30 18 857598
26 18 306737
23 34 655838
8 15 862787
13 5 482545
27 13 622199
13 62 282479
17 6 342091
54 51 373232
58 8 730442
30 13 25375
54 20 451668
33 56 524833
4 53 387022
16 15 446966
29 7 891113
45 5 106543
46 42 180272
21 40 826193
33 47 835130
14 40 841409
27 34 116196
15 58 847786
7 60 8261
43 1 164683
50 7 101974
19 52 577691
7 6 863987
28 29 195806
50 17 817232
23 25 886838
22 19 428606
28 42 930319
51 20 480605
40 43 862493
23 33 89644
24 45 250400
27 15 282528
30 7 303410
3 42 729448
49 35 313305
4 8 637652
28 57 947668
49 45 831411
4 13 665350
40 59 747420
45 44 919440
13 38 5414
36 29 508427
34 5 80323
39 46 463423
33 50 790096
12 59 432708
8 34 857338
11 46 671226
29 39 496234
4 14 532273
13 19 353112
48 27 287199
27 35 12502
15 62 183166
8 12 586297
48 34 958044
22 13 577802
56 14 725288
31 28 562458
11 2 145112
59 2 908179
60 20 774259
35 41 61722
25 16 415532
37 62 517686
7 33 149074
36 59 346463
15 2 41316
34 58 953033
39 10 781288
49 10 815263
42 19 112813
46 31 281374
52 8 791827
49 46 343137
6 2 312664
26 22 420117
53 55 20384
22 26 376986
56 6 355085
53 22 645062
46 35 444161
49 24 540808
28 15 217230
43 22 635829
19 4 204968
51 34 14346
30 43 33151
57 19 586553
36 36 567288
46 62 835060
11 35 167719
35 12 363079
13 20 805299
37 19 765465
52 25 260634
1 30 389196
62 44 963122
2 41 989660
21 53 212499
32 47 836092
38 11 930366
31 52 23996
38 15 969506
2 24 403209
9 44 625181
39 4 909647
43 20 587806
31 27 564401
17 48 919007
27 49 108370
11 30 491317
47 4 607036
52 26 938011
23 36 393915
43 47 483043
57 47 410723
51 33 344963
19 44 445269
62 17 790608
1 38 828329
50 16 172131
7 54 878093
10 54 304622
29 24 806011
39 37 525266
60 24 442524
4 59 768200
32 61 625264
48 13 964809
3 6 716882
21 13 57109
8 46 366105
6 60 605314
5 8 714017
31 31 804446
41 50 322978
2 1 616256
40 51 963148
27 31 378721
19 34 478771
55 61 253225
17 23 220627
28 2 256024
1 27 640856
21 27 147097
12 46 558643
38 47 920189
58 38 937909
40 21 823523
23 22 930471
35 24 592177
21 56 270107
12 4 357856
47 50 227076
8 6 91200
33 33 103336
42 5 138155
55 6 320679
7 53 778711
18 11 83402
33 6 27044
48 51 423586
41 47 662667
45 42 859915
6 57 504013
14 23 843751
39 45 309477
40 38 790079
57 28 601996
57 50 939803
20 35 428992
29 22 115328
30 58 611261
47 42 424986
23 54 113296
31 55 636393
58 41 162187
42 49 901957
28 45 440682
56 44 59669
42 56 178806
1 23 125900
19 42 174572
32 6 426677
25 61 393360
34 28 937788
12 36 4627
31 41 25696
35 17 529691
56 9 870577
60 37 392392
12 6 825905
10 46 448281
18 60 623306
62 24 392621
31 7 380302
16 24 706249
54 45 969703
22 32 269150
37 49 214310
1 50 938939
43 44 203359
7 40 682721
7 2 449709
4 11 864113
11 9 451257
32 54 534337
32 32 826078
8 56 35449
45 41 571496
5 44 745853
35 59 516747
29 34 868004
2 62 676903
55 52 357259
1 49 998785
20 62 54190
61 44 578519
58 45 411293
56 4 554895
21 31 658997
48 47 238600
24 7 676901
52 32 201244
8 11 458750
40 11 42866
39 43 995018
44 18 405971
26 59 542434
41 54 41165
12 60 419117
52 31 405964
1 61 667393
44 15 635263
32 28 749108
21 21 832958
2 9 133451
49 7 839287
1 31 768008
56 25 920305
27 6 123516
31 32 106080
44 7 70593
50 24 662300
44 14 901145
49 42 491760
18 33 632012
10 23 152032
16 2 109528
5 42 373992
56 8 894297
20 19 407023
53 50 218773
56 3 773095
36 44 580643
62 32 249328
49 8 240440
3 41 747938
6 45 996353
49 22 401904
24 4 507609
37 45 618389
33 40 148723
12 18 375280
29 60 663107
11 44 10393
44 27 801358
15 10 64522
25 2 179287
60 60 918967
59 32 147960
41 1 800223
57 33 797045
17 10 172856
46 48 754642
48 57 501246
51 56 638327
16 29 706623
48 18 85295
32 48 642990
22 49 872154
18 5 156264
32 44 601934
19 11 147293
47 31 55999
55 59 558221
32 36 909750
3 5 393552
49 39 776807
6 13 153132
44 6 521858
9 38 502743
45 58 927732
4 30 824880
7 31 742106
47 34 237243
23 20 964135
56 27 114001
61 9 394175
51 28 215104
48 6 629967
3 21 420190
57 3 467134
32 18 870024
52 55 405264
33 49 450814
18 23 588464
15 12 443646
32 8 751276
51 23 248859
50 41 194054
60 6 101602
44 12 908447
50 51 575899
23 48 164628
46 3 30754
39 9 378551
58 28 427755
36 60 974361
20 27 596092
7 52 329251
4 61 630984
40 16 350673
36 49 49941
59 29 908020
49 28 284755
59 15 437419
52 59 259718
19 28 561356
33 62 86197
45 50 110315
41 16 985967
2 29 232578
37 55 504542
26 57 462039
39 11 979405
25 30 384010
61 25 415331
21 47 101612
35 5 419532
62 62 816929
49 38 538602
36 30 808349
56 54 574489
42 35 758983
51 24 75796
29 26 94869
6 58 637355
11 55 221225
41 46 674020
45 47 961309
9 31 345395
48 54 777419
44 57 842793
49 48 169374
33 44 783673
15 32 491045
45 15 843303
31 46 154531
24 43 758098
44 62 646972
53 39 952368
45 12 229508
5 22 915722
5 50 990596
17 32 585029
56 28 71031
44 10 392552
49 55 824226
40 8 677130
5 43 566020
47 54 475308
32 30 984115
17 50 634808
5 15 340903
37 30 849586
33 8 78358
3 15 4238
19 8 461327
52 57 157643
38 41 399798
15 41 708803
46 5 602471
37 50 84699
10 32 84972
39 53 721179
12 1 921378
1 47 802957
15 29 91883
12 25 81486
18 58 410563
18 22 59279
58 29 732051
49 51 650643
43 15 929920
54 25 199419
39 17 566333
42 41 603368
36 19 92727
2 46 478508
24 9 956551
53 23 43744
52 2 205551
60 40 742226
58 52 536122
9 41 54897
15 61 870182
19 57 924394
24 61 799331
27 21 158741
16 55 536159
29 53 450870
11 6 111109
57 15 141131
40 9 660543
62 4 715211
40 40 179247
8 26 603515
55 28 190099
61 20 203058
17 38 335730
55 11 354937
41 5 838019
30 2 395448
45 17 944919
34 62 339613
41 7 60307
43 45 903143
53 45 134477
38 1 368196
15 53 662969
61 60 63391
45 46 205048
47 53 841221
40 29 876897
50 50 398742
30 59 62109
30 8 512512
16 18 387504
20 9 722103
50 5 846780
4 7 251254
55 42 704499
21 46 722096
39 24 421145
27 62 192076
29 35 629166
52 17 388334
1 53 430458
20 41 907196
3 59 86051
62 51 484472
40 32 397812
4 44 286803
7 59 830440
50 62 131418
47 57 561572
51 54 946779
32 11 682212
17 57 435963
17 36 764990
58 59 331798
43 16 385333
31 19 523648
4 52 79914
5 57 952251
58 44 442324
48 36 689965
32 53 179257
57 5 522164
62 13 435777
24 2 917682
8 3 928205
15 60 583123
53 47 757998
28 34 861352
28 24 245150
24 28 463296
3 16 361696
31 58 710826
38 6 89077
11 60 752309
42 36 862723
18 12 71198
22 17 609625
36 13 722347
59 9 635546
59 23 800901
37 4 868990
31 12 226485
58 1 271707
56 13 973589
51 8 542965
61 31 802663
9 28 605696
22 50 902460
19 18 534484
46 28 870734
26 1 520125
4 29 304723
10 55 378148
58 13 345781
8 14 621270
14 61 500041
19 37 158192
53 13 159589
58 35 323461
4 24 522628
57 7 633494
5 35 519534
4 28 516105
43 46 927207
59 11 920464
53 60 825871
42 62 266188
5 37 229739
32 9 566238
5 33 847641
43 31 345462
28 62 793848
8 4 721146
11 26 49918
48 30 403784
18 50 687525
21 49 820295
53 12 509158
20 53 584779
19 48 470608
44 20 537885
60 41 853956
55 23 516391
21 5 680102
12 17 35640
26 31 738503
37 24 641831
42 52 971629
32 1 258714
53 8 284908
60 44 351816
25 52 815748
21 55 36128
28 38 581471
3 9 345059
37 31 329589
28 32 208249
41 28 965565
27 42 522318
45 35 581022
4 32 65096
11 17 223221
16 10 732616
61 26 355326
54 24 708429
8 40 762155
25 20 190817
27 7 245486
19 58 776742
44 45 840675
46 27 637167
18 39 985405
53 49 560317
16 26 328917
45 52 617069
24 10 255481
27 33 694639
14 52 213396
20 49 513930
22 36 273890
22 42 407831
25 8 429284
4 6 356531
42 42 335552
5 46 683553
14 8 412642
7 8 556563
16 31 530680
5 4 433872
37 36 191025
29 23 114059
38 60 932467
2 55 247961
14 4 675493
18 27 811649
37 26 372632
60 19 981231
38 52 563002
59 8 225266
26 3 357187
16 56 227384
30 56 802732
30 41 401436
13 49 650737
38 3 648105
47 56 220859
36 57 733496
57 57 516393
46 23 966460
58 10 387630
47 23 643119
39 35 921520
27 41 50890
35 1 781368
16 54 601579
24 30 390185
57 44 568228
53 35 268454
48 33 259842
7 23 97324
7 22 851502
57 31 595508
15 8 963494
57 61 299566
51 61 126622
12 54 895971
17 28 847199
31 44 436241
52 37 453027
41 11 214884
39 23 294789
18 36 107661
60 57 934246
29 38 57109
33 36 682439
30 24 516045
5 3 859630
60 7 76538
45 14 934874
43 42 299961
28 48 17198
60 12 697554
50 32 815761
27 25 345225
46 18 598671
36 2 557762
12 34 44162
2 17 436001
7 3 561685
34 23 143192
49 53 724556
47 28 378661
58 25 546638
50 47 550851
25 33 683510
11 61 883404
21 38 639328
55 18 522092
41 38 729342
8 41 540956
31 5 249838
60 4 649427
59 45 74339
30 16 777211
31 45 435295
26 56 579013
46 59 451799
7 14 712105
12 58 230962
57 11 324161
22 24 402104
43 2 139564
50 61 113531
38 23 631189
56 59 462107
43 48 638257
16 28 295728
56 48 406597
45 4 562519
18 26 576163
40 20 936926
4 40 147612
38 26 577647
3 13 474975
33 18 380124
6 62 953750
22 61 906433
60 62 581511
39 8 884911
9 54 478206
10 44 406255
26 20 693414
38 5 21954
58 49 483427
6 11 627933
39 49 18478
