25
13 15 22 36 43 56 0
4 8 14 32 48 66 78 94 110 129 0
9 16 33 36 53 68 82 85 0
11 19 31 39 41 58 66 76 87 96 99 116 119 126 0
14 29 47 60 73 0
9 23 39 52 57 67 72 90 93 101 110 123 0
6 10 27 45 62 69 73 0
13 17 29 36 41 54 64 76 86 90 0
20 38 56 68 80 96 106 117 121 0
19 31 35 42 58 75 90 101 0
13 28 36 45 56 63 71 79 0
3 5 19 26 42 55 59 77 93 105 109 125 140 150 153 0
8 15 33 52 58 71 86 101 104 111 126 129 0
14 23 26 31 41 44 59 68 87 106 0
3 21 33 38 54 73 92 104 0
16 35 52 60 67 75 88 103 0
7 20 25 28 0
5 11 14 29 34 46 58 69 79 97 101 111 120 131 137 0
19 22 41 43 45 55 71 73 77 81 96 103 0
12 27 33 40 42 57 74 82 90 100 0
11 21 37 39 49 64 83 92 104 112 122 125 140 0
19 38 52 62 71 76 85 88 94 109 126 138 0
12 24 36 51 60 0
14 22 30 42 0
