199
-175 -10 195
-95 -125 390
-110 25 310
-105 -170 360
-145 -60 205
-340 -75 315
-305 -10 275
-245 -5 230
-175 5 390
-295 -40 230
-235 -90 205
-290 -225 310
-130 -5 360
-105 -45 260
-95 -190 275
-105 -30 345
-240 -5 355
-90 -15 365
-295 -155 260
-285 -165 410
-245 -195 370
-225 -115 160
-235 -195 290
-135 10 385
-190 -65 205
-210 -225 210
-130 -5 255
-290 -125 405
-130 -160 395
-160 -5 245
-75 -190 310
-325 -10 310
-135 -210 215
-290 -90 425
-295 -160 370
-130 -145 205
-270 -195 360
-160 -195 355
-295 -65 290
-175 -190 405
-225 -240 315
-225 -10 405
-265 -185 190
-190 25 210
-225 -205 390
-200 -100 250
-235 -5 310
-60 -125 315
-75 -90 390
-210 25 390
-160 -45 395
-155 -170 395
-190 -5 335
-175 -240 285
-255 -5 260
-270 -55 205
-145 -140 395
-260 -195 230
-130 -195 345
-110 -205 325
-115 10 235
-90 -185 235
-325 -110 390
-305 -75 390
-310 -15 235
-75 -10 290
-165 -110 205
-250 -100 300
-190 -135 395
-115 -35 410
-265 -15 410
-290 5 325
-225 40 285
-270 -145 395
-310 -35 385
-260 -170 395
-155 -30 205
-185 -240 325
-190 -10 425
-295 -30 360
-210 -5 265
-270 -195 255
-175 -205 210
-255 -60 395
-295 -30 255
-175 -85 160
-60 -115 275
-270 -5 345
-270 -40 395
-295 -60 245
-255 -140 205
-200 -100 350
-190 -195 265
-215 -240 275
-175 40 315
-255 -195 340
-295 -135 310
-140 -5 230
-305 -190 325
-115 -165 190
-185 -75 440
-295 -170 240
-200 -100 300
-90 -35 215
-225 -190 195
-265 -210 385
-105 -90 265
-105 -135 290
-140 -30 395
-95 -75 210
-105 -110 335
-130 -55 395
-210 -190 425
-105 -65 310
-105 -60 355
-240 -45 205
-285 -35 190
-165 -5 290
-245 -170 205
-295 -140 355
-210 -65 395
-295 -110 265
-175 -115 440
-225 -85 440
-305 -125 210
-105 -160 230
-270 -5 240
-290 -75 195
-150 -100 300
-110 5 275
-325 -190 290
-145 -5 340
-105 -170 255
-215 40 325
-105 -30 240
-260 -30 205
-265 10 215
-290 -110 175
-295 -45 340
-130 -195 240
-295 -55 370
-60 -75 285
-105 -40 370
-190 -190 175
-200 -150 300
-325 -90 210
-160 -155 205
-110 -75 405
-140 -170 205
-240 -155 395
-215 -75 160
-165 -90 395
-110 -110 425
-210 -195 335
-95 -10 325
-190 -225 390
-75 -110 210
-200 -50 300
-140 -195 370
-215 -125 440
-225 5 210
-340 -125 285
-155 -5 370
-340 -85 275
-210 -10 175
-135 -15 190
-155 -195 230
-130 -40 205
-110 -90 175
-295 -90 335
-295 -170 345
-210 -135 205
-105 -140 245
-235 -110 395
-270 -160 205
-340 -115 325
-185 -125 160
-310 -185 365
-285 10 365
-135 -185 410
-290 -205 275
-105 -145 370
-185 40 275
-115 -210 365
-110 -225 290
-310 -165 215
-90 -165 385
-145 -195 260
-245 -30 395
-285 -210 235
-60 -85 325
-105 -155 340
-165 -195 310
-295 -145 230
-290 25 290
-110 -125 195
-105 -55 230
-260 -5 370
-240 -195 245
1 166
1 25
2 187
2 111
3 16
3 24
4 193
5 46
5 197
6 170
7 65
7 39
8 116
8 165
9 24
9 53
10 11
11 128
11 151
12 171
12 106
13 114
14 129
14 27
15 62
15 108
16 132
17 158
17 189
18 49
18 155
19 68
19 82
20 113
20 28
21 150
21 113
22 172
23 181
23 102
23 94
25 98
25 86
26 119
26 190
27 66
28 174
29 111
30 158
30 77
31 59
31 187
32 88
32 75
33 185
33 83
34 141
34 71
35 174
36 173
36 157
37 97
38 145
38 52
39 127
39 164
40 180
40 69
41 154
42 71
42 121
43 138
43 105
44 77
44 61
45 106
45 154
46 103
46 147
46 91
46 116
47 72
47 80
47 134
48 111
49 112
50 189
50 179
51 92
51 163
52 156
53 109
53 95
54 93
55 158
55 85
56 90
56 146
57 92
57 182
58 172
59 192
60 184
60 193
61 130
62 157
63 74
63 178
64 75
64 170
65 146
66 104
67 196
67 126
67 177
68 103
68 120
68 139
68 90
69 159
69 123
70 79
70 148
72 179
73 81
74 120
76 154
78 193
79 163
81 161
81 136
82 131
83 93
84 92
84 141
85 195
87 108
88 139
89 170
91 194
92 103
92 150
93 149
96 145
96 171
97 99
97 176
99 178
100 144
100 196
101 152
103 129
103 158
103 145
104 110
105 172
107 110
107 168
107 142
108 140
112 115
114 155
114 191
115 129
117 165
117 128
118 130
118 135
118 183
119 199
121 198
121 124
122 125
122 175
122 162
125 186
129 192
129 173
131 186
132 158
133 188
133 185
137 195
137 161
138 194
143 152
144 167
145 199
145 188
147 167
148 152
153 182
153 180
156 184
160 174
166 169
169 197
181 190
125 24 -44
104 93 -5
44 51 67
35 -54 19
41 45 -74
-4 36 85
134 39 25
17 6 -47
134 15 19
-4 -33 -5
11 96 -41
-13 -24 25
92 57 67
107 66 52
86 72 67
59 45 94
56 -24 -65
59 -54 25
20 30 10
116 -9 61
107 57 -32
74 -3 -47
17 87 -14
-4 24 -65
89 -21 76
35 21 -74
-16 -9 -41
44 -27 31
35 -24 -53
-25 24 64
101 69 76
-7 9 16
14 -12 67
92 66 -47
-4 105 4
56 -45 64
86 -27 52
29 -27 4
26 -3 67
134 45 1
80 30 10
107 -3 34
65 39 -74
125 84 4
92 87 46
-1 96 49
23 -12 -47
125 36 64
59 15 -74
-7 66 -32
-7 51 4
29 24 67
116 81 49
8 87 -26
-1 69 -56
-7 -3 -14
8 66 67
23 -27 52
-7 63 34
116 69 -41
-34 39 -5
113 84 25
65 21 94
101 -36 49
-34 45 19
83 54 -47
71 24 -47
104 -45 4
59 114 -5
8 -27 -17
35 39 94
-16 81 -29
71 -27 16
50 60 10
113 45 -44
92 -27 -26
17 54 67
107 3 52
74 -27 43
50 30 40
92 87 -17
50 30 -20
107 72 37
41 15 94
-7 -6 52
83 87 34
-13 15 -44
26 87 43
-25 -24 4
-1 -36 -29
65 114 19
107 51 16
23 87 -32
86 -12 -47
113 15 64
-4 -45 16
-7 72 46
65 84 -53
-7 54 -23
-7 -12 -26
-16 69 61
11 -21 -56
-4 15 73
11 81 76
71 36 67
107 54 43
44 87 -11
14 -27 -32
104 15 -53
44 105 64
-34 15 1
8 3 67
17 -27 34
-7 24 -11
41 114 25
65 -24 73
23 72 67
104 105 16
116 -21 -29
107 24 31
44 9 -47
107 -12 -17
-25 36 -44
56 84 85
8 -27 46
-7 72 -17
14 87 52
77 -27 -32
8 57 -47
-7 3 -32
50 0 10
-7 6 43
50 30 10
65 -54 1
8 -6 -47
56 105 -44
125 -24 16
104 -33 25
26 63 -47
89 -36 -41
-16 -21 49
65 93 64
35 84 73
107 36 -11
104 45 73
107 72 -26
107 9 4
8 87 37
35 114 1
35 93 -44
77 -12 67
-7 57 52
41 -54 -5
56 87 31
107 -12 46
107 63 -14
56 -27 -11
92 -6 67
74 63 67
29 87 16
-7 36 31
-34 21 25
71 87 4
65 -33 -44
-13 84 -5
101 -9 -56
89 96 61
89 81 -56
77 72 -47
-25 84 16
26 -27 -23
74 87 -23
83 6 67
113 -24 -5
86 87 -32
-7 -12 37
107 6 -23
104 24 85
44 -45 -44
56 51 -47
-4 45 -53
29 36 -47
11 -36 61
92 -27 37
44 -24 85
-1 -9 76
56 9 67
107 -6 -32
83 -27 -14
35 -33 64
101 96 -29
134 21 -5
77 87 52
-4 93 25
14 72 -47
104 36 -65
44 84 -65
92 3 -47
-13 45 64
200 397
200 318
201 390
201 362
202 342
202 326
202 270
203 227
204 381
205 351
205 303
206 291
207 281
207 329
208 319
209 289
209 237
210 234
210 349
211 340
211 231
212 305
212 247
213 304
214 353
215 304
216 327
216 365
217 272
218 255
218 332
218 298
218 331
218 258
219 336
219 294
220 265
220 395
221 281
221 327
222 273
222 325
223 329
223 301
224 377
224 315
225 320
226 286
226 288
227 389
227 232
228 301
228 320
229 311
229 340
230 323
230 344
231 324
231 361
233 343
234 325
235 350
235 263
236 386
237 299
237 352
238 279
238 257
239 343
240 332
240 305
240 241
240 376
240 355
241 383
242 379
243 280
243 259
244 291
245 309
245 393
246 370
246 378
247 252
248 266
249 381
250 364
250 253
250 260
251 302
251 284
251 283
252 261
254 396
254 380
254 290
255 269
256 360
257 384
258 347
259 274
261 291
262 386
263 337
264 360
265 281
266 308
266 387
267 321
267 339
268 362
269 288
271 322
271 364
272 337
272 354
273 332
273 285
273 371
273 287
274 343
275 346
276 279
276 351
277 372
277 377
278 330
278 350
279 332
279 372
279 358
280 355
281 332
281 338
282 285
282 317
286 313
287 316
289 378
292 338
292 396
293 356
294 319
295 375
295 382
296 359
297 367
297 379
298 328
300 369
300 398
302 385
303 342
304 344
306 349
306 394
306 348
307 320
308 365
309 316
310 313
311 331
312 330
312 375
313 334
314 359
315 386
317 366
318 373
319 357
321 388
322 328
323 392
330 332
330 388
330 370
333 356
335 368
335 390
336 383
339 363
341 366
341 353
345 362
346 373
346 391
347 369
356 363
358 392
359 393
360 398
367 395
368 371
374 379
376 397
380 381
382 389
384 385
