1000
894968 444203 831826 298173
409395 892762 95157 70010
729035 404868 923353 296147
631144 319442 656164 101332
337691 899328 894609 414474
804287 474511 36005 35006
40434 812623 720307 391120
210584 195370 769234 148995
127811 57778 574598 24807
894797 67564 796175 36529
756918 354704 698316 307611
557161 696062 282836 171542
652088 871101 396196 187353
272003 18398 142451 11975
972592 259066 673219 100310
169475 202674 251532 71217
475298 964598 957303 32971
881508 329958 343615 265182
967560 152946 19847 2810
922357 667407 605576 339158
870058 708567 317453 242544
443902 668891 604278 485279
627944 221977 719819 128301
461496 210963 222442 127949
341480 11758 96461 7466
143615 770533 251823 110578
701775 124671 279817 5494
357309 996449 3213 2355
27327 330241 455795 65337
13156 846367 291090 173690
398173 411076 845794 278630
813705 521915 187050 28534
32745 652092 385329 359868
647791 720906 850490 295866
322684 509977 444641 259363
259579 186528 231523 81060
71572 379256 893155 116799
587854 607790 884475 93848
701416 534781 180887 148329
743055 372937 573838 255485
535849 206623 133105 61803
198038 834175 872266 323476
222115 216326 475262 132939
475299 634670 949062 26223
546145 771719 56971 12787
998471 6103 880348 5882
205482 937835 130761 24065
879793 419830 633482 301893
5680 535880 232613 173548
629468 866853 436017 271375
609910 956209 675347 294513
461103 926807 688671 118608
479404 413240 841945 294683
918589 360674 611025 12962
457092 657237 909197 29331
311166 544473 170617 3014
849133 636180 844903 404557
957923 641662 776556 180749
848914 786120 7749 6996
760478 292140 179110 49377
423141 777456 496900 29935
790377 212695 467981 11971
302064 585960 204274 130933
856534 737562 713728 288079
970525 315596 700355 132513
8865 763288 712945 699909
467462 562073 564887 451582
288867 28311 360113 8607
973235 83752 586514 24887
362858 279714 374770 155142
596960 476346 680117 33367
449755 516631 432453 335570
35510 416074 638097 89206
584289 835388 620291 286277
429046 566791 51963 21436
191804 513676 528706 313135
372505 217549 544978 79232
932691 292579 330801 165879
410275 811285 319666 25372
982948 817004 77015 49589
126172 386617 743276 75968
4811 591049 664166 133906
867632 534272 685858 116805
288882 18490 723880 3319
229111 304296 436463 285339
686015 445434 738945 196409
569349 595390 925663 324909
591682 92381 389119 9277
75380 17233 123655 2457
125978 809173 90308 40197
846415 688053 667175 435157
661668 852197 638235 277044
722543 575067 2244 2060
67070 718015 383265 152960
626427 299400 406412 122215
651677 207153 31516 24104
395521 548852 770643 228141
62478 951733 886565 586297
585609 424205 942823 173327
718646 746205 467320 357215
308999 688062 486937 288024
618254 328175 296858 219049
774881 602996 353626 124008
164737 81351 858744 74577
716819 131053 315567 42616
837558 151759 437435 75692
999601 743517 905067 620916
607769 133285 233434 39629
309010 6626 960234 6448
152388 12583 353015 8019
732073 322455 397018 302360
477131 236799 32046 31505
671903 754740 532512 231453
129079 875630 423665 400911
437860 721464 716664 701386
237635 698304 728580 1145
291855 540245 42410 36807
804888 501961 170417 107441
526583 172921 387307 53460
916937 230694 637987 10530
930656 752048 627971 425559
725791 742885 106754 54593
442372 738784 244507 233311
995741 752881 451830 237190
649288 661096 757724 393213
763113 662340 119891 81815
759037 601466 670515 172639
588659 659140 958464 248611
755330 617508 109014 55058
488326 31397 389818 17186
703345 275294 522317 31151
706792 476840 500521 54202
712214 502624 212211 183724
368472 627974 744490 17021
694153 421929 217959 196538
309452 896389 537650 507782
130237 478933 345647 152887
70097 85574 884688 54624
18934 945114 731191 595170
652320 567351 933805 543979
610994 882393 174085 34983
688718 335777 730277 78181
754993 227583 111243 73967
772622 285637 854079 199903
494181 825992 596690 465722
11275 49301 51031 17209
229942 274372 961757 95302
299804 910517 932661 662818
343674 705132 719115 376823
435447 58761 389703 915
690329 109860 731738 21017
562158 773260 767269 96847
158679 140398 528316 93746
336615 439069 241532 71946
818676 917479 440421 411738
736352 586995 962210 82389
729146 90797 962472 87729
574652 436662 994641 94149
438847 261133 826415 179046
287651 350980 650089 137356
395849 368286 494067 111188
894367 797419 914070 579748
681651 489221 383303 341713
801116 931662 609101 382620
831065 664234 284976 100515
636507 308186 677853 211785
686220 355412 547576 293994
829968 546176 923839 445961
652480 259627 537323 37370
346775 2955 57139 1223
197176 481594 18684 17347
169757 49373 118099 34571
324676 507728 889924 286090
344491 812672 718507 250696
757938 30580 460252 18839
51621 633984 201117 148147
667443 164126 719557 56741
303877 714285 681814 550566
615429 21690 128653 6113
222503 393210 661326 184829
558899 836137 725933 178307
281165 607071 630599 421276
891277 141088 991414 81189
896062 188454 386196 40347
87724 588301 137978 88416
377433 186526 697589 62623
567174 373011 87148 4337
430553 946770 989117 51476
474926 442884 527347 2933
732169 761996 630208 73633
376865 111313 708412 54517
141466 118161 761021 86949
107303 383563 142224 106353
857483 894489 170384 43242
206008 425998 231896 191788
627776 474027 865929 318369
221810 189912 420002 66821
187913 608406 672347 431874
502195 792968 83543 10242
130251 292621 686576 71507
556550 413939 112984 55750
736329 799782 141218 55317
782867 483116 800977 223194
242615 364304 948450 13387
778529 991206 145778 77081
876931 869830 420323 336747
493536 291413 76194 42781
593377 881280 531232 315922
89270 342735 303964 219473
458554 862418 413284 201462
628718 466439 824178 313973
327301 448279 406592 163784
87579 490543 927632 220157
411224 479391 756551 150075
549619 540314 792783 461838
329621 87422 373139 36270
103245 266428 77154 23779
288692 669355 782327 389993
486552 972326 252954 227412
362657 583917 675250 6083
677149 784893 211530 110628
524953 768863 594513 35615
446937 947320 689145 341705
790738 888538 834532 483310
412146 604551 535024 446390
879021 944263 997366 368931
146237 968239 773210 703594
220600 512367 414673 93203
836994 278193 487084 121700
388250 655278 90216 7386
841501 439415 678795 142
879621 557080 246795 232563
185170 794048 483087 378526
43333 905417 178029 1189
214869 592403 263335 80733
740537 170216 897994 155972
348160 89653 90527 23566
363722 645158 317358 216061
838674 417976 834942 122264
579962 948591 572105 41704
904611 770186 11573 6009
3472 988635 331118 107113
734871 106434 284536 72326
700485 589035 790441 234041
450489 521186 966248 249625
499988 1048 26150 276
999642 773063 229332 132338
608715 361386 937319 318903
409526 410408 156794 34219
950514 832955 241080 26406
839373 63847 19055 14648
852108 905557 279192 97071
139108 644597 141567 63508
573675 376320 60885 48373
105480 791033 961999 781451
184774 396160 951445 215637
34698 875606 919302 48068
243120 409194 881973 235429
737955 964993 791338 412989
425365 791297 987496 716367
239072 726928 591116 311493
644997 712846 966962 260681
503199 955857 5553 3403
214314 469210 990446 40538
995105 365308 635686 275809
776904 660455 209295 37408
483736 611195 176098 104976
611403 562126 577185 457830
839648 226817 525908 53787
633223 446421 385521 141783
220523 767477 4548 40
840518 997849 689172 549479
251550 778313 694772 345649
814444 247262 553085 131534
202061 306503 209430 152661
900763 316667 755847 255236
610309 681488 367245 176384
571766 307994 70510 61771
58899 36795 275240 32998
495584 435561 516079 290938
534660 295095 545027 119833
356205 690799 32716 18956
288920 885622 562583 261579
469452 801852 61769 38457
589123 830643 291680 116537
134623 519438 396517 168298
33952 585111 594020 445420
644838 611082 181440 71103
93975 424938 482903 169823
5405 674385 990692 268630
969232 961497 320003 239990
876564 146748 239800 135494
464462 180074 191083 170313
222617 462685 979497 234681
678652 180175 883820 128200
120794 689095 724321 127039
498700 640020 850128 255463
128598 208118 495574 21029
8678 117346 450256 18398
125553 227449 619841 17726
697545 87072 533387 86392
761631 845239 800379 405037
354803 593385 477612 253746
974925 166329 62039 23113
762023 157877 972097 148699
846467 320258 995866 186011
820183 582225 653585 475930
28206 572440 502125 170037
639662 7039 887219 6722
42117 537261 49734 1745
822906 580532 59529 46421
238557 785541 477017 266383
100320 312357 170453 115388
253084 896364 133431 109122
269521 385831 127348 45758
420245 269322 490619 245247
65914 32400 598822 27302
485693 517446 225303 123747
7196 77142 918130 57369
903284 512925 900578 331393
683587 893123 586471 236681
224027 413607 88971 4974
132036 37761 145952 20672
171969 903540 927089 880571
536287 696297 934694 362409
848222 614518 529334 282495
556552 488274 97373 77910
240710 672455 515036 336106
977028 939652 205277 12486
494213 301587 58684 28425
808300 993436 712664 230690
671670 81973 644753 78816
997750 402080 393838 225204
457022 207864 615824 106919
873657 720796 318903 168035
121215 236550 264397 220648
213362 253117 24711 20550
244088 147868 241245 64546
680476 430853 595853 316415
665103 107338 615754 23999
541258 155996 150780 60152
251365 335994 365209 37505
151690 544036 248343 87731
107076 85800 216995 71778
446673 704395 207132 27958
594220 3228 721975 2964
84753 347940 297435 73791
821121 708906 754672 434985
825190 549502 267807 63786
176338 837967 659568 460868
710620 690619 53486 22410
96057 294636 9482 5555
101704 991520 103791 64204
958325 209525 560116 64297
750405 812073 167570 140095
465640 868965 295848 15494
572875 98949 412874 25203
227270 553918 832652 421887
939885 389574 817015 90611
777712 431872 144319 36324
776092 728829 33198 15221
388822 54332 857637 43184
26368 915694 735818 182232
289333 678724 888597 401600
159989 796433 845769 166527
788765 739368 153646 32642
983638 276292 652718 37691
405618 900654 856365 9076
452522 890586 752513 403032
366645 985257 283966 214122
72156 796388 462284 336075
275960 135781 961731 127986
164909 983818 687859 533130
554655 381288 237073 55106
62427 447865 999005 249905
80434 317464 586040 295813
664138 524844 516353 445994
790696 826567 809187 130665
138694 452662 702201 257373
343594 992613 401255 370784
841169 201236 653749 174574
530261 318437 519552 48967
335516 823448 47420 38935
30662 744667 463416 252676
143148 833248 511997 91402
350850 621101 147923 103401
67466 740600 799487 251111
3890 287155 766471 153051
785699 42160 429152 29793
254541 870437 146010 810
357912 120278 808035 19827
189294 836241 340787 260420
164083 555566 552980 108441
539647 324308 994430 322911
175907 6999 846541 6280
460111 594170 140166 76244
695637 268980 52112 74
754272 847995 229608 98069
868096 314310 266338 42577
114146 487171 36996 32435
268049 320564 617482 11528
187016 136958 249062 109467
111304 7594 316948 5784
936819 674289 148969 21757
205933 705721 38219 33378
80182 358788 679950 152807
879716 528868 996139 378592
27445 92529 482320 8748
817119 468495 617537 227876
371881 211017 215348 83260
363970 942591 390551 293068
672471 202775 419199 155860
430900 139669 830794 59002
571522 192756 793122 22949
737274 359716 760756 75053
819061 218042 499425 212227
448947 11249 330699 1787
45390 274635 21974 4682
129818 726954 515340 434304
106014 339769 402520 313853
913540 462533 183789 128013
196467 450616 574718 251320
139450 518905 76497 40751
99156 488422 95012 44339
953504 527703 132122 56717
887674 675178 961069 417614
54132 931057 344413 35172
139447 307681 299025 143555
176721 87244 441197 51302
649318 681609 419402 84279
657952 618367 783784 549420
458298 489935 224979 164548
589191 148913 348548 121823
133356 481103 759807 72449
792521 684562 234242 200248
332946 389623 156686 134714
345245 713962 945382 712450
95551 592807 427617 260276
643381 768110 678390 449501
648364 187471 609775 175150
236077 197654 496400 169207
443590 462722 205310 40155
244590 555212 810747 112941
608977 429364 270177 110720
167947 947973 735872 426100
260722 755094 259748 74306
48925 104144 36532 17571
129851 555978 842003 8592
509998 67801 990012 29244
410203 635405 362509 196148
244662 266442 114637 23632
798846 696233 58390 37385
73145 16964 236225 13927
713406 856410 241410 190270
254487 883637 864023 145729
943269 132447 543572 2393
485886 942767 114365 54594
682879 834245 647011 427157
275500 642615 491703 120616
722221 41154 947750 17746
428011 166483 465091 164108
216418 848491 299760 260672
830145 968307 644027 154138
64792 206252 863785 181655
919241 255960 698651 207996
528951 935687 289436 262334
234072 719112 443003 368590
419507 943295 401584 116472
756865 861065 420175 361878
518503 637645 581181 137645
658810 678378 131842 15248
173884 842066 637671 614787
579935 599813 706312 555263
471498 722287 902636 397930
865693 173260 539467 120323
195873 17219 814233 4789
280262 292740 817205 174364
525659 100343 719302 80323
439355 790392 212425 72845
754140 802476 793121 153320
924476 771318 851306 80256
661618 28183 597740 17499
717930 602932 164849 154302
873887 552372 69167 58264
915205 434067 755370 427762
808715 932335 365995 259589
570430 831471 990571 345458
591507 412327 963636 20687
194465 711341 558638 424985
603974 62296 482554 8146
165099 605879 239814 34721
472825 125078 685080 36058
460401 397032 562847 116369
727576 247224 780965 192171
574010 553627 170437 120658
856597 433947 231346 154440
617754 223115 136463 2619
889278 286906 262823 230272
583421 373379 73589 23969
723185 764557 476676 426381
593445 800922 783515 688149
27179 347433 329097 27429
914335 709965 75087 12239
861601 990804 16789 14081
514877 830200 613825 366449
919353 190317 904301 180662
119147 58746 454835 8392
354240 616572 193431 183472
515030 261197 374249 58900
391004 693296 495814 58029
544276 795998 450310 203568
438181 822743 937670 573512
891030 721456 877395 157017
740895 341981 744854 39200
163658 242985 198305 157932
893370 506537 130322 90046
373890 950707 88736 7924
708287 187486 751837 87691
407821 866974 728163 376713
596379 895547 637580 631108
532181 619560 807863 174095
383531 409097 534687 266655
884995 400698 314669 80779
722169 347793 933074 63528
13625 565122 712356 327171
838830 303841 618804 283152
602416 457514 724967 232359
534791 723372 488278 283885
943002 889045 184016 130706
347316 361285 188986 95791
325003 882990 64289 26668
435602 257231 705875 32947
141558 334695 311609 61931
65051 202501 884938 13668
205149 985429 373789 184849
231664 859128 640107 203852
656860 520895 742995 246102
284145 534666 983488 224574
490083 132649 912537 70516
586597 396930 706014 91945
69284 894999 253722 183176
235804 286936 446702 187134
113766 899685 710686 428229
738909 677521 487625 26674
739626 40587 873685 5312
351631 646789 556338 50252
853745 956111 499577 154954
892193 859232 612498 173050
676331 407344 297326 235269
557607 738300 307632 271662
427611 655977 849435 44720
528922 306233 332352 145749
890851 163033 79666 39319
878836 767607 197510 171857
891800 113024 568158 92844
551918 585894 658730 524439
347196 493567 657094 415081
215343 503589 991865 296325
500694 934445 300016 184721
271508 617257 855564 99558
575892 370501 48075 8338
859242 815402 886479 148655
64009 644012 340036 277660
98046 771840 143198 132063
147756 946004 934245 868107
730698 965004 706722 302730
244901 3984 424644 2584
437936 272288 424986 69526
292788 341554 684068 314476
45626 54325 579214 29832
906776 571353 483071 447866
893035 376412 357084 306722
700981 406808 708739 108614
666234 330864 885450 316927
969210 627788 93247 87216
44806 245869 317876 203917
216852 298828 804028 116705
249180 414692 693745 233885
700078 14617 305430 12035
679370 279714 976839 76194
717331 133326 330889 100603
207747 790670 693641 229894
148642 110894 217864 28314
403030 27636 2364 838
588408 361774 589543 175773
530487 814188 436510 56227
392461 684135 78109 5644
126962 868139 482821 145175
578340 170349 132382 6949
425180 785206 35384 4283
287992 665824 760578 559490
661339 335207 46885 11498
192064 894565 235592 144848
6376 558366 758095 505088
677080 176637 321431 51491
608794 428885 349545 59441
2226 272297 309680 49051
457820 237244 274206 65760
331765 365113 162157 23413
526552 131800 607919 32228
630526 414739 90239 11265
704005 916478 898032 418467
419405 341978 322042 178631
959433 117791 264808 73895
528539 533114 900398 371763
658771 785646 285771 135406
576226 312467 563615 301045
471316 229224 680765 20851
469854 968033 181065 159414
666980 321957 829953 24396
59840 621729 795929 197892
441853 646544 208860 144056
642797 462296 935873 409529
307128 767730 597080 257056
840033 295780 713415 121750
256556 365299 859306 128693
710156 780582 69425 32008
675342 991940 19100 1808
359745 696313 988781 684480
458558 998048 672403 567651
750454 32256 857531 23581
876713 1747 487100 1014
156165 702901 596978 169931
833431 204370 998890 86118
385008 804854 110747 64447
748878 504650 420788 306480
900984 556775 307291 35211
698098 346659 58324 53313
80152 345632 497579 106638
842261 576906 885147 526543
952965 85005 29952 26474
395666 286034 170415 166903
159605 157531 595544 117500
857821 679703 437830 325632
393640 40875 264374 71
691745 912757 648878 605447
950063 684413 852716 15255
441459 397420 708572 394092
722208 732670 91872 44727
637438 884594 172542 155816
919736 670881 621789 336229
148081 429627 35210 24174
457423 31459 958208 29893
725 70892 645945 48830
616380 284322 498432 71844
8269 101921 617545 85545
846991 450236 955609 118986
769188 891072 674238 448118
816672 200064 315122 88707
444011 424211 159277 133675
342935 878271 468225 53708
833432 333529 379549 318307
372702 939762 404812 304274
754071 569235 148827 74237
548776 571666 985117 376046
226154 285654 242413 30500
6937 455947 536894 64251
723593 619970 897402 588340
388558 922097 679833 538990
330598 316908 855604 27941
332579 130748 724976 125742
304125 950446 340538 256137
270816 134099 185416 60127
861440 724105 130099 123799
256202 33429 791940 888
845657 491229 129473 21619
726251 479692 567857 452818
667907 328246 968451 285770
398942 242387 542867 19513
56085 990809 316392 59371
337765 234947 274929 84125
52611 165231 382301 104758
940693 321244 912779 49482
391419 327274 478622 36209
109965 522206 945245 105726
90334 559057 250626 93289
779362 38787 465332 20289
202580 8962 193860 5388
700585 914446 686603 500763
634608 911149 393693 254000
368783 67436 972352 51026
2429 255175 17903 4680
414932 500626 797933 33379
298593 959005 959954 110005
266226 608026 559912 141897
369086 525828 131048 126780
395021 59168 483002 1893
724400 185639 309106 182130
236299 489523 472003 287578
149159 995724 836196 24873
229534 738110 871689 681547
49323 311489 490394 241013
78220 148482 700895 20462
880053 24746 817045 17334
705090 157320 422640 124605
418380 492829 459220 121199
680414 328638 434289 125893
99364 877543 875189 865017
485741 115427 812340 27785
754797 986265 422135 77756
660263 620834 378779 327327
875597 550172 184586 58953
524139 314040 623605 55369
364212 497537 838122 450681
398868 343834 26798 19562
258618 857355 317302 299049
744640 541595 999311 328328
851205 58885 465948 21085
247916 450141 829192 230055
787157 107927 814531 42764
314233 465188 256998 5676
435118 176751 395374 137063
527021 942589 247284 73269
662009 438154 803700 150968
451680 943295 633519 568525
718434 190853 903909 48484
751583 953241 563848 230555
47487 5088 650635 2789
855181 17517 787616 3814
493297 823093 882728 793259
294253 232593 32643 27660
773923 854792 847002 826514
986810 243001 758512 109766
459279 565057 547421 479426
966515 874550 794470 302554
211162 90346 266018 60995
888369 204524 416885 39912
377700 958119 51727 41672
572439 430848 62634 14195
467086 574705 920877 160145
963639 477165 951194 409765
42187 200354 48627 30434
838009 482808 550783 120560
376114 107604 86145 75785
170308 696681 712230 327364
152660 301697 606762 232742
361392 605717 263999 49018
842679 331221 562594 286060
199262 785732 57189 34950
470235 488036 606807 48341
517718 294714 732022 144506
199017 71192 192113 14043
981970 839053 799305 156993
825272 243920 872367 90745
43342 984931 774487 724905
58256 837878 419402 376293
725129 409586 73566 10178
237107 26258 705127 18743
88353 953795 611433 568996
777627 101805 773912 839
691601 829055 33295 28815
757827 78229 255889 5394
228166 142742 721143 104217
20385 596427 919165 22758
8922 749994 20755 20484
347573 712732 627064 122281
345214 997996 32513 6674
258750 26193 208079 9286
805957 883765 137966 84979
237507 466133 384661 341470
743513 50969 790972 30240
873994 647742 861988 415364
454581 158046 703962 5226
683001 112223 683426 12409
39520 648194 476288 223819
303931 955027 554525 237827
579288 676637 22112 3867
987648 699623 70852 39644
550696 904908 501678 160224
344898 215108 179843 6702
534583 12345 877400 1864
614935 17051 210476 11031
496659 317843 980814 80638
782116 510195 614004 10888
591665 219170 484592 156736
846498 863357 194838 4920
965185 545152 321323 85663
257985 172350 565999 113216
67804 803161 342103 330945
137671 683235 878226 396087
631564 537483 236337 210919
395556 96431 461979 31589
54381 848954 562183 501536
705700 553406 23435 15060
464216 138329 379212 20996
75483 140767 604517 38583
437468 407809 926814 41918
702461 259554 666153 29104
865340 739338 278293 148812
938094 276272 818011 75510
525787 164107 651081 147558
198082 453935 587473 193203
281122 869325 797510 713183
514149 593884 821872 472610
795528 727644 866132 576772
418437 291581 958228 108489
621637 676756 51419 28729
516709 405056 844945 221995
596882 690149 987694 28664
690200 6811 880226 5556
45967 349753 995457 109067
112632 709949 409657 230079
188184 870984 477070 202307
670372 792647 991656 468819
732644 117680 876332 90178
929251 45068 95403 38497
834978 498049 741827 446892
43111 274139 401996 236797
728823 913782 795039 108168
758648 359744 822819 88743
77284 83684 158707 8162
760388 250975 766508 204710
138283 741823 393773 119093
590419 179776 883698 25021
583798 338604 123475 53377
98683 228896 578427 218003
680950 645372 953375 506717
505860 821249 518509 134336
245767 99769 832271 44304
926426 608058 878558 506384
405773 200576 119435 65889
557155 652068 616686 615508
102328 93942 771120 89531
783978 613485 833077 124033
715403 698907 856142 443664
863401 985795 520773 429690
188453 382991 959973 2034
414522 674461 225705 135534
5979 945138 106346 51954
824688 238146 194173 137919
30235 181580 570204 150168
364416 820826 694371 193186
527198 745941 812522 285661
642376 625115 263060 39712
498728 896733 145806 119340
264237 589626 352062 145988
322154 795563 437482 51752
501442 571047 852186 363210
141429 983994 264758 160499
61543 457609 63129 25476
915585 56448 573346 42472
358673 594741 43355 23591
596941 20646 668702 349
818491 369308 829341 148334
921620 247896 790744 168190
630296 719957 763572 119944
629470 216935 635935 157856
454421 391445 852093 279152
373343 699475 774555 615456
910662 914812 542370 331317
816197 587818 339315 274944
869927 126701 752196 95334
418744 690227 757733 431091
677476 145824 330679 63650
239876 771322 249940 136704
296344 632708 179417 34410
56421 113595 840762 21236
860316 644258 424530 52618
424368 659420 469897 33487
204883 574213 218761 93565
374228 787685 331713 130713
803594 503965 25910 17082
287976 608789 750390 222965
761774 857931 938 462
285132 785235 16372 5778
273338 657784 402407 209508
569335 850096 810426 657844
945199 427042 841980 151271
391544 256437 392028 253143
454757 772041 852890 386745
811951 155913 890779 129614
344374 819504 960905 561823
853887 417032 744922 117501
359546 320290 362844 206497
535937 31820 198522 18656
68854 956555 434374 193152
235579 290785 501989 105776
899337 145927 729774 97031
479188 527829 433872 168237
591370 611778 722108 377836
407862 810664 958699 640631
799310 319085 797971 61732
857213 112778 237616 95825
654374 953305 576710 480570
20251 998586 438583 38188
836179 664417 980465 540652
653398 9029 486423 1054
259999 46758 201366 8073
417073 854155 113322 9705
223061 964635 723061 100615
742026 153655 916717 103831
860174 619097 581466 106775
469266 346693 633774 253687
373590 357122 703112 298439
270369 683081 298289 100606
327074 768239 101875 77131
250903 798263 773340 184448
100407 965502 899396 783668
629059 560635 726073 681
613791 134275 969510 130031
17582 965998 497116 38997
814934 344139 720685 3848
687490 19965 404636 2253
805742 524011 786610 348355
337189 971791 107788 77025
680677 592313 325886 317019
663508 707304 709077 568465
499985 904477 711000 575320
100246 312262 189225 82126
44670 331568 222489 55747
395390 848472 206461 1764
206268 749886 855686 126050
692593 559875 291597 199519
238197 164497 212791 152025
389897 865268 300901 166465
249756 71490 76177 28830
967922 550194 88864 49442
306805 420289 818411 354012
324574 940403 629952 404302
376274 176132 685712 141663
448426 467500 858642 242214
271762 654178 307292 220980
272999 216860 764047 154262
152463 333166 481709 19301
327066 179957 972224 113714
933889 573039 292408 69493
691148 881425 423259 65835
658574 235406 196505 144321
917786 423308 176917 62682
60217 824597 856462 263933
696384 782259 4173 207
547410 947552 982616 646790
164107 365405 518357 284751
890041 953293 17775 8473
821055 735672 529403 301829
841978 817564 321899 182305
461286 647356 877650 59476
851075 856593 530411 343981
954723 289676 677786 7130
233540 795019 977875 641523
905145 575002 811922 273955
843639 629802 599230 38060
350756 784438 384925 238521
633317 201128 912048 47429
458326 622177 370490 210619
679547 566060 213971 205987
495581 893319 863981 21065
27796 550964 378528 59921
264780 536348 383018 295929
694691 947047 956169 708864
496475 265338 291050 164126
276131 609085 685326 367587
879019 605905 545935 420029
230074 788745 263249 145061
77506 858295 920409 224274
578956 224612 886351 128019
378589 526824 17226 11991
401121 468257 327989 107737
503390 834993 925184 544268
911953 857717 97094 78091
804251 268114 910986 125669
753676 558469 881422 136294
506545 574420 223541 53090
453152 386006 552383 74322
696051 284070 558821 166867
389249 256711 437756 76670
313812 39162 718787 35620
502424 73886 692996 69122
208197 585657 652095 118815
584671 185077 941020 181475
162729 27367 272942 25958
763726 307382 202777 104657
422520 541613 226215 58064
201822 756301 397274 260294
816755 787534 609866 21799
986795 143477 947378 91958
123849 459442 907902 112148
79335 75695 562557 31244
669270 153462 438435 149794
214822 284619 345723 139450
444226 422415 264532 226431
262596 479384 644280 350476
449110 548671 419315 283778
723409 254752 177584 38136
907536 105633 337700 101696
92886 640737 229192 34041
797000 894827 952948 288533
419650 795146 983832 119915
899900 993407 835620 566897
598045 548846 999958 364594
373731 103309 548432 17409
392764 938486 161946 158042
338686 114084 816469 94240
613603 115550 478231 51309
526751 880521 279604 135402
576810 182279 537872 13635
107331 702566 838630 389535
903305 24875 264250 10602
723008 595473 165401 97730
871849 413277 763175 149951
