75614.51216532 527893.48068905
629215.03637469 1224367.59865655
134414.86668148 1091324.07395100
408713.94523309 870948.12256529
234793.65986542 653389.23628187
522442.67716660 895057.03770710
491827.14389509 516049.49889715
151489.79733302 624929.54744675
748297.66104272 1001307.64075083
630443.00556355 863881.88299327
1057818.87817575 1216210.77902845
727552.47430546 805997.15646397
849191.27123399 1022375.32723946
1106446.30771222 1156965.96243191
965623.96909201 1479066.92253900
726631.26885099 1126117.76159512
740413.64561507 926465.36713954
442221.73738069 449235.79670369
1030428.27974828 1264276.82924311
963917.31604168 1125983.95641901
278409.14146270 288359.20420545
563859.50431025 629392.95387302
377607.82694351 753668.43862869
246361.05776888 1311958.75179252
464916.80482103 558322.93884543
790325.85213569 827377.57801985
625772.04024469 639491.26701778
583028.55421154 591155.37617956
498319.11368620 512281.57909981
184044.45733844 188984.84139475
782906.28462160 1302709.60082591
208404.37085867 1393540.08053195
602057.10953447 666498.14771010
1014279.07453521 1048528.63668667
995325.61228273 1083989.79619275
721264.19262431 1294932.23005762
794888.25345076 881826.45591182
594668.82737201 614621.36788433
588964.17612704 640393.85734484
951884.61368487 977044.61135099
1012822.88896924 1032803.58639579
410047.31902550 444482.07080601
454223.74717753 1227210.64341701
398323.06486569 529789.56760208
954087.58688603 1205464.38384964
239000.16663174 530116.77774807
591440.92658608 607978.17397420
833179.70495266 847747.15073364
1164476.01791578 1206975.37137963
302718.98376217 377465.27009779
880106.61795603 903866.03771687
1125418.80678839 1365608.21652661
93766.45546249 94066.07857246
248874.41059699 854139.10002645
253684.98441374 302474.76720712
1010278.19817118 1050727.91804729
997526.48909691 1032751.45641243
869337.60122061 1536381.43454026
825402.43532473 845828.89977820
1147626.27490311 1514498.14127453
383548.20749940 484176.73353849
1002955.72741572 1003451.69821173
249349.23997077 475007.19284028
500001.13863970 1391570.27334914
478486.98917525 480019.53787112
709732.17541901 726307.54861078
708879.59316657 770974.72183205
589346.84593794 594340.46618500
675173.55766129 1596545.01427583
158711.94683451 194662.46065433
771606.90010458 1207808.02757102
991845.12115249 1089948.47100677
464761.37054622 1145593.85029774
761927.72873351 1533297.52254577
1198175.41010488 1270348.10469729
191196.30290620 453275.59253174
373169.72975444 1361833.22009892
505709.15143984 520734.65246899
711699.67862365 952058.69870770
845018.74373590 940036.99017911
1065956.95368434 1547178.26732668
937941.61889320 1060537.95295218
821212.43667397 822706.98494665
889727.91398045 963285.07955849
933349.26307894 1021110.96061202
772253.70549386 905192.20363909
394631.17675622 490896.84024650
1072431.01358782 1082408.26211601
975980.30523008 1015343.20048986
613144.46600210 1103865.28479385
950727.75597276 1080314.84449720
197835.45687515 595812.28253620
1143704.43620544 1172534.83181354
661197.11808961 886454.79957976
682331.38139543 1215350.10781462
1239894.86765008 1292268.29597921
713287.74980719 1127333.82028794
707996.73947625 1558413.73527988
797529.25139709 1021345.33476685
943116.04695605 1082776.33750004
706260.97217672 1137258.42294001
240054.50731240 645784.91156809
386422.13620340 1516292.15208152
911553.18664464 947944.28112732
592728.89710643 745465.33739470
466438.27880868 714085.12762695
265522.77511731 1096177.88468569
324240.37081924 604208.74542909
124601.80169644 238674.70328043
1009286.79827540 1377750.51393385
641984.15162058 905145.77538427
744479.34322250 1169841.43346737
991968.20068236 999811.96606812
664219.30566643 1288151.45354419
392637.50085416 503997.13104441
942253.94001458 973099.04015213
517394.68634689 635118.79167601
1018030.92833224 1073437.88839457
236553.12637334 246113.31524523
790610.07193496 926315.39726650
237736.87523184 569285.55095400
953957.48001051 1171129.17199940
615100.40137363 615665.49669930
593837.00758120 621173.66549863
276070.27298317 343203.79351196
915995.33752962 1055306.19815293
1029645.01328807 1445818.78879236
630813.66915120 831391.99817415
517030.21418869 721835.76691655
449867.35776004 755734.48661418
1090028.79049042 1325129.02506662
537804.93929491 721537.12432418
995623.95933455 1021285.37904006
697606.83655265 715913.53189683
563807.68143756 804353.35214568
957815.60862621 973613.13491551
624526.54646700 841215.99782814
489500.44505189 976118.97392172
971906.79310312 1045507.32683612
132058.54938625 140856.61663550
434774.13884453 756169.31920040
99230.00422251 193499.23940419
547663.88320757 715030.09193320
453810.94889502 738354.26253324
770517.88240507 774305.00206701
596432.83551545 755410.53473525
276957.22743593 313532.99623644
905188.35733178 911080.09827512
603654.83243407 647316.61803556
302991.46295069 786006.64767990
900182.29986653 1050029.20668189
991347.96096880 1033848.80418996
1081476.46974772 1310604.88829014
467825.58623166 892574.56124012
336745.18196405 975914.56213339
537983.14019772 924636.01744741
742581.23258941 759137.01450660
1181195.85058025 1233557.88806201
349341.52872225 1050246.03402917
781259.97186340 784881.01230441
162107.93166283 601116.77170081
231069.81591069 279682.46234793
787947.57076471 886541.27922957
406179.31537684 444659.40407912
669318.80486432 764379.67901888
298259.27674089 436956.69099122
836095.29755644 966082.11410832
598638.58861002 879738.32497226
391180.12672553 727049.69841476
409588.49376539 795058.30271811
853552.55599758 1256926.73447660
708280.26496931 847091.46670534
1079894.42992406 1092066.51710278
594875.95650270 847883.08053233
756821.73794428 1216947.99704219
445985.81626886 1169906.88312917
664431.72974580 671275.66466021
984095.88677374 1139853.11488323
723120.02029055 867991.13352442
517909.38197719 688059.04174860
197370.60099721 867954.17280522
827266.29799358 1032787.99765295
786893.64884970 793367.02028254
1026257.77663509 1037999.68136026
1041243.13357160 1325385.60795340
569867.42787073 696011.79956090
263659.97030266 1621041.29385034
701862.96320863 706926.61906594
694768.96135190 776572.06029705
973117.14867481 1022524.74729808
1005728.26755541 1025130.00382391
965879.44260606 1110039.24719129
757972.65765593 800251.69971578
645795.31842914 675246.30014906
706623.83793359 715528.83939084
1000554.77114699 1044215.67571120
443774.17521190 1161072.12197391
625042.89029474 1020519.26281673
387952.39868958 626974.19422892
308843.16121294 954150.97643926
817518.33932029 860490.53466090
947991.48806727 1040958.20667306
708386.69377184 1452646.02375424
881063.14862103 1158824.29136518
822303.34004490 1097480.27536945
282272.69816615 692417.32835191
609356.18526852 1200345.86374303
744353.43831274 878866.64545880
1093667.34466061 1156055.92008562
760429.71258690 1000256.73902304
907214.41875722 1055076.41098121
733268.62140964 733719.79718146
777502.97337052 808370.06872100
313631.55199055 620574.12440095
966564.41911442 1091817.13034464
989077.36731259 1028212.97726979
763308.36187546 839529.42095260
672525.12120589 996043.31574736
634703.86741062 1040851.71485760
675771.53656617 817426.32981389
778410.47167288 1184680.57710845
438034.39056996 462886.13070819
395651.46254374 677884.84358997
321863.95810187 499090.41125732
655556.00293186 671962.38895343
873923.01692598 1635086.91013811
712564.83629913 1156304.26385532
873772.80706428 1006311.10165247
528678.35788880 616017.65843846
537773.90866888 1059842.76973757
1092917.10628117 1093166.38796205
251507.01221636 486553.73605184
478612.57521402 624938.42587010
776802.85751599 867634.31793181
616209.65262888 791063.62431160
1061302.92142489 1206794.56359772
837428.09409883 857915.02388640
936539.08654044 939838.30326817
1124138.73914744 1242918.04095524
1039514.57325282 1047208.95925169
869630.52717634 1087135.61252541
1018470.87807654 1018530.81328451
587658.57507995 705059.87639136
65998.62026588 86791.58252388
660609.80041928 801762.44107217
715485.62094916 727774.49500309
753020.53383025 769081.02231819
504147.65877171 612467.75757504
60302.76773913 290436.13293976
444795.09456153 1401765.36835306
581735.02485668 587943.75379368
809377.81266168 1569910.24083194
324274.62463936 502439.90030351
1087796.23957109 1092846.92192502
803671.25006684 833581.65188301
494952.90451214 503403.36436401
502458.36228289 1324858.31962516
188035.27800123 411933.74268807
688662.26801386 808217.04740373
662622.51567918 911157.72874130
802744.63906027 910535.26044849
507012.00717932 1227222.80724569
520373.47020193 1333783.22315510
1001216.70963134 1027500.70750973
733833.42827170 934038.81984048
246806.93430291 469245.75978478
616081.68486005 763712.79032107
1010367.40013967 1035061.34491874
633193.84073126 1076964.25396761
361186.04442171 416245.64250572
380016.40208023 635393.42422313
290080.33787211 333880.62242664
332670.04767186 355715.44413196
978679.95359055 992021.76760392
188739.07132335 527321.07787950
201923.43271646 1207513.64263929
637429.04384567 877720.20404796
489827.39220770 1047428.80788004
1109093.18981770 1358232.22665493
341340.74992594 446287.45357673
690890.31264304 802806.44392531
775179.37300795 1289163.13383412
293793.93946778 896991.39086393
594627.81683083 956988.27146679
604663.82992949 636337.30643504
1064517.83677729 1212630.43748745
491214.33930312 1004661.51560862
403638.19007250 417504.38669911
428680.02075324 474566.89828200
869282.82925237 1151314.68326996
842517.75996118 1432374.69170954
343373.87345283 354670.32971197
764307.15599685 769592.47622362
949713.38370532 1034638.30428271
972688.98122935 1129561.92837976
911557.35970974 920510.53914064
718436.55892848 1126220.67125986
913859.11578591 1123645.89352029
880768.34305622 884556.21085943
812286.95222563 834926.87217265
894714.99481623 915704.19155151
633618.86240310 1298111.44064483
1234273.43506453 1346323.16000357
730954.68537249 909035.92613714
332822.25305559 946865.54176451
791001.71598297 793301.79320861
764913.97682681 935424.73900630
449502.32854236 885614.63593202
336678.06861303 1537626.60286332
1028274.28271060 1087747.67974195
1316885.45273801 1325621.37341890
936864.49677902 1181874.80356466
773464.90584900 822570.41857096
447549.29098033 498501.11885231
1235591.53815693 1239541.36243733
856874.19133558 1023072.14143334
778325.88731585 1695666.48126157
266183.26158682 559181.27999871
606792.50935802 791198.53592698
697171.73663883 1169430.79914974
1031993.25762526 1165481.44236105
441562.17339464 1181043.46699561
719776.69715683 739561.08805832
888799.28766229 1324610.47830258
665966.59428308 686997.20593682
780131.52206855 1017837.91466078
898170.11771991 1108539.98280847
654751.42344710 690364.93242487
987156.65750579 1294135.60920407
437181.21801033 777783.61723361
952695.82588831 966665.03644282
1199997.75451998 1269865.92443021
18261.21573171 1051744.88959253
790735.55142095 1052743.50087046
300497.26985948 336647.34882812
624686.89466804 642094.41001304
744007.44327258 798299.94118314
802075.63267126 846531.71969218
788548.03720319 884494.55850050
840854.13270852 1023503.26627373
472190.98887738 484423.55168282
697518.82140413 702005.84605329
973228.86405254 1065321.11296501
391676.92728064 815607.61386588
503371.20927304 521627.29760338
927309.96588627 1289921.40765242
56838.00788205 115032.38877812
850432.37957406 1430942.23084092
750611.86209452 1268810.40304570
845585.30209849 1303369.44038327
676276.90707579 738102.79008008
447615.29121445 527127.39138941
612897.07391209 712545.11719750
478120.86567415 677411.47816744
764642.97751173 766375.66503250
1031827.41885695 1185907.61425037
1004016.06563341 1170465.15025865
929412.29208839 931159.57156064
564111.21800758 582374.99585920
571758.92178610 826863.35161380
598864.26995188 611112.62186360
413608.28602193 766010.15034136
593999.49505450 704015.78133235
313993.26420323 1066096.66678261
387778.94821664 662304.82821734
814027.58208368 1072751.59086575
409486.55670486 756005.97627929
463900.73726283 782674.05235194
180354.65748630 387428.83210339
691023.88541642 953760.19930588
677072.57535142 822934.93958210
536975.75988866 1530766.23788481
284266.72655976 1106019.05993929
986925.54602108 1208822.68594736
306130.55961468 348078.52449986
382627.53576422 418132.63708661
657142.74119403 1137854.20578209
464550.11749541 502093.02581992
741429.08884464 1046170.91373112
577941.80458330 825952.89837920
461352.35798357 655123.66989523
858042.27265677 964507.90007858
988766.49059775 1004494.03090362
963474.12355185 1177459.50369853
1258188.30536013 1282902.13522505
948444.50187135 1067289.93014738
604765.17348306 1175327.20415125
974447.05433389 1079257.45627075
263562.35358260 1226258.71872538
1018742.68972101 1057177.40931596
920987.72423632 930613.04482261
629136.04990415 711979.07779162
497066.69176781 668645.46408766
362606.81054415 624863.30819868
926740.74096535 999023.00221016
691894.10454852 692915.65638611
541314.80672341 572344.14229378
1140187.00481982 1314486.30100888
541524.24160881 748029.62276771
942738.87386752 975109.76319848
135091.89336522 429436.17161692
695668.47418293 700345.06450463
687848.04221645 892521.43793917
386297.71799481 733511.35429794
589315.50026450 644818.99250255
507551.93146909 516346.71747770
914171.29492508 991520.14805802
448115.39483597 703825.42197977
803279.99824968 991592.41525336
422459.96999124 951380.46818137
129049.70591598 646273.14498206
813227.05112963 1375471.20566917
548522.25421126 833346.90167121
1145304.16177450 1152319.67172048
615910.48171386 880661.42266197
641053.31650417 773671.29052912
999322.95831578 1020855.93952183
637502.11011808 684251.51612912
360235.93311190 1667303.28311588
652331.67157896 681451.04833216
815075.38187949 912172.41679959
1082196.95408645 1165294.40830805
1243809.33532154 1246793.20303930
212709.17974079 315952.65096213
648962.09916527 803523.94265821
705453.26688662 723926.96980911
1118272.06328559 1119711.27735546
285633.53845793 565602.09295582
462063.09674113 632613.87348208
371103.21436630 687005.98849282
636447.05366118 804504.72966291
866583.43947712 1056083.54166893
293598.87697503 382156.84824035
692754.86626223 735943.23206209
199186.07964665 550102.43405842
122109.35290141 570344.38780968
101922.63513568 123022.85370207
554523.97862040 639472.61766631
231243.52450393 277166.61841030
414740.80050075 417650.50269813
878995.52054035 1138070.94257696
979660.30419580 1084629.93419922
884455.60780629 1199693.86155302
321676.34805966 406369.59382439
880767.34995400 881092.31766087
845827.13556022 855523.11887523
834504.75311768 1520943.45686354
946757.52755022 1031274.78523088
117478.90624704 145649.76384807
353118.79490194 417518.15734528
191823.59074160 722448.88721971
825931.88977421 895236.39796090
441023.69388163 622228.90104928
167202.20934545 268982.20610665
464405.92901039 485923.26471162
1103902.72765539 1407017.18043704
320000.00412500 343179.13746031
1267387.27852303 1432744.21663115
432258.73195807 597974.56413630
453785.52244866 467710.29880044
283375.74852658 635965.15562175
333490.13890818 837478.59367330
186937.33260641 398360.30415944
389373.26374188 393613.96210627
576505.55520654 940565.12449910
1194914.91979304 1225021.40344077
796363.97648939 885363.14396862
205225.65008546 483008.48311909
864015.29725810 1097388.83980839
264271.18220684 280086.38562594
437353.44401182 1180384.32029784
725830.28063384 757024.94270466
808497.81257651 1103083.67368437
736791.30338584 773757.24145303
363769.98816560 514081.10773496
971063.53066419 1388207.15062630
969059.59361693 1041799.20775791
630047.41962887 774794.69731601
509646.10533389 540416.63909432
828049.43453516 844270.01727765
314433.34336708 445255.04673726
688633.41603062 1269190.42818405
1008090.61036099 1272580.67931664
325677.01912324 1233176.24402719
797766.32774892 1127517.59193460
339022.77918895 580000.03842155
1074109.01024896 1117523.92404369
870899.02305893 874895.20265515
1069539.08208583 1189417.18497296
529682.71647468 689610.37315284
591623.51208264 609066.91729973
800890.99442121 843712.76836907
533205.36436161 721323.24034652
808942.71213974 1012480.62079034
686703.90204585 827167.97541068
159903.95032331 176840.87692895
789024.05628789 1201151.94921417
709166.76263485 805876.36978013
823069.67730563 1046518.46341668
553684.36220739 579207.26753469
875977.20702995 1105690.42971892
157457.95480064 247074.44710046
991339.90005951 1259082.66407969
226268.88505714 357564.09074878
379305.99837071 408221.29714654
538487.17991518 704991.17740082
760848.04191442 947865.75272504
799697.14379195 800565.82173673
650609.50258123 824250.07810069
569788.13078898 632144.10919347
910381.71736091 932437.48042697
1121752.88881286 1201839.91207648
625838.89804086 1107686.25625716
1006142.54675220 1232424.50426994
948324.07063830 1329764.12255708
830776.43667897 871821.60450232
702943.16766649 788654.38619271
810108.70194067 1205695.84315117
206000.96063126 234599.22532907
238263.08270691 503146.42324973
814676.03301005 899982.81809210
629284.52491143 955292.84448958
819665.64693782 949378.36377811
702038.18401637 730169.36464426
780681.77978482 916066.96051544
917037.17238071 917573.16513943
178969.14748917 183293.86341337
754443.31713191 767922.26903834
781365.03598382 792124.16687916
855592.81414701 975795.72889412
681610.73028672 824875.96405884
850515.70875381 1388493.38210342
480901.96710036 814795.23107159
391682.19233966 704180.51364405
609561.87621274 718281.82478189
739768.24226510 771675.52492223
436135.90148599 613781.12288095
268243.81921304 272419.16018151
403217.30682102 424795.17760445
403840.60491734 575957.20750070
578859.79879415 591354.29125018
706370.25308899 984111.19835362
556477.37683755 569318.44183374
351082.47043964 559660.97432821
1088429.26535673 1289535.91301251
212333.91438251 527927.12739260
275815.72972186 492135.30658346
172116.54400725 1416910.11536547
1001924.17057580 1148023.90132784
878461.89043350 1225641.66968980
992067.83122577 992678.31242805
775337.07808733 1553760.27559498
828479.45145610 951487.77507911
454847.63985867 501472.94725139
431294.36079086 510948.76631811
367039.89716651 704838.03844004
638116.94933766 639872.15528729
1036473.41625340 1066869.58289193
264328.78395286 285116.19868748
925032.58295100 946961.84349159
787685.65095601 1378604.18539986
59527.05242157 243559.22821770
811773.42941796 824660.92009565
815425.61104309 1076332.78128700
946603.40283458 1003062.78318857
643341.63192661 809230.64729532
290161.37208457 556899.08693946
561044.89369747 572607.56681693
681612.84311917 885468.03651911
466425.47352498 523674.44485386
293992.72838797 334863.11362257
541632.86178001 581050.56062618
670212.11569547 675865.92846289
389105.29363271 390346.97919287
664077.72470171 854008.01738216
1243328.63795579 1266531.76254881
1048274.63909226 1246548.75355760
587045.19799075 592456.77647234
771748.87421039 784183.95775035
835559.66323477 952470.17799877
1068433.13502530 1068867.50311159
500452.19377879 681020.86298292
934451.31289008 962425.40986925
812140.49981515 819089.44684937
819987.76904659 882909.21698779
581626.17954318 1119762.06763491
369402.62375895 784288.45942803
766701.32873890 781042.71026494
894938.26758330 895391.73279241
1017979.69948325 1226144.02508025
376263.65141613 383936.77338984
131459.93103984 289145.76044099
862209.45118283 1084455.87965809
964125.54807452 1046433.07280017
303571.29840780 613445.51854016
568407.44901875 1148873.33512620
78307.78007325 289322.62067111
435711.46622163 558728.01306271
249923.29593297 894612.44922816
753602.89876367 756730.28188450
629514.49716269 668248.05021638
993140.19650903 1166053.53774259
967625.75288693 1273820.78544904
336390.13720530 534611.86229731
1099908.82172024 1196977.84565045
1158508.70135748 1169485.26503971
579051.81856204 644077.97059983
630738.39659957 679414.89666403
390153.20040466 1062951.15560876
828999.83737634 976117.22826820
725112.18054381 767328.41162373
275684.45342094 287110.01490370
897108.61051380 928670.64117372
372836.79851243 1029778.05300997
324758.41746289 360138.90430360
422393.40287580 579823.91218800
1003609.12045378 1223945.26610057
859438.91512195 864087.81839926
444477.14780965 1183735.28451128
777071.14478019 1146829.54301413
1106668.88990068 1155016.51054606
810220.41613687 1075600.47884194
147540.75005909 435622.54841548
427738.01506296 1041128.96358616
220469.93800743 1524398.12515137
521775.84238924 797101.71439346
806017.03964619 1212525.04942207
906862.54086934 930972.17691615
395323.81367431 920496.85097234
763384.57276854 1283724.64880168
876448.06970236 1124820.08970546
450113.63637419 612395.64820955
512904.71481943 755785.82634236
1119979.99015920 1131880.81754264
779401.91458836 1060510.48013869
955774.88411498 964165.93108500
523930.15641591 1184518.01875109
711171.80710782 920565.47959664
1021637.44292582 1043255.47031396
449863.23088801 819437.99006697
742800.06833939 1649947.95086421
568929.85769601 779264.24147012
710019.33254877 932859.92914746
257278.54443774 386902.66091615
356268.60702846 744497.75725250
559797.45960928 645038.96692913
751292.34583150 1396160.51094887
679700.79251683 796644.11536645
215157.99311204 1138547.53146805
757478.59281963 838565.55915206
234786.92919539 405447.80705906
987554.11122632 1151889.89178133
440011.63683930 623200.96294053
567308.59676635 863716.04879208
982318.14476777 1242542.61455936
535469.84497075 559055.41577289
782871.41906318 1174119.45670021
772643.81322638 878139.43338458
539845.86258302 1084117.37850843
1035933.73962817 1245075.00175853
229503.07110799 817734.10510997
781286.39284260 1120537.10043041
557876.98251227 700579.77902948
412533.97562383 1650961.89713149
621972.81892459 1365983.27479695
736142.12785983 1033150.46452005
669076.99516648 698588.79484644
741859.35748294 1195141.42075530
897092.16938395 1207612.66059031
259567.13422543 701072.89974866
853387.47819499 966147.74270812
259532.99660929 313434.87062706
917288.33459605 1164333.64480547
286530.77151329 462778.59933234
968392.34034145 1373621.24308559
380784.36239557 1414483.64405425
558378.96310302 1071299.03146600
473353.35542278 476954.42905376
1136785.22114646 1183997.56143372
508398.28323864 1042933.00954568
606385.11551406 633335.60932968
601968.86365326 632646.84518932
799139.87638273 942348.85521287
807978.90653469 1023364.12211148
895085.43680254 1259008.70213037
615892.49371380 704946.34978061
831735.01471623 916073.59256394
842580.69420561 845556.92170782
855906.03904926 963792.63110951
1023508.60074012 1027942.78494720
229843.14175759 742709.27614040
392006.98297097 814835.68555752
443834.48574891 1095379.47040284
275745.38264312 281108.86013963
541846.97626267 575182.63559064
525891.74915471 1566971.68526716
916234.48645202 1160393.42946089
363962.70002982 551489.93434604
872344.82976458 1257266.18630304
817102.84901045 1416548.60937597
699494.00835247 1435733.50143716
802587.28360783 1279922.49891663
1078908.23754062 1142753.62736900
634591.65584256 883900.09223045
206050.13470027 246520.73432067
700008.00853776 740294.11084041
1320029.93711582 1322649.41876599
1112974.43461788 1204798.80908515
235171.61621675 642390.16794624
145159.58019022 1588902.69771594
503793.55509276 705557.21479197
822605.85898351 966073.87680757
288635.41166669 467967.48064796
779362.26300803 793102.10533638
214106.50185830 215349.16711703
382183.75647455 475971.79667812
859512.09543322 1243894.59259698
489622.03815188 766399.59646388
1156083.13397826 1196840.80230121
321065.07574634 1213195.38232718
532891.77747456 875131.74829394
1076773.10471612 1078818.71130232
842724.58899987 846844.96623939
962898.04772572 1090952.53039259
403034.82750998 712546.26948852
441170.06533195 891099.25879725
699872.63407709 710308.66142122
232287.48016413 544458.11971997
171034.61418672 377105.20610832
817519.90081037 1087030.92470316
840493.96559702 978165.22581055
206086.25920473 1393462.57687281
949286.77517018 951494.38616578
950155.93025250 996379.60509537
453077.63631634 494325.93734296
837118.87167415 988493.22052556
750218.32120057 786979.30069412
693495.63902306 715175.29985312
881166.04839553 1177954.97455421
145994.34161980 223676.91569985
272814.91838424 353236.90662925
465781.72003847 544665.61575521
705338.03361792 754677.53204929
1160851.27290709 1232832.25146408
664025.35334504 766567.04737224
815184.97383232 1482398.00454871
1284949.77945638 1379999.64438727
1133304.91313900 1161756.23919005
684338.70156378 1197329.44793737
736309.07387116 741223.20717109
818085.16938642 821393.48366176
596766.22407941 612519.78496209
855301.13759424 932758.19096806
954173.19241530 1092195.24268145
381311.30056818 480431.68070080
1032424.43232858 1086368.01193932
609889.24095199 788733.56523797
325018.93138862 338029.98394965
1036955.50615443 1414060.99288538
945220.73647641 1113594.83056676
282918.82342821 1413342.97915616
911808.02360256 1091896.09626649
439103.60266456 571001.62492326
848542.22878829 848900.33690946
1059547.40576767 1213349.48547440
1044555.89939888 1406835.88398683
766020.41758689 1013055.04401094
509267.34555830 514943.81966580
524644.48885412 547873.59827336
714534.99236147 715032.85667233
765496.76917672 768573.57769832
812898.59634889 1058860.39750007
284363.03418342 291666.17089063
801744.97115479 828243.76950992
1010034.05520903 1306180.29402146
252908.58764384 1390927.69331119
1104718.51025182 1325333.67688782
849624.05728004 866446.47537456
224238.13656022 273930.22983964
157519.51173744 242679.78180722
192578.32526274 1577434.19123620
252828.85476345 1099461.12681122
699259.93157337 1242681.54012844
1203563.18280886 1427528.93593545
536416.26446352 582461.01398205
727877.65050522 1278424.93141248
1154060.08712935 1283447.44854825
827198.42687774 957173.28469039
251901.80769498 837542.25853744
707458.51999534 769211.29818146
986567.61478826 986618.71144886
397197.77123494 804308.65556576
634636.60548774 643610.36394778
1007488.12318260 1131003.75399642
635469.28180755 1288941.90190598
1105908.93089169 1269102.53096036
1183019.65859955 1264690.27483926
651527.17276411 1133512.79449771
1099065.15320294 1331892.19978232
948982.07361836 983951.25189259
351843.21390358 615856.02752104
921877.24269124 1050879.25545992
1192852.31725977 1268157.21105074
718157.59559097 733248.35685121
721235.57952170 975827.85120532
913623.03294138 951685.52436664
780029.27401605 923398.51020564
460829.02344579 1352538.03166417
482756.14428094 660667.20963356
853764.63538964 969153.16018161
824751.90074652 984775.26956001
573952.92308690 606264.68950781
633328.77904687 1443679.27360650
244498.37035449 604622.98304481
489782.98396024 671122.20076302
475833.51903896 1067846.38743641
941574.59495146 1022588.20385236
629755.44096181 1003524.19952336
523435.42077796 663187.36563734
626427.24623774 1516757.44990061
435819.82792549 702522.61646797
926257.93550663 1046642.09436894
1019613.78093914 1059374.78541119
1079917.25160866 1518961.49277129
910538.03555590 968679.78723312
922732.42335197 1034238.86796281
810691.04293313 843548.23874631
828897.17334420 894159.47862224
587486.82342670 765463.63269590
389937.68663724 1387257.09724622
979628.70299517 1055274.94724929
969883.68612839 982551.55494763
973712.78153776 1112829.29713501
886652.92120874 1333329.52786924
898145.12977135 1266420.07127809
351186.56822265 755984.54151391
970752.30098002 1522133.05006954
955449.14900428 1056440.70199183
824159.27196265 855250.85124892
635351.80956695 763738.67601949
747365.86076165 772301.87785347
675172.87267781 1292209.72217980
651302.99486644 814295.93164279
971250.88501015 992263.26927535
963396.02314365 975780.93704940
533255.33499910 701233.49337649
170133.55067417 1261460.37736625
301966.39059670 326621.11666272
49130.29689509 167668.58580247
144349.46515315 583331.03108441
663308.05980479 796436.60236456
433522.65215326 866827.92839756
449266.16419446 491716.38528933
909975.26398524 919677.99794548
513511.12708197 598683.56616914
585814.21308295 667915.04447347
332620.42322293 459690.96887474
997087.35343951 1001978.96589350
672201.69019201 683308.00999330
507723.45269940 792001.84988736
691159.67943884 735699.49803571
1078944.73675763 1152625.85790229
608334.21343863 1660065.39107952
823305.94109966 1006965.56250251
910282.24318065 1511241.82993788
1001881.59756031 1216089.38109746
462675.54938747 496370.15127926
733619.61037925 877631.52163821
923385.32786968 1261568.84105664
999335.58262728 1144084.91949549
1027286.20572312 1086946.03875675
613181.29321189 640971.09399489
780511.72697981 871553.44914297
308128.02540665 770844.88411677
445517.04540679 649193.31942650
857494.17361111 1114044.87734786
469018.94503847 491598.89883217
442236.52269346 815589.43390900
862175.58045215 863947.83472615
597198.01748583 1107870.28495262
913961.11512143 1232833.85229073
702594.94998470 942074.87991985
411302.76108969 540125.46087738
534337.61080145 659721.93548873
669508.31760629 773115.18045890
931815.27294684 1309734.09451575
291135.04180878 611447.64378072
306659.04472068 331585.68411347
890850.14420608 928845.93542309
319652.03137944 658257.27204870
274822.84710337 362839.35636863
190707.41513114 380137.51431028
807068.94265236 1153413.72819037
1028397.31928132 1181174.98096472
732056.67783922 792481.54752587
455345.33111694 464770.56528356
999826.71731956 1122249.99530497
608118.92819168 670499.84919387
112587.18310714 765702.55689791
662242.51118227 1246552.48024983
143163.21908926 291824.54115444
523120.93276603 978751.27986328
319446.38768501 475000.22585784
1109930.82093976 1444478.86747436
405802.99346604 510250.55922948
393741.25813026 445600.92801744
768368.33769033 815008.16137079
206622.35660499 654677.19670766
717732.14937747 723324.36060871
665799.11017363 1462799.52314047
519973.78850573 521599.92192580
901002.38344246 936440.82292743
130269.47266340 130352.33369603
818951.76584827 1518713.54123218
612609.45659368 616069.04627647
515668.02321067 1011760.23100436
610935.22926494 624157.76665600
259823.48225286 907644.91812713
464573.82011689 509384.60726056
1052503.52962449 1432071.93935640
877880.36325344 1097563.61833381
323867.95694696 529081.12057132
826323.23406401 1162758.08946229
471584.94625889 867551.74034636
291447.40938461 603241.91760603
256917.40409906 342320.47552111
891809.43174257 965061.38805829
532507.65510460 1137956.95410020
670660.66199905 963832.55384377
601285.91378561 1039924.04869058
530933.85012071 876759.35849468
1279291.25232880 1282693.77286124
187140.96300383 1197987.54040683
630426.86435462 654772.03112228
888920.72578943 909458.64251762
972725.17541595 1003237.29795298
421926.33734457 725791.43088425
114383.84255217 925176.58769610
918321.20440399 1072666.05110538
242125.61394656 426837.32281163
284844.89603993 308539.97925715
847506.87973609 1022820.98226425
1089875.70058287 1103211.87924396
329789.25065714 442532.70663421
866699.08828382 1029849.33649151
959602.14441715 1051139.75250202
893598.45598624 1039425.85722552
401288.78742870 405143.00823783
792417.14639008 803490.22309733
828642.93621861 931145.64664450
965055.81684999 1322783.22289935
801495.93240702 1225385.42214480
878973.42650162 908708.58501502
911938.22079349 922343.89675218
776872.46501340 831652.25923579
494750.40201702 856428.30016061
277816.81705757 732397.74856290
593834.80063061 762154.16532353
809262.57431071 1081076.74826351
541947.89007800 1006204.48257002
527578.46827273 586480.23270439
396785.06274808 546570.77876520
380720.87365024 455420.63075030
1080893.95970049 1088168.65668746
94471.89437076 282035.13212719
969603.04944085 1072030.18384978
692556.06417459 1481890.53880137
931548.22017596 942337.26452529
603411.16903816 885245.60145758
574274.27370552 586620.19126859
925816.82661097 996051.71457109
1182203.26925110 1369836.69410627
676694.45561937 909453.96772459
611023.58655947 693636.85570477
86953.92850240 243389.43939703
1046911.04265167 1514169.06017591
315725.70389501 1524876.60499334
140254.47301245 403738.72690640
597719.95417921 691769.47284193
534629.17997150 832938.84947036
880718.51852905 1283988.99591079
755682.18388553 1545157.49690768
336374.33020966 442661.55084443
894353.20167594 1234609.93783462
765047.78442395 990070.49838888
891533.54647484 943367.06748222
514980.73443577 768387.46077484
521484.97327536 709049.68178542
593879.28520534 614114.64972919
918012.26291700 975159.11798332
623823.33224880 664043.71426737
1088186.52895356 1102500.71633537
622099.82294966 800071.45489512
907374.83456067 1029746.45357874
363518.23004081 1155505.65286891
168276.67791468 877305.14391402
115048.57367651 252462.82948783
93430.54032274 510569.05137797
167440.25806538 956537.97040212
621704.37626013 829083.11593290
