975304.72733039 1123804.56553308
896536.67077817 941560.92751664
894605.34675912 1035896.02786863
715349.18328045 997888.81349577
337723.97078383 1022369.29805330
916059.54522891 917017.64017111
100782.69797937 751778.14842944
611281.85933496 699085.00631325
532389.48535917 596613.10777169
1153921.86066908 1194084.63476003
831260.52791408 874409.48504005
693674.35226985 845392.11169551
806692.95197677 1105412.79756704
298956.14865395 304511.03134369
1057098.81556693 1217073.89697134
176377.09542058 354857.09181162
475353.97950264 1915852.81232275
881613.78602708 893065.04340110
976671.74495887 981895.69992388
924427.12422884 1097438.50685950
953924.04538307 1024503.95411048
448579.78707583 537235.89132242
801349.06507714 929410.82669183
461638.73912075 494456.56337539
351828.35105915 353993.01514154
538224.23981553 813969.72193381
718719.99550660 804568.45614590
1055550.79137718 1057165.64633221
128493.47004809 655931.48725534
555432.82858056 790186.52624871
589509.52278398 804981.91906961
879914.99319537 1042633.93654437
268765.20086127 319368.11714697
660624.85022666 1174467.85080606
329232.07126888 542334.58263327
263449.81925596 364529.74364515
518859.06890504 1041275.66002140
649712.94780157 1430899.22813488
785636.91887029 817039.64723629
769734.98350146 861427.14784827
540868.78919475 577791.37211021
201667.97892824 1077838.57351878
341149.41788167 480170.88346234
569869.69481189 1603354.59371812
899521.57535492 971220.71151773
1327120.43834235 1327411.64896576
832821.28563096 1040948.46629408
905363.40767285 987982.46316673
303320.18674826 421435.27855295
762790.68027867 986920.65406698
671471.27350617 1207832.35964268
518965.05769175 1453348.58765989
643129.98082891 820453.00656223
952093.15411991 1318444.57659243
521935.76047633 1575534.67129353
486407.84151985 774334.03605937
874409.59648096 1082852.33926422
967374.21154639 1426279.64730939
1151744.93401838 1152763.25172387
768831.95132877 846805.79739395
507700.67462728 1286088.85776878
830582.17168743 1027616.34323565
486751.33558317 608617.61683343
856865.53945879 1224543.38860655
1044010.66263999 1227113.33268366
51117.56913234 76927.50125930
467470.46969835 518271.52252463
439928.07468153 470362.63434610
1095425.02886733 1154208.25126534
375102.08117258 500139.54869016
630780.35958723 1242525.86896249
457564.74482744 528708.26280757
224844.77452011 876478.62847933
622623.76675646 1058916.14452987
670170.38109723 718136.85885073
192391.98350243 458189.88526592
495953.34968725 709684.49538792
933473.84685646 977218.44659472
640323.99360480 1155496.74965964
1230353.80717296 1264104.02498568
378318.66972831 986062.50685897
73275.10771060 987414.72043412
880774.43356401 1313775.85524472
762251.83635331 790414.05968518
264499.46353443 285340.84334704
746167.06396490 1047466.17938051
658208.58269245 1040773.13043045
661922.22335256 751269.98345468
130413.90448875 155470.48940555
729820.07694294 828718.26940945
846672.45325982 975479.33838754
695402.24307087 1146535.92554268
922059.96343947 922288.62582708
341402.91064957 798182.88286583
635501.65575945 778000.08756619
674930.56539025 678939.10246060
453462.35689636 949512.26680333
90279.39248799 668629.43107524
782241.98992703 1176478.21941462
770862.44981903 874955.93737113
368689.09344595 673960.44572512
619046.65656556 645896.82050696
814018.40339209 1050030.01261726
794655.99828983 807914.56519238
740185.71653133 802764.45194403
884937.38780775 945082.53579463
1012571.26252970 1079189.20894577
615965.07982352 672322.08344067
1002424.75915352 1002763.42842966
372982.63923137 381332.26475608
735860.39321192 741012.23224587
519208.80401819 519636.44828476
707699.74239998 1063484.82317568
470035.90231598 513946.27537321
437886.30898899 439285.13102084
239555.90036774 1444277.83271121
577078.00880817 586772.59709874
870497.62577505 925822.48976788
568551.68004765 694822.13461648
1003324.99710612 1248693.24560118
938890.67109275 1070447.03658658
965108.91864183 1036842.91042086
663327.02275198 680176.33150897
1040255.66265318 1234861.73664990
656438.78414365 906364.76000560
936265.11649746 982348.53691040
762171.19584120 1197879.63401086
660389.48754277 1265612.59641527
910543.55026874 974925.51804535
605745.73503823 622984.58161097
745462.64262805 1017533.05327444
707188.60357404 1120107.67299979
769147.90018890 792418.14060823
386455.16303965 1388216.50504091
723499.92972287 736725.55999707
473765.98698619 520463.12638745
186351.37231853 534903.11440952
802182.50691785 863862.66130966
214759.27520133 486333.71010141
748204.46170549 772174.83098324
935421.77166239 1160396.30910306
793701.91729893 1140996.06414220
763904.06835479 778751.68424409
959203.34770475 1069771.73405545
544788.27810903 696799.56472791
11406.95073190 66871.37669437
724825.12483288 1070511.95649044
300620.68317400 598107.14774194
343958.34422936 753536.67427472
546933.90567143 623775.61652008
929132.05472904 1056341.19409261
562189.92257510 1459447.20157634
419117.40570513 506708.63257399
390295.43245342 633534.69431910
947530.85877981 977670.39678616
826438.48175711 1568072.82555148
1136429.14206782 1141142.42802421
800977.83086987 1369410.95041956
715632.88698396 851288.87303018
414981.07388410 781241.05706882
415352.00825565 752507.13706250
901942.23012896 1050994.10214235
689830.92749238 707393.90681925
863615.91241535 1114998.99954439
913512.81588656 1118231.79467631
736067.15178576 849418.94081189
712618.33494234 755064.82397209
911853.18039309 1011453.60628800
709115.80070959 973302.33458058
350982.62988501 351534.05600169
503154.09476223 505615.30438862
183141.20815644 196179.07112891
501486.07896132 887027.91825286
357128.96312957 1085879.97239566
871256.58644741 883073.36023685
435934.13187086 541274.15501758
868322.37907934 1019161.29177378
305606.93213669 423493.52086897
624655.05473821 630736.99727382
348416.09386623 720114.89353644
569660.43729313 1328718.27718934
282147.69892558 484945.34862085
1231839.67991172 1317389.56505090
917621.38510826 1023190.90974265
458787.86438288 556405.88241409
635327.52140766 847548.12763052
635140.93006592 724931.06672359
432630.50541773 1882824.10225544
482378.17513337 1074967.23610583
743935.15947628 1444279.08258930
706083.87888834 804430.80852613
658241.29979514 719331.73835999
264118.24384166 330958.67773787
1122321.32043992 1300969.68858233
283045.72504809 343059.26774830
740060.72979182 942665.50891607
319595.18801133 525390.03995508
198493.69523992 457388.74668492
869185.62381692 992462.61529289
414928.74692651 846266.70293117
632709.89760316 694495.62376519
987869.89949942 1109814.43953347
844935.71057803 1146573.33246243
632525.56275695 1308665.96143745
1149284.95466747 1253812.78009318
985426.06105684 1072043.04999473
538420.84028852 568442.75465609
688933.86216167 980580.84335408
97325.86162475 226120.41462239
641866.90277035 985907.30203199
723369.55675851 913465.47705154
329945.07204988 620624.20063191
445776.70998158 981775.03358050
495906.08362471 1022160.38146663
604831.91146136 685351.44298528
436215.78115653 509126.99798970
215601.89493833 313511.94331476
310009.26380997 731107.78089144
868463.54159976 911227.35727150
373981.03767170 1298665.31240732
887285.69129114 1029278.70185388
553148.78171158 1394710.34180040
516146.30929030 1052647.38397718
792580.11120643 1094295.74939502
417969.29198806 480387.44502849
880623.55581145 1490547.85522975
243765.40158521 364850.21075778
241264.33146240 772789.15750417
862667.03073492 986364.31361085
685589.61948384 827461.60260401
874886.68832084 1399243.53651428
932743.20413820 942594.28634063
361918.04655336 552063.63382223
728677.60459136 1081936.12080982
393006.91569615 726761.51325246
1038294.69114168 1058457.98741613
348161.09701688 372715.91850094
489639.18683455 643126.33946994
936608.09489989 1311573.28059701
691446.04246463 1549887.96897969
1180599.31606367 1187780.39569695
657526.16683521 1105532.45203974
756145.29625264 775053.51025913
728864.60475249 1149486.08450081
633261.81233752 1086023.92099668
500617.72895893 500697.52292177
1137948.82509057 1242382.16790366
837993.30051857 898510.67852642
481696.59088684 645350.34854876
1119728.93140304 1395124.82592957
840567.28249022 841083.01395582
1057554.32810282 1306671.44765354
521910.16139179 673666.92183007
654677.20660643 667094.69815462
200886.54398939 217429.17766482
585220.35362844 934774.80316759
55796.87822809 1699126.32231627
531627.04713079 855578.27805584
758111.89217028 1187490.75223094
468432.95232722 548354.09609667
274955.12457127 735024.51969169
693250.36708609 1325902.81126672
1075307.82849238 1079109.83241605
563575.60122134 1395139.17119261
1031182.92456237 1091866.63581273
898401.45303533 1111530.42674144
650622.71487015 753208.56870923
611588.42524201 651024.88294227
891327.20713832 1058880.81326701
636144.77733375 837667.95635562
794160.59620835 802825.93166514
895406.05238797 1025811.19134712
265059.42952666 821260.19985690
869969.38823444 975698.59740444
224169.16614468 291865.79286035
1002124.27102082 1061727.45652215
686458.83964736 925658.87707405
619124.38896558 626036.72432214
245611.70620718 252990.67516808
502082.31335111 618327.51576491
590192.61281721 803995.47482309
748301.56816219 772614.70063286
433392.38793615 969116.46287172
876417.72414357 916129.40360683
798465.41847346 1066691.00171043
182298.99717223 594794.25267062
35101.40431664 290283.37703871
774860.17732750 915820.36781238
110413.95677178 575913.93337026
316353.17648792 1127829.95150599
1162293.08776229 1257714.18860725
881489.14956453 884148.49414338
464592.45315115 465464.38253104
562719.26573825 997966.47292832
977591.33748668 1054883.03670549
125825.52011416 1165613.91064108
541153.45482035 1098898.27340114
314910.14200880 674015.57516129
333023.08596252 530876.93236757
411989.12300327 821489.19290092
828109.96024079 828843.73234645
762950.98123077 1130581.95461320
373213.82120441 665900.18308602
980487.20528368 991793.55905803
1115183.06162217 1128654.88449969
1083029.34020875 1268004.32510816
823281.48472379 867944.55813087
75761.32034884 735032.38535251
1088064.47724572 1088577.40966823
489342.84241010 585023.01383279
973970.43633008 988242.33809173
389995.51385240 767792.81418427
173783.91069371 271265.99410173
803814.82540757 850097.95709495
373436.78277588 500441.06047566
474950.75769389 499206.91685312
570244.27877884 580373.13283783
566784.98806690 693667.93588431
841018.78609220 880563.40349347
982953.11844716 1174520.32708889
749217.34875335 1216467.84766101
394432.03372064 541176.87832076
170700.90151197 194171.15505914
173573.88156632 185477.16875670
586887.44745309 1052973.52877363
852488.63637001 1026918.58310579
680113.02039073 703207.91991629
287614.40447412 568729.94640778
1222248.07359595 1486232.61794142
550679.90409856 579923.09197858
855676.22731031 1484141.76155784
876277.30616512 880345.71035247
997784.04129551 1055879.83340909
612617.71936829 762093.25609403
961662.38207492 1121771.06545409
124372.55177088 135097.43900607
312558.22478380 318690.27131056
261339.27349903 356636.89122832
700194.67762616 786247.98247881
837167.14559579 947688.71969914
541283.13221456 572478.84620132
253057.06757568 674760.72534936
332331.47059675 635292.40589590
169344.02204093 191891.45081790
668421.46890865 965187.52180600
932574.21067119 932981.20775555
98660.15423665 504956.37619303
822395.41790856 1013217.72305117
871946.44854200 1075488.57049668
250841.17175017 602195.63153929
954420.89462092 996985.60452245
300898.24021586 308351.48015374
893535.94278966 972237.17015191
1020441.49999204 1152964.90052126
989187.43473318 1025837.29861709
738433.27747942 1225716.01124608
653249.31783355 735589.16081873
359644.67972709 588454.88401066
1032516.16050597 1390956.97198511
829169.87569074 926494.20278435
1042219.40138581 1066553.04823014
892458.10585652 912578.52203797
181798.36852953 1287318.07480824
357435.67395827 817064.55530148
167423.17944956 1318887.77612995
982456.35348803 1143366.59830738
1053204.75147048 1302391.82945379
408028.77036430 1785548.76875794
473117.65324600 951527.06304603
791351.76925688 917428.05410888
341806.92086615 590943.77466896
870831.39820519 885631.69161904
338801.87124926 627474.87772022
573096.96845298 752235.05317554
554664.24973041 949115.25850605
280361.72372847 322083.08747899
664192.27647196 680692.74178957
790886.98865009 1585635.99107487
285492.09823916 654970.07513702
683930.64048922 737259.87740823
955161.40087945 981547.93929283
567119.00986125 910416.46027848
845452.80355559 861055.63946821
282917.44952371 703399.61373674
351700.94527169 1171221.76738011
589061.23805934 662713.58804841
89550.76730548 1040055.48860674
479331.78483802 747534.12141253
875834.30320181 887040.70801570
767844.77533548 1046262.37656240
775313.28557751 958027.04451649
530383.71444832 682945.75903215
164103.37682388 906635.49444360
860396.64079598 862574.53455629
857772.72188675 859180.20987974
646391.33993039 741787.85877433
728658.05779735 766104.35771179
975360.82131332 1160132.23220847
869420.48400069 999552.38444616
464420.97276178 473268.46876271
400013.20618825 953444.78943513
218041.94796415 250784.20136045
328768.12152640 332176.61731675
1074053.50944960 1218864.44869682
698546.57718222 707804.04798574
331019.91385414 737495.73049612
996113.66223790 1167669.64505591
390756.00021753 558028.30988580
830600.37197500 1031957.52749859
371906.21898807 453668.27328567
661227.88998953 830958.55789323
706439.37717047 740590.83869367
814449.86071888 955175.98204781
828900.91714269 1100090.81301682
839289.00426254 1218680.89548987
866046.94700114 869895.13154748
551000.64547058 562183.57560943
256705.73234932 290809.11630312
248260.34343004 395593.14923290
123193.57206040 156103.27378053
955119.65173794 993421.51135155
232380.26700432 558397.97611112
463865.43411209 532484.28380563
405713.37226668 504594.30424055
1032305.28700429 1098959.96419205
932576.42805134 1195657.37928430
589136.19491591 1206341.14134435
139715.39695037 348693.37393332
395617.28734978 461050.39031542
700261.64822372 1136258.09670735
678427.31238726 724498.72120315
529375.80105252 599076.44414382
622093.37539151 641535.72675729
308965.60059657 1104095.16205805
911524.89699459 946959.72369737
406340.60206310 433031.32343631
415631.23850957 417322.53612883
190834.29906859 508922.40074986
649606.64217740 844803.62875937
773767.75902851 787487.52587708
380764.39230185 426863.16253455
512867.45445973 736335.00350316
353726.45409271 1166018.79660192
629439.02603668 774230.94276191
270542.10210243 848433.61604430
559771.04337399 904616.14742608
83456.80421032 116323.17387778
314120.33176157 1386889.19435188
1053836.36705373 1121939.57753036
492685.22204852 731464.05457343
287930.98525341 413874.31482154
1022251.74216775 1048978.09001189
231139.73510844 236909.37771646
941898.67864649 1011651.48111195
255241.73280441 1478271.92964387
1028970.44271738 1157717.64547751
960382.77712587 1065215.01685434
708082.12757914 927027.50768518
314125.26441533 934613.74556337
1159102.87725335 1196075.92342000
521881.35987502 524613.66002517
589866.47733618 663211.23133810
891234.11033521 1545868.03718461
660717.52614336 709690.81704148
1020283.94947779 1065417.49715405
835122.45533335 877739.35050560
361974.97298156 485138.59402134
685154.67638337 1188438.28921573
875915.87514156 940017.57349584
521568.35055916 1076617.64071791
855997.78936397 1020784.07720536
268352.30850693 304659.10789766
589632.63242972 612032.33004965
504812.96120940 953758.78605285
939963.79563151 986045.05009153
820729.88755436 844892.36237819
594651.43140246 811170.82648046
812051.49341775 842969.19652025
726001.83823046 963171.58915429
754198.02149369 1493364.41883721
927929.92985462 1729863.39782076
873002.60834261 887091.16417029
841035.19533311 852213.00285140
998581.77471552 1009313.92484697
969966.91172122 974216.65126090
987299.82620529 1122986.10424573
592201.98826076 1266821.38155937
808592.69383912 1459797.35921463
247254.61054144 462843.59810415
735799.82280509 802594.63743536
401573.48521286 793614.07170110
732915.90283538 876509.82560893
489350.27845706 860641.10678145
902355.96682074 971548.14352404
690160.89153182 750022.07407782
880230.41620362 927786.96206511
623801.71017720 712163.49254648
889604.04235424 893738.95825851
655937.57884497 706827.42175230
778377.80954110 820917.93869180
593700.23721909 628886.96229609
32785.77339335 622265.83838822
1113139.06009492 1189319.68019578
1300408.20645903 1304469.76467912
558494.82159999 877952.12583489
1164037.40956423 1175980.45436351
413621.20778558 510884.78820376
551846.24985679 567262.95056261
527291.81257061 730214.54533308
438044.82457849 1142070.36679882
644776.36240793 1000222.98001996
453001.99126494 753822.69406141
904572.51374392 1563550.18607942
843345.75065865 1251345.89552609
169647.40895163 206193.16778206
969354.26090001 1003367.35505447
939567.84584244 1089743.29827029
905628.24910114 1041765.96500846
430797.47186120 935304.96393529
649780.64354827 655027.23726728
564512.74261083 1203312.29739000
403570.16250090 561769.46573928
889166.54169284 1043992.60462227
929560.06450471 1361178.85976899
147863.08322567 623284.93894927
896011.97551651 911380.64340922
659117.70137434 937063.90455774
584183.70613789 837008.28435625
1177420.34246271 1244197.27985758
387705.23501366 499285.69234157
880850.88261862 951189.27520131
625324.34875031 997365.76808511
143428.13796463 541280.25155921
685530.37246354 1062096.98390025
645127.58567666 1010562.19135737
318807.79058392 1115844.13466084
693392.72393067 1013392.49168128
531205.76870832 1106124.86142433
921089.91929833 1028433.66465952
663045.21675750 1090301.01133815
645008.88628375 785430.78932329
284831.00458342 429825.92210801
220597.65356186 762448.36830109
762920.04895467 1334946.17984584
1114046.18283086 1167744.11913741
363078.15076372 1157333.93637705
968144.52339565 1428877.99808976
925681.37931202 1436332.56808756
685220.82709518 715710.42676840
704556.94778563 750693.25833725
469336.94195642 1479130.78262370
529566.50596974 632635.65158233
894743.29329143 905831.94684334
1047551.09866059 1076333.77876242
1001226.34701450 1020206.61830631
556703.29765504 585602.23295339
383778.76718886 472508.91146834
533653.50165159 928131.27846496
808204.57662463 999476.03873079
361257.27717653 1302321.39700191
660007.66748576 702264.34172895
862176.75362596 1646546.84373236
310642.17462701 433479.93040624
636241.92119036 658254.85175576
148223.17503346 206344.17064943
775002.68304568 1292610.82695450
486755.93001113 489177.75031271
463793.72494677 709506.68874930
450600.32527729 493023.22647518
526868.28923081 575685.89308841
911063.34889512 920557.36651227
893244.13393484 901068.25153758
763240.91289841 1139452.23161043
866852.56771380 884944.85385023
1106843.30633609 1112718.68129775
84809.11321904 162221.50768933
549774.34453055 896080.98786884
374113.95217099 687418.99689272
758077.44132971 760073.41133143
973409.91495104 1296427.37711181
744039.58398058 764027.15765999
229288.99417547 1045373.70998988
183131.16901281 310079.31415043
403821.56317364 404024.04616062
630953.79531706 840207.84744312
651196.68983572 1255792.92110801
722006.33598120 847325.52803335
405696.08152902 1068182.06385616
579584.89342718 646453.13634400
861980.89542866 916602.97238008
303179.34062202 421245.38946794
721456.06145142 752541.83281529
686392.01250087 862127.17891098
199830.74542472 306351.35808578
692389.07330778 783919.81337124
613942.15528501 897570.99927527
37449.21581288 483880.12017544
459309.63613232 594933.57385510
388920.49722405 583861.67228291
709891.75996415 856292.66484830
709128.54030563 793926.38788492
704246.61514345 1204689.95007056
419878.55163249 519616.22818095
970631.58807964 987748.42342066
643623.34573646 869157.15191040
826954.80291610 1036796.79613027
628579.12865446 638050.16976724
652708.23997940 987958.03869648
916559.55307879 953997.40786650
838404.58993018 1289081.70506140
184191.38307749 1023624.58815525
621933.56354598 719064.86972526
798412.89953131 865192.19456142
351353.14269834 904441.64852576
938122.82474844 1136637.26584782
556654.19892874 1000666.56539379
1005020.30973757 1059293.81968224
1184273.82077119 1212843.73797287
463631.31478471 478912.48781066
562423.42179980 704741.01027612
1115464.04323089 1128360.80078182
1002094.41619939 1002805.27677610
188698.67289941 972635.67049230
1151463.96476876 1325751.75667883
793735.27546217 875864.75206678
753558.95185977 811455.95035590
934887.39135363 1200684.37442652
755299.86748907 759182.26866346
171791.25097920 635013.73790572
896892.47192849 936299.95151661
954553.88744376 954980.31775843
412212.73235673 414237.72040339
466185.74001572 542102.81464866
891268.43104084 976352.21534137
452663.50924390 498038.88507726
740366.98445163 775583.90526493
964855.22425802 1781157.07199842
540094.08049432 543955.85624663
965508.40082725 1030504.13051477
955690.98277006 980868.70571958
921045.24001810 1109313.85758946
421298.88731161 442030.62075155
1033488.99845620 1036298.44885052
575053.45702291 619177.42445441
652508.54132341 887879.30303392
515690.30021613 548438.34087069
986304.02169412 1442678.44588113
799166.54265553 1019465.64278547
824737.23024246 883766.41685912
517045.25186583 545058.71533716
534548.53506581 1285660.78754273
834701.58681052 836932.28036682
651980.27830909 825009.72932445
863345.79370320 945015.11246382
687093.02687264 974003.44129628
230250.76720176 518938.54569207
81243.69992806 864366.83699110
774955.05951829 799786.13923536
457896.45670173 652304.31691351
632050.96156876 1164541.79594551
680966.74458082 689720.79049497
681527.53729325 835991.19596142
275635.15803504 336223.51490787
1046385.20709918 1053588.96768901
800611.26767302 862522.40229051
919784.30361960 1024011.93007943
731582.92915158 739986.36107026
925182.25376085 985876.48075101
499442.63911284 846174.30080805
676745.01632003 1189781.62782336
340123.14762303 480409.74084733
223354.65569582 342085.85702569
1111223.18931617 1474198.85148850
419660.63749773 831383.67198605
437097.58263573 1260803.62833631
321387.48158103 629618.99000983
888451.32903778 906794.01504697
274273.45260524 279142.11884988
736703.31536786 922088.48260566
818833.33200353 1018667.99627160
977176.47748245 1007645.62559711
237284.43274897 263729.18603181
510450.79770042 1299808.55060466
298594.50807073 1724988.54612139
270538.79587224 923356.32115235
540440.30548803 546706.75069181
579376.25943509 667756.63373493
734846.55547196 736058.21456254
236947.60560301 452900.64506578
218397.77944155 1788405.03621439
265573.35407943 336970.64290677
185579.51760364 323637.54228766
557923.37374320 812228.18321516
1184158.34591916 1194127.63971780
753356.89450618 778811.57579995
419727.75614796 823799.95520818
688567.60394096 851016.05935317
99391.88001039 101923.51887567
849489.28695423 998334.57612666
942316.91490124 1462684.80943538
703233.85313422 744945.59589946
948853.63982281 1071063.25504753
608729.97342500 979028.53787313
498646.69172571 566801.78647654
509516.93467440 518645.57791232
598782.52540718 631904.70041376
874066.74016118 1156021.96869264
943530.72975606 978526.19974838
452926.04656500 855913.93655262
1057783.22706734 1148942.10800588
376942.24277600 777191.96717735
486953.47832519 527381.34013729
872467.86615095 1168887.95727649
756227.34293134 1149652.88796445
547700.64138725 630402.40965276
1012223.42963004 1229528.47823546
846465.54232172 1296136.04777045
647291.23613564 651876.93331947
1150820.14779113 1169336.89233941
496888.58251524 507518.60657320
355759.51218344 361454.77596098
773962.20452229 775457.88582295
1113348.80752664 1259082.30885078
459617.48045195 484291.38720093
969826.81527425 1437379.55633472
274681.71003545 315468.79737939
913398.42045079 1040439.23051085
981938.76981409 1000531.48176557
680637.90558343 737561.50739108
581381.44533516 1264705.74311181
1073919.74335236 1139856.51446224
157482.77841720 192785.48632612
840761.37203490 1153373.04022680
376725.66899138 378471.67534308
171016.33332814 773173.20980037
341130.07757306 468542.34197669
497368.44410155 852111.61244522
873865.75752229 901995.32707548
755301.42823445 798289.92921432
485002.58315395 1103379.50730744
677694.77966707 901259.46746761
232872.61438392 308116.44592589
982774.12684909 1648704.42326210
1037313.60050517 1246964.03524440
214860.89942100 312627.00239743
422511.44849814 508045.07198870
799200.54244288 860227.99550875
719084.72978502 733290.90520066
353578.83371746 436276.11933843
1027828.57061769 1169892.27053178
1054298.78156100 1061077.85840672
778373.19939024 823919.92986515
621777.64543042 694028.62834108
323381.14488789 1470217.32883305
729293.57682966 729835.53629910
357974.85463786 1149062.44612075
1025343.90771341 1074145.80282055
316281.64584117 336865.03603075
1098081.43334181 1172639.72701678
251092.13813459 290834.21457078
1049007.15973629 1078653.26944760
899870.46876314 1106756.17370765
710400.00324958 965293.48215815
890372.52496357 1029888.73018497
176390.20164397 677996.77782125
502768.24160343 1077645.17683930
874058.10022504 901707.44544392
1170812.34292477 1205482.49297657
682539.75511760 1217769.20615525
346696.19356001 514327.46729394
1016906.65103243 1034797.13382769
644638.10378382 648352.46621726
828372.32517872 1241090.52910817
788975.12377578 1351681.14153635
648472.28954598 708797.40146603
1078645.68666685 1347444.64451383
990798.41817900 1189459.63211283
470654.64560121 573249.74933619
466017.01876648 488106.34731788
238693.93440555 781508.66444973
699687.07249170 723024.49088534
538599.93449684 633813.28714378
291881.65341796 411672.60946777
882542.77564376 892701.70933017
522992.46107855 664562.52230847
469852.89803193 672368.45941269
678781.58567318 1325083.53336422
811649.06414164 1116246.37581584
980497.73463532 1125710.17391201
1083282.74100394 1330325.31360002
716655.87700444 739545.03213327
238890.92943852 684298.25275825
290149.91488711 369939.07450417
562430.19330847 696960.05731821
807492.24450022 909213.40322721
787088.14346171 1114373.99356320
881747.65286787 914491.03541697
678594.52031534 957414.18560725
666934.14138804 1726944.40766025
1113206.98983837 1115177.40544946
647338.10385686 1128012.97637261
320719.89755548 668997.48290109
436556.36205649 962025.07839245
699287.63786084 1079926.03478618
1054665.86549485 1094898.77023951
930613.25652819 931416.52901911
869836.75121715 903862.78435833
134929.50296358 207078.28230406
738432.70876770 1660931.79888700
888811.14052930 1259256.35350114
107709.17874072 238912.33778313
918675.23349277 973617.23614211
374514.33963067 908001.59481633
918749.57286793 1172876.38486969
622174.08451735 683429.55776656
363194.51324325 384206.51865631
747367.88164130 897933.29956573
589530.19193253 1184533.47736398
772632.25294638 878509.50872088
965109.00082633 1040575.35074592
413806.22205327 447306.81843451
558277.33246927 558431.59891700
684865.72645154 693589.95060771
814151.18433126 1432136.22484036
732478.18918654 978597.35655171
980666.48116727 1079033.63902383
606978.38638044 1352093.57369414
610909.51541124 753387.53778384
838813.30920831 947594.86291189
825859.50504490 839402.52602968
389798.36916154 452459.33732105
385732.92325260 1186189.23519015
531385.69868317 1119100.12290456
737381.00626542 1032823.85012015
901454.92250750 946001.53798236
355327.80114283 701389.24650511
481669.18344129 1174583.36034400
574876.69694031 858482.63601135
733009.26715629 938471.97430557
399251.81433401 473799.98590650
1051417.82114866 1065437.66346277
657778.71805418 691249.35900513
881087.47387362 911360.18125711
938913.13664790 1217989.01532075
1069610.85236828 1158685.69163514
631803.22557027 1394243.87554581
756170.27242546 827509.03189270
647066.47660422 822218.99758945
380817.54430304 445523.68912663
983879.22104697 1208557.73653889
853188.89105403 899161.46093680
1071455.54287334 1109248.45808773
424150.44214524 720057.22190670
702242.90783247 762178.76235500
573916.09604541 785382.77336086
541564.85947391 800201.28052947
729352.57258064 913628.79905682
887932.43765503 1291733.74832432
464765.71189471 1143967.15384359
410272.06582096 639549.83857789
589878.85261976 936035.54888049
935040.05254374 944188.91772621
320906.55926141 957577.10529074
1146619.65320894 1147331.36020114
820030.83490379 839929.06844864
374073.62159473 697007.20431643
570715.38539363 665622.13738802
1032266.77435874 1351844.93933328
414356.87905114 416559.20584834
461887.96244327 965274.93779234
1095122.12303332 1131089.73017042
372273.68249314 741573.38817207
914677.46275340 1260302.74897463
362055.47783731 449720.96428341
561264.66553044 569639.40248986
526700.93039314 1006981.75948773
316393.10178479 627149.48658593
1072233.35099128 1128467.44121840
488312.45856828 787737.22831475
601573.92380322 827073.09634397
433896.03854956 636077.03719361
931787.67811986 1275194.70613864
866255.53597827 871787.69485753
755002.73237982 867077.90739991
560369.04180192 1360943.67695728
893913.67499608 1008372.69009280
809218.12735504 818729.04476389
302494.81593079 348444.07368328
850166.70201673 1035751.38127738
328807.24930725 1503109.23717373
1064361.87479635 1137924.04350027
860996.74937656 1309234.11674345
550114.60562050 666353.93403581
509194.03786769 595204.39416725
470281.06428497 825679.05455146
742306.12416442 787033.34578657
252137.80227883 1228599.38273548
120214.67832590 314045.71242575
650449.81153430 1431023.95689136
1036511.88941854 1043363.73926354
469211.52655066 1385231.58393245
897721.73554615 1334779.76937771
787790.75796876 805681.27018381
847454.07271722 1012969.34133517
927468.38529947 985038.24878123
730961.37015440 737610.09500277
663510.36886623 719955.36491160
536114.12008452 682684.72723066
158705.27365214 351819.13782653
117871.27360388 444811.66561703
753996.93382732 1123292.36004034
231819.17052737 1369099.31802189
742736.93117617 827273.58715542
243043.45546630 249201.95716126
685951.73394197 919949.40172273
249799.97498999 265479.41461627
1072239.88313437 1108449.79514636
502623.55188451 612981.50461576
449141.51987653 828017.43186783
633446.05095935 690119.69932759
595044.48711000 953712.92078487
440663.68314169 586297.89761179
611508.02690562 725690.94846911
212861.43196455 791103.49316509
857122.60945853 980887.49577360
975142.25756143 1183171.26775543
829217.48743017 1361487.20232693
659721.91207887 673977.53659673
950283.99264483 1033355.75244782
68128.30038978 1154764.12411280
1044207.11492117 1050130.93077959
548531.85157837 839584.41496016
224333.28275804 354528.49680808
1291265.62333433 1304807.17830835
846568.49302700 1054326.21181207
977041.83365350 1144257.01837175
515577.44348643 1479788.03371023
911440.26285270 1101357.51388412
1030594.67242413 1349107.13419395
296609.58908302 542671.16627291
935638.04829913 1234192.83874968
844192.75613156 1428612.20842642
531639.35962737 776104.46370125
952101.71142006 1199192.21629103
522885.32991948 732525.64754894
765343.57587295 772819.56526605
496448.63360171 1785331.52564475
174661.93549826 810126.99011698
305971.46484599 421153.10572760
694750.88799152 847522.37942428
497140.35499947 546382.15574907
286462.94567012 623694.11679925
881062.31519740 932674.87254938
573655.02829837 795853.62338812
99324.36273141 1332412.16009612
879254.54451882 1032514.79677581
634838.36724398 643273.15779924
424939.01734837 705828.71337528
511405.81594366 839346.84426702
1187520.78817089 1212215.55585218
1029613.55827563 1227828.16372854
819954.97021788 1389468.89378100
616201.19252238 857408.18108180
482729.78076042 910518.47874110
748314.84456878 862396.57075501
429292.52966480 666583.23871067
748577.39210385 755014.71642942
797324.94497288 804745.68083339
218540.61099256 1021562.53146491
955662.07285316 961370.64748722
294597.70546628 296950.85433452
770856.41276505 820844.14909348
527256.15103477 776682.71539928
411864.67002281 664382.91809242
835855.63840235 1581097.27253860
1272800.53025837 1340262.18395730
465247.18849339 1149737.92887988
493283.53841275 581204.11726088
727414.56105099 730319.71381101
223343.21234369 411898.01049289
471448.59822148 502127.99792583
310076.36161436 497636.50806588
467367.91378527 601700.90327338
727513.21740914 806289.12517595
936737.25440222 938718.95409489
421897.02063537 807209.03141937
799116.41870318 1499970.12059607
460117.95128641 1595331.52930794
913628.34203466 1137175.85899851
749106.03960254 1014607.41643308
581213.68315792 721296.64375346
870217.17478800 877191.73776319
779777.46493535 815708.61459531
712773.56107673 785970.56826449
799104.40925451 1033614.26898142
677610.62399360 901550.80625609
173301.34349450 769646.66142133
934483.98255401 942200.39549238
841250.55319328 917841.79435238
939440.94503327 1236309.25795328
