870 5
-74 75 99 -38
70 61 39 36
-34 55 -44 27
-54 -11 -41 48
-12 -77 -80 0
13 -100 -54 39
-100 51 -32 62
-79 37 54 44
-56 -65 79 63
-37 -22 -61 -18
-80 63 37 -78
70 15 1 66
45 -13 32 49
-89 40 -56 -74
90 42 -13 79
-89 -50 65 -54
-37 -61 -29 64
75 -71 -100 -18
-86 97 60 10
91 -49 -14 -89
-45 -31 56 61
-23 -25 -32 -14
-100 52 85 -10
-92 -37 -73 50
86 81 -79 38
10 75 -12 -72
-13 95 33 -14
70 -11 60 -75
81 -11 -32 -1
81 -32 95 -38
29 4 -94 47
-65 -2 12 -24
-63 -63 99 -66
-15 -56 2 -34
-51 35 -59 -52
4 -66 -28 74
0 5 -45 89
-36 97 -25 81
79 21 -74 -7
-33 74 -17 9
-88 -22 -58 -48
-61 -65 -23 66
-59 -79 -39 -89
-78 60 -70 -71
50 31 -84 94
84 47 26 -83
-22 -60 -75 54
-24 -12 -56 73
43 -90 -61 56
13 -79 34 -89
-33 -64 10 -26
97 26 36 -18
-1 -12 16 18
62 36 -88 -86
-36 -43 34 -79
42 -77 23 -56
25 -90 76 19
22 -10 74 -97
-50 -49 -59 74
19 -47 12 49
4 67 22 -26
-67 -75 31 -42
-64 28 -42 56
-24 19 0 76
20 -50 89 33
53 -24 -33 -21
-37 -87 67 -61
-61 -81 42 32
84 21 12 -25
49 -87 -12 27
41 89 -7 47
-3 65 -98 -59
96 100 -56 -9
27 58 -99 97
-14 -41 76 49
70 38 -29 36
68 -54 95 -51
89 -13 6 -71
15 29 96 59
7 -7 94 14
52 65 88 -73
16 14 -39 -51
-45 99 68 24
89 -36 -23 98
-23 -24 75 -58
100 -2 -5 -21
-41 42 -82 -15
6 -8 -17 -5
-17 -59 3 -62
-18 -50 43 -37
-25 -98 -91 15
29 -3 -9 65
35 -54 -73 94
-19 -11 84 68
55 -78 71 -32
-74 89 -45 66
-56 96 -86 -38
59 47 92 -6
-94 29 -99 57
-83 76 100 71
-2 98 -33 5
-55 -66 -28 -45
40 98 -49 29
-23 -39 -94 39
-6 -19 66 -64
71 -88 70 -15
-92 -27 -74 -71
-64 -33 13 54
-20 8 -10 -19
99 31 78 95
75 -79 84 14
55 11 -42 -91
72 -80 73 -41
93 71 43 -63
-79 5 -73 78
96 -42 98 93
-56 -62 -56 94
-57 80 71 -99
74 -18 22 -51
-18 -40 4 2
-61 40 -2 27
28 -80 15 -90
12 69 -8 -21
-22 -83 -3 93
-84 8 -86 8
94 42 95 -67
2 -49 -28 33
79 28 69 -42
-36 14 -12 75
62 81 75 93
1 18 36 89
87 63 88 32
-22 -24 47 97
51 -51 91 79
-67 -70 2 100
47 -8 82 -38
10 76 -39 44
-71 -50 -24 -57
84 -91 -2 57
43 -91 71 -84
5 -23 46 -4
39 17 95 41
-56 -62 -94 -25
-45 96 -85 -55
-71 -33 69 -21
37 4 -68 -16
88 38 -72 -43
8 6 68 -7
100 94 -30 -51
61 -82 -37 -4
12 7 38 18
-67 95 -51 14
60 -39 14 -84
-96 37 17 -55
-20 -40 -13 -4
3 -84 -92 -18
63 -29 -30 72
73 11 -33 60
77 75 96 92
-23 -89 -54 -83
-13 82 -8 49
-95 -77 -28 89
49 37 -30 -90
28 100 -69 38
55 -24 80 -67
-10 63 -7 56
31 -90 -6 -35
-15 -41 41 90
-26 -5 53 -75
-28 -30 51 -70
0 31 -54 -20
61 -99 30 -30
-19 -54 -7 -18
-29 -61 35 -83
95 9 -60 54
-28 22 -3 -41
-29 -41 -79 -56
86 74 31 -94
-78 -11 -92 54
-22 -13 87 34
-13 2 -40 -35
-8 25 31 -68
-93 -96 -76 69
-99 -15 -84 -31
29 13 -43 30
-74 -16 -85 61
0 34 -28 24
-28 58 77 0
-12 45 -21 -46
-9 -33 -46 -54
90 18 52 93
87 -38 -33 53
-5 60 17 -57
19 45 63 40
-50 -96 -62 38
51 -18 -79 -51
-9 -55 -69 28
-96 61 8 -35
-57 -17 -53 -52
47 22 88 38
41 -41 30 66
72 -75 5 14
-85 48 60 86
-88 -49 -97 -2
29 73 -56 24
37 -85 63 73
10 -46 -78 53
12 25 -95 -88
71 -83 -44 -71
-12 -12 40 -27
28 -17 45 -41
-76 26 2 89
-81 -72 -30 -33
3 19 -2 90
-47 66 67 13
-78 -89 -75 -44
29 52 16 -17
7 51 -46 46
33 14 -96 -27
-42 -52 85 67
-34 -76 95 59
-13 -72 25 -36
-68 69 53 -84
8 54 52 56
21 81 52 81
22 -24 7 -4
-13 -18 89 85
90 51 -94 78
-10 -69 -15 45
-91 65 64 93
25 -87 -72 79
8 40 -70 38
77 45 1 -42
-93 -40 54 52
70 -60 -68 -77
49 90 -24 -40
-88 4 80 -45
-82 52 34 65
76 -43 -29 56
-93 -37 -50 -78
-91 38 93 -99
42 63 5 -56
74 93 85 37
-31 88 62 34
14 31 86 76
-50 -53 -63 69
-94 -33 -49 53
-71 -15 -58 -2
-3 69 11 45
83 8 97 56
23 42 59 9
-57 -79 -72 67
2 94 -67 30
10 -69 24 56
-92 -53 78 49
-2 -21 -89 -63
-14 28 -31 78
14 5 -7 60
-78 -89 -56 -13
-27 -77 71 -48
81 28 -49 -27
56 -59 54 -4
-68 -82 -76 -45
91 34 93 63
5 -89 -26 10
23 77 56 -76
-88 95 27 80
95 59 -76 48
-36 100 -43 -88
28 -62 5 59
-32 11 9 72
1 36 26 95
19 -87 -38 28
65 -17 38 21
-56 -9 60 77
9 -43 22 -87
91 -71 86 -46
38 59 82 19
22 61 9 -13
-15 -72 98 93
99 69 -57 -65
-51 7 -97 -83
-99 9 -1 42
7 96 71 56
32 -51 -7 -35
79 -66 -8 -94
95 -68 27 -35
85 84 -34 -47
-45 -2 82 0
45 70 10 -12
98 46 42 -82
-98 12 38 -74
30 -82 -11 -63
-28 -35 17 58
-60 -12 -41 -6
25 -44 -20 -9
48 14 31 70
19 -50 -28 22
-51 67 -57 48
64 25 53 80
8 -57 56 12
10 -81 90 -16
-57 -73 84 61
-10 68 88 -12
-3 65 55 15
-13 -87 39 -69
79 54 76 99
86 -60 -63 -57
68 -98 -66 -59
-56 10 77 6
69 -79 87 24
-81 -62 40 11
-11 83 -91 -75
-65 47 -81 45
-46 -16 -85 -92
-94 -44 -66 -1
95 91 -31 -53
-73 61 -91 -49
-57 -9 -34 34
29 86 -82 26
48 -83 85 65
-26 -33 96 -20
42 -93 97 -7
1 51 -93 31
88 41 -67 63
-84 -40 -85 -45
89 -39 -77 -4
56 -26 -92 71
-62 -3 -69 4
46 21 67 -98
-65 12 -29 -92
-86 68 54 -60
-67 19 -30 22
58 -50 -27 41
-7 9 -17 52
-76 69 -72 54
-4 29 -100 36
42 36 -15 -76
-54 -68 38 81
0 -87 68 61
53 70 -88 -43
-18 -76 31 -41
-74 -14 3 25
57 53 15 100
-18 39 -64 89
75 -64 27 -28
76 24 -12 -77
82 64 30 -64
-59 0 -70 -35
63 19 -73 9
79 -15 5 -4
49 0 -88 94
94 -29 14 -82
29 27 -13 18
-94 93 61 -64
64 -33 -27 -72
-53 -94 -50 46
82 -87 75 -36
67 -64 -29 94
42 -10 -31 -29
32 -50 -95 52
-14 36 -88 -11
43 63 39 12
-49 47 96 -79
-49 -35 -10 -24
-52 49 13 -41
-50 68 87 80
62 63 -19 -88
21 75 78 -8
39 65 -99 -82
65 100 -10 59
23 48 82 -96
-67 -81 31 -90
66 80 -40 90
88 -20 81 -2
64 -61 39 0
34 44 75 6
87 9 -23 95
-59 -46 -91 -1
-4 92 44 33
-8 83 93 -52
-55 -18 -16 -38
45 -27 -14 -96
19 90 -54 -42
-26 -99 25 100
-26 51 33 -68
97 -76 63 17
27 -6 1 31
-48 37 85 89
-47 45 -36 65
73 12 -33 -89
94 -28 -96 -64
3 -97 -29 -55
61 -42 0 -4
-75 74 -79 -43
-83 13 -73 32
-32 -78 85 92
45 -82 -84 -91
-38 -74 52 -33
-60 25 81 -3
-75 -74 14 -89
-79 85 -67 -43
-55 -76 82 -78
-99 65 21 24
85 11 45 53
36 6 51 -25
89 -34 -27 -4
12 99 25 59
26 -20 -66 -53
42 8 13 -19
-90 -63 -12 -65
39 -13 -90 -48
84 22 4 -84
-24 -72 62 -94
76 -43 42 96
97 100 27 -76
94 91 20 -83
67 49 30 12
-79 -54 -6 -1
-47 -78 60 -53
89 -88 42 57
-84 -3 -91 -82
84 -76 -45 -79
-69 3 33 -9
-65 -59 -84 -55
54 92 100 9
80 -22 -86 83
84 35 -47 25
-72 -78 -8 -25
48 100 52 -63
70 35 -63 -31
30 72 70 -56
88 -19 98 89
13 53 -75 9
81 -45 -56 24
-96 11 -14 65
-68 -75 -98 14
-72 -48 -73 -49
-26 66 -73 87
-11 46 -89 -78
90 -47 -14 37
66 -40 64 60
-58 -64 -78 -24
48 67 33 5
54 75 -22 91
-77 -68 20 -37
93 -35 45 87
-42 22 -80 7
12 86 59 -38
73 -2 -61 46
34 62 -46 -69
2 63 48 -51
53 -78 83 91
-4 -40 59 -22
41 6 -81 -52
84 57 10 40
-1 -75 -20 99
38 -26 63 7
8 7 20 -54
-50 -24 -5 53
58 63 92 14
-93 -75 88 42
-88 58 20 98
-58 39 -57 43
4 -29 54 -18
-11 61 20 -27
-43 -95 -1 -88
-36 -5 69 31
58 59 -42 71
-30 -3 -64 97
-44 -10 -39 69
95 -30 47 66
-19 49 -67 -36
-60 -70 -21 -63
94 -17 14 -87
51 -99 -49 -60
-15 82 -51 38
-62 70 -73 -64
72 93 72 -28
90 -13 83 51
-48 58 -66 33
-23 -2 13 69
0 -3 -76 -64
-28 32 15 -91
56 74 63 -29
-7 -10 21 -95
81 -26 43 80
-64 20 80 48
-44 -5 -96 -82
70 16 5 67
7 -71 26 -14
-59 -17 -8 -54
-66 21 -59 -29
4 25 -79 91
25 -24 64 -42
-62 89 -19 5
-46 59 -89 -12
-86 67 16 63
-54 54 -82 24
67 -23 -39 39
58 4 42 -84
33 -53 -65 37
-37 -26 -84 33
55 -12 47 -17
25 26 -9 -25
24 -91 -25 35
59 75 3 83
-91 -99 -69 32
-59 0 -100 11
17 91 34 -30
26 19 50 50
10 -80 16 94
-70 -10 65 27
80 78 -6 -57
34 45 91 63
14 -46 -100 86
1 96 59 -11
84 35 85 62
-44 -100 80 -6
-77 33 48 85
-77 -71 41 -89
37 -82 -73 96
-6 -46 68 54
98 2 54 -92
8 44 -46 88
-29 -68 98 -97
53 -73 -76 -25
99 83 -69 -35
66 -78 -55 15
9 -31 -53 -14
87 10 -6 -27
-26 73 -72 5
34 14 -68 78
-12 74 24 -43
20 -82 -50 31
7 41 27 100
-55 58 38 -41
-59 -95 -77 -1
-29 -64 15 27
2 -60 -98 49
-17 26 -48 47
4 -50 -23 91
80 -42 -44 -40
71 35 11 94
55 70 -6 32
-44 -69 -20 81
-7 -44 -75 -33
-3 55 -53 45
81 15 46 58
-19 -70 -12 -31
-19 -46 -68 91
-50 -22 4 70
-31 42 56 31
44 -92 96 26
-11 44 -94 80
52 -85 -21 -38
-38 -78 -12 -66
48 -55 50 85
-88 -31 -60 -27
18 -18 -57 -60
69 -41 34 36
-44 -28 -3 36
-5 45 52 -22
-58 -1 21 80
54 -44 -48 -46
55 -69 -98 46
29 51 88 56
98 -31 27 -1
77 1 30 92
-37 74 15 34
-51 -46 -24 11
-77 -88 -94 7
-55 -88 -14 -44
-52 -17 -3 2
21 -64 -35 58
-48 54 30 37
97 70 -10 -92
-40 -46 81 -13
-14 27 -82 -7
-19 59 -70 -92
55 -42 60 0
-62 -68 -1 -83
-52 89 90 -2
52 -31 63 5
-57 -14 69 24
-80 -44 -90 -39
-22 -55 26 -12
-91 17 12 -96
-12 -87 -4 -47
25 41 6 -98
-88 11 -80 50
3 -78 -34 -22
68 64 -6 -35
-87 39 -100 41
-59 71 -9 77
-55 -52 26 -4
-61 42 -85 -22
-8 12 50 88
32 -73 -62 41
-91 -98 -79 72
66 -97 -79 90
3 25 93 84
-34 -30 -100 38
71 -6 -32 60
-41 28 -26 93
-36 -85 0 67
-38 23 -39 86
-82 77 43 3
-99 24 29 77
58 -8 -7 -97
-72 8 52 63
44 29 -28 -9
-42 -4 16 -3
37 -84 -51 44
-15 -19 45 52
34 -47 -12 5
-20 56 34 -61
10 93 57 -74
-79 92 56 -80
-1 13 87 66
-47 37 -46 6
31 57 32 82
38 53 -63 44
-6 32 -54 64
-17 61 -81 12
10 13 58 49
-56 -64 13 -90
-31 30 -68 -56
-52 19 30 75
20 -47 -97 26
-85 -46 -14 -41
17 -30 18 76
-29 -47 -31 75
-84 10 7 -49
-72 -71 92 -2
-38 -4 82 -56
-61 -94 81 -44
-4 71 57 3
-42 -42 84 69
-78 36 55 -89
-25 -67 15 40
-10 -52 -51 -4
-47 34 23 96
63 29 -58 -96
-30 30 92 77
78 75 -78 -69
80 -28 -63 92
-30 33 -100 -91
-69 -10 15 -93
53 84 -5 -4
-19 -100 -10 -99
-71 -52 -32 51
32 30 27 79
80 -76 78 -95
20 80 -61 -77
43 -45 -68 29
-69 87 81 60
55 63 93 -37
-56 4 -51 75
66 -33 -87 41
43 -98 61 38
-81 62 89 -44
15 82 10 42
-59 80 84 21
-55 89 -52 21
-13 81 92 48
30 -97 -95 -61
38 -100 -11 54
-92 31 -30 5
-63 -40 89 -36
-65 98 13 -59
40 68 90 -62
51 19 -37 76
52 -19 -75 12
72 -77 28 -36
27 23 -24 -59
-26 79 48 -85
94 -52 37 58
43 17 -39 -33
-81 -25 44 60
33 -52 -99 -63
-90 80 -91 -77
-96 -82 18 84
88 45 -86 35
-69 -74 -49 -81
-21 52 55 45
-96 -3 43 62
27 31 -21 -64
-48 -29 -41 -84
43 6 -70 59
94 35 -64 -22
-39 84 -2 27
95 -4 -77 -64
18 2 -57 49
46 -27 75 29
-31 71 67 -9
-90 -84 -37 55
59 -28 -100 35
6 94 -70 73
-68 -5 26 -19
39 -99 -99 100
65 -48 91 -38
48 8 45 -22
89 47 -86 4
-47 57 13 71
91 -36 57 45
-20 -73 82 -92
52 53 -54 92
-45 -28 82 -54
45 -99 77 -71
76 -100 -18 4
4 56 -91 68
-68 -37 92 -47
99 -95 62 -87
86 -37 17 -98
6 96 89 37
82 -72 60 83
-94 11 -87 -43
69 -37 -51 51
-71 -46 -25 67
-14 57 -4 -34
74 31 -30 -91
-55 81 -41 68
-33 -95 70 0
81 86 26 18
-88 -66 -11 45
74 -34 69 15
60 31 -55 49
-69 -40 9 -80
83 -66 3 79
66 58 23 -99
-26 -13 100 -68
41 81 44 81
93 19 67 -25
100 37 -14 -37
65 66 81 21
82 -37 -76 83
-96 -19 49 -65
22 -29 -9 19
68 28 -30 72
86 7 62 91
31 -44 88 80
-70 82 77 59
88 70 -56 -39
43 -49 -12 -96
91 -100 88 -4
69 56 -75 -61
32 73 -8 24
-67 -17 98 -47
69 -85 -2 62
-92 -62 -44 72
99 -41 -98 25
-65 0 26 -4
53 -43 12 90
96 10 84 80
34 -11 24 49
48 -96 -99 16
-19 -18 -11 67
-95 -13 -58 59
4 19 -47 -40
84 75 52 82
-48 76 -33 84
-28 -61 44 -13
72 54 19 -28
43 -30 32 -56
5 80 -67 -41
88 -78 62 -38
64 -39 -11 13
15 -26 67 98
61 84 87 -40
15 45 15 69
62 15 16 85
45 57 -27 -36
70 -72 82 70
76 -3 -30 -61
88 -100 57 78
-41 -58 18 31
-34 99 29 -54
-47 -63 35 -44
15 -92 15 -67
41 -49 16 -31
16 89 1 83
-7 95 -19 18
-83 -36 94 -52
-33 -96 54 -72
-100 -53 84 -48
-66 17 -63 11
58 -20 49 15
-75 89 25 38
64 -89 -90 37
-69 53 -53 -36
36 95 -12 -86
42 -84 -87 33
-8 33 -67 25
55 -4 7 11
3 96 -32 -94
-11 -72 -53 -65
-81 0 77 -37
28 86 43 -39
-10 18 -18 97
88 -41 -52 49
-23 -26 -39 84
8 63 -72 92
-11 -21 -25 17
-95 92 -7 -7
-24 22 42 66
66 -41 38 48
46 73 22 -4
-79 77 -19 57
71 -87 57 -40
-94 -17 68 -46
45 -34 -53 -65
87 -59 -75 -60
36 -94 45 -93
59 -95 -18 -77
-70 -76 -100 51
59 -29 91 49
-90 42 18 62
14 77 44 -25
-65 36 -89 26
57 -79 21 -20
-13 57 -86 12
-69 -98 -59 -62
82 42 -70 33
-25 -34 47 95
-59 41 -4 -50
53 45 -59 -12
-79 91 64 36
-1 98 24 -42
-71 15 69 16
-8 -6 35 79
-97 19 30 -100
54 40 72 24
-58 4 -49 96
67 93 40 8
86 -55 -21 -99
100 8 -75 -64
36 -97 -10 -56
-73 23 9 46
-79 -61 28 -64
-43 -95 -82 16
-43 -44 -57 -65
-31 -57 -60 -35
46 4 -64 -75
29 -72 33 65
-35 -79 -56 56
7 -5 22 71
-100 14 -2 94
-80 96 71 47
-23 -36 -32 1
74 -60 84 -44
73 -88 31 -63
94 99 -49 97
97 87 81 14
-55 -88 44 -58
-33 -93 -22 85
68 61 96 75
92 -41 -92 18
91 73 80 83
78 -12 76 -62
-73 -50 -29 -96
-28 -46 88 42
36 -7 -83 20
0 -2 13 79
-97 -1 94 -88
-74 13 -16 15
20 -74 84 -48
-93 -15 -8 -31
100 -37 36 -74
66 98 30 10
-37 -52 -48 -57
