643 0
-1 34 -94 71
-66 69 18 -76
71 76 -3 20
-44 33 47 79
-83 -49 -33 -5
-9 -70 -95 -9
-26 70 -36 -49
66 96 -43 2
-36 -49 86 34
-11 27 -36 -64
-35 73 18 -93
45 -42 -56 47
77 -95 -77 7
1 6 -60 -30
-54 -50 -83 -76
97 68 -100 92
-33 -34 -25 71
-29 -55 -69 -26
23 -90 -20 -58
24 56 100 -88
-55 52 5 21
-64 -9 -91 -56
84 -44 25 -53
-35 56 -89 98
-63 58 52 86
-22 -13 7 31
-7 -92 69 -43
-75 -68 -65 51
-63 64 -9 13
-64 -50 -37 30
41 -52 -33 -94
-34 -1 -22 -8
-7 -40 1 87
-92 29 67 99
-32 58 -2 88
-100 -84 -16 -9
68 30 100 -38
9 92 36 -27
-73 -2 44 13
26 -49 91 52
56 85 76 -9
18 7 20 16
-100 -37 -33 -78
19 -27 -55 3
43 12 9 65
66 -59 90 -53
23 66 84 21
-21 27 -89 -10
-20 -64 -6 -92
-17 75 -74 -67
-4 40 56 76
-50 58 -71 -16
-100 56 -77 32
-83 -7 -4 -8
-50 45 -79 -65
-90 -17 43 -49
-89 5 93 33
59 29 -77 -44
58 25 82 -77
-33 -64 16 89
-24 83 94 73
18 -65 -2 -90
-84 -46 12 32
38 33 31 93
39 42 -12 -77
-47 -90 88 -10
33 -56 -78 82
25 3 75 -30
59 67 -72 -24
9 -90 17 -94
-59 53 -35 51
-12 20 89 49
37 14 -17 -92
68 -66 -18 -44
-23 76 69 82
95 -48 47 -79
-35 3 -49 15
26 7 -10 -96
97 -30 -29 4
32 -87 85 -88
51 -89 -26 -100
47 14 10 -88
-14 -44 65 61
72 67 38 12
65 -47 -59 -95
-3 -21 -15 -44
-1 -40 -58 85
-87 63 2 100
-37 95 -91 56
-98 80 21 -36
20 -40 -45 67
-5 -24 -11 44
26 -6 61 -51
-50 -32 -22 -94
-91 -87 -53 98
86 62 -19 99
-92 -67 20 -36
-39 -76 36 95
-82 49 6 -82
-62 65 -67 -74
89 97 71 -12
-97 43 -51 84
40 -26 -66 89
-70 50 -10 83
35 -41 -2 -47
-15 40 -22 -40
70 82 93 3
46 -33 79 65
-92 57 26 -83
-74 81 -20 -100
-68 -81 48 13
36 83 -21 -64
11 -3 -75 26
-53 -93 67 -97
85 -89 37 88
-16 -97 -40 57
-52 -87 47 -88
35 58 -22 6
34 82 -94 57
-67 -93 -80 -41
-28 -32 -17 -59
72 -3 33 67
3 83 4 33
18 -11 14 80
-37 -14 -14 51
3 -24 -29 -12
-93 69 12 33
2 46 -74 -55
91 86 -17 85
16 -21 44 -68
-83 -43 -13 13
-85 -81 28 -36
91 100 7 25
-25 -62 35 -4
68 50 -21 38
0 15 -64 -18
-36 -94 98 -37
49 37 37 -85
2 54 90 -15
11 72 -47 55
68 -75 45 -87
35 69 50 -99
77 -79 26 58
49 55 52 -46
-15 52 75 51
13 -86 -76 -76
-13 -21 30 62
-52 -44 -70 62
-55 46 -4 37
50 97 92 -21
-13 -86 -86 1
-31 93 -24 -45
-93 -90 -19 -97
-2 -26 -82 -13
-94 -31 46 100
97 -20 25 -71
-95 90 13 -49
57 39 -68 -66
20 -38 56 -99
-38 73 -69 74
-4 65 39 25
87 -71 -10 11
-61 -33 -33 80
-3 -44 -35 -90
-40 -9 -51 90
76 -81 87 17
35 -35 -10 -50
-88 10 -80 -5
-33 61 -5 -19
-52 26 40 -50
-48 73 10 -47
-22 -55 90 -81
5 81 -80 -49
91 27 32 16
-30 14 -24 99
58 -31 61 87
27 -86 -99 89
-89 -26 99 -83
82 57 47 -46
-63 45 -47 -96
32 46 70 -33
-1 -83 10 -13
98 40 -44 -89
21 86 -68 35
39 -92 -80 -49
-89 -65 -39 27
66 61 64 -33
-20 3 49 -100
-62 37 -64 -83
79 49 19 79
4 62 8 85
-67 47 53 32
69 -29 -60 96
84 -53 70 86
12 59 62 -89
-70 -85 -19 -47
99 -49 -84 50
79 34 -49 23
-29 -65 -90 -25
13 -74 -19 38
61 -61 -18 68
-62 79 -71 37
-95 8 72 9
-69 -87 67 58
-14 -7 79 -9
35 33 -46 62
90 -3 9 -65
-50 16 -85 -79
95 10 30 -43
69 -34 -100 64
8 -76 -29 -49
-75 -6 93 60
18 71 -75 -71
-98 -39 30 58
33 55 85 -94
-40 -34 -50 98
39 15 -27 -4
-67 -31 -24 26
-2 100 15 -58
-15 -37 -49 -37
-85 60 7 -88
25 -5 -46 9
33 -26 35 34
-1 87 -9 -68
-72 -73 15 -44
-32 72 -40 60
91 97 -60 89
-64 -38 -55 -38
37 -39 -22 -30
62 70 -58 -57
86 94 0 70
-21 -95 53 28
-52 -75 -91 22
24 -61 -34 -21
54 54 -35 8
-23 17 80 1
-21 18 6 -37
-66 -95 -53 58
-65 -16 36 52
93 -90 -86 31
68 17 -68 81
-50 40 -74 77
-7 -4 2 -47
-98 53 -18 -60
-19 85 44 48
-83 23 -1 66
75 52 -2 -62
74 -10 -98 29
70 79 62 63
-70 21 -11 -58
66 -52 85 53
90 2 86 84
40 36 -80 -100
-64 28 -78 28
57 -67 70 -39
64 13 -30 94
-67 -8 73 18
-89 -70 69 -64
56 48 -17 -71
99 -5 -14 -23
-35 6 8 -98
94 -88 64 -24
66 -19 -49 -53
84 -26 -96 -53
-94 -34 80 -78
-98 26 -23 82
-82 100 -65 72
50 -51 -26 -16
-15 -88 83 100
-34 -30 17 96
31 53 56 -75
62 96 -33 -87
94 50 45 -40
-16 -43 -24 7
65 -71 12 14
-70 -2 86 99
22 3 82 -11
2 -32 32 -8
-14 -43 -33 54
77 -52 74 87
-58 -88 64 97
-4 12 -51 -43
87 -45 25 -83
52 -90 0 28
85 -52 69 13
21 75 -50 40
-76 -55 -64 -42
-32 -66 -23 -49
6 5 7 83
39 -98 40 88
-2 19 -20 39
2 94 -82 -6
78 79 -78 44
92 -1 87 31
-86 -2 -66 -82
-77 -15 36 63
-35 -67 -46 -12
-26 -50 5 31
-73 -47 -71 -34
-54 29 49 -10
-37 31 10 12
-39 -23 76 -39
-13 23 14 -35
27 -81 60 61
-31 -99 -53 10
34 -95 6 15
83 15 95 29
-50 94 99 72
91 24 94 -38
-14 17 38 54
85 -85 67 -96
-76 10 17 -92
31 -58 77 32
-59 2 35 94
87 73 76 50
18 -88 74 13
26 -76 40 -62
-62 -36 -98 -14
-69 35 -94 -55
-26 18 -77 -12
60 39 21 70
-10 -55 -68 47
-40 -74 54 7
-36 -71 6 -31
-90 70 91 47
5 50 0 -88
85 27 -82 56
-2 -61 56 82
-59 -34 -45 70
20 37 -39 -45
-77 3 45 60
80 10 9 37
95 99 42 78
9 -58 -77 31
-97 -16 -75 2
-99 63 93 -91
96 -79 74 -65
55 72 -68 12
98 -65 10 17
48 -57 -70 84
76 40 -40 57
14 49 -76 18
-75 -47 -21 -62
-13 72 42 39
85 87 100 -50
65 100 -24 -74
7 -3 73 -79
89 12 91 -12
64 -41 -42 29
-46 83 -64 -58
-55 99 -90 -86
87 2 37 67
2 -57 97 -13
57 31 83 -9
59 46 56 -18
-53 -46 -46 58
-32 -70 77 97
-83 -31 54 -91
50 -45 84 49
-23 41 -4 -31
90 55 -90 98
-65 -77 -57 59
-26 -88 38 68
-97 35 -56 -39
39 -62 65 -60
-21 -61 -29 76
-18 -31 -35 96
71 -90 -64 94
-29 46 54 -16
-79 11 96 28
43 32 -12 -25
67 95 -77 16
-66 -50 33 -98
18 18 68 98
-71 -68 87 65
51 85 -48 55
14 2 -76 -83
-75 92 -68 -32
67 88 52 2
36 27 -85 80
66 61 88 -60
-43 97 12 -84
-99 56 22 -56
83 67 -1 40
71 -20 40 5
-92 37 -43 7
13 -4 18 100
-57 -1 58 -45
80 -60 52 -78
-64 26 -44 -50
48 -75 -24 21
-76 -82 -16 12
38 72 59 -64
-51 -85 -63 -3
-65 94 -93 92
-46 -58 74 30
-50 5 -13 -54
28 -87 81 73
97 -23 -28 -34
-88 68 -65 60
59 -95 -80 -66
79 34 37 77
93 -98 72 -57
-95 -6 83 -13
-82 2 -26 68
-6 -63 -59 70
-91 99 -48 -18
-7 26 -71 12
-7 -97 67 -47
-53 69 49 33
48 59 30 46
-53 -65 98 -6
98 -100 49 73
97 -46 39 30
23 -2 21 19
-52 48 -57 -98
83 59 94 51
-19 24 -81 79
11 -59 31 98
18 -38 -52 91
98 20 -14 -68
-32 -96 100 15
60 -75 -28 47
0 58 68 -39
6 -76 5 82
93 55 -65 63
-34 -100 62 -58
-33 -51 23 -65
45 -92 -30 57
-46 70 2 -23
59 -4 80 -40
-83 -74 69 -55
74 94 -41 -46
58 -13 7 -72
-13 -86 37 -35
87 -86 91 43
-78 -15 51 42
-77 -2 -31 54
77 11 83 -72
-53 -6 100 87
-87 -66 83 -20
60 -76 96 -86
15 -15 45 25
62 -92 -10 -67
53 50 -89 89
-87 65 43 -35
79 -73 20 -35
42 69 -64 55
80 -40 53 -76
-64 -85 -51 69
-10 -77 -10 -60
-70 93 100 43
25 -16 26 11
-59 -42 -8 56
-1 -98 -70 94
45 -74 -41 81
0 8 64 -90
10 85 -34 83
-20 6 7 -33
39 78 3 17
-98 -76 -74 19
31 -70 56 91
-23 -4 -18 18
51 88 84 54
97 -41 94 -84
91 -40 -55 27
81 -32 46 29
27 -59 4 -33
63 54 -81 -1
-64 96 -84 -90
89 43 78 -90
-82 23 78 69
-78 95 -29 1
96 -88 75 65
64 -9 93 -11
-48 98 -28 85
-59 -21 -58 11
-14 -98 -57 -46
18 65 -6 -99
-65 -49 -49 31
58 67 72 23
28 -14 36 -94
35 -92 63 -85
50 60 59 -82
19 40 -82 -82
5 96 -9 -83
-25 10 -52 -22
-24 -1 -95 85
-15 -76 70 -13
43 -88 52 46
26 -81 -27 27
64 39 80 -68
78 -23 -95 73
-39 55 -95 40
38 -5 14 -52
88 -77 58 -35
7 -15 -48 57
-13 -2 20 -18
-81 79 -21 -69
96 -62 -34 -8
77 6 31 72
9 -1 92 -77
29 -72 46 29
100 -87 39 23
-44 12 69 93
-52 -51 -39 -63
2 29 96 50
84 -19 56 -52
-67 -44 -5 -8
-66 -31 40 47
63 52 80 -18
-57 64 12 32
89 -67 -9 9
57 -78 9 -67
-29 -4 -91 38
-79 56 -21 6
-77 28 74 54
-62 35 50 -50
100 5 -98 85
-34 49 -25 79
-3 -89 -33 72
29 31 88 83
-20 40 -65 32
-71 33 -79 -52
-98 -36 -28 -68
71 53 -68 55
37 9 23 10
50 -58 -98 -70
-80 -70 22 -61
77 -41 20 20
64 4 32 20
-77 -74 49 -66
65 -48 -54 -38
49 19 -73 -45
64 -43 -78 -55
22 -16 -38 4
29 -54 9 -89
-68 -96 -34 -100
-95 51 88 97
97 65 97 76
-99 3 -19 75
68 -22 36 -35
-89 37 25 44
58 -61 -8 0
-52 35 -2 40
-27 -72 -85 -64
-52 -58 86 90
55 -85 26 -100
-79 -11 -37 69
6 -71 -53 80
-37 72 79 -65
-83 28 -48 96
91 -69 -79 8
37 98 67 68
63 50 5 21
59 -80 -2 -98
28 -68 -55 23
-13 65 -81 -23
-36 -14 43 16
58 29 -35 69
-73 -52 66 -18
-60 25 -95 -61
62 17 15 -41
-75 -88 -4 2
7 -37 64 -99
-68 31 60 -56
88 -86 11 30
100 91 89 73
-68 -86 43 29
-71 -81 71 -93
18 96 14 42
-50 -55 -29 -24
61 15 -50 -19
-72 -9 27 -92
32 1 88 -83
35 93 27 -15
20 61 99 86
-94 81 -42 15
-88 -24 54 88
-40 -64 -9 32
-18 29 83 -50
-37 -69 -24 50
71 -41 3 54
80 51 68 -97
-35 1 -92 -65
49 80 -59 -94
-36 -25 -32 31
-67 20 97 -30
-4 -33 -52 -56
-32 -62 35 67
-28 -92 -10 60
-14 18 12 88
47 48 80 2
45 -39 100 -39
33 97 -100 35
47 67 -53 24
93 90 3 71
-40 -32 76 47
98 73 5 31
13 -17 62 -54
68 94 64 44
-61 16 -7 -29
-91 -94 28 6
-51 -62 -6 -66
-84 5 89 -47
-85 -94 10 -22
71 1 29 -19
-34 66 -37 -91
49 0 -58 73
96 5 100 19
17 -45 11 -48
-89 -83 78 65
97 -42 59 77
-53 -25 21 50
26 -10 -48 29
-20 71 -88 -8
-38 75 69 -54
-72 -36 22 48
-64 43 3 43
49 31 44 20
59 -47 -78 63
-26 17 33 70
0 -19 -24 -89
77 -20 89 69
-61 -75 -58 -4
-5 -44 58 -27
26 32 -28 -29
-95 20 -24 80
-15 46 -92 41
-28 31 74 -20
52 88 38 -4
-30 9 -15 25
79 -69 8 80
14 -74 79 92
43 -96 -91 -94
-1 -71 -83 -79
69 -79 -85 -7
-36 -84 84 27
-52 -16 0 -25
3 -42 78 -34
-84 -36 63 -36
-48 -72 -77 -1
-31 39 -25 66
59 -57 -13 90
