208 2
88 -93 -47 42
-25 -53 70 -5
-94 65 69 27
-73 -16 42 66
50 87 -11 78
-68 -93 89 -68
83 73 85 -27
-57 25 83 -40
0 28 -97 -56
69 25 -99 -13
18 -58 17 -72
-24 60 -93 83
-98 -38 81 -71
34 78 2 -80
85 47 56 58
-55 51 -68 85
-6 -31 -3 -5
-47 54 72 72
4 29 40 60
73 -18 -93 -67
-81 20 52 -10
-2 42 -83 25
-7 71 -92 -59
-54 -61 -51 58
20 100 47 -26
-97 -74 67 -12
54 -92 93 -2
64 82 17 -53
68 -91 96 -44
60 11 76 62
15 6 -41 10
-100 69 32 54
31 66 7 -24
68 -97 -25 74
30 2 34 77
79 -61 44 -56
88 -64 43 -62
93 59 14 74
-5 64 18 93
95 -72 -59 -40
23 42 -21 95
37 33 -22 -70
-100 47 -12 -17
69 18 -29 3
35 5 -5 94
86 35 81 -51
-53 -74 -77 63
48 -52 -39 -2
77 17 34 -90
38 -90 -65 58
79 -47 91 97
-39 21 14 66
99 0 -81 40
-81 -42 -16 -100
5 20 -78 68
98 6 87 -38
-94 45 -95 -4
-83 88 -6 -77
70 11 -55 -70
43 -70 47 -43
-58 -33 -45 -71
28 -93 -27 -20
34 -91 29 -27
-42 58 5 -1
-24 -88 -54 39
22 2 -76 -92
-54 -9 87 51
55 79 14 72
-61 -57 10 -61
72 -70 -46 14
-72 -93 68 -38
-95 -1 38 79
90 1 28 31
66 87 -92 -3
-68 -99 61 43
38 75 91 -93
-26 -49 4 -56
8 46 67 3
22 15 -94 33
-97 -41 -59 72
18 48 77 -76
44 96 -98 -47
80 32 -37 90
93 -23 58 5
-54 -30 -79 99
-48 36 -53 45
-39 31 -78 -19
-78 -19 -54 -2
89 40 -98 -84
68 89 73 65
-25 -18 66 27
-98 22 53 -96
-81 -7 90 -38
-15 -12 37 -99
-57 52 -9 98
-84 -70 90 62
32 20 -22 -27
-36 -27 46 10
-35 34 1 -19
-91 69 36 67
-44 75 60 -72
-65 66 -39 -90
59 59 -95 -30
-56 91 -46 74
22 78 -63 -46
82 -29 41 -91
67 71 80 -89
-92 66 69 88
71 71 -1 68
-24 -63 -69 25
98 -28 -92 44
20 -76 -16 23
-99 -100 96 40
42 35 44 -11
-59 -76 -46 -59
71 -45 -74 32
-42 -84 -28 49
17 -80 62 -76
19 -22 71 61
39 -24 43 20
35 61 69 71
55 10 -81 -8
-72 -75 63 72
-4 57 -25 57
63 12 -54 -72
20 30 -27 -45
53 -71 22 45
-92 6 28 18
28 -65 -7 91
-75 85 24 86
-37 -27 46 47
-41 -69 38 -50
-77 20 71 -66
44 -92 67 -32
79 -13 71 58
-88 10 92 78
86 -91 -32 -64
-15 32 64 -39
7 -70 -11 -92
67 99 77 -58
100 -98 18 42
-93 -78 57 42
-28 -34 -69 29
-7 -14 49 -34
84 85 -45 14
0 64 41 49
78 -91 -99 -49
-59 -51 91 -21
40 31 -62 50
12 -89 74 -46
-72 82 17 -86
84 16 -27 -84
100 95 21 -38
47 -93 45 -43
41 98 -35 -76
-94 -27 73 -33
75 80 58 -73
72 23 -75 72
42 0 -89 25
6 52 -67 -95
54 -89 -100 69
100 89 13 -15
-73 79 -10 -77
-17 19 47 -76
-56 78 91 -35
-87 -85 47 -17
52 70 -19 57
26 -98 -62 75
-6 -45 -87 100
89 17 -66 -30
-24 82 33 -7
-38 48 84 -51
-10 65 -28 62
-71 -8 25 -24
52 5 -82 16
2 -91 66 80
38 26 26 10
77 53 24 -48
-98 -77 48 20
7 -53 -46 -95
74 12 -44 46
67 71 99 94
24 -6 -98 -45
-21 73 42 90
87 35 59 86
-9 -90 57 13
29 -15 58 11
85 67 -53 15
-73 22 -7 50
48 -11 66 -7
-28 42 -11 -47
-99 -54 40 -29
-16 50 10 37
26 42 -73 -46
25 -13 57 54
12 73 -8 -17
-20 -43 -48 -36
17 1 -85 86
54 -7 74 99
9 -83 -62 -61
10 11 -35 -92
74 100 49 74
56 -65 -40 23
61 -86 98 75
75 76 25 -74
29 -41 71 16
-55 45 -72 -16
25 -12 52 -80
-52 75 76 -10
