649 4
-46 -57 -99 -52
31 38 10 70
43 -8 -41 -2
77 -59 39 8
-6 -35 26 -90
-3 54 -53 76
-81 92 -35 -3
-63 -29 27 46
-10 6 -25 53
95 -55 21 36
-43 31 -61 96
-44 41 14 -44
17 44 -70 47
-73 24 11 -4
61 -82 -58 -66
-78 -59 74 52
73 11 -71 -29
-63 95 31 -11
22 -39 -73 92
-32 -24 -99 74
-8 -38 -9 81
-45 83 -16 32
96 33 23 8
54 2 -93 62
61 52 -45 14
82 -43 83 -74
24 -94 -22 -53
-6 -20 24 -6
21 -38 39 35
97 37 93 5
-85 -4 92 -32
-17 -61 97 97
34 -88 15 1
-69 -80 -91 -94
41 -65 -46 -68
77 -78 -99 45
5 88 -38 -45
86 13 -72 93
70 -66 91 -9
-14 -63 -10 57
-3 -29 6 -52
80 -89 31 -90
-71 47 -80 -19
-61 -5 67 -24
-33 -94 -89 -97
-20 58 -89 7
26 6 -83 6
60 -69 -47 44
-68 90 36 -24
44 32 -76 -32
-27 100 57 -25
-92 -97 -18 77
-21 -42 52 66
-1 52 -40 55
6 33 25 26
91 13 67 -60
91 89 -31 22
17 34 -32 -20
5 29 -89 31
-33 49 -49 -28
69 53 43 71
-13 -43 39 -20
64 39 5 6
-35 80 38 -19
7 57 64 -31
96 -95 6 54
-96 70 -51 3
20 -48 -75 -20
-62 53 27 38
82 50 -81 -91
27 87 13 35
-26 16 37 91
35 -28 -66 91
-95 -22 -47 60
17 66 79 -73
60 12 -30 -31
26 69 -29 -99
88 60 6 -21
33 1 10 47
38 79 61 40
-23 26 50 44
-80 19 -32 -82
-65 74 -1 51
-15 -98 66 54
66 -84 14 -35
26 -35 -85 -20
60 5 -64 33
-74 -70 16 21
-5 42 15 -66
-18 90 -88 -30
79 29 -11 -55
-29 -3 -24 -92
35 78 -72 -33
88 -75 17 -97
-91 -88 52 98
-11 27 9 -95
-45 74 -7 -14
43 -81 -37 65
-13 -20 -57 -29
-55 31 78 -80
-71 -56 -95 91
0 -39 -69 -60
-89 -83 43 -64
-55 -65 88 52
-10 -79 -67 36
-30 -79 -41 27
-86 25 71 -21
-15 -84 -17 -98
58 56 -33 55
76 46 26 -56
-51 -92 58 -18
87 40 77 13
-30 -38 -55 -25
95 -86 58 1
-37 -11 -87 -83
-2 95 15 -41
-99 -49 -50 -8
4 -36 -6 -28
38 94 -41 -65
2 21 -75 39
-73 6 -96 87
2 -95 -4 76
-60 -98 94 -29
-54 -10 99 13
-54 4 8 -10
85 -4 -95 24
-96 -82 -61 -96
80 16 68 43
88 77 11 12
82 98 -36 62
-56 -84 -22 97
-58 -51 34 96
-24 -14 7 -71
84 -68 -5 -57
25 -17 -25 -8
45 -15 -52 -47
-51 49 -83 -3
-29 64 50 -69
-48 -42 -55 82
9 10 -7 -45
-65 60 -47 80
78 0 -18 -25
67 -89 27 -96
-13 -85 -11 54
4 -93 -31 73
95 -47 97 44
48 39 -77 92
-55 51 -59 53
-7 -68 48 -86
-78 -37 40 96
-55 -96 98 58
53 -99 95 24
69 81 -12 -80
92 33 -84 -77
-48 -34 53 26
75 -3 -82 -25
-70 -69 -5 9
-38 61 81 -24
99 43 -71 30
67 -81 -13 2
-60 -4 -80 49
88 -28 96 60
41 61 -68 -99
3 74 -76 -41
-24 -81 30 10
54 -50 12 -16
-77 -88 -19 -52
-84 93 -4 -41
66 63 32 -30
97 8 42 -73
-31 87 -75 47
-15 84 -81 -69
-65 -49 43 -83
-89 96 56 -45
67 29 14 -32
31 79 73 86
-42 91 -24 75
-81 58 -70 -97
-14 -29 43 66
75 -94 -44 73
17 65 -69 90
97 84 -7 27
7 -65 -42 71
-87 -28 -40 -89
93 -35 -92 92
15 -72 -17 -17
11 -2 33 19
-78 -87 -11 98
66 82 -43 53
39 -39 -72 55
31 -34 -88 6
84 0 -4 85
-26 -8 33 -1
27 -25 83 -48
39 82 -95 49
77 -84 -81 84
-29 19 75 35
-31 75 77 -27
79 -57 -83 22
36 58 99 50
-46 -97 57 -96
-18 -95 -42 96
64 -5 21 -43
76 -18 85 90
46 -15 39 -88
79 21 22 -28
-48 11 -79 -26
45 93 35 -72
2 -77 39 -85
60 13 3 29
-2 61 36 -53
-78 -69 86 -40
5 9 -52 -10
35 -61 2 -2
11 -78 82 83
-93 83 8 97
72 77 -49 98
-34 -68 91 8
-61 39 52 40
-56 9 58 -37
82 -80 88 -21
-33 -51 -13 28
96 -14 -86 -40
-97 80 65 9
-48 41 57 -57
26 -82 -56 59
70 -7 56 -85
94 100 57 -61
76 -59 83 -25
-73 100 -36 22
-83 16 -4 -61
23 72 -19 -15
-54 -47 -34 -13
-77 -19 91 -51
-93 19 51 -84
17 22 -68 1
84 93 -7 3
-53 27 -18 -79
98 75 -8 64
92 -76 -77 -57
49 59 -53 -64
58 47 -49 -42
-37 73 -26 92
52 53 -67 86
67 39 -71 -13
38 -74 -51 -21
3 35 -92 -12
-21 98 54 76
23 2 23 -7
-49 -80 0 -19
-66 95 66 71
-91 32 -18 -35
84 -83 75 -40
52 18 99 23
-92 -73 -7 -70
-2 -27 -34 -92
62 75 -78 100
59 78 76 -55
17 -2 86 -60
-12 -3 66 70
39 -2 -93 -53
-73 32 -4 100
30 -29 2 -73
-42 -15 -90 90
72 -73 -56 -80
51 23 -64 73
2 64 15 69
-12 -28 48 -93
44 80 1 35
-85 71 -26 -93
-48 -56 -89 -60
-80 19 -85 43
-9 36 71 -17
-65 -25 74 -68
-21 -39 50 76
-99 51 -73 49
-22 72 49 60
27 -63 85 -35
87 -32 -89 -80
7 44 79 81
-56 -82 -41 72
19 77 -69 -3
-60 -79 17 23
-87 -58 -82 80
69 45 8 -64
-6 96 -63 50
94 -65 -67 14
74 -21 53 40
-57 5 32 100
53 14 74 -18
-98 -25 35 76
-55 -29 27 -4
-92 1 -87 -82
-44 -11 45 -58
-34 -46 -80 -70
84 23 -97 -75
50 20 -69 10
-29 -46 -87 -91
-21 78 -97 -64
34 8 -12 78
79 -85 11 -59
-18 -66 99 -8
-12 17 -2 -3
-38 61 90 70
-31 -36 -76 81
-9 90 70 -84
62 -93 94 -28
26 18 -95 -16
98 47 -95 -85
-96 -91 9 -17
74 -60 50 -80
6 -48 86 90
0 -27 94 65
27 -89 28 35
62 -24 66 53
-3 -100 -60 -57
-99 -45 -26 -50
-89 4 -31 -17
28 -93 -96 -52
-65 98 88 -13
20 -15 17 51
-49 -94 -14 -18
-72 -1 99 -46
-77 33 37 -80
51 -51 18 64
47 -56 99 -38
33 63 -81 95
-86 -80 2 -59
-61 88 43 -35
-24 76 -54 84
-62 2 -54 -99
25 14 -65 -84
63 32 -89 79
-34 -75 -14 -8
26 83 -30 89
54 -65 12 -28
-35 -68 -51 54
-42 68 3 57
84 -43 -30 -93
38 -63 -9 -87
-28 -15 48 95
55 -25 -61 -87
40 31 1 43
18 -88 -22 -36
-9 13 -73 42
-83 34 6 66
78 67 51 20
59 -35 31 23
14 -44 48 39
-44 -85 78 75
-19 -71 6 -71
14 -5 47 -85
-86 -71 -37 51
37 -4 -99 -73
-98 -86 63 95
28 -100 -1 25
-48 -77 20 -14
-12 -79 64 84
38 -17 54 -31
-18 69 -71 3
13 24 -20 39
92 -43 -62 0
-82 99 50 73
-38 -41 -25 19
50 -77 19 97
-43 -33 66 -16
-20 94 -98 -12
-26 41 -25 -92
80 -5 80 -39
-67 -62 44 36
-71 12 0 -31
38 36 -70 73
34 -89 -51 19
5 -22 -27 34
27 -32 -93 41
-98 99 37 -89
-93 -49 25 50
-74 61 100 -28
86 -91 46 -41
-53 -42 48 -91
28 5 99 -79
47 100 75 -10
38 3 -99 65
-48 -23 -68 -18
-52 66 -59 48
-96 -19 -29 -72
83 -44 -63 -85
28 -12 -86 -95
-13 31 57 67
-21 35 -53 77
-19 -58 19 46
33 -96 -66 78
52 94 41 43
-49 -82 -41 77
3 49 17 -13
75 68 69 52
72 37 9 44
53 20 61 -90
-9 -57 82 -81
61 -100 84 13
41 -95 -87 -72
-42 97 -65 -94
-62 17 -70 30
40 72 -17 -7
-40 8 87 -52
-21 -69 31 54
-38 -22 -12 95
-18 99 -24 35
94 85 -16 35
9 -57 81 -21
-100 -27 -21 4
92 80 -78 -96
-80 89 -97 -30
87 -23 -70 -22
49 15 62 19
-76 -63 47 -12
-35 47 -69 34
-4 81 45 -78
-52 -5 39 37
-66 49 -64 -61
20 -6 -96 -63
78 -79 80 -7
51 -13 -41 -83
-82 -18 -8 53
14 -64 55 37
-58 96 70 -75
87 29 62 -58
-35 33 51 -17
-82 21 18 12
-95 47 -38 -47
65 -89 88 58
75 -13 26 -31
82 -87 1 -83
-47 26 28 75
9 -90 31 19
-12 36 18 99
71 1 25 -9
-5 -19 77 63
13 57 42 96
50 19 36 -81
-90 79 -77 -53
64 30 51 -6
-3 46 -43 -7
-11 20 -55 14
3 -45 -49 -53
17 -90 27 -25
89 7 -45 80
-77 53 82 48
-6 -43 41 -16
19 47 -55 4
-78 -79 -87 15
14 81 27 92
-24 -88 -29 19
34 3 -92 78
88 69 -87 -17
15 15 -92 85
-69 98 69 -84
53 33 91 90
-37 87 2 11
-81 48 3 -46
72 0 -90 -89
-78 -38 -22 -60
68 43 -14 54
73 -43 73 64
69 -60 39 49
3 7 -74 23
98 58 -50 40
-60 -36 47 -11
-7 -44 -89 81
40 -35 -63 36
-54 -18 -9 -57
2 -32 24 -94
3 -45 26 41
52 -44 -83 29
-2 61 -62 -53
47 41 16 -54
-7 -100 61 81
-41 79 -78 -52
-7 85 54 -74
-87 0 40 -99
-86 -9 75 5
6 6 43 0
-29 94 -82 -14
70 97 -29 78
-1 -83 -60 53
-80 49 37 -19
-31 89 68 -32
70 60 73 40
57 -36 -53 -70
-25 28 -42 4
-47 -94 -82 -86
-57 -43 -88 9
-43 34 -29 22
-36 -19 -73 -1
-30 -25 76 53
42 18 -24 -44
78 84 -79 -59
54 -67 -18 28
30 -24 99 58
-55 85 51 -22
-96 -37 55 36
-74 14 -93 -81
-59 7 -19 55
88 99 48 -29
85 -5 62 -85
-39 90 -82 -44
-19 -24 -51 -44
90 62 71 2
-67 -38 37 32
-98 23 -97 -72
5 74 64 62
67 63 24 -85
-87 93 -31 16
79 -56 -16 -67
-81 -95 -75 66
-83 -87 -89 -87
-21 -77 14 -68
-2 -9 -7 85
67 1 24 -64
-3 63 43 81
-58 68 31 70
66 39 21 -32
-1 6 47 -5
-81 99 -19 -93
33 94 -84 8
34 -11 -92 -73
24 -58 31 89
-74 -35 -70 53
-35 89 47 -30
63 7 60 -45
-66 91 -14 -75
-21 86 34 -26
95 -12 -50 71
82 12 -54 -57
58 -35 -14 81
-46 -80 43 -34
92 28 -80 19
4 67 -47 -25
9 9 -48 36
-39 -35 94 58
68 -63 -50 18
8 1 5 -89
-69 -32 70 -39
47 -9 -59 -9
-32 23 -37 90
-5 -15 -72 2
67 49 13 89
13 18 94 69
-100 98 -15 -26
90 93 -35 -60
49 -98 -7 18
-2 68 0 -83
57 30 -2 3
28 52 32 -91
30 -7 21 -62
-18 -84 60 96
-48 8 -20 -100
-50 -58 -61 94
-30 -28 2 -72
28 -57 61 46
-44 -77 21 81
-59 64 86 -10
50 32 79 73
18 -90 50 76
85 76 -58 72
6 -69 78 53
44 -13 -75 -64
-57 62 84 35
-27 33 41 92
-22 -67 19 28
66 7 64 -45
-62 24 76 -26
66 -47 -77 2
50 -1 -27 -19
-95 -37 9 -39
-90 -36 31 15
-93 -82 60 -69
-85 -79 69 -64
3 24 -94 -90
9 58 77 -66
-18 -84 99 -3
59 -11 85 51
39 -12 -76 20
40 57 -30 -77
30 18 -30 -74
-79 -5 4 -19
-36 50 -82 -46
-1 -35 78 -27
-50 -71 -98 75
51 -29 22 -5
-64 92 67 -80
-89 -28 1 -87
47 77 45 14
-48 -76 -37 -67
-44 -16 -13 46
-49 -96 21 -50
32 -33 13 -74
-66 -38 -100 -83
-17 -17 -97 -34
36 -36 8 94
-41 12 -8 33
-62 -68 -14 -9
60 -92 -67 56
-21 25 29 73
2 48 94 28
46 35 46 -73
-8 -6 99 33
88 -20 -95 68
-63 -89 -39 98
57 -88 12 53
-22 -44 0 -95
41 -99 -15 34
92 8 75 -21
-23 99 -43 57
9 -61 -30 -51
60 93 -67 -82
55 66 13 -72
-61 54 -72 -27
70 -75 -58 -27
30 97 -82 51
-46 56 -20 25
63 36 63 -14
-86 11 5 -48
3 -21 92 66
26 60 15 36
8 -37 -83 91
-3 -89 -20 4
45 -36 -97 -94
-52 -77 30 38
31 27 1 100
-2 -19 29 -47
37 -7 59 -54
-62 96 48 25
59 -32 -78 -74
-13 52 -86 -95
-54 95 38 22
20 -84 85 -15
-96 -64 21 21
-61 -77 -71 -74
-31 -5 43 -2
40 21 -85 -31
20 15 -40 -75
35 -20 -14 96
90 3 -40 -22
-54 66 19 37
-52 94 -74 -62
34 -87 51 28
-78 52 -26 55
65 51 94 -5
53 -87 -86 3
