100
481 911 453 931 456 912
277 -728 277 -704 254 -712
-922 1 -907 -11 -923 -12
-95 -1 -61 3 -70 -16
-446 -325 -430 -335 -445 -330
919 -684 922 -692 929 -689
846 230 862 227 852 202
-154 -907 -148 -899 -140 -885
-98 190 -106 195 -111 223
-955 -902 -943 -911 -951 -897
-256 -628 -285 -599 -271 -604
-692 -59 -703 -68 -679 -71
-200 605 -185 613 -198 616
451 179 465 163 461 174
681 611 687 626 691 601
-481 519 -491 540 -511 528
575 121 597 160 576 129
-969 59 -974 28 -978 61
50 642 53 629 36 641
2 -824 25 -817 17 -839
-882 180 -892 173 -903 181
-606 170 -600 180 -596 185
380 -176 378 -206 373 -173
-707 -637 -686 -640 -692 -635
747 -151 728 -129 731 -124
-258 -523 -273 -537 -278 -524
-853 -698 -883 -674 -854 -681
-652 -642 -652 -629 -622 -646
240 -315 248 -295 227 -301
-475 423 -468 423 -461 435
-879 659 -876 653 -879 682
565 -830 528 -840 561 -796
295 -922 298 -912 285 -916
-775 333 -763 326 -765 330
-884 202 -885 182 -888 210
-600 760 -615 766 -609 759
-682 -681 -683 -677 -654 -663
-543 -68 -540 -69 -507 -66
518 -930 498 -915 525 -945
-193 881 -208 894 -225 872
-202 780 -213 789 -217 788
640 295 623 304 636 293
491 -491 480 -506 503 -502
869 417 857 444 880 441
-712 -152 -721 -157 -716 -122
218 944 213 955 201 967
10 -526 -21 -542 -38 -555
966 -522 935 -527 965 -509
-315 -8 -301 -29 -306 -15
856 -126 857 -132 876 -155
457 -959 455 -959 454 -986
-219 -604 -208 -580 -214 -598
-954 778 -956 793 -966 787
-107 884 -109 883 -108 882
-757 946 -729 938 -749 947
335 -325 346 -329 334 -326
-459 -482 -448 -500 -472 -494
-675 749 -653 755 -655 741
-784 382 -765 357 -770 375
225 172 224 170 226 172
-499 -150 -485 -174 -505 -162
-183 856 -183 868 -151 852
-185 -464 -211 -479 -183 -482
-351 266 -342 281 -366 262
323 -314 315 -342 314 -317
-936 994 -927 982 -927 976
683 914 697 890 689 884
176 -346 185 -362 161 -337
-244 -605 -228 -576 -221 -569
183 -595 167 -610 172 -612
195 -133 229 -128 212 -146
-426 452 -404 488 -431 494
-717 -569 -709 -571 -703 -580
99 641 108 644 103 640
-331 -278 -317 -308 -339 -287
649 625 649 624 636 612
-525 862 -518 861 -521 866
-121 471 -152 470 -152 488
85 629 68 625 82 627
338 -911 328 -928 329 -922
664 71 653 66 668 76
123 37 118 22 126 29
938 -101 936 -104 932 -107
-125 697 -130 682 -117 684
-343 634 -328 638 -337 623
-357 -915 -359 -908 -346 -919
-886 -105 -870 -109 -881 -117
434 -600 454 -581 450 -582
650 -50 642 -37 642 -49
-377 106 -386 102 -366 92
-112 -144 -124 -138 -107 -117
17 906 25 890 20 917
136 -372 158 -371 160 -359
869 211 874 216 878 229
3 523 -1 507 6 502
-763 -438 -787 -451 -770 -466
603 -686 612 -660 630 -689
250 -201 256 -180 254 -200
685 678 692 728 671 677
-190 358 -188 371 -196 375
