1000
-3682 -9137 -3670 -9186 -3740 -9179
4563 -8237 4648 -8245 4508 -8191
-409 -4608 -341 -4754 -344 -4772
-6200 4482 -6416 4516 -6384 4502
8428 496 8461 495 8386 521
-9521 3724 -9532 3781 -9539 3777
-3906 9039 -3995 9166 -3827 9153
2908 -5319 3016 -5351 2853 -5413
-3045 6428 -3175 6359 -3216 6480
-5136 767 -5093 685 -5027 845
8192 6426 8191 6325 8262 6398
1042 -6535 1011 -6570 1016 -6610
6057 1724 6065 1711 6029 1641
-2745 -3455 -2934 -3317 -2752 -3406
-3518 6133 -3368 6030 -3493 6099
8316 -7128 8326 -7083 8424 -7175
814 8952 800 8975 917 8837
1029 -1108 1148 -990 1153 -1083
-6713 -154 -6748 -240 -6737 -273
-3022 -8761 -3024 -8726 -2994 -8760
-9218 -9163 -9389 -9197 -9255 -9311
-8666 1600 -8739 1561 -8698 1535
-6182 -406 -6207 -406 -6205 -408
-333 6815 -381 6814 -302 6785
-5295 9545 -5324 9609 -5393 9583
-9484 -6719 -9513 -6683 -9534 -6695
-3069 -7533 -3161 -7548 -3155 -7575
-4077 3812 -4024 3851 -3944 3809
7319 -7399 7341 -7384 7302 -7535
-8944 -6828 -8814 -6846 -8907 -6817
-6682 -7520 -6677 -7429 -6676 -7579
-8473 -4220 -8455 -4224 -8472 -4210
-9553 -1652 -9572 -1461 -9698 -1532
-1416 -5143 -1343 -5024 -1380 -5125
2923 361 2863 324 2802 289
126 9183 69 9238 81 9195
3085 -355 2952 -317 2987 -276
-3983 -1595 -3919 -1646 -4062 -1560
2828 -646 2867 -718 2826 -680
-5426 5 -5446 1 -5412 -24
-1150 -8844 -1121 -8824 -1211 -8847
-5827 4445 -5801 4439 -5841 4367
3879 3394 3835 3551 3721 3367
-8666 1336 -8595 1299 -8620 1291
-4849 -8222 -4876 -8129 -4896 -8196
-4915 481 -4899 463 -5034 509
4101 -8167 4124 -8251 4142 -8230
-4327 -9246 -4326 -9091 -4429 -9116
9834 3875 9910 3951 9801 3844
-6432 1065 -6346 1155 -6428 1224
-7989 1606 -7838 1654 -7896 1719
9030 -1385 8894 -1470 8963 -1538
4581 -6881 4573 -6936 4618 -6910
768 -6807 655 -6863 613 -6764
-2574 4202 -2476 4257 -2570 4219
9254 5308 9166 5227 9120 5178
4418 -8967 4418 -8764 4484 -8914
-8899 -1871 -8848 -1825 -8723 -1753
2440 3931 2472 4006 2500 4030
1576 -4644 1627 -4687 1622 -4626
7040 -7309 7098 -7254 7077 -7285
356 3571 371 3656 326 3663
9269 -2854 9296 -2984 9348 -2866
6721 -9389 6662 -9417 6722 -9405
-4692 -1791 -4665 -1843 -4590 -1836
5056 8663 5039 8601 5105 8758
-3023 9186 -2927 9177 -2930 9169
7194 -3461 7208 -3467 7160 -3368
6651 5146 6656 5174 6604 5182
1985 9465 2027 9410 1979 9447
-2892 -4361 -2867 -4422 -2887 -4436
-6733 -8431 -6683 -8505 -6704 -8507
700 -9159 684 -9252 641 -9290
-7039 8208 -6947 8089 -7120 8237
4003 -626 4080 -732 4057 -677
4992 763 5027 833 5055 752
-6834 -9009 -6944 -8985 -6936 -9085
-6147 6485 -6065 6507 -6071 6469
-8310 393 -8375 433 -8387 471
-4667 -3117 -4643 -3070 -4733 -2999
-7461 -1263 -7572 -1246 -7381 -1187
-6545 4217 -6585 4033 -6349 4011
2489 -9143 2502 -9210 2618 -9145
5836 8425 5827 8423 5761 8487
-3882 -5859 -3858 -5894 -3780 -5911
-7859 -5971 -7848 -5928 -7856 -6065
-8971 943 -8906 1028 -8969 1063
2551 4761 2570 4849 2544 4705
85 -3221 -69 -3068 74 -3223
1960 -9009 1990 -8880 2037 -8860
616 522 663 511 685 478
-8957 -6868 -8966 -6892 -8862 -6905
-4162 -7877 -4077 -7979 -4157 -7904
8209 -6525 8174 -6493 8210 -6448
109 9806 193 9677 96 9880
-7098 2650 -7166 2586 -7058 2590
2446 2729 2636 2656 2651 2647
539 8532 590 8474 628 8464
-2680 -4826 -2712 -4819 -2714 -4862
-523 -5617 -594 -5488 -562 -5457
8659 7961 8534 8040 8531 7937
-7895 -7833 -7904 -7872 -7838 -7794
7502 197 7479 117 7584 136
7536 6033 7527 5963 7541 5919
2211 1072 2255 995 2324 969
8114 4740 8137 4729 8093 4726
4209 -5435 4236 -5413 4286 -5497
8296 7652 8179 7675 8319 7602
-1070 4188 -1130 4098 -1077 4076
2352 1994 2255 2014 2317 2052
4287 -2285 4450 -2158 4395 -2147
-3745 -4209 -3882 -4142 -3724 -4338
6962 8486 7066 8499 6944 8532
-9089 5397 -9050 5347 -9101 5330
-4820 5097 -4857 5090 -4901 5160
-890 -4738 -961 -4772 -842 -4857
7870 -4480 7902 -4527 7786 -4609
6934 -8622 6794 -8793 6979 -8752
1789 -8665 1848 -8777 1952 -8765
8902 -3575 8730 -3493 8976 -3430
-8637 51 -8608 17 -8619 19
-8663 2200 -8687 2177 -8773 2158
-5056 -8591 -5114 -8628 -5105 -8556
-1020 5789 -987 5805 -990 5858
-997 4732 -1073 4736 -1015 4772
5987 -4142 5994 -4256 6004 -4182
-4405 -3183 -4294 -3197 -4399 -3162
2721 -9191 2685 -9310 2626 -9186
-9733 4181 -9645 4067 -9686 4066
-1053 7266 -992 7253 -865 7073
6375 -9455 6323 -9490 6337 -9552
-4165 -2397 -4162 -2440 -4150 -2360
5633 -9098 5701 -9017 5550 -9074
-1093 -348 -1036 -292 -1038 -372
8609 -1019 8600 -1063 8482 -897
-3884 2097 -3760 2120 -3857 2071
-3339 7859 -3512 7707 -3404 7764
3798 -7013 3768 -6987 3735 -7025
5177 -8637 5198 -8590 5244 -8687
7727 -3388 7718 -3411 7719 -3333
771 -7343 636 -7365 770 -7324
-3798 9817 -3667 9933 -3671 9726
8063 -5525 8160 -5368 8175 -5493
9621 -6685 9524 -6618 9483 -6591
-4759 5813 -4697 5901 -4699 5818
8607 -5211 8492 -5273 8489 -5237
-8357 -1097 -8546 -1107 -8439 -1108
-2576 -4128 -2601 -4154 -2575 -4135
8367 -6927 8435 -6825 8313 -6910
4866 -9673 4841 -9783 4841 -9832
-5821 -3543 -5981 -3426 -5832 -3437
8842 2428 8720 2348 8797 2383
-5406 8805 -5438 8917 -5452 8801
-3464 9442 -3485 9528 -3354 9426
-9356 1397 -9344 1258 -9360 1377
2388 8287 2417 8181 2355 8200
-5055 -1434 -5035 -1453 -5082 -1458
1183 1317 1193 1220 1188 1170
7226 -5456 7269 -5330 7197 -5403
-9539 1475 -9643 1438 -9713 1625
6146 2570 6128 2752 6111 2723
-4310 9752 -4402 9780 -4461 9817
3357 1764 3384 1826 3409 1812
4295 -9245 4242 -9196 4241 -9235
2686 -5886 2624 -5917 2570 -5861
2255 -4760 2307 -4708 2261 -4697
-2934 -7740 -2959 -7761 -2942 -7753
3630 -4586 3631 -4535 3624 -4509
-9613 4241 -9612 4198 -9629 4321
1419 -3966 1530 -3998 1443 -3950
7426 4682 7458 4729 7423 4807
8986 9409 9017 9281 8962 9352
4272 -8411 4321 -8458 4352 -8457
-6655 -5424 -6669 -5561 -6661 -5494
5510 2879 5539 2845 5552 2892
4483 -6577 4497 -6465 4579 -6462
4209 -8961 4211 -8934 4253 -8962
8090 6219 8076 6229 8087 6129
116 4750 157 4854 118 4799
7437 6562 7512 6686 7643 6638
-9750 -7430 -9739 -7457 -9833 -7491
-1693 -4534 -1718 -4631 -1823 -4563
-6201 5723 -6382 5698 -6261 5691
-1706 -8 -1668 -94 -1755 -68
6144 8322 6137 8335 6163 8326
-3355 -6117 -3363 -6174 -3282 -6234
-9233 5981 -9269 6042 -9107 6047
3432 3664 3427 3649 3523 3657
-4388 6151 -4289 6190 -4306 6261
-1253 -7085 -1201 -7040 -1230 -7084
-5501 6773 -5670 6731 -5599 6641
3807 984 3801 988 3843 1002
1589 -6666 1556 -6514 1572 -6569
4249 6605 4219 6651 4197 6656
-7833 379 -7787 332 -7847 365
6248 8826 6389 8700 6313 8822
-4707 -3575 -4700 -3545 -4670 -3503
5769 -5763 5814 -5885 5767 -5819
-1945 870 -1995 871 -2043 915
-4464 2952 -4476 2921 -4388 2899
-7434 1329 -7438 1440 -7470 1332
-2206 2408 -2094 2414 -2180 2255
5124 8482 5176 8406 5229 8481
7328 6991 7320 6964 7309 6956
8912 -6057 8954 -6083 8897 -6026
2964 6829 3074 6706 2993 6691
5858 4665 5851 4710 5797 4714
4459 5781 4436 5738 4483 5780
-4800 140 -4875 217 -4831 151
-7138 -932 -7113 -903 -7167 -855
-8152 -7883 -8184 -7874 -8232 -7952
-2035 1590 -1956 1571 -1955 1566
-1220 -4680 -1228 -4698 -1307 -4783
2320 -2635 2237 -2535 2385 -2530
5519 -1886 5549 -1942 5604 -2023
-2990 -6515 -3023 -6597 -2997 -6562
-195 3906 -230 3803 -173 3862
4867 6021 4884 6003 4881 6005
-8107 360 -8103 345 -8182 471
-7483 -5974 -7586 -6017 -7551 -6014
-4200 -3549 -4159 -3536 -4130 -3571
-283 3245 -248 3175 -254 3260
-7784 4952 -7826 4912 -7727 4944
6336 1964 6417 2028 6335 2081
-2545 -112 -2542 -188 -2508 -153
6432 -7900 6428 -7783 6386 -7858
-2524 -1305 -2461 -1278 -2455 -1428
3243 3672 3227 3740 3290 3675
-9181 -8181 -9247 -8336 -9220 -8219
-5551 8988 -5584 9027 -5596 9101
5189 -3645 5138 -3617 5137 -3612
6664 8422 6762 8449 6780 8387
-6304 -5463 -6274 -5397 -6278 -5451
8309 -7296 8308 -7298 8268 -7302
-2873 40 -3000 25 -3001 23
-5804 3524 -5859 3423 -5840 3542
-4148 -7197 -4141 -7180 -4239 -7171
-2720 -7659 -2751 -7648 -2774 -7621
5440 -8156 5467 -8110 5433 -8121
5496 7846 5534 7927 5523 7896
263 2198 154 2336 124 2275
729 -3039 778 -3189 888 -3067
8638 -4845 8626 -4890 8568 -4891
9341 -5910 9387 -5946 9312 -5788
2130 -6088 2175 -6196 2105 -6181
6370 532 6357 416 6437 414
-9537 -7216 -9539 -7191 -9521 -7205
5350 -6954 5328 -7106 5224 -7097
-5311 1606 -5276 1571 -5387 1614
-5649 -8980 -5650 -8848 -5675 -8920
127 -7651 86 -7694 149 -7649
849 4605 851 4656 718 4654
3691 747 3704 795 3775 745
-2754 -156 -2660 -165 -2639 -103
-375 5490 -467 5567 -396 5529
-6939 9512 -6894 9508 -6734 9337
-5903 448 -5919 544 -5890 585
-7112 7404 -7092 7383 -7069 7357
-7014 -4787 -6948 -4869 -7042 -4714
9659 1464 9716 1426 9620 1483
1191 -651 1139 -534 1080 -547
-9533 939 -9467 911 -9578 789
2920 -5591 2979 -5632 3026 -5648
5261 3720 5223 3622 5187 3694
2167 3095 2091 3177 2080 3060
-5421 7897 -5354 7947 -5365 7936
-1083 -2498 -1100 -2491 -1141 -2462
-5227 5216 -5196 5295 -5254 5277
-5422 -6265 -5361 -6293 -5412 -6234
8871 -2065 8792 -2128 8809 -1989
5473 -2446 5522 -2407 5582 -2414
9009 1440 8973 1425 8910 1310
-5318 4957 -5334 4867 -5303 4879
-9466 -8919 -9381 -9035 -9577 -9068
8337 -5386 8270 -5308 8324 -5374
3139 -7097 3061 -7167 3153 -7153
-136 8928 -288 8855 -234 8947
-9249 29 -9252 -55 -9227 -46
-8139 -6502 -8170 -6554 -8211 -6502
-4750 7849 -4784 7974 -4789 7908
9657 6006 9700 6084 9638 6024
7695 165 7659 131 7635 184
1576 -5991 1548 -5967 1564 -5966
-6696 3389 -6619 3531 -6694 3544
-6686 2053 -6690 1944 -6693 2043
9002 -58 9166 -165 8973 -159
-751 -1187 -630 -1095 -736 -1098
5054 5583 4940 5722 5028 5654
4756 -5227 4757 -5261 4800 -5258
353 -1880 386 -1863 342 -1885
-1198 5219 -1119 5188 -1214 5200
-314 7016 -330 7057 -290 7022
6733 -5202 6771 -5219 6681 -5207
-548 1868 -587 1853 -674 1987
5301 -5565 5219 -5452 5237 -5575
9769 -1952 9568 -1926 9542 -2015
8882 8803 8960 8810 8990 8761
9787 -3430 9725 -3365 9726 -3299
-7365 -7550 -7387 -7433 -7329 -7493
-1141 6150 -1090 6177 -1200 6084
7020 -8998 7037 -9110 7164 -9056
8603 8234 8654 8114 8661 8143
-625 5618 -634 5674 -648 5664
1491 -9722 1557 -9755 1466 -9665
1426 4943 1508 4851 1530 4959
-2820 -7375 -2730 -7304 -2774 -7325
1170 8308 1081 8410 1096 8265
-7812 4607 -7937 4581 -7944 4675
7150 -936 7099 -958 7096 -858
5079 -2898 5075 -2807 5062 -2914
-766 4247 -755 4319 -695 4322
9374 -6554 9281 -6456 9226 -6484
-7745 -5433 -7820 -5529 -7847 -5437
3219 7712 3166 7721 3241 7738
-7588 -9412 -7533 -9386 -7598 -9359
-159 -6541 -193 -6563 -181 -6540
4271 -8562 4261 -8587 4220 -8576
4470 6820 4627 6978 4419 6820
-7032 -5156 -7033 -5260 -7028 -5291
7448 2567 7538 2428 7447 2545
315 6426 280 6434 310 6486
233 8116 232 8125 200 8096
-3449 628 -3434 661 -3394 718
-3330 4998 -3308 4979 -3325 4959
-7603 3909 -7583 3868 -7613 3898
-921 7548 -959 7466 -907 7451
8604 38 8669 137 8615 138
-4154 -625 -4106 -562 -4193 -503
-2630 4972 -2703 4846 -2789 4793
-1284 -7301 -1274 -7262 -1245 -7209
-7411 725 -7365 661 -7459 658
-230 -5100 -251 -5088 -159 -5085
8137 -6163 8222 -6312 8210 -6187
-3038 -6494 -3015 -6513 -3044 -6512
-4184 -7796 -4211 -7969 -4208 -7802
-4887 3815 -4998 3841 -4966 3885
7133 6845 7110 6862 7173 6868
392 5864 338 5776 351 5865
7132 -6963 7165 -6998 7109 -7101
-7207 -8076 -7193 -8127 -7264 -8118
4293 -458 4329 -435 4360 -502
-9208 -9835 -9247 -9906 -9234 -9920
9303 -4566 9352 -4482 9318 -4494
-7661 2198 -7589 2273 -7607 2226
1637 8104 1635 8081 1686 8099
9805 4369 9877 4437 9974 4298
9056 8769 9049 8887 9010 8918
-7288 2810 -7351 2762 -7400 2831
-1266 -6809 -1235 -6954 -1180 -6758
9397 -6493 9495 -6467 9481 -6291
-6288 2240 -6360 2232 -6281 2212
-413 2046 -360 2046 -382 1945
-9040 -3564 -9157 -3544 -9149 -3435
-9204 -5615 -9189 -5709 -9159 -5700
-1921 9271 -1855 9180 -2000 9133
1454 -1929 1398 -1846 1267 -1838
-5753 799 -5762 877 -5772 810
8160 5271 8050 5243 8189 5382
5438 -6225 5359 -6095 5356 -6192
3340 6044 3416 5914 3509 5986
-5528 -4999 -5575 -4973 -5628 -4984
4189 4169 4149 4198 4168 4246
-5128 -777 -5097 -868 -5199 -801
-3502 8133 -3413 8106 -3524 8080
-8553 -4851 -8487 -4777 -8613 -4893
-331 5147 -353 5209 -414 5214
23 -3612 67 -3530 89 -3599
-5377 6585 -5218 6588 -5326 6471
-7091 -3342 -7208 -3219 -7023 -3214
-9929 -4632 -9937 -4565 -9834 -4558
-1605 1515 -1580 1657 -1480 1651
-1804 9522 -1782 9459 -1815 9521
-298 8576 -392 8522 -472 8478
6705 -6 6782 -9 6758 -12
-5658 -195 -5741 -204 -5852 -238
9114 -3520 9000 -3551 9167 -3547
-9142 3572 -9274 3588 -9208 3545
-4666 2535 -4608 2447 -4675 2532
-5379 9264 -5301 9128 -5384 9130
8259 2918 8213 2796 8280 2943
-8108 -9328 -8029 -9295 -8053 -9257
9306 -8643 9419 -8686 9383 -8631
2084 -6470 2054 -6250 1975 -6292
-8946 6835 -8825 6735 -8883 6746
8752 -5800 8740 -5900 8829 -5824
4607 -1711 4581 -1725 4592 -1842
7214 9529 7261 9583 7172 9533
9606 -8643 9737 -8624 9761 -8507
-5570 -5686 -5544 -5652 -5530 -5711
-9682 -6475 -9592 -6467 -9760 -6411
1519 1633 1513 1672 1526 1778
5606 -6830 5693 -6862 5543 -6919
-8468 3168 -8486 3053 -8461 3073
4965 820 4936 793 4783 910
3679 4071 3602 4014 3577 4008
-597 1490 -658 1452 -649 1515
4404 7542 4398 7541 4426 7502
2245 6078 2326 5990 2428 6006
-8867 -7270 -8823 -7210 -8863 -7300
5834 -4771 5924 -4688 5939 -4794
-8127 8317 -8092 8311 -8056 8384
-470 -6517 -346 -6484 -355 -6487
-9774 -7660 -9871 -7674 -9789 -7617
-9003 -9773 -8882 -9774 -8951 -9853
1329 -553 1269 -533 1214 -416
8074 7951 8097 7926 8072 7910
-4557 2082 -4621 2159 -4555 2073
-2829 1997 -2764 2072 -2801 1917
5480 5545 5482 5500 5423 5577
-188 7846 -263 7850 -247 7847
-2816 7132 -2956 7189 -2969 7164
-1960 -2032 -1944 -2113 -1884 -2082
1055 -4856 1148 -4891 1120 -4755
-7585 601 -7546 662 -7611 607
8465 6415 8491 6506 8516 6537
6130 5876 6075 5944 6030 5934
3079 -1908 3009 -1916 3107 -1958
4883 5068 4753 5129 4778 5159
7641 -1315 7556 -1327 7635 -1328
1067 764 1096 786 1076 738
4952 1679 5005 1680 5111 1683
2829 -3467 2878 -3367 2909 -3417
7113 3856 7203 3770 7110 3824
3383 -1920 3283 -2057 3257 -1956
5219 1829 5185 1782 5200 1857
3831 -6034 3964 -6086 3953 -6110
-2345 -7800 -2240 -7770 -2343 -7684
-3739 -2321 -3711 -2325 -3775 -2351
9829 5597 9839 5621 9777 5632
-8795 -1016 -8780 -1029 -8776 -1016
619 4327 656 4433 565 4329
-4153 -6774 -4095 -6890 -4169 -6832
4220 368 4144 390 4233 543
-5100 6740 -5124 6739 -5133 6728
3343 404 3383 294 3274 362
6384 8853 6375 8847 6381 8845
6901 -6410 6916 -6495 7013 -6430
-5262 -4242 -5308 -4217 -5213 -4196
-3333 -4259 -3258 -4302 -3332 -4246
1180 -4401 1282 -4423 1206 -4439
6813 -3335 6928 -3345 6770 -3376
-9185 -4662 -9297 -4706 -9151 -4628
-8277 4671 -8251 4646 -8292 4723
-3658 -5327 -3670 -5316 -3717 -5293
6947 5173 6920 5040 6986 5041
7945 8633 7926 8453 7776 8525
-8416 559 -8444 615 -8501 556
6808 -6111 6807 -6047 6745 -6149
-2543 -3342 -2485 -3333 -2473 -3369
1419 187 1268 144 1243 174
-2520 1705 -2579 1682 -2528 1698
452 3540 456 3528 356 3457
4134 -8060 4127 -8042 4084 -8017
-771 -6364 -811 -6526 -774 -6364
3628 -4944 3666 -5024 3698 -4893
1265 8850 1248 8689 1256 8698
9747 1062 9811 1112 9828 1043
3720 6301 3770 6276 3805 6330
-1874 3048 -1824 3060 -1832 2977
-9472 4304 -9433 4149 -9491 4228
-1557 8457 -1563 8414 -1485 8484
9126 8775 9175 8906 9131 8864
-9323 3288 -9286 3323 -9335 3281
-5510 2378 -5633 2557 -5490 2507
2492 -7281 2509 -7261 2480 -7190
8328 8120 8369 8161 8373 8171
3530 3176 3531 3222 3470 3227
-4209 -3851 -4193 -3877 -4168 -3831
4997 2578 4959 2542 5163 2551
-9038 6180 -9085 6282 -9158 6219
8431 1044 8336 1208 8247 1174
8331 5269 8259 5309 8382 5349
8439 -5750 8553 -5778 8503 -5838
9409 -9502 9470 -9546 9428 -9529
-9760 -9130 -9750 -9232 -9703 -9145
6328 -8692 6184 -8660 6275 -8723
-2312 -8569 -2302 -8526 -2299 -8526
-7089 -5466 -7053 -5402 -7033 -5404
-1788 -18 -1857 -2 -1777 -10
-8660 -4532 -8568 -4535 -8507 -4425
9119 4880 8975 4929 9085 4759
-3999 -2641 -3929 -2687 -3986 -2680
-8101 8282 -8173 8268 -8069 8231
-847 -5594 -863 -5597 -842 -5552
-5227 -4513 -5248 -4567 -5192 -4568
-9353 -5558 -9380 -5539 -9360 -5360
5710 -8235 5658 -8354 5723 -8262
-7335 -4922 -7288 -4879 -7266 -4803
-8363 -9253 -8352 -9243 -8359 -9235
-4754 3100 -4742 3002 -4607 3102
2253 8022 2433 8149 2372 8124
4808 -7610 4883 -7541 4891 -7583
7361 -9628 7331 -9588 7214 -9518
-1216 -791 -1366 -722 -1351 -685
-7066 1645 -7051 1642 -7091 1641
4221 -6052 4210 -6023 4172 -6076
-5619 -7972 -5699 -7948 -5820 -7925
-5449 -2362 -5444 -2389 -5475 -2318
4340 5847 4307 5900 4282 5869
8889 -8730 8798 -8638 8883 -8720
976 2253 937 2152 870 2125
-3960 -6236 -4131 -6240 -3995 -6253
9376 7513 9446 7433 9396 7409
-6369 -2249 -6322 -2294 -6338 -2295
9259 -1762 9237 -1699 9286 -1717
267 5425 296 5498 239 5364
6451 -1414 6331 -1485 6349 -1453
-5120 -6002 -5080 -6040 -5159 -6057
1158 8943 1174 9070 1129 9052
665 -6539 720 -6572 719 -6461
-6225 -1810 -6225 -1732 -6281 -1767
-3844 -5190 -3770 -5200 -3760 -5242
-2305 244 -2396 239 -2363 227
4133 -7359 4027 -7329 4059 -7290
6732 5035 6849 5037 6827 5055
9793 -4808 9792 -4884 9742 -4938
4906 1936 4882 2044 4923 2001
5252 7302 5390 7184 5405 7177
-4831 -9725 -4986 -9711 -4929 -9706
5933 -8520 5947 -8498 5900 -8554
-7257 1068 -7399 1013 -7374 1052
-8747 -8196 -8692 -8254 -8697 -8282
-4783 -1820 -4828 -1785 -4802 -1805
-4576 -8848 -4588 -8594 -4480 -8650
-9494 -3634 -9521 -3601 -9445 -3549
7479 4615 7536 4704 7530 4687
-8124 -4157 -8232 -4186 -8227 -4165
7221 -1126 7187 -1133 7211 -1110
2622 -3880 2562 -3899 2671 -3911
-1935 7518 -2005 7478 -1977 7412
8224 5368 8201 5393 8194 5466
-6614 5399 -6573 5477 -6534 5530
-9303 -2967 -9194 -2925 -9281 -2942
6110 -7511 6017 -7583 6152 -7497
-3765 -7219 -3937 -7399 -3728 -7304
-7823 -4069 -7715 -4213 -7767 -4198
-7373 3559 -7327 3584 -7409 3573
-7877 7528 -7988 7455 -7890 7530
-9601 8882 -9634 8928 -9601 8893
-2615 -9234 -2487 -9251 -2519 -9111
-3166 -4275 -3089 -4310 -3085 -4325
1613 475 1612 465 1637 420
-3909 4705 -3857 4663 -3886 4688
-8519 7146 -8468 7155 -8500 7252
-7608 -7644 -7726 -7513 -7719 -7612
-8955 -9702 -8903 -9703 -8877 -9728
1991 8392 1990 8362 1953 8365
377 4319 436 4311 390 4305
-8328 3038 -8290 3039 -8233 3013
3774 -4494 3726 -4486 3747 -4506
-4662 -8795 -4718 -8777 -4620 -8722
3748 1567 3729 1529 3724 1520
-9088 9732 -9054 9707 -8986 9660
1915 -433 1958 -543 1883 -381
4364 -9092 4391 -9196 4456 -9199
-329 725 -304 745 -339 714
-5409 8301 -5368 8358 -5387 8331
-2720 6859 -2742 6891 -2811 6810
8194 2808 8193 2845 8205 2876
-464 -9322 -301 -9514 -469 -9509
-7701 1531 -7622 1639 -7673 1512
-1559 -6843 -1551 -6791 -1582 -6818
-4893 6602 -4767 6695 -4713 6641
9092 1682 8976 1590 8976 1674
-4733 -6369 -4675 -6333 -4605 -6475
-7475 -5033 -7351 -4935 -7446 -5005
7479 2827 7498 2798 7460 2877
3675 9357 3630 9348 3705 9335
2656 6158 2635 6209 2627 6166
627 -4347 676 -4395 586 -4249
-133 -9401 18 -9340 -5 -9433
-5777 3306 -5712 3238 -5776 3335
8897 618 8940 746 8899 726
-9350 7994 -9411 7985 -9223 7926
-5601 -8520 -5651 -8675 -5744 -8540
9644 -405 9575 -410 9579 -436
8962 8917 8970 8909 8889 8963
-2825 3611 -2760 3556 -2750 3548
-1059 -9028 -1049 -9183 -1061 -9172
-1201 4352 -1319 4336 -1128 4361
-6259 8743 -6287 8728 -6211 8812
-9307 -492 -9268 -401 -9328 -500
-5779 2477 -5808 2459 -5764 2341
1369 -213 1246 -237 1358 -192
4042 5533 3939 5495 4023 5431
-1488 -8188 -1470 -8195 -1433 -8259
-4632 928 -4714 942 -4669 954
-9762 -4566 -9787 -4491 -9783 -4523
3719 4909 3763 4937 3732 4927
-4008 7047 -4027 6978 -3986 7019
-1638 5006 -1691 5101 -1701 4996
-6212 -1077 -6208 -958 -6209 -1073
4217 -150 4237 -201 4082 -187
6251 5349 6271 5399 6151 5276
-1095 -72 -1170 9 -1111 -68
8421 -3493 8500 -3448 8430 -3509
-8054 -4957 -7960 -4994 -8027 -5056
3048 5345 2965 5448 3049 5354
6472 -511 6589 -378 6528 -409
2876 7939 2872 7974 2945 7950
8969 -2798 8952 -2783 8985 -2762
-467 6214 -425 6246 -431 6222
-6089 -6008 -5955 -6046 -6030 -5948
3823 6776 3707 6754 3786 6786
5397 5693 5240 5761 5278 5779
-9545 2972 -9490 2947 -9538 2908
-4221 6316 -4240 6232 -4248 6203
-1599 6481 -1645 6416 -1664 6426
2980 5969 2910 5845 2966 5956
1477 -4385 1517 -4444 1442 -4475
5378 1440 5378 1368 5408 1422
-2381 486 -2358 581 -2270 583
-4261 1793 -4395 1833 -4361 1760
5738 9497 5828 9594 5741 9581
-5519 -3573 -5309 -3520 -5327 -3530
2575 7132 2667 7165 2683 7238
4308 1286 4312 1268 4387 1330
4956 -2439 4955 -2344 4860 -2406
8757 5408 8795 5408 8782 5404
-1035 -9949 -1125 -9917 -991 -9839
-6372 7607 -6289 7550 -6326 7667
-5411 -9271 -5324 -9388 -5381 -9245
-9361 -8114 -9462 -8101 -9385 -8133
-6946 3365 -6920 3298 -6865 3247
-6485 2509 -6473 2535 -6566 2500
4465 7109 4434 7110 4373 7059
-1626 440 -1690 434 -1699 431
3176 -936 3033 -930 3084 -962
-7526 -4954 -7609 -4982 -7580 -5003
-7326 -3359 -7408 -3369 -7389 -3220
1236 -5245 1246 -5221 1170 -5234
-8955 9297 -8976 9484 -8916 9476
7723 9900 7647 9797 7733 9846
9471 -9149 9328 -9034 9501 -9003
-1276 6344 -1225 6362 -1219 6362
3158 -985 3357 -1012 3256 -1094
-1285 -4263 -1137 -4316 -1288 -4291
-402 661 -486 695 -364 630
4508 -8400 4424 -8439 4492 -8465
6152 -4537 6195 -4543 6123 -4538
-5396 2064 -5405 2079 -5469 2184
4139 -7157 4124 -7078 4111 -7128
-8156 3071 -8257 3077 -8209 3073
-6966 7785 -6909 7742 -6894 7792
4540 -4338 4517 -4284 4499 -4309
6496 -4211 6342 -4171 6411 -4158
2307 -4783 2363 -4956 2259 -4996
-9349 7003 -9335 6909 -9338 6942
-3101 -5706 -3142 -5753 -3110 -5761
-8766 -3054 -8730 -2963 -8853 -2886
-3296 -5423 -3466 -5330 -3412 -5326
6966 -3606 6939 -3539 6884 -3462
1518 -5324 1280 -5137 1319 -5263
-4941 -5795 -4762 -5790 -4842 -5874
3071 -9489 3017 -9608 2972 -9566
51 -5259 -103 -5227 68 -5301
-6727 -6591 -6750 -6610 -6771 -6545
2669 -866 2667 -798 2756 -867
-8611 -1833 -8675 -1859 -8641 -1830
-3323 -1607 -3298 -1440 -3279 -1700
7793 7320 7829 7309 7766 7250
9202 9426 9280 9403 9315 9592
-2185 9099 -2012 9153 -2133 9183
-6257 1765 -6330 1833 -6252 1810
9575 -1303 9609 -1383 9555 -1409
9005 -5472 8877 -5381 8957 -5376
-6635 3683 -6745 3705 -6718 3735
-1238 -2980 -1286 -2982 -1274 -2956
-8408 5082 -8385 4980 -8428 5008
7310 -2056 7193 -2145 7306 -2160
7652 5482 7667 5490 7748 5519
9911 -5339 9816 -5374 9837 -5418
-2246 -2970 -2141 -2967 -2231 -2953
3620 -1038 3695 -1026 3652 -1063
-2166 -1763 -2251 -1716 -2159 -1761
8527 -7338 8540 -7403 8543 -7416
-8598 1231 -8588 1257 -8544 1207
5267 5401 5266 5401 5259 5407
1862 -6262 1849 -6239 1793 -6210
5239 1675 5244 1702 5376 1667
411 1949 388 1939 358 2002
-9468 1706 -9466 1688 -9523 1644
6814 630 6846 641 6836 602
2952 9812 2934 9747 2967 9680
1290 3399 1280 3390 1364 3465
-3080 -8527 -3158 -8637 -3123 -8559
9266 -6228 9411 -6212 9305 -6131
-6649 -7626 -6616 -7725 -6645 -7624
-3510 1366 -3542 1394 -3488 1373
6023 7510 6096 7290 6026 7496
-3858 5232 -3999 5311 -3940 5206
5660 965 5672 962 5602 1031
1836 5922 1847 5915 1840 5853
-1608 1471 -1446 1497 -1622 1486
4404 -4613 4469 -4538 4391 -4627
9598 -7072 9687 -7014 9636 -7079
-9697 -6211 -9799 -6086 -9758 -6041
9806 6196 9863 6302 9756 6278
-4812 3044 -4973 3125 -4956 3026
7976 3543 8059 3605 8025 3630
-4587 2643 -4513 2709 -4585 2774
-2379 8582 -2432 8568 -2435 8620
196 1186 155 1128 260 1122
7492 7242 7471 7329 7499 7381
-9598 4445 -9641 4431 -9737 4473
-4928 -4350 -5017 -4402 -4910 -4289
2469 3103 2469 3088 2453 3040
1350 -9372 1275 -9281 1280 -9329
-2689 -6730 -2740 -6690 -2711 -6680
-2728 -4081 -2677 -4122 -2651 -4193
-360 -45 -395 -65 -374 -46
-3774 1820 -3711 1769 -3769 1663
-8252 -8832 -8289 -8858 -8316 -8931
1970 -4777 1929 -4793 1851 -4871
5902 -6375 5940 -6444 5881 -6390
-8307 2729 -8248 2646 -8333 2678
-8028 -5256 -8060 -5173 -8192 -5318
1950 3641 1938 3539 1806 3692
-3648 6627 -3626 6640 -3617 6635
211 7379 134 7395 115 7354
-8376 9213 -8388 9137 -8359 9141
7045 -311 7161 -255 7046 -207
-9582 -9815 -9642 -9700 -9476 -9887
947 9862 914 9904 897 9890
8541 343 8592 374 8437 363
-2960 955 -2937 880 -2860 1025
-5087 -7445 -4913 -7403 -5042 -7404
6006 3242 6056 3232 6051 3105
7805 1410 7815 1394 7829 1496
6155 -6203 6156 -6220 6061 -6257
-5123 8603 -5157 8522 -5178 8508
-558 -2565 -507 -2678 -499 -2648
-5437 -929 -5459 -996 -5418 -930
-3186 951 -3152 874 -3147 991
-5929 2289 -5859 2342 -5862 2299
5913 8046 5854 8035 5842 8075
5987 5619 5984 5639 5952 5631
5985 -8834 5970 -8844 6040 -8862
9833 -6695 9684 -6781 9707 -6713
2863 5989 2918 6132 3028 5980
-1228 -3317 -1199 -3341 -1316 -3365
-504 -2027 -538 -2048 -529 -1936
1428 3108 1437 2999 1408 3074
5642 -9193 5621 -9282 5710 -9281
-5210 -7647 -5213 -7719 -5159 -7682
-2232 4707 -2204 4722 -2236 4670
7910 23 7879 -21 7893 -13
-8546 9025 -8522 8974 -8591 8863
8555 -3663 8515 -3716 8499 -3716
-4673 5521 -4676 5608 -4672 5586
-1366 -4383 -1309 -4381 -1375 -4455
9504 7243 9559 7282 9456 7406
-2180 2181 -2184 2107 -2290 2065
-2578 -2810 -2550 -2817 -2558 -2830
-537 1011 -534 1056 -563 1051
4199 7880 4165 7937 4166 7893
-8895 8384 -9003 8394 -8882 8398
440 1677 352 1716 404 1681
-5910 3367 -5929 3425 -5941 3415
4240 -2337 4202 -2458 4268 -2381
6386 5714 6280 5676 6240 5838
-6789 4053 -6720 4045 -6797 4040
-548 -5364 -474 -5305 -467 -5405
-7825 9529 -7882 9464 -7711 9579
-7516 4194 -7475 4282 -7648 4254
-7597 9946 -7602 9846 -7491 9893
2668 -3815 2676 -3767 2639 -3825
-6889 -1960 -6829 -2021 -6907 -2028
5314 617 5220 596 5188 550
4971 4464 4902 4489 4924 4569
-5819 -3652 -5813 -3661 -5855 -3672
-6715 -7350 -6667 -7312 -6680 -7226
-4746 4979 -4685 4976 -4763 5020
1216 3884 1165 3903 1144 3867
-9494 5671 -9470 5655 -9498 5685
9024 2939 9067 2975 9206 3008
-9632 5791 -9645 5819 -9638 5905
-7723 7305 -7627 7182 -7583 7242
-9401 -1955 -9464 -2061 -9472 -2042
-916 -5271 -1009 -5231 -958 -5224
3996 2578 4167 2412 4206 2505
-6861 1241 -6859 1260 -6976 1391
7342 -1338 7462 -1313 7434 -1396
-671 -6159 -783 -6218 -683 -6189
9237 3360 9206 3290 9239 3242
3471 -3758 3523 -3758 3433 -3803
-2064 -5028 -2023 -4949 -1961 -5027
7683 4103 7637 4218 7637 4161
-6030 -8433 -6092 -8527 -6018 -8412
-6637 -5213 -6628 -5203 -6572 -5112
7276 7855 7308 7937 7165 7921
-8605 5923 -8644 5835 -8613 5812
-2815 -8514 -2801 -8479 -2879 -8390
9672 8001 9747 7885 9640 7955
4155 3336 4114 3275 4128 3286
-8546 -7295 -8417 -7477 -8444 -7467
2718 -9061 2734 -9015 2679 -9061
1387 -6842 1439 -6996 1492 -6944
-1291 3328 -1363 3382 -1431 3319
-654 -2713 -619 -2679 -606 -2717
4971 9412 5059 9478 5129 9342
-6537 -4765 -6362 -4806 -6527 -4888
7485 -4194 7452 -4242 7500 -4327
5449 -1180 5470 -960 5545 -1094
-1577 6334 -1521 6302 -1677 6384
4929 -5533 4950 -5557 4870 -5553
2953 -4474 2865 -4588 2889 -4586
8885 -9730 8934 -9757 8894 -9767
-6597 -5929 -6602 -6036 -6580 -6018
-6912 -5840 -6901 -5839 -6977 -5824
5901 9121 5839 9257 5859 9258
7117 1456 7124 1467 7115 1410
-9395 -6132 -9456 -6168 -9451 -6240
-4321 8674 -4338 8673 -4362 8689
4917 4071 4971 4052 5010 4026
596 7458 565 7471 626 7331
9474 -6721 9481 -6790 9546 -6716
-9532 -5721 -9573 -5871 -9371 -5716
-5530 -206 -5540 -61 -5437 -95
-3138 -9086 -3129 -9084 -3010 -9183
-5771 5990 -5815 5989 -5698 6002
2741 -4548 2678 -4336 2818 -4376
1574 -1507 1614 -1419 1579 -1485
4240 -7853 4223 -8028 4190 -7897
-5301 -7885 -5253 -7956 -5298 -7938
-3523 8026 -3488 7920 -3501 8021
-225 1191 -124 1020 -250 1028
505 -7420 363 -7503 401 -7494
-9857 -9955 -9874 -9946 -9796 -9962
-1830 -2658 -1700 -2819 -1868 -2848
-6124 -7522 -6168 -7509 -6180 -7456
7505 -7499 7583 -7464 7622 -7453
6217 3374 6241 3433 6245 3422
-9030 -68 -9109 -143 -9013 -9
7742 -1211 7747 -1104 7827 -1215
-4073 -4872 -4108 -4847 -4225 -4735
7615 483 7687 528 7760 494
-2456 -375 -2499 -372 -2500 -341
2280 -3642 2400 -3611 2317 -3691
-24 2827 -29 2783 21 2803
5 -5834 33 -5693 -100 -5813
-2029 -2379 -2033 -2400 -2099 -2456
3010 8950 2983 9008 2930 9024
6671 5209 6670 5233 6734 5239
2170 -8819 2157 -8876 2239 -8882
8652 1876 8686 1880 8616 1930
-4324 936 -4363 955 -4360 917
6349 -3849 6537 -3921 6521 -3812
8735 7702 8797 7823 8729 7714
-8082 166 -7924 236 -7927 204
1698 808 1720 802 1696 780
1144 -2725 1075 -2742 1129 -2774
-1326 8004 -1260 7865 -1285 7876
-9042 5477 -8936 5637 -8971 5533
-6025 -9036 -6026 -9071 -5954 -9143
7902 -6946 8069 -6858 7934 -6813
-7637 1388 -7695 1432 -7657 1389
-2077 -7480 -2133 -7452 -2175 -7351
9821 9248 9800 9200 9817 9140
-495 -382 -462 -362 -453 -268
7430 -8981 7416 -8840 7323 -9039
-347 3773 -377 3767 -390 3776
-2376 -444 -2422 -482 -2243 -469
-5193 4459 -5318 4468 -5296 4508
2403 92 2292 95 2311 114
3573 7998 3609 7819 3706 7884
-752 9461 -682 9547 -686 9459
-4935 8928 -4838 8913 -4867 8975
2134 -4935 2148 -4777 2179 -4931
2049 2413 2105 2360 2159 2380
9277 -8119 9330 -8142 9266 -8264
-709 1790 -662 1843 -659 1769
1047 1833 1103 1814 1085 1770
777 3237 624 3157 841 3149
-3937 -365 -4046 -168 -3949 -350
2857 4385 2919 4374 2749 4369
-2835 1349 -2889 1373 -2777 1366
-4493 807 -4582 843 -4521 817
3963 2110 3998 1978 3969 2069
-1027 2956 -1167 2928 -1060 2861
7700 -3281 7705 -3402 7679 -3423
-5416 -2450 -5302 -2523 -5408 -2407
6277 -2239 6232 -2259 6187 -2197
1408 9380 1496 9333 1529 9458
7155 1775 7081 1786 7115 1793
-8 -6437 -13 -6375 -69 -6374
6771 2982 6783 3025 6703 2946
5426 -1439 5429 -1427 5354 -1416
-4853 -4572 -4801 -4550 -4853 -4570
-5320 5636 -5281 5620 -5290 5539
-3319 -3563 -3400 -3651 -3369 -3628
9613 -2871 9578 -2998 9584 -2984
-4316 -5385 -4353 -5400 -4342 -5386
-8393 -1765 -8353 -1853 -8388 -1837
6288 6427 6271 6381 6265 6347
-6544 -7125 -6505 -7226 -6657 -7131
7935 -9020 7848 -9091 7987 -8981
-3940 6256 -3958 6312 -3900 6239
9534 1664 9537 1711 9366 1665
-5372 -6546 -5374 -6582 -5431 -6546
4415 5977 4418 6020 4422 5961
-8760 -6513 -8864 -6482 -8867 -6473
-2653 2096 -2637 2087 -2602 2061
1839 2662 1785 2677 1757 2648
-2660 -629 -2688 -569 -2632 -608
5966 -523 5980 -513 5888 -495
-1122 6801 -1132 6744 -978 6839
5602 -5749 5615 -5717 5584 -5727
4715 -5324 4806 -5462 4658 -5330
-6062 2689 -6072 2782 -6110 2791
1198 2667 1286 2633 1242 2588
-5539 6938 -5577 7049 -5510 6955
4085 -5048 3970 -5143 3939 -5134
-202 -9485 -296 -9475 -278 -9518
-2504 9550 -2447 9603 -2515 9683
-5166 -5106 -5082 -5006 -5018 -5079
1574 -2262 1501 -2157 1493 -2244
-5115 9757 -5161 9710 -5133 9625
2014 5623 2047 5639 2029 5646
5752 2965 5999 3036 5919 3031
-5139 2596 -5194 2593 -5196 2586
-9736 -8693 -9777 -8809 -9889 -8711
-9413 -2506 -9481 -2493 -9416 -2420
8144 -3237 8173 -3177 8241 -3196
-4885 1148 -5009 1116 -4907 1181
-8304 -3888 -8304 -3901 -8333 -3891
-8265 9272 -8336 9275 -8264 9159
-7984 6680 -7961 6680 -7995 6724
3277 -6775 3360 -6682 3358 -6749
3173 5429 3192 5465 3185 5486
-4231 5680 -4153 5583 -4182 5647
-7069 -5199 -7192 -5201 -7146 -5206
4924 6077 4894 6022 4940 6044
9862 -2457 9909 -2416 9895 -2440
-2473 -7000 -2385 -6857 -2436 -6826
792 5978 676 6007 783 5864
6682 1312 6626 1334 6671 1335
6280 -3524 6267 -3537 6288 -3578
6755 346 6891 189 6717 171
-1740 -7292 -1855 -7285 -1894 -7113
8418 8634 8370 8699 8391 8684
587 2730 668 2742 677 2712
8932 -3760 8927 -3807 8888 -3764
5929 -3881 5965 -3867 5997 -3900
-5899 -6080 -5894 -6086 -5938 -6129
-2029 7141 -1987 7244 -1933 7170
-7736 5860 -7806 5986 -7764 5972
9398 -9001 9411 -8959 9392 -8983
9714 974 9859 938 9806 831
-6574 -5786 -6511 -5755 -6479 -5757
1427 -3239 1404 -3264 1401 -3147
5195 298 5251 296 5246 241
7907 8128 8038 8046 7945 8108
-3183 207 -3254 94 -3243 224
643 -4130 688 -4148 721 -4168
-2824 188 -2784 45 -2716 135
2043 -8048 2036 -8011 1970 -8084
-1473 2229 -1557 2136 -1399 2194
-5924 6946 -5989 6967 -5887 6955
9746 -5198 9698 -5229 9695 -5173
5811 -6817 5700 -6800 5723 -6782
2578 -693 2584 -716 2519 -707
1814 2533 1834 2565 1582 2505
-9478 -7025 -9441 -6921 -9525 -6932
9306 3436 9133 3384 9187 3395
-423 4679 -524 4654 -517 4619
9668 -4187 9620 -4163 9656 -4178
9558 7666 9575 7587 9503 7586
-4475 -9113 -4531 -9126 -4489 -9034
-7428 2917 -7360 2931 -7420 2968
-4285 -1416 -4248 -1412 -4308 -1537
-8794 -5243 -8753 -5208 -8727 -5215
-5352 -5846 -5276 -5687 -5267 -5736
4184 -1574 4063 -1724 4205 -1653
-2297 3002 -2291 3112 -2213 3002
-6056 7353 -6024 7357 -6054 7453
2308 -8705 2252 -8724 2222 -8759
1478 4714 1538 4696 1540 4728
6869 -6529 6900 -6484 6852 -6493
3153 -855 3120 -878 3115 -895
1112 2964 1068 2983 1150 3021
4285 -3032 4255 -3127 4237 -3053
-4587 -1644 -4515 -1577 -4618 -1556
3683 7555 3598 7536 3693 7530
-1789 1447 -1692 1516 -1736 1369
5786 -7751 5771 -7732 5804 -7806
-5102 1964 -5216 1852 -5121 1973
956 4715 937 4876 965 4935
1935 -3538 1933 -3545 1875 -3668
5597 8354 5648 8315 5596 8340
-6031 3172 -6029 3090 -6093 3219
33 7626 -76 7598 44 7644
3204 8863 3226 8820 3185 8745
-5059 -5217 -5152 -5187 -5076 -5113
-757 8540 -701 8558 -696 8611
3140 -5707 3216 -5636 3138 -5693
-1451 9227 -1473 9378 -1424 9359
2572 704 2578 762 2623 779
6488 -4804 6493 -4800 6486 -4822
3327 -4968 3189 -4989 3159 -5146
