500 500
384 298 407 87 105 198 4 440 340 459 281 141 68 318 369 461 163 427 412 416 31 99 400 171 362 306 471 138 476 326 234 98 125 90 231 236 144 44 129 476 346 412 199 43 313 114 345 89 85 100 379 439 202 302 91 59 168 468 279 443 86 152 53 386 464 253 217 315 141 253 11 276 177 244 318 384 496 250 34 257 465 361 195 298 263 269 160 455 392 446 369 208 457 25 97 62 148 128 260 398 54 245 290 363 425 51 167 200 155 165 425 476 81 289 289 489 166 375 50 429 197 23 80 308 418 298 254 172 33 65 25 12 265 477 486 37 47 57 264 472 405 24 28 46 447 4 84 490 377 136 457 319 43 35 52 484 432 278 372 246 339 402 486 221 345 156 64 7 269 319 491 103 455 441 53 87 438 431 364 243 482 32 449 208 438 6 146 454 367 241 352 479 467 242 297 149 359 306 27 124 453 420 488 409 279 202 76 416 118 4 286 363 96 464 111 77 387 281 137 312 295 168 133 363 420 298 33 365 269 167 144 80 186 160 25 67 79 154 63 156 424 449 292 66 255 227 278 373 109 182 389 69 404 141 263 259 486 148 283 336 73 475 389 115 121 392 204 207 122 217 204 131 74 266 360 57 355 277 122 180 228 427 486 358 471 46 171 117 405 378 21 82 398 435 500 382 9 306 416 455 449 148 134 134 39 421 394 419 101 310 203 166 132 328 376 273 403 226 347 143 70 131 497 403 360 138 340 12 106 112 201 267 178 350 298 391 356 320 232 184 400 343 358 291 14 211 240 480 384 58 453 281 172 203 318 68 8 316 329 269 148 1 31 53 439 291 158 448 26 54 124 320 432 259 70 404 372 430 261 42 443 229 432 97 363 199 349 172 145 446 268 369 187 470 235 255 443 255 376 120 202 3 433 204 322 334 475 484 40 432 92 71 139 147 97 477 423 202 296 195 199 203 355 201 44 101 356 44 43 403 3 296 395 103 479 147 472 336 353 27 402 125 255 400 224 128 347 472 385 8 301 206 446 319 408 51 294 488 434 288 377 74 491 166 25 471 71 461 40 182 61 310 360 322 336 392 450 96 438 262 140 105 299 371 295 154 403 462 257 370 37 140 87 292 157 248 125 358 79 190
345 195 498 123 444 230 166 243 165 216 466 500 436 434 379 392 416 136 490 419 414 300 30 58 384 449 392 373 262 144 61 258 224 359 396 300 309 429 453 245 98 199 43 493 30 206 327 108 459 354 479 95 75 160 112 316 329 446 420 190 256 178 344 174 239 138 311 80 464 467 290 467 424 265 470 69 308 357 437 136 412 147 333 323 82 452 27 110 164 281 165 365 419 143 25 365 100 153 188 424 63 141 100 144 439 366 46 464 308 395 132 247 9 91 112 290 347 284 336 298 119 176 316 348 440 11 307 224 55 27 166 91 388 245 143 496 204 323 459 106 497 349 229 340 4 95 365 469 20 362 73 170 297 467 188 430 153 478 422 309 90 292 457 213 142 9 295 407 302 407 14 432 344 434 346 190 412 346 378 18 443 112 372 309 243 412 421 152 296 4 330 142 335 136 145 26 402 229 437 250 189 402 229 485 219 182 369 174 21 480 117 435 331 41 200 411 259 493 143 116 129 82 23 18 233 96 199 302 494 295 307 40 193 377 198 133 228 117 469 434 100 121 154 155 128 37 390 457 255 317 115 28 298 31 318 401 304 379 394 26 376 9 315 17 362 366 296 85 94 64 274 497 232 361 247 327 486 20 168 109 414 340 91 387 53 231 142 64 108 253 130 57 35 482 5 229 301 59 120 268 18 70 425 339 397 25 78 161 106 103 12 85 221 427 374 470 369 399 3 38 26 254 295 479 251 446 59 477 53 500 105 478 278 159 341 96 367 300 462 463 195 97 309 380 458 33 93 452 270 465 250 487 69 135 142 213 149 50 43 320 250 107 390 255 4 227 410 193 487 74 67 248 273 134 292 63 87 282 405 56 317 283 82 423 149 355 222 405 200 177 496 418 417 102 162 436 187 283 284 429 188 440 478 284 333 282 248 109 106 154 71 213 301 281 79 147 82 462 487 393 388 255 442 379 253 368 406 459 84 245 432 412 478 73 438 192 237 486 316 414 83 478 118 380 154 405 309 253 329 28 473 156 441 384 482 408 346 69 392 74 246 444 321 218 393 457 487 11 143 13 411 174 212 29 127 247 296 257 324 399 409 478 193 195 496 240 487 120 448 461 375 65 404 429 443 36 258 384 29 285
2 1
3 2
3 4
5 4
6 5
7 6
7 8
9 8
10 9
10 11
12 11
13 12
13 14
15 14
15 16
17 16
17 18
18 19
20 19
21 20
22 21
23 22
24 23
24 25
26 25
27 26
27 28
29 28
30 29
30 31
31 32
32 33
34 33
34 35
36 35
36 37
38 37
38 39
40 39
40 41
41 42
42 43
44 43
45 44
46 45
47 46
47 48
48 49
50 49
51 50
51 52
53 52
53 54
54 55
55 56
57 56
57 58
59 58
60 59
61 60
61 62
62 63
64 63
65 64
66 65
67 66
68 67
68 69
70 69
71 70
72 71
72 73
73 74
75 74
75 76
77 76
77 78
78 79
80 79
80 81
82 81
82 83
84 83
85 84
85 86
86 87
88 87
89 88
90 89
90 91
92 91
93 92
94 93
95 94
96 95
97 96
97 98
99 98
99 100
101 100
102 101
102 103
103 104
104 105
106 105
106 107
108 107
108 109
110 109
111 110
111 112
113 112
114 113
115 114
115 116
116 117
118 117
118 119
120 119
120 121
122 121
123 122
123 124
125 124
125 126
127 126
127 128
128 129
129 130
130 131
131 132
132 133
134 133
135 134
136 135
137 136
137 138
138 139
139 140
140 141
141 142
143 142
143 144
144 145
145 146
146 147
148 147
148 149
149 150
150 151
151 152
153 152
153 154
154 155
155 156
157 156
158 157
159 158
160 159
160 161
162 161
163 162
163 164
164 165
165 166
166 167
168 167
169 168
169 170
171 170
172 171
172 173
174 173
174 175
176 175
176 177
177 178
178 179
179 180
181 180
181 182
182 183
184 183
185 184
185 186
187 186
187 188
188 189
190 189
190 191
192 191
192 193
193 194
194 195
196 195
197 196
198 197
199 198
199 200
200 201
202 201
202 203
203 204
205 204
205 206
206 207
208 207
209 208
210 209
211 210
212 211
212 213
214 213
215 214
215 216
216 217
217 218
219 218
220 219
221 220
221 222
222 223
223 224
224 225
225 226
227 226
228 227
229 228
229 230
230 231
231 232
233 232
234 233
234 235
236 235
237 236
237 238
238 239
240 239
240 241
241 242
242 243
243 244
244 245
246 245
246 247
248 247
248 249
250 249
251 250
252 251
253 252
254 253
255 254
255 256
257 256
258 257
259 258
259 260
260 261
262 261
262 263
263 264
265 264
266 265
267 266
267 268
268 269
270 269
271 270
271 272
273 272
274 273
274 275
275 276
277 276
277 278
278 279
279 280
281 280
282 281
283 282
283 284
285 284
286 285
287 286
288 287
288 289
289 290
291 290
292 291
293 292
294 293
294 295
296 295
296 297
298 297
299 298
299 300
301 300
302 301
303 302
303 304
304 305
306 305
307 306
308 307
309 308
310 309
310 311
312 311
312 313
313 314
315 314
316 315
316 317
317 318
319 318
319 320
320 321
321 322
323 322
324 323
325 324
326 325
326 327
328 327
328 329
330 329
330 331
332 331
332 333
334 333
334 335
335 336
336 337
338 337
339 338
339 340
341 340
342 341
343 342
343 344
344 345
346 345
346 347
348 347
349 348
349 350
350 351
351 352
352 353
353 354
355 354
355 356
356 357
358 357
358 359
359 360
360 361
362 361
363 362
363 364
364 365
365 366
367 366
367 368
368 369
369 370
370 371
371 372
372 373
373 374
374 375
375 376
377 376
378 377
379 378
379 380
380 381
381 382
382 383
384 383
385 384
386 385
386 387
388 387
389 388
390 389
391 390
392 391
393 392
394 393
395 394
396 395
396 397
397 398
399 398
399 400
401 400
402 401
403 402
404 403
404 405
406 405
407 406
408 407
408 409
409 410
410 411
411 412
412 413
414 413
414 415
415 416
416 417
417 418
419 418
419 420
421 420
421 422
423 422
423 424
425 424
426 425
426 427
427 428
429 428
430 429
430 431
432 431
433 432
434 433
435 434
436 435
437 436
437 438
439 438
440 439
440 441
441 442
443 442
443 444
445 444
446 445
447 446
447 448
449 448
450 449
450 451
452 451
452 453
454 453
455 454
455 456
456 457
457 458
459 458
459 460
460 461
461 462
462 463
463 464
464 465
466 465
467 466
468 467
468 469
470 469
470 471
472 471
473 472
473 474
475 474
476 475
477 476
477 478
479 478
480 479
480 481
482 481
483 482
484 483
484 485
485 486
486 487
487 488
489 488
489 490
490 491
491 492
492 493
493 494
494 495
496 495
496 497
498 497
499 498
500 499
1 2
2 3
3 4
4 5
6 5
7 6
7 8
9 8
10 9
10 11
11 12
13 12
13 14
14 15
15 16
17 16
18 17
19 18
19 20
21 20
22 21
22 23
24 23
25 24
25 26
27 26
28 27
28 29
29 30
31 30
32 31
33 32
34 33
35 34
35 36
36 37
37 38
39 38
40 39
40 41
41 42
42 43
43 44
45 44
45 46
47 46
48 47
49 48
49 50
51 50
52 51
52 53
53 54
55 54
55 56
57 56
57 58
58 59
60 59
60 61
62 61
62 63
63 64
65 64
66 65
66 67
68 67
68 69
70 69
70 71
72 71
73 72
73 74
75 74
75 76
77 76
77 78
78 79
79 80
81 80
81 82
83 82
83 84
84 85
85 86
87 86
88 87
88 89
89 90
91 90
91 92
92 93
94 93
95 94
95 96
97 96
98 97
98 99
100 99
100 101
102 101
103 102
103 104
104 105
106 105
106 107
108 107
109 108
109 110
111 110
111 112
112 113
114 113
115 114
116 115
116 117
117 118
118 119
119 120
120 121
122 121
122 123
124 123
124 125
126 125
126 127
127 128
129 128
129 130
131 130
132 131
132 133
134 133
135 134
135 136
136 137
137 138
139 138
140 139
141 140
142 141
143 142
144 143
145 144
145 146
147 146
148 147
148 149
150 149
150 151
151 152
152 153
154 153
154 155
156 155
156 157
158 157
159 158
159 160
160 161
161 162
162 163
164 163
165 164
166 165
166 167
167 168
168 169
169 170
170 171
172 171
173 172
174 173
175 174
176 175
177 176
178 177
178 179
180 179
180 181
182 181
182 183
184 183
185 184
186 185
186 187
187 188
189 188
190 189
191 190
192 191
192 193
194 193
195 194
196 195
196 197
198 197
199 198
200 199
200 201
202 201
202 203
203 204
205 204
206 205
206 207
208 207
209 208
209 210
211 210
211 212
213 212
213 214
215 214
216 215
217 216
217 218
219 218
219 220
220 221
221 222
222 223
223 224
224 225
225 226
226 227
227 228
228 229
229 230
230 231
232 231
232 233
233 234
235 234
235 236
236 237
237 238
238 239
239 240
240 241
242 241
242 243
244 243
245 244
246 245
246 247
248 247
249 248
249 250
251 250
251 252
253 252
254 253
255 254
255 256
257 256
257 258
259 258
260 259
261 260
261 262
263 262
263 264
264 265
266 265
266 267
268 267
268 269
269 270
271 270
271 272
273 272
273 274
275 274
276 275
277 276
278 277
279 278
279 280
280 281
282 281
282 283
284 283
284 285
286 285
287 286
287 288
289 288
290 289
290 291
292 291
293 292
293 294
295 294
296 295
296 297
297 298
298 299
299 300
300 301
302 301
303 302
304 303
304 305
306 305
307 306
308 307
308 309
309 310
310 311
311 312
313 312
314 313
314 315
316 315
316 317
317 318
318 319
320 319
320 321
322 321
323 322
323 324
324 325
325 326
327 326
328 327
328 329
329 330
331 330
332 331
332 333
333 334
335 334
335 336
336 337
338 337
339 338
340 339
340 341
342 341
342 343
343 344
345 344
346 345
346 347
347 348
348 349
349 350
350 351
352 351
353 352
354 353
355 354
355 356
357 356
357 358
359 358
359 360
360 361
361 362
363 362
363 364
364 365
365 366
366 367
367 368
369 368
369 370
371 370
372 371
373 372
373 374
375 374
376 375
377 376
377 378
379 378
380 379
380 381
382 381
382 383
384 383
384 385
386 385
386 387
388 387
389 388
389 390
391 390
391 392
393 392
394 393
395 394
396 395
396 397
398 397
398 399
400 399
401 400
402 401
403 402
403 404
404 405
406 405
406 407
408 407
409 408
410 409
411 410
412 411
412 413
413 414
415 414
415 416
417 416
417 418
419 418
419 420
420 421
421 422
422 423
423 424
424 425
426 425
426 427
427 428
428 429
430 429
430 431
432 431
433 432
433 434
434 435
435 436
436 437
438 437
439 438
439 440
440 441
441 442
442 443
443 444
445 444
445 446
447 446
447 448
448 449
450 449
450 451
451 452
453 452
453 454
455 454
456 455
457 456
457 458
458 459
460 459
460 461
462 461
462 463
464 463
464 465
466 465
467 466
467 468
469 468
470 469
470 471
471 472
472 473
474 473
475 474
475 476
476 477
478 477
478 479
480 479
481 480
481 482
483 482
484 483
484 485
486 485
486 487
488 487
488 489
489 490
491 490
492 491
493 492
494 493
494 495
495 496
496 497
497 498
498 499
500 499
