100 100
46 48 13 40 36 40 18 49 31 43 46 27 21 9 13 26 48 19 1 47 27 23 23 3 13 23 12 33 15 6 5 5 32 7 48 41 47 18 2 15 40 25 31 32 43 40 25 44 14 4 40 21 36 9 40 31 18 8 45 14 11 26 26 43 20 17 23 6 35 33 31 3 19 16 17 16 14 32 34 16 19 43 39 32 22 40 42 34 14 2 14 5 20 13 30 36 37 2 8 42
18 47 33 31 9 32 11 44 49 14 5 17 40 4 16 34 30 6 25 14 38 5 45 26 27 11 29 24 18 44 47 49 46 42 6 1 39 24 26 26 30 13 23 36 49 14 44 25 28 4 42 35 16 27 11 47 34 16 16 34 47 21 44 37 14 5 49 6 11 5 40 22 21 23 45 45 32 48 15 2 40 38 9 21 4 4 41 42 27 50 43 12 48 42 6 5 7 21 1 5
1 2
3 2
4 2
5 2
2 6
2 7
2 8
2 9
2 10
2 11
12 2
13 2
14 2
15 2
2 16
17 2
18 2
2 19
2 20
2 21
22 2
2 23
24 2
25 2
2 26
2 27
2 28
29 2
2 30
2 31
2 32
2 33
34 2
2 35
2 36
2 37
2 38
2 39
2 40
2 41
42 2
43 2
44 2
2 45
2 46
47 2
2 48
49 2
2 50
2 51
52 2
2 53
54 2
2 55
56 2
2 57
2 58
59 2
60 2
2 61
62 2
2 63
2 64
65 2
2 66
67 2
2 68
69 2
2 70
71 2
2 72
2 73
74 2
75 2
2 76
2 77
78 2
2 79
2 80
2 81
82 2
2 83
84 2
2 85
86 2
87 2
88 2
89 2
2 90
91 2
92 2
93 2
2 94
2 95
2 96
97 2
98 2
99 2
100 2
1 2
2 3
4 2
2 5
2 6
2 7
2 8
9 2
2 10
2 11
2 12
2 13
2 14
2 15
16 2
2 17
18 2
19 2
2 20
21 2
2 22
23 2
24 2
2 25
2 26
27 2
28 2
2 29
30 2
2 31
2 32
33 2
2 34
35 2
36 2
2 37
38 2
2 39
40 2
41 2
2 42
43 2
44 2
45 2
46 2
2 47
48 2
49 2
2 50
2 51
52 2
53 2
2 54
55 2
56 2
57 2
58 2
59 2
60 2
61 2
62 2
2 63
2 64
65 2
2 66
2 67
68 2
69 2
70 2
71 2
72 2
73 2
74 2
75 2
76 2
77 2
78 2
79 2
2 80
2 81
82 2
83 2
2 84
2 85
2 86
2 87
2 88
2 89
90 2
91 2
2 92
2 93
94 2
2 95
2 96
2 97
2 98
99 2
100 2
