500 500
1 1 1 1 1 1 1 1 1 1 1 1 1 1 1 1 1 1 1 1 1 1 1 1 1 1 1 1 1 1 1 1 1 1 1 1 1 1 1 1 1 1 1 1 1 1 1 1 1 1 1 1 1 1 1 1 1 1 1 1 1 1 1 1 1 1 1 1 1 1 1 1 1 1 1 1 1 1 1 1 1 1 1 1 1 1 1 1 1 1 1 1 1 1 1 1 1 1 1 1 1 1 1 1 1 1 1 1 1 1 1 1 1 1 1 1 1 1 1 1 1 1 1 1 1 1 1 1 1 1 1 1 1 1 1 1 1 1 1 1 1 1 1 1 1 1 1 1 1 1 1 1 1 1 1 1 1 1 1 1 1 1 1 1 1 1 1 1 1 1 1 1 1 1 1 1 1 1 1 1 1 1 1 1 1 1 1 1 1 1 1 1 1 1 1 1 1 1 1 1 1 1 1 1 1 1 1 1 1 1 1 1 1 1 1 1 1 1 1 1 1 1 1 1 1 1 1 1 1 1 1 1 1 1 1 1 1 1 1 1 1 1 1 1 1 1 1 1 1 1 1 1 1 1 1 1 1 1 1 1 1 1 1 1 1 1 1 1 1 1 1 1 1 1 1 1 1 1 1 1 1 1 1 1 1 1 1 1 1 1 1 1 1 1 1 1 1 1 1 1 1 1 1 1 1 1 1 1 1 1 1 1 1 1 1 1 1 1 1 1 1 1 1 1 1 1 1 1 1 1 1 1 1 1 1 1 1 1 1 1 1 1 1 1 1 1 1 1 1 1 1 1 1 1 1 1 1 1 1 1 1 1 1 1 1 1 1 1 1 1 1 1 1 1 1 1 1 1 1 1 1 1 1 1 1 1 1 1 1 1 1 1 1 1 1 1 1 1 1 1 1 1 1 1 1 1 1 1 1 1 1 1 1 1 1 1 1 1 1 1 1 1 1 1 1 1 1 1 1 1 1 1 1 1 1 1 1 1 1 1 1 1 1 1 1 1 1 1 1 1 1 1 1 1 1 1 1 1 1 1 1 1 1 1 1 1 1 1 1 1 1 1 1 1 1 1 1 1 1 1 1 1 1 1 1 1 1 1 1 1 1 1 1 1 1 1 1 1 1 1
1 1 1 1 1 1 1 1 1 1 1 1 1 1 1 1 1 1 1 1 1 1 1 1 1 1 1 1 1 1 1 1 1 1 1 1 1 1 1 1 1 1 1 1 1 1 1 1 1 1 1 1 1 1 1 1 1 1 1 1 1 1 1 1 1 1 1 1 1 1 1 1 1 1 1 1 1 1 1 1 1 1 1 1 1 1 1 1 1 1 1 1 1 1 1 1 1 1 1 1 1 1 1 1 1 1 1 1 1 1 1 1 1 1 1 1 1 1 1 1 1 1 1 1 1 1 1 1 1 1 1 1 1 1 1 1 1 1 1 1 1 1 1 1 1 1 1 1 1 1 1 1 1 1 1 1 1 1 1 1 1 1 1 1 1 1 1 1 1 1 1 1 1 1 1 1 1 1 1 1 1 1 1 1 1 1 1 1 1 1 1 1 1 1 1 1 1 1 1 1 1 1 1 1 1 1 1 1 1 1 1 1 1 1 1 1 1 1 1 1 1 1 1 1 1 1 1 1 1 1 1 1 1 1 1 1 1 1 1 1 1 1 1 1 1 1 1 1 1 1 1 1 1 1 1 1 1 1 1 1 1 1 1 1 1 1 1 1 1 1 1 1 1 1 1 1 1 1 1 1 1 1 1 1 1 1 1 1 1 1 1 1 1 1 1 1 1 1 1 1 1 1 1 1 1 1 1 1 1 1 1 1 1 1 1 1 1 1 1 1 1 1 1 1 1 1 1 1 1 1 1 1 1 1 1 1 1 1 1 1 1 1 1 1 1 1 1 1 1 1 1 1 1 1 1 1 1 1 1 1 1 1 1 1 1 1 1 1 1 1 1 1 1 1 1 1 1 1 1 1 1 1 1 1 1 1 1 1 1 1 1 1 1 1 1 1 1 1 1 1 1 1 1 1 1 1 1 1 1 1 1 1 1 1 1 1 1 1 1 1 1 1 1 1 1 1 1 1 1 1 1 1 1 1 1 1 1 1 1 1 1 1 1 1 1 1 1 1 1 1 1 1 1 1 1 1 1 1 1 1 1 1 1 1 1 1 1 1 1 1 1 1 1 1 1 1 1 1 1 1 1 1 1 1 1 1 1 1 1 1 1 1 1 1 1 1 1 1 1 1
1 2
3 2
4 3
3 5
4 6
4 7
8 5
5 9
5 10
11 5
7 12
13 9
10 14
10 15
16 11
11 17
12 18
19 12
20 15
15 21
22 15
16 23
24 16
25 17
17 26
27 17
28 18
18 29
30 19
19 31
32 22
22 33
24 34
27 35
36 27
29 37
31 38
39 32
40 33
33 41
42 34
35 43
36 44
37 45
46 39
39 47
48 41
49 41
43 50
51 44
52 44
53 45
54 48
50 55
50 56
52 57
58 52
59 52
60 57
58 61
62 58
59 63
59 64
59 65
66 59
62 67
68 65
66 69
66 70
70 71
70 72
72 73
73 74
75 73
74 76
74 77
78 75
79 75
75 80
81 75
79 82
79 83
84 80
85 80
81 86
81 87
81 88
89 81
90 83
91 83
92 84
85 93
85 94
95 86
88 96
97 89
98 89
91 99
100 91
94 101
102 94
103 97
104 97
98 105
100 106
107 100
100 108
109 101
102 110
104 111
112 104
104 113
114 105
115 105
108 116
108 117
109 118
110 119
120 112
112 121
113 122
115 123
116 124
117 125
118 126
127 118
119 128
129 121
122 130
122 131
123 132
133 123
134 123
135 123
123 136
137 125
125 138
139 126
140 127
141 128
130 142
143 131
134 144
145 134
135 146
147 135
136 148
138 149
150 138
151 141
152 142
143 153
143 154
155 143
156 144
145 157
146 158
159 146
160 147
161 148
162 150
163 150
164 151
151 165
152 166
154 167
155 168
169 155
155 170
171 159
159 172
160 173
160 174
161 175
162 176
163 177
178 163
165 179
180 165
169 181
182 170
183 170
172 184
175 185
186 175
175 187
176 188
189 177
177 190
177 191
179 192
180 193
183 194
195 183
184 196
197 184
185 198
186 199
200 186
186 201
187 202
203 187
204 187
193 205
206 193
207 193
208 194
195 209
197 210
199 211
212 199
201 213
201 214
215 202
203 216
204 217
218 205
219 206
220 207
207 221
222 208
223 208
209 224
210 225
214 226
214 227
228 214
217 229
230 217
218 231
232 219
233 219
234 219
235 220
236 220
221 237
238 223
239 223
240 224
224 241
225 242
227 243
227 244
245 228
228 246
228 247
229 248
230 249
238 250
251 238
252 239
253 240
254 241
255 241
242 256
257 243
258 245
259 247
260 248
248 261
262 248
263 249
264 249
265 249
252 266
254 267
255 268
255 269
256 270
271 257
258 272
258 273
258 274
259 275
262 276
262 277
263 278
279 264
264 280
281 265
282 265
283 267
268 284
269 285
269 286
287 270
288 273
289 274
290 274
291 275
292 276
277 293
294 277
277 295
280 296
297 281
298 281
299 282
282 300
301 283
302 283
303 284
287 304
288 305
290 306
307 291
293 308
309 296
296 310
311 296
312 297
313 297
297 314
315 298
300 316
300 317
318 302
302 319
320 303
304 321
305 322
307 323
324 309
310 325
326 310
327 311
311 328
329 312
313 330
313 331
332 314
333 315
334 316
317 335
336 317
317 337
319 338
320 339
320 340
321 341
322 342
343 322
323 344
328 345
346 331
347 332
348 334
336 349
350 337
337 351
338 352
340 353
341 354
341 355
356 342
357 343
344 358
345 359
360 345
361 346
347 362
347 363
364 347
349 365
349 366
367 350
351 368
369 351
370 352
371 352
372 355
358 373
374 358
359 375
376 360
364 377
378 364
366 379
380 367
368 381
382 368
383 371
384 372
373 385
386 374
387 374
376 388
389 377
390 377
391 379
392 379
393 379
394 380
382 395
382 396
382 397
383 398
384 399
400 384
385 401
387 402
388 403
390 404
392 405
393 406
395 407
396 408
409 396
410 397
411 398
399 412
400 413
414 400
401 415
416 401
401 417
402 418
419 405
420 406
407 421
408 422
423 409
409 424
409 425
410 426
412 427
428 412
429 416
418 430
431 419
432 421
423 433
434 425
435 426
436 429
432 437
438 433
439 434
434 440
441 434
442 435
435 443
444 436
445 436
446 438
439 447
439 448
440 449
450 440
441 451
443 452
453 445
454 445
455 445
445 456
457 446
451 458
451 459
451 460
461 452
462 452
463 452
454 464
465 455
459 466
467 460
460 468
460 469
462 470
463 471
464 472
473 465
466 474
475 467
476 468
468 477
478 469
479 469
470 480
481 471
482 473
483 474
476 484
485 476
486 476
487 477
477 488
478 489
480 490
482 491
492 483
493 487
494 487
488 495
490 496
497 491
494 498
499 496
500 498
1 2
2 3
4 3
3 5
3 6
6 7
8 6
8 9
10 8
8 11
10 12
11 13
11 14
11 15
12 16
17 14
18 14
15 19
20 15
16 21
18 22
23 20
24 21
25 22
26 22
23 27
23 28
29 24
30 24
26 31
26 32
33 27
34 28
28 35
36 28
28 37
28 38
39 30
40 30
31 41
32 42
43 33
44 36
45 36
46 37
37 47
48 37
49 38
50 38
38 51
38 52
40 53
54 40
41 55
42 56
57 42
45 58
59 45
60 45
61 47
62 47
49 63
51 64
65 52
52 66
54 67
68 56
57 69
70 57
57 71
72 58
59 73
60 74
61 75
62 76
77 62
62 78
79 66
80 67
81 70
82 71
83 71
84 74
85 75
86 77
78 87
88 79
89 79
79 90
79 91
92 79
81 93
83 94
83 95
96 84
97 84
86 98
86 99
100 87
101 87
87 102
87 103
104 88
105 89
91 106
91 107
91 108
92 109
95 110
111 95
112 95
97 113
114 97
115 97
97 116
98 117
99 118
119 100
120 103
103 121
122 104
105 123
108 124
125 109
126 111
127 112
112 128
112 129
130 114
131 116
132 116
119 133
120 134
121 135
121 136
137 121
122 138
139 124
124 140
141 125
126 142
126 143
144 127
128 145
129 146
132 147
132 148
149 133
134 150
151 137
137 152
153 137
154 137
140 155
156 140
141 157
141 158
143 159
160 145
161 145
162 150
150 163
152 164
152 165
166 153
154 167
168 156
157 169
161 170
171 163
163 172
173 167
167 174
175 168
176 168
177 170
178 174
179 175
180 175
176 181
182 178
183 180
181 184
185 181
182 186
182 187
183 188
184 189
190 184
191 184
192 184
185 193
194 186
195 188
196 191
197 192
198 193
196 199
196 200
201 196
202 198
198 203
202 204
203 205
203 206
204 207
206 208
207 209
207 210
208 211
212 208
208 213
208 214
215 210
216 210
217 212
212 218
214 219
214 220
221 214
215 222
215 223
224 216
225 218
226 220
227 221
221 228
229 221
230 224
225 231
232 226
226 233
227 234
227 235
236 229
229 237
238 235
237 239
240 237
237 241
242 239
240 243
241 244
243 245
246 244
244 247
248 245
245 249
246 250
251 246
252 247
253 250
251 254
252 255
256 254
257 255
255 258
256 259
260 256
261 257
262 257
263 257
264 258
261 265
266 263
267 263
264 268
264 269
265 270
271 265
266 272
273 266
274 267
269 275
269 276
269 277
269 278
279 274
276 280
278 281
278 282
279 283
284 280
282 285
282 286
285 287
288 286
286 289
290 286
286 291
292 287
293 287
289 294
289 295
296 290
291 297
291 298
293 299
300 294
301 294
302 298
303 298
298 304
305 298
306 299
299 307
308 302
309 303
303 310
303 311
312 304
304 313
314 304
315 304
305 316
305 317
311 318
311 319
313 320
314 321
314 322
315 323
324 316
317 325
326 317
327 318
328 319
319 329
319 330
331 319
322 332
333 322
323 334
325 335
336 325
337 326
338 328
329 339
330 340
341 331
333 342
343 337
337 344
339 345
346 339
340 347
340 348
349 341
350 342
344 351
344 352
353 345
354 346
355 348
356 349
357 350
352 358
352 359
360 354
355 361
355 362
363 356
356 364
357 365
357 366
358 367
368 358
359 369
360 370
371 360
372 361
361 373
362 374
375 363
364 376
365 377
365 378
366 379
380 369
369 381
370 382
383 371
384 373
385 373
386 373
387 374
388 376
376 389
390 377
377 391
378 392
393 379
381 394
382 395
383 396
397 383
383 398
399 386
400 387
388 401
389 402
403 392
392 404
405 393
406 393
407 394
408 394
409 397
398 410
400 411
400 412
413 401
414 401
402 415
416 403
403 417
418 404
405 419
420 405
421 406
422 406
408 423
424 409
409 425
410 426
410 427
412 428
429 412
412 430
415 431
415 432
433 417
434 420
422 435
422 436
437 423
423 438
439 423
440 423
425 441
442 428
429 443
444 430
433 445
434 446
447 435
436 448
449 437
450 438
440 451
442 452
453 443
454 444
444 455
445 456
457 445
458 446
446 459
446 460
446 461
462 447
463 449
450 464
465 450
450 466
451 467
451 468
469 451
470 452
471 454
455 472
473 457
474 457
459 475
476 460
462 477
463 478
468 479
468 480
469 481
482 470
483 472
484 472
473 485
486 476
487 476
488 482
483 489
484 490
491 484
492 484
487 493
494 487
495 488
496 490
492 497
492 498
499 495
497 500
