30 4
141974411 710298372 960103940 696956589 270465551 167732502 542419408 832875735 796520942 75929611 638821477 611537732 435388059 960718783 58352817 792712408 756494364 976080063 157025651 958268524 34890633 43735248 310557118 774249804 19003282 561010022 189139834 40582074 261200631 851736110
198967779 475551593 466150669 47237508 667854856 113461250 356582464 387656445 768811341 453989282 430343819 202732511 799699434 734101338 602489345 31193508 683203433 263932846 181996360 670642811 142802731 716296983 553338905 410881479 687770852 564109953 127251906 734248606 47122203 978543053
875154340 835962443 352641963 433006672 393130420 285511372 631066181 258627922 27921150 133750612 865192172 964906641 490704413 300427978 634567287 697892027 166076869 153926729 885896978 251499511 80774970 737817502 664198845 821094493 122069718 278103501 601655756 270265977 620371079 186459021
13115749 553816012 499096654 83126215 870209029 566424395 388759745 345913882 192091643 936514526 703311753 728420186 588506092 461766882 174746597 96217101 863296333 375106728 355312422 604826349 339551980 309900020 120054577 377338728 450509672 97736062 22041856 840575523 45044148 305540724
596520225 51815795 478041496 104435958 468793909 837234658 588217904 828043161 97275762 69365424 258235499 289274085 588210978 760000592 605766541 110962135 349268770 170144486 868091821 846336096 328239972 743334608 350877752 734841827 525477997 508462874 196329068 78438843 565673431 545549320
927174622 342426547 528223952 998211472 744729845 446939788 712420506 93385693 571163500 600771194 734158601 493689805 813572820 234323367 382580488 976791412 989784335 313523375 857783572 681790615 954095830 900177699 465765823 396428594 104685109 316133382 350575663 755543539 598048010 777627731
390001820 346879676 335458185 385720692 759091925 556687141 982258874 4324812 856385212 802652407 108478713 946858287 77955781 876713138 878761078 200997733 885449339 319670280 678125491 811647659 813401852 269301856 120977929 127302705 831063928 68776788 468824611 227370652 29151669 883455283
384947328 703222406 754362510 280124288 960544245 778883321 449768047 935356272 810278441 170228728 370321371 274025072 110160408 780633335 742010855 667529374 55999121 997367134 162565820 591955787 856753848 388791561 10446360 405800319 61709444 605963466 508745165 20340853 553246530 568204006
818596929 908811290 121600528 411163540 76682989 522136978 142066275 206763906 699848926 637777332 284093570 511316047 742822199 622429577 947993096 825221394 506444205 408475856 994420326 20221138 439901961 266963069 95401822 175649547 624388522 352640822 866370441 156347439 873849344 727197653
196758226 229923875 768365842 175029737 737903865 460347582 596037881 395814964 813733394 520583757 458569059 577870126 468444419 356516370 530914833 816956288 562232841 475250880 275332441 707905163 210436915 498811649 272811684 66869471 720668902 749768688 511376625 111780548 634959447 519615903
271170897 89302196 659876884 127697299 67773289 33904094 461640316 378724675 615481843 440236197 4330562 177841308 776880445 837487391 378287854 714987648 626792872 703750039 186226523 199787330 73051690 995430156 867682362 19387179 788729549 596426160 150843534 677748473 337819950 418818921
380651567 203698779 273706750 995863635 16070727 389740662 939156101 131283771 794726359 423301219 488191770 729955878 52789299 335148462 647341484 501426888 32551810 490553048 356998460 958722830 304858943 518632407 482318688 756524437 937512123 228709009 160953026 381597232 761026456 844432740
52254623 104813669 963801679 37134753 422853193 719002609 205856427 971001868 316788645 831334720 379498572 899950942 955815854 660720629 544241446 439385283 737058288 660262248 453662719 202606685 508414477 440675107 753086196 26824639 49093180 901802853 313696244 663209586 182459845 462601119
145030979 544373875 478332806 710000377 284144633 63686835 896300145 737943246 352725121 507582870 768664076 585066795 464859930 14414709 739613423 488417108 924611161 955660060 943150410 585511488 402231717 898051660 838131036 843903256 894922170 514656314 342185981 396624316 868366119 883043342
238627605 443093821 827750608 902021989 460976162 309900900 495589996 242912976 463361206 292957738 71536904 244083795 351379191 523032126 188657026 617240038 449156638 609204610 202572558 387224056 863863544 542054542 92158901 656185319 119906920 227290156 266717393 916859016 987878883 235369946
851130259 811345574 826824178 13301323 896454525 432000379 11642036 314937318 238205160 933209912 317674073 305074502 154729344 633728387 676520872 578593208 37801154 403975156 607636602 224105920 118812293 129961111 235037244 718042516 504709998 174924909 442534513 140242847 305409914 784827370
907895598 316305152 100789368 152706424 928648605 8859656 207573644 610544115 312265338 926257856 777694894 483310892 423014041 304824160 711386921 900831846 390749534 556964057 286413852 610400476 951048515 304590669 72158204 191309881 417167958 483531921 537786896 832488734 227681464 482901682
988791540 358434207 116293919 840986221 19323671 153039302 399360340 748940213 288862525 420712463 951521974 959451696 822181117 285682155 690669750 862048187 103227715 595737149 491963737 192200930 415277776 483589087 498686905 315912041 4418741 669952030 475150980 74247366 586351836 186256186
757832827 671860899 746640511 48798440 741416181 688059745 747456687 597445328 966206041 810666640 95449806 627353870 824216743 366652280 752679701 301743285 130324464 29264276 847451407 697509447 244437209 111689490 445428252 155501118 102108957 828976980 306929647 170110343 166406152 515465585
891149072 826847234 528882940 285244596 371854171 366382339 137330672 194114844 289891968 461008852 881183724 441668059 72287361 764016177 131325326 429647320 924373558 565999306 47013768 356271661 934171596 223099332 209672991 613231273 782732610 555742008 970884270 558232142 310391019 915473331
15481889 466065364 334262254 435284661 823266682 388714533 757737673 662575410 211293520 601910495 35552202 250449940 860623691 939493589 330810261 726979766 310127273 831246478 161311649 606707050 382420156 509485764 334261434 596384757 872598378 434598631 130872192 364103694 215532972 327247256
360739047 284616674 786674191 481680686 922516150 322524307 667548982 844908596 996537352 517565108 225159765 395898345 247692237 345776847 373076408 254578878 295295306 122525151 729623866 55374044 708487829 533916630 677734607 391097500 460503834 811117592 376832762 730072332 286213657 678063614
229557591 384111729 788957477 428384085 979240211 335093439 513125030 117222108 735787374 350506531 643399256 457819849 988165184 995709306 449458122 381721413 842228338 149121239 744840928 21253355 664972928 836869633 587340882 815976269 888281342 172373234 501593131 695411567 314801424 256087129
685914698 441668682 512285424 230212633 942647524 657071947 349725291 863295944 982545152 529435345 421600612 774288177 146021113 393667762 87984720 571650770 463264512 754197686 521711801 960333407 665821080 73650971 597904316 25873213 991037464 117795600 801633930 724969736 462675757 24980794
349411562 751809549 743021909 721663537 454940598 855797200 640332644 696565508 392113497 268301704 796354819 343901105 101888600 375574686 791049004 971016110 367937478 173246770 752051888 367500899 537733581 274825366 126933681 77009837 936857644 145192400 320903976 251194461 383428788 162209308
279699808 661985463 199098314 144365416 384032377 647362292 794091241 139103447 718535142 270455744 250638109 573724479 594197487 58095292 189319048 891621291 990011440 929983229 18846176 139807705 678316056 719269259 432766191 150744252 513100139 234709987 541568786 142601979 67090113 809196150
514549435 66424689 335411204 3907880 333928688 516339627 839246070 941073873 792723913 567303277 855476137 947616447 364738293 140722221 348090117 992115506 634662454 575570326 711096645 586779103 301501408 423902727 496171130 39053678 463360862 503214098 650291974 161824508 808971181 78372349
249040931 341434522 22390751 639750724 452579930 931984844 240551834 398988309 15521292 283102218 678627735 564836818 248313325 517338434 290872355 421049747 833774467 519687252 300472225 815032737 364678059 451153301 282682629 136609532 703769877 358216525 670508634 855539158 59012291 692160569
981761854 998692374 682124942 182492169 257756001 386723799 190344097 800310243 779033866 665310694 866017532 442650334 425947537 114320455 807123442 488599688 143504358 15622832 153901739 598656353 94024457 543955212 84729507 458497374 687783568 441339385 746424617 432480870 380536100 145253194
384633825 656680664 90584835 241752199 767300419 962945028 765763712 736010088 488241945 23910061 936820351 209225822 213686533 747374478 742832378 236130570 871922937 689370577 397335422 568895172 263610812 858277273 459108782 966642965 89806188 973257338 262031807 819182653 464543735 472560123
