30 16
977662785 819420962 290524431 936683355 529587321 848201856 653427211 946740459 222115460 467732696 184890500 371700026 903716739 709608908 963408901 598323301 404894987 569207696 713811148 87152219 620553381 432253807 599648845 607841633 181289548 309897798 637174189 694675084 607800562 944399111
52446791 369656906 22392059 755529016 372455467 959323354 868233407 534474097 516555930 82838223 61137676 876080098 515133579 311029649 274437539 407788746 838616362 764878299 994342839 975822081 476667987 163905598 721274481 210174575 31972123 963032989 145325934 145348754 933115976 856772015
189130047 249695485 334461652 572145537 986621927 34215379 84481646 840202225 13073249 300059216 103757304 411218996 864888344 744216384 526057994 980085328 743782253 383628678 122690926 857637795 694551605 423329943 726717346 888035674 805873976 567406844 479598937 237997307 431581107 823146196
668645626 145023708 795635671 813168719 452406047 248835241 890238280 821922868 995414296 264402402 591894430 362837084 945939302 339432538 348156135 48936500 381934656 477612217 679087139 672543039 870789649 589680891 554698183 506831762 713660407 690420463 306115131 183661143 498944070 474070714
561726044 370700874 112438531 896329041 256972794 672774719 217912426 302993666 156262491 151663002 208086377 496547820 999214263 609566421 981019682 990342274 900482233 89126398 766016621 166612491 115252996 3999030 249501779 721342245 158995884 10098483 323047060 921776190 468277433 148836287
471553314 466692634 576239272 648113206 434360740 977302608 32765673 576187916 503832564 418012109 465273954 610082117 535960225 770128719 307531754 347930875 828033390 946259434 563279567 169883612 954166225 8003975 188834129 880229546 364806517 543203680 715078948 3456185 198790840 23702150
133494258 46318195 694575918 504886875 844460503 288850391 636750364 258504472 449504739 166327542 707803902 639679048 443520156 496351350 903287297 545158987 216856185 139306511 28101257 211222996 446256232 20909328 143398317 527008876 834843209 253918426 530841270 899312365 51389808 54643556
599955364 248370951 550341927 327346102 601398185 715121342 965641513 704307310 59951531 817184490 317651497 143670334 886471878 993098677 237434953 400159851 515690696 398563617 165410211 340193616 487862452 315491200 830176964 380593881 976243008 739759610 607692075 631014153 155717974 966646026
469342159 602081908 8649878 434571009 131076502 427450053 508327891 700754050 409674719 394766138 466351506 556117252 568944377 501484835 649590926 396083028 896237225 764644966 1508919 32057872 174604456 624953854 965702445 341086252 227448099 993799287 359188426 236291953 456943418 353412724
692110486 178296057 311060865 539646762 575243984 916922805 242515585 462897890 995515116 271857383 292501816 212773242 496206607 446129320 173608853 180168933 880281493 590619747 982600445 4612006 422091148 891668312 849780425 392562009 59930934 412250394 110077638 572871467 197657739 447307281
717576627 467675229 217559477 112005625 612093894 771313349 607265170 266657377 573916968 126593356 262265909 258508077 10817140 355030641 292793188 561024789 156983612 75300548 482400540 861332004 253231236 225232748 992531465 86740025 975406917 679826594 475357711 466693513 750608107 858687540
538038980 135724827 327437272 66456579 485094899 833962315 578154975 370799749 825087514 381320775 216802505 182946627 274754284 75805333 125042899 670962012 267376593 678344587 932821294 637748225 761529441 960921046 881180798 244749047 803022061 243553780 895143260 362046232 406472950 560154809
935013588 531960018 283080115 429347790 636127464 228019366 813571216 912978477 727735051 429673386 874930090 181250727 108151974 445731848 885114451 957770334 322138518 874256253 628845972 845480779 693828780 72135130 862314150 480319161 977023532 712692615 503436152 114302920 446304846 122582523
819086125 652713451 643345345 609921605 485168283 892693354 778223651 72352134 832778444 528062433 915715722 298953588 944903040 402807487 205743102 147315417 374155178 836913608 142807548 931267602 184834543 990979988 965507317 751055249 655034666 143527437 463480524 672815196 95477483 291511541
447492956 831879307 117929459 813315166 632467696 872248781 235568825 304474416 91683529 370451940 589797864 237339558 864338844 851183396 147844831 180371409 895194129 940614392 101640751 37907988 227223877 112271966 266356769 194184102 357050185 594912870 667363630 996393235 589066656 986819766
422331012 221051579 171161541 108476425 83621512 541790546 947378595 157711531 62258510 894235742 1164315 686920959 47966499 658101437 676719489 286978553 597141764 385206556 51712031 500027301 641952548 452742272 789447857 321121182 497296234 862367425 399605992 74567063 80008688 788813578
826814951 797255638 425104773 922586203 196123337 392517556 465842732 667870215 998363929 189618206 85512091 909221430 626842968 26906647 233903037 602996836 962888058 587512628 175529777 342138336 210913641 727362590 641352648 669447758 924023681 795179796 305964810 605375014 411655442 207331942
245393074 836912946 958276322 465869051 578253614 56813844 5758888 791187148 799175712 842528190 18091154 878490470 174995167 172204536 247124928 164592748 72109815 91199453 679902918 845610515 220430501 422714206 580865838 902033829 292914523 230717629 146672884 500369407 488495170 72603412
478598920 524357138 707398835 505281740 111442896 615888741 55023805 420853286 590744483 568308881 501862307 737989558 427705679 641926596 530479195 108127970 532662931 572169023 910431759 404764775 26189990 43945944 872143520 588037333 923964590 413657977 478209822 724975886 883773514 756677535
605920849 877347019 222617097 880733659 944218420 729884951 530198513 102008916 284000116 171256017 186460153 749042244 252958709 489365807 454211726 747059319 828390221 360679990 114507026 770297807 625524807 154024771 761629784 260492738 414507106 595962757 682566954 411187930 78320208 988644480
744312515 772400948 922370167 439804043 541518165 133932290 269987187 305368403 798136453 461233929 394454674 113295958 296327146 414548772 458362454 803665257 327243665 786187455 663324919 195861811 362868860 728020316 753312479 305324975 877725982 546757394 518536492 409250990 936185313 515928840
134218801 796803667 384166304 185301503 431863797 400435093 760044077 114196678 760516786 781881536 871344844 38629571 536672599 14979060 709120182 616718961 159156231 946173860 65771928 958362588 204699800 117056793 619634193 659439911 164806933 210267885 227722807 418540806 893114941 853499792
537663507 130514244 309031425 191988679 793116192 271137087 726599689 13120808 252113360 826638951 716242480 597502622 193151495 952787138 793718532 406433515 392143774 978349931 19785799 440906529 685418465 935504142 757265265 838950696 312764689 772822638 450862635 333344828 796365027 478986464
637704917 783670124 960410880 386018509 983027969 523157020 79294851 20525108 854425589 38494852 273059198 457784101 508122413 907277870 642556277 6441543 620760280 987310204 48771041 686819155 578066518 166060831 538945966 363638166 628369088 648303777 54130365 81456243 643186528 841606877
329396323 894279135 48807476 398229889 78739944 207799011 80759920 750384275 400363273 452027422 616771321 267262697 596935287 221827137 129456874 192608431 152432214 952927888 702608403 688001509 506038463 455506792 234867573 484115679 490434622 979677875 373921223 777392323 713241172 839088757
134799348 847803406 509928438 352330563 777741211 531322128 290485772 351480519 745442190 444048491 23342579 879427134 10030675 544583064 103494652 927604985 457878182 982103905 813726186 15428831 762435061 331338856 217957752 921509610 929246946 108595103 164774097 187090342 339944901 493914318
790464790 195019189 844249896 19634961 31143644 827420237 306870345 644827991 602855083 453734328 762050459 428795108 492012416 509236691 20037445 141249999 810497867 630808719 31340961 945462661 439433074 959386228 969465278 448552260 347599181 2065689 523138015 317632673 820847784 422455213
798581242 480456195 690209348 139636593 423512122 281777957 103782485 669042236 912451454 627003800 304310021 103526646 511607255 113839934 600264432 658266653 58309390 963968720 565245862 88869955 261291291 539010138 812514349 866045581 663342767 331451322 490942845 178676534 496066475 566438180
153301761 122502154 269988263 720428448 954942236 759989483 715660396 432050059 474619298 632893520 399677562 439868690 765994075 917885889 203865987 519886010 664054659 426448988 480251630 992815067 258263629 909716819 292122709 670819104 585509723 800827500 50763271 13190920 243455304 416352895
490124167 236569704 348610846 213299196 647801355 274928359 168090336 944584546 62801662 712386433 236448770 853116361 973021310 616849157 948809707 93125465 466720734 926988439 526389370 723992529 827355685 164911662 248485502 321209601 750053006 134746391 478747709 841169232 560445190 309908080
