30 18
333829633 261485946 183118243 692975015 638028932 82383602 258195370 633108435 223792283 737373765 533411379 189786809 484349624 909004878 552573739 458251839 821647328 727959709 755639888 820456509 914680878 967516659 334896567 346557695 371141454 905294023 358329927 295716294 804972290 23966148
732709436 163453255 565787041 784448585 44316580 999288362 999902867 223125735 672763109 123194252 574018262 568283623 834497845 780355453 50753916 590910914 481309985 654494083 981467179 434103206 370870023 163376406 824744859 19948024 902925211 940720162 920976412 122474700 599619174 616287624
399413261 236300911 894880322 450120092 815845990 689725406 298109919 817617576 966269743 659330892 589629506 744158568 535994374 399221408 498928449 596962189 186547870 298635252 175932424 536258618 776102202 582465047 898513302 742758026 904036150 340954380 565122881 587895304 177020799 474973833
824443694 645262133 932310293 717104249 897939674 132037637 930492304 136375163 343956372 712872034 202179480 737496928 117899008 891748520 755465068 635917232 475850645 631236135 684165980 215579686 343306016 849737125 972494415 189827376 197693759 578019289 281453630 827867248 937904103 209081329
716649143 741748541 758863327 765004301 607949147 329080611 566042947 428541889 97373280 76725342 981682177 530354327 723993871 385511011 64848479 182751371 734700615 680953432 987992435 644052621 788940024 891888023 157178793 252710147 392905897 727943727 454302018 714326084 83068404 35933027
452772047 418649885 259369220 280953897 101323193 690693968 456590365 828527531 365480637 659564049 157696533 655778762 680436328 760007303 152629459 943687062 418098591 153581649 750579671 66003415 6779418 249055742 269527218 210849671 932958948 642918803 465798537 151909974 482335453 382116106
784648598 624758053 643691832 966376653 493154215 837841547 908145661 295786047 562925213 608940371 255558792 601249843 422704111 782070524 965755912 410761587 772755492 307071544 382455809 533120826 121866076 645828973 74252491 559002042 267179976 110662967 673218064 157092504 616426542 327437540
614285650 568194411 878114406 561619702 670685282 443694144 745625567 564159909 156766186 432951321 463856667 193332571 670527973 235693929 992096558 120021814 6701601 428122266 865870915 933956489 886184644 251334791 30887959 583788635 357575364 63187714 78738300 166999526 950957165 424005455
726718936 800408345 939213791 604904615 30017955 112656919 656912270 415691958 475634924 756143798 632287936 405823006 785514453 363804929 368957459 950790898 278552339 953271 765195252 860471099 138897519 110195913 38459176 671443319 138502471 21290463 631239495 889953045 866700557 442803412
211975996 359534330 587630535 819220534 563420615 371829247 822426253 681305031 568103931 628432240 374094351 969430782 39982016 258748814 852537613 307065223 202656338 775350286 926630620 87332799 496677056 950940825 42193896 912529721 60763758 784431946 818852908 749638459 461732755 747374387
738689467 717142337 896754108 163292376 672686395 633406841 641539143 874416818 221431397 194488646 98908393 435298221 66172551 177660350 531484713 109338538 139195138 254097964 644854242 529239550 488540107 577249934 524641733 352538097 153846766 31202327 853417428 669911360 763789319 997596079
649517800 772690588 29381831 695364206 718719277 964562985 485778805 376781349 523612833 660815360 333096554 895867349 542667160 749125293 40674708 800911925 908294971 321611697 999791860 742288432 778774532 522791425 947152160 157605733 76933187 657196677 532948929 585049766 817901724 611682458
574351382 604295289 223287431 842390161 188054896 951399834 300747983 128964141 115059636 175644535 946475540 766263081 266968540 542502578 832641865 8776112 343819894 694978979 697236022 219990755 593119267 604286676 96681462 247173463 916314137 606602115 199479674 934487444 282253474 553634851
323350021 534494871 234140571 591666907 37711279 31154256 119261942 344014853 802628066 949571109 655165240 786670768 819584992 833448302 202054139 152914207 456979770 681423351 203996781 125580104 579011162 533315201 443536336 219587414 978352891 524531008 379883000 79556648 713711787 800898142
787859920 577271247 312854864 917148279 771599317 647379988 197338528 52104987 654288025 229978863 109836199 652588368 36494146 51914001 782166341 147897357 790559240 868109915 814489774 858842304 728553658 556056677 854148840 31394249 106604346 629036280 299714128 892845309 431377916 572192916
868469013 973606436 86936203 638936811 186047932 505523578 941872133 442087780 409085338 175521842 498948506 653133721 468532061 799530222 206691600 818993113 704622468 388939337 863507778 620694951 639708386 39597901 149233820 447739961 945986335 790658045 258343841 335674106 635925303 925401549
797880678 981397000 34082809 179472420 606342164 499421366 955559048 807199969 650469737 606785547 792102110 610344147 969266999 88751426 500491844 542670912 260919780 7739464 469848540 488237407 904389865 720516161 984761623 240843998 555116883 742137348 711733823 260357724 247277637 10684058
871521518 741289200 240419188 242795459 689033365 334897568 471605674 34564721 848804599 141629931 325099843 291684170 83530411 746474560 493057203 728118570 883291549 231195268 103316733 75127711 54032781 792325264 474876477 307751275 762541710 230358705 632472608 112035078 390787465 927737895
912821351 322855706 286895800 300769190 267393896 503597317 348128811 653381080 504362124 130177882 663897670 316131800 458329298 247234656 625226817 106634168 111504715 751957649 474313383 338542844 251554204 341626653 519472599 710524189 614039679 145535589 435107974 132762120 326905922 697981568
555436091 745481372 237361478 629469113 819245010 278525231 665122433 207451406 559706106 276114442 636771837 858993843 843260343 617318888 480477527 608060045 793690848 39401595 636960832 445686456 701986978 806729959 8397056 72290818 24579067 237836869 633462510 631353453 311604288 997189154
854077177 259355057 69718423 875828477 60091938 332428727 899274622 556088524 680077311 153696543 719331138 899563384 820087610 125810619 433644169 789590876 736444944 869425938 630950345 455047626 7793875 402043102 709377742 684751750 686870632 985993102 861882168 587801417 386298058 420339909
465349882 703612479 296457093 485718489 3978460 987860617 679384124 782155348 911595770 995054012 721768227 503272055 626189124 330747233 32019333 794734002 423964668 463741811 339024447 61655853 831285307 298922212 841185347 587524675 760491115 427715096 306364695 748088065 602715342 364065639
598086995 481861292 58870262 649513376 158792487 798692920 450004811 571972225 210784978 284525777 366180233 377228096 508828460 190793814 657142079 355561221 221452829 943837145 210903376 133945197 11049763 430128160 746027382 862160649 499039184 773702183 82868410 469850589 977200714 939418012
350353917 125457377 810104266 387179362 589094003 597458819 461404957 563277327 600392227 97955363 29099814 485626477 549170792 699995798 300073306 496298492 38696051 643250084 821396034 562755951 352832966 301938826 988414973 205651243 419991738 901357433 805584059 139366859 945785082 324194325
363526979 93721758 285108230 616304630 300730222 111734823 973768625 236130090 803631785 358533276 6885028 238474417 592808055 197317736 815459545 157138688 413881581 233148586 353683488 629793407 752443701 612416436 98684061 199712779 531104267 414621580 166629192 337630581 17766467 397220974
971657835 760597504 801538369 352091464 991889960 251671783 228248447 607234620 881010417 307804117 57603339 254294817 467819022 771966315 180494342 797050371 127412762 676448701 542719782 984139167 141955462 552540373 176463924 657240040 497708821 692066607 823198863 489111685 584876126 680919611
287668648 440325968 793633358 864738015 756346244 559127256 15849379 692355058 477788989 879320800 510208882 705089730 457910145 113485534 24636321 321621903 789692177 349903485 913282926 962304525 561465668 868793371 99427302 843695590 259322497 140004171 388121199 356023094 358264520 126736213
149369663 551574285 263506474 748697521 953917410 81449969 192989004 478708880 329140663 45695577 813783017 279753555 8054900 837024051 824443725 756742929 843302046 828638815 558765786 416960278 286865426 573511985 173051015 80461662 43647103 90525939 746206556 798914334 402306537 292388192
538365943 141480252 41403176 932314923 182652170 666358482 499605095 349050486 916697562 135409583 482518949 425511771 656997058 718760149 342836023 962030183 461650350 65284348 827867204 510854938 446101664 632600334 374721864 220177512 957525551 933521577 929959569 427340090 312777219 332948128
880146629 390171886 775031130 492890490 408910170 490370003 641069958 202936306 921680157 477419438 972525677 353854837 766594220 882046009 397274888 122024103 811461884 739020702 832107492 181682654 456696275 420354304 551068068 608391589 635871822 326929138 11674493 424577851 504918877 141982205
