30 2
785807563 413457580 772542833 500473441 456991236 933550756 937651249 851540463 794844119 511321247 435524790 233642437 854755175 761322812 469187979 787559678 339742023 112295347 115196911 669674634 890506240 948663884 130598996 35533742 269342864 260581094 762951392 734508160 64028902 212360561
813672431 386787948 367466087 18317940 701026447 73496242 519880300 139196296 317636866 118665957 212430530 655753178 625559360 115032429 826172968 702847149 185734002 669284358 344615124 212361686 248600696 571601983 304644335 896075326 816817764 141712380 206377236 611898468 970553597 513994741
959838421 554389720 792223293 849999413 563906358 484777153 122470611 430955675 224467760 39320152 379319970 631967068 819598383 940390251 661696832 375982463 283119765 238920155 127622776 572878687 999224373 283715102 197435592 966372141 23907544 504555965 75940324 330433388 169898683 974822871
857317681 198801779 217197839 884223389 424675403 683221999 348505720 176685780 578708351 77979486 652835215 943694934 416546386 909450900 912661856 509236369 769380344 661674298 350233581 61789702 572068317 754876490 997225641 399375819 671509024 210137236 751736061 901402122 460859923 125819709
291854022 680768128 976840893 530727995 117817557 330671871 94863192 142686426 156164974 144303084 634382803 845402170 453365961 984056001 521937744 918553038 515050389 168252044 646116007 958830558 799777136 560478318 883392226 643665414 291567984 935841822 360041407 140664757 100625565 658452580
95698993 540212399 695350900 660338078 77767391 733548428 993628518 281237566 4482724 213995062 891992918 153025865 669096717 244444783 242515487 381035225 249976030 106201161 525259276 80638109 901482637 99317419 239848542 211032660 386789574 626483667 599856074 752313942 314503397 568956879
738847480 913664011 681309567 774487810 110398213 567504497 151055065 112267430 37932034 210296474 415499631 985287492 658580338 590993963 671068271 40427837 329550032 297129439 618738235 340006725 137792007 349414914 190123755 950085346 838918648 212032247 736513225 969590513 464114936 165950899
515841235 383398946 131622734 635785279 596289852 50310519 79849401 75503673 863206891 259494601 369340393 374105939 471328506 538038083 987349250 947667411 859955512 967808485 316880924 998192914 898623144 452947970 809735365 202605565 385409792 282535362 447764349 484355479 608264235 260587681
266252856 860227957 486003911 240829934 177741536 836930112 138706088 932017485 633888721 686465079 972932947 661610294 526252123 170174890 373850756 710705011 124129092 467134848 935766696 46583718 770576195 781721010 877420899 700068289 8301446 325149646 739543564 502686347 464092205 197615477
232182316 343652898 196828876 190423261 604503043 5441140 16127213 882440527 976303363 458976196 671943820 116179882 779444819 838864171 557018777 690059998 239857997 585487637 186078074 479960178 281075200 584763328 930655110 251934463 14803374 377587136 97568651 640046259 665851727 364772990
395282248 989578191 390747661 931186356 566989300 466777897 427366342 475997938 967967413 667308203 167688078 1051165 866749226 309824978 549661738 871706603 644581346 670176816 23772821 941945192 542775523 493669866 480796286 48556403 905256996 834985018 67751113 474530625 469862930 279910382
269172746 566733018 571762191 512180199 927670541 814429591 181275374 980077979 96201041 438773930 371897721 722067860 784876423 366861206 26676971 371476975 246409240 847285939 584995191 444117214 287613853 807018924 416347327 138635046 808825189 520098816 523147357 303817890 644564978 792905092
558141021 32478398 728627068 214026975 426215361 140846332 863903852 755016204 489272572 935620467 748144610 755130076 942223480 268982603 746457136 828570993 715376912 134506818 90305373 828096708 609123990 763299370 518718884 405194529 109802574 153117544 912620018 843025062 346511217 31548791
375925867 102783943 37280684 993096291 26568933 220193229 405518750 761247823 677842795 86074194 734247261 687284207 735402171 583773894 38269682 482818318 841786569 260893422 881961176 245974794 303022394 60749151 505326209 230146899 571603946 988428551 865974993 844658672 250131814 373656741
193227937 842926073 73016691 798188876 877134141 829736990 123754885 200315108 900756710 843496222 406274376 533867689 179223889 732366929 704078619 354746794 553791527 681709087 489723536 416546635 67566467 98269831 209399534 818975171 515576951 898199449 634366895 165631135 440534919 795220988
404992258 58790717 911049516 187873641 499060810 763234642 871924306 175785262 596411037 651923813 819889882 338861739 293972293 492299601 851581465 751611352 930320451 400242375 795840855 103438270 121056455 248138186 580283985 591423737 320861113 391858481 878763960 174103101 749493300 503015208
377021360 132163790 637035525 895820207 78238290 606988550 12824624 766181657 805383722 919155923 481170283 927412367 375557305 537946678 854863522 961157771 942974708 986994117 287062385 464301405 552539587 606404393 23716525 324946346 196140163 241607073 837050588 177506023 97091973 679549566
362663096 898768354 834151052 918835621 763319727 169922874 78737747 360338448 239233638 416578018 939480581 691482189 323711282 856636322 444737475 148779261 292045981 455741334 508741410 107907926 581675495 819010733 604676266 470003106 94600066 965278251 989351256 462581694 684059541 331121703
323610396 873362332 167143547 548278286 585465180 95318465 159384385 510141726 612396912 248797639 933414443 49211628 938817316 201535708 657932079 8269791 406258489 144442946 283569784 618507186 19072995 108976077 798099172 738046966 822099276 97099368 350031495 762324109 723273744 869128848
531568422 958712880 219171264 126443735 642051773 257933546 2406751 383639650 163929082 356150427 725839336 36749164 776953023 781287287 664868037 568646593 959072931 887277700 379335769 680883012 152676722 865361439 962905720 506465897 877693353 618900600 579797226 633033915 77106939 906928657
200684523 979111255 891946702 704292931 599660206 925376880 278193343 971663800 184128469 204415177 855899930 609406706 336863227 668423230 945463138 36021443 46150186 748007995 753494735 642488531 737495141 690238787 378196171 216957982 913710624 290330218 492559220 185553267 60387522 273093084
29607966 377807862 579416106 181263700 350401486 175290270 308017447 322174117 845458367 9425336 374736383 931255861 158175713 30008674 50177257 76563837 765645653 750181393 456371347 952080778 376869618 352051211 456183452 757980031 569852356 33861870 853480475 400525073 576613255 462465063
314358294 622699273 744151344 970859388 908531212 807537606 494752613 708113795 482148460 597652408 138685696 823318568 817712411 757702630 145843087 727561003 867695091 183634025 553723351 182990496 489084734 197021423 598578765 647542125 996974143 171493689 429395867 558905807 838998441 650431389
973265697 99881429 807816230 934084484 41614194 992835555 822390993 320543725 676770003 324750641 370592700 336380393 104972735 865791050 430467691 376761117 45328741 393225102 339021399 379363907 596087336 347838384 853468013 624051625 49671710 274807352 50180236 667059120 455044498 542393345
315280907 257399630 506721155 798556092 232950320 541795981 747323938 360562796 988844985 507020041 555984216 962623976 106015831 105116790 105046334 301453149 401455407 893026072 250719906 130741705 146104152 562626122 412860297 361412737 601220703 5215992 378452903 690956204 373870789 604077092
442841321 749191365 907488383 289828708 169883627 927012637 856328566 28573538 437742723 406700118 771666949 53632603 286152244 680968937 262062462 612110497 320476859 235638433 289852581 611288857 444019847 793035038 624003123 269789630 239605560 506014291 883144020 545613340 822158887 622190857
17345577 821117909 680995038 453772122 608726087 489665312 275491227 893546806 772565815 996492613 552028114 966289121 398840564 91762978 933425832 516776307 950435440 151442857 679411577 274969943 884501519 514495584 71241810 348943052 846604841 70308319 640084599 978209895 271554445 79124053
193219807 825606031 449093625 30689796 217141939 132312832 741279907 589321665 453607891 569443145 169154739 243385717 606641488 499187022 921468870 617540766 753814515 360049862 11985005 781909710 634071221 416651453 71889068 217160747 618432837 449398804 270020731 940334062 447739525 966210556
301730376 979714276 910710029 970605695 179789172 625578992 406399399 883309815 336955601 867827335 928400337 602231445 239977258 168222002 668153406 486647003 495651772 522011664 806286165 785649186 51410613 821071697 2130353 614171669 315767740 573486524 867228319 723364404 871022696 373882154
994611363 503078483 518940359 667193608 711224307 157568792 147559897 627401433 484139258 553844352 905776147 853711538 565337815 631920730 439591389 912264636 232214491 877338314 91617300 406172342 339302927 307867336 451493513 679460977 58763179 486107295 169296511 235774034 669813152 345518702
