18
41598 35116 11747 42511
19979 9252 94671 77042
55797 7793 2015 6031
1002 19330 16262 90411
29070 4518 24939 54082
25000 6535 39075 68201
68775 4378 77687 20335
18686 33004 92960 93498
20117 5739 57199 48884
14502 8163 63491 66489
27506 10761 5415 73240
5001 23006 27138 92807
23190 19812 8598 34451
19442 11065 8794 83577
32718 62211 4510 2509
22165 10016 96657 58885
21700 9650 97224 27698
3993 36964 80226 57372
12729 13702 61896 83897
18233 18448 58095 95400
22365 14533 18032 58117
9344 25889 73210 33191
19498 15785 31737 62014
2198 36356 66531 50095
4916 8535 12900 81665
1604 23423 62459 21368
18688 3271 24557 86042
7172 21590 37362 78918
5981 7613 625 61282
499 12192 10941 52583
14204 1931 8589 80505
20418 1676 75843 15313
69833 19866 8581 11995
15116 16193 99210 63313
18280 6513 52287 56577
10983 10282 32137 96566
