20
17905 20365 11850 91801
17968 4940 68987 78638
964 55089 12111 53174
89 40781 15620 88048
45744 5935 78550 4963
2110 33760 58640 85316
14130 4331 18160 13689
6096 1986 30188 24153
3155 81744 539 15920
29366 5072 47715 67346
11085 35103 25293 39195
29189 4033 43319 71108
22828 5601 14545 60394
11502 7810 46666 57897
8309 21241 25854 38357
2322 12380 16590 82530
36381 32094 10469 41939
47 26778 77572 77442
10506 5978 9610 77448
12192 10247 76962 8638
32828 24628 51781 32587
9962 37908 82825 61307
14266 7719 5478 74995
6545 7800 17141 83217
5826 18146 38363 24724
9957 14308 72760 5873
14322 16077 2026 89856
19727 383 60221 62228
3573 16047 29295 33093
5909 6104 61341 18690
11090 36320 58259 6503
2004 18092 88206 42427
54523 26920 17398 2369
30134 3428 79919 61176
7890 19886 35405 76735
13788 10795 73761 59562
45205 27615 21510 54097
37259 13315 83157 82438
16624 1774 32968 7180
6922 6111 13917 40634
