100 96
78 64 64 32 42 65 94 54 35 27 83 6 6 90 86 45 93 72 56 80 5 31 91 87 56 10 100 79 53 69 98 93 79 28 89 5 14 4 12 100 50 98 99 6 29 38 85 37 34 85 15 76 73 7 91 93 28 10 74 23 96 77 27 84 21 79 62 69 14 81 18 93 1 23 11 1 13 72 8 91 11 45 50 67 21 42 55 44 95 57 4 85 17 96 84 46 22 56 19 58
1 74
28 72
3 93
11 99
48 54
4 16
49 83
5 39
2 73
34 64
11 53
61 95
17 38
21 86
23 40
13 94
10 31
1 95
52 73
36 78
26 58
30 39
19 99
13 34
14 65
51 76
3 12
33 68
25 97
55 92
18 44
26 36
43 79
21 36
17 84
60 68
47 59
51 67
49 89
49 83
18 67
85 93
1 47
33 72
19 46
6 59
5 16
12 32
9 40
32 90
22 30
19 38
16 50
11 74
78 88
27 85
11 14
34 63
40 44
20 68
35 67
56 89
27 45
31 67
25 54
22 28
27 66
6 51
41 55
88 96
5 35
89 97
24 85
9 80
5 6
87 97
29 89
50 74
53 62
16 65
66 89
16 63
19 53
8 58
50 83
15 48
10 18
26 81
30 84
6 58
45 58
3 64
14 62
5 49
40 65
3 68
