418
1152 1104
47 2209
-1058 1104
47 -1
1152 -1104
47 1
-1058 -1104
47 -2209
1058 1104
-47 2209
-1152 1104
-47 -1
1058 -1104
-47 1
-1152 -1104
-47 -2209
1210 1100
105 2205
-1000 1100
105 -5
1210 -1100
105 5
-1000 -1100
105 -2205
1000 1100
-105 2205
-1210 1100
-105 -5
1000 -1100
-105 5
-1210 -1100
-105 -2205
1274 1092
169 2197
-936 1092
169 -13
1274 -1092
169 13
-936 -1092
169 -2197
936 1092
-169 2197
-1274 1092
-169 -13
936 -1092
-169 13
-1274 -1092
-169 -2197
1369 1073
264 2178
-841 1073
264 -32
1369 -1073
264 32
-841 -1073
264 -2178
841 1073
-264 2178
-1369 1073
-264 -32
841 -1073
-264 32
-1369 -1073
-264 -2178
1377 1071
272 2176
-833 1071
272 -34
1377 -1071
272 34
-833 -1071
272 -2176
833 1071
-272 2176
-1377 1071
-272 -34
833 -1071
-272 34
-1377 -1071
-272 -2176
1530 1020
425 2125
-680 1020
425 -85
1530 -1020
425 85
-680 -1020
425 -2125
680 1020
-425 2125
-1530 1020
-425 -85
680 -1020
-425 85
-1530 -1020
-425 -2125
1573 1001
468 2106
-637 1001
468 -104
1573 -1001
468 104
-637 -1001
468 -2106
637 1001
-468 2106
-1573 1001
-468 -104
637 -1001
-468 104
-1573 -1001
-468 -2106
1625 975
520 2080
-585 975
520 -130
1625 -975
520 130
-585 -975
520 -2080
585 975
-520 2080
-1625 975
-520 -130
585 -975
-520 130
-1625 -975
-520 -2080
1666 952
561 2057
-544 952
561 -153
1666 -952
561 153
-544 -952
561 -2057
544 952
-561 2057
-1666 952
-561 -153
544 -952
-561 153
-1666 -952
-561 -2057
1681 943
576 2048
-529 943
576 -162
1681 -943
576 162
-529 -943
576 -2048
529 943
-576 2048
-1681 943
-576 -162
529 -943
-576 162
-1681 -943
-576 -2048
1768 884
663 1989
-442 884
663 -221
1768 -884
663 221
-442 -884
663 -1989
442 884
-663 1989
-1768 884
-663 -221
442 -884
-663 221
-1768 -884
-663 -1989
1805 855
700 1960
-405 855
700 -250
1805 -855
700 250
-405 -855
700 -1960
405 855
-700 1960
-1805 855
-700 -250
405 -855
-700 250
-1805 -855
-700 -1960
1849 817
744 1922
-361 817
744 -288
1849 -817
744 288
-361 -817
744 -1922
361 817
-744 1922
-1849 817
-744 -288
361 -817
-744 288
-1849 -817
-744 -1922
1922 744
817 1849
-288 744
817 -361
1922 -744
817 361
-288 -744
817 -1849
288 744
-817 1849
-1922 744
-817 -361
288 -744
-817 361
-1922 -744
-817 -1849
1960 700
855 1805
-250 700
855 -405
1960 -700
855 405
-250 -700
855 -1805
250 700
-855 1805
-1960 700
-855 -405
250 -700
-855 405
-1960 -700
-855 -1805
1989 663
884 1768
-221 663
884 -442
1989 -663
884 442
-221 -663
884 -1768
221 663
-884 1768
-1989 663
-884 -442
221 -663
-884 442
-1989 -663
-884 -1768
2048 576
943 1681
-162 576
943 -529
2048 -576
943 529
-162 -576
943 -1681
162 576
-943 1681
-2048 576
-943 -529
162 -576
-943 529
-2048 -576
-943 -1681
2057 561
952 1666
-153 561
952 -544
2057 -561
952 544
-153 -561
952 -1666
153 561
-952 1666
-2057 561
-952 -544
153 -561
-952 544
-2057 -561
-952 -1666
2080 520
975 1625
-130 520
975 -585
2080 -520
975 585
-130 -520
975 -1625
130 520
-975 1625
-2080 520
-975 -585
130 -520
-975 585
-2080 -520
-975 -1625
2106 468
1001 1573
-104 468
1001 -637
2106 -468
1001 637
-104 -468
1001 -1573
104 468
-1001 1573
-2106 468
-1001 -637
104 -468
-1001 637
-2106 -468
-1001 -1573
2125 425
1020 1530
-85 425
1020 -680
2125 -425
1020 680
-85 -425
1020 -1530
85 425
-1020 1530
-2125 425
-1020 -680
85 -425
-1020 680
-2125 -425
-1020 -1530
2176 272
1071 1377
-34 272
1071 -833
2176 -272
1071 833
-34 -272
1071 -1377
34 272
-1071 1377
-2176 272
-1071 -833
34 -272
-1071 833
-2176 -272
-1071 -1377
2178 264
1073 1369
-32 264
1073 -841
2178 -264
1073 841
-32 -264
1073 -1369
32 264
-1073 1369
-2178 264
-1073 -841
32 -264
-1073 841
-2178 -264
-1073 -1369
2197 169
1092 1274
-13 169
1092 -936
2197 -169
1092 936
-13 -169
1092 -1274
13 169
-1092 1274
-2197 169
-1092 -936
13 -169
-1092 936
-2197 -169
-1092 -1274
2205 105
1100 1210
-5 105
1100 -1000
2205 -105
1100 1000
-5 -105
1100 -1210
5 105
-1100 1210
-2205 105
-1100 -1000
5 -105
-1100 1000
-2205 -105
-1100 -1210
2209 47
1104 1152
-1 47
1104 -1058
2209 -47
1104 1058
-1 -47
1104 -1152
1 47
-1104 1152
-2209 47
-1104 -1058
1 -47
-1104 1058
-2209 -47
-1104 -1152
-1105 -1105
0 -2210
