2000
8 -2
-93 -94
48 0
-58 18
-89 -82
-13 21
-59 30
-83 9
-44 -100
-38 -76
-93 34
-20 15
-55 6
-45 -4
23 96
-5 -30
-38 82
16 -57
37 -67
-29 -19
97 58
65 -98
65 18
-11 11
21 56
41 97
-9 -57
8 11
83 -28
-11 41
86 76
62 -3
41 65
-32 -29
-76 57
15 -18
0 -67
58 28
52 -3
79 81
-91 -25
-11 29
-75 1
-36 10
-90 -71
-67 57
88 74
-20 64
94 60
-72 37
-69 -9
-48 51
4 2
4 68
-19 -22
59 81
-1 -22
-23 -60
-41 49
51 56
38 34
-22 54
-14 -73
-50 68
56 86
-16 4
-85 94
26 58
25 -9
49 -69
84 13
47 -24
19 -60
20 -23
-91 54
-17 -85
-25 43
86 44
51 -22
77 13
77 53
-29 -7
49 81
-46 19
35 -49
-61 16
88 -57
-11 -1
-24 -56
8 97
91 -87
-20 -95
-26 -5
-71 21
64 -16
46 50
85 78
-85 74
-13 -72
-96 -34
74 79
-70 36
46 63
-3 -23
40 98
15 -49
26 61
-74 -37
33 -89
-63 -55
-85 87
-33 47
-37 -70
66 -27
-3 88
44 -7
60 74
-63 92
84 -28
34 44
61 95
-30 38
3 -62
-92 98
24 -12
12 -8
38 -84
-86 -9
89 -57
-83 72
88 69
-92 49
86 -68
96 -78
14 -39
-19 -52
-44 -82
62 -31
93 97
-23 -93
-97 -23
41 73
35 -16
-24 79
-23 -37
99 50
-34 38
-22 88
-58 27
-23 87
75 76
-60 -87
12 -96
46 -55
31 49
45 69
-64 -16
-78 67
-98 46
98 82
-3 -75
-60 -54
-4 65
65 93
-36 -100
63 -37
-90 11
-63 -39
2 55
-30 65
25 46
-35 -14
88 33
55 34
-7 68
-13 -91
-23 -59
87 -89
-55 -74
31 28
19 -47
-53 -80
30 -67
-90 -92
-90 -10
-68 44
-75 -13
66 -84
58 72
-48 -30
82 -28
65 -61
-18 -35
19 -6
81 1
-92 -65
-69 -93
27 27
-62 -81
68 -77
83 18
66 54
-43 -44
25 -99
46 79
55 63
-51 -68
-10 55
-30 14
94 -8
15 29
-43 37
-18 50
-17 47
-38 55
-94 -72
81 -28
-77 -81
-88 65
-25 71
36 -81
64 42
-27 -58
-95 -53
72 -34
-80 -7
53 -31
36 90
46 76
-64 -78
30 45
24 82
12 9
22 75
74 44
-68 -10
51 29
-18 -17
64 -20
9 50
91 -79
-38 93
-23 57
41 -60
94 6
91 38
38 42
62 60
51 13
70 22
-21 98
-85 -58
57 41
76 55
-13 -76
88 -60
-22 -19
-19 -44
63 -24
14 78
-7 89
32 -35
-12 -67
10 -16
72 38
27 -76
19 -44
12 42
70 -42
63 53
90 98
67 -57
7 -35
69 -66
17 -67
22 62
-16 -4
77 92
80 42
89 86
-57 62
46 -81
-70 -41
0 25
75 -1
76 61
59 -99
-86 4
-10 -54
74 34
42 13
-2 -1
-18 39
45 -96
-82 68
-80 -93
-80 98
73 -30
-62 39
44 25
-71 83
77 -88
49 -50
-14 26
-44 -7
-16 34
16 -77
-64 -90
63 88
-13 -59
-2 49
29 -11
64 -27
100 21
-63 75
-21 -2
-57 34
-96 -86
-1 -5
-93 -24
-43 47
6 14
-64 52
70 42
20 59
-37 92
22 95
25 -92
-94 -63
-64 -3
73 27
-94 -41
-73 30
100 89
81 63
-59 12
50 -34
-81 69
-82 98
62 50
-17 -19
31 0
-6 62
-42 -83
35 42
0 -66
28 -45
-76 91
-20 -35
-100 53
37 47
-58 -78
14 61
88 -13
-30 45
-99 -26
-7 -79
-49 -26
-75 -7
41 95
-11 37
86 -40
-60 -10
12 -6
39 -79
59 73
16 61
43 -83
92 85
77 27
68 47
-98 22
94 -57
-64 28
-78 -61
90 7
37 -20
9 -85
81 -77
-88 81
31 -42
91 53
35 70
-49 100
-50 27
25 -11
65 -94
-88 -42
26 -3
-9 -91
48 -48
83 -14
-97 69
-57 -55
-99 43
18 -91
-22 97
-53 53
42 20
83 44
26 68
44 -13
-80 83
-35 83
-3 0
-19 -16
-50 72
10 -34
76 -2
-27 -33
-41 -87
-66 -20
-5 36
-9 -90
20 98
-71 33
-97 75
-19 58
-18 -36
-10 -100
34 -13
35 11
83 68
-76 -91
-46 -95
-92 84
20 -100
-7 92
15 -29
63 -13
24 -87
-26 -97
94 4
-14 57
-10 42
-44 -98
17 -26
97 88
33 78
-48 -33
-81 -14
-2 -14
-65 -4
-3 -11
76 -93
28 -72
51 91
-86 -83
-4 -67
-6 44
-17 82
70 100
-48 98
88 -50
18 13
74 3
-79 1
-43 31
79 -84
45 -11
9 -65
-91 61
-91 65
85 -80
-86 23
-90 48
-37 25
85 -25
-60 -59
-56 -81
51 70
27 -32
88 -33
-8 16
-19 -69
38 62
-10 69
65 -87
56 -96
-24 83
3 32
65 20
80 41
-47 51
85 41
29 -28
-86 -63
14 -19
66 -24
-99 -86
67 83
-94 21
-55 -47
9 -26
4 93
49 -29
31 98
-42 74
66 11
-75 11
-99 90
47 48
28 6
60 86
56 -46
-87 78
-34 -52
-36 -74
-95 -66
-100 -86
-77 -10
65 -75
16 -76
-8 68
-74 -21
58 -62
-89 -44
48 -34
-56 28
67 16
20 76
-59 2
37 -45
-23 80
95 -45
-25 35
-48 -92
19 -48
27 82
-54 55
13 76
53 -65
12 60
33 34
24 -100
-96 58
-33 -52
-94 75
99 -54
-30 67
3 8
57 -3
-30 -8
-26 -53
64 99
36 44
-45 9
-75 92
76 -28
37 -18
90 -36
-95 67
-70 6
91 35
-56 -22
3 -91
-40 47
-91 -18
71 -41
55 -10
-41 -98
80 23
-97 -3
78 95
-89 76
-40 9
-3 98
69 25
12 -26
45 -22
57 -53
19 -37
68 21
85 -88
-44 39
-43 35
-43 -25
91 84
94 -80
-48 16
31 -97
45 -75
69 22
33 -81
-43 -6
-2 33
41 -80
78 -74
-26 -22
7 73
39 79
-4 45
85 61
73 30
-82 40
-21 99
-6 -93
5 -12
-28 -51
-64 74
-46 9
-46 -10
-18 11
-74 -97
-62 13
-72 -38
-67 18
-50 -6
74 32
52 -28
-71 26
49 33
-26 71
-82 -35
-77 -5
70 95
-96 13
66 -70
-99 -72
29 -58
-73 -36
-68 -75
-21 -48
77 99
-88 -19
-88 -14
-14 -57
-39 -51
-85 -11
-16 -72
-51 -90
5 -82
-23 -14
-2 -66
81 12
-75 24
-50 -4
28 47
86 -6
89 55
92 -98
-32 -75
9 -60
55 75
61 51
71 -30
-28 -78
91 87
48 -16
-68 -56
36 -89
-57 99
50 36
86 82
-3 -54
91 100
85 56
-61 -35
76 -6
-43 99
-23 9
-52 52
90 44
-74 -42
76 60
-56 -79
-100 -82
8 -51
-70 69
70 -99
63 -96
99 -64
-89 -92
-81 -9
-54 -59
-98 -11
-89 83
53 -63
2 49
46 53
82 11
-18 -59
42 34
-99 40
97 81
-66 77
72 -21
80 -52
65 24
-4 -50
-84 -100
-8 73
-83 14
-53 97
35 32
-15 67
55 98
97 -9
66 -26
-12 25
-8 -70
96 -3
40 -30
75 -68
9 -79
-43 -81
-92 -40
-15 -90
-72 5
40 -39
6 -34
-22 19
21 60
-88 -75
90 3
-50 -74
-95 -4
-2 81
-63 -46
-20 -6
66 63
59 -13
20 -33
-69 86
31 33
-1 -100
-12 -47
12 98
24 -5
61 49
4 42
30 78
76 -80
-26 56
99 -33
90 -54
-91 26
58 43
86 6
50 -43
24 -28
-34 -20
62 2
93 45
-1 -18
-4 -55
52 82
45 -37
33 98
75 -17
46 -56
56 4
-23 91
28 -19
-51 -61
7 -71
-51 -74
55 -41
85 38
2 100
-90 -31
76 0
-74 83
-6 46
70 -94
44 -69
-79 78
-13 -22
-89 71
-1 18
-43 2
-85 -13
26 70
-66 -91
7 -56
28 81
-94 10
-46 -24
-99 -94
17 87
48 72
-1 14
-45 94
79 -5
-17 99
-72 -25
59 -11
91 4
33 -36
-17 28
25 34
-68 -74
5 26
17 33
-67 -77
-88 -51
-17 -29
84 -91
-48 9
-3 -37
-79 -56
-83 -38
-94 7
32 -51
20 0
-73 -95
4 38
-58 -44
24 -14
97 28
-46 -31
84 72
24 7
-57 1
95 31
74 58
-51 92
0 -60
13 -61
-73 -57
-97 7
-27 -8
-90 -88
-56 41
-33 -4
73 -83
72 77
65 25
-66 61
-97 -15
49 100
-51 -27
-27 56
52 -52
-56 5
74 67
-37 50
-14 66
11 -33
-61 22
47 36
96 2
30 -50
70 60
0 13
78 46
-15 -3
55 17
-93 -14
81 81
26 65
28 20
51 28
-10 32
18 -81
3 100
81 83
-96 72
-53 -86
-61 -77
-59 28
72 76
-42 35
-44 -58
-56 -26
67 85
39 -16
-84 -88
90 -13
-53 -39
3 46
-15 -85
42 57
-16 99
-66 -12
94 -59
-1 -54
-98 -69
-1 -92
-68 -2
39 -47
17 -25
-44 -27
7 -9
-75 -40
-89 -70
79 11
52 43
-21 -27
21 75
50 21
-29 76
73 34
-74 13
-6 29
0 -21
-98 -99
-83 3
43 14
37 -10
-24 90
70 -74
-15 24
65 -28
-85 20
34 23
23 30
86 -36
69 -34
28 -81
-52 -61
44 69
56 2
66 -4
-50 10
41 16
-43 -96
8 66
-43 95
15 -71
-95 58
77 37
48 63
0 -70
12 72
86 29
-5 -34
88 98
34 -29
-17 74
-95 40
78 0
67 28
98 98
-15 7
49 -54
38 8
3 90
-1 4
-85 -60
89 98
-15 -94
-25 30
-68 -50
94 -2
-24 -61
-50 56
69 39
38 -93
-74 -78
6 -76
15 74
-95 83
37 -16
-65 62
-60 81
-72 95
-83 -57
-85 6
52 4
48 81
-71 54
-97 96
-8 -56
-45 -91
-65 46
-65 91
-5 -17
-83 23
100 47
91 -66
86 31
54 31
-40 41
-68 62
95 -75
36 -92
62 -80
89 -84
37 -42
88 -26
93 -9
16 52
-21 88
82 100
-73 -51
82 -4
54 82
18 71
-80 68
52 44
-35 -24
67 -62
-23 11
-27 -57
-16 31
37 -52
58 53
81 2
-81 -35
44 22
-84 -17
40 30
-44 -2
68 -48
26 43
-47 20
-24 99
15 32
-38 -24
1 -92
90 -19
-94 -80
-17 -47
-90 37
-81 49
33 11
5 91
4 -71
-27 -83
-8 -49
-76 -29
-91 -73
-52 -16
-28 85
-79 -7
81 -37
92 39
-76 36
54 -75
-57 67
-42 -28
-8 20
47 57
71 21
58 -51
-87 15
-57 5
39 -24
34 50
-7 -26
2 -83
-23 -46
-81 90
99 6
14 57
-62 -48
60 16
44 55
-69 21
7 -57
46 -78
3 -67
-66 4
-80 -39
86 -43
-86 39
14 45
51 -21
92 75
84 -82
11 -78
-13 -46
-11 -26
-18 -62
23 34
-70 -74
79 27
-93 94
58 71
-26 32
-32 62
29 -70
-36 -32
98 94
-31 28
24 9
90 -61
-3 -36
-44 -57
-10 46
24 21
-21 -54
8 -65
65 94
14 -37
-54 -69
7 49
-90 -87
-10 90
59 -57
79 -50
-71 97
53 1
2 -75
-44 42
14 -90
-94 -64
94 64
35 -89
-40 -27
-95 -48
85 0
11 15
6 92
-95 5
-66 -60
15 69
-98 -94
-82 60
-81 45
-92 -20
-57 -37
-51 68
-38 -52
-78 -13
-12 -23
-27 67
10 66
-30 80
16 47
-53 -90
-90 -82
-31 5
52 93
-37 -97
83 -27
-14 47
43 1
-17 -95
62 36
-56 -86
93 -11
63 -38
10 76
-78 -85
-49 -76
13 39
23 33
45 24
-78 36
5 -53
22 -31
25 -33
83 30
65 40
78 51
66 8
-80 -50
-62 81
100 70
69 3
96 29
-6 55
-59 -44
-90 44
-54 -76
-35 29
-36 -96
-41 84
99 26
-99 -18
-94 24
-50 -38
96 19
63 -93
-21 9
-83 -40
-77 -60
-28 9
18 31
94 17
-54 -12
66 81
-78 -99
30 -47
-38 37
59 31
56 8
-48 65
-15 -93
82 67
97 52
-94 4
12 79
-64 -53
86 -90
-87 -12
78 9
73 53
28 30
76 71
-56 6
-49 -56
70 -17
6 -57
93 71
20 16
14 83
56 -97
-20 -33
85 48
-62 -76
70 85
-7 -25
5 -98
-16 -52
31 46
28 50
-59 -60
-68 66
-76 -87
3 72
46 -39
37 96
-84 -60
-22 -48
-32 -84
79 -86
-29 -2
11 -74
-82 80
-80 57
76 96
36 93
-32 -17
-12 44
-33 -31
61 -42
100 93
-63 46
-33 -46
-12 -59
85 12
70 -36
27 -62
56 95
32 -74
30 -89
54 -52
-47 17
92 -78
32 7
-74 8
89 88
92 43
73 -60
-36 -59
66 15
99 -83
54 78
1 98
12 -49
-58 -9
35 -75
41 90
-14 -89
24 97
48 -65
-38 88
80 -28
27 -33
79 97
-5 12
-21 -13
47 -28
-70 -28
62 -66
-6 73
-91 92
52 72
-57 -96
-90 51
23 80
65 -11
-11 -95
98 -44
80 89
-57 77
-52 68
27 -24
-28 -71
-67 -21
-79 0
-40 60
11 -40
91 82
100 -11
-52 48
-100 72
13 26
-63 89
-67 14
59 -76
-70 37
-76 77
-79 -57
-10 16
61 15
98 -70
-67 -99
60 -75
-84 76
38 -19
-74 20
32 -67
-58 -91
23 22
61 -53
44 89
91 -31
-76 -37
-14 81
-66 68
76 -78
79 77
-92 69
15 6
-24 -74
-92 -63
34 36
-55 -23
25 19
-19 46
47 73
-88 -80
25 89
59 32
-69 59
87 -39
14 -80
57 -93
-72 73
-61 -92
-15 -29
-7 -13
-65 13
32 34
-78 49
82 0
-35 27
-2 -16
23 -84
74 -74
18 -58
47 -74
95 -3
-60 -79
98 20
-62 100
-24 -49
48 -87
24 34
78 -40
-20 -39
-3 -19
91 94
85 76
-97 -83
-38 -62
-57 27
-8 -60
79 16
-99 1
91 83
51 14
11 46
11 -46
8 -83
91 68
-80 -47
4 26
-59 73
53 -100
50 -1
-70 64
72 81
72 -77
65 -93
66 -34
10 42
-81 -61
27 58
-6 66
15 -73
76 78
63 -27
-41 30
76 5
24 -80
93 -70
-7 -49
22 -24
-77 -56
-5 -27
-8 26
-37 -34
-25 -67
-92 57
29 47
42 90
14 -44
74 29
-83 99
-25 87
-16 12
-3 -79
-68 36
-73 97
74 15
-92 32
-9 25
-12 14
54 -86
-69 -91
-50 51
-60 23
-45 41
-32 -74
76 -29
-22 98
17 -6
-74 56
84 -92
63 -48
-53 68
-62 73
9 -80
73 78
89 -56
-65 -71
-89 -49
25 -27
42 -42
81 -5
71 87
-9 78
46 -62
-27 100
-97 -26
50 -60
79 -89
-84 -18
-30 70
-63 28
82 88
-29 43
-7 -94
-82 82
-58 -67
24 -11
81 47
-21 -19
-21 -9
19 21
17 -8
50 -77
-100 -87
-89 -73
18 84
-45 5
-26 -39
90 -38
-5 39
32 -76
-100 42
-99 51
-39 76
-11 -63
-66 9
-30 -96
62 62
87 91
-88 24
-47 91
43 25
-84 97
64 -57
41 -19
-8 59
72 -38
-86 33
65 22
4 54
59 64
-27 -41
44 23
-99 -36
-59 -72
67 26
73 7
91 54
-58 -43
62 -10
41 1
-47 -72
98 37
-75 13
63 -19
-63 -13
-39 -49
-59 68
10 69
36 -17
13 0
-31 -78
-73 66
-2 -9
-98 77
-69 -60
-73 26
-3 47
-84 -23
79 -73
-24 12
2 88
-40 26
20 -7
-59 -94
54 22
-98 89
-70 -86
-18 -66
-75 -91
-52 -92
62 24
-45 24
-83 -8
-37 100
-17 41
48 12
34 56
18 -15
-9 28
-39 -5
-62 -68
69 -47
-81 7
26 -13
-49 14
99 -99
3 71
-19 64
96 74
77 -16
-95 33
-87 -4
-4 9
-22 -2
67 73
4 -15
48 -41
-18 -32
36 -36
57 -96
5 -64
-28 89
-20 49
-62 2
-91 33
90 19
-97 19
60 -94
-25 20
92 -8
-82 -94
-15 22
-88 -88
-43 28
89 35
-95 -43
42 40
-26 -60
28 75
-35 -76
-46 -19
-77 6
-85 51
-28 29
19 69
-15 55
-28 44
47 -82
92 -72
-74 -45
34 -58
73 -19
-27 81
17 64
-64 47
-32 -59
-67 -49
61 52
-42 80
35 58
-10 87
71 34
-64 -76
0 -77
23 -86
-53 -67
50 -95
-79 15
-52 -70
16 26
11 -32
-52 -91
66 21
57 74
29 -44
-64 -20
52 -69
78 69
-91 -68
-37 70
15 -61
1 64
-61 -12
-26 3
54 -48
-5 73
-6 60
77 -11
-30 -68
65 -70
-8 66
-36 -9
-19 5
-92 87
-26 90
-58 -74
-92 41
28 28
24 1
3 89
14 -21
31 18
-82 36
51 2
-96 -63
-57 -35
45 -64
-59 96
-53 49
-11 43
88 17
-39 96
96 -18
-46 -5
-50 82
47 -93
60 44
-16 72
-37 -40
-63 7
-31 -73
-53 27
82 -7
10 -9
39 -67
49 -37
12 89
-37 -29
3 -27
75 31
-8 100
51 -24
51 -61
42 32
-21 -56
-15 -38
-54 -37
-24 89
80 -67
-95 16
63 73
-32 -30
25 -60
-14 -80
-46 -54
-43 77
-65 -83
-1 38
-90 -56
-47 -31
-61 -67
-94 44
32 79
-28 -35
-87 -49
42 -41
-44 78
-42 -44
-12 88
-2 94
17 -84
-85 31
-49 -77
29 60
-10 -73
-64 21
-68 11
-90 30
-37 1
67 -34
6 -81
-11 47
96 21
96 42
43 9
89 -65
7 -64
-38 81
72 -49
-93 13
-61 32
-87 -45
-19 -50
-92 60
-31 -49
10 81
-2 -89
-35 24
-7 -10
61 -39
-15 -79
-35 -75
1 -94
74 -50
33 -68
-61 -61
-96 26
-36 -34
20 -18
74 50
-20 -21
92 55
-77 95
-56 59
96 -65
94 -77
-8 50
25 82
0 -85
60 -57
-7 28
-9 13
46 -77
2 -11
38 -85
-1 -89
0 56
-89 -64
-78 -31
61 67
-37 -93
-51 -85
-57 -86
-66 -69
73 -59
69 75
32 1
25 32
-37 -7
94 -78
9 -25
-27 16
-2 -31
0 -49
-67 6
-44 44
81 -43
-72 79
-24 43
0 75
65 -34
-16 56
-93 9
-59 -43
-53 -73
92 24
-32 -32
-8 48
23 37
71 -22
63 77
24 -77
-36 -79
-58 -15
-50 92
-23 20
12 -51
-80 -62
-78 -88
95 40
-5 -44
39 32
-33 59
-35 85
-10 19
-51 57
-25 49
34 34
39 75
71 29
-24 -83
-52 -71
-44 -88
-85 -32
-55 62
31 -65
64 -43
-80 -6
-41 -55
-54 -11
17 39
64 17
-90 -39
-55 -24
59 -82
-90 -90
-70 -97
32 51
-77 83
-55 48
-82 -11
-14 60
6 3
-18 80
-78 77
-35 77
27 0
-77 79
81 62
61 -90
-79 -61
29 16
-94 29
-90 -74
7 78
93 -56
16 -18
-44 46
-52 -60
-28 -91
-51 -83
-76 -18
1 -68
46 31
-27 -91
-66 -83
72 -44
78 -2
89 -60
-25 -57
-32 26
-5 -39
-6 22
10 80
-42 43
88 76
-98 20
54 95
54 -79
8 -47
-66 16
90 -70
8 44
57 5
-29 94
85 -56
27 14
70 56
-5 -56
22 99
-28 11
100 -52
59 -84
50 -4
22 -36
-16 100
-46 -44
92 7
75 35
-99 -33
47 65
-11 -6
80 -63
13 72
66 -58
-39 21
44 13
-77 -21
-12 -68
88 37
-99 92
26 -26
25 -2
90 -72
89 33
-23 75
94 -60
81 -47
97 76
40 3
-97 45
45 -27
51 -25
79 95
88 73
-3 70
51 -26
97 -58
-65 66
9 -7
71 17
-45 85
54 -4
9 -17
78 -85
-38 -68
96 4
-45 -45
-31 19
30 -20
-9 -79
-17 57
-83 -98
-79 63
-90 -27
25 94
19 45
26 88
-25 -95
-35 -63
-14 65
-87 -16
-75 80
79 99
-27 93
-29 -54
-16 -17
-78 1
-49 62
-58 53
58 65
74 -83
-62 18
-26 -63
37 64
-51 -24
-39 -84
90 13
39 91
-98 -61
53 55
98 -42
-47 80
-10 -71
-5 -68
-24 -81
56 96
60 -77
-24 -64
-75 39
55 -67
-97 -57
-57 24
13 59
85 94
-42 -9
20 -42
57 32
45 -91
-32 35
-4 0
-40 -53
14 94
-69 -21
-80 -67
53 -33
-56 -43
-68 -81
100 -32
79 21
-8 -50
97 -72
-54 -14
-57 8
0 7
84 17
-30 6
38 -88
73 -37
78 40
-60 13
-13 -66
-17 -23
53 -54
82 -55
