14 403389010002051
0 42158620097841 29363800516507 28813500713278 38971962232310 36423244611777 57249366878446 55894702714027 28813500713270 43703479986011 35945445294043 33169968445847 31243102736806 39355659321276
42158620097841 0 31325482444004 30865989787502 44951947216726 45411685718999 29614221893154 47280856230261 37075009927913 28813500721454 28813500713263 40135359473454 45893478839728 29734618939255
29363800516507 31325482444004 0 57382065618661 32507979954724 28813500714286 28832074889256 28813500715310 36562508479297 53616193854698 35911904366145 52854669517933 43790741817494 37017098737925
28813500713278 30865989787502 57382065618661 0 28813500713294 51463037598812 49693308783775 44518260879341 51079724285788 39441443126318 35237017700002 32861369880609 53489824982290 36657339765624
38971962232310 44951947216726 32507979954724 28813500713294 0 44422013246047 28813500713326 47051078518871 46384734560572 37750715440400 46201670497544 32675412302882 45258831234798 38450690584988
36423244611777 45411685718999 28813500714286 51463037598812 44422013246047 0 42973145699597 46811329730741 30608904116051 47191362130445 51008487042069 39264395220462 40368495073397 28813500713774
57249366878446 29614221893154 28832074889256 49693308783775 28813500713326 42973145699597 0 29763091899405 39111728900923 31802201492099 30629538080578 28813500713390 37456277849202 40376165574167
55894702714027 47280856230261 28813500715310 44518260879341 47051078518871 46811329730741 29763091899405 0 52962083967162 28813500717358 30627991652579 54726671797332 40278963190375 35416629711643
28813500713270 37075009927913 36562508479297 51079724285788 46384734560572 30608904116051 39111728900923 52962083967162 0 40016112936724 56552434851806 46423819972759 28813500713266 37560869238143
43703479986011 28813500721454 53616193854698 39441443126318 37750715440400 47191362130445 31802201492099 28813500717358 40016112936724 0 36900074741962 37975747414683 55393837339111 39345999835234
35945445294043 28813500713263 35911904366145 35237017700002 46201670497544 51008487042069 30629538080578 30627991652579 56552434851806 36900074741962 0 30934972879220 28813500713264 37197641966064
33169968445847 40135359473454 52854669517933 32861369880609 32675412302882 39264395220462 28813500713390 54726671797332 46423819972759 37975747414683 30934972879220 0 42095811675653 28813500713518
31243102736806 45893478839728 43790741817494 53489824982290 45258831234798 40368495073397 37456277849202 40278963190375 28813500713266 55393837339111 28813500713264 42095811675653 0 43057048716731
39355659321276 29734618939255 37017098737925 36657339765624 38450690584988 28813500713774 40376165574167 35416629711643 37560869238143 39345999835234 37197641966064 28813500713518 43057048716731 0
