100 1000
51 2
70 3
95 3
75 2
62 3
93 2
59 3
87 3
68 3
80 1
59 1
52 2
70 2
53 3
95 1
53 1
76 2
89 1
80 3
88 2
76 1
75 2
88 3
67 1
91 2
99 2
95 3
86 1
59 3
77 3
74 3
65 3
59 2
87 2
56 2
60 1
96 1
73 1
68 3
68 2
58 2
100 3
90 1
63 1
100 3
72 1
59 2
66 3
89 2
76 1
85 2
81 3
74 1
89 1
53 1
95 2
96 2
96 1
90 1
82 1
91 2
78 1
71 1
73 2
57 1
59 3
71 3
79 2
90 3
97 2
91 2
56 3
89 1
57 1
56 1
66 2
95 3
81 1
71 3
66 3
100 1
86 2
89 3
98 3
55 1
70 1
97 2
99 2
86 1
73 2
88 1
97 1
55 2
78 2
88 2
98 3
68 2
64 2
64 1
65 2
91 2
62 2
62 1
93 3
66 1
60 1
70 1
99 2
52 3
74 2
71 3
74 1
54 2
53 2
62 1
82 3
75 1
82 2
67 2
88 2
68 2
69 3
100 3
77 3
79 3
100 1
60 3
69 3
52 3
97 2
79 3
81 1
67 3
63 3
55 2
82 3
67 1
90 1
65 2
98 2
58 2
59 2
55 1
52 1
57 1
52 3
74 1
70 2
74 1
66 3
60 1
69 2
100 1
72 1
99 3
70 3
72 3
83 2
60 1
96 2
55 1
99 3
82 3
69 3
56 3
89 2
66 1
84 3
51 1
70 1
51 2
82 3
93 1
91 2
52 3
88 2
79 2
75 2
90 3
76 3
98 2
94 2
82 1
77 3
68 3
59 2
99 1
68 2
51 2
91 1
61 2
62 1
71 3
92 3
69 1
53 2
96 2
96 1
97 2
53 1
89 1
56 1
63 2
58 1
59 3
94 2
93 2
94 3
86 1
61 1
84 3
87 1
80 2
62 2
94 3
57 1
65 3
97 1
58 1
67 1
53 2
91 1
93 1
51 2
78 3
79 1
91 3
87 2
51 3
63 1
72 3
80 3
93 2
70 3
71 1
52 1
77 3
60 2
81 2
53 3
63 3
73 1
81 2
81 3
92 3
68 2
93 2
58 3
94 1
73 3
59 2
85 3
58 2
82 1
96 1
85 1
87 3
75 3
96 2
84 2
52 3
74 2
59 3
99 1
75 3
78 1
75 1
70 2
54 3
71 2
92 3
51 2
54 2
72 3
52 1
72 1
61 2
81 2
52 3
67 2
91 1
88 2
53 2
61 1
52 3
81 2
52 2
77 2
85 3
76 1
82 1
69 2
74 3
71 2
91 2
65 3
91 2
66 1
65 1
57 1
80 2
54 1
63 2
85 1
92 3
62 1
82 1
81 2
80 3
64 2
84 3
85 1
63 3
91 2
80 1
86 2
60 3
95 2
79 2
85 1
64 2
69 3
63 3
86 3
96 2
75 3
86 1
61 3
76 3
100 2
71 3
84 3
55 1
98 3
89 3
58 1
91 1
75 1
71 1
68 1
69 1
68 3
95 3
51 3
56 2
68 1
90 1
66 3
90 3
54 3
66 2
65 1
62 1
59 1
70 2
57 3
92 3
93 2
61 1
64 3
78 2
77 2
99 1
70 1
89 2
72 1
64 3
72 2
88 2
80 1
92 2
67 3
75 1
59 2
91 2
89 3
80 2
94 2
100 2
82 2
98 1
91 3
90 1
99 1
89 3
85 1
55 1
84 3
74 3
94 1
55 1
61 3
78 1
84 1
71 1
95 3
51 1
61 2
52 3
99 3
95 1
62 1
64 1
52 1
67 1
95 2
66 3
60 2
83 3
63 3
70 2
80 1
82 3
56 1
83 2
64 3
90 1
79 1
94 1
85 3
92 3
63 3
51 1
70 2
96 1
58 2
72 1
82 3
60 3
71 1
87 3
68 1
55 1
86 1
94 2
83 1
60 1
73 1
67 2
79 1
52 3
70 3
54 3
81 3
66 2
56 2
89 1
71 3
84 1
83 3
64 3
62 1
78 2
54 2
67 3
93 2
74 2
52 2
56 1
93 2
66 2
92 2
88 1
61 1
52 1
98 1
66 3
60 3
71 2
59 3
86 2
65 1
51 3
65 2
93 1
75 3
65 3
75 1
72 1
62 3
69 3
71 1
57 1
100 1
96 3
89 2
81 1
62 2
60 1
67 3
54 3
86 2
65 2
80 3
100 2
84 2
64 2
96 2
75 1
97 3
75 2
80 1
93 2
78 2
68 2
69 3
71 2
96 1
63 2
64 3
62 3
58 2
75 3
74 2
96 3
67 1
56 2
62 3
70 2
61 1
95 1
63 2
89 1
57 1
92 3
92 3
87 1
70 3
79 3
62 3
69 1
72 1
51 3
58 2
71 1
86 2
71 3
65 2
85 2
99 1
70 2
60 3
54 2
93 2
56 1
99 1
56 2
90 3
84 1
88 3
54 1
59 1
63 1
74 1
100 1
76 3
64 1
63 2
51 3
57 1
64 1
83 2
71 3
63 3
80 3
98 2
83 1
78 3
67 3
61 1
71 1
92 3
89 1
80 2
75 3
89 2
54 2
62 1
78 3
52 1
53 3
89 2
76 1
94 3
82 2
72 3
63 2
58 1
89 3
97 3
74 1
58 3
94 1
71 1
96 2
92 3
68 3
100 3
59 2
93 1
73 2
53 1
56 3
53 3
52 2
88 2
72 3
78 2
93 2
67 2
88 1
82 3
73 1
78 2
64 3
90 2
68 1
97 2
51 2
97 3
55 2
74 1
75 3
61 1
94 2
75 2
75 3
86 2
67 3
73 1
62 1
68 2
65 3
96 1
57 2
76 2
73 1
52 1
56 1
62 3
87 2
71 3
89 2
64 2
75 1
85 1
52 1
81 3
89 3
52 2
79 2
94 1
100 1
78 3
88 2
58 1
67 2
75 3
52 2
99 2
69 3
58 2
60 2
75 3
56 2
75 1
63 2
61 3
64 2
83 3
61 3
62 1
51 3
72 1
64 2
99 3
87 1
65 2
89 3
90 3
60 2
51 3
100 3
83 3
56 2
79 3
64 2
83 1
65 1
68 3
61 2
83 2
71 3
86 1
92 3
66 1
93 3
93 3
58 3
73 2
51 1
80 1
83 1
100 2
96 1
74 1
57 3
89 2
85 3
79 1
89 3
93 2
66 3
86 1
83 1
93 3
91 1
82 1
91 3
92 2
54 3
66 2
97 1
75 1
51 3
64 2
66 1
54 2
68 2
73 2
73 3
81 2
60 3
86 3
91 3
82 1
54 3
85 3
65 2
54 1
89 3
87 3
65 2
82 1
60 2
62 1
69 1
71 1
87 3
54 3
61 2
91 2
62 1
77 3
74 2
63 2
55 3
63 3
51 2
55 3
99 3
72 3
68 2
99 1
86 1
64 3
86 1
52 2
71 2
55 3
93 3
74 3
85 2
86 2
70 2
74 3
75 3
53 2
58 1
95 3
86 2
59 3
96 3
52 3
74 1
69 3
56 1
65 1
99 1
84 2
51 1
63 3
67 1
75 3
69 3
66 2
72 3
58 1
59 1
64 2
84 3
90 3
88 3
68 2
97 1
68 2
59 2
54 3
77 2
95 1
95 2
94 1
73 1
87 2
63 3
64 3
88 3
72 1
73 2
59 3
63 1
52 2
51 2
77 2
51 1
56 2
69 1
92 2
90 2
84 3
85 2
90 3
91 2
93 1
95 3
89 2
57 2
77 3
84 3
54 2
70 2
87 2
81 3
77 1
64 3
74 1
88 1
62 2
94 2
65 3
92 2
57 1
84 2
66 2
72 1
96 2
51 1
60 3
74 1
56 2
91 1
92 3
96 3
99 3
72 3
98 2
83 3
95 1
51 2
58 2
63 3
52 2
92 2
66 3
82 1
79 3
82 1
63 2
87 1
71 3
69 1
98 2
85 2
89 3
92 2
69 3
76 3
96 1
70 3
91 2
66 3
62 3
72 1
84 3
74 3
100 2
94 1
63 3
90 2
94 2
100 2
59 1
93 2
58 3
97 1
63 3
87 1
98 1
98 3
61 1
58 2
70 2
57 1
82 2
93 2
88 2
66 1
99 2
73 1
51 3
54 1
56 3
52 3
100 2
61 3
75 3
64 3
67 3
68 2
62 2
64 1
86 2
91 1
95 1
89 3
52 1
73 3
99 1
68 1
96 1
99 1
61 3
53 3
77 3
99 3
92 1
61 3
66 2
76 1
65 1
53 3
93 3
58 1
57 3
80 2
85 1
84 3
75 2
76 1
89 2
97 1
81 1
53 2
62 2
71 2
61 2
90 1
91 2
60 2
82 1
66 2
62 3
99 2
76 3
89 3
74 1
51 3
85 3
66 2
72 2
93 1
88 3
88 3
64 2
99 3
81 1
90 3
56 2
95 1
72 3
99 2
74 1
99 3
60 3
59 1
75 3
87 1
51 3
82 3
58 2
