497
397 399
221 222
295 292
38 36
331 337
18 364
64 24
48 151
452 450
226 229
269 267
48 43
57 208
77 80
396 395
169 164
107 106
227 12
313 308
378 382
234 237
215 217
173 175
97 95
249 246
461 462
254 252
236 239
340 342
282 283
453 450
10 9
83 85
306 311
346 348
200 197
68 66
493 492
348 350
379 378
39 38
164 166
212 210
79 64
385 378
204 202
236 234
135 136
32 30
461 460
85 87
99 102
56 54
386 387
151 152
76 74
325 265
474 475
407 278
185 180
370 373
476 479
129 126
90 91
266 271
430 432
457 451
147 146
130 133
115 299
86 82
437 436
159 155
435 441
21 24
203 206
331 330
325 323
355 354
69 244
340 344
367 364
440 293
77 76
35 34
424 108
3 5
233 229
184 183
45 43
264 265
258 260
139 142
387 388
242 245
412 410
482 483
471 473
162 164
472 469
482 486
1 6
77 79
459 458
155 157
61 62
270 166
292 290
137 135
46 47
2 8
414 411
371 372
239 82
307 306
194 199
92 90
109 108
444 447
192 191
171 170
485 483
31 11
99 103
410 415
412 416
496 492
12 10
258 259
35 36
236 241
108 107
30 52
98 99
389 391
314 317
246 245
187 186
155 154
408 405
249 454
371 374
291 290
480 477
227 226
469 466
331 335
242 243
388 389
356 360
14 1
455 453
148 150
27 29
108 112
300 299
434 436
422 418
324 323
406 405
460 465
302 304
126 127
287 286
429 433
14 15
490 491
140 145
289 175
33 28
359 358
392 386
123 122
173 170
120 116
259 262
210 211
281 121
318 321
206 208
375 374
61 64
124 126
401 400
88 84
250 255
474 476
442 443
385 95
214 211
403 405
206 207
489 485
172 170
51 52
69 70
297 296
413 417
211 213
484 488
131 130
469 471
83 84
355 356
314 315
284 285
380 378
364 365
181 178
169 23
230 231
141 139
288 283
71 69
345 341
424 422
132 484
111 113
282 286
244 242
51 50
67 69
105 99
308 306
384 379
221 41
73 186
16 11
147 148
358 154
402 404
211 216
178 180
420 419
237 240
463 461
474 477
53 54
135 131
462 388
277 275
140 139
276 279
251 252
341 340
219 224
121 89
165 167
25 400
317 274
194 195
59 175
92 94
460 459
449 448
426 428
377 376
29 31
227 228
75 74
446 442
227 230
40 331
9 13
154 156
67 66
121 119
30 40
324 329
140 143
33 48
309 312
171 174
101 98
2 20
194 201
177 175
251 253
155 21
28 26
431 429
290 247
175 176
368 364
49 48
394 398
400 399
349 229
429 426
55 54
44 42
61 58
250 251
125 123
203 202
16 25
181 146
361 358
196 195
318 314
198 195
451 450
320 315
421 419
338 343
342 76
442 444
188 189
8 112
64 99
59 58
330 334
430 427
36 37
268 272
284 282
256 257
240 415
439 437
60 65
14 10
91 95
280 274
298 299
326 325
134 130
484 483
104 134
127 128
330 333
378 381
232 231
270 266
73 71
114 115
23 18
339 340
2 3
63 59
248 245
267 268
215 214
310 307
26 27
82 83
205 204
425 419
95 48
46 43
464 460
147 151
315 370
288 289
154 161
221 220
316 319
298 301
192 193
402 403
397 394
448 442
258 263
40 34
303 298
116 118
139 138
274 275
346 347
144 140
305 303
256 253
168 166
119 117
142 71
188 186
322 323
219 218
362 363
178 179
116 117
352 350
72 10
104 103
7 2
34 41
275 278
60 59
100 99
87 89
300 302
110 109
269 273
276 281
158 156
178 183
419 423
410 411
378 383
254 162
42 43
470 468
226 262
347 349
478 464
236 238
235 234
427 325
351 353
491 494
357 358
456 452
445 442
427 426
116 115
435 434
369 368
10 11
65 215
366 363
409 408
404 407
93 90
332 330
290 296
357 354
376 375
419 418
490 495
363 364
2 4
17 18
153 150
30 27
450 454
482 487
1 2
338 339
183 445
328 327
163 162
247 243
18 20
198 154
96 91
395 394
478 476
221 223
371 370
72 68
182 180
188 190
327 326
157 160
124 123
22 18
393 389
162 165
276 274
149 147
132 130
471 77
186 191
262 264
468 467
437 438
19 122
308 309
197 195
218 220
111 106
19 17
54 57
79 81
435 440
291 294
301 307
154 493
386 390
18 21
466 467
492 490
77 78
225 224
413 412
89 50
347 351
53 50
481 478
266 267
207 209
493 497
315 316
393 28
334 336
292 293
261 259
61
8 120437
6 7
2 1
6 5
2 3
8 3
5 4
2 4
8 120437
8 1
6 1
2 5
4 7
2 3
4 2
2 1
8 120437
1 8
7 2
1 4
1 5
6 1
3 1
2 1
8 120437
2 4
1 2
2 7
1 3
5 2
2 6
8 5
8 120437
4 5
6 3
7 8
2 4
2 1
7 4
3 1
8 120437
1 2
8 5
6 2
7 6
2 4
3 5
2 3
8 120437
2 6
5 8
1 4
4 5
2 1
7 4
3 1
8 120437
2 1
4 7
1 8
6 2
3 5
1 3
2 4
8 120437
6 8
3 7
2 3
5 1
2 1
6 4
4 2
8 120437
8 7
3 7
5 2
3 2
3 4
3 6
1 2
8 120437
1 6
7 8
7 4
4 2
2 3
1 2
5 3
8 120437
2 1
8 6
5 7
3 1
4 2
3 5
6 2
8 120437
4 2
1 2
4 6
1 3
7 3
5 4
8 6
8 120437
2 6
8 2
1 3
1 4
1 2
1 5
5 7
8 120437
2 4
7 6
1 2
6 5
2 3
8 5
5 3
8 120437
5 2
2 1
2 3
7 3
4 2
3 8
3 6
8 120437
4 3
4 7
2 5
6 1
2 1
3 1
8 3
8 120437
8 5
3 6
3 1
7 4
2 1
4 1
5 3
8 120437
5 6
2 1
6 7
2 3
8 7
1 4
5 2
8 120437
2 1
5 6
8 4
4 1
2 3
2 5
7 6
8 120437
8 2
4 5
7 2
1 2
6 4
3 4
1 3
8 120437
6 5
3 4
7 8
2 7
2 1
1 3
1 5
8 120437
4 6
2 1
6 7
3 2
1 4
7 8
1 5
8 120437
6 1
1 2
3 8
3 1
7 6
1 4
3 5
8 120437
8 6
2 7
5 2
3 1
2 1
5 6
4 2
8 120437
4 7
2 1
2 6
4 5
2 3
1 4
3 8
8 120437
4 3
3 2
6 1
8 4
7 3
2 1
5 3
8 120437
2 1
8 2
5 1
7 5
2 4
2 6
3 2
8 120437
2 3
1 5
8 4
7 3
1 6
4 2
1 2
8 120437
4 1
2 7
3 1
6 2
6 8
3 5
2 1
8 120437
2 3
1 2
6 2
1 5
2 4
8 3
6 7
8 120437
2 5
1 4
1 2
7 5
8 4
6 4
3 1
8 120437
3 4
1 3
5 3
6 1
2 1
7 6
7 8
8 120437
6 8
1 3
2 1
1 5
6 7
6 2
4 1
8 120437
3 1
1 7
1 5
4 1
7 8
6 3
2 1
8 120437
3 8
2 4
7 5
1 3
1 2
5 2
6 4
8 120437
2 1
1 6
4 2
8 7
3 1
7 5
2 5
8 120437
5 4
8 6
3 4
3 1
4 7
4 6
2 1
8 120437
7 6
2 6
5 2
2 8
2 3
2 1
4 1
8 120437
3 7
3 4
2 5
3 1
1 6
1 2
4 8
8 120437
8 6
1 4
5 3
6 1
2 1
2 3
7 5
8 120437
1 2
8 6
7 6
6 4
5 2
3 1
4 1
8 120437
3 2
2 1
3 8
3 7
4 5
3 4
6 4
8 120437
3 1
5 2
7 1
4 3
1 2
3 6
8 7
8 120437
2 3
2 1
5 1
4 8
6 4
7 1
3 4
8 120437
7 2
1 2
3 6
1 5
3 2
8 5
1 4
8 120437
7 1
1 2
2 4
3 6
2 5
8 3
3 1
8 120437
6 8
4 7
1 4
3 5
1 2
2 3
4 6
8 120437
5 2
2 4
1 3
7 2
1 2
8 7
5 6
8 120437
4 1
7 5
3 1
4 6
5 3
2 1
3 8
8 120437
7 5
3 4
1 3
5 2
6 5
8 6
1 2
8 120437
8 6
4 6
1 2
3 2
7 3
4 3
3 5
8 120437
2 3
5 6
2 1
1 4
5 7
5 8
4 5
8 120437
5 8
4 5
5 6
4 1
2 3
3 7
2 1
8 120437
3 8
7 4
3 1
1 2
5 3
1 4
3 6
8 120437
2 1
1 7
4 3
2 3
1 8
5 6
3 5
8 120437
6 1
2 7
3 5
3 2
2 8
2 1
2 4
8 120437
4 6
8 7
4 3
1 3
1 2
4 5
7 2
8 120437
3 4
2 1
6 1
3 7
4 5
6 8
3 2
8 120437
1 4
7 3
4 6
1 3
1 2
2 8
5 1
1 1000000
