151
93 94
32 31
87 93
20 22
7 6
18 19
55 47
57 55
18 21
46 49
139 116
85 88
39 40
54 46
144 124
145 150
60 57
15 8
114 106
39 41
6 5
104 102
41 44
149 101
76 45
137 117
34 1
120 104
35 34
108 105
141 139
16 14
37 38
41 42
110 103
25 20
107 111
101 105
31 33
61 84
24 18
45 61
99 112
74 71
39 77
75 64
58 78
90 42
65 57
14 4
116 124
136 98
85 65
44 66
27 28
122 99
129 124
72 73
51 44
2 3
117 102
37 31
55 62
1 30
7 11
108 146
67 46
114 116
40 53
144 147
5 4
142 121
44 89
57 80
98 100
135 104
43 45
86 91
148 103
68 42
98 115
64 79
8 7
20 23
50 39
72 66
114 121
120 143
44 47
130 133
10 9
65 70
42 46
123 134
9 4
43 42
51 71
50 64
93 97
55 106
32 36
58 43
95 96
69 39
99 98
130 110
81 41
23 14
56 39
94 95
46 17
102 101
63 40
113 105
100 140
83 62
10 17
27 26
116 119
103 125
12 7
34 31
132 131
87 49
123 109
131 125
106 103
52 48
25 26
103 100
123 138
16 1
80 82
100 107
2 1
59 42
12 13
128 98
92 60
118 101
86 63
30 29
48 41
127 101
101 100
18 20
122 145
109 98
151 119
126 105
30
14 931322
1 2
5 1
11 2
6 4
13 7
7 8
2 12
3 1
1 9
1 4
10 6
2 7
14 1
36 858255
1 10
7 2
11 8
1 2
28 16
21 5
20 26
34 29
25 30
16 13
5 23
20 13
29 4
27 18
36 26
30 33
3 2
5 32
6 22
9 5
4 2
6 8
14 10
16 18
35 7
25 16
13 1
8 12
5 3
24 20
19 12
15 4
17 7
3 6
25 31
27 984179
16 25
27 5
7 5
3 8
11 2
9 7
10 12
19 13
8 14
21 12
22 11
23 19
4 1
5 1
15 16
9 18
8 24
3 1
4 13
20 5
4 6
2 17
10 1
15 4
26 20
2 1
33 388466
16 7
11 26
6 12
7 30
2 29
3 9
31 18
33 5
22 14
15 32
11 8
23 20
16 24
7 8
9 10
3 2
1 2
4 1
1 13
18 3
6 20
3 17
7 6
27 4
19 7
5 4
14 7
28 27
6 4
21 10
8 15
25 8
3 389233
3 2
1 2
39 829020
18 20
3 19
12 13
16 4
24 25
17 9
15 18
14 39
6 29
32 29
10 9
4 9
22 8
23 24
1 3
35 18
4 23
12 9
7 38
17 28
7 21
22 26
8 36
1 2
19 30
25 27
2 14
4 6
3 5
34 5
33 31
37 16
8 5
31 21
4 7
1 4
7 15
9 11
23 788547
11 18
5 4
14 15
1 2
13 4
8 10
7 8
3 4
14 9
11 16
12 9
9 21
23 13
22 14
6 11
1 9
7 5
13 20
2 6
3 2
19 3
1 17
10 396190
3 5
1 10
1 8
1 2
3 1
4 1
1 6
9 8
7 4
14 154153
5 4
7 6
10 9
13 11
2 3
14 7
9 4
5 12
8 4
6 1
1 2
11 1
3 4
12 25019
4 6
7 10
5 2
3 2
3 11
7 1
12 9
2 4
4 8
9 1
1 2
3 103023
2 1
2 3
14 349730
1 2
8 6
9 12
6 5
4 2
9 14
4 7
2 9
13 1
10 2
3 2
4 5
11 10
11 944134
4 1
1 3
9 10
5 3
8 9
1 7
3 8
3 6
1 2
10 11
2 2379
1 2
8 255561
4 1
1 7
5 4
1 2
7 8
1 3
6 2
7 805979
5 6
5 2
4 3
3 2
2 7
1 2
45 228894
35 21
41 33
24 29
5 25
44 28
9 19
32 9
16 8
6 4
7 9
6 18
20 36
4 3
28 23
9 22
6 31
34 18
8 7
30 22
39 21
18 23
21 26
21 9
11 8
2 15
4 42
7 24
1 3
17 3
6 10
14 2
22 38
1 2
32 40
43 11
27 3
3 12
16 45
7 13
7 4
37 30
19 20
33 28
4 5
7 957929
1 6
3 1
4 1
6 7
2 1
2 5
20 113012
2 1
1 3
5 9
2 15
7 6
18 6
14 4
8 6
8 11
11 19
6 2
17 15
8 13
6 12
16 13
10 4
2 4
5 1
20 6
54 365768
36 33
2 1
33 13
2 15
12 26
18 1
37 26
9 6
28 34
8 4
20 5
50 47
38 7
17 24
4 52
19 27
13 6
4 5
48 25
26 41
47 27
3 6
19 17
8 11
7 23
53 48
3 43
16 8
29 8
30 4
31 1
34 35
3 10
32 27
19 42
14 10
45 24
3 4
46 23
22 19
5 7
6 28
3 1
12 1
2 25
44 42
20 40
22 54
1 39
21 4
49 11
9 17
6 51
33 561669
5 19
5 4
2 1
13 33
28 18
21 3
26 11
3 1
31 16
6 2
10 17
1 16
3 4
4 29
24 18
22 3
9 7
13 18
3 13
22 23
14 4
1 8
15 8
7 6
27 16
2 10
25 1
32 17
30 22
8 12
11 9
20 4
16 158082
5 12
3 8
6 2
1 11
14 2
3 5
1 3
2 4
1 2
10 1
8 15
13 10
7 1
9 2
16 10
1 827587
4 638031
3 4
2 1
3 1
6 236176
4 6
1 5
2 1
3 2
4 1
26 45686
3 4
3 21
1 2
24 17
2 5
9 15
22 23
1 7
8 10
19 3
6 5
1 3
22 3
16 6
5 20
24 26
2 11
12 14
13 2
1 8
17 12
14 25
11 18
9 1
12 7
1 693452
15 946362
4 2
1 5
1 3
9 12
6 2
2 1
13 1
13 15
6 9
8 2
11 14
10 11
9 10
2 7
6 165974
2 1
2 4
2 5
6 2
2 3
5 5453
5 1
1 2
3 4
2 3
