1078
5360 7366
5331 7351
5304 7337
5279 7324
5256 7312
5235 7301
5216 7291
5199 7282
5184 7274
5156 7259
5143 7252
5119 7239
5108 7233
5088 7222
5059 7206
5050 7201
5025 7187
5009 7178
4986 7165
4979 7161
4953 7146
4934 7135
4922 7128
4893 7111
4876 7101
4854 7088
4827 7072
4822 7069
4794 7052
4771 7038
4753 7027
4740 7019
4719 7006
4690 6988
4682 6983
4655 6966
4636 6954
4625 6947
4600 6931
4586 6922
4569 6911
4549 6898
4526 6883
4500 6866
4471 6847
4468 6845
4440 6826
4415 6809
4393 6794
4374 6781
4358 6770
4329 6750
4316 6741
4293 6725
4283 6718
4256 6699
4239 6687
4215 6670
4208 6665
4183 6647
4165 6634
4136 6613
4125 6605
4099 6586
4084 6575
4065 6561
4042 6544
4015 6524
4011 6521
3982 6499
3957 6480
3936 6464
3919 6451
3906 6441
3884 6424
3875 6417
3852 6399
3838 6388
3819 6373
3795 6354
3766 6331
3761 6327
3735 6306
3714 6289
3698 6276
3671 6254
3660 6245
3632 6222
3615 6208
3592 6189
3563 6165
3557 6160
3532 6139
3513 6123
3500 6112
3480 6095
3453 6072
3446 6066
3417 6041
3395 6022
3380 6009
3357 5989
3349 5982
3324 5960
3307 5945
3281 5922
3272 5914
3244 5889
3225 5872
3196 5846
3186 5837
3165 5818
3154 5808
3131 5787
3119 5776
3094 5753
3081 5741
3054 5716
3040 5703
3011 5676
2996 5662
2980 5647
2963 5631
2945 5614
2926 5596
2906 5577
2885 5557
2863 5536
2840 5514
2816 5491
2791 5467
2765 5442
2738 5416
2710 5389
2681 5361
2680 5360
2652 5331
2625 5303
2599 5276
2574 5250
2550 5225
2527 5201
2505 5178
2484 5156
2464 5135
2445 5115
2427 5096
2410 5078
2394 5061
2379 5045
2365 5030
2338 5001
2325 4987
2300 4960
2288 4947
2265 4922
2254 4910
2233 4887
2223 4876
2204 4855
2195 4845
2169 4816
2152 4797
2127 4769
2119 4760
2096 4734
2081 4717
2059 4692
2052 4684
2032 4661
2019 4646
2000 4624
1975 4595
1969 4588
1946 4561
1929 4541
1918 4528
1902 4509
1881 4484
1876 4478
1852 4449
1833 4426
1819 4409
1796 4381
1787 4370
1765 4343
1752 4327
1735 4306
1714 4280
1710 4275
1687 4246
1668 4222
1653 4203
1642 4189
1624 4166
1617 4157
1600 4135
1590 4122
1577 4105
1561 4084
1542 4059
1520 4030
1517 4026
1497 3999
1480 3976
1466 3957
1455 3942
1436 3916
1428 3905
1407 3876
1394 3858
1376 3833
1371 3826
1354 3802
1342 3785
1323 3758
1316 3748
1300 3725
1291 3712
1271 3683
1260 3667
1247 3648
1232 3626
1215 3601
1196 3573
1194 3570
1175 3541
1158 3515
1143 3492
1130 3472
1119 3455
1110 3441
1094 3416
1087 3405
1075 3386
1058 3359
1053 3351
1035 3322
1022 3301
1014 3288
1003 3270
989 3247
972 3219
969 3214
953 3187
940 3165
930 3148
913 3119
906 3107
895 3088
880 3062
876 3055
863 3032
854 3016
840 2991
835 2982
819 2953
808 2933
802 2922
789 2898
782 2885
767 2857
759 2842
750 2825
740 2806
729 2785
717 2762
704 2737
690 2710
675 2681
674 2679
660 2650
647 2623
635 2598
624 2575
614 2554
605 2535
597 2518
590 2503
577 2475
571 2462
560 2438
555 2427
546 2407
533 2378
529 2369
518 2344
511 2328
501 2305
498 2298
487 2272
479 2253
474 2241
462 2212
455 2195
446 2173
435 2146
433 2141
422 2113
413 2090
406 2072
401 2059
393 2038
382 2009
379 2001
369 1974
362 1955
358 1944
349 1919
344 1905
338 1888
331 1868
323 1845
314 1819
304 1790
303 1787
294 1759
286 1734
279 1712
273 1693
268 1677
259 1648
255 1635
248 1612
245 1602
237 1575
232 1558
225 1534
223 1527
216 1502
211 1484
203 1455
200 1444
193 1418
189 1403
184 1384
178 1361
171 1334
170 1330
163 1301
157 1276
152 1255
148 1238
145 1225
140 1203
138 1194
133 1171
130 1157
126 1138
121 1114
115 1085
114 1080
109 1054
105 1033
102 1017
97 990
95 979
90 951
87 934
83 911
78 882
77 876
73 851
70 832
68 819
65 799
61 772
60 765
56 736
53 714
51 699
48 676
47 668
44 643
42 626
39 600
38 591
35 563
33 544
30 515
29 505
27 484
26 473
24 450
23 438
21 413
20 400
18 373
17 359
15 330
14 315
13 299
12 282
11 264
10 245
9 225
8 204
7 182
6 159
5 135
4 110
3 84
2 57
1 29
0 0
29 1
57 2
84 3
110 4
135 5
159 6
182 7
204 8
225 9
245 10
264 11
282 12
299 13
315 14
330 15
359 17
373 18
400 20
413 21
438 23
450 24
473 26
484 27
505 29
515 30
544 33
563 35
591 38
600 39
626 42
643 44
668 47
676 48
699 51
714 53
736 56
765 60
772 61
799 65
819 68
832 70
851 73
876 77
882 78
911 83
934 87
951 90
979 95
990 97
1017 102
1033 105
1054 109
1080 114
1085 115
1114 121
1138 126
1157 130
1171 133
1194 138
1203 140
1225 145
1238 148
1255 152
1276 157
1301 163
1330 170
1334 171
1361 178
1384 184
1403 189
1418 193
1444 200
1455 203
1484 211
1502 216
1527 223
1534 225
1558 232
1575 237
1602 245
1612 248
1635 255
1648 259
1677 268
1693 273
1712 279
1734 286
1759 294
1787 303
1790 304
1819 314
1845 323
1868 331
1888 338
1905 344
1919 349
1944 358
1955 362
1974 369
2001 379
2009 382
2038 393
2059 401
2072 406
2090 413
2113 422
2141 433
2146 435
2173 446
2195 455
2212 462
2241 474
2253 479
2272 487
2298 498
2305 501
2328 511
2344 518
2369 529
2378 533
2407 546
2427 555
2438 560
2462 571
2475 577
2503 590
2518 597
2535 605
2554 614
2575 624
2598 635
2623 647
2650 660
2679 674
2681 675
2710 690
2737 704
2762 717
2785 729
2806 740
2825 750
2842 759
2857 767
2885 782
2898 789
2922 802
2933 808
2953 819
2982 835
2991 840
3016 854
3032 863
3055 876
3062 880
3088 895
3107 906
3119 913
3148 930
3165 940
3187 953
3214 969
3219 972
3247 989
3270 1003
3288 1014
3301 1022
3322 1035
3351 1053
3359 1058
3386 1075
3405 1087
3416 1094
3441 1110
3455 1119
3472 1130
3492 1143
3515 1158
3541 1175
3570 1194
3573 1196
3601 1215
3626 1232
3648 1247
3667 1260
3683 1271
3712 1291
3725 1300
3748 1316
3758 1323
3785 1342
3802 1354
3826 1371
3833 1376
3858 1394
3876 1407
3905 1428
3916 1436
3942 1455
3957 1466
3976 1480
3999 1497
4026 1517
4030 1520
4059 1542
4084 1561
4105 1577
4122 1590
4135 1600
4157 1617
4166 1624
4189 1642
4203 1653
4222 1668
4246 1687
4275 1710
4280 1714
4306 1735
4327 1752
4343 1765
4370 1787
4381 1796
4409 1819
4426 1833
4449 1852
4478 1876
4484 1881
4509 1902
4528 1918
4541 1929
4561 1946
4588 1969
4595 1975
4624 2000
4646 2019
4661 2032
4684 2052
4692 2059
4717 2081
4734 2096
4760 2119
4769 2127
4797 2152
4816 2169
4845 2195
4855 2204
4876 2223
4887 2233
4910 2254
4922 2265
4947 2288
4960 2300
4987 2325
5001 2338
5030 2365
5045 2379
5061 2394
5078 2410
5096 2427
5115 2445
5135 2464
5156 2484
5178 2505
5201 2527
5225 2550
5250 2574
5276 2599
5303 2625
5331 2652
5360 2680
5361 2681
5389 2710
5416 2738
5442 2765
5467 2791
5491 2816
5514 2840
5536 2863
5557 2885
5577 2906
5596 2926
5614 2945
5631 2963
5647 2980
5662 2996
5676 3011
5703 3040
5716 3054
5741 3081
5753 3094
5776 3119
5787 3131
5808 3154
5818 3165
5837 3186
5846 3196
5872 3225
5889 3244
5914 3272
5922 3281
5945 3307
5960 3324
5982 3349
5989 3357
6009 3380
6022 3395
6041 3417
6066 3446
6072 3453
6095 3480
6112 3500
6123 3513
6139 3532
6160 3557
6165 3563
6189 3592
6208 3615
6222 3632
6245 3660
6254 3671
6276 3698
6289 3714
6306 3735
6327 3761
6331 3766
6354 3795
6373 3819
6388 3838
6399 3852
6417 3875
6424 3884
6441 3906
6451 3919
6464 3936
6480 3957
6499 3982
6521 4011
6524 4015
6544 4042
6561 4065
6575 4084
6586 4099
6605 4125
6613 4136
6634 4165
6647 4183
6665 4208
6670 4215
6687 4239
6699 4256
6718 4283
6725 4293
6741 4316
6750 4329
6770 4358
6781 4374
6794 4393
6809 4415
6826 4440
6845 4468
6847 4471
6866 4500
6883 4526
6898 4549
6911 4569
6922 4586
6931 4600
6947 4625
6954 4636
6966 4655
6983 4682
6988 4690
7006 4719
7019 4740
7027 4753
7038 4771
7052 4794
7069 4822
7072 4827
7088 4854
7101 4876
7111 4893
7128 4922
7135 4934
7146 4953
7161 4979
7165 4986
7178 5009
7187 5025
7201 5050
7206 5059
7222 5088
7233 5108
7239 5119
7252 5143
7259 5156
7274 5184
7282 5199
7291 5216
7301 5235
7312 5256
7324 5279
7337 5304
7351 5331
7366 5360
7367 5362
7381 5391
7394 5418
7406 5443
7417 5466
7427 5487
7436 5506
7444 5523
7451 5538
7464 5566
7470 5579
7481 5603
7486 5614
7495 5634
7508 5663
7512 5672
7523 5697
7530 5713
7540 5736
7543 5743
7554 5769
7562 5788
7567 5800
7579 5829
7586 5846
7595 5868
7606 5895
7608 5900
7619 5928
7628 5951
7635 5969
7640 5982
7648 6003
7659 6032
7662 6040
7672 6067
7679 6086
7683 6097
7692 6122
7697 6136
7703 6153
7710 6173
7718 6196
7727 6222
7737 6251
7738 6254
7747 6282
7755 6307
7762 6329
7768 6348
7773 6364
7782 6393
7786 6406
7793 6429
7796 6439
7804 6466
7809 6483
7816 6507
7818 6514
7825 6539
7830 6557
7838 6586
7841 6597
7848 6623
7852 6638
7857 6657
7863 6680
7870 6707
7871 6711
7878 6740
7884 6765
7889 6786
7893 6803
7896 6816
7901 6838
7903 6847
7908 6870
7911 6884
7915 6903
7920 6927
7926 6956
7927 6961
7932 6987
7936 7008
7939 7024
7944 7051
7946 7062
7951 7090
7954 7107
7958 7130
7963 7159
7964 7165
7968 7190
7971 7209
7973 7222
7976 7242
7980 7269
7981 7276
7985 7305
7988 7327
7990 7342
7993 7365
7994 7373
7997 7398
7999 7415
8002 7441
8003 7450
8006 7478
8008 7497
8011 7526
8012 7536
8014 7557
8015 7568
8017 7591
8018 7603
8020 7628
8021 7641
8023 7668
8024 7682
8026 7711
8027 7726
8028 7742
8029 7759
8030 7777
8031 7796
8032 7816
8033 7837
8034 7859
8035 7882
8036 7906
8037 7931
8038 7957
8039 7984
8040 8012
8041 8041
8012 8040
7984 8039
7957 8038
7931 8037
7906 8036
7882 8035
7859 8034
7837 8033
7816 8032
7796 8031
7777 8030
7759 8029
7742 8028
7726 8027
7711 8026
7682 8024
7668 8023
7641 8021
7628 8020
7603 8018
7591 8017
7568 8015
7557 8014
7536 8012
7526 8011
7497 8008
7478 8006
7450 8003
7441 8002
7415 7999
7398 7997
7373 7994
7365 7993
7342 7990
7327 7988
7305 7985
7276 7981
7269 7980
7242 7976
7222 7973
7209 7971
7190 7968
7165 7964
7159 7963
7130 7958
7107 7954
7090 7951
7062 7946
7051 7944
7024 7939
7008 7936
6987 7932
6961 7927
6956 7926
6927 7920
6903 7915
6884 7911
6870 7908
6847 7903
6838 7901
6816 7896
6803 7893
6786 7889
6765 7884
6740 7878
6711 7871
6707 7870
6680 7863
6657 7857
6638 7852
6623 7848
6597 7841
6586 7838
6557 7830
6539 7825
6514 7818
6507 7816
6483 7809
6466 7804
6439 7796
6429 7793
6406 7786
6393 7782
6364 7773
6348 7768
6329 7762
6307 7755
6282 7747
6254 7738
6251 7737
6222 7727
6196 7718
6173 7710
6153 7703
6136 7697
6122 7692
6097 7683
6086 7679
6067 7672
6040 7662
6032 7659
6003 7648
5982 7640
5969 7635
5951 7628
5928 7619
5900 7608
5895 7606
5868 7595
5846 7586
5829 7579
5800 7567
5788 7562
5769 7554
5743 7543
5736 7540
5713 7530
5697 7523
5672 7512
5663 7508
5634 7495
5614 7486
5603 7481
5579 7470
5566 7464
5538 7451
5523 7444
5506 7436
5487 7427
5466 7417
5443 7406
5418 7394
5391 7381
5362 7367
