4342
52718 32438
52761 32495
52764 32499
52808 32558
52849 32613
52887 32664
52922 32711
52954 32754
52983 32793
53009 32828
53032 32859
53075 32917
53095 32944
53132 32994
53149 33017
53180 33059
53194 33078
53233 33131
53258 33165
53294 33214
53305 33229
53346 33285
53376 33326
53395 33352
53422 33389
53457 33437
53500 33496
53508 33507
53545 33558
53574 33598
53595 33627
53629 33674
53642 33692
53673 33735
53691 33760
53732 33817
53755 33849
53783 33888
53816 33934
53854 33987
53859 33994
53901 34053
53938 34105
53970 34150
53997 34188
54019 34219
54058 34274
54075 34298
54104 34339
54145 34397
54157 34414
54188 34458
54207 34485
54233 34522
54266 34569
54306 34626
54313 34636
54350 34689
54380 34732
54403 34765
54442 34821
54458 34844
54499 34903
54524 34939
54558 34988
54567 35001
54605 35056
54634 35098
54654 35127
54685 35172
54696 35188
54731 35239
54755 35274
54792 35328
54805 35347
54833 35388
54848 35410
54880 35457
54897 35482
54933 35535
54952 35563
54992 35622
55013 35653
55036 35687
55061 35724
55088 35764
55117 35807
55148 35853
55181 35902
55216 35954
55253 36009
55292 36067
55294 36070
55333 36129
55370 36185
55405 36238
55438 36288
55469 36335
55498 36379
55525 36420
55550 36458
55573 36493
55594 36525
55613 36554
55649 36609
55666 36635
55698 36684
55713 36707
55741 36750
55754 36770
55791 36827
55815 36864
55850 36918
55861 36935
55892 36983
55912 37014
55941 37059
55979 37118
55988 37132
56022 37185
56047 37224
56063 37249
56086 37285
56116 37332
56153 37390
56160 37401
56193 37453
56219 37494
56238 37524
56269 37573
56281 37592
56310 37638
56327 37665
56349 37700
56376 37743
56408 37794
56445 37853
56450 37861
56483 37914
56511 37959
56534 37996
56552 38025
56583 38075
56596 38096
56630 38151
56651 38185
56680 38232
56688 38245
56723 38302
56750 38346
56769 38377
56799 38426
56810 38444
56846 38503
56871 38544
56885 38567
56916 38618
56933 38646
56953 38679
56976 38717
57002 38760
57031 38808
57063 38861
57098 38919
57101 38924
57135 38981
57166 39033
57194 39080
57219 39122
57241 39159
57260 39191
57295 39250
57311 39277
57340 39326
57353 39348
57376 39387
57409 39443
57419 39460
57446 39506
57463 39535
57487 39576
57518 39629
57525 39641
57557 39696
57582 39739
57600 39770
57629 39820
57640 39839
57666 39884
57681 39910
57715 39969
57734 40002
57757 40042
57784 40089
57815 40143
57819 40150
57852 40208
57881 40259
57906 40303
57927 40340
57944 40370
57974 40423
57987 40446
58009 40485
58040 40540
58049 40556
58081 40613
58104 40654
58118 40679
58151 40738
58170 40772
58194 40815
58223 40867
58228 40876
58259 40932
58285 40979
58306 41017
58322 41046
58349 41095
58360 41115
58388 41166
58405 41197
58428 41239
58457 41292
58463 41303
58494 41360
58519 41406
58538 41441
58570 41500
58583 41524
58603 41561
58630 41611
58637 41624
58666 41678
58688 41719
58703 41747
58726 41790
58757 41848
58765 41863
58790 41910
58807 41942
58833 41991
58842 42008
58870 42061
58889 42097
58918 42152
58928 42171
58959 42230
58980 42270
58991 42291
59014 42335
59026 42358
59051 42406
59064 42431
59091 42483
59105 42510
59134 42566
59149 42595
59165 42626
59182 42659
59200 42694
59219 42731
59239 42770
59260 42811
59282 42854
59305 42899
59329 42946
59354 42995
59380 43046
59407 43099
59435 43154
59464 43211
59494 43270
59495 43272
59524 43331
59552 43388
59579 43443
59605 43496
59630 43547
59654 43596
59677 43643
59699 43688
59720 43731
59740 43772
59759 43811
59777 43848
59794 43883
59810 43916
59825 43947
59839 43976
59866 44032
59879 44059
59904 44111
59916 44136
59939 44184
59950 44207
59971 44251
59981 44272
60000 44312
60028 44371
60037 44390
60063 44445
60080 44481
60105 44534
60113 44551
60136 44600
60151 44632
60173 44679
60180 44694
60207 44752
60227 44795
60240 44823
60259 44864
60284 44918
60290 44931
60313 44981
60330 45018
60341 45042
60368 45101
60384 45136
60405 45182
60431 45239
60436 45250
60460 45303
60479 45345
60493 45376
60516 45427
60525 45447
60547 45496
60560 45525
60577 45563
60598 45610
60623 45666
60627 45675
60650 45727
60669 45770
60684 45804
60710 45863
60721 45888
60739 45929
60764 45986
60771 46002
60795 46057
60812 46096
60822 46119
60845 46172
60858 46202
60874 46239
60893 46283
60915 46334
60940 46392
60943 46399
60966 46453
60986 46500
61003 46540
61017 46573
61042 46632
61053 46658
61072 46703
61080 46722
61101 46772
61114 46803
61132 46846
61155 46901
61160 46913
61182 46966
61199 47007
61211 47036
61230 47082
61237 47099
61260 47155
61276 47194
61285 47216
61305 47265
61316 47292
61340 47351
61353 47383
61368 47420
61385 47462
61404 47509
61425 47561
61448 47618
61450 47623
61473 47681
61494 47734
61513 47782
61530 47825
61545 47863
61558 47896
61569 47924
61589 47975
61598 47998
61614 48039
61637 48098
61644 48116
61663 48165
61675 48196
61692 48240
61714 48297
61719 48310
61737 48357
61750 48391
61771 48446
61779 48467
61798 48517
61809 48546
61823 48583
61840 48628
61860 48681
61863 48689
61885 48748
61904 48799
61920 48842
61933 48877
61943 48904
61960 48950
61967 48969
61985 49018
61996 49048
62011 49089
62030 49141
62034 49152
62055 49210
62072 49257
62085 49293
62094 49318
62108 49357
62127 49410
62132 49424
62153 49483
62169 49528
62180 49559
62197 49607
62203 49624
62222 49678
62235 49715
62255 49772
62262 49792
62277 49835
62285 49858
62302 49907
62311 49933
62330 49988
62340 50017
62351 50049
62363 50084
62376 50122
62390 50163
62405 50207
62421 50254
62438 50304
62456 50357
62475 50413
62495 50472
62496 50475
62515 50533
62533 50588
62550 50640
62566 50689
62581 50735
62595 50778
62608 50818
62620 50855
62631 50889
62641 50920
62660 50979
62669 51007
62686 51060
62694 51085
62709 51132
62716 51154
62729 51195
62735 51214
62752 51268
62763 51303
62779 51354
62784 51370
62798 51415
62807 51444
62820 51486
62837 51541
62841 51554
62856 51603
62867 51639
62885 51698
62892 51721
62909 51777
62919 51810
62932 51853
62948 51906
62951 51916
62968 51973
62982 52020
62993 52057
63001 52084
63014 52128
63019 52145
63036 52203
63048 52244
63055 52268
63071 52323
63080 52354
63091 52392
63104 52437
63119 52489
63136 52548
63138 52555
63153 52608
63166 52654
63177 52693
63186 52725
63202 52782
63209 52807
63221 52850
63226 52868
63239 52915
63247 52944
63258 52984
63272 53035
63275 53046
63291 53105
63304 53153
63314 53190
63321 53216
63332 53257
63347 53313
63351 53328
63364 53377
63373 53411
63387 53464
63392 53483
63403 53525
63409 53548
63422 53598
63429 53625
63444 53683
63452 53714
63461 53749
63471 53788
63482 53831
63494 53878
63507 53929
63521 53984
63536 54043
63537 54047
63551 54104
63564 54157
63576 54206
63587 54251
63597 54292
63606 54329
63614 54362
63621 54391
63634 54445
63640 54470
63651 54516
63656 54537
63670 54596
63679 54634
63692 54689
63696 54706
63707 54753
63714 54783
63724 54826
63737 54882
63740 54895
63751 54943
63759 54978
63772 55035
63777 55057
63789 55110
63796 55141
63805 55181
63816 55230
63829 55288
63831 55297
63844 55356
63855 55406
63864 55447
63871 55479
63883 55534
63888 55557
63896 55594
63907 55645
63910 55659
63920 55706
63927 55739
63938 55791
63942 55810
63951 55853
63956 55877
63967 55930
63973 55959
63980 55993
63988 56032
63997 56076
64007 56125
64018 56179
64030 56238
64031 56243
64042 56299
64052 56350
64061 56396
64069 56437
64076 56473
64082 56504
64093 56561
64098 56587
64107 56634
64111 56655
64122 56713
64129 56750
64139 56803
64142 56819
64153 56878
64161 56921
64166 56948
64173 56986
64182 57035
64184 57046
64193 57096
64200 57135
64205 57163
64213 57208
64216 57225
64226 57282
64233 57322
64237 57345
64246 57397
64251 57426
64257 57461
64264 57502
64272 57549
64281 57602
64291 57661
64292 57667
64301 57722
64309 57771
64316 57814
64322 57851
64327 57882
64336 57938
64340 57963
64347 58007
64350 58026
64358 58077
64363 58109
64370 58154
64379 58212
64381 58225
64390 58284
64397 58330
64402 58363
64410 58416
64413 58436
64420 58483
64424 58510
64429 58544
64435 58585
64442 58633
64450 58688
64451 58695
64459 58752
64466 58802
64472 58845
64477 58881
64481 58910
64488 58961
64491 58983
64499 59042
64504 59079
64511 59131
64513 59146
64520 59199
64525 59237
64528 59260
64535 59314
64539 59345
64544 59384
64550 59431
64557 59486
64558 59494
64565 59551
64571 59600
64576 59641
64580 59674
64587 59732
64590 59757
64595 59799
64602 59858
64604 59875
64609 59918
64612 59944
64616 59979
64621 60023
64627 60076
64628 60085
64634 60140
64639 60186
64643 60223
64646 60251
64651 60298
64653 60317
64658 60365
64661 60394
64665 60433
64670 60482
64676 60541
64677 60551
64682 60602
64686 60643
64689 60674
64694 60726
64696 60747
64701 60800
64704 60832
64708 60875
64713 60929
64714 60940
64719 60996
64723 61041
64726 61075
64731 61132
64733 61155
64738 61213
64741 61248
64745 61295
64750 61354
64751 61366
64755 61415
64758 61452
64760 61477
64763 61515
64767 61566
64768 61579
64772 61632
64775 61672
64777 61699
64780 61740
64784 61795
64785 61809
64789 61866
64792 61909
64794 61938
64797 61982
64801 62041
64802 62056
64805 62102
64807 62133
64810 62180
64811 62196
64814 62245
64816 62278
64819 62328
64820 62345
64823 62397
64825 62432
64828 62485
64829 62503
64832 62558
64834 62595
64837 62651
64838 62670
64841 62728
64843 62767
64846 62826
64847 62846
64849 62887
64850 62908
64852 62951
64853 62973
64855 63018
64856 63041
64858 63088
64859 63112
64861 63161
64862 63186
64864 63237
64865 63263
64867 63316
64868 63343
64870 63398
64871 63426
64873 63483
64874 63512
64876 63571
64877 63601
64878 63632
64879 63664
64880 63697
64881 63731
64882 63766
64883 63802
64884 63839
64885 63877
64886 63916
64887 63956
64888 63997
64889 64039
64890 64082
64891 64126
64892 64171
64893 64217
64894 64264
64895 64312
64896 64361
64897 64411
64898 64462
64899 64514
64900 64567
64901 64621
64902 64676
64903 64732
64904 64789
64905 64847
64906 64906
64847 64905
64789 64904
64732 64903
64676 64902
64621 64901
64567 64900
64514 64899
64462 64898
64411 64897
64361 64896
64312 64895
64264 64894
64217 64893
64171 64892
64126 64891
64082 64890
64039 64889
63997 64888
63956 64887
63916 64886
63877 64885
63839 64884
63802 64883
63766 64882
63731 64881
63697 64880
63664 64879
63632 64878
63601 64877
63571 64876
63512 64874
63483 64873
63426 64871
63398 64870
63343 64868
63316 64867
63263 64865
63237 64864
63186 64862
63161 64861
63112 64859
63088 64858
63041 64856
63018 64855
62973 64853
62951 64852
62908 64850
62887 64849
62846 64847
62826 64846
62767 64843
62728 64841
62670 64838
62651 64837
62595 64834
62558 64832
62503 64829
62485 64828
62432 64825
62397 64823
62345 64820
62328 64819
62278 64816
62245 64814
62196 64811
62180 64810
62133 64807
62102 64805
62056 64802
62041 64801
61982 64797
61938 64794
61909 64792
61866 64789
61809 64785
61795 64784
61740 64780
61699 64777
61672 64775
61632 64772
61579 64768
61566 64767
61515 64763
61477 64760
61452 64758
61415 64755
61366 64751
61354 64750
61295 64745
61248 64741
61213 64738
61155 64733
61132 64731
61075 64726
61041 64723
60996 64719
60940 64714
60929 64713
60875 64708
60832 64704
60800 64701
60747 64696
60726 64694
60674 64689
60643 64686
60602 64682
60551 64677
60541 64676
60482 64670
60433 64665
60394 64661
60365 64658
60317 64653
60298 64651
60251 64646
60223 64643
60186 64639
60140 64634
60085 64628
60076 64627
60023 64621
59979 64616
59944 64612
59918 64609
59875 64604
59858 64602
59799 64595
59757 64590
59732 64587
59674 64580
59641 64576
59600 64571
59551 64565
59494 64558
59486 64557
59431 64550
59384 64544
59345 64539
59314 64535
59260 64528
59237 64525
59199 64520
59146 64513
59131 64511
59079 64504
59042 64499
58983 64491
58961 64488
58910 64481
58881 64477
58845 64472
58802 64466
58752 64459
58695 64451
58688 64450
58633 64442
58585 64435
58544 64429
58510 64424
58483 64420
58436 64413
58416 64410
58363 64402
58330 64397
58284 64390
58225 64381
58212 64379
58154 64370
58109 64363
58077 64358
58026 64350
58007 64347
57963 64340
57938 64336
57882 64327
57851 64322
57814 64316
57771 64309
57722 64301
57667 64292
57661 64291
57602 64281
57549 64272
57502 64264
57461 64257
57426 64251
57397 64246
57345 64237
57322 64233
57282 64226
57225 64216
57208 64213
57163 64205
57135 64200
57096 64193
57046 64184
57035 64182
56986 64173
56948 64166
56921 64161
56878 64153
56819 64142
56803 64139
56750 64129
56713 64122
56655 64111
56634 64107
56587 64098
56561 64093
56504 64082
56473 64076
56437 64069
56396 64061
56350 64052
56299 64042
56243 64031
56238 64030
56179 64018
56125 64007
56076 63997
56032 63988
55993 63980
55959 63973
55930 63967
55877 63956
55853 63951
55810 63942
55791 63938
55739 63927
55706 63920
55659 63910
55645 63907
55594 63896
55557 63888
55534 63883
55479 63871
55447 63864
55406 63855
55356 63844
55297 63831
55288 63829
55230 63816
55181 63805
55141 63796
55110 63789
55057 63777
55035 63772
54978 63759
54943 63751
54895 63740
54882 63737
54826 63724
54783 63714
54753 63707
54706 63696
54689 63692
54634 63679
54596 63670
54537 63656
54516 63651
54470 63640
54445 63634
54391 63621
54362 63614
54329 63606
54292 63597
54251 63587
54206 63576
54157 63564
54104 63551
54047 63537
54043 63536
53984 63521
53929 63507
53878 63494
53831 63482
53788 63471
53749 63461
53714 63452
53683 63444
53625 63429
53598 63422
53548 63409
53525 63403
53483 63392
53464 63387
53411 63373
53377 63364
53328 63351
53313 63347
53257 63332
53216 63321
53190 63314
53153 63304
53105 63291
53046 63275
53035 63272
52984 63258
52944 63247
52915 63239
52868 63226
52850 63221
52807 63209
52782 63202
52725 63186
52693 63177
52654 63166
52608 63153
52555 63138
52548 63136
52489 63119
52437 63104
52392 63091
52354 63080
52323 63071
52268 63055
52244 63048
52203 63036
52145 63019
52128 63014
52084 63001
52057 62993
52020 62982
51973 62968
51916 62951
51906 62948
51853 62932
51810 62919
51777 62909
51721 62892
51698 62885
51639 62867
51603 62856
51554 62841
51541 62837
51486 62820
51444 62807
51415 62798
51370 62784
51354 62779
51303 62763
51268 62752
51214 62735
51195 62729
51154 62716
51132 62709
51085 62694
51060 62686
51007 62669
50979 62660
50920 62641
50889 62631
50855 62620
50818 62608
50778 62595
50735 62581
50689 62566
50640 62550
50588 62533
50533 62515
50475 62496
50472 62495
50413 62475
50357 62456
50304 62438
50254 62421
50207 62405
50163 62390
50122 62376
50084 62363
50049 62351
50017 62340
49988 62330
49933 62311
49907 62302
49858 62285
49835 62277
49792 62262
49772 62255
49715 62235
49678 62222
49624 62203
49607 62197
49559 62180
49528 62169
49483 62153
49424 62132
49410 62127
49357 62108
49318 62094
49293 62085
49257 62072
49210 62055
49152 62034
49141 62030
49089 62011
49048 61996
49018 61985
48969 61967
48950 61960
48904 61943
48877 61933
48842 61920
48799 61904
48748 61885
48689 61863
48681 61860
48628 61840
48583 61823
48546 61809
48517 61798
48467 61779
48446 61771
48391 61750
48357 61737
48310 61719
48297 61714
48240 61692
48196 61675
48165 61663
48116 61644
48098 61637
48039 61614
47998 61598
47975 61589
47924 61569
47896 61558
47863 61545
47825 61530
47782 61513
47734 61494
47681 61473
47623 61450
47618 61448
47561 61425
47509 61404
47462 61385
47420 61368
47383 61353
47351 61340
47292 61316
47265 61305
47216 61285
47194 61276
47155 61260
47099 61237
47082 61230
47036 61211
47007 61199
46966 61182
46913 61160
46901 61155
46846 61132
46803 61114
46772 61101
46722 61080
46703 61072
46658 61053
46632 61042
46573 61017
46540 61003
46500 60986
46453 60966
46399 60943
46392 60940
46334 60915
46283 60893
46239 60874
46202 60858
46172 60845
46119 60822
46096 60812
46057 60795
46002 60771
45986 60764
45929 60739
45888 60721
45863 60710
45804 60684
45770 60669
45727 60650
45675 60627
45666 60623
45610 60598
45563 60577
45525 60560
45496 60547
45447 60525
45427 60516
45376 60493
45345 60479
45303 60460
45250 60436
45239 60431
45182 60405
45136 60384
45101 60368
45042 60341
45018 60330
44981 60313
44931 60290
44918 60284
44864 60259
44823 60240
44795 60227
44752 60207
44694 60180
44679 60173
44632 60151
44600 60136
44551 60113
44534 60105
44481 60080
44445 60063
44390 60037
44371 60028
44312 60000
44272 59981
44251 59971
44207 59950
44184 59939
44136 59916
44111 59904
44059 59879
44032 59866
43976 59839
43947 59825
43916 59810
43883 59794
43848 59777
43811 59759
43772 59740
43731 59720
43688 59699
43643 59677
43596 59654
43547 59630
43496 59605
43443 59579
43388 59552
43331 59524
43272 59495
43270 59494
43211 59464
43154 59435
43099 59407
43046 59380
42995 59354
42946 59329
42899 59305
42854 59282
42811 59260
42770 59239
42731 59219
42694 59200
42659 59182
42626 59165
42595 59149
42566 59134
42510 59105
42483 59091
42431 59064
42406 59051
42358 59026
42335 59014
42291 58991
42270 58980
42230 58959
42171 58928
42152 58918
42097 58889
42061 58870
42008 58842
41991 58833
41942 58807
41910 58790
41863 58765
41848 58757
41790 58726
41747 58703
41719 58688
41678 58666
41624 58637
41611 58630
41561 58603
41524 58583
41500 58570
41441 58538
41406 58519
41360 58494
41303 58463
41292 58457
41239 58428
41197 58405
41166 58388
41115 58360
41095 58349
41046 58322
41017 58306
40979 58285
40932 58259
40876 58228
40867 58223
40815 58194
40772 58170
40738 58151
40679 58118
40654 58104
40613 58081
40556 58049
40540 58040
40485 58009
40446 57987
40423 57974
40370 57944
40340 57927
40303 57906
40259 57881
40208 57852
40150 57819
40143 57815
40089 57784
40042 57757
40002 57734
39969 57715
39910 57681
39884 57666
39839 57640
39820 57629
39770 57600
39739 57582
39696 57557
39641 57525
39629 57518
39576 57487
39535 57463
39506 57446
39460 57419
39443 57409
39387 57376
39348 57353
39326 57340
39277 57311
39250 57295
39191 57260
39159 57241
39122 57219
39080 57194
39033 57166
38981 57135
38924 57101
38919 57098
38861 57063
38808 57031
38760 57002
38717 56976
38679 56953
38646 56933
38618 56916
38567 56885
38544 56871
38503 56846
38444 56810
38426 56799
38377 56769
38346 56750
38302 56723
38245 56688
38232 56680
38185 56651
38151 56630
38096 56596
38075 56583
38025 56552
37996 56534
37959 56511
37914 56483
37861 56450
37853 56445
37794 56408
37743 56376
37700 56349
37665 56327
37638 56310
37592 56281
37573 56269
37524 56238
37494 56219
37453 56193
37401 56160
37390 56153
37332 56116
37285 56086
37249 56063
37224 56047
37185 56022
37132 55988
37118 55979
37059 55941
37014 55912
36983 55892
36935 55861
36918 55850
36864 55815
36827 55791
36770 55754
36750 55741
36707 55713
36684 55698
36635 55666
36609 55649
36554 55613
36525 55594
36493 55573
36458 55550
36420 55525
36379 55498
36335 55469
36288 55438
36238 55405
36185 55370
36129 55333
36070 55294
36067 55292
36009 55253
35954 55216
35902 55181
35853 55148
35807 55117
35764 55088
35724 55061
35687 55036
35653 55013
35622 54992
35563 54952
35535 54933
35482 54897
35457 54880
35410 54848
35388 54833
35347 54805
35328 54792
35274 54755
35239 54731
35188 54696
35172 54685
35127 54654
35098 54634
35056 54605
35001 54567
34988 54558
34939 54524
34903 54499
34844 54458
34821 54442
34765 54403
34732 54380
34689 54350
34636 54313
34626 54306
34569 54266
34522 54233
34485 54207
34458 54188
34414 54157
34397 54145
34339 54104
34298 54075
34274 54058
34219 54019
34188 53997
34150 53970
34105 53938
34053 53901
33994 53859
33987 53854
33934 53816
33888 53783
33849 53755
33817 53732
33760 53691
33735 53673
33692 53642
33674 53629
33627 53595
33598 53574
33558 53545
33507 53508
33496 53500
33437 53457
33389 53422
33352 53395
33326 53376
33285 53346
33229 53305
33214 53294
33165 53258
33131 53233
33078 53194
33059 53180
33017 53149
32994 53132
32944 53095
32917 53075
32859 53032
32828 53009
32793 52983
32754 52954
32711 52922
32664 52887
32613 52849
32558 52808
32499 52764
32495 52761
32438 52718
32385 52678
32336 52641
32291 52607
32250 52576
32213 52548
32180 52523
32151 52501
32097 52460
32072 52441
32026 52406
32005 52390
31946 52345
31908 52316
31853 52274
31836 52261
31789 52225
31759 52202
31716 52169
31660 52126
31647 52116
31599 52079
31564 52052
31507 52008
31485 51991
31432 51950
31401 51926
31361 51895
31312 51857
31254 51812
31245 51805
31186 51759
31136 51720
31095 51688
31063 51663
31008 51620
30985 51602
30948 51573
30897 51533
30883 51522
30836 51485
30803 51459
30751 51418
30732 51403
30689 51369
30665 51350
30612 51308
30583 51285
30549 51258
30510 51227
30466 51192
30417 51153
30363 51110
30304 51063
30299 51059
30243 51014
30192 50973
30146 50936
30105 50903
30069 50874
30038 50849
29981 50803
29955 50782
29908 50744
29887 50727
29829 50680
29792 50650
29739 50607
29723 50594
29664 50546
29621 50511
29594 50489
29556 50458
29507 50418
29496 50409
29446 50368
29407 50336
29379 50313
29334 50276
29317 50262
29260 50215
29220 50182
29197 50163
29145 50120
29116 50096
29081 50067
29040 50033
28993 49994
28940 49950
28881 49901
28875 49896
28820 49850
28771 49809
28728 49773
28691 49742
28660 49716
28604 49669
28579 49648
28535 49611
28516 49595
28465 49552
28433 49525
28388 49487
28330 49438
28317 49427
28258 49377
28212 49338
28179 49310
28126 49265
28106 49248
28059 49208
28032 49185
27998 49156
27957 49121
27909 49080
27854 49033
27847 49027
27790 48978
27740 48935
27697 48898
27661 48867
27632 48842
27581 48798
27559 48779
27500 48728
27463 48696
27411 48651
27396 48638
27343 48592
27305 48559
27282 48539
27228 48492
27197 48465
27158 48431
27111 48390
27056 48342
27048 48335
26991 48285
26942 48242
26901 48206
26868 48177
26810 48126
26785 48104
26743 48067
26684 48015
26667 48000
26624 47962
26598 47939
26563 47908
26519 47869
26466 47822
26457 47814
26402 47765
26356 47724
26319 47691
26291 47666
26244 47624
26225 47607
26177 47564
26148 47538
26109 47503
26060 47459
26001 47406
25991 47397
25940 47351
25899 47314
25868 47286
25816 47239
25795 47220
25742 47172
25710 47143
25667 47104
25613 47055
25602 47045
25546 46994
25501 46953
25467 46922
25410 46870
25387 46849
25329 46796
25294 46764
25247 46721
25188 46667
25176 46656
25127 46611
25090 46577
25065 46554
25027 46519
24976 46472
24963 46460
24910 46411
24870 46374
24843 46349
24802 46311
24747 46260
24733 46247
24676 46194
24633 46154
24604 46127
24560 46086
24501 46031
24486 46017
24440 45974
24409 45945
24362 45901
24346 45886
24297 45840
24264 45809
24214 45762
24197 45746
24145 45697
24110 45664
24057 45614
24039 45597
23984 45545
23947 45510
23891 45457
23872 45439
23814 45384
23775 45347
23716 45291
23696 45272
23655 45233
23634 45213
23591 45172
23569 45151
23524 45108
23501 45086
23454 45041
23430 45018
23381 44971
23356 44947
23305 44898
23279 44873
23226 44822
23199 44796
23144 44743
23116 44716
23059 44661
23030 44633
22971 44576
22941 44547
22910 44517
22878 44486
22845 44454
22811 44421
22776 44387
22740 44352
22703 44316
22665 44279
22626 44241
22586 44202
22545 44162
22503 44121
22460 44079
22416 44036
22371 43992
22325 43947
22278 43901
22230 43854
22181 43806
22131 43757
22080 43707
22028 43656
21975 43604
21921 43551
21866 43497
21810 43442
21753 43386
21695 43329
21636 43271
21635 43270
21577 43211
21520 43153
21464 43096
21409 43040
21355 42985
21302 42931
21250 42878
21199 42826
21149 42775
21100 42725
21052 42676
21005 42628
20959 42581
20914 42535
20870 42490
20827 42446
20785 42403
20744 42361
20704 42320
20665 42280
20627 42241
20590 42203
20554 42166
20519 42130
20485 42095
20452 42061
20420 42028
20389 41996
20359 41965
20330 41935
20273 41876
20245 41847
20190 41790
20163 41762
20110 41707
20084 41680
20033 41627
20008 41601
19959 41550
19935 41525
19888 41476
19865 41452
19820 41405
19798 41382
19755 41337
19734 41315
19693 41272
19673 41251
19634 41210
19615 41190
19559 41131
19522 41092
19467 41034
19449 41015
19396 40959
19361 40922
19309 40867
19292 40849
19242 40796
19209 40761
19160 40709
19144 40692
19097 40642
19066 40609
19020 40560
19005 40544
18961 40497
18932 40466
18889 40420
18875 40405
18820 40346
18779 40302
18752 40273
18712 40230
18659 40173
18646 40159
18595 40104
18557 40063
18532 40036
18495 39996
18446 39943
18434 39930
18387 39879
18352 39841
18329 39816
18295 39779
18250 39730
18239 39718
18185 39659
18142 39612
18110 39577
18057 39519
18036 39496
17984 39439
17953 39405
17912 39360
17861 39304
17851 39293
17802 39239
17763 39196
17734 39164
17686 39111
17667 39090
17620 39038
17592 39007
17555 38966
17509 38915
17500 38905
17447 38846
17403 38797
17368 38758
17342 38729
17299 38681
17282 38662
17240 38615
17215 38587
17182 38550
17141 38504
17092 38449
17084 38440
17037 38387
16998 38343
16967 38308
16944 38282
16906 38239
16891 38222
16839 38163
16802 38121
16780 38096
16729 38038
16700 38005
16664 37964
16621 37915
16571 37858
16564 37850
16516 37795
16475 37748
16441 37709
16414 37678
16367 37624
16347 37601
16314 37563
16268 37510
16255 37495
16210 37443
16178 37406
16127 37347
16108 37325
16064 37274
16039 37245
16008 37209
15971 37166
15928 37116
15879 37059
15873 37052
15826 36997
15785 36949
15750 36908
15721 36874
15698 36847
15658 36800
15641 36780
15596 36727
15568 36694
15529 36648
15479 36589
15468 36576
15419 36518
15381 36473
15354 36441
15311 36390
15295 36371
15258 36327
15237 36302
15190 36246
15164 36215
15133 36178
15097 36135
15056 36086
15010 36031
15005 36025
14956 35966
14912 35913
14873 35866
14839 35825
14810 35790
14786 35761
14743 35709
14724 35686
14691 35646
14644 35589
14630 35572
14593 35527
14570 35499
14538 35460
14497 35410
14488 35399
14448 35350
14417 35312
14395 35285
14360 35242
14312 35183
14299 35167
14256 35114
14226 35077
14179 35019
14162 34998
14124 34951
14103 34925
14057 34868
14032 34837
14003 34801
13970 34760
13933 34714
13892 34663
13847 34607
13843 34602
13796 34543
13753 34489
13714 34440
13679 34396
13648 34357
13621 34323
13598 34294
13556 34241
13537 34217
13503 34174
13488 34155
13447 34103
13421 34070
13384 34023
13373 34009
13333 33958
13304 33921
13286 33898
13243 33843
13218 33811
13186 33770
13147 33720
13101 33661
13094 33652
13049 33594
13011 33545
12980 33505
12956 33474
12915 33421
12898 33399
12854 33342
12827 33307
12790 33259
12780 33246
12737 33190
12704 33147
12681 33117
12645 33070
12632 33053
12590 32998
12561 32960
12516 32901
12500 32880
12465 32834
12446 32809
12405 32755
12383 32726
12358 32693
12330 32656
12299 32615
12265 32570
12228 32521
12188 32468
12145 32411
12142 32407
12098 32348
12057 32293
12019 32242
11984 32195
11952 32152
11923 32113
11897 32078
11874 32047
11831 31989
11811 31962
11774 31912
11757 31889
11726 31847
11712 31828
11673 31775
11648 31741
11612 31692
11601 31677
11560 31621
11530 31580
11511 31554
11484 31517
11449 31469
11406 31410
11398 31399
11361 31348
11332 31308
11311 31279
11277 31232
11264 31214
11233 31171
11215 31146
11174 31089
11151 31057
11123 31018
11090 30972
11052 30919
11047 30912
11005 30853
10968 30801
10936 30756
10909 30718
10887 30687
10848 30632
10831 30608
10802 30567
10761 30509
10749 30492
10718 30448
10699 30421
10673 30384
10640 30337
10600 30280
10593 30270
10556 30217
10526 30174
10503 30141
10464 30085
10448 30062
10407 30003
10382 29967
10348 29918
10339 29905
10301 29850
10272 29808
10252 29779
10221 29734
10210 29718
10175 29667
10151 29632
10114 29578
10101 29559
10073 29518
10058 29496
10026 29449
10009 29424
9973 29371
9954 29343
9914 29284
9893 29253
9870 29219
9845 29182
9818 29142
9789 29099
9758 29053
9725 29004
9690 28952
9653 28897
9614 28839
9612 28836
9573 28777
9536 28721
9501 28668
9468 28618
9437 28571
9408 28527
9381 28486
9356 28448
9333 28413
9312 28381
9293 28352
9257 28297
9240 28271
9208 28222
9193 28199
9165 28156
9152 28136
9115 28079
9091 28042
9056 27988
9045 27971
9014 27923
8994 27892
8965 27847
8927 27788
8918 27774
8884 27721
8859 27682
8843 27657
8820 27621
8790 27574
8753 27516
8746 27505
8713 27453
8687 27412
8668 27382
8637 27333
8625 27314
8596 27268
8579 27241
8557 27206
8530 27163
8498 27112
8461 27053
8456 27045
8423 26992
8395 26947
8372 26910
8354 26881
8323 26831
8310 26810
8276 26755
8255 26721
8226 26674
8218 26661
8183 26604
8156 26560
8137 26529
8107 26480
8096 26462
8060 26403
8035 26362
8021 26339
7990 26288
7973 26260
7953 26227
7930 26189
7904 26146
7875 26098
7843 26045
7808 25987
7805 25982
7771 25925
7740 25873
7712 25826
7687 25784
7665 25747
7646 25715
7611 25656
7595 25629
7566 25580
7553 25558
7530 25519
7497 25463
7487 25446
7460 25400
7443 25371
7419 25330
7388 25277
7381 25265
7349 25210
7324 25167
7306 25136
7277 25086
7266 25067
7240 25022
7225 24996
7191 24937
7172 24904
7149 24864
7122 24817
7091 24763
7087 24756
7054 24698
7025 24647
7000 24603
6979 24566
6962 24536
6932 24483
6919 24460
6897 24421
6866 24366
6857 24350
6825 24293
6802 24252
6788 24227
6755 24168
6736 24134
6712 24091
6683 24039
6678 24030
6647 23974
6621 23927
6600 23889
6584 23860
6557 23811
6546 23791
6518 23740
6501 23709
6478 23667
6449 23614
6443 23603
6412 23546
6387 23500
6368 23465
6336 23406
6323 23382
6303 23345
6276 23295
6269 23282
6240 23228
6218 23187
6203 23159
6180 23116
6149 23058
6141 23043
6116 22996
6099 22964
6073 22915
6064 22898
6036 22845
6017 22809
5988 22754
5978 22735
5947 22676
5926 22636
5915 22615
5892 22571
5880 22548
5855 22500
5842 22475
5815 22423
5801 22396
5772 22340
5757 22311
5741 22280
5724 22247
5706 22212
5687 22175
5667 22136
5646 22095
5624 22052
5601 22007
5577 21960
5552 21911
5526 21860
5499 21807
5471 21752
5442 21695
5412 21636
5411 21634
5382 21575
5354 21518
5327 21463
5301 21410
5276 21359
5252 21310
5229 21263
5207 21218
5186 21175
5166 21134
5147 21095
5129 21058
5112 21023
5096 20990
5081 20959
5067 20930
5040 20874
5027 20847
5002 20795
4990 20770
4967 20722
4956 20699
4935 20655
4925 20634
4906 20594
4878 20535
4869 20516
4843 20461
4826 20425
4801 20372
4793 20355
4770 20306
4755 20274
4733 20227
4726 20212
4699 20154
4679 20111
4666 20083
4647 20042
4622 19988
4616 19975
4593 19925
4576 19888
4565 19864
4538 19805
4522 19770
4501 19724
4475 19667
4470 19656
4446 19603
4427 19561
4413 19530
4390 19479
4381 19459
4359 19410
4346 19381
4329 19343
4308 19296
4283 19240
4279 19231
4256 19179
4237 19136
4222 19102
4196 19043
4185 19018
4167 18977
4142 18920
4135 18904
4111 18849
4094 18810
4084 18787
4061 18734
4048 18704
4032 18667
4013 18623
3991 18572
3966 18514
3963 18507
3940 18453
3920 18406
3903 18366
3889 18333
3864 18274
3853 18248
3834 18203
3826 18184
3805 18134
3792 18103
3774 18060
3751 18005
3746 17993
3724 17940
3707 17899
3695 17870
3676 17824
3669 17807
3646 17751
3630 17712
3621 17690
3601 17641
3590 17614
3566 17555
3553 17523
3538 17486
3521 17444
3502 17397
3481 17345
3458 17288
3456 17283
3433 17225
3412 17172
3393 17124
3376 17081
3361 17043
3348 17010
3337 16982
3317 16931
3308 16908
3292 16867
3269 16808
3262 16790
3243 16741
3231 16710
3214 16666
3192 16609
3187 16596
3169 16549
3156 16515
3135 16460
3127 16439
3108 16389
3097 16360
3083 16323
3066 16278
3046 16225
3043 16217
3021 16158
3002 16107
2986 16064
2973 16029
2963 16002
2946 15956
2939 15937
2921 15888
2910 15858
2895 15817
2876 15765
2872 15754
2851 15696
2834 15649
2821 15613
2812 15588
2798 15549
2779 15496
2774 15482
2753 15423
2737 15378
2726 15347
2709 15299
2703 15282
2684 15228
2671 15191
2651 15134
2644 15114
2629 15071
2621 15048
2604 14999
2595 14973
2576 14918
2566 14889
2555 14857
2543 14822
2530 14784
2516 14743
2501 14699
2485 14652
2468 14602
2450 14549
2431 14493
2411 14434
2410 14431
2391 14373
2373 14318
2356 14266
2340 14217
2325 14171
2311 14128
2298 14088
2286 14051
2275 14017
2265 13986
2246 13927
2237 13899
2220 13846
2212 13821
2197 13774
2190 13752
2177 13711
2171 13692
2154 13638
2143 13603
2127 13552
2122 13536
2108 13491
2099 13462
2086 13420
2069 13365
2065 13352
2050 13303
2039 13267
2021 13208
2014 13185
1997 13129
1987 13096
1974 13053
1958 13000
1955 12990
1938 12933
1924 12886
1913 12849
1905 12822
1892 12778
1887 12761
1870 12703
1858 12662
1851 12638
1835 12583
1826 12552
1815 12514
1802 12469
1787 12417
1770 12358
1768 12351
1753 12298
1740 12252
1729 12213
1720 12181
1704 12124
1697 12099
1685 12056
1680 12038
1667 11991
1659 11962
1648 11922
1634 11871
1631 11860
1615 11801
1602 11753
1592 11716
1585 11690
1574 11649
1559 11593
1555 11578
1542 11529
1533 11495
1519 11442
1514 11423
1503 11381
1497 11358
1484 11308
1477 11281
1462 11223
1454 11192
1445 11157
1435 11118
1424 11075
1412 11028
1399 10977
1385 10922
1370 10863
1369 10859
1355 10802
1342 10749
1330 10700
1319 10655
1309 10614
1300 10577
1292 10544
1285 10515
1272 10461
1266 10436
1255 10390
1250 10369
1236 10310
1227 10272
1214 10217
1210 10200
1199 10153
1192 10123
1182 10080
1169 10024
1166 10011
1155 9963
1147 9928
1134 9871
1129 9849
1117 9796
1110 9765
1101 9725
1090 9676
1077 9618
1075 9609
1062 9550
1051 9500
1042 9459
1035 9427
1023 9372
1018 9349
1010 9312
999 9261
996 9247
986 9200
979 9167
968 9115
964 9096
955 9053
950 9029
939 8976
933 8947
926 8913
918 8874
909 8830
899 8781
888 8727
876 8668
875 8663
864 8607
854 8556
845 8510
837 8469
830 8433
824 8402
813 8345
808 8319
799 8272
795 8251
784 8193
777 8156
767 8103
764 8087
753 8028
745 7985
740 7958
733 7920
724 7871
722 7860
713 7810
706 7771
701 7743
693 7698
690 7681
680 7624
673 7584
669 7561
660 7509
655 7480
649 7445
642 7404
634 7357
625 7304
615 7245
614 7239
605 7184
597 7135
590 7092
584 7055
579 7024
570 6968
566 6943
559 6899
556 6880
548 6829
543 6797
536 6752
527 6694
525 6681
516 6622
509 6576
504 6543
496 6490
493 6470
486 6423
482 6396
477 6362
471 6321
464 6273
456 6218
455 6211
447 6154
440 6104
434 6061
429 6025
425 5996
418 5945
415 5923
407 5864
402 5827
395 5775
393 5760
386 5707
381 5669
378 5646
371 5592
367 5561
362 5522
356 5475
349 5420
348 5412
341 5355
335 5306
330 5265
326 5232
319 5174
316 5149
311 5107
304 5048
302 5031
297 4988
294 4962
290 4927
285 4883
279 4830
278 4821
272 4766
267 4720
263 4683
260 4655
255 4608
253 4589
248 4541
245 4512
241 4473
236 4424
230 4365
229 4355
224 4304
220 4263
217 4232
212 4180
210 4159
205 4106
202 4074
198 4031
193 3977
192 3966
187 3910
183 3865
180 3831
175 3774
173 3751
168 3693
165 3658
161 3611
156 3552
155 3540
151 3491
148 3454
146 3429
143 3391
139 3340
138 3327
134 3274
131 3234
129 3207
126 3166
122 3111
121 3097
117 3040
114 2997
112 2968
109 2924
105 2865
104 2850
101 2804
99 2773
96 2726
95 2710
92 2661
90 2628
87 2578
86 2561
83 2509
81 2474
78 2421
77 2403
74 2348
72 2311
69 2255
68 2236
65 2178
63 2139
60 2080
59 2060
57 2019
56 1998
54 1955
53 1933
51 1888
50 1865
48 1818
47 1794
45 1745
44 1720
42 1669
41 1643
39 1590
38 1563
36 1508
35 1480
33 1423
32 1394
30 1335
29 1305
28 1274
27 1242
26 1209
25 1175
24 1140
23 1104
22 1067
21 1029
20 990
19 950
18 909
17 867
16 824
15 780
14 735
13 689
12 642
11 594
10 545
9 495
8 444
7 392
6 339
5 285
4 230
3 174
2 117
1 59
0 0
59 1
117 2
174 3
230 4
285 5
339 6
392 7
444 8
495 9
545 10
594 11
642 12
689 13
735 14
780 15
824 16
867 17
909 18
950 19
990 20
1029 21
1067 22
1104 23
1140 24
1175 25
1209 26
1242 27
1274 28
1305 29
1335 30
1394 32
1423 33
1480 35
1508 36
1563 38
1590 39
1643 41
1669 42
1720 44
1745 45
1794 47
1818 48
1865 50
1888 51
1933 53
1955 54
1998 56
2019 57
2060 59
2080 60
2139 63
2178 65
2236 68
2255 69
2311 72
2348 74
2403 77
2421 78
2474 81
2509 83
2561 86
2578 87
2628 90
2661 92
2710 95
2726 96
2773 99
2804 101
2850 104
2865 105
2924 109
2968 112
2997 114
3040 117
3097 121
3111 122
3166 126
3207 129
3234 131
3274 134
3327 138
3340 139
3391 143
3429 146
3454 148
3491 151
3540 155
3552 156
3611 161
3658 165
3693 168
3751 173
3774 175
3831 180
3865 183
3910 187
3966 192
3977 193
4031 198
4074 202
4106 205
4159 210
4180 212
4232 217
4263 220
4304 224
4355 229
4365 230
4424 236
4473 241
4512 245
4541 248
4589 253
4608 255
4655 260
4683 263
4720 267
4766 272
4821 278
4830 279
4883 285
4927 290
4962 294
4988 297
5031 302
5048 304
5107 311
5149 316
5174 319
5232 326
5265 330
5306 335
5355 341
5412 348
5420 349
5475 356
5522 362
5561 367
5592 371
5646 378
5669 381
5707 386
5760 393
5775 395
5827 402
5864 407
5923 415
5945 418
5996 425
6025 429
6061 434
6104 440
6154 447
6211 455
6218 456
6273 464
6321 471
6362 477
6396 482
6423 486
6470 493
6490 496
6543 504
6576 509
6622 516
6681 525
6694 527
6752 536
6797 543
6829 548
6880 556
6899 559
6943 566
6968 570
7024 579
7055 584
7092 590
7135 597
7184 605
7239 614
7245 615
7304 625
7357 634
7404 642
7445 649
7480 655
7509 660
7561 669
7584 673
7624 680
7681 690
7698 693
7743 701
7771 706
7810 713
7860 722
7871 724
7920 733
7958 740
7985 745
8028 753
8087 764
8103 767
8156 777
8193 784
8251 795
8272 799
8319 808
8345 813
8402 824
8433 830
8469 837
8510 845
8556 854
8607 864
8663 875
8668 876
8727 888
8781 899
8830 909
8874 918
8913 926
8947 933
8976 939
9029 950
9053 955
9096 964
9115 968
9167 979
9200 986
9247 996
9261 999
9312 1010
9349 1018
9372 1023
9427 1035
9459 1042
9500 1051
9550 1062
9609 1075
9618 1077
9676 1090
9725 1101
9765 1110
9796 1117
9849 1129
9871 1134
9928 1147
9963 1155
10011 1166
10024 1169
10080 1182
10123 1192
10153 1199
10200 1210
10217 1214
10272 1227
10310 1236
10369 1250
10390 1255
10436 1266
10461 1272
10515 1285
10544 1292
10577 1300
10614 1309
10655 1319
10700 1330
10749 1342
10802 1355
10859 1369
10863 1370
10922 1385
10977 1399
11028 1412
11075 1424
11118 1435
11157 1445
11192 1454
11223 1462
11281 1477
11308 1484
11358 1497
11381 1503
11423 1514
11442 1519
11495 1533
11529 1542
11578 1555
11593 1559
11649 1574
11690 1585
11716 1592
11753 1602
11801 1615
11860 1631
11871 1634
11922 1648
11962 1659
11991 1667
12038 1680
12056 1685
12099 1697
12124 1704
12181 1720
12213 1729
12252 1740
12298 1753
12351 1768
12358 1770
12417 1787
12469 1802
12514 1815
12552 1826
12583 1835
12638 1851
12662 1858
12703 1870
12761 1887
12778 1892
12822 1905
12849 1913
12886 1924
12933 1938
12990 1955
13000 1958
13053 1974
13096 1987
13129 1997
13185 2014
13208 2021
13267 2039
13303 2050
13352 2065
13365 2069
13420 2086
13462 2099
13491 2108
13536 2122
13552 2127
13603 2143
13638 2154
13692 2171
13711 2177
13752 2190
13774 2197
13821 2212
13846 2220
13899 2237
13927 2246
13986 2265
14017 2275
14051 2286
14088 2298
14128 2311
14171 2325
14217 2340
14266 2356
14318 2373
14373 2391
14431 2410
14434 2411
14493 2431
14549 2450
14602 2468
14652 2485
14699 2501
14743 2516
14784 2530
14822 2543
14857 2555
14889 2566
14918 2576
14973 2595
14999 2604
15048 2621
15071 2629
15114 2644
15134 2651
15191 2671
15228 2684
15282 2703
15299 2709
15347 2726
15378 2737
15423 2753
15482 2774
15496 2779
15549 2798
15588 2812
15613 2821
15649 2834
15696 2851
15754 2872
15765 2876
15817 2895
15858 2910
15888 2921
15937 2939
15956 2946
16002 2963
16029 2973
16064 2986
16107 3002
16158 3021
16217 3043
16225 3046
16278 3066
16323 3083
16360 3097
16389 3108
16439 3127
16460 3135
16515 3156
16549 3169
16596 3187
16609 3192
16666 3214
16710 3231
16741 3243
16790 3262
16808 3269
16867 3292
16908 3308
16931 3317
16982 3337
17010 3348
17043 3361
17081 3376
17124 3393
17172 3412
17225 3433
17283 3456
17288 3458
17345 3481
17397 3502
17444 3521
17486 3538
17523 3553
17555 3566
17614 3590
17641 3601
17690 3621
17712 3630
17751 3646
17807 3669
17824 3676
17870 3695
17899 3707
17940 3724
17993 3746
18005 3751
18060 3774
18103 3792
18134 3805
18184 3826
18203 3834
18248 3853
18274 3864
18333 3889
18366 3903
18406 3920
18453 3940
18507 3963
18514 3966
18572 3991
18623 4013
18667 4032
18704 4048
18734 4061
18787 4084
18810 4094
18849 4111
18904 4135
18920 4142
18977 4167
19018 4185
19043 4196
19102 4222
19136 4237
19179 4256
19231 4279
19240 4283
19296 4308
19343 4329
19381 4346
19410 4359
19459 4381
19479 4390
19530 4413
19561 4427
19603 4446
19656 4470
19667 4475
19724 4501
19770 4522
19805 4538
19864 4565
19888 4576
19925 4593
19975 4616
19988 4622
20042 4647
20083 4666
20111 4679
20154 4699
20212 4726
20227 4733
20274 4755
20306 4770
20355 4793
20372 4801
20425 4826
20461 4843
20516 4869
20535 4878
20594 4906
20634 4925
20655 4935
20699 4956
20722 4967
20770 4990
20795 5002
20847 5027
20874 5040
20930 5067
20959 5081
20990 5096
21023 5112
21058 5129
21095 5147
21134 5166
21175 5186
21218 5207
21263 5229
21310 5252
21359 5276
21410 5301
21463 5327
21518 5354
21575 5382
21634 5411
21636 5412
21695 5442
21752 5471
21807 5499
21860 5526
21911 5552
21960 5577
22007 5601
22052 5624
22095 5646
22136 5667
22175 5687
22212 5706
22247 5724
22280 5741
22311 5757
22340 5772
22396 5801
22423 5815
22475 5842
22500 5855
22548 5880
22571 5892
22615 5915
22636 5926
22676 5947
22735 5978
22754 5988
22809 6017
22845 6036
22898 6064
22915 6073
22964 6099
22996 6116
23043 6141
23058 6149
23116 6180
23159 6203
23187 6218
23228 6240
23282 6269
23295 6276
23345 6303
23382 6323
23406 6336
23465 6368
23500 6387
23546 6412
23603 6443
23614 6449
23667 6478
23709 6501
23740 6518
23791 6546
23811 6557
23860 6584
23889 6600
23927 6621
23974 6647
24030 6678
24039 6683
24091 6712
24134 6736
24168 6755
24227 6788
24252 6802
24293 6825
24350 6857
24366 6866
24421 6897
24460 6919
24483 6932
24536 6962
24566 6979
24603 7000
24647 7025
24698 7054
24756 7087
24763 7091
24817 7122
24864 7149
24904 7172
24937 7191
24996 7225
25022 7240
25067 7266
25086 7277
25136 7306
25167 7324
25210 7349
25265 7381
25277 7388
25330 7419
25371 7443
25400 7460
25446 7487
25463 7497
25519 7530
25558 7553
25580 7566
25629 7595
25656 7611
25715 7646
25747 7665
25784 7687
25826 7712
25873 7740
25925 7771
25982 7805
25987 7808
26045 7843
26098 7875
26146 7904
26189 7930
26227 7953
26260 7973
26288 7990
26339 8021
26362 8035
26403 8060
26462 8096
26480 8107
26529 8137
26560 8156
26604 8183
26661 8218
26674 8226
26721 8255
26755 8276
26810 8310
26831 8323
26881 8354
26910 8372
26947 8395
26992 8423
27045 8456
27053 8461
27112 8498
27163 8530
27206 8557
27241 8579
27268 8596
27314 8625
27333 8637
27382 8668
27412 8687
27453 8713
27505 8746
27516 8753
27574 8790
27621 8820
27657 8843
27682 8859
27721 8884
27774 8918
27788 8927
27847 8965
27892 8994
27923 9014
27971 9045
27988 9056
28042 9091
28079 9115
28136 9152
28156 9165
28199 9193
28222 9208
28271 9240
28297 9257
28352 9293
28381 9312
28413 9333
28448 9356
28486 9381
28527 9408
28571 9437
28618 9468
28668 9501
28721 9536
28777 9573
28836 9612
28839 9614
28897 9653
28952 9690
29004 9725
29053 9758
29099 9789
29142 9818
29182 9845
29219 9870
29253 9893
29284 9914
29343 9954
29371 9973
29424 10009
29449 10026
29496 10058
29518 10073
29559 10101
29578 10114
29632 10151
29667 10175
29718 10210
29734 10221
29779 10252
29808 10272
29850 10301
29905 10339
29918 10348
29967 10382
30003 10407
30062 10448
30085 10464
30141 10503
30174 10526
30217 10556
30270 10593
30280 10600
30337 10640
30384 10673
30421 10699
30448 10718
30492 10749
30509 10761
30567 10802
30608 10831
30632 10848
30687 10887
30718 10909
30756 10936
30801 10968
30853 11005
30912 11047
30919 11052
30972 11090
31018 11123
31057 11151
31089 11174
31146 11215
31171 11233
31214 11264
31232 11277
31279 11311
31308 11332
31348 11361
31399 11398
31410 11406
31469 11449
31517 11484
31554 11511
31580 11530
31621 11560
31677 11601
31692 11612
31741 11648
31775 11673
31828 11712
31847 11726
31889 11757
31912 11774
31962 11811
31989 11831
32047 11874
32078 11897
32113 11923
32152 11952
32195 11984
32242 12019
32293 12057
32348 12098
32407 12142
32411 12145
32468 12188
32521 12228
32570 12265
32615 12299
32656 12330
32693 12358
32726 12383
32755 12405
32809 12446
32834 12465
32880 12500
32901 12516
32960 12561
32998 12590
33053 12632
33070 12645
33117 12681
33147 12704
33190 12737
33246 12780
33259 12790
33307 12827
33342 12854
33399 12898
33421 12915
33474 12956
33505 12980
33545 13011
33594 13049
33652 13094
33661 13101
33720 13147
33770 13186
33811 13218
33843 13243
33898 13286
33921 13304
33958 13333
34009 13373
34023 13384
34070 13421
34103 13447
34155 13488
34174 13503
34217 13537
34241 13556
34294 13598
34323 13621
34357 13648
34396 13679
34440 13714
34489 13753
34543 13796
34602 13843
34607 13847
34663 13892
34714 13933
34760 13970
34801 14003
34837 14032
34868 14057
34925 14103
34951 14124
34998 14162
35019 14179
35077 14226
35114 14256
35167 14299
35183 14312
35242 14360
35285 14395
35312 14417
35350 14448
35399 14488
35410 14497
35460 14538
35499 14570
35527 14593
35572 14630
35589 14644
35646 14691
35686 14724
35709 14743
35761 14786
35790 14810
35825 14839
35866 14873
35913 14912
35966 14956
36025 15005
36031 15010
36086 15056
36135 15097
36178 15133
36215 15164
36246 15190
36302 15237
36327 15258
36371 15295
36390 15311
36441 15354
36473 15381
36518 15419
36576 15468
36589 15479
36648 15529
36694 15568
36727 15596
36780 15641
36800 15658
36847 15698
36874 15721
36908 15750
36949 15785
36997 15826
37052 15873
37059 15879
37116 15928
37166 15971
37209 16008
37245 16039
37274 16064
37325 16108
37347 16127
37406 16178
37443 16210
37495 16255
37510 16268
37563 16314
37601 16347
37624 16367
37678 16414
37709 16441
37748 16475
37795 16516
37850 16564
37858 16571
37915 16621
37964 16664
38005 16700
38038 16729
38096 16780
38121 16802
38163 16839
38222 16891
38239 16906
38282 16944
38308 16967
38343 16998
38387 17037
38440 17084
38449 17092
38504 17141
38550 17182
38587 17215
38615 17240
38662 17282
38681 17299
38729 17342
38758 17368
38797 17403
38846 17447
38905 17500
38915 17509
38966 17555
39007 17592
39038 17620
39090 17667
39111 17686
39164 17734
39196 17763
39239 17802
39293 17851
39304 17861
39360 17912
39405 17953
39439 17984
39496 18036
39519 18057
39577 18110
39612 18142
39659 18185
39718 18239
39730 18250
39779 18295
39816 18329
39841 18352
39879 18387
39930 18434
39943 18446
39996 18495
40036 18532
40063 18557
40104 18595
40159 18646
40173 18659
40230 18712
40273 18752
40302 18779
40346 18820
40405 18875
40420 18889
40466 18932
40497 18961
40544 19005
40560 19020
40609 19066
40642 19097
40692 19144
40709 19160
40761 19209
40796 19242
40849 19292
40867 19309
40922 19361
40959 19396
41015 19449
41034 19467
41092 19522
41131 19559
41190 19615
41210 19634
41251 19673
41272 19693
41315 19734
41337 19755
41382 19798
41405 19820
41452 19865
41476 19888
41525 19935
41550 19959
41601 20008
41627 20033
41680 20084
41707 20110
41762 20163
41790 20190
41847 20245
41876 20273
41935 20330
41965 20359
41996 20389
42028 20420
42061 20452
42095 20485
42130 20519
42166 20554
42203 20590
42241 20627
42280 20665
42320 20704
42361 20744
42403 20785
42446 20827
42490 20870
42535 20914
42581 20959
42628 21005
42676 21052
42725 21100
42775 21149
42826 21199
42878 21250
42931 21302
42985 21355
43040 21409
43096 21464
43153 21520
43211 21577
43270 21635
43271 21636
43329 21695
43386 21753
43442 21810
43497 21866
43551 21921
43604 21975
43656 22028
43707 22080
43757 22131
43806 22181
43854 22230
43901 22278
43947 22325
43992 22371
44036 22416
44079 22460
44121 22503
44162 22545
44202 22586
44241 22626
44279 22665
44316 22703
44352 22740
44387 22776
44421 22811
44454 22845
44486 22878
44517 22910
44547 22941
44576 22971
44633 23030
44661 23059
44716 23116
44743 23144
44796 23199
44822 23226
44873 23279
44898 23305
44947 23356
44971 23381
45018 23430
45041 23454
45086 23501
45108 23524
45151 23569
45172 23591
45213 23634
45233 23655
45272 23696
45291 23716
45347 23775
45384 23814
45439 23872
45457 23891
45510 23947
45545 23984
45597 24039
45614 24057
45664 24110
45697 24145
45746 24197
45762 24214
45809 24264
45840 24297
45886 24346
45901 24362
45945 24409
45974 24440
46017 24486
46031 24501
46086 24560
46127 24604
46154 24633
46194 24676
46247 24733
46260 24747
46311 24802
46349 24843
46374 24870
46411 24910
46460 24963
46472 24976
46519 25027
46554 25065
46577 25090
46611 25127
46656 25176
46667 25188
46721 25247
46764 25294
46796 25329
46849 25387
46870 25410
46922 25467
46953 25501
46994 25546
47045 25602
47055 25613
47104 25667
47143 25710
47172 25742
47220 25795
47239 25816
47286 25868
47314 25899
47351 25940
47397 25991
47406 26001
47459 26060
47503 26109
47538 26148
47564 26177
47607 26225
47624 26244
47666 26291
47691 26319
47724 26356
47765 26402
47814 26457
47822 26466
47869 26519
47908 26563
47939 26598
47962 26624
48000 26667
48015 26684
48067 26743
48104 26785
48126 26810
48177 26868
48206 26901
48242 26942
48285 26991
48335 27048
48342 27056
48390 27111
48431 27158
48465 27197
48492 27228
48539 27282
48559 27305
48592 27343
48638 27396
48651 27411
48696 27463
48728 27500
48779 27559
48798 27581
48842 27632
48867 27661
48898 27697
48935 27740
48978 27790
49027 27847
49033 27854
49080 27909
49121 27957
49156 27998
49185 28032
49208 28059
49248 28106
49265 28126
49310 28179
49338 28212
49377 28258
49427 28317
49438 28330
49487 28388
49525 28433
49552 28465
49595 28516
49611 28535
49648 28579
49669 28604
49716 28660
49742 28691
49773 28728
49809 28771
49850 28820
49896 28875
49901 28881
49950 28940
49994 28993
50033 29040
50067 29081
50096 29116
50120 29145
50163 29197
50182 29220
50215 29260
50262 29317
50276 29334
50313 29379
50336 29407
50368 29446
50409 29496
50418 29507
50458 29556
50489 29594
50511 29621
50546 29664
50594 29723
50607 29739
50650 29792
50680 29829
50727 29887
50744 29908
50782 29955
50803 29981
50849 30038
50874 30069
50903 30105
50936 30146
50973 30192
51014 30243
51059 30299
51063 30304
51110 30363
51153 30417
51192 30466
51227 30510
51258 30549
51285 30583
51308 30612
51350 30665
51369 30689
51403 30732
51418 30751
51459 30803
51485 30836
51522 30883
51533 30897
51573 30948
51602 30985
51620 31008
51663 31063
51688 31095
51720 31136
51759 31186
51805 31245
51812 31254
51857 31312
51895 31361
51926 31401
51950 31432
51991 31485
52008 31507
52052 31564
52079 31599
52116 31647
52126 31660
52169 31716
52202 31759
52225 31789
52261 31836
52274 31853
52316 31908
52345 31946
52390 32005
52406 32026
52441 32072
52460 32097
52501 32151
52523 32180
52548 32213
52576 32250
52607 32291
52641 32336
52678 32385
