5000
76490 33355
76497 33408
76502 33446
76509 33500
76513 33531
76518 33570
76524 33617
76531 33672
76544 33778
76549 33819
76553 33852
76560 33910
76565 33952
76572 34011
76577 34054
76581 34089
76586 34133
76592 34186
76598 34241
76603 34287
76607 34324
76612 34371
76617 34419
76621 34458
76626 34507
76632 34566
76637 34617
76641 34658
76644 34689
76649 34741
76654 34794
76657 34826
76661 34869
76666 34923
76671 34979
76675 35024
76678 35058
76683 35115
76688 35173
76691 35208
76695 35255
76700 35314
76704 35363
76707 35400
76710 35438
76714 35489
76718 35542
76721 35582
76724 35623
76728 35678
76735 35778
76738 35822
76742 35881
76745 35927
76747 35958
76750 36005
76753 36054
76755 36087
76758 36137
76761 36189
76763 36224
76766 36277
76769 36332
76771 36369
76774 36425
76777 36483
76779 36522
76784 36622
76786 36665
76788 36710
76790 36757
76792 36806
76794 36857
76796 36910
76798 36965
76800 37022
76802 37081
76803 37111
76804 37142
76805 37174
76806 37207
76807 37241
76808 37276
76809 37312
76810 37349
76811 37387
76812 37426
76813 37466
76814 37507
76815 37549
76816 37592
76817 37636
76818 37681
76819 37727
76820 37774
76821 37822
76822 37871
76823 37921
76824 37972
76825 38024
76826 38077
76827 38131
76828 38186
76829 38242
76830 38299
76831 38357
76832 38416
76831 38475
76830 38533
76829 38590
76828 38646
76827 38701
76826 38755
76825 38808
76824 38860
76823 38911
76822 38961
76821 39010
76820 39058
76819 39105
76818 39151
76817 39196
76816 39240
76815 39283
76814 39325
76813 39366
76812 39406
76811 39445
76810 39483
76809 39520
76808 39556
76807 39591
76805 39658
76804 39690
76802 39751
76800 39810
76798 39867
76796 39922
76794 39975
76792 40026
76790 40075
76788 40122
76786 40167
76784 40210
76782 40251
76779 40310
76777 40349
76774 40407
76771 40463
76769 40500
76766 40555
76763 40608
76761 40643
76758 40695
76755 40745
76753 40778
76750 40827
76747 40874
76745 40905
76742 40951
76738 41010
76735 41054
76732 41097
76728 41154
76724 41209
76721 41250
76718 41290
76714 41343
76710 41394
76707 41432
76704 41469
76700 41518
76695 41577
76691 41624
76688 41659
76683 41717
76678 41774
76675 41808
76671 41853
76666 41909
76661 41963
76657 42006
76649 42091
76644 42143
76641 42174
76637 42215
76632 42266
76626 42325
76621 42374
76612 42461
76607 42508
76603 42545
76598 42591
76592 42646
76586 42699
76581 42743
76577 42778
76572 42821
76565 42880
76560 42922
76553 42980
76549 43013
76544 43054
76538 43103
76531 43160
76524 43215
76518 43262
76513 43301
76509 43332
76502 43386
76497 43424
76490 43477
76483 43529
76478 43566
76470 43625
76463 43676
76458 43712
76452 43755
76445 43805
76437 43862
76429 43917
76422 43965
76416 44006
76411 44040
76404 44087
76396 44140
76391 44173
76384 44219
76375 44278
76366 44336
76359 44381
76354 44413
76346 44464
76339 44508
76330 44564
76325 44595
76319 44632
76312 44675
76304 44724
76295 44779
76285 44838
76276 44891
76268 44938
76261 44979
76255 45014
76246 45066
76239 45106
76221 45208
76214 45247
76205 45297
76196 45346
76189 45384
76181 45427
76171 45480
76164 45517
76153 45575
76144 45622
76133 45679
76127 45710
76120 45746
76112 45787
76103 45833
76093 45884
76082 45940
76061 46043
76052 46087
76044 46126
76037 46160
76026 46213
76017 46256
76006 46308
75999 46341
75989 46388
75978 46439
75970 46476
75958 46531
75951 46563
75931 46654
75918 46712
75907 46761
75898 46801
75891 46832
75879 46885
75866 46942
75858 46977
75847 47025
75834 47081
75824 47124
75817 47154
75806 47201
75793 47256
75784 47294
75773 47340
75760 47394
75752 47427
75743 47464
75733 47505
75722 47550
75710 47599
75697 47652
75683 47709
75669 47764
75656 47815
75644 47862
75633 47905
75623 47944
75614 47979
75606 48010
75591 48068
75578 48118
75567 48160
75553 48213
75544 48247
75531 48296
75516 48352
75505 48393
75495 48430
75482 48478
75468 48529
75457 48569
75449 48598
75436 48645
75424 48688
75408 48745
75399 48777
75388 48816
75375 48862
75360 48915
75345 48967
75332 49012
75321 49050
75312 49081
75296 49136
75284 49177
75271 49221
75260 49258
75246 49305
75229 49362
75213 49415
75200 49458
75190 49491
75173 49547
75162 49583
75147 49632
75130 49687
75117 49729
75108 49758
75094 49803
75078 49854
75067 49889
75050 49943
75037 49984
75022 50031
75005 50084
74995 50115
74984 50149
74972 50186
74959 50226
74945 50269
74930 50315
74914 50364
74897 50416
74879 50471
74860 50527
74842 50580
74825 50630
74809 50677
74794 50721
74780 50762
74767 50800
74755 50835
74744 50867
74734 50896
74715 50951
74698 51000
74683 51043
74670 51080
74651 51134
74634 51182
74623 51213
74607 51258
74588 51311
74574 51350
74561 51386
74544 51433
74525 51485
74510 51526
74499 51556
74481 51605
74464 51651
74451 51686
74435 51729
74416 51780
74396 51833
74379 51878
74365 51915
74354 51944
74335 51994
74314 52049
74301 52083
74283 52130
74266 52174
74254 52205
74235 52254
74219 52295
74199 52346
74188 52374
74175 52407
74160 52445
74143 52488
74124 52536
74103 52589
74082 52641
74063 52688
74046 52730
74031 52767
74018 52799
73998 52848
73982 52887
73963 52933
73951 52962
73934 53003
73912 53056
73889 53111
73871 53154
73858 53185
73837 53235
73818 53280
73804 53313
73787 53353
73767 53400
73744 53454
73722 53505
73703 53549
73687 53586
73674 53616
73651 53669
73616 53749
73601 53783
73582 53826
73559 53878
73538 53925
73521 53963
73508 53992
73486 54041
73463 54092
73449 54123
73430 54165
73406 54218
73385 54264
73369 54299
73352 54336
73329 54386
73304 54440
73285 54481
73252 54552
73230 54599
73215 54631
73192 54680
73167 54733
73150 54769
73131 54809
73110 54853
73087 54901
73062 54953
73048 54982
73033 55013
73017 55046
73000 55081
72982 55118
72943 55198
72922 55241
72900 55286
72877 55333
72853 55382
72828 55433
72802 55486
72775 55539
72749 55590
72724 55639
72700 55686
72677 55731
72655 55774
72634 55815
72614 55854
72595 55891
72577 55926
72560 55959
72544 55990
72529 56019
72515 56046
72488 56098
72463 56146
72440 56190
72419 56230
72400 56266
72346 56368
72329 56400
72304 56447
72281 56490
72266 56518
72244 56559
72217 56609
72197 56646
72178 56681
72153 56727
72130 56769
72113 56800
72085 56851
72058 56900
72042 56929
72021 56967
71995 57014
71966 57066
71942 57109
71923 57143
71878 57223
71861 57253
71840 57290
71815 57334
71786 57385
71736 57472
71717 57505
71702 57531
71676 57576
71647 57626
71629 57657
71604 57700
71580 57741
71563 57770
71536 57816
71513 57855
71484 57904
71468 57931
71449 57963
71427 58000
71402 58042
71374 58089
71345 58137
71319 58180
71296 58218
71276 58251
71259 58279
71228 58330
71203 58371
71173 58420
71154 58451
71127 58495
71098 58542
71077 58576
71046 58626
71028 58655
70977 58737
70950 58780
70928 58815
70911 58842
70882 58888
70851 58937
70832 58967
70806 59008
70776 59055
70753 59091
70728 59130
70699 59175
70679 59206
70648 59254
70624 59291
70596 59334
70547 59409
70528 59438
70507 59470
70484 59505
70459 59543
70432 59584
70403 59628
70372 59675
70339 59725
70306 59774
70246 59863
70219 59903
70194 59940
70171 59974
70150 60005
70131 60033
70114 60058
70082 60105
70054 60146
70030 60181
69999 60226
69979 60255
69950 60297
69916 60346
69891 60382
69868 60415
69838 60458
69805 60505
69779 60542
69760 60569
69729 60613
69700 60654
69678 60685
69651 60723
69619 60768
69586 60814
69558 60853
69535 60885
69486 60953
69452 61000
69431 61029
69402 61069
69367 61117
69340 61154
69321 61180
69291 61221
69266 61255
69235 61297
69215 61324
69192 61355
69166 61390
69137 61429
69105 61472
69070 61519
69036 61564
69005 61605
68977 61642
68952 61675
68930 61704
68911 61729
68876 61775
68847 61813
68811 61860
68788 61890
68755 61933
68728 61968
68704 61999
68673 62039
68641 62080
68616 62112
68587 62149
68550 62196
68524 62229
68490 62272
68471 62296
68448 62325
68421 62359
68390 62398
68355 62442
68318 62488
68285 62529
68256 62565
68231 62596
68210 62622
68180 62659
68145 62702
68123 62729
68092 62767
68060 62806
68037 62834
68000 62879
67967 62919
67943 62948
67914 62983
67880 63024
67844 63067
67813 63104
67787 63135
67766 63160
67729 63204
67702 63236
67664 63281
67636 63314
67613 63341
67584 63375
67512 63459
67481 63495
67456 63524
67424 63561
67391 63599
67371 63622
67344 63653
67310 63692
67274 63733
67245 63766
67223 63791
67186 63833
67148 63876
67125 63902
67094 63937
67055 63981
67022 64018
66997 64046
66971 64075
66936 64114
66899 64155
66871 64186
66842 64218
66803 64261
66772 64295
66751 64318
66719 64353
66685 64390
66662 64415
66627 64453
66590 64493
66565 64520
66527 64561
66487 64604
66460 64633
66431 64664
66400 64697
66367 64732
66332 64769
66295 64808
66256 64849
66215 64892
66194 64914
66172 64937
66149 64961
66125 64986
66100 65012
66074 65039
66047 65067
66019 65096
65990 65126
65960 65157
65929 65189
65897 65222
65864 65256
65830 65291
65795 65327
65759 65364
65722 65402
65645 65481
65605 65522
65564 65564
65522 65605
65481 65645
65441 65684
65402 65722
65364 65759
65327 65795
65291 65830
65256 65864
65222 65897
65189 65929
65157 65960
65126 65990
65096 66019
65067 66047
65039 66074
65012 66100
64986 66125
64961 66149
64937 66172
64914 66194
64849 66256
64808 66295
64769 66332
64732 66367
64697 66400
64664 66431
64633 66460
64604 66487
64561 66527
64520 66565
64493 66590
64453 66627
64415 66662
64390 66685
64353 66719
64318 66751
64295 66772
64218 66842
64186 66871
64155 66899
64114 66936
64075 66971
64046 66997
64018 67022
63981 67055
63937 67094
63902 67125
63876 67148
63833 67186
63791 67223
63766 67245
63733 67274
63692 67310
63653 67344
63622 67371
63599 67391
63561 67424
63524 67456
63495 67481
63459 67512
63416 67549
63375 67584
63341 67613
63314 67636
63281 67664
63236 67702
63204 67729
63160 67766
63135 67787
63104 67813
63067 67844
63024 67880
62983 67914
62948 67943
62919 67967
62879 68000
62834 68037
62806 68060
62767 68092
62729 68123
62702 68145
62659 68180
62622 68210
62596 68231
62565 68256
62529 68285
62488 68318
62442 68355
62398 68390
62359 68421
62325 68448
62296 68471
62272 68490
62229 68524
62196 68550
62149 68587
62112 68616
62080 68641
62039 68673
61999 68704
61968 68728
61933 68755
61890 68788
61860 68811
61813 68847
61729 68911
61704 68930
61675 68952
61642 68977
61605 69005
61564 69036
61519 69070
61472 69105
61429 69137
61390 69166
61355 69192
61324 69215
61297 69235
61255 69266
61221 69291
61180 69321
61154 69340
61117 69367
61069 69402
61029 69431
61000 69452
60953 69486
60910 69517
60853 69558
60814 69586
60768 69619
60723 69651
60685 69678
60654 69700
60613 69729
60569 69760
60542 69779
60505 69805
60458 69838
60415 69868
60382 69891
60346 69916
60297 69950
60255 69979
60226 69999
60181 70030
60146 70054
60105 70082
60058 70114
60033 70131
60005 70150
59974 70171
59940 70194
59903 70219
59863 70246
59820 70275
59774 70306
59725 70339
59675 70372
59628 70403
59584 70432
59543 70459
59505 70484
59470 70507
59438 70528
59409 70547
59383 70564
59334 70596
59291 70624
59254 70648
59206 70679
59175 70699
59130 70728
59091 70753
59055 70776
59008 70806
58967 70832
58937 70851
58888 70882
58815 70928
58780 70950
58737 70977
58692 71005
58655 71028
58626 71046
58576 71077
58542 71098
58495 71127
58451 71154
58420 71173
58371 71203
58330 71228
58279 71259
58251 71276
58218 71296
58180 71319
58137 71345
58089 71374
58042 71402
58000 71427
57963 71449
57931 71468
57904 71484
57855 71513
57816 71536
57770 71563
57741 71580
57700 71604
57657 71629
57626 71647
57576 71676
57531 71702
57505 71717
57472 71736
57432 71759
57334 71815
57253 71861
57223 71878
57184 71900
57143 71923
57109 71942
57066 71966
57014 71995
56967 72021
56929 72042
56900 72058
56851 72085
56800 72113
56769 72130
56727 72153
56681 72178
56646 72197
56609 72217
56559 72244
56518 72266
56490 72281
56447 72304
56400 72329
56368 72346
56319 72372
56266 72400
56230 72419
56190 72440
56146 72463
56098 72488
56046 72515
56019 72529
55990 72544
55959 72560
55926 72577
55891 72595
55854 72614
55815 72634
55774 72655
55731 72677
55686 72700
55590 72749
55539 72775
55486 72802
55433 72828
55382 72853
55333 72877
55286 72900
55241 72922
55198 72943
55157 72963
55118 72982
55081 73000
55046 73017
55013 73033
54982 73048
54953 73062
54901 73087
54853 73110
54809 73131
54733 73167
54680 73192
54631 73215
54599 73230
54552 73252
54509 73272
54481 73285
54440 73304
54386 73329
54336 73352
54264 73385
54218 73406
54165 73430
54123 73449
54092 73463
54041 73486
53992 73508
53963 73521
53925 73538
53878 73559
53826 73582
53783 73601
53749 73616
53708 73634
53669 73651
53616 73674
53586 73687
53549 73703
53505 73722
53454 73744
53400 73767
53353 73787
53313 73804
53280 73818
53235 73837
53185 73858
53154 73871
53111 73889
53056 73912
53003 73934
52962 73951
52933 73963
52887 73982
52848 73998
52799 74018
52767 74031
52730 74046
52688 74063
52641 74082
52589 74103
52536 74124
52488 74143
52445 74160
52407 74175
52374 74188
52346 74199
52295 74219
52254 74235
52205 74254
52174 74266
52130 74283
52083 74301
52049 74314
51994 74335
51944 74354
51915 74365
51878 74379
51833 74396
51780 74416
51729 74435
51686 74451
51651 74464
51605 74481
51556 74499
51526 74510
51485 74525
51433 74544
51386 74561
51350 74574
51311 74588
51258 74607
51213 74623
51182 74634
51134 74651
51080 74670
51043 74683
51000 74698
50951 74715
50896 74734
50867 74744
50835 74755
50800 74767
50762 74780
50677 74809
50580 74842
50527 74860
50471 74879
50416 74897
50364 74914
50269 74945
50226 74959
50186 74972
50149 74984
50115 74995
50084 75005
50031 75022
49984 75037
49943 75050
49889 75067
49854 75078
49803 75094
49758 75108
49729 75117
49687 75130
49632 75147
49583 75162
49547 75173
49491 75190
49458 75200
49415 75213
49362 75229
49305 75246
49258 75260
49221 75271
49177 75284
49136 75296
49081 75312
49050 75321
49012 75332
48967 75345
48915 75360
48862 75375
48816 75388
48777 75399
48745 75408
48688 75424
48645 75436
48598 75449
48569 75457
48529 75468
48478 75482
48430 75495
48393 75505
48352 75516
48296 75531
48247 75544
48213 75553
48160 75567
48118 75578
48068 75591
48010 75606
47979 75614
47944 75623
47905 75633
47862 75644
47815 75656
47764 75669
47709 75683
47652 75697
47599 75710
47550 75722
47505 75733
47464 75743
47427 75752
47394 75760
47340 75773
47294 75784
47256 75793
47201 75806
47154 75817
47124 75824
47081 75834
47025 75847
46977 75858
46942 75866
46885 75879
46832 75891
46801 75898
46761 75907
46712 75918
46654 75931
46604 75942
46563 75951
46531 75958
46476 75970
46439 75978
46388 75989
46341 75999
46308 76006
46256 76017
46213 76026
46160 76037
46126 76044
46087 76052
46043 76061
45994 76071
45940 76082
45884 76093
45833 76103
45787 76112
45746 76120
45710 76127
45679 76133
45622 76144
45517 76164
45480 76171
45427 76181
45384 76189
45346 76196
45297 76205
45247 76214
45208 76221
45163 76229
45106 76239
45066 76246
45014 76255
44979 76261
44938 76268
44891 76276
44838 76285
44779 76295
44724 76304
44675 76312
44632 76319
44595 76325
44564 76330
44508 76339
44464 76346
44413 76354
44381 76359
44336 76366
44278 76375
44219 76384
44173 76391
44140 76396
44087 76404
44040 76411
44006 76416
43965 76422
43917 76429
43862 76437
43805 76445
43755 76452
43712 76458
43676 76463
43625 76470
43566 76478
43529 76483
43477 76490
43424 76497
43386 76502
43332 76509
43301 76513
43215 76524
43103 76538
43054 76544
43013 76549
42980 76553
42922 76560
42880 76565
42821 76572
42778 76577
42743 76581
42699 76586
42646 76592
42591 76598
42545 76603
42508 76607
42461 76612
42413 76617
42374 76621
42325 76626
42266 76632
42215 76637
42174 76641
42143 76644
42091 76649
42038 76654
42006 76657
41963 76661
41909 76666
41853 76671
41808 76675
41774 76678
41717 76683
41659 76688
41624 76691
41577 76695
41518 76700
41469 76704
41432 76707
41394 76710
41343 76714
41290 76718
41250 76721
41209 76724
41154 76728
41097 76732
41054 76735
41010 76738
40951 76742
40905 76745
40874 76747
40827 76750
40778 76753
40745 76755
40695 76758
40643 76761
40608 76763
40555 76766
40500 76769
40463 76771
40407 76774
40349 76777
40310 76779
40251 76782
40210 76784
40167 76786
40122 76788
40075 76790
40026 76792
39975 76794
39922 76796
39867 76798
39810 76800
39751 76802
39721 76803
39690 76804
39658 76805
39625 76806
39591 76807
39556 76808
39520 76809
39483 76810
39445 76811
39406 76812
39366 76813
39325 76814
39283 76815
39240 76816
39196 76817
39151 76818
39105 76819
39058 76820
39010 76821
38961 76822
38911 76823
38860 76824
38808 76825
38755 76826
38701 76827
38646 76828
38533 76830
38475 76831
38416 76832
38357 76831
38299 76830
38242 76829
38186 76828
38131 76827
38077 76826
38024 76825
37972 76824
37921 76823
37871 76822
37822 76821
37774 76820
37727 76819
37681 76818
37636 76817
37592 76816
37549 76815
37507 76814
37466 76813
37426 76812
37387 76811
37349 76810
37312 76809
37276 76808
37241 76807
37207 76806
37174 76805
37111 76803
37081 76802
37022 76800
36965 76798
36910 76796
36857 76794
36806 76792
36757 76790
36710 76788
36665 76786
36622 76784
36581 76782
36522 76779
36483 76777
36425 76774
36369 76771
36332 76769
36277 76766
36224 76763
36189 76761
36137 76758
36087 76755
36054 76753
36005 76750
35958 76747
35927 76745
35881 76742
35822 76738
35778 76735
35735 76732
35678 76728
35623 76724
35582 76721
35542 76718
35489 76714
35438 76710
35400 76707
35363 76704
35314 76700
35255 76695
35208 76691
35173 76688
35115 76683
35058 76678
35024 76675
34979 76671
34923 76666
34869 76661
34826 76657
34794 76654
34689 76644
34658 76641
34617 76637
34566 76632
34507 76626
34458 76621
34419 76617
34371 76612
34324 76607
34287 76603
34241 76598
34186 76592
34133 76586
34089 76581
34054 76577
34011 76572
33952 76565
33910 76560
33852 76553
33819 76549
33778 76544
33729 76538
33672 76531
33617 76524
33570 76518
33531 76513
33500 76509
33446 76502
33408 76497
33355 76490
33303 76483
33266 76478
33207 76470
33156 76463
33120 76458
33077 76452
33027 76445
32970 76437
32915 76429
32867 76422
32826 76416
32792 76411
32745 76404
32692 76396
32659 76391
32613 76384
32554 76375
32496 76366
32451 76359
32419 76354
32368 76346
32324 76339
32268 76330
32237 76325
32200 76319
32157 76312
32108 76304
32053 76295
31994 76285
31941 76276
31894 76268
31853 76261
31818 76255
31766 76246
31726 76239
31669 76229
31624 76221
31585 76214
31535 76205
31486 76196
31448 76189
31405 76181
31352 76171
31315 76164
31257 76153
31210 76144
31153 76133
31122 76127
31086 76120
31045 76112
30999 76103
30948 76093
30892 76082
30838 76071
30789 76061
30745 76052
30706 76044
30672 76037
30619 76026
30576 76017
30524 76006
30491 75999
30444 75989
30393 75978
30356 75970
30301 75958
30269 75951
30228 75942
30178 75931
30120 75918
30071 75907
30031 75898
30000 75891
29947 75879
29890 75866
29855 75858
29807 75847
29751 75834
29708 75824
29678 75817
29631 75806
29576 75793
29538 75784
29492 75773
29438 75760
29405 75752
29368 75743
29327 75733
29282 75722
29233 75710
29180 75697
29123 75683
29068 75669
29017 75656
28970 75644
28927 75633
28888 75623
28853 75614
28822 75606
28714 75578
28672 75567
28619 75553
28585 75544
28536 75531
28480 75516
28439 75505
28402 75495
28354 75482
28303 75468
28263 75457
28234 75449
28144 75424
28087 75408
28055 75399
28016 75388
27970 75375
27865 75345
27820 75332
27782 75321
27751 75312
27696 75296
27655 75284
27611 75271
27574 75260
27527 75246
27470 75229
27417 75213
27374 75200
27341 75190
27249 75162
27200 75147
27145 75130
27103 75117
27074 75108
27029 75094
26978 75078
26943 75067
26848 75037
26801 75022
26748 75005
26717 74995
26683 74984
26646 74972
26606 74959
26563 74945
26517 74930
26468 74914
26416 74897
26361 74879
26305 74860
26252 74842
26202 74825
26155 74809
26111 74794
26070 74780
26032 74767
25997 74755
25965 74744
25936 74734
25881 74715
25832 74698
25789 74683
25752 74670
25698 74651
25650 74634
25619 74623
25574 74607
25521 74588
25482 74574
25446 74561
25399 74544
25347 74525
25306 74510
25276 74499
25227 74481
25181 74464
25146 74451
25103 74435
25052 74416
24954 74379
24917 74365
24888 74354
24838 74335
24783 74314
24749 74301
24702 74283
24658 74266
24627 74254
24578 74235
24537 74219
24486 74199
24458 74188
24425 74175
24387 74160
24344 74143
24296 74124
24243 74103
24191 74082
24144 74063
24102 74046
24065 74031
24033 74018
23984 73998
23945 73982
23899 73963
23870 73951
23829 73934
23776 73912
23721 73889
23678 73871
23647 73858
23597 73837
23552 73818
23519 73804
23479 73787
23432 73767
23378 73744
23327 73722
23283 73703
23246 73687
23216 73674
23163 73651
23124 73634
23083 73616
23049 73601
23006 73582
22954 73559
22907 73538
22869 73521
22840 73508
22791 73486
22740 73463
22667 73430
22614 73406
22568 73385
22533 73369
22496 73352
22446 73329
22392 73304
22351 73285
22323 73272
22280 73252
22233 73230
22152 73192
22099 73167
22063 73150
22023 73131
21979 73110
21931 73087
21879 73062
21850 73048
21786 73017
21751 73000
21714 72982
21675 72963
21634 72943
21591 72922
21546 72900
21499 72877
21450 72853
21399 72828
21346 72802
21293 72775
21242 72749
21193 72724
21146 72700
21101 72677
21058 72655
21017 72634
20978 72614
20941 72595
20906 72577
20873 72560
20842 72544
20813 72529
20786 72515
20734 72488
20686 72463
20642 72440
20602 72419
20566 72400
20513 72372
20464 72346
20432 72329
20385 72304
20342 72281
20314 72266
20273 72244
20223 72217
20186 72197
20151 72178
20105 72153
20063 72130
20032 72113
19932 72058
19903 72042
19865 72021
19818 71995
19766 71966
19723 71942
19648 71900
19609 71878
19579 71861
19542 71840
19498 71815
19447 71786
19400 71759
19360 71736
19327 71717
19301 71702
19256 71676
19206 71647
19175 71629
19132 71604
19091 71580
19062 71563
19016 71536
18977 71513
18928 71484
18901 71468
18869 71449
18832 71427
18790 71402
18743 71374
18695 71345
18652 71319
18614 71296
18581 71276
18553 71259
18502 71228
18461 71203
18412 71173
18381 71154
18337 71127
18290 71098
18256 71077
18206 71046
18177 71028
18140 71005
18095 70977
18052 70950
17990 70911
17944 70882
17895 70851
17865 70832
17824 70806
17741 70753
17702 70728
17657 70699
17626 70679
17578 70648
17541 70624
17498 70596
17449 70564
17423 70547
17394 70528
17362 70507
17327 70484
17289 70459
17248 70432
17204 70403
17157 70372
17107 70339
17058 70306
17012 70275
16969 70246
16929 70219
16892 70194
16858 70171
16827 70150
16799 70131
16774 70114
16727 70082
16686 70054
16651 70030
16606 69999
16577 69979
16535 69950
16486 69916
16450 69891
16417 69868
16374 69838
16327 69805
16290 69779
16263 69760
16219 69729
16178 69700
16147 69678
16109 69651
16064 69619
16018 69586
15979 69558
15947 69535
15922 69517
15879 69486
15803 69431
15763 69402
15715 69367
15678 69340
15652 69321
15611 69291
15577 69266
15535 69235
15508 69215
15477 69192
15442 69166
15403 69137
15360 69105
15313 69070
15268 69036
15227 69005
15190 68977
15157 68952
15128 68930
15103 68911
15057 68876
15019 68847
14972 68811
14942 68788
14899 68755
14864 68728
14833 68704
14793 68673
14752 68641
14720 68616
14683 68587
14636 68550
14603 68524
14536 68471
14507 68448
14473 68421
14434 68390
14390 68355
14344 68318
14303 68285
14267 68256
14236 68231
14210 68210
14173 68180
14130 68145
14103 68123
14065 68092
14026 68060
13998 68037
13953 68000
13913 67967
13884 67943
13849 67914
13808 67880
13728 67813
13672 67766
13628 67729
13596 67702
13551 67664
13518 67636
13491 67613
13457 67584
13416 67549
13373 67512
13337 67481
13308 67456
13271 67424
13210 67371
13179 67344
13140 67310
13099 67274
13066 67245
13041 67223
12999 67186
12956 67148
12930 67125
12895 67094
12851 67055
12814 67022
12786 66997
12757 66971
12718 66936
12677 66899
12646 66871
12614 66842
12571 66803
12514 66751
12479 66719
12442 66685
12417 66662
12379 66627
12339 66590
12312 66565
12271 66527
12228 66487
12199 66460
12168 66431
12135 66400
12100 66367
12063 66332
12024 66295
11983 66256
11940 66215
11918 66194
11871 66149
11846 66125
11820 66100
11793 66074
11765 66047
11736 66019
11706 65990
11675 65960
11643 65929
11610 65897
11576 65864
11541 65830
11505 65795
11468 65759
11430 65722
11391 65684
11351 65645
11310 65605
11268 65564
11227 65522
11187 65481
11148 65441
11110 65402
11073 65364
11037 65327
11002 65291
10968 65256
10935 65222
10903 65189
10872 65157
10842 65126
10813 65096
10785 65067
10758 65039
10732 65012
10707 64986
10683 64961
10660 64937
10638 64914
10617 64892
10576 64849
10537 64808
10500 64769
10465 64732
10432 64697
10401 64664
10372 64633
10345 64604
10305 64561
10267 64520
10242 64493
10205 64453
10170 64415
10147 64390
10113 64353
10081 64318
10029 64261
9990 64218
9961 64186
9933 64155
9896 64114
9861 64075
9835 64046
9810 64018
9777 63981
9738 63937
9707 63902
9684 63876
9646 63833
9609 63791
9587 63766
9558 63733
9522 63692
9488 63653
9461 63622
9441 63599
9408 63561
9376 63524
9351 63495
9320 63459
9283 63416
9248 63375
9219 63341
9196 63314
9168 63281
9130 63236
9103 63204
9066 63160
9019 63104
8988 63067
8952 63024
8918 62983
8889 62948
8865 62919
8832 62879
8795 62834
8772 62806
8740 62767
8709 62729
8687 62702
8652 62659
8622 62622
8601 62596
8576 62565
8547 62529
8514 62488
8477 62442
8411 62359
8384 62325
8361 62296
8342 62272
8308 62229
8282 62196
8245 62149
8216 62112
8191 62080
8159 62039
8128 61999
8104 61968
8077 61933
8044 61890
8021 61860
7985 61813
7921 61729
7902 61704
7880 61675
7855 61642
7827 61605
7796 61564
7762 61519
7727 61472
7695 61429
7666 61390
7640 61355
7617 61324
7597 61297
7566 61255
7541 61221
7511 61180
7492 61154
7465 61117
7430 61069
7401 61029
7380 61000
7346 60953
7315 60910
7297 60885
7274 60853
7246 60814
7213 60768
7181 60723
7154 60685
7132 60654
7103 60613
7072 60569
7053 60542
7027 60505
6994 60458
6964 60415
6941 60382
6916 60346
6882 60297
6853 60255
6833 60226
6802 60181
6778 60146
6750 60105
6718 60058
6701 60033
6682 60005
6661 59974
6638 59940
6613 59903
6557 59820
6526 59774
6493 59725
6429 59628
6400 59584
6373 59543
6348 59505
6325 59470
6304 59438
6285 59409
6268 59383
6236 59334
6208 59291
6184 59254
6133 59175
6104 59130
6079 59091
6026 59008
6000 58967
5981 58937
5950 58888
5921 58842
5904 58815
5882 58780
5855 58737
5827 58692
5804 58655
5786 58626
5755 58576
5734 58542
5705 58495
5678 58451
5659 58420
5629 58371
5604 58330
5573 58279
5556 58251
5536 58218
5513 58180
5487 58137
5458 58089
5430 58042
5405 58000
5383 57963
5364 57931
5348 57904
5296 57816
5269 57770
5252 57741
5228 57700
5203 57657
5185 57626
5156 57576
5130 57531
5115 57505
5096 57472
5073 57432
5046 57385
5017 57334
4992 57290
4971 57253
4954 57223
4932 57184
4909 57143
4890 57109
4866 57066
4837 57014
4811 56967
4790 56929
4774 56900
4747 56851
4719 56800
4702 56769
4679 56727
4654 56681
4635 56646
4615 56609
4588 56559
4566 56518
4551 56490
4528 56447
4503 56400
4486 56368
4460 56319
4432 56266
4413 56230
4392 56190
4369 56146
4344 56098
4317 56046
4303 56019
4288 55990
4255 55926
4237 55891
4198 55815
4177 55774
4155 55731
4132 55686
4108 55639
4083 55590
4057 55539
4030 55486
4004 55433
3979 55382
3955 55333
3932 55286
3910 55241
3889 55198
3869 55157
3850 55118
3832 55081
3815 55046
3799 55013
3784 54982
3770 54953
3745 54901
3722 54853
3701 54809
3682 54769
3665 54733
3640 54680
3617 54631
3602 54599
3580 54552
3560 54509
3547 54481
3528 54440
3503 54386
3480 54336
3463 54299
3447 54264
3426 54218
3402 54165
3383 54123
3369 54092
3346 54041
3324 53992
3311 53963
3294 53925
3273 53878
3250 53826
3231 53783
3216 53749
3198 53708
3181 53669
3158 53616
3145 53586
3129 53549
3110 53505
3088 53454
3065 53400
3045 53353
3028 53313
3014 53280
2995 53235
2974 53185
2961 53154
2943 53111
2920 53056
2898 53003
2881 52962
2869 52933
2850 52887
2834 52848
2814 52799
2801 52767
2786 52730
2769 52688
2750 52641
2729 52589
2708 52536
2689 52488
2672 52445
2657 52407
2644 52374
2633 52346
2613 52295
2597 52254
2578 52205
2566 52174
2549 52130
2531 52083
2518 52049
2497 51994
2467 51915
2453 51878
2436 51833
2416 51780
2397 51729
2381 51686
2368 51651
2351 51605
2333 51556
2322 51526
2307 51485
2288 51433
2271 51386
2258 51350
2244 51311
2225 51258
2209 51213
2198 51182
2181 51134
2162 51080
2149 51043
2134 51000
2117 50951
2098 50896
2088 50867
2077 50835
2065 50800
2052 50762
2038 50721
2023 50677
2007 50630
1990 50580
1972 50527
1935 50416
1918 50364
1902 50315
1887 50269
1873 50226
1860 50186
1848 50149
1837 50115
1827 50084
1810 50031
1795 49984
1782 49943
1765 49889
1754 49854
1738 49803
1724 49758
1715 49729
1685 49632
1670 49583
1659 49547
1642 49491
1632 49458
1619 49415
1603 49362
1586 49305
1572 49258
1561 49221
1548 49177
1536 49136
1520 49081
1511 49050
1500 49012
1487 48967
1472 48915
1457 48862
1444 48816
1433 48777
1424 48745
1408 48688
1396 48645
1383 48598
1375 48569
1364 48529
1350 48478
1337 48430
1327 48393
1316 48352
1301 48296
1288 48247
1279 48213
1265 48160
1254 48118
1241 48068
1226 48010
1218 47979
1209 47944
1199 47905
1188 47862
1176 47815
1163 47764
1149 47709
1135 47652
1122 47599
1110 47550
1099 47505
1089 47464
1080 47427
1072 47394
1059 47340
1048 47294
1039 47256
1026 47201
1015 47154
1008 47124
998 47081
985 47025
974 46977
966 46942
953 46885
941 46832
934 46801
925 46761
914 46712
901 46654
890 46604
881 46563
874 46531
862 46476
854 46439
843 46388
833 46341
826 46308
815 46256
806 46213
795 46160
788 46126
780 46087
771 46043
761 45994
750 45940
739 45884
729 45833
720 45787
712 45746
688 45622
679 45575
668 45517
661 45480
651 45427
636 45346
627 45297
618 45247
611 45208
603 45163
593 45106
586 45066
577 45014
571 44979
564 44938
556 44891
547 44838
537 44779
528 44724
520 44675
513 44632
507 44595
502 44564
493 44508
486 44464
478 44413
473 44381
466 44336
457 44278
448 44219
441 44173
436 44140
428 44087
421 44040
416 44006
410 43965
395 43862
387 43805
380 43755
374 43712
369 43676
362 43625
354 43566
349 43529
342 43477
335 43424
330 43386
323 43332
319 43301
314 43262
308 43215
301 43160
294 43103
288 43054
283 43013
279 42980
272 42922
260 42821
255 42778
251 42743
246 42699
240 42646
234 42591
229 42545
225 42508
220 42461
215 42413
211 42374
206 42325
200 42266
195 42215
191 42174
188 42143
183 42091
178 42038
175 42006
171 41963
166 41909
161 41853
157 41808
154 41774
149 41717
144 41659
141 41624
137 41577
128 41469
125 41432
122 41394
118 41343
114 41290
111 41250
108 41209
104 41154
100 41097
97 41054
94 41010
90 40951
87 40905
85 40874
82 40827
79 40778
77 40745
74 40695
71 40643
69 40608
66 40555
63 40500
61 40463
58 40407
55 40349
53 40310
50 40251
48 40210
46 40167
44 40122
42 40075
40 40026
38 39975
36 39922
34 39867
32 39810
30 39751
29 39721
28 39690
27 39658
26 39625
25 39591
24 39556
23 39520
22 39483
21 39445
20 39406
19 39366
18 39325
17 39283
16 39240
15 39196
14 39151
13 39105
12 39058
11 39010
9 38911
8 38860
7 38808
6 38755
5 38701
4 38646
2 38533
1 38475
0 38416
1 38357
2 38299
4 38186
5 38131
6 38077
7 38024
8 37972
9 37921
10 37871
11 37822
12 37774
13 37727
14 37681
15 37636
16 37592
17 37549
18 37507
19 37466
20 37426
21 37387
22 37349
23 37312
24 37276
25 37241
26 37207
27 37174
28 37142
29 37111
30 37081
32 37022
34 36965
36 36910
38 36857
40 36806
42 36757
44 36710
46 36665
48 36622
50 36581
53 36522
55 36483
58 36425
61 36369
63 36332
66 36277
69 36224
71 36189
74 36137
77 36087
79 36054
82 36005
85 35958
87 35927
90 35881
94 35822
97 35778
100 35735
104 35678
108 35623
111 35582
114 35542
118 35489
122 35438
125 35400
128 35363
132 35314
141 35208
144 35173
149 35115
154 35058
157 35024
161 34979
166 34923
171 34869
175 34826
178 34794
183 34741
188 34689
195 34617
200 34566
206 34507
211 34458
215 34419
220 34371
225 34324
229 34287
234 34241
240 34186
246 34133
251 34089
255 34054
260 34011
267 33952
272 33910
279 33852
283 33819
288 33778
294 33729
301 33672
308 33617
314 33570
319 33531
323 33500
330 33446
335 33408
342 33355
349 33303
354 33266
362 33207
369 33156
374 33120
380 33077
387 33027
395 32970
403 32915
410 32867
416 32826
421 32792
428 32745
436 32692
441 32659
448 32613
457 32554
466 32496
473 32451
478 32419
486 32368
493 32324
502 32268
507 32237
513 32200
520 32157
528 32108
537 32053
547 31994
556 31941
564 31894
577 31818
586 31766
593 31726
603 31669
611 31624
618 31585
627 31535
636 31486
643 31448
651 31405
661 31352
668 31315
679 31257
688 31210
699 31153
705 31122
712 31086
720 31045
729 30999
739 30948
750 30892
761 30838
771 30789
780 30745
788 30706
795 30672
806 30619
815 30576
826 30524
833 30491
843 30444
854 30393
862 30356
874 30301
881 30269
890 30228
901 30178
914 30120
925 30071
934 30031
941 30000
953 29947
966 29890
974 29855
985 29807
998 29751
1008 29708
1015 29678
1026 29631
1039 29576
1048 29538
1059 29492
1072 29438
1080 29405
1089 29368
1099 29327
1110 29282
1122 29233
1135 29180
1149 29123
1163 29068
1176 29017
1188 28970
1199 28927
1209 28888
1218 28853
1226 28822
1241 28764
1254 28714
1265 28672
1279 28619
1288 28585
1301 28536
1316 28480
1327 28439
1337 28402
1350 28354
1364 28303
1375 28263
1383 28234
1396 28187
1408 28144
1424 28087
1444 28016
1457 27970
1472 27917
1487 27865
1511 27782
1520 27751
1536 27696
1548 27655
1561 27611
1572 27574
1586 27527
1603 27470
1619 27417
1632 27374
1642 27341
1659 27285
1670 27249
1685 27200
1702 27145
1715 27103
1724 27074
1738 27029
1754 26978
1765 26943
1782 26889
1795 26848
1810 26801
1827 26748
1837 26717
1848 26683
1860 26646
1873 26606
1887 26563
1902 26517
1918 26468
1935 26416
1953 26361
1972 26305
1990 26252
2007 26202
2023 26155
2038 26111
2052 26070
2065 26032
2077 25997
2088 25965
2098 25936
2117 25881
2134 25832
2149 25789
2162 25752
2181 25698
2198 25650
2209 25619
2225 25574
2244 25521
2258 25482
2271 25446
2288 25399
2307 25347
2322 25306
2333 25276
2351 25227
2368 25181
2381 25146
2397 25103
2416 25052
2436 24999
2453 24954
2467 24917
2478 24888
2497 24838
2518 24783
2531 24749
2549 24702
2566 24658
2578 24627
2597 24578
2613 24537
2633 24486
2644 24458
2657 24425
2672 24387
2689 24344
2708 24296
2729 24243
2750 24191
2769 24144
2786 24102
2814 24033
2834 23984
2850 23945
2869 23899
2881 23870
2898 23829
2920 23776
2943 23721
2961 23678
2974 23647
2995 23597
3014 23552
3028 23519
3045 23479
3065 23432
3088 23378
3110 23327
3129 23283
3145 23246
3158 23216
3181 23163
3198 23124
3216 23083
3231 23049
3250 23006
3273 22954
3294 22907
3311 22869
3324 22840
3346 22791
3369 22740
3383 22709
3402 22667
3426 22614
3447 22568
3463 22533
3480 22496
3503 22446
3528 22392
3547 22351
3560 22323
3580 22280
3602 22233
3617 22201
3665 22099
3682 22063
3701 22023
3722 21979
3745 21931
3770 21879
3784 21850
3799 21819
3815 21786
3832 21751
3869 21675
3889 21634
3910 21591
3932 21546
3955 21499
3979 21450
4004 21399
4030 21346
4057 21293
4083 21242
4108 21193
4132 21146
4155 21101
4177 21058
4198 21017
4218 20978
4237 20941
4255 20906
4272 20873
4288 20842
4303 20813
4317 20786
4344 20734
4369 20686
4392 20642
4413 20602
4432 20566
4460 20513
4486 20464
4503 20432
4528 20385
4551 20342
4566 20314
4588 20273
4615 20223
4635 20186
4654 20151
4679 20105
4702 20063
4719 20032
4774 19932
4790 19903
4811 19865
4837 19818
4866 19766
4890 19723
4909 19689
4932 19648
4954 19609
4971 19579
4992 19542
5017 19498
5046 19447
5073 19400
5096 19360
5115 19327
5130 19301
5156 19256
5185 19206
5203 19175
5252 19091
5269 19062
5296 19016
5319 18977
5364 18901
5383 18869
5405 18832
5430 18790
5458 18743
5487 18695
5513 18652
5536 18614
5556 18581
5573 18553
5604 18502
5629 18461
5659 18412
5678 18381
5705 18337
5734 18290
5755 18256
5786 18206
5804 18177
5827 18140
5855 18095
5882 18052
5904 18017
5921 17990
5950 17944
5981 17895
6000 17865
6026 17824
6056 17777
6079 17741
6104 17702
6133 17657
6153 17626
6208 17541
6236 17498
6268 17449
6285 17423
6304 17394
6348 17327
6373 17289
6400 17248
6429 17204
6460 17157
6526 17058
6557 17012
6613 16929
6638 16892
6661 16858
6682 16827
6701 16799
6718 16774
6750 16727
6778 16686
6802 16651
6833 16606
6916 16486
6941 16450
6964 16417
6994 16374
7027 16327
7053 16290
7072 16263
7103 16219
7132 16178
7154 16147
7181 16109
7213 16064
7246 16018
7274 15979
7297 15947
7315 15922
7346 15879
7380 15832
7401 15803
7430 15763
7465 15715
7492 15678
7511 15652
7541 15611
7566 15577
7597 15535
7640 15477
7666 15442
7695 15403
7727 15360
7762 15313
7796 15268
7827 15227
7855 15190
7880 15157
7902 15128
7921 15103
7956 15057
7985 15019
8021 14972
8044 14942
8077 14899
8104 14864
8128 14833
8159 14793
8191 14752
8216 14720
8245 14683
8282 14636
8308 14603
8342 14560
8361 14536
8384 14507
8411 14473
8442 14434
8477 14390
8514 14344
8547 14303
8576 14267
8601 14236
8622 14210
8652 14173
8687 14130
8709 14103
8740 14065
8772 14026
8795 13998
8832 13953
8865 13913
8889 13884
8918 13849
8952 13808
8988 13765
9019 13728
9045 13697
9066 13672
9103 13628
9130 13596
9168 13551
9196 13518
9219 13491
9248 13457
9283 13416
9320 13373
9351 13337
9376 13308
9408 13271
9441 13233
9461 13210
9488 13179
9558 13099
9587 13066
9609 13041
9646 12999
9707 12930
9738 12895
9777 12851
9810 12814
9835 12786
9861 12757
9896 12718
9933 12677
9961 12646
9990 12614
10029 12571
10081 12514
10113 12479
10147 12442
10170 12417
10205 12379
10242 12339
10267 12312
10305 12271
10345 12228
10372 12199
10401 12168
10432 12135
10465 12100
10500 12063
10537 12024
10576 11983
10617 11940
10638 11918
10660 11895
10683 11871
10707 11846
10732 11820
10758 11793
10785 11765
10813 11736
10842 11706
10872 11675
10935 11610
10968 11576
11002 11541
11037 11505
11073 11468
11110 11430
11148 11391
11187 11351
11227 11310
11268 11268
11310 11227
11351 11187
11391 11148
11430 11110
11468 11073
11505 11037
11541 11002
11576 10968
11610 10935
11643 10903
11675 10872
11706 10842
11736 10813
11765 10785
11793 10758
11820 10732
11846 10707
11871 10683
11895 10660
11918 10638
11940 10617
11983 10576
12024 10537
12063 10500
12100 10465
12135 10432
12168 10401
12199 10372
12228 10345
12271 10305
12312 10267
12339 10242
12379 10205
12417 10170
12479 10113
12514 10081
12537 10060
12614 9990
12646 9961
12677 9933
12718 9896
12757 9861
12786 9835
12814 9810
12851 9777
12895 9738
12930 9707
12956 9684
12999 9646
13041 9609
13066 9587
13099 9558
13140 9522
13179 9488
13210 9461
13233 9441
13271 9408
13308 9376
13337 9351
13373 9320
13416 9283
13457 9248
13518 9196
13551 9168
13596 9130
13628 9103
13672 9066
13697 9045
13728 9019
13765 8988
13808 8952
13849 8918
13884 8889
13913 8865
13953 8832
13998 8795
14026 8772
14065 8740
14103 8709
14130 8687
14173 8652
14210 8622
14236 8601
14267 8576
14303 8547
14344 8514
14390 8477
14434 8442
14473 8411
14507 8384
14536 8361
14560 8342
14603 8308
14636 8282
14683 8245
14720 8216
14752 8191
14793 8159
14833 8128
14864 8104
14899 8077
14942 8044
14972 8021
15019 7985
15057 7956
15103 7921
15128 7902
15157 7880
15190 7855
15227 7827
15268 7796
15313 7762
15360 7727
15403 7695
15442 7666
15477 7640
15508 7617
15535 7597
15577 7566
15611 7541
15652 7511
15678 7492
15715 7465
15763 7430
15803 7401
15832 7380
15879 7346
15922 7315
15947 7297
15979 7274
16018 7246
16064 7213
16109 7181
16147 7154
16178 7132
16219 7103
16263 7072
16290 7053
16327 7027
16374 6994
16417 6964
16450 6941
16486 6916
16535 6882
16577 6853
16606 6833
16651 6802
16686 6778
16727 6750
16774 6718
16827 6682
16858 6661
16892 6638
16929 6613
16969 6586
17012 6557
17058 6526
17107 6493
17157 6460
17204 6429
17248 6400
17289 6373
17327 6348
17362 6325
17394 6304
17423 6285
17449 6268
17498 6236
17541 6208
17578 6184
17626 6153
17657 6133
17702 6104
17741 6079
17777 6056
17824 6026
17865 6000
17895 5981
17944 5950
17990 5921
18017 5904
18052 5882
18095 5855
18140 5827
18177 5804
18206 5786
18256 5755
18290 5734
18337 5705
18381 5678
18412 5659
18461 5629
18502 5604
18553 5573
18581 5556
18614 5536
18695 5487
18743 5458
18790 5430
18832 5405
18869 5383
18928 5348
18977 5319
19016 5296
19062 5269
19091 5252
19132 5228
19175 5203
19206 5185
19256 5156
19301 5130
19327 5115
19360 5096
19400 5073
19447 5046
19498 5017
19542 4992
19579 4971
19609 4954
19648 4932
19689 4909
19723 4890
19766 4866
19818 4837
19865 4811
19903 4790
19932 4774
19981 4747
20032 4719
20063 4702
20105 4679
20151 4654
20186 4635
20223 4615
20314 4566
20342 4551
20385 4528
20432 4503
20464 4486
20513 4460
20566 4432
20602 4413
20642 4392
20686 4369
20734 4344
20786 4317
20813 4303
20842 4288
20873 4272
20906 4255
20941 4237
20978 4218
21017 4198
21058 4177
21101 4155
21146 4132
21193 4108
21242 4083
21293 4057
21346 4030
21399 4004
21450 3979
21499 3955
21546 3932
21591 3910
21634 3889
21675 3869
21751 3832
21786 3815
21819 3799
21850 3784
21879 3770
21931 3745
21979 3722
22023 3701
22063 3682
22099 3665
22152 3640
22201 3617
22233 3602
22280 3580
22323 3560
22351 3547
22446 3503
22496 3480
22533 3463
22568 3447
22614 3426
22667 3402
22709 3383
22740 3369
22791 3346
22840 3324
22869 3311
22907 3294
22954 3273
23006 3250
23049 3231
23083 3216
23124 3198
23163 3181
23216 3158
23246 3145
23283 3129
23327 3110
23378 3088
23432 3065
23479 3045
23519 3028
23552 3014
23597 2995
23647 2974
23678 2961
23721 2943
23776 2920
23829 2898
23870 2881
23899 2869
23945 2850
23984 2834
24033 2814
24065 2801
24102 2786
24144 2769
24243 2729
24296 2708
24344 2689
24387 2672
24425 2657
24458 2644
24486 2633
24537 2613
24578 2597
24627 2578
24658 2566
24702 2549
24749 2531
24783 2518
24838 2497
24888 2478
24917 2467
24954 2453
24999 2436
25052 2416
25103 2397
25181 2368
25227 2351
25276 2333
25306 2322
25347 2307
25399 2288
25446 2271
25482 2258
25521 2244
25574 2225
25619 2209
25650 2198
25698 2181
25752 2162
25789 2149
25832 2134
25881 2117
25936 2098
25965 2088
25997 2077
26032 2065
26070 2052
26111 2038
26155 2023
26202 2007
26252 1990
26305 1972
26361 1953
26416 1935
26468 1918
26517 1902
26563 1887
26606 1873
26646 1860
26683 1848
26717 1837
26748 1827
26848 1795
26889 1782
26943 1765
26978 1754
27029 1738
27074 1724
27103 1715
27145 1702
27200 1685
27249 1670
27285 1659
27341 1642
27374 1632
27417 1619
27470 1603
27527 1586
27574 1572
27611 1561
27655 1548
27696 1536
27751 1520
27782 1511
27820 1500
27917 1472
27970 1457
28016 1444
28055 1433
28087 1424
28144 1408
28187 1396
28234 1383
28263 1375
28303 1364
28354 1350
28402 1337
28439 1327
28480 1316
28536 1301
28585 1288
28619 1279
28672 1265
28764 1241
28822 1226
28853 1218
28888 1209
28927 1199
28970 1188
29017 1176
29068 1163
29123 1149
29180 1135
29233 1122
29282 1110
29327 1099
29368 1089
29405 1080
29438 1072
29492 1059
29538 1048
29576 1039
29631 1026
29678 1015
29708 1008
29751 998
29807 985
29855 974
29890 966
29947 953
30000 941
30031 934
30071 925
30120 914
30178 901
30228 890
30269 881
30301 874
30356 862
30393 854
30444 843
30491 833
30524 826
30576 815
30619 806
30672 795
30706 788
30745 780
30789 771
30838 761
30892 750
30948 739
30999 729
31045 720
31086 712
31122 705
31210 688
31257 679
31315 668
31352 661
31405 651
31448 643
31486 636
31535 627
31585 618
31624 611
31669 603
31726 593
31766 586
31818 577
31853 571
31894 564
31941 556
31994 547
32053 537
32108 528
32157 520
32200 513
32237 507
32268 502
32368 486
32419 478
32451 473
32496 466
32554 457
32613 448
32659 441
32692 436
32745 428
32792 421
32826 416
32867 410
32915 403
32970 395
33027 387
33077 380
33120 374
33156 369
33207 362
33266 354
33303 349
33408 335
33446 330
33500 323
33531 319
33570 314
33617 308
33672 301
33729 294
33778 288
33819 283
33852 279
33910 272
33952 267
34011 260
34054 255
34089 251
34133 246
34186 240
34241 234
34287 229
34324 225
34371 220
34419 215
34458 211
34507 206
34566 200
34617 195
34689 188
34741 183
34794 178
34826 175
34869 171
34923 166
34979 161
35024 157
35058 154
35115 149
35173 144
35208 141
35255 137
35314 132
35363 128
35400 125
35438 122
35489 118
35542 114
35582 111
35623 108
35735 100
35778 97
35822 94
35881 90
35927 87
35958 85
36005 82
36054 79
36087 77
36137 74
36189 71
36224 69
36277 66
36332 63
36369 61
36425 58
36483 55
36522 53
36581 50
36622 48
36665 46
36710 44
36757 42
36806 40
36857 38
36910 36
36965 34
37022 32
37081 30
37111 29
37142 28
37174 27
37207 26
37241 25
37276 24
37312 23
37349 22
37387 21
37426 20
37466 19
37507 18
37549 17
37592 16
37636 15
37681 14
37727 13
37774 12
37822 11
37871 10
37921 9
37972 8
38077 6
38131 5
38186 4
38242 3
38299 2
38416 0
38475 1
38533 2
38590 3
38646 4
38701 5
38755 6
38808 7
38860 8
38911 9
38961 10
39010 11
39058 12
39105 13
39151 14
39196 15
39240 16
39283 17
39325 18
39366 19
39406 20
39445 21
39483 22
39520 23
39591 25
39625 26
39658 27
39690 28
39751 30
39810 32
39867 34
39922 36
39975 38
40026 40
40075 42
40122 44
40167 46
40210 48
40251 50
40310 53
40349 55
40407 58
40463 61
40500 63
40555 66
40608 69
40643 71
40695 74
40745 77
40778 79
40827 82
40874 85
40905 87
40951 90
41010 94
41054 97
41097 100
41154 104
41209 108
41250 111
41290 114
41394 122
41432 125
41469 128
41518 132
41577 137
41624 141
41659 144
41717 149
41774 154
41808 157
41853 161
41909 166
41963 171
42006 175
42038 178
42091 183
42143 188
42174 191
42215 195
42266 200
42374 211
42413 215
42461 220
42508 225
42545 229
42591 234
42646 240
42699 246
42743 251
42821 260
42880 267
42922 272
42980 279
43013 283
43054 288
43103 294
43160 301
43215 308
43262 314
43301 319
43332 323
43386 330
43424 335
43477 342
43529 349
43566 354
43625 362
43676 369
43712 374
43755 380
43805 387
43862 395
43917 403
43965 410
44006 416
44087 428
44140 436
44173 441
44219 448
44278 457
44336 466
44413 478
44464 486
44508 493
44564 502
44595 507
44632 513
44675 520
44724 528
44779 537
44891 556
44938 564
44979 571
45014 577
45066 586
45106 593
45163 603
45208 611
45247 618
45297 627
45346 636
45384 643
45427 651
45480 661
45517 668
45575 679
45679 699
45710 705
45746 712
45787 720
45833 729
45884 739
45940 750
45994 761
46043 771
46087 780
46126 788
46160 795
46213 806
46256 815
46308 826
46341 833
46388 843
46439 854
46476 862
46531 874
46563 881
46604 890
46654 901
46712 914
46761 925
46801 934
46832 941
46885 953
46942 966
46977 974
47081 998
47124 1008
47154 1015
47201 1026
47256 1039
47294 1048
47340 1059
47394 1072
47427 1080
47464 1089
47505 1099
47550 1110
47599 1122
47652 1135
47709 1149
47815 1176
47862 1188
47905 1199
47944 1209
47979 1218
48010 1226
48068 1241
48118 1254
48160 1265
48213 1279
48247 1288
48296 1301
48352 1316
48430 1337
48478 1350
48529 1364
48569 1375
48598 1383
48645 1396
48688 1408
48745 1424
48777 1433
48816 1444
48862 1457
48915 1472
48967 1487
49012 1500
49050 1511
49081 1520
49136 1536
49177 1548
49221 1561
49258 1572
49305 1586
49362 1603
49415 1619
49458 1632
49491 1642
49547 1659
49583 1670
49632 1685
49687 1702
49729 1715
49758 1724
49854 1754
49889 1765
49943 1782
49984 1795
50084 1827
50149 1848
50186 1860
50226 1873
50269 1887
50315 1902
50364 1918
50416 1935
50471 1953
50527 1972
50580 1990
50630 2007
50677 2023
50721 2038
50762 2052
50800 2065
50835 2077
50867 2088
50896 2098
50951 2117
51000 2134
51043 2149
51080 2162
51134 2181
51182 2198
51213 2209
51258 2225
51311 2244
51350 2258
51386 2271
51433 2288
51485 2307
51526 2322
51556 2333
51605 2351
51651 2368
51686 2381
51729 2397
51780 2416
51833 2436
51878 2453
51915 2467
51944 2478
51994 2497
52049 2518
52083 2531
52130 2549
52174 2566
52205 2578
52254 2597
52295 2613
52346 2633
52374 2644
52407 2657
52445 2672
52488 2689
52536 2708
52589 2729
52641 2750
52688 2769
52730 2786
52767 2801
52799 2814
52887 2850
52933 2869
52962 2881
53003 2898
53056 2920
53111 2943
53154 2961
53185 2974
53235 2995
53280 3014
53313 3028
53353 3045
53400 3065
53454 3088
53505 3110
53549 3129
53586 3145
53616 3158
53669 3181
53708 3198
53749 3216
53783 3231
53826 3250
53878 3273
53925 3294
53963 3311
53992 3324
54041 3346
54092 3369
54123 3383
54165 3402
54218 3426
54264 3447
54299 3463
54336 3480
54386 3503
54440 3528
54481 3547
54509 3560
54552 3580
54599 3602
54631 3617
54680 3640
54733 3665
54769 3682
54809 3701
54853 3722
54901 3745
54953 3770
54982 3784
55013 3799
55046 3815
55081 3832
55118 3850
55157 3869
55241 3910
55286 3932
55333 3955
55382 3979
55433 4004
55486 4030
55539 4057
55590 4083
55639 4108
55686 4132
55731 4155
55774 4177
55815 4198
55854 4218
55891 4237
55926 4255
55959 4272
55990 4288
56019 4303
56046 4317
56098 4344
56146 4369
56190 4392
56230 4413
56266 4432
56319 4460
56368 4486
56400 4503
56447 4528
56490 4551
56518 4566
56559 4588
56609 4615
56646 4635
56681 4654
56727 4679
56769 4702
56800 4719
56851 4747
56900 4774
56929 4790
56967 4811
57014 4837
57109 4890
57143 4909
57184 4932
57223 4954
57253 4971
57290 4992
57334 5017
57385 5046
57432 5073
57472 5096
57505 5115
57576 5156
57626 5185
57657 5203
57700 5228
57741 5252
57770 5269
57816 5296
57855 5319
57904 5348
57931 5364
57963 5383
58000 5405
58042 5430
58089 5458
58180 5513
58218 5536
58251 5556
58279 5573
58330 5604
58371 5629
58420 5659
58451 5678
58495 5705
58542 5734
58576 5755
58626 5786
58655 5804
58692 5827
58737 5855
58780 5882
58815 5904
58842 5921
58888 5950
58937 5981
58967 6000
59008 6026
59091 6079
59130 6104
59175 6133
59206 6153
59254 6184
59291 6208
59334 6236
59383 6268
59409 6285
59438 6304
59470 6325
59505 6348
59543 6373
59584 6400
59628 6429
59675 6460
59725 6493
59774 6526
59820 6557
59863 6586
59903 6613
59940 6638
59974 6661
60005 6682
60033 6701
60058 6718
60105 6750
60146 6778
60181 6802
60226 6833
60255 6853
60297 6882
60346 6916
60382 6941
60415 6964
60458 6994
60505 7027
60542 7053
60569 7072
60613 7103
60654 7132
60685 7154
60723 7181
60768 7213
60814 7246
60853 7274
60885 7297
60953 7346
61000 7380
61029 7401
61069 7430
61117 7465
61154 7492
61180 7511
61221 7541
61255 7566
61297 7597
61355 7640
61390 7666
61429 7695
61472 7727
61519 7762
61564 7796
61605 7827
61642 7855
61675 7880
61704 7902
61729 7921
61775 7956
61813 7985
61860 8021
61890 8044
61933 8077
61968 8104
61999 8128
62039 8159
62080 8191
62112 8216
62149 8245
62196 8282
62229 8308
62272 8342
62296 8361
62325 8384
62359 8411
62398 8442
62442 8477
62488 8514
62529 8547
62565 8576
62596 8601
62622 8622
62659 8652
62702 8687
62729 8709
62767 8740
62806 8772
62834 8795
62879 8832
62919 8865
62948 8889
62983 8918
63024 8952
63067 8988
63104 9019
63135 9045
63160 9066
63204 9103
63236 9130
63281 9168
63341 9219
63375 9248
63416 9283
63459 9320
63495 9351
63524 9376
63561 9408
63599 9441
63622 9461
63653 9488
63692 9522
63733 9558
63766 9587
63791 9609
63833 9646
63876 9684
63902 9707
63937 9738
63981 9777
64018 9810
64046 9835
64075 9861
64114 9896
64155 9933
64186 9961
64218 9990
64261 10029
64295 10060
64318 10081
64353 10113
64390 10147
64415 10170
64453 10205
64493 10242
64520 10267
64561 10305
64604 10345
64633 10372
64664 10401
64697 10432
64732 10465
64769 10500
64808 10537
64849 10576
64892 10617
64914 10638
64937 10660
64961 10683
64986 10707
65012 10732
65039 10758
65067 10785
65096 10813
65126 10842
65157 10872
65189 10903
65222 10935
65256 10968
65291 11002
65327 11037
65364 11073
65441 11148
65481 11187
65522 11227
65564 11268
65605 11310
65645 11351
65684 11391
65722 11430
65759 11468
65795 11505
65830 11541
65864 11576
65897 11610
65929 11643
65960 11675
65990 11706
66019 11736
66047 11765
66074 11793
66100 11820
66125 11846
66172 11895
66194 11918
66256 11983
66295 12024
66332 12063
66367 12100
66400 12135
66431 12168
66460 12199
66487 12228
66527 12271
66565 12312
66590 12339
66627 12379
66662 12417
66685 12442
66719 12479
66751 12514
66772 12537
66803 12571
66842 12614
66871 12646
66899 12677
66936 12718
66971 12757
66997 12786
67055 12851
67094 12895
67125 12930
67186 12999
67223 13041
67245 13066
67274 13099
67310 13140
67344 13179
67371 13210
67391 13233
67424 13271
67456 13308
67481 13337
67512 13373
67549 13416
67584 13457
67613 13491
67636 13518
67664 13551
67702 13596
67729 13628
67766 13672
67787 13697
67813 13728
67844 13765
67880 13808
67914 13849
67967 13913
68000 13953
68060 14026
68092 14065
68123 14103
68145 14130
68180 14173
68210 14210
68231 14236
68256 14267
68285 14303
68318 14344
68355 14390
68390 14434
68421 14473
68448 14507
68471 14536
68490 14560
68524 14603
68550 14636
68587 14683
68616 14720
68641 14752
68673 14793
68704 14833
68728 14864
68755 14899
68788 14942
68811 14972
68876 15057
68911 15103
68930 15128
68952 15157
68977 15190
69036 15268
69070 15313
69105 15360
69137 15403
69166 15442
69192 15477
69215 15508
69235 15535
69266 15577
69291 15611
69321 15652
69340 15678
69402 15763
69431 15803
69452 15832
69486 15879
69517 15922
69535 15947
69558 15979
69586 16018
69619 16064
69651 16109
69678 16147
69700 16178
69729 16219
69760 16263
69779 16290
69805 16327
69838 16374
69868 16417
69891 16450
69916 16486
69950 16535
69979 16577
69999 16606
70030 16651
70054 16686
70082 16727
70114 16774
70131 16799
70150 16827
70171 16858
70194 16892
70219 16929
70246 16969
70275 17012
70306 17058
70339 17107
70403 17204
70432 17248
70484 17327
70507 17362
70528 17394
70547 17423
70564 17449
70596 17498
70624 17541
70648 17578
70679 17626
70699 17657
70728 17702
70753 17741
70776 17777
70806 17824
70832 17865
70851 17895
70882 17944
70911 17990
70928 18017
70950 18052
70977 18095
71005 18140
71028 18177
71046 18206
71077 18256
71127 18337
71154 18381
71173 18412
71203 18461
71228 18502
71259 18553
71276 18581
71296 18614
71319 18652
71345 18695
71374 18743
71427 18832
71449 18869
71468 18901
71484 18928
71513 18977
71536 19016
71563 19062
71580 19091
71604 19132
71629 19175
71647 19206
71676 19256
71702 19301
71717 19327
71736 19360
71759 19400
71786 19447
71815 19498
71840 19542
71861 19579
71878 19609
71900 19648
71923 19689
71942 19723
71966 19766
71995 19818
72021 19865
72042 19903
72058 19932
72085 19981
72113 20032
72130 20063
72153 20105
72178 20151
72197 20186
72217 20223
72244 20273
72266 20314
72281 20342
72304 20385
72329 20432
72346 20464
72372 20513
72400 20566
72419 20602
72440 20642
72463 20686
72488 20734
72515 20786
72529 20813
72544 20842
72560 20873
72577 20906
72595 20941
72614 20978
72634 21017
72655 21058
72677 21101
72700 21146
72724 21193
72749 21242
72775 21293
72802 21346
72828 21399
72853 21450
72877 21499
72900 21546
72922 21591
72943 21634
72963 21675
72982 21714
73000 21751
73017 21786
73033 21819
73048 21850
73062 21879
73087 21931
73110 21979
73131 22023
73150 22063
73167 22099
73192 22152
73215 22201
73230 22233
73252 22280
73272 22323
73285 22351
73304 22392
73329 22446
73352 22496
73369 22533
73385 22568
73406 22614
73430 22667
73449 22709
73463 22740
73486 22791
73508 22840
73521 22869
73538 22907
73559 22954
73582 23006
73601 23049
73616 23083
73634 23124
73651 23163
73674 23216
73687 23246
73703 23283
73722 23327
73744 23378
73767 23432
73787 23479
73804 23519
73818 23552
73837 23597
73858 23647
73871 23678
73889 23721
73912 23776
73951 23870
73963 23899
73982 23945
73998 23984
74018 24033
74031 24065
74046 24102
74063 24144
74082 24191
74103 24243
74124 24296
74160 24387
74175 24425
74188 24458
74199 24486
74219 24537
74235 24578
74254 24627
74266 24658
74283 24702
74314 24783
74335 24838
74354 24888
74365 24917
74379 24954
74396 24999
74416 25052
74435 25103
74451 25146
74464 25181
74481 25227
74499 25276
74510 25306
74525 25347
74544 25399
74574 25482
74588 25521
74607 25574
74623 25619
74634 25650
74651 25698
74670 25752
74683 25789
74698 25832
74715 25881
74734 25936
74744 25965
74755 25997
74767 26032
74780 26070
74794 26111
74809 26155
74825 26202
74842 26252
74860 26305
74879 26361
74897 26416
74914 26468
74930 26517
74945 26563
74959 26606
74972 26646
74984 26683
74995 26717
75005 26748
75022 26801
75037 26848
75050 26889
75067 26943
75078 26978
75094 27029
75108 27074
75117 27103
75147 27200
75162 27249
75173 27285
75190 27341
75200 27374
75213 27417
75229 27470
75246 27527
75260 27574
75271 27611
75284 27655
75296 27696
75312 27751
75321 27782
75332 27820
75345 27865
75360 27917
75375 27970
75388 28016
75399 28055
75408 28087
75424 28144
75436 28187
75449 28234
75457 28263
75468 28303
75482 28354
75495 28402
75505 28439
75516 28480
75531 28536
75544 28585
75553 28619
75567 28672
75578 28714
75591 28764
75614 28853
75623 28888
75633 28927
75644 28970
75656 29017
75669 29068
75683 29123
75697 29180
75710 29233
75722 29282
75733 29327
75743 29368
75752 29405
75760 29438
75773 29492
75784 29538
75793 29576
75806 29631
75817 29678
75824 29708
75834 29751
75847 29807
75858 29855
75866 29890
75879 29947
75891 30000
75898 30031
75907 30071
75918 30120
75931 30178
75942 30228
75951 30269
75958 30301
75970 30356
75978 30393
75999 30491
76006 30524
76017 30576
76026 30619
76037 30672
76044 30706
76052 30745
76061 30789
76071 30838
76082 30892
76093 30948
76103 30999
76112 31045
76120 31086
76127 31122
76133 31153
76144 31210
76153 31257
76164 31315
76171 31352
76181 31405
76189 31448
76196 31486
76205 31535
76214 31585
76221 31624
76239 31726
76246 31766
76255 31818
76261 31853
76268 31894
76276 31941
76285 31994
76295 32053
76304 32108
76312 32157
76325 32237
76330 32268
76339 32324
76346 32368
76354 32419
76359 32451
76366 32496
76375 32554
76384 32613
76391 32659
76404 32745
76411 32792
76416 32826
76422 32867
76429 32915
76437 32970
76445 33027
76452 33077
76463 33156
76470 33207
76478 33266
76483 33303
