100
31 -8400
60 -8399
504 -8374
913 -8322
1269 -8252
2005 -8035
3398 -7363
3983 -6979
4086 -6905
4377 -6686
4592 -6514
4620 -6491
5272 -5916
5631 -5570
5737 -5460
6046 -5132
6192 -4970
6837 -4179
6879 -4122
7423 -3298
7970 -2180
8001 -2099
8121 -1753
8169 -1594
8280 1145
8216 1422
8210 1445
8162 1619
8146 1673
8100 1820
8056 1949
7990 2129
7921 2303
7723 2744
7603 2978
7400 3338
5986 5198
5973 5212
5847 5346
5806 5389
5212 5973
4333 6721
3893 7043
3365 7384
3299 7423
3137 7516
3054 7562
2906 7641
2046 8021
2016 8032
674 8357
657 8359
504 8375
115 8398
60 8400
-212 8394
-443 8380
-574 8368
-1268 8253
-1298 8246
-2099 8001
-2162 7977
-3053 7562
-5026 6142
-5366 5827
-5826 5367
-6056 5121
-6214 4945
-6381 4752
-6434 4689
-6979 3983
-7772 2639
-7989 2129
-8003 2092
-8385 -360
-8260 -1233
-8145 -1672
-8138 -1695
-8031 -2015
-7792 -2595
-7349 -3420
-7139 -3750
-7137 -3753
-7042 -3892
-6077 -5097
-5435 -5760
-4894 -6258
-4137 -6867
-4038 -6939
-3938 -7010
-3721 -7158
-3369 -7380
-3111 -7529
-2231 -7949
-2162 -7976
-1737 -8125
-1618 -8161
-1084 -8291
-906 -8323
-802 -8339
