93
4007 -6962
5602 -5600
5686 -5513
5784 -5411
6011 -5170
6142 -5026
6184 -4979
6868 -4137
6906 -4085
7247 -3585
8146 -1672
8287 -1110
8311 -981
8328 -881
8331 -862
8396 -165
8399 -87
8400 -59
8400 60
8391 276
8359 657
8357 674
8333 850
8318 942
8263 1225
8246 1299
8162 1619
7990 2129
7982 2150
7695 2802
7620 2946
7043 3893
6694 4368
6393 4739
6259 4895
6057 5121
5946 5241
5686 5514
5542 5659
5367 5827
5158 6023
4538 6559
3906 7034
3829 7087
3537 7278
3239 7458
2946 7620
2596 7793
2499 7837
1820 8100
1269 8253
1234 8261
1202 8268
1111 8287
882 8328
346 8387
-59 8400
-294 8390
-312 8389
-345 8387
-514 8374
-1928 8063
-4332 6721
-5916 5272
-6056 5121
-6392 4739
-6523 4581
-7515 3137
-7602 2978
-7772 2639
-7949 2232
-8190 1516
-8252 1269
-8322 913
-8389 295
-8400 -30
-8349 -729
-8323 -906
-8156 -1635
-8114 -1772
-7989 -2128
-7981 -2149
-7033 -3905
-6229 -4927
-5931 -5255
-5865 -5325
-5658 -5541
-5157 -6022
-3585 -7246
-3102 -7534
-1928 -8062
-656 -8358
-114 -8397
