100
200.626 736.839 895.973
161.956 737.269 891.832
202.904 737.16 915.413
187.584 737.025 916.874
191.398 736.792 904.898
187.384 738.211 899.186
193.628 736.762 904.285
201.809 737.881 921.002
185.432 737.143 903.122
200.523 737.069 895.035
193.45 736.77 905.163
195.806 737.451 887.269
197.471 736.848 911.532
192.47 751.053 886.902
191.584 737.62 883.886
194.104 738.472 901.684
201.348 738.717 903.237
200.837 738.477 888.573
200.964 738.309 897.606
187.923 736.951 901.812
186.706 737.326 915.026
195.271 736.869 908.923
201.34 737.75 901.122
200.619 738.759 903.958
186.035 737.316 906.854
187.263 738.732 900.842
204.663 736.79 904.172
193.072 738.758 902.151
189.332 736.838 905.152
196.272 737.023 907.748
200.406 738.616 896.032
187.952 738.557 895.91
186.295 737.214 911.317
191.879 738.397 919.066
188.086 736.767 901.087
195.956 737.236 896.657
190.247 736.76 903.176
200.844 736.961 892.969
200.015 737.676 885.248
202.506 737.698 896.476
193.154 737.41 894.793
199.59 738.573 908.795
197.114 738.347 916.384
200.131 738.077 900.973
198.494 738.156 914.281
201.788 738.315 909.488
196.231 738.226 891.482
204.928 718.118 910.587
188.028 738.577 907.127
198.596 736.795 901.166
196.142 737.361 889.807
192.317 736.763 901.735
200.203 738.094 885.951
197.043 736.902 893.724
190.291 738.658 903.655
189.242 738.56 896.808
204.817 738.742 905.654
191.881 738.667 902.906
188.643 736.879 902.924
191.245 737.331 897.166
203.112 738.723 905.22
189.168 738.599 909.794
189.646 736.821 906.035
189.997 737.705 908.981
197.706 738.709 899.638
188.897 736.89 893.57
193.248 738.704 898.269
189.767 737.18 900.297
192.348 736.79 908.229
195.297 736.762 902.056
200.116 737.667 913.516
186.321 737.432 884.988
200.049 737.718 911.269
201.031 738.327 889.012
185.936 738.22 902.075
190.217 736.954 905.812
202.831 738.757 902.621
199.593 738.599 896.838
202.26 738.659 904.332
197.2 738.673 896.547
196.657 737.314 885.501
187.823 737.595 923.787
188.564 738.721 907.079
200.077 737.421 892.101
200.209 738.57 902.579
192.823 737.182 889.232
186.479 736.848 910.229
203.913 736.807 897.515
194.743 737.376 913.546
189.231 729.145 922.311
203.501 736.787 905.629
203.083 738.404 895.149
198.465 737.882 885.464
188.581 738.085 923.009
196.011 738.335 900.799
190.399 736.839 902.178
203.478 738.744 900.346
199.971 738.541 902.445
208.156 737.43 891.43
202.454 737.316 895.922
