25 100
-486673901 526510940
-522349506 519502292
-525437591 499166131
-528341548 307088092
-528488205 -433643638
-527455379 -515700170
-504320446 -528542828
8094240 -528417080
481667629 -528032834
518831556 -524600103
524527565 -495498214
526962246 -434965890
528427445 -280418047
528406559 -136520967
528127110 90149499
527738831 384497649
526551973 502010055
515800859 513580168
495990658 524497441
486977220 528271120
181922034 528451449
-280574839 528220668
-320023650 528185727
-444586040 527405678
-465820181 527243772
-522349499 519502302
481667624 -528032840
527738840 384497639
524527575 -495498220
518831549 -524600108
-527455381 -515700171
526551972 502010063
-528341550 307088086
-528488206 -433643628
-527455379 -515700173
-527455388 -515700167
181922024 528451459
524527572 -495498224
-522349515 519502288
515800857 513580170
-320023657 528185727
528406563 -136520959
528127111 90149501
-525437601 499166135
-527455388 -515700176
528406561 -136520975
526962256 -434965897
-528488211 -433643645
526962254 -434965880
-465820172 527243777
528127118 90149490
-522349508 519502287
518831547 -524600104
528427446 -280418055
515800859 513580175
8094245 -528417086
-504320441 -528542837
524527573 -495498214
524527568 -495498224
-444586039 527405679
-525437597 499166140
528406560 -136520959
528127118 90149489
-525437596 499166134
-486673891 526510950
-527455381 -515700173
-486673905 526510942
526962252 -434965896
-528341552 307088095
-320023650 528185733
181922041 528451455
528427454 -280418051
528427453 -280418044
181922025 528451451
-320023643 528185734
524527567 -495498213
515800854 513580171
527738838 384497656
528127114 90149504
528127117 90149500
528427448 -280418049
528127118 90149500
-504320449 -528542828
518831565 -524600110
-528341551 307088090
-486673907 526510945
8094248 -528417090
481667636 -528032835
-280574839 528220675
-465820181 527243775
486977220 528271123
518831558 -524600110
-504320449 -528542829
-504320450 -528542828
-465820181 527243774
528427446 -280418048
527738836 384497645
486977215 528271123
-522349515 519502284
-527455386 -515700176
8094232 -528417081
-525437597 499166126
-465820190 527243772
-522349502 519502301
-528341551 307088102
8094249 -528417086
528127120 90149502
181922028 528451452
527738833 384497651
528406565 -136520971
8094241 -528417081
-465820171 527243779
-320023652 528185730
-280574838 528220671
528427453 -280418040
495990660 524497442
-504320455 -528542831
-528488215 -433643637
518831548 -524600106
528427445 -280418055
-525437591 499166138
528127118 90149502
526551978 502010060
-280574829 528220673
-280574838 528220674
