28 100
-702518454 422147283
-702517476 243514310
-702398357 -97211537
-702242031 -369928310
-699434936 -668505742
-692539987 -694469471
-689213605 -700080468
-643223801 -701524811
-631337983 -701542142
43384660 -702525263
520560945 -702220301
686337825 -700000828
696761428 -637339247
698944370 -606206062
701800419 -417529614
702472451 -17153044
702348312 298692070
702181461 671959909
699676754 692704894
660169180 700799513
560374238 702533438
36979431 702339036
-452233798 702106744
-654162062 699052964
-693431386 685586428
-697258857 659195321
-702151559 625019353
-702479877 504808604
686337862 -700000771
36979472 702339052
696761468 -637339339
-689213622 -700080470
-654162138 699053020
-702398441 -97211615
702348326 298691999
696761510 -637339260
-631338001 -701542147
-699434944 -668505701
698944423 -606206030
-643223824 -701524874
-631337913 -701542180
-702518484 422147352
-702518547 422147354
-702518545 422147220
696761500 -637339171
43384613 -702525314
701800511 -417529624
686337746 -700000837
-702517537 243514335
-697258888 659195411
-692540006 -694469568
-697258887 659195414
701800459 -417529671
-702398394 -97211572
-689213665 -700080515
698944375 -606206008
-693431408 685586414
560374329 702533456
-692540023 -694469401
702472518 -17153111
-702517545 243514287
-702151555 625019445
-702398373 -97211500
-643223735 -701524892
702348378 298692137
698944418 -606206099
520560931 -702220390
-693431334 685586485
-697258860 659195361
701800418 -417529710
-693431310 685586514
520560919 -702220344
-702398395 -97211445
660169121 700799521
-702151594 625019334
-643223805 -701524875
-452233876 702106746
698944433 -606205995
-702517503 243514322
699676755 692704953
698944447 -606205965
702472486 -17152958
-702151633 625019276
43384755 -702525343
-697258860 659195382
-452233726 702106782
-693431415 685586346
-643223820 -701524887
36979480 702339086
-702518480 422147264
-699434993 -668505696
698944396 -606206039
-631338040 -701542186
-693431446 685586484
-699435005 -668505783
660169159 700799534
660169218 700799599
-631338052 -701542194
-702242111 -369928336
-702398361 -97211499
660169236 700799508
-689213509 -700080536
-452233868 702106829
-631337941 -701542213
-702242034 -369928231
660169174 700799574
660169199 700799522
660169251 700799556
-702518545 422147381
686337865 -700000753
698944373 -606206058
701800517 -417529599
698944414 -606206062
-693431444 685586361
698944402 -606206138
696761526 -637339210
560374330 702533461
-702151627 625019304
702472512 -17153034
-702151582 625019330
-643223725 -701524820
686337880 -700000848
702472526 -17153102
699676703 692704917
698944373 -606206147
520560967 -702220313
-631337906 -701542242
-702518479 422147322
