8942
65 749
219 846
703 13
290 34
322 463
65 822
340 1
222 570
245 979
447 376
370 748
277 312
853 43
182 654
622 47
750 180
658 650
764 345
205 9
642 706
37 278
945 588
765 222
695 564
263 412
182 829
460 414
891 565
832 557
32 585
381 149
633 695
765 483
587 730
884 991
155 545
860 759
501 16
382 149
118 419
625 183
623 488
573 119
948 944
572 849
394 763
350 876
992 827
177 394
177 53
921 919
217 406
440 760
615 753
255 298
856 188
166 953
734 192
909 808
52 471
968 529
934 262
526 702
945 372
91 900
767 437
151 426
143 274
621 311
987 438
668 801
855 928
599 393
723 363
338 459
841 607
483 640
628 869
327 656
220 585
329 16
19 229
689 640
442 709
838 955
282 305
960 304
969 619
31 314
633 852
849 498
466 626
964 860
597 262
297 174
460 605
358 15
260 977
347 628
105 488
180 633
148 911
959 807
1000 463
472 944
649 243
118 86
647 63
286 889
825 228
183 61
815 273
434 166
23 473
126 43
122 120
987 395
728 251
516 980
300 572
691 345
793 77
21 241
692 161
962 734
590 23
829 515
45 657
801 14
424 534
431 317
558 923
839 41
46 775
52 585
107 302
157 148
945 696
840 926
395 67
890 269
911 5
352 90
916 153
852 534
93 806
323 386
387 470
131 132
972 64
48 450
468 17
950 625
120 904
559 85
479 523
366 648
884 608
145 339
926 445
498 883
53 368
649 899
966 412
72 500
572 929
342 282
208 801
457 490
50 290
118 125
156 87
233 470
958 272
793 921
554 451
883 61
748 698
711 807
353 855
578 114
185 517
631 757
25 615
59 440
170 70
877 314
87 780
291 749
844 651
363 851
148 369
334 926
133 374
765 932
399 608
692 645
972 889
877 287
63 967
145 950
858 841
739 320
472 488
371 573
494 610
364 720
377 532
55 932
412 366
584 106
320 64
553 212
82 941
556 993
952 115
819 692
671 393
67 597
511 304
442 115
684 465
292 498
13 74
353 51
93 463
350 524
986 952
888 587
798 223
787 135
626 479
705 987
876 541
592 778
579 263
113 636
894 419
328 739
131 777
755 708
328 783
604 320
132 588
828 151
191 226
304 978
214 537
976 708
384 804
191 11
543 50
548 227
597 454
890 197
384 60
790 727
266 850
475 669
454 273
717 127
276 818
159 696
419 220
97 190
550 884
373 312
214 515
526 956
859 109
97 963
572 32
230 536
360 826
713 613
363 353
835 507
148 55
547 884
40 383
736 631
43 64
814 929
935 49
316 735
110 504
619 881
172 118
169 229
56 617
658 54
267 942
779 899
152 889
921 951
488 975
378 298
782 884
634 180
226 829
395 907
898 397
376 359
101 269
191 359
528 356
942 644
255 654
349 995
72 17
188 569
21 11
539 228
398 896
422 601
46 40
252 327
902 752
568 270
121 792
169 175
413 56
339 737
347 9
909 181
772 330
732 30
804 578
470 539
818 985
574 870
267 614
88 803
654 308
550 849
892 429
593 193
208 208
417 77
179 311
210 985
690 886
513 810
183 662
294 37
457 806
864 402
622 931
338 633
237 263
351 516
740 355
992 61
570 794
73 558
821 849
957 705
542 788
981 26
666 824
672 411
131 722
122 566
703 328
108 892
625 315
703 813
631 677
266 861
289 734
982 648
546 760
506 617
363 432
331 682
12 7
360 991
178 231
727 125
629 248
651 175
83 38
569 245
36 671
688 876
12 263
194 226
673 873
335 644
866 738
80 877
631 627
64 407
645 548
190 281
231 33
333 478
732 353
467 448
202 476
359 449
158 690
230 106
637 852
157 125
906 222
769 553
277 462
745 8
390 712
634 29
280 555
323 542
669 340
207 896
8 756
997 918
208 503
904 202
981 794
437 357
120 651
944 527
947 576
611 606
367 167
846 564
415 541
944 547
378 692
139 792
833 490
316 881
994 275
324 192
698 419
671 563
147 530
609 78
682 440
412 769
380 656
221 188
687 279
5 255
538 61
187 467
849 720
228 352
748 331
474 118
803 7
898 600
363 943
197 517
883 447
524 679
231 135
76 976
503 634
267 105
138 857
861 762
637 605
235 340
778 849
164 298
180 178
729 93
295 164
125 426
558 941
648 247
17 28
612 241
354 52
179 113
776 331
826 700
258 189
406 5
302 817
98 645
928 448
6 410
726 912
195 392
272 588
411 615
939 863
736 314
634 630
156 564
649 938
301 774
622 962
952 798
399 572
792 545
315 519
351 486
561 242
359 627
990 128
372 803
148 676
801 892
304 784
405 84
52 505
164 936
659 201
188 716
768 316
806 273
319 695
247 670
223 643
689 808
150 955
55 418
730 487
355 912
39 440
625 225
404 713
741 832
530 622
120 948
157 661
318 653
597 518
952 728
964 74
836 936
915 765
927 595
586 417
256 907
357 48
408 514
84 382
75 794
344 487
483 983
898 952
374 726
867 127
286 768
514 487
389 65
263 960
474 102
72 354
865 255
630 536
78 778
595 384
677 315
913 932
560 838
563 820
19 860
452 227
917 858
234 799
838 344
953 222
458 666
673 57
306 962
889 213
482 563
266 761
585 450
80 774
19 832
358 305
352 782
631 756
677 539
743 397
572 221
765 382
346 205
836 107
168 543
400 59
79 445
800 307
52 802
509 166
681 92
689 496
96 67
876 223
302 278
809 987
581 766
552 798
764 170
102 259
403 523
568 882
919 820
895 111
803 175
592 901
656 464
130 172
478 915
246 189
411 734
85 997
908 773
903 995
586 154
976 464
686 537
100 31
311 297
216 97
37 703
116 718
834 137
32 59
491 657
303 215
360 778
531 881
941 304
897 955
651 691
502 244
870 382
591 532
31 409
957 376
112 820
133 428
289 703
742 471
490 623
711 327
680 110
62 885
957 253
418 686
460 878
891 310
547 190
429 462
990 205
71 146
724 921
436 604
680 867
400 18
618 66
792 651
458 469
884 23
497 434
396 367
453 434
183 494
499 585
563 16
63 1000
621 864
815 341
539 375
770 697
239 950
225 8
801 399
914 794
229 569
932 374
540 354
163 93
92 914
940 821
748 364
582 516
595 475
642 868
413 63
691 261
140 897
516 266
710 165
167 362
360 185
733 348
806 862
338 866
352 530
664 159
291 897
4 803
858 294
118 971
127 994
551 153
361 293
284 51
188 449
407 829
779 302
146 735
374 781
278 720
17 666
368 437
271 589
350 399
315 490
242 898
636 738
911 230
584 733
660 955
496 220
367 603
750 82
810 337
132 790
942 648
716 258
2 319
271 127
146 770
102 726
480 840
343 743
85 276
965 250
434 580
936 142
296 450
318 331
95 493
177 728
246 221
805 852
872 550
348 215
75 77
457 466
569 25
622 843
270 342
776 771
3 935
682 708
251 620
452 145
859 559
50 517
138 596
916 860
363 944
975 356
671 588
142 860
398 595
639 71
362 729
260 507
533 844
986 455
873 520
93 294
375 96
754 276
556 730
497 353
574 964
5 366
836 979
359 806
964 650
366 916
675 415
195 153
434 672
224 990
17 569
299 551
596 760
458 714
346 259
825 175
787 764
221 494
168 205
943 448
554 645
120 524
439 477
735 531
564 832
807 691
311 386
634 63
599 450
720 722
659 766
211 638
211 64
898 127
636 890
996 208
537 555
321 350
992 14
307 940
316 4
415 842
664 975
351 677
750 896
295 438
630 536
107 353
42 490
188 737
288 826
212 974
678 607
284 166
672 18
964 675
707 447
177 275
646 327
73 878
991 352
10 549
306 391
106 976
773 544
344 890
873 561
762 299
418 905
183 664
430 454
269 579
621 666
331 830
143 678
100 708
15 144
36 861
768 867
575 227
879 874
714 770
169 798
448 341
679 960
932 86
527 214
207 4
834 818
305 601
777 358
645 674
642 746
406 280
897 743
437 738
283 285
325 594
227 633
852 31
99 465
902 320
135 103
242 111
878 178
141 241
543 245
9 902
554 148
29 761
722 572
387 899
481 912
311 251
484 507
298 157
984 311
793 780
505 609
624 21
628 369
259 536
233 737
208 621
11 467
501 920
424 817
112 96
330 648
915 87
948 393
841 217
256 42
962 80
58 204
152 493
148 375
692 61
85 955
281 716
626 817
595 6
434 130
315 658
48 786
592 86
563 458
556 686
933 630
528 877
996 631
499 102
605 106
482 152
20 430
853 138
39 890
75 756
806 298
438 53
837 940
288 368
208 765
517 36
544 883
309 917
62 4
341 83
458 978
994 878
90 94
597 138
82 449
756 442
86 544
878 609
737 507
537 369
376 336
250 239
282 519
590 565
436 963
667 806
287 511
160 714
752 459
987 133
894 699
467 555
209 690
907 226
459 720
458 727
690 175
199 805
895 959
838 667
673 261
394 826
152 794
323 180
123 138
765 55
283 747
411 216
961 308
772 66
267 129
529 540
864 84
367 111
75 803
103 711
294 10
529 200
845 23
467 173
506 575
519 255
922 793
795 950
638 505
330 103
9 929
881 680
266 63
339 92
87 962
405 585
445 850
161 810
173 805
161 849
773 323
140 531
73 883
379 329
36 397
295 336
119 414
129 460
807 487
417 150
767 569
189 136
607 764
219 947
617 903
441 405
300 383
546 845
753 590
288 872
565 828
694 304
256 302
479 253
543 217
217 111
234 453
717 417
289 369
420 878
434 611
260 83
325 755
467 152
484 284
627 36
25 139
907 323
676 773
868 135
157 393
332 208
626 178
172 675
253 85
76 711
115 160
409 777
366 330
745 939
679 640
256 706
75 339
248 570
910 740
641 941
765 535
709 572
739 789
133 235
302 169
952 744
820 301
190 170
994 773
919 76
690 178
856 395
539 857
77 255
883 220
746 394
336 34
683 202
753 958
270 588
528 574
856 593
823 211
589 590
470 46
830 965
837 540
393 887
627 532
275 166
848 364
500 743
806 78
486 484
443 319
805 930
220 884
777 516
86 582
785 53
763 529
131 588
291 790
239 840
883 342
881 61
536 528
717 347
489 373
866 132
294 718
196 543
974 104
13 581
202 346
149 938
299 391
4 833
342 578
92 550
284 701
547 685
760 408
214 640
744 92
820 329
297 818
90 740
504 383
685 740
120 389
624 756
532 607
887 390
917 537
64 610
249 168
419 544
418 121
114 726
287 266
193 395
447 736
999 46
238 473
239 925
449 802
343 109
916 902
120 914
37 125
684 407
72 625
83 947
610 474
124 259
623 532
186 670
375 423
487 613
572 180
135 558
4 758
876 972
115 161
566 448
839 232
301 577
954 252
4 81
660 871
849 367
115 147
837 652
963 84
659 416
983 900
368 881
359 398
344 896
561 527
546 968
716 433
561 907
44 21
348 425
735 479
749 348
697 989
579 982
693 856
896 809
967 553
320 363
342 416
501 177
558 60
338 952
803 259
493 688
135 705
892 870
5 636
683 858
760 985
988 635
312 696
850 487
717 46
662 417
612 768
758 333
963 869
57 968
449 948
252 906
848 677
252 580
640 299
797 960
601 513
285 417
904 281
441 167
757 540
24 108
320 587
373 958
631 650
712 912
797 735
628 530
471 412
709 746
846 545
755 376
378 79
936 250
820 901
93 858
489 478
857 984
455 915
333 165
659 450
18 526
197 773
46 25
607 457
843 192
925 734
591 241
666 441
283 329
593 620
608 430
45 466
640 303
6 449
94 461
652 373
973 459
50 21
988 112
289 73
646 376
720 489
768 505
461 914
836 925
83 250
309 262
924 928
684 304
226 139
301 905
698 633
593 864
507 732
454 282
967 697
609 422
452 966
803 212
935 891
620 65
477 854
297 64
336 375
120 775
535 258
90 392
241 903
433 667
146 875
416 303
224 538
431 733
746 447
910 966
687 432
393 355
123 691
606 370
460 861
705 523
489 789
659 259
883 845
64 404
712 558
732 758
869 590
446 91
559 318
383 682
455 348
886 277
970 638
628 185
364 330
431 283
754 126
227 998
89 763
317 853
326 897
973 792
181 520
407 419
973 23
841 656
731 882
210 37
753 166
123 311
650 539
842 281
516 601
193 886
751 539
148 226
52 161
616 308
519 586
621 180
626 745
562 787
78 539
305 818
147 539
409 537
350 973
9 861
935 162
176 588
954 612
644 200
773 641
288 632
634 592
579 943
280 468
476 148
896 568
668 88
583 41
575 321
200 944
989 952
609 791
6 675
368 373
636 647
887 834
412 536
966 725
340 765
152 694
929 847
995 391
549 795
880 940
909 264
313 996
150 961
282 93
992 254
871 248
173 504
380 366
39 956
787 518
512 562
138 997
481 537
690 945
108 977
771 952
623 125
216 98
5 368
41 223
704 997
652 478
974 88
674 831
284 769
182 446
182 132
76 998
391 623
274 775
448 654
306 643
399 509
411 678
730 164
343 873
249 563
949 713
14 358
348 476
626 42
486 94
769 426
516 913
410 238
349 239
974 554
734 291
493 659
822 244
479 526
603 182
722 415
125 948
6 255
226 525
990 577
576 998
909 323
65 326
840 376
115 579
564 921
419 241
7 690
795 502
578 391
390 637
780 349
628 281
337 874
702 833
360 858
561 214
118 405
335 664
805 565
611 381
759 228
488 881
910 473
494 259
919 161
804 529
506 424
660 389
16 266
553 38
445 202
280 554
298 857
67 356
724 359
469 486
31 28
23 105
3 842
303 771
138 23
504 733
494 341
727 879
111 810
991 984
130 976
55 305
105 516
486 572
98 85
450 11
730 439
600 911
478 266
544 287
737 551
707 576
662 276
737 957
848 913
862 711
268 833
743 485
770 3
243 175
284 477
531 676
513 844
661 784
15 96
342 376
979 542
726 39
252 216
404 943
878 338
802 702
64 68
616 886
86 523
204 741
501 999
884 255
921 318
784 510
429 379
852 91
782 781
528 510
140 734
25 340
312 145
523 918
171 934
429 108
691 236
395 263
399 280
195 227
476 283
809 331
340 870
24 336
148 694
510 529
447 302
563 580
46 341
896 135
718 532
529 494
777 477
689 634
196 849
78 677
142 840
56 216
386 199
372 105
801 936
758 277
480 518
37 635
934 21
619 356
12 88
191 923
557 620
32 554
542 848
736 50
571 123
828 333
443 875
293 880
389 318
881 558
851 470
283 668
111 765
199 421
31 374
583 624
483 337
508 406
846 798
921 832
563 165
15 678
559 17
514 686
927 389
306 438
194 518
564 734
291 469
79 430
328 873
486 784
729 162
267 64
980 774
231 183
821 345
444 604
227 510
443 872
278 139
38 351
624 685
932 275
145 11
362 139
751 759
795 888
232 551
353 369
467 927
101 831
209 414
782 158
700 887
36 929
458 848
655 421
388 513
459 174
175 648
359 72
886 335
986 345
985 371
388 431
160 606
345 265
461 237
28 948
181 582
696 103
377 631
595 78
93 292
142 566
403 892
46 745
893 583
18 850
927 339
392 132
588 470
268 600
839 935
218 999
698 750
264 498
53 396
542 317
416 214
391 379
938 608
385 25
549 346
24 468
647 309
917 370
182 5
330 656
608 731
481 830
978 136
853 326
823 864
394 380
913 485
327 218
123 933
521 281
866 229
771 799
453 820
656 538
422 451
9 639
880 847
195 291
298 944
235 512
965 630
711 516
470 533
501 552
667 320
935 77
165 27
273 908
238 844
975 918
108 717
188 921
316 839
144 988
415 147
35 474
586 788
795 659
326 731
651 764
141 272
432 469
855 680
956 697
379 883
129 286
675 39
637 115
503 355
581 483
974 72
586 992
739 858
690 477
967 450
111 993
134 190
519 409
733 995
129 290
275 790
283 135
49 466
163 157
272 948
860 760
84 934
442 342
458 244
819 645
726 79
610 425
159 857
987 449
94 99
774 826
59 545
431 570
337 747
362 900
250 287
71 658
182 189
357 846
367 99
678 412
411 372
586 90
469 96
905 661
788 939
840 188
226 189
591 671
186 322
70 836
258 377
779 245
75 982
182 998
332 49
94 99
545 663
871 742
563 700
540 870
921 208
139 854
443 250
261 92
690 607
832 493
342 207
885 295
948 345
671 655
777 478
486 675
766 96
626 369
822 30
8 364
979 303
809 324
148 767
676 365
29 857
18 887
113 335
190 913
709 555
694 634
189 837
584 988
664 21
695 671
582 788
339 736
760 235
990 320
480 509
160 836
376 879
225 702
680 162
762 523
797 482
923 793
640 163
366 283
628 646
616 289
209 596
781 749
656 334
901 875
412 771
843 18
351 390
481 132
568 527
206 455
586 511
211 680
529 601
521 467
608 968
414 991
149 2
939 883
614 729
833 664
732 256
884 379
173 150
104 180
886 793
723 677
4 348
614 92
632 115
937 422
412 953
324 308
700 572
752 7
704 446
892 891
844 365
539 712
105 508
622 442
741 583
762 272
257 1000
325 987
599 99
40 706
563 902
326 556
560 8
934 657
527 428
125 588
911 265
266 636
653 729
239 193
199 104
68 667
99 760
593 411
191 984
679 963
883 599
327 181
49 919
396 894
408 581
354 123
154 8
890 191
616 109
935 717
401 530
375 503
811 308
669 358
635 258
434 649
596 579
172 93
558 317
516 567
255 624
755 687
273 679
201 653
218 284
517 521
476 20
971 96
879 903
927 47
497 678
407 855
32 294
825 932
314 756
715 345
167 873
235 533
165 566
458 235
933 614
707 111
451 151
708 874
318 83
517 475
978 268
787 641
882 31
90 499
317 184
996 903
726 458
814 169
118 753
668 96
377 904
777 10
885 64
329 24
718 115
754 182
817 909
290 782
151 328
584 124
669 498
293 189
472 844
814 978
85 622
362 967
569 24
398 212
283 430
682 389
289 143
383 468
149 857
636 601
734 339
214 614
45 102
421 100
856 400
106 503
845 284
243 324
258 730
448 390
438 462
511 955
232 929
157 817
49 426
603 330
860 82
370 598
559 184
68 938
911 982
916 856
801 398
151 356
784 853
980 739
682 292
723 543
155 416
577 55
750 166
83 618
390 566
664 769
29 514
870 81
766 854
488 699
121 349
24 565
46 326
874 593
472 686
67 772
82 493
812 852
517 98
830 232
359 49
518 191
776 776
165 798
403 175
368 676
479 576
208 122
367 481
187 325
546 175
1 89
414 617
451 437
402 507
497 369
509 913
43 646
359 905
425 319
8 723
323 920
609 53
480 481
831 914
663 78
971 190
420 567
709 946
408 838
522 802
127 681
440 82
324 687
670 856
517 989
277 71
578 861
866 406
849 625
359 269
653 847
149 652
433 556
787 512
312 138
892 251
402 176
851 554
411 663
614 867
646 178
965 239
473 264
681 521
268 839
46 303
143 272
148 121
606 350
514 205
374 89
197 401
894 231
963 170
428 687
377 572
637 510
794 105
981 425
997 261
862 291
640 130
451 388
571 928
892 804
100 281
699 885
907 651
770 649
82 611
874 353
936 337
174 902
459 566
764 854
189 342
11 15
546 166
357 270
919 384
64 358
412 691
86 306
947 872
664 91
667 683
850 976
435 59
884 8
1000 528
71 820
781 291
233 943
349 874
407 22
682 219
249 927
373 304
565 60
513 961
561 298
25 871
567 389
1000 985
973 389
450 207
274 833
273 152
219 66
158 81
809 748
504 654
332 798
972 498
67 779
933 294
301 627
110 276
283 874
678 560
626 662
477 156
311 217
205 46
901 992
800 347
993 153
774 596
655 233
204 674
321 644
444 811
603 713
495 643
777 341
546 31
672 809
854 341
333 968
130 243
13 162
929 450
133 723
914 930
879 548
567 396
763 802
881 391
635 386
328 236
55 94
840 470
874 259
132 524
124 51
505 467
94 662
544 218
845 839
143 919
302 725
832 994
139 493
777 631
221 820
392 204
572 14
675 438
277 883
714 617
953 72
753 859
219 868
762 824
796 956
313 396
565 525
909 481
358 396
558 271
870 213
450 98
95 984
27 558
101 87
885 847
495 885
1 471
29 132
139 258
549 655
946 583
959 771
837 796
820 963
821 433
631 508
668 390
759 691
410 136
463 101
603 7
597 40
907 252
37 300
704 894
816 101
679 390
756 817
301 281
411 264
65 319
497 477
493 681
607 815
550 350
192 830
458 511
366 530
565 170
431 668
837 120
399 327
32 998
265 27
491 49
534 774
27 649
206 834
40 663
799 499
463 827
90 883
213 511
288 54
217 305
74 318
15 275
88 477
797 83
432 416
712 567
854 230
721 315
190 973
1000 625
526 207
657 181
401 870
627 892
5 865
755 215
38 432
583 758
512 289
934 789
697 774
963 307
117 894
462 840
100 620
950 107
303 56
361 80
971 92
246 488
616 797
846 871
561 478
814 28
888 963
714 723
253 281
931 869
259 18
77 163
755 58
849 253
423 61
966 775
197 655
810 520
975 192
468 603
561 23
671 522
170 849
42 696
418 902
60 302
960 811
878 687
579 2
639 272
719 258
751 143
410 893
84 147
775 146
412 355
383 431
628 325
13 361
264 334
585 920
579 733
307 220
1000 395
634 553
804 605
273 724
288 847
597 683
329 271
582 12
634 198
831 704
287 647
476 829
143 677
966 194
964 748
404 161
524 188
355 251
807 222
455 191
476 411
439 368
93 979
253 151
722 285
779 936
567 694
73 990
544 784
32 309
462 948
445 807
892 394
412 586
430 390
844 127
617 925
709 193
512 876
382 682
466 736
420 911
990 889
519 698
739 898
512 575
543 224
100 343
418 567
871 441
683 504
148 144
926 910
29 592
436 567
590 541
738 979
526 792
768 250
160 754
152 752
14 399
510 15
340 657
404 919
139 136
239 202
980 620
423 998
604 241
887 149
942 98
551 4
11 748
863 193
721 677
933 76
852 426
668 142
599 976
407 492
908 998
101 651
206 510
985 733
507 77
530 538
808 751
144 696
132 195
852 504
440 957
721 27
490 65
798 496
846 226
215 289
244 772
812 793
509 947
579 338
17 245
88 723
2 535
464 787
596 775
965 855
439 400
707 430
894 136
454 4
750 310
378 586
295 247
526 324
999 262
365 144
339 689
124 472
101 682
405 221
899 819
530 132
324 289
576 798
496 571
591 805
406 43
380 948
213 170
462 604
480 264
667 888
810 965
495 804
491 339
174 248
20 531
695 878
409 295
752 598
901 604
551 968
692 756
618 258
300 329
962 156
259 44
83 412
989 418
176 864
932 25
742 389
996 439
755 123
823 813
852 452
846 881
318 560
421 97
354 318
26 998
979 31
562 899
682 410
747 175
746 656
837 285
39 376
276 528
720 62
559 769
199 97
384 520
33 486
679 267
980 207
61 777
193 601
86 813
886 682
176 222
265 488
615 351
612 482
885 33
127 930
495 260
308 92
183 809
894 598
897 59
75 37
553 79
271 746
119 764
266 904
266 127
952 726
791 214
756 761
586 661
772 386
643 24
796 31
577 755
197 898
44 989
222 594
790 702
372 668
163 725
189 71
918 821
90 818
747 367
790 782
929 817
6 18
925 474
312 35
768 768
880 386
624 593
622 192
48 268
527 700
235 160
376 937
836 680
737 736
714 161
552 674
229 924
630 173
515 628
154 658
38 890
661 143
462 476
377 568
184 514
196 866
580 510
170 362
428 294
631 317
154 352
347 213
724 930
617 170
660 883
263 597
864 935
12 56
583 200
309 760
166 452
15 825
453 535
759 600
404 462
549 589
522 916
32 836
605 527
496 775
56 408
37 377
1 232
572 13
129 710
529 86
196 133
813 158
492 752
886 606
472 755
974 727
61 959
308 561
855 998
302 920
860 819
499 122
612 256
95 82
686 544
584 208
4 373
442 834
815 755
909 330
911 325
647 23
335 140
895 636
582 676
247 777
202 430
681 228
739 738
465 339
696 169
355 877
94 837
864 31
143 652
182 626
837 182
732 201
89 935
322 526
438 341
743 762
927 1
351 244
53 522
966 807
993 969
971 151
342 571
141 900
660 978
689 470
719 694
9 884
248 22
217 620
760 140
23 280
323 484
538 199
292 597
621 777
890 276
987 511
476 273
847 447
574 234
810 971
393 806
336 175
649 812
581 180
305 376
645 244
672 106
177 349
940 273
504 737
757 15
46 865
613 552
690 162
89 445
757 319
284 895
84 76
276 865
270 653
648 247
717 415
97 950
713 449
383 185
254 141
211 526
670 638
274 731
14 650
716 915
814 716
434 473
176 633
759 371
681 841
206 880
132 591
691 180
697 611
386 257
815 505
751 592
346 966
347 806
770 126
819 404
803 361
705 341
214 929
317 553
953 362
494 936
825 668
483 625
415 932
266 804
382 546
930 678
352 495
742 539
335 771
471 630
540 12
184 223
694 510
61 955
512 850
284 500
973 181
970 865
627 191
539 719
924 995
515 303
749 802
633 886
396 602
92 507
770 583
383 650
195 136
12 163
59 531
253 524
556 755
260 698
364 151
471 835
318 717
452 770
630 333
975 171
641 59
594 255
601 388
787 696
457 364
987 716
699 233
918 408
325 339
167 754
428 558
562 82
73 970
996 505
168 544
207 449
106 503
656 871
66 531
599 377
459 856
802 985
965 282
310 95
970 706
680 868
754 196
187 284
312 345
780 384
336 52
56 148
489 887
624 480
318 120
13 928
915 833
281 556
986 882
497 920
529 397
512 240
633 220
144 433
304 796
920 54
553 565
190 182
82 955
304 44
27 781
64 732
307 602
104 240
58 740
306 426
311 777
504 725
102 439
437 472
260 539
70 377
27 641
146 958
438 454
990 325
180 411
935 456
420 846
926 255
400 477
466 4
965 676
243 518
310 524
519 133
133 609
894 140
745 934
262 542
477 48
13 377
194 543
725 854
887 476
459 397
778 171
60 442
590 655
545 556
742 303
384 346
253 766
104 261
666 485
599 838
30 633
368 216
962 608
946 54
274 448
901 279
650 134
523 55
6 223
663 422
998 845
821 929
837 375
506 375
571 868
782 942
980 558
588 482
32 154
170 682
680 692
950 103
490 810
13 511
399 960
95 572
471 370
194 438
280 677
911 773
55 66
373 459
673 690
401 465
174 531
129 374
62 313
833 597
396 952
697 295
327 437
584 206
481 152
279 81
820 52
642 313
158 419
404 513
772 148
870 588
307 680
674 410
381 16
451 907
810 383
538 370
652 840
399 667
410 630
772 445
545 176
868 344
451 905
307 105
952 609
790 967
439 312
215 430
138 746
597 707
234 388
844 453
235 831
188 350
36 94
150 953
552 505
306 341
868 626
35 471
127 217
263 36
811 680
520 685
636 604
317 644
210 889
637 351
239 941
993 408
260 479
239 563
815 1000
784 659
133 80
245 473
596 385
893 868
495 928
228 517
323 913
188 829
264 490
544 957
104 54
314 617
326 818
239 423
172 40
340 84
428 742
251 79
124 180
428 179
412 131
739 866
926 215
422 715
657 83
60 758
530 214
658 451
306 751
853 509
109 873
632 986
253 106
717 454
918 247
988 504
853 691
439 130
716 636
989 71
295 123
406 401
445 109
663 361
25 787
827 351
25 521
58 296
903 178
498 965
52 415
622 671
354 37
894 396
124 985
31 836
241 683
585 231
870 272
65 999
229 540
539 3
432 697
40 251
865 486
328 16
18 374
25 74
870 149
985 993
127 268
925 14
42 101
63 403
976 686
920 243
729 754
469 597
97 825
749 285
480 95
678 5
847 439
262 981
639 229
705 280
846 847
407 237
192 490
735 873
551 230
602 409
948 458
933 691
134 766
45 907
210 462
713 105
270 794
386 492
755 33
441 592
897 976
292 998
910 11
383 300
283 418
855 55
832 215
104 417
707 621
326 932
828 693
679 541
133 763
787 921
782 948
363 917
440 9
438 559
249 424
135 145
963 642
783 877
408 335
955 576
980 26
886 143
855 588
51 239
112 761
839 381
5 539
445 659
664 706
182 567
406 896
28 239
935 283
917 599
476 667
965 681
23 203
354 645
578 626
147 13
181 30
318 626
166 838
857 151
651 395
774 840
332 522
143 832
311 722
697 61
601 210
654 434
832 270
5 644
823 87
464 449
643 795
381 379
460 788
822 422
804 404
754 322
530 46
882 179
273 655
445 315
186 442
456 65
595 131
845 226
837 159
430 970
446 126
947 850
10 19
266 968
602 128
950 41
894 505
871 931
314 992
870 551
212 327
447 783
734 21
826 215
289 91
143 690
41 369
345 860
741 329
8 258
110 862
905 374
449 636
709 673
590 814
627 197
10 999
507 654
64 179
378 428
777 818
286 694
378 216
679 688
338 494
881 360
801 774
351 399
663 756
209 267
139 968
906 91
689 104
790 344
259 880
801 875
781 702
535 327
252 183
824 392
672 605
198 554
646 42
656 324
426 623
631 661
411 886
284 315
230 406
554 576
798 506
533 637
452 492
375 809
784 845
542 649
963 428
37 90
732 117
549 233
508 645
15 445
627 886
67 205
878 911
329 817
991 843
300 810
805 764
807 182
327 184
489 559
476 329
281 638
31 806
833 348
361 922
199 75
3 677
315 932
224 610
698 261
182 818
371 365
252 337
690 575
767 726
300 226
871 853
770 615
757 248
941 677
584 562
549 206
972 848
598 443
351 522
574 485
381 518
250 175
110 699
203 409
943 148
623 658
790 274
603 789
394 331
145 398
232 333
891 410
246 513
617 126
779 482
732 939
378 291
111 144
673 30
216 38
711 116
635 337
421 381
369 370
732 888
50 877
247 519
683 811
485 950
784 12
438 935
254 819
946 328
415 798
310 206
852 563
956 338
739 891
890 42
941 180
989 535
756 146
459 865
652 73
185 9
843 416
904 30
849 665
186 338
278 539
563 221
893 429
43 920
263 302
591 436
288 272
648 369
591 1000
52 210
369 210
8 759
91 343
533 846
21 454
650 255
144 673
6 277
990 195
129 515
81 231
345 558
500 276
12 892
337 743
138 744
30 250
466 387
395 99
899 482
552 949
348 582
228 247
567 70
88 479
583 685
999 395
419 541
650 651
17 177
165 656
597 434
722 718
539 382
101 482
151 574
316 905
886 756
807 289
39 447
461 878
199 388
691 746
92 639
930 275
160 30
131 905
259 130
94 764
138 364
784 137
726 25
692 929
750 198
883 335
735 690
203 346
419 882
426 830
441 432
680 961
282 50
783 515
20 998
166 406
377 140
837 483
119 681
300 826
142 981
766 691
343 56
56 249
247 329
737 532
12 433
178 586
964 199
686 915
280 630
158 917
662 17
741 184
192 228
227 958
650 695
25 355
249 642
355 448
7 478
313 603
734 105
338 797
818 387
30 731
968 62
913 278
270 431
729 304
159 158
378 45
315 542
732 225
955 826
590 179
243 390
133 833
462 329
460 561
461 516
893 162
5 440
615 438
352 138
604 812
982 593
386 887
381 898
578 870
312 658
853 723
678 482
251 885
119 295
474 40
154 655
203 128
948 245
568 494
982 855
597 788
144 601
432 577
567 902
200 4
863 912
460 85
424 727
960 792
353 626
544 904
230 849
26 174
613 840
975 944
762 547
836 977
807 576
667 24
36 957
328 57
253 104
382 355
316 924
502 713
712 965
978 750
16 8
537 649
441 521
928 742
719 458
304 412
118 579
523 948
510 104
278 87
818 647
124 231
280 315
743 264
211 512
288 380
799 240
473 825
393 289
915 869
432 166
947 381
525 688
827 956
471 92
462 65
285 160
739 8
884 14
447 92
164 250
27 314
853 750
678 378
832 295
176 7
909 558
411 241
860 77
112 160
541 385
922 790
470 911
346 187
157 553
455 382
330 432
220 737
162 341
816 674
27 487
960 874
919 203
970 577
786 905
333 251
754 360
347 464
626 416
967 393
530 123
372 883
757 570
641 692
328 167
765 418
27 231
998 187
42 8
648 991
989 298
663 501
212 815
138 389
185 969
263 221
823 250
647 963
81 500
119 773
278 353
550 143
799 414
508 935
529 551
718 77
919 563
595 309
357 597
662 522
569 817
210 497
113 956
816 523
644 230
101 845
618 972
459 880
760 410
584 452
833 705
397 55
147 328
694 286
151 407
920 525
727 355
8 29
228 644
152 771
67 488
791 282
518 601
650 88
414 806
889 329
885 344
337 159
293 233
215 269
311 730
1 116
973 370
703 618
739 917
300 776
589 403
542 913
617 179
621 739
737 726
410 234
578 445
895 642
724 156
771 744
926 43
702 640
750 252
896 977
935 669
290 348
496 96
382 139
308 213
104 224
268 946
94 306
948 142
723 742
77 458
653 451
169 999
225 671
698 959
985 746
729 162
42 938
9 960
423 554
484 903
564 996
420 256
263 514
673 448
249 618
919 545
763 881
442 236
949 934
379 397
134 856
396 594
877 10
551 849
994 226
608 298
305 455
173 530
80 683
581 890
521 486
366 907
386 70
217 474
605 632
509 721
615 618
18 549
101 634
825 78
251 539
629 952
442 200
887 803
443 9
599 900
75 235
359 250
535 747
19 887
716 317
330 391
63 133
25 452
230 669
915 385
990 405
336 261
177 458
233 741
629 333
425 115
95 937
921 233
928 449
372 984
601 40
690 381
395 940
778 961
308 462
64 93
552 946
661 105
616 133
178 897
256 60
962 739
545 262
365 396
466 865
593 69
970 757
897 735
391 419
617 885
13 244
643 380
597 227
226 411
943 652
110 466
728 968
266 624
939 925
805 671
8 121
159 94
854 474
42 218
722 745
673 951
708 488
250 626
902 367
349 985
9 933
656 739
52 6
769 952
946 924
303 889
707 468
393 359
72 243
401 698
225 14
92 162
844 521
704 950
486 795
877 238
407 226
42 787
963 301
708 638
580 777
766 946
890 66
373 204
120 448
202 534
506 453
821 47
316 768
558 9
714 706
136 308
116 412
792 270
253 932
434 128
99 866
239 263
675 17
844 177
620 744
535 582
615 894
277 878
388 670
315 464
363 473
971 271
690 211
184 117
945 608
357 723
266 331
655 900
813 673
831 786
814 294
550 803
922 220
363 585
754 725
257 90
878 128
287 882
936 90
992 693
176 825
833 315
491 548
143 489
704 447
690 80
241 212
703 308
848 718
332 285
541 96
399 677
737 724
131 786
79 635
858 68
100 673
430 347
81 613
458 459
769 379
553 223
117 776
239 162
116 530
522 455
267 634
450 119
642 515
52 225
912 516
309 760
63 904
74 915
942 48
644 450
399 530
681 762
780 570
763 494
98 905
767 307
211 821
100 691
376 191
827 698
443 76
691 115
978 566
651 370
319 538
99 722
289 173
998 16
519 330
468 212
395 877
530 767
172 950
634 445
818 369
984 893
653 690
455 440
321 936
516 922
372 13
516 415
707 705
846 398
115 519
401 224
148 517
783 832
75 585
664 234
576 26
409 618
307 63
878 888
952 139
353 285
178 116
388 930
487 540
391 249
370 281
370 720
719 917
288 373
685 250
600 138
207 225
453 535
2 286
190 881
915 745
766 927
568 753
965 506
723 804
281 500
731 224
49 830
145 109
637 446
775 655
381 397
656 847
164 818
784 416
735 334
420 163
533 777
326 412
303 468
722 875
341 248
883 564
764 167
338 317
966 889
831 657
380 63
617 671
682 839
691 431
487 708
708 69
187 273
746 101
232 906
796 56
419 48
549 356
160 833
917 222
530 288
281 644
486 371
92 400
255 800
371 323
3 655
982 49
32 469
290 886
106 565
1 977
957 985
432 50
193 97
19 262
693 926
884 593
814 580
539 277
786 774
279 842
120 324
362 196
212 986
291 545
110 11
874 530
961 165
970 708
664 246
806 412
21 280
438 669
405 365
744 446
207 212
855 787
145 287
30 382
47 447
274 691
123 867
346 349
611 910
258 788
413 799
599 180
974 662
735 551
995 541
451 123
128 366
115 762
972 883
856 5
43 381
559 323
882 625
91 549
136 588
206 931
64 303
155 480
311 536
431 567
508 656
142 610
459 795
947 142
673 42
281 38
381 355
797 800
862 7
642 663
21 187
533 450
677 302
685 917
727 943
485 761
3 664
226 473
731 691
665 25
643 207
201 482
727 218
854 843
938 538
859 526
609 999
388 993
867 308
681 463
983 491
881 798
40 825
601 697
462 934
975 520
264 268
610 321
834 515
992 125
654 913
358 454
228 374
897 317
883 686
466 917
239 410
67 864
373 147
626 87
256 885
808 786
895 969
602 539
20 761
585 948
469 146
945 167
180 896
225 222
686 269
310 310
673 806
828 17
474 888
155 562
546 474
962 709
757 902
377 73
85 85
124 542
405 885
850 70
920 935
416 585
409 948
643 33
275 721
717 169
183 923
488 633
325 500
472 855
885 223
350 238
441 851
633 96
306 34
455 848
288 857
375 396
645 627
337 2
521 900
271 847
500 262
758 181
114 314
664 865
572 353
841 226
815 874
626 284
569 904
164 208
748 214
213 39
119 555
540 859
569 673
353 870
435 924
754 788
5 228
125 105
918 778
918 83
686 121
705 479
864 4
258 523
841 805
21 356
605 524
286 746
341 579
538 617
971 12
107 343
491 158
630 898
428 621
541 409
722 25
802 676
680 165
615 575
774 105
281 353
697 107
638 209
826 927
558 909
460 46
600 962
273 113
715 914
597 265
179 369
408 857
815 888
683 516
939 863
891 587
709 764
374 146
647 299
894 665
835 474
143 567
122 582
77 825
585 166
867 879
404 526
584 771
191 175
61 250
627 924
466 570
985 232
137 433
611 304
807 295
321 819
401 683
908 973
62 461
915 206
382 549
101 853
275 885
746 951
284 229
927 278
852 548
205 976
742 164
197 963
791 248
301 66
548 107
358 806
376 50
695 478
458 855
172 658
790 783
349 672
47 192
627 288
332 676
628 699
132 460
929 99
148 554
566 651
620 421
776 252
520 423
543 999
736 848
404 496
139 914
491 747
970 757
807 93
724 666
908 898
927 647
959 771
495 526
146 252
713 85
348 134
364 840
684 385
486 370
731 911
741 609
358 9
554 363
510 520
954 294
474 483
17 138
574 956
322 835
638 323
360 1000
234 305
474 379
898 232
9 392
155 107
27 711
149 649
985 215
326 586
443 518
596 936
556 824
890 767
664 148
886 187
821 468
925 295
396 356
800 622
56 392
374 923
386 175
277 448
389 414
585 442
246 14
252 360
791 559
753 75
670 382
549 251
880 817
654 734
639 831
407 612
402 192
512 232
504 975
321 983
141 425
193 297
758 713
141 130
342 952
172 251
109 434
813 122
890 913
504 565
960 955
311 689
295 602
337 136
446 467
97 479
497 573
22 717
785 406
425 451
255 605
6 736
598 628
979 496
461 74
318 37
262 781
207 26
459 644
94 146
289 707
951 165
902 805
942 745
385 900
443 415
787 915
380 771
803 410
514 138
490 339
839 640
529 927
262 476
850 320
96 245
675 864
408 565
926 104
699 170
363 500
510 974
994 447
11 276
433 806
809 932
273 200
645 728
947 282
443 269
396 179
631 258
950 256
211 352
765 525
899 733
883 547
841 64
87 827
12 154
665 71
795 292
50 72
736 37
156 458
526 292
97 693
843 718
947 519
136 517
97 480
154 432
495 810
955 673
140 825
483 554
81 950
764 153
81 96
38 781
775 569
205 114
366 930
693 51
519 734
695 546
674 358
674 535
555 357
148 327
295 212
186 101
823 203
635 207
296 695
917 119
86 53
816 886
57 700
937 486
989 709
691 716
780 189
472 652
915 522
539 952
469 372
147 124
298 203
586 53
961 857
159 742
616 390
978 550
812 713
563 797
847 668
820 405
922 666
219 126
631 323
448 118
801 896
374 906
249 148
183 324
555 932
194 264
909 328
108 946
178 70
411 250
336 492
539 951
107 407
991 396
948 490
344 332
274 644
611 119
274 380
794 817
915 747
830 126
46 681
974 696
144 905
352 648
718 516
438 750
431 622
758 506
893 142
255 370
66 975
523 345
534 798
962 589
468 514
650 510
441 913
459 236
913 911
830 136
473 979
874 119
486 292
713 629
809 738
58 893
745 187
230 472
472 231
945 980
112 213
977 879
42 839
118 508
298 746
927 841
535 537
236 740
108 85
937 373
843 637
440 280
617 724
968 712
198 830
665 258
670 778
887 904
822 527
316 155
89 898
892 469
38 998
426 530
543 515
541 827
368 992
789 685
384 915
246 686
548 273
538 79
1000 6
242 528
802 254
364 562
257 445
634 811
701 404
259 631
718 208
246 465
770 839
718 93
988 201
21 565
630 281
264 793
380 686
778 61
156 761
711 821
464 829
975 15
131 116
956 889
871 814
126 532
209 298
565 596
34 17
832 881
485 704
639 503
683 131
901 75
262 83
736 212
921 234
257 191
309 256
418 736
513 325
621 667
412 513
800 964
147 606
691 932
198 523
256 156
868 257
264 201
276 586
74 9
150 493
51 500
798 932
830 154
159 900
676 205
418 584
420 912
176 575
268 544
986 474
689 29
82 298
268 824
182 221
235 85
630 247
940 280
427 114
998 607
349 645
728 874
404 540
323 964
133 298
242 866
394 522
553 776
83 722
131 846
689 811
677 189
255 835
745 297
452 780
196 164
697 306
716 786
978 317
860 782
725 854
944 643
966 842
42 177
152 742
701 806
832 290
263 465
886 73
965 737
168 979
183 658
368 419
917 207
874 424
870 730
630 125
312 717
736 198
898 745
474 876
855 915
127 942
467 660
774 34
371 589
792 796
48 782
451 856
448 693
634 109
157 482
514 945
176 587
874 788
35 59
345 177
430 106
783 808
645 751
5 155
980 737
974 521
411 608
919 350
853 165
111 998
826 694
474 81
784 963
551 625
259 277
468 585
861 739
663 51
881 241
289 14
478 743
86 672
864 164
741 458
935 774
380 165
599 949
159 3
841 675
563 565
707 710
27 460
220 993
512 810
691 257
526 575
265 54
638 464
368 201
145 311
102 40
561 210
573 821
17 984
683 397
204 752
613 841
453 634
769 673
920 458
976 437
648 244
849 116
355 374
331 645
614 605
182 800
280 709
469 945
964 998
142 180
169 520
289 362
347 977
548 294
317 737
104 991
677 592
872 769
346 978
550 646
31 27
900 820
709 876
53 157
16 794
338 914
935 566
225 63
385 498
868 158
629 885
920 652
191 125
650 492
300 797
590 747
525 985
646 399
986 245
329 388
118 342
943 704
406 837
186 462
464 78
715 234
237 338
647 783
646 871
274 469
750 463
277 11
63 306
380 937
299 147
969 414
450 591
973 517
800 17
695 168
394 687
278 500
896 969
63 644
488 800
934 862
435 363
443 475
160 987
662 816
407 842
223 622
532 409
305 590
663 66
798 846
840 778
767 847
209 845
665 684
700 10
572 782
935 732
570 406
924 875
945 826
156 725
353 772
455 32
592 221
848 766
9 605
460 445
140 167
275 314
905 466
715 217
857 155
785 378
510 681
14 265
312 984
226 873
439 51
880 434
987 671
198 238
865 126
393 919
274 935
386 680
956 15
650 620
471 371
434 774
412 395
612 486
356 33
940 380
630 825
594 550
522 896
580 896
888 692
479 749
575 741
971 973
502 48
545 445
533 494
673 696
243 920
81 642
408 850
443 625
702 473
432 808
885 573
350 938
317 336
280 828
543 222
371 178
410 713
871 479
65 603
185 642
894 229
533 689
118 947
634 714
800 192
762 17
941 90
752 174
340 994
524 140
38 735
57 662
385 186
43 391
115 753
497 487
507 102
521 548
848 313
11 195
322 605
843 76
872 76
123 95
734 536
147 116
71 676
703 492
154 686
915 656
73 247
50 797
395 660
63 723
592 423
197 736
416 804
604 768
354 16
911 927
127 769
349 300
746 522
816 316
481 307
872 370
62 363
808 805
756 341
886 358
215 256
707 140
837 846
262 961
858 648
926 89
653 853
270 912
840 265
406 10
890 152
310 2
739 956
229 923
80 180
237 291
240 870
724 923
709 178
624 679
755 292
638 98
65 963
365 475
729 607
157 542
887 690
506 727
356 790
498 459
119 958
387 857
900 32
120 844
208 686
522 36
183 645
456 963
361 178
955 865
244 974
212 427
213 62
785 56
649 124
37 48
690 516
529 523
810 576
779 430
621 708
466 130
422 49
151 503
207 749
588 294
254 409
537 23
605 371
826 875
77 567
488 648
164 907
660 24
854 332
689 94
305 427
114 968
745 630
668 180
161 533
27 694
271 417
144 804
467 344
83 462
435 477
517 336
515 64
713 976
504 189
939 360
524 61
848 522
720 685
384 900
978 919
544 760
322 915
281 961
427 872
135 484
290 785
199 814
327 881
63 26
591 55
247 5
480 654
212 296
260 796
239 999
571 660
945 789
647 144
84 527
867 153
385 227
153 109
127 259
214 946
445 797
625 729
189 787
82 150
688 143
913 369
22 980
458 597
701 494
875 600
762 89
379 248
622 709
466 888
285 765
889 154
351 859
53 618
760 47
457 487
45 334
860 278
698 233
657 10
894 763
968 540
409 11
837 386
546 373
232 530
848 814
177 177
841 841
621 878
127 798
376 886
506 368
862 510
616 823
452 190
625 585
796 966
887 598
472 870
552 992
36 106
317 560
550 164
300 304
729 448
936 591
6 346
84 509
68 248
950 904
892 235
409 199
413 891
147 756
932 707
414 794
436 638
48 868
572 252
267 620
19 106
205 509
328 643
360 272
628 212
399 263
189 201
78 626
709 533
143 319
567 719
799 23
744 691
886 238
123 805
335 579
640 152
91 399
393 960
11 268
954 429
930 410
554 693
834 678
757 396
4 273
903 672
745 549
764 995
661 671
523 429
680 795
499 802
79 801
481 357
441 838
631 767
920 469
694 148
793 160
125 786
552 800
419 791
569 188
843 110
574 1
795 337
765 152
241 967
173 103
392 415
185 549
220 132
864 393
628 455
665 573
624 630
573 477
759 197
449 98
647 479
58 483
28 697
927 878
896 28
161 24
49 527
426 842
920 819
130 45
170 187
694 294
587 516
190 375
483 746
833 718
969 396
324 544
430 277
517 919
934 474
678 46
373 614
40 455
395 965
911 597
769 625
877 561
936 136
202 955
786 118
574 979
739 995
436 95
240 970
165 434
493 696
364 823
147 201
872 780
56 406
243 847
917 192
566 665
148 785
909 746
750 858
350 680
485 811
121 482
317 129
733 719
226 683
56 167
628 170
842 775
85 336
739 148
561 555
35 199
620 545
137 496
82 808
405 597
619 505
878 821
487 114
130 640
59 308
658 934
563 274
79 118
76 114
775 140
415 460
940 279
151 548
453 63
503 64
157 413
142 319
76 845
448 259
503 364
567 76
245 114
744 63
861 726
15 632
233 367
552 654
675 615
337 262
784 368
942 793
376 83
638 986
190 573
211 971
706 845
14 922
173 159
311 22
972 393
307 6
955 957
603 265
714 330
227 68
901 326
730 971
334 502
397 500
47 476
715 182
217 902
923 297
699 28
541 288
32 440
725 587
747 608
993 272
625 983
316 776
336 992
316 362
817 45
273 975
138 702
639 333
651 974
979 776
791 951
70 263
54 656
673 787
766 447
503 779
89 864
540 468
166 444
88 540
397 585
190 25
354 752
646 293
417 771
794 777
460 400
932 853
837 36
882 453
495 565
448 394
921 705
898 516
724 99
884 15
647 210
168 817
515 460
251 777
910 902
695 968
94 370
946 331
81 872
266 259
856 78
45 331
90 930
673 647
895 210
601 34
512 287
79 264
511 586
710 103
711 154
230 458
256 231
710 187
950 803
445 542
715 391
801 560
461 546
858 600
716 912
564 441
943 900
760 666
621 679
579 735
890 806
588 53
895 440
666 115
674 957
179 62
610 951
876 165
631 857
856 510
44 298
29 238
928 789
921 712
897 16
269 741
177 874
517 536
899 230
377 490
445 426
395 676
430 59
897 362
45 701
202 672
929 748
665 356
900 24
172 166
473 517
969 745
942 123
302 23
889 426
409 71
603 316
700 546
792 948
699 554
738 677
841 413
761 741
466 536
81 519
630 713
886 529
419 329
707 891
880 787
586 200
235 106
860 214
526 512
973 860
45 960
355 703
65 79
51 98
613 585
276 334
377 887
306 541
255 388
332 698
408 61
591 880
514 880
303 828
58 191
577 612
346 366
722 107
47 165
650 539
937 984
635 142
770 554
963 661
882 46
195 721
657 639
731 204
678 332
636 667
731 361
393 58
593 617
531 30
461 618
798 282
452 731
177 992
752 885
516 365
657 552
537 621
13 631
217 802
414 535
741 794
888 193
474 672
747 387
882 727
129 882
37 695
974 575
420 603
965 894
995 265
34 538
327 58
849 279
921 655
163 908
275 891
487 414
96 600
562 405
402 689
694 160
647 922
358 98
414 309
886 183
252 688
556 99
452 159
757 115
362 15
22 448
669 77
375 702
862 531
580 228
70 956
562 747
782 225
130 656
978 403
569 540
336 36
836 785
818 145
507 844
682 806
382 440
996 142
111 541
186 846
106 353
535 637
819 36
822 956
803 456
983 244
619 685
539 874
846 483
305 684
155 894
375 332
466 609
830 482
624 691
705 148
376 981
364 268
925 154
213 376
263 207
911 137
551 283
720 642
546 528
1 221
279 410
432 402
816 220
790 92
16 585
221 106
296 870
259 202
750 830
142 466
707 288
509 350
139 838
639 123
395 391
112 659
51 362
445 93
402 727
348 897
559 273
787 346
144 170
985 63
545 237
939 548
102 164
588 561
626 405
903 31
57 406
480 217
886 182
151 643
913 72
991 225
777 238
655 415
769 334
104 392
323 636
663 721
267 491
227 254
489 871
575 998
124 11
868 969
500 234
325 155
978 27
142 495
340 804
850 231
580 792
558 424
587 67
926 390
516 380
627 503
635 204
40 806
873 739
93 609
762 136
64 669
561 215
948 4
982 586
84 381
860 276
154 156
969 926
179 739
854 670
574 927
539 968
85 852
660 188
417 880
996 962
149 206
699 159
380 123
315 267
890 227
801 99
17 678
600 346
250 634
22 814
798 346
390 779
22 24
239 566
576 274
114 390
578 922
910 133
312 21
952 24
46 263
123 732
231 643
688 319
336 779
256 422
307 439
387 546
478 792
277 130
848 422
971 852
714 591
851 706
115 77
604 154
337 759
822 840
33 571
228 967
22 303
395 3
858 43
755 965
148 78
196 66
358 64
765 515
883 674
404 928
925 448
697 809
23 461
896 230
135 452
683 375
410 53
931 253
256 44
950 426
899 106
905 989
936 701
204 543
224 840
953 471
528 205
401 260
592 946
332 358
735 885
723 339
411 799
909 889
502 500
788 42
637 530
421 59
990 20
993 971
144 302
452 968
835 122
271 687
263 898
135 69
29 973
646 807
50 296
134 322
550 470
64 431
782 909
122 708
731 64
769 26
565 639
242 428
84 666
751 201
448 761
350 978
278 458
938 303
749 129
940 782
412 48
575 271
449 600
458 36
494 192
50 226
780 903
228 900
10 348
14 223
64 107
486 469
764 738
143 15
612 304
784 154
963 211
394 615
726 379
621 61
769 336
177 407
647 206
105 815
454 591
572 833
578 278
461 547
888 898
883 996
310 912
898 401
403 207
32 185
336 415
406 228
980 449
883 831
270 818
987 40
594 81
162 886
690 626
695 637
990 730
19 711
833 441
96 820
695 65
642 750
983 981
394 352
720 907
616 835
456 545
594 564
644 394
161 926
21 907
96 33
333 352
66 429
721 838
187 160
957 252
987 697
175 327
261 490
640 116
177 677
793 250
487 399
880 764
477 993
365 963
790 2
576 430
749 942
299 810
234 518
769 510
286 120
633 563
103 900
423 640
809 106
239 225
949 284
296 864
131 878
634 547
145 853
498 902
20 337
537 749
250 653
995 123
888 46
651 772
417 539
216 341
121 397
584 657
934 102
785 426
158 996
268 371
55 644
562 455
131 729
188 912
334 210
680 60
456 24
480 535
769 741
496 754
378 500
863 707
30 595
614 246
644 587
33 556
872 519
606 961
969 72
413 323
7 494
259 636
933 35
784 182
90 27
772 955
427 148
361 373
706 738
976 272
645 287
414 303
616 522
717 266
542 992
585 506
218 168
17 609
193 279
304 409
55 873
665 263
432 705
542 824
745 637
627 402
958 313
630 795
165 870
611 359
2 573
389 850
237 726
505 451
549 981
674 650
810 649
510 102
659 706
783 512
634 482
217 956
972 295
524 199
769 653
718 116
475 311
636 812
499 456
338 382
956 785
874 750
847 297
544 594
614 577
891 15
238 605
626 385
244 793
790 88
335 696
746 90
132 988
331 235
786 713
729 383
955 662
107 80
516 788
781 251
388 242
55 533
253 135
520 117
378 574
744 241
382 640
593 977
36 333
53 179
819 858
362 431
491 154
147 46
45 163
946 988
486 952
388 490
90 656
959 316
493 215
177 215
12 668
977 496
748 1
628 338
865 249
497 680
435 760
110 852
253 378
79 509
29 181
405 508
25 799
390 288
607 882
709 68
236 472
308 641
728 561
345 472
415 336
726 440
166 142
639 611
136 217
349 607
425 842
702 453
159 147
505 543
327 911
113 519
587 408
90 815
458 526
288 479
651 109
501 28
884 774
777 895
242 617
173 393
973 311
447 941
486 912
225 273
113 564
345 577
917 478
688 78
595 715
898 149
509 219
196 154
403 283
9 552
562 796
730 361
789 300
557 28
385 482
885 216
826 522
181 94
262 584
958 996
869 104
230 347
706 849
199 998
401 906
551 306
729 161
882 982
637 925
389 286
570 819
544 147
622 378
701 520
401 583
151 608
228 106
773 642
184 383
278 507
5 331
467 915
605 294
492 982
995 612
325 221
816 73
728 645
247 825
139 508
330 688
832 383
324 747
305 435
14 358
630 935
387 714
68 508
558 637
102 189
907 599
664 740
265 721
45 707
674 427
77 315
452 81
794 568
198 566
221 209
945 738
923 480
580 705
631 514
277 182
429 555
186 764
682 493
555 973
717 935
26 238
632 417
432 576
61 243
542 901
579 572
347 841
174 678
43 486
881 944
902 295
763 542
929 241
401 354
698 789
706 35
511 221
602 170
116 61
947 816
484 383
190 218
463 639
564 316
891 221
403 203
111 455
910 373
985 60
28 693
937 588
701 815
707 768
32 579
106 91
409 160
612 460
629 805
306 800
462 926
946 640
200 242
358 203
460 115
339 815
423 265
751 16
414 874
969 826
661 340
449 919
255 791
704 539
486 140
925 62
784 512
815 43
170 723
121 866
130 937
310 356
647 523
864 140
398 400
816 384
538 375
32 933
28 746
425 934
379 415
525 713
133 901
545 801
139 887
680 945
316 438
249 327
981 824
673 922
408 550
85 586
398 866
860 478
51 831
553 93
450 429
55 975
558 59
596 328
602 311
805 484
486 714
193 782
457 828
199 440
540 915
992 123
630 173
587 684
214 373
127 553
517 312
59 98
747 767
97 874
892 62
443 759
733 412
1 96
786 819
771 113
577 464
134 599
491 369
368 775
279 131
707 89
561 403
568 750
896 580
454 194
783 251
302 548
114 565
651 757
873 263
769 637
272 27
247 31
190 8
353 978
400 827
976 682
351 943
923 100
890 861
836 621
381 122
755 50
29 228
670 763
514 265
664 283
334 578
587 899
235 863
26 177
812 947
173 676
324 368
598 476
923 143
849 302
839 724
159 200
884 417
773 188
285 371
20 236
115 634
585 959
249 73
332 981
403 8
834 875
198 306
297 733
527 171
725 991
908 944
162 174
382 572
602 948
194 503
740 318
32 642
482 310
161 360
414 571
519 627
577 781
700 482
915 983
504 82
519 686
423 308
933 209
708 112
424 714
87 220
585 509
771 217
952 366
340 453
558 57
94 763
928 221
402 487
82 264
630 914
492 379
186 484
657 153
700 783
106 608
964 921
394 144
717 562
742 367
141 648
856 778
38 645
864 135
446 168
158 644
849 288
40 546
926 29
111 331
792 219
911 666
130 979
950 187
727 124
394 432
321 274
35 893
272 7
348 538
614 770
888 892
988 785
200 852
219 991
921 258
246 131
581 879
622 860
56 526
291 454
929 818
766 36
561 945
429 446
735 834
172 186
925 483
937 732
520 412
691 6
773 47
834 102
466 513
363 632
294 338
146 156
144 324
757 789
285 349
422 837
256 636
416 939
50 810
262 20
349 220
664 930
676 508
173 225
129 518
183 988
96 63
120 717
467 208
246 192
612 754
567 87
376 341
273 660
681 734
439 438
987 662
398 805
291 889
760 338
70 408
867 92
819 346
756 352
923 958
109 420
686 265
306 294
691 109
491 864
764 943
887 473
965 498
444 38
341 449
826 39
849 300
261 587
257 888
673 243
365 481
258 716
377 470
634 353
185 269
940 95
843 996
354 662
416 847
628 365
212 849
27 846
508 210
735 310
628 405
735 481
62 970
524 411
515 653
983 187
250 226
732 984
742 807
211 10
96 787
773 5
673 41
718 608
983 310
492 861
401 642
621 865
318 244
971 481
2 973
81 465
195 96
297 137
783 666
288 747
259 557
187 28
933 195
890 494
891 353
933 488
560 550
826 840
813 671
134 850
80 47
774 656
345 546
910 664
395 23
861 681
472 805
168 678
824 862
622 143
956 400
626 983
73 881
934 648
538 918
386 78
279 485
972 168
532 691
825 560
766 480
294 408
811 298
304 16
869 567
515 506
785 718
720 863
772 79
192 73
816 341
925 247
93 762
998 264
828 719
540 423
811 159
849 241
521 44
975 854
191 895
315 643
53 750
766 26
684 55
880 132
785 722
825 364
312 650
133 974
507 567
630 715
458 138
922 858
690 179
817 432
189 823
69 329
679 30
357 314
798 351
818 806
857 62
827 887
804 906
90 400
852 212
407 301
568 280
45 654
536 745
615 523
929 903
49 882
504 682
124 562
275 948
598 933
408 388
491 879
158 208
229 136
979 250
966 103
557 966
413 821
90 884
676 583
23 755
290 707
382 990
645 252
1 959
362 109
389 777
73 184
364 18
4 857
52 170
981 716
967 296
584 491
915 999
401 182
420 779
741 228
427 465
413 779
732 503
172 780
25 986
925 326
651 417
979 299
445 766
412 420
227 222
744 73
565 953
6 810
155 517
256 448
118 190
862 789
539 372
655 102
531 62
197 225
516 518
902 943
779 184
816 76
220 667
494 818
78 766
194 227
874 428
885 122
805 841
170 456
584 863
116 619
574 632
919 465
576 646
954 412
303 5
416 50
697 173
489 969
474 661
923 901
481 995
366 720
233 267
352 180
203 509
464 127
828 143
154 616
181 692
188 313
991 642
320 345
268 527
822 614
382 314
249 540
753 384
965 917
609 38
87 998
209 515
788 764
843 25
931 135
42 569
102 571
162 717
703 789
813 859
493 572
764 283
106 2
688 662
676 893
345 653
728 167
368 163
87 333
880 993
512 250
799 977
260 478
980 332
168 720
111 926
466 427
489 747
842 199
332 643
560 498
303 844
65 241
780 816
995 260
181 790
340 390
113 229
264 370
102 618
595 476
96 720
242 345
157 248
971 908
406 122
555 335
303 997
529 307
65 266
822 669
970 55
755 828
770 753
273 351
765 237
295 833
700 245
735 277
951 46
469 907
156 33
208 656
210 441
531 739
976 517
147 835
565 807
593 153
432 337
916 182
317 546
368 359
235 733
477 618
854 96
487 71
635 471
181 69
109 227
695 229
91 885
731 170
187 68
583 320
305 778
491 309
921 935
334 170
63 574
799 279
755 884
613 260
762 780
414 568
492 432
784 371
534 72
675 732
139 183
754 78
745 283
862 484
475 234
444 324
351 403
594 742
746 320
10 597
263 162
193 677
739 514
523 545
859 885
270 480
165 26
193 236
838 93
798 847
911 160
539 199
218 986
199 885
256 421
665 943
249 642
475 317
145 688
131 624
745 365
113 720
193 618
155 982
376 164
37 823
967 302
977 308
678 566
650 213
27 342
81 342
836 720
804 764
788 357
482 543
927 605
395 501
883 59
823 447
836 224
698 121
823 384
765 202
425 700
219 116
593 491
736 723
311 342
310 908
128 736
718 814
283 170
498 811
971 417
587 109
633 951
163 274
218 257
303 558
433 265
463 417
887 822
191 695
852 194
428 7
209 60
388 348
25 332
462 883
56 304
379 587
44 100
776 63
31 199
707 337
395 538
788 440
214 895
310 437
699 249
841 86
781 745
14 557
253 584
200 122
995 981
41 27
195 928
285 783
878 980
530 95
249 556
343 903
932 261
201 29
976 325
153 837
975 308
310 97
245 57
836 477
159 24
561 863
270 2
554 117
316 8
481 216
654 666
517 849
906 131
115 720
942 40
788 16
975 22
515 308
212 365
338 114
660 241
190 693
188 1000
921 948
433 77
530 110
148 320
989 84
177 479
944 340
577 409
684 463
139 321
210 978
958 973
479 713
15 449
553 755
456 411
693 58
889 410
740 282
553 472
880 871
183 902
507 764
976 165
288 804
8 484
662 215
216 890
324 485
538 870
253 241
955 414
85 661
654 608
498 214
101 541
184 693
799 184
251 306
148 658
493 776
252 84
670 343
551 987
201 49
800 213
924 484
599 66
726 850
724 221
737 504
639 459
611 89
824 370
598 766
982 473
409 443
15 122
237 611
123 440
188 22
706 255
859 82
663 198
792 891
514 465
795 201
83 537
141 368
29 595
811 830
53 643
523 22
342 765
593 321
22 43
625 524
18 975
292 58
736 671
210 346
340 261
14 920
369 619
3 661
898 887
494 759
918 451
358 525
228 547
450 114
262 800
727 492
740 554
341 854
8 365
386 11
555 827
513 825
225 393
229 737
999 103
281 763
752 350
158 177
674 773
509 753
73 589
896 345
263 581
435 755
336 513
189 830
468 981
576 706
602 895
85 747
842 132
906 520
569 74
180 128
902 277
807 590
369 158
28 212
462 149
425 613
20 549
564 45
459 818
388 591
797 887
265 525
740 337
938 669
258 514
523 157
726 300
631 65
783 505
794 709
905 712
76 270
292 190
957 45
371 130
165 116
595 319
831 252
431 918
465 949
886 74
699 257
226 410
391 377
626 171
385 983
262 698
798 534
210 480
734 943
130 655
850 36
620 55
298 877
874 508
843 584
118 620
890 915
427 785
68 241
539 656
545 361
421 525
892 959
403 704
40 43
843 904
212 337
363 649
17 672
757 828
715 238
304 376
773 444
226 279
303 344
186 57
880 503
920 764
552 509
83 143
628 651
655 267
325 368
666 889
184 737
488 911
448 406
976 998
44 650
540 820
446 4
511 285
234 933
719 71
898 660
633 574
242 881
593 14
903 45
848 845
300 418
399 987
563 933
540 930
668 405
376 151
913 670
805 556
152 124
572 190
260 152
944 830
806 54
197 878
584 548
134 735
569 981
130 293
483 163
786 450
448 494
970 276
25 571
734 716
811 809
465 440
367 974
843 159
12 933
893 11
562 897
286 390
982 68
436 989
137 266
874 501
987 235
958 236
422 422
541 55
884 243
444 465
610 312
225 158
354 767
237 780
834 948
144 469
559 314
603 877
268 272
326 654
884 684
673 412
680 730
398 44
507 120
242 173
389 650
412 443
745 968
526 83
129 283
867 921
230 603
2 257
620 381
761 775
427 651
599 224
406 526
906 195
716 864
18 870
755 823
764 373
768 261
624 589
957 23
222 582
906 704
90 426
582 566
417 277
468 90
524 596
918 122
649 949
480 346
580 489
262 845
154 382
117 636
431 113
828 940
528 692
589 852
373 698
445 803
759 733
731 335
984 219
605 844
365 267
980 4
390 640
847 899
739 147
776 774
400 759
84 262
811 67
566 103
256 277
80 407
421 940
318 711
107 775
359 542
584 254
802 680
741 730
247 229
633 2
443 806
375 436
282 164
684 381
13 695
994 769
373 322
762 798
868 300
202 165
2 737
587 51
381 294
975 63
950 536
378 288
135 812
946 368
415 198
739 524
886 823
801 924
29 788
794 784
330 651
727 421
733 762
641 329
96 250
627 636
370 214
616 981
99 932
96 586
818 688
289 698
620 874
269 642
307 775
809 416
200 371
148 246
710 810
509 837
402 801
550 297
1 255
991 518
80 570
419 372
476 362
635 895
643 790
841 351
880 851
167 489
759 604
825 834
404 744
930 596
984 554
734 894
917 813
478 604
821 210
333 245
72 382
711 115
119 539
515 525
127 944
497 95
791 153
964 760
626 477
134 177
789 490
969 882
593 584
109 516
959 972
152 680
126 514
591 131
109 631
232 314
932 908
203 183
889 994
923 138
611 868
54 949
546 287
787 607
190 761
298 485
549 254
405 376
378 305
366 874
873 832
194 194
590 48
444 744
55 610
143 442
825 521
964 536
819 876
177 834
465 115
867 721
297 995
70 521
499 470
921 315
406 811
410 525
688 605
634 529
251 611
414 933
727 244
54 187
923 329
467 157
514 517
454 831
731 903
260 406
762 701
352 550
882 90
434 424
948 348
692 307
815 16
857 122
257 897
481 353
527 32
586 559
819 821
289 412
312 153
263 761
999 792
939 128
754 163
793 891
350 938
196 264
172 314
211 119
424 241
859 798
897 427
297 5
510 605
575 841
460 977
938 696
446 715
12 620
293 985
856 591
661 300
633 925
711 614
573 748
931 598
337 815
643 402
945 551
101 967
234 226
876 780
762 353
211 496
46 837
504 894
863 640
548 221
165 412
785 245
55 952
324 776
85 602
681 19
875 54
335 124
839 167
816 144
800 779
568 729
732 894
830 702
791 325
580 390
574 792
981 390
89 89
157 516
662 503
863 342
360 58
328 32
463 68
54 225
848 757
906 604
459 576
304 712
887 164
200 674
817 64
181 867
944 428
542 233
179 812
675 802
823 170
349 600
210 579
6 216
442 7
526 620
148 62
638 418
197 643
611 472
650 544
292 890
536 607
404 691
406 253
236 87
155 689
454 980
814 524
998 48
383 7
363 126
609 57
641 835
373 316
686 817
424 35
568 461
997 750
520 286
968 372
748 791
327 619
533 590
707 825
861 812
473 712
764 664
745 803
858 149
181 443
983 988
1 310
136 434
930 269
342 516
250 1000
376 971
713 993
278 518
260 498
451 866
242 288
969 435
20 833
114 461
569 873
433 848
328 480
760 106
971 88
305 361
747 706
550 265
118 467
752 258
451 878
309 278
326 289
221 899
371 328
458 211
353 123
349 64
482 774
150 958
384 478
293 647
404 422
378 391
587 999
65 945
845 3
977 57
157 174
927 734
634 706
569 394
366 622
401 143
651 329
527 519
538 621
811 100
653 952
305 12
861 770
276 560
283 150
357 165
296 303
583 351
610 558
482 699
51 137
931 698
910 888
535 998
465 970
43 596
709 652
480 387
813 481
698 701
599 481
632 816
806 182
926 984
928 658
7 656
43 22
831 2
594 500
474 608
937 923
678 786
250 66
573 539
349 7
667 245
327 227
868 110
450 242
404 699
279 741
510 499
292 52
408 267
723 447
550 742
749 769
918 776
391 568
363 132
749 298
345 831
416 76
763 883
986 346
934 890
159 331
44 709
179 911
303 924
495 982
829 348
851 247
521 290
242 244
954 677
692 403
608 697
97 69
983 433
304 769
976 750
314 250
612 338
159 330
486 64
660 123
801 97
875 490
873 167
679 475
352 90
897 123
722 454
127 965
940 806
421 813
945 915
356 112
614 690
775 133
382 551
523 563
227 837
312 974
629 289
482 185
378 111
319 191
239 98
582 446
933 422
759 384
891 904
222 562
69 770
208 6
947 794
71 360
650 423
712 218
357 697
946 10
712 415
231 925
933 36
441 128
491 959
37 781
709 859
680 351
415 138
869 545
564 79
648 873
291 534
832 549
457 293
414 516
627 405
652 369
700 297
13 643
546 920
534 131
303 283
988 433
232 976
624 398
787 295
31 122
32 907
372 811
438 740
6 280
54 421
795 684
854 713
512 968
450 997
113 95
550 971
997 303
820 623
511 903
526 736
289 474
736 65
650 343
222 178
216 26
744 273
921 941
498 860
538 435
605 330
103 219
747 539
873 519
60 794
437 789
352 578
943 125
156 274
46 584
634 172
660 791
764 195
179 146
515 681
990 434
517 233
294 940
431 296
40 757
304 233
377 531
714 482
522 83
324 759
490 974
379 576
297 241
138 893
512 414
943 268
350 610
141 448
13 556
502 974
603 874
305 267
430 605
271 588
300 723
631 204
742 702
626 817
948 333
384 100
702 696
120 196
631 2
141 752
33 842
145 989
101 343
665 372
708 403
928 640
218 902
730 702
557 804
707 553
880 215
878 335
211 875
759 994
819 550
905 834
629 152
328 769
271 760
290 515
720 890
715 117
472 185
638 229
907 943
879 266
163 187
739 582
434 565
355 695
630 425
397 135
342 4
806 970
20 548
280 437
702 5
131 932
734 812
145 917
912 427
364 539
648 578
850 889
704 428
41 868
117 494
14 856
870 615
970 48
437 523
112 653
674 39
185 94
221 841
402 664
510 508
625 655
108 255
612 56
94 933
77 119
561 815
485 519
488 727
273 289
517 178
351 285
154 979
924 131
136 149
524 62
798 632
963 461
712 420
928 636
53 511
287 144
572 499
470 306
111 677
192 491
952 720
860 417
133 184
278 429
307 814
2 479
771 49
363 441
139 721
479 103
889 494
54 318
818 534
36 809
874 344
940 328
664 775
391 568
807 602
641 183
817 443
942 194
695 85
790 144
950 278
618 371
135 113
154 467
686 540
892 591
342 578
388 500
251 401
75 422
588 614
648 951
170 470
989 657
869 173
346 344
432 179
468 161
504 475
112 921
589 194
895 584
520 683
232 842
697 308
803 817
701 284
163 306
121 402
293 267
152 604
595 55
408 216
990 148
714 372
430 409
299 934
738 684
31 831
766 383
89 242
469 35
701 987
995 356
920 949
927 109
387 979
61 111
574 887
387 636
122 820
163 585
324 408
921 360
115 158
696 968
509 621
782 1
691 801
9 264
961 821
515 811
115 708
185 770
156 856
52 390
952 214
680 961
66 44
793 373
110 323
986 502
471 960
691 156
610 874
237 696
99 123
845 889
925 629
803 719
615 931
709 11
944 339
244 894
601 404
476 552
225 432
684 913
80 406
709 596
317 175
344 366
800 309
433 381
951 875
711 437
475 791
720 456
611 896
237 245
369 531
636 276
750 983
624 2
911 177
822 584
484 574
180 564
987 671
334 273
448 92
25 883
965 655
206 729
989 181
857 612
653 151
489 848
345 678
156 950
551 454
869 997
687 768
158 73
848 983
8 95
105 784
595 157
357 487
540 267
375 626
789 321
467 859
732 17
918 959
779 626
610 480
345 871
312 400
801 52
739 496
873 34
340 973
365 89
355 380
425 743
946 701
879 950
627 893
779 759
216 947
730 756
826 233
259 434
791 194
971 467
301 827
282 364
848 528
458 988
202 70
681 971
602 651
606 191
37 160
527 604
692 327
19 780
693 780
519 921
716 169
110 335
974 273
955 904
113 590
131 379
585 182
945 466
158 68
270 887
723 725
258 763
838 68
269 579
529 620
476 650
525 195
836 95
815 227
884 773
285 592
105 751
349 563
647 130
821 131
811 71
176 763
534 603
892 951
668 4
771 536
569 446
332 285
19 694
346 823
294 233
244 605
225 902
89 667
958 352
203 158
823 140
311 843
80 713
346 361
294 71
101 450
272 658
328 56
231 110
968 176
348 237
166 812
582 895
185 82
964 468
869 742
87 346
25 807
775 900
377 670
469 970
550 296
684 237
216 248
246 626
833 871
151 110
397 351
638 542
962 584
704 991
883 625
272 671
524 365
866 974
726 357
503 270
520 417
300 913
102 503
317 351
882 211
227 147
943 199
250 176
784 74
588 515
486 160
680 991
778 192
720 121
886 242
806 863
67 172
292 502
390 741
876 647
232 690
949 279
354 856
573 498
99 320
33 629
202 554
239 162
280 994
194 561
865 427
534 206
607 123
4 563
250 10
476 639
335 352
744 992
755 627
810 742
581 324
466 59
840 13
901 928
371 236
340 96
602 134
297 223
141 20
542 479
514 659
496 977
664 248
549 325
314 425
605 868
544 500
314 439
183 980
963 470
815 156
611 200
920 346
632 611
494 301
704 540
219 518
565 400
708 347
26 566
381 369
357 962
838 640
482 851
595 637
661 371
822 713
985 937
238 328
736 253
621 826
76 37
664 149
520 452
123 642
273 485
802 31
693 896
716 412
992 322
508 877
787 661
553 991
873 213
665 902
74 789
395 82
222 412
258 2
545 819
776 479
162 633
331 706
744 855
692 117
448 443
218 644
704 217
399 393
50 404
829 735
389 800
914 602
691 11
883 586
649 980
587 674
322 33
631 865
573 193
923 827
324 987
226 16
498 603
183 32
435 97
59 328
610 387
728 811
74 368
440 632
10 839
813 576
419 717
306 306
875 28
140 471
124 609
628 1000
711 837
684 172
531 612
771 969
930 293
620 116
234 196
437 784
359 279
648 959
829 230
212 421
627 323
236 892
769 647
462 125
669 500
535 758
8 341
286 172
372 335
251 130
713 711
426 663
264 508
59 325
606 705
641 658
999 755
805 844
887 817
171 197
459 212
257 727
257 534
547 221
705 543
26 186
743 852
271 691
537 114
63 363
829 61
955 409
234 535
6 390
766 664
386 722
638 872
866 411
217 806
310 738
98 716
588 514
33 764
746 550
986 462
232 585
458 915
548 905
823 655
622 917
158 94
291 127
988 962
393 711
993 770
326 51
429 89
393 625
487 410
543 398
992 68
469 351
875 863
301 851
822 660
69 66
242 238
166 17
490 847
605 335
190 201
380 855
732 194
385 967
923 373
946 956
464 671
525 248
603 998
994 560
563 806
475 411
512 386
440 570
674 355
250 715
516 798
494 61
808 286
859 143
853 141
9 297
609 806
819 545
896 73
334 615
228 347
689 347
358 989
389 398
104 794
360 326
39 46
500 904
426 741
909 987
720 984
529 948
222 249
116 339
889 387
929 102
485 315
255 183
795 820
420 893
770 198
497 341
18 589
672 568
618 82
209 854
274 545
282 639
530 824
426 635
346 578
297 89
984 299
426 623
535 709
123 985
899 137
1 501
917 222
39 958
907 475
998 814
951 648
953 580
527 438
656 175
877 459
29 197
782 381
226 297
553 947
425 63
111 183
685 936
361 852
373 776
68 552
306 821
337 328
894 173
998 590
356 72
478 117
791 33
505 555
566 773
521 17
88 256
756 331
902 145
70 782
488 740
692 169
161 899
723 295
512 482
704 228
884 828
967 687
38 248
101 344
323 183
532 857
307 951
549 429
110 301
625 884
170 799
188 816
402 715
178 497
770 857
788 44
623 586
63 345
605 654
208 339
508 652
415 635
895 640
498 859
113 992
134 200
695 510
114 271
823 469
580 997
621 632
864 929
718 233
439 862
957 311
870 685
583 705
865 555
931 339
814 363
413 681
989 860
409 61
962 533
55 337
202 190
172 919
620 574
971 734
973 613
85 210
554 746
112 447
516 966
443 484
191 775
857 54
810 96
543 827
466 426
870 705
997 854
772 377
547 125
839 114
383 604
731 1000
990 149
881 339
438 409
475 695
215 255
571 180
840 502
775 661
792 615
568 875
292 597
473 970
441 433
66 462
971 703
12 50
643 718
983 548
482 524
664 890
158 577
169 116
934 634
903 547
65 162
561 918
601 645
632 250
320 876
316 365
519 78
882 854
538 833
293 110
192 455
284 750
839 204
822 890
473 434
147 929
510 515
622 327
502 823
629 465
231 749
986 702
553 132
391 142
741 705
375 260
234 115
726 988
740 342
962 348
626 156
738 38
172 745
774 25
701 915
394 120
471 37
933 11
619 204
162 645
609 811
312 923
823 186
970 756
824 888
989 191
397 270
864 189
921 96
972 926
824 152
312 935
981 500
319 894
657 589
464 245
612 268
259 671
154 729
123 888
296 597
692 404
932 58
919 855
12 84
828 960
534 856
800 657
19 837
522 694
241 55
756 856
786 650
89 65
405 805
623 454
109 81
926 712
453 182
784 74
54 181
405 274
590 591
611 135
985 892
564 11
842 864
611 650
738 594
79 527
976 449
812 88
888 390
857 809
923 199
99 981
741 965
816 314
330 185
181 133
855 641
166 663
703 27
624 959
952 479
294 106
937 838
633 664
119 799
648 676
923 836
307 915
560 665
958 650
911 821
733 219
280 907
544 404
259 746
91 972
23 855
860 797
941 804
597 994
156 368
558 301
810 937
856 777
74 672
380 873
249 458
467 286
88 196
414 110
532 84
639 487
673 828
288 45
489 56
370 898
929 112
158 85
185 610
17 589
546 488
325 386
968 823
545 20
356 584
501 466
517 998
117 536
1 956
292 677
304 121
655 595
734 904
228 283
365 292
701 119
563 875
402 551
602 699
27 735
121 760
533 157
465 283
479 978
531 245
592 998
21 495
623 682
163 996
95 245
88 721
272 924
588 132
939 294
25 788
885 653
106 84
454 159
151 485
137 597
548 333
582 721
711 396
14 996
76 231
523 685
537 989
828 954
877 718
955 67
647 80
113 58
113 602
305 593
207 901
298 290
308 909
607 769
357 870
246 732
973 162
359 478
344 383
310 68
614 17
691 658
914 275
142 230
982 45
575 477
543 742
31 753
353 821
44 464
116 884
729 21
408 873
319 970
341 348
169 224
231 436
668 593
144 693
949 23
109 220
66 797
492 187
104 14
990 90
445 100
693 758
295 969
700 5
406 996
956 349
316 758
915 689
578 846
391 367
582 88
149 677
157 597
893 883
929 874
395 5
687 835
237 992
681 241
610 483
16 98
77 88
505 325
456 991
653 43
734 65
691 658
483 941
766 651
458 449
859 999
714 179
947 886
257 776
731 455
718 741
289 439
180 364
499 672
79 518
146 860
805 789
106 523
93 784
431 853
22 168
332 396
7 904
105 466
936 138
853 102
89 668
65 818
801 456
655 216
949 226
317 864
875 181
945 517
905 100
787 747
736 820
248 87
203 224
457 155
55 330
674 798
789 749
945 218
222 476
639 810
725 159
165 277
289 950
70 900
317 252
394 367
303 827
729 757
532 900
487 598
507 964
250 736
184 103
136 531
565 488
891 415
371 37
370 751
979 92
79 637
659 147
249 726
904 475
675 608
891 748
20 602
170 258
871 206
760 829
368 206
737 149
746 860
460 299
675 752
28 63
612 343
446 932
615 777
773 176
985 69
948 966
629 120
424 700
125 420
985 11
224 490
391 124
693 340
590 681
125 753
683 553
819 588
270 573
953 124
334 740
79 459
360 860
618 227
409 711
401 525
394 418
737 472
75 595
110 296
553 390
526 539
683 310
692 331
797 995
702 798
611 882
817 250
45 170
310 5
110 845
331 753
691 69
422 476
944 174
529 215
415 795
853 418
942 755
525 745
540 380
546 171
798 273
662 68
440 927
832 135
951 686
522 308
590 626
127 525
602 777
624 581
825 271
724 570
145 349
444 149
776 950
766 298
4 254
334 762
148 85
316 323
954 66
683 587
441 112
437 911
69 467
343 545
208 588
82 312
212 664
495 277
327 25
822 754
977 857
26 566
752 591
187 327
476 997
759 194
494 925
828 526
448 318
455 640
515 84
899 447
787 411
564 965
951 179
473 234
811 69
499 972
937 253
623 388
166 125
685 243
374 267
978 663
665 265
476 607
40 815
285 870
270 219
441 23
537 798
247 263
113 143
4 30
360 765
867 949
137 301
401 762
353 92
309 184
343 336
33 381
910 3
852 978
953 348
857 920
487 478
76 602
23 421
485 575
884 382
170 104
805 358
737 200
456 539
60 664
434 593
915 543
86 470
366 100
4 162
405 208
246 667
108 490
632 383
364 195
161 59
816 415
719 227
771 959
823 905
459 411
791 507
400 91
596 638
467 68
266 240
592 34
297 945
828 142
923 408
236 886
945 708
583 166
839 172
875 425
374 365
841 683
696 90
693 335
408 173
502 472
703 647
982 748
45 458
282 958
208 485
46 290
637 659
126 527
32 15
767 995
374 711
517 194
138 45
804 9
849 523
902 214
11 492
593 341
284 267
914 373
943 266
896 582
792 989
818 923
618 125
476 282
64 506
834 73
109 456
431 627
610 46
899 798
922 87
574 475
199 756
292 87
698 901
