20
100 693 26 38
1 94
32 21
47 25
27 63
11 96
53 11
73 90
87 1
37 66
12 35
48 88
61 9
56 59
13 8
84 32
43 87
20 26
14 74
62 90
32 25
36 15
69 83
97 33
25 54
78 88
69 96
61 5
36 3
63 12
41 99
90 56
5 67
36 47
55 24
46 22
51 39
54 75
7 34
92 13
42 72
98 75
62 8
6 2
92 36
4 8
96 79
30 46
21 43
32 49
54 97
6 55
72 21
99 66
76 91
49 31
11 70
39 57
30 49
40 83
40 6
50 65
91 61
93 14
21 57
70 7
29 96
35 2
15 49
47 54
6 20
29 24
44 8
99 62
65 58
41 88
40 94
81 64
95 44
13 60
75 44
31 51
19 81
12 17
14 31
8 35
89 90
92 75
65 85
13 44
21 91
100 17
51 52
29 52
12 55
98 83
47 61
50 40
98 58
37 16
27 20
53 52
76 84
31 15
42 72
24 39
78 12
39 3
100 71
20 3
85 86
9 79
99 14
56 45
61 90
39 23
81 72
65 85
83 69
56 57
32 83
62 57
92 49
68 15
73 95
11 45
83 59
44 85
19 64
92 74
73 61
40 31
43 54
98 73
68 4
79 43
17 20
10 28
15 55
72 91
35 65
3 9
25 88
9 55
69 12
50 48
31 34
53 19
85 25
45 23
11 3
1 89
8 94
85 84
1 32
91 83
70 19
11 72
64 83
64 81
77 32
48 30
98 83
86 65
91 97
95 57
4 94
42 30
56 99
65 4
79 35
17 50
19 55
96 20
32 76
1 21
95 69
69 84
72 47
11 64
93 26
43 36
29 28
41 52
14 83
34 49
61 17
14 44
79 89
42 74
39 80
75 92
69 99
27 20
42 45
3 28
11 30
11 88
4 9
70 7
48 42
20 96
76 32
16 91
38 13
7 3
69 90
1 60
2 63
38 77
54 65
63 2
5 8
51 45
21 11
26 17
63 50
12 97
34 10
44 5
12 89
3 93
94 78
85 22
93 40
14 50
61 14
51 41
13 29
65 63
16 30
99 39
62 8
39 94
99 28
51 91
24 52
9 86
72 62
86 33
30 49
92 65
59 15
99 76
1 8
82 62
100 3
45 25
25 49
89 64
21 8
92 12
45 85
73 36
8 47
80 20
23 98
59 23
92 3
3 71
22 19
28 59
52 96
7 68
32 62
22 36
51 44
81 6
89 40
42 1
85 78
60 77
20 5
36 37
79 56
44 47
92 46
89 87
1 51
48 82
36 50
91 26
91 26
89 100
6 27
31 84
25 18
82 73
51 13
3 15
60 26
36 24
44 26
37 39
80 19
61 79
94 29
56 47
73 9
48 20
55 54
96 37
22 71
13 53
91 4
74 22
35 75
76 15
8 36
9 43
9 12
97 75
16 93
25 62
18 94
65 47
85 30
47 92
88 71
48 63
79 6
85 33
6 15
45 69
48 77
44 91
29 32
91 78
92 95
67 94
21 32
34 94
3 36
86 5
91 97
24 46
84 7
81 9
91 83
50 1
84 60
79 45
83 14
15 25
76 87
7 6
94 46
19 20
8 82
53 62
53 88
16 87
93 71
60 64
94 58
15 43
49 26
14 63
9 46
48 73
18 17
38 20
17 37
8 3
73 60
66 78
71 36
92 56
16 84
40 52
82 19
57 8
90 9
29 44
40 85
29 53
74 81
2 78
89 27
99 20
36 73
4 94
56 75
41 42
95 100
31 74
77 23
34 35
8 15
63 47
66 57
43 3
40 89
62 16
16 10
97 50
88 38
89 80
26 78
14 7
86 71
15 20
79 27
84 12
67 52
24 43
3 6
17 93
3 45
77 19
62 12
65 61
73 42
7 4
1 20
44 7
69 22
3 22
92 3
22 45
39 29
96 77
11 73
31 43
93 1
25 20
93 23
54 49
96 27
57 46
37 97
14 62
28 71
26 49
49 57
79 22
92 35
46 100
73 81
1 24
16 70
73 62
34 77
75 91
79 55
86 23
35 83
84 81
72 49
91 58
27 39
2 83
87 43
45 85
37 39
71 93
69 94
92 48
49 24
80 84
68 87
77 88
70 11
40 48
93 61
28 32
72 34
56 75
63 44
90 35
95 46
26 89
78 54
52 83
50 58
48 19
26 15
31 78
16 51
41 71
90 89
60 30
7 9
69 7
43 2
91 31
27 26
43 88
36 55
32 89
7 1
26 95
94 63
11 40
12 19
69 15
20 53
16 41
46 44
36 51
18 89
85 23
23 42
5 26
63 49
92 18
3 87
56 97
23 54
63 43
13 94
5 18
32 12
76 65
35 72
99 72
9 44
76 49
58 88
7 51
5 1
58 26
67 55
10 99
56 28
4 100
94 57
62 57
88 17
20 19
2 96
38 49
97 91
47 4
60 40
52 85
85 30
55 85
72 90
53 85
47 95
58 30
63 68
53 96
48 89
28 83
67 60
52 25
39 77
75 68
90 2
58 35
44 38
71 31
97 12
69 94
34 47
93 67
1 94
46 81
22 60
99 40
80 29
36 69
16 72
62 70
70 6
41 73
21 95
4 75
39 6
96 94
42 56
41 69
30 57
48 87
17 73
52 47
48 88
12 43
44 61
24 23
77 15
92 13
96 4
82 47
26 79
8 42
26 57
14 42
14 24
21 89
47 51
95 52
82 74
71 13
50 68
16 73
15 61
19 22
14 36
82 85
45 26
60 2
99 88
24 14
88 74
91 10
55 58
70 43
5 32
33 42
43 48
21 25
24 39
34 87
36 100
70 10
53 50
39 95
52 25
33 15
29 68
10 4
98 29
66 6
18 31
30 29
33 5
5 55
62 98
8 67
25 34
48 30
17 22
7 49
21 91
83 8
34 78
4 61
66 28
30 27
38 54
100 74
68 59
91 96
28 81
46 18
76 49
3 40
23 33
32 71
8 31
67 75
79 68
63 73
93 98
81 76
13 52
45 72
96 27
42 8
9 29
20 53
74 57
42 71
47 84
94 73
98 9
49 88
12 17
82 58
81 8
41 60
73 4
51 31
29 56
24 87
86 47
28 1
84 78
6 44
45 37
94 16
68 87
4 60
32 64
49 54
25 15
23 80
5 19
40 52
15 56
43 45
100 529 80 45
39 61
54 17
86 42
32 23
42 87
98 64
61 12
39 81
10 3
43 83
66 93
92 21
67 30
19 23
92 63
48 11
71 58
98 92
24 83
31 62
32 77
86 93
81 69
75 27
35 50
6 13
49 30
33 91
60 26
98 30
14 52
82 49
80 84
28 48
33 40
31 41
30 85
44 39
87 89
76 13
94 85
49 54
9 5
42 55
67 25
77 75
74 46
91 70
8 4
85 49
4 70
4 40
27 39
31 66
95 8
46 61
38 23
62 56
80 71
33 82
51 93
4 10
84 98
27 9
51 87
41 78
5 89
70 68
68 72
39 48
91 72
32 37
33 57
65 51
78 61
41 57
23 87
43 18
19 98
35 36
60 42
21 98
95 53
68 65
65 17
55 16
78 61
84 12
44 97
84 54
40 31
5 91
57 5
5 49
88 89
38 74
42 46
27 35
61 76
89 76
76 95
88 7
53 27
25 76
87 80
64 35
52 96
71 56
11 16
53 21
63 7
78 100
93 3
31 78
89 90
39 76
81 3
86 52
63 52
82 14
37 36
65 31
53 14
44 32
21 73
49 38
14 66
15 70
81 93
15 82
65 31
67 5
87 7
36 13
37 90
73 25
41 85
56 62
2 92
20 99
75 17
46 49
59 70
24 18
28 60
24 70
79 21
42 93
77 79
9 7
76 64
86 88
64 88
60 38
94 82
87 71
6 52
76 74
97 23
27 51
76 51
56 26
89 43
6 62
28 57
66 73
99 90
83 49
51 22
56 23
62 26
16 49
76 3
52 12
17 87
68 36
13 2
1 20
2 69
100 21
44 40
83 69
67 9
96 47
5 72
80 98
71 72
86 91
76 75
72 79
53 55
6 94
33 4
99 28
77 48
28 71
91 92
97 56
35 58
64 33
90 65
36 29
4 47
5 57
48 81
41 44
91 100
37 57
22 39
76 26
91 30
89 74
39 85
37 39
94 58
47 97
71 76
40 28
61 27
10 99
55 95
7 6
20 68
42 99
44 68
77 93
32 82
49 100
58 53
47 29
70 86
27 52
46 22
16 38
7 94
33 75
70 49
39 82
83 35
14 84
34 48
72 20
48 20
44 100
90 59
98 40
18 57
15 54
41 82
42 14
25 45
51 27
42 28
21 27
33 43
68 99
94 30
20 33
50 98
20 34
77 96
62 51
66 16
61 22
17 79
31 64
23 39
99 23
45 19
30 23
13 60
64 16
56 68
66 98
82 90
55 21
100 32
94 48
15 91
33 87
9 20
20 15
74 16
63 76
84 22
17 69
13 37
53 66
92 89
23 65
26 35
1 68
21 95
33 7
86 19
90 49
53 31
28 97
70 95
86 96
28 90
57 68
19 77
91 9
62 75
85 43
68 13
63 68
89 87
43 36
67 65
56 59
24 54
16 90
42 39
3 48
30 75
38 46
43 29
87 90
84 55
19 51
33 32
88 7
13 88
68 84
42 96
32 77
25 53
21 26
30 17
65 52
30 4
46 51
35 99
38 81
21 88
25 72
84 16
15 17
94 36
22 79
31 4
62 39
4 62
43 34
67 28
4 56
60 97
71 87
37 86
91 38
58 25
90 59
9 42
99 14
86 56
80 79
67 85
56 65
30 87
79 83
70 83
48 34
38 18
8 18
62 17
6 8
57 20
14 89
49 13
18 7
31 37
50 60
22 96
34 48
68 32
73 20
1 33
81 31
47 33
71 57
14 91
89 49
2 67
57 16
76 38
52 32
14 97
38 74
66 100
14 79
4 91
57 80
94 87
60 39
18 17
57 61
65 16
3 72
59 22
46 61
5 62
58 21
65 4
93 16
35 42
54 62
70 90
100 32
79 80
51 88
22 71
52 50
24 69
91 74
38 95
48 12
95 18
63 66
90 10
58 24
1 47
32 77
19 46
43 73
5 62
21 34
11 78
6 30
5 99
27 99
60 54
76 32
32 97
44 45
61 63
44 11
90 22
48 28
40 58
10 61
87 56
85 91
84 91
23 39
84 69
12 52
55 5
36 74
11 17
87 20
94 62
15 13
48 83
35 36
1 47
16 76
95 24
94 12
26 87
65 40
18 69
45 42
57 95
31 61
58 64
89 28
60 82
24 88
48 81
75 81
57 4
11 72
39 74
77 81
32 43
80 27
25 61
87 48
74 65
73 71
33 14
93 59
30 100
44 37
11 51
11 20
96 14
30 80
4 49
19 49
65 35
28 67
44 17
61 14
68 4
22 100
6 1
64 83
72 31
54 66
20 61
82 59
98 59
24 36
38 56
28 4
90 61
90 99
85 26
56 96
59 83
77 41
74 31
45 23
9 82
56 28
18 14
1 95
39 60
11 42
8 82
97 69
39 91
89 1
63 12
28 1
18 64
100 655 11 78
43 64
11 3
91 55
97 51
3 5
13 96
72 91
62 78
5 92
32 56
81 13
58 11
19 82
86 36
74 60
51 90
38 53
10 22
24 49
92 5
74 100
41 30
79 14
39 87
44 57
82 8
43 73
64 49
74 53
75 59
13 66
81 89
49 2
68 29
59 15
17 41
55 69
71 75
42 23
75 81
59 27
50 33
37 81
27 55
92 89
23 35
29 79
78 58
60 55
82 44
18 60
27 18
33 22
80 78
7 21
49 99
85 79
70 84
64 74
59 61
39 5
88 90
15 84
48 94
61 99
75 55
40 51
75 4
84 36
94 38
60 66
17 99
96 43
72 83
60 98
40 62
46 40
17 34
25 14
42 27
32 82
33 65
96 59
48 71
28 71
67 41
57 15
88 91
62 90
54 92
76 1
41 79
89 39
69 73
78 9
20 59
32 26
67 88
73 40
54 94
91 1
23 50
25 84
81 95
42 4
34 100
5 77
94 38
69 28
35 61
63 80
89 14
2 51
43 93
47 51
8 32
69 25
93 72
29 25
89 20
6 47
49 94
27 100
62 45
8 37
54 42
78 16
52 53
24 32
17 68
90 74
82 96
36 93
47 4
79 68
91 23
87 92
12 97
71 69
91 6
21 99
62 81
100 63
55 95
70 65
82 52
65 84
6 12
46 36
5 54
12 68
79 85
48 77
39 1
14 40
84 8
29 89
52 82
20 5
90 98
84 10
80 53
57 68
9 94
25 48
70 87
66 29
89 100
11 66
52 97
39 46
52 90
35 24
37 65
17 10
64 71
35 2
33 47
16 95
82 35
97 11
36 99
11 77
59 26
25 80
61 99
8 5
84 76
12 63
84 94
91 39
37 77
19 49
82 94
69 42
20 52
10 36
44 85
3 76
61 100
61 17
68 60
89 47
91 86
54 93
80 66
93 58
80 94
60 66
1 9
67 58
30 89
48 38
88 53
86 74
94 95
18 70
88 27
80 6
19 68
63 6
35 21
69 44
6 2
52 40
49 16
85 27
33 46
63 71
65 2
87 44
10 1
9 51
44 36
31 12
80 57
23 37
75 100
39 12
81 16
2 31
53 86
82 62
96 100
92 24
81 9
27 95
94 51
72 52
66 22
44 6
29 42
77 76
34 26
59 42
64 91
69 45
45 55
9 73
50 25
33 46
53 24
9 67
71 7
25 74
100 59
87 49
95 41
34 83
12 18
92 1
55 31
25 3
3 19
13 65
25 54
34 93
92 35
62 61
52 89
39 21
76 77
89 5
45 46
91 73
51 52
63 13
50 75
78 65
84 68
53 68
83 62
18 21
45 56
10 36
81 54
86 24
71 5
66 70
22 50
68 93
62 91
64 46
22 82
95 36
60 67
69 90
93 85
1 52
81 5
63 54
15 56
63 16
81 35
82 25
95 47
68 96
100 18
89 71
56 13
11 18
7 38
98 20
37 7
87 41
66 36
44 21
32 23
25 94
20 28
31 26
1 56
25 100
62 87
42 83
21 59
86 9
10 96
98 63
32 6
81 85
12 47
92 51
84 57
22 53
84 17
63 79
27 55
79 20
39 20
43 25
57 32
84 46
38 71
61 16
34 91
93 26
8 58
76 18
11 21
18 48
11 7
22 66
92 27
68 70
97 38
48 93
90 38
75 91
60 29
45 50
63 74
13 51
22 24
24 9
85 42
68 34
53 48
31 38
28 13
69 6
20 87
10 55
20 79
37 21
73 83
42 6
91 82
29 76
24 83
95 8
100 90
2 62
75 73
42 78
12 15
84 24
61 62
72 58
11 39
55 24
66 45
50 35
3 15
20 65
89 96
93 40
28 41
54 53
13 46
19 94
3 54
75 66
46 45
69 99
45 39
25 18
16 66
27 42
73 43
37 1
15 9
36 47
53 17
41 67
76 36
40 79
18 77
59 19
27 69
29 97
62 41
55 99
84 35
87 74
47 64
69 74
93 17
59 47
33 86
64 67
51 93
76 57
7 13
41 90
27 89
54 82
34 57
26 1
34 69
52 63
17 89
16 91
10 92
19 38
67 14
40 74
65 7
15 53
32 77
54 81
88 11
47 3
42 90
98 9
33 4
69 10
13 53
97 13
73 81
56 50
28 9
77 66
68 91
1 73
17 75
48 91
96 13
20 64
61 79
8 30
30 40
81 79
17 27
92 18
12 49
85 41
8 1
99 32
15 9
96 37
45 72
13 19
19 87
75 13
45 79
7 27
32 36
4 76
32 61
38 50
74 34
91 35
45 3
33 51
1 63
90 99
43 20
56 72
92 41
31 97
96 88
41 99
73 92
59 93
90 34
9 95
65 83
64 24
99 56
7 55
23 17
18 53
5 9
88 30
68 13
21 62
48 81
69 72
19 100
26 32
58 86
26 53
5 75
99 100
3 68
90 26
24 8
87 90
96 91
19 53
81 51
41 46
96 85
98 57
99 97
27 33
17 1
35 39
85 46
30 8
70 80
26 42
44 33
79 84
28 53
4 40
43 97
7 1
48 7
3 91
33 85
31 67
75 37
14 21
71 69
68 5
47 84
4 6
47 99
78 80
99 54
45 83
94 26
84 8
70 82
60 11
79 92
25 97
76 81
25 29
76 92
84 67
3 100
26 96
27 47
79 35
79 42
83 12
42 40
25 85
84 74
39 4
98 34
60 56
76 85
2 61
73 70
99 16
15 55
16 85
10 73
22 62
69 58
23 56
49 50
31 48
71 100
73 93
64 66
86 29
73 69
51 41
72 61
37 69
26 97
8 29
72 35
13 24
5 96
28 100
18 38
100 94
3 4
51 45
96 94
94 35
85 61
80 65
87 44
62 33
79 56
68 77
23 34
12 92
22 23
45 84
34 85
64 76
99 3
1 2
71 94
95 24
68 91
10 69
25 7
82 6
24 18
74 14
32 56
92 67
85 17
56 16
90 25
26 89
100 657 69 24
55 92
59 73
66 57
19 38
34 87
53 17
62 48
77 91
17 59
56 97
81 9
55 6
73 69
2 18
74 22
40 58
22 54
47 100
20 76
11 98
58 22
93 52
3 90
20 36
53 35
94 21
59 93
35 8
54 18
35 84
89 21
98 94
19 20
59 36
41 66
76 71
84 29
11 5
8 9
68 40
17 54
74 89
55 91
55 2
19 49
72 41
91 99
17 51
44 76
60 69
13 77
89 51
66 52
23 42
92 93
66 2
38 41
25 19
41 60
28 35
81 36
53 33
81 99
88 14
24 100
22 57
43 61
16 36
41 22
68 10
78 28
87 25
75 9
29 46
90 14
50 53
40 88
87 48
69 2
93 78
30 18
32 66
81 99
50 85
98 42
19 34
29 70
42 78
42 92
27 41
4 47
54 59
24 7
85 12
68 73
44 100
43 54
77 21
14 97
90 39
23 80
94 77
81 42
28 69
89 27
98 76
61 71
36 2
48 88
2 1
99 49
16 43
7 51
3 38
82 29
31 66
17 70
94 22
36 77
5 33
80 58
7 30
55 28
92 14
12 46
9 46
34 59
14 73
35 86
89 70
34 59
31 63
74 42
38 86
71 79
71 79
65 60
64 78
72 46
61 30
43 93
29 72
32 8
100 21
30 83
88 43
93 44
60 64
91 37
9 97
50 34
42 69
9 100
78 25
12 74
9 26
12 81
85 28
21 27
60 12
45 53
9 91
30 68
16 67
74 46
100 84
2 11
69 29
49 10
56 7
39 69
35 48
33 10
61 28
66 57
44 12
71 32
79 26
16 51
84 14
60 67
69 35
43 46
52 72
46 12
4 71
29 69
32 12
28 89
6 61
62 94
45 39
50 85
76 16
11 72
67 22
6 99
64 51
88 61
44 61
54 80
51 9
42 10
22 26
35 73
6 17
34 19
45 14
46 66
98 33
97 36
8 10
6 84
39 14
96 22
67 54
80 15
61 96
80 23
75 35
97 13
10 19
64 28
93 52
31 60
4 6
39 7
8 28
75 41
86 51
9 30
38 41
60 38
37 54
99 37
2 9
84 6
40 83
76 71
4 33
57 34
84 44
13 25
20 58
54 8
17 4
24 9
6 97
30 67
99 21
73 82
90 39
34 10
70 64
30 46
53 15
37 36
47 99
19 26
63 53
92 27
43 8
58 24
2 57
16 89
97 90
52 13
16 50
68 33
96 65
44 38
54 6
38 88
64 88
53 1
93 47
71 85
20 37
74 49
93 6
42 48
54 11
77 91
86 89
90 45
76 21
87 88
100 41
100 55
43 14
38 14
79 18
9 65
2 19
18 95
22 17
96 73
51 46
6 97
51 40
53 35
18 25
95 25
3 12
53 55
5 79
87 21
16 91
72 95
26 23
71 17
71 60
20 43
85 97
32 12
23 26
54 25
22 62
23 80
6 3
52 71
16 67
20 1
65 38
81 85
62 99
59 51
52 62
92 57
9 23
81 3
21 59
5 73
15 55
67 78
50 86
11 100
29 37
65 39
83 13
17 96
20 29
10 88
28 71
95 65
98 96
99 34
14 94
11 26
44 38
74 31
74 17
66 75
23 13
2 80
80 29
57 89
71 58
60 8
28 64
62 56
26 43
42 46
16 38
61 57
30 85
20 38
10 95
62 87
5 99
46 21
53 62
85 6
3 84
97 41
39 4
77 94
31 82
75 88
87 7
9 4
37 93
70 26
31 68
10 70
92 27
77 1
96 50
97 44
76 100
33 20
4 46
50 93
97 100
29 97
32 90
16 60
16 8
86 28
49 90
14 63
91 88
78 77
23 42
49 68
9 62
83 81
74 40
12 21
3 68
43 6
21 74
90 40
66 10
34 12
52 80
48 93
79 14
51 88
48 20
82 20
89 69
63 31
98 76
81 80
17 30
73 24
76 79
75 62
56 68
36 94
36 5
32 99
71 42
4 95
76 6
32 1
70 77
15 45
35 50
95 82
65 49
67 7
61 79
13 53
7 58
94 80
7 31
80 13
73 81
87 37
82 81
42 46
18 37
80 94
52 8
3 92
99 7
98 78
83 48
14 31
7 63
61 41
85 58
6 36
39 16
40 35
82 67
100 9
30 55
46 78
46 51
84 99
96 6
50 16
79 34
89 78
62 28
91 100
65 4
43 62
8 19
94 50
48 60
43 98
30 41
2 79
43 65
27 33
72 97
33 97
16 14
78 11
36 3
68 7
21 98
60 62
91 82
30 20
35 94
80 91
77 53
53 59
71 83
15 37
84 74
100 35
16 99
12 77
35 91
31 73
58 31
45 94
3 33
19 15
15 61
39 3
42 10
59 35
29 25
22 23
56 75
4 86
1 100
18 62
63 88
51 47
92 5
95 53
58 78
86 28
81 22
99 68
70 32
22 65
19 21
20 91
44 8
6 31
13 66
53 75
79 99
51 56
18 95
18 20
30 32
50 18
31 79
16 71
28 34
38 8
31 41
22 61
76 15
49 79
17 48
72 13
73 43
74 28
18 72
30 35
89 97
75 51
70 63
38 5
14 19
43 33
54 16
89 35
68 12
16 8
70 49
25 31
20 38
82 100
50 72
78 34
70 68
87 78
99 6
97 87
3 32
14 39
67 90
27 82
85 88
26 19
13 5
21 66
49 60
67 54
100 70
11 87
70 29
15 43
70 19
33 7
95 69
37 1
32 1
74 93
12 5
78 38
78 36
25 32
73 97
92 5
84 22
73 23
70 8
94 82
68 52
98 8
15 39
67 37
63 54
72 16
76 7
60 71
48 65
8 23
58 71
94 64
49 28
36 34
46 74
4 8
12 33
64 28
11 72
80 66
4 75
8 61
27 80
27 20
98 87
85 7
50 27
5 19
19 15
49 93
99 48
53 35
55 82
38 40
91 62
98 78
50 30
82 81
97 28
66 41
79 64
78 46
72 60
21 38
14 8
47 22
100 785 18 31
3 12
65 73
87 31
46 96
6 52
82 28
54 97
64 70
58 44
22 39
42 13
96 32
4 6
73 30
64 85
11 86
4 77
61 17
60 84
41 65
27 71
33 84
37 6
25 56
73 36
44 95
79 1
19 55
3 1
53 22
92 6
96 4
79 10
49 54
39 92
28 66
94 25
82 55
83 32
84 35
95 72
80 16
19 95
52 67
41 47
91 8
50 79
97 59
81 62
72 2
70 47
60 20
88 83
88 24
40 98
90 88
76 4
45 4
19 28
88 62
16 24
14 96
10 21
77 24
42 2
10 73
75 55
40 24
85 90
31 35
59 38
88 4
69 97
30 71
53 37
57 10
61 20
74 62
47 74
74 82
5 83
44 47
73 70
77 91
8 79
7 9
51 72
67 71
12 20
7 31
33 85
94 86
45 46
34 82
11 2
13 80
88 91
11 64
87 18
66 16
12 61
66 41
96 59
32 47
21 28
64 88
43 57
44 67
79 67
79 66
58 43
78 54
12 11
59 94
93 48
75 38
49 39
50 61
93 75
14 72
58 45
71 45
11 50
10 60
90 8
70 63
78 9
30 67
54 93
54 57
24 34
99 34
61 79
71 4
85 62
41 49
91 11
18 92
50 59
47 74
93 66
18 59
17 53
34 65
55 34
2 69
19 41
75 26
8 100
83 75
68 1
56 79
45 96
89 70
25 94
97 74
66 36
73 40
31 6
93 85
51 25
98 66
21 85
58 37
97 1
2 46
58 66
31 2
21 18
98 73
37 94
55 67
94 56
66 18
43 41
94 38
14 29
29 45
98 9
31 74
15 73
85 78
61 83
40 68
43 87
32 48
50 90
17 100
18 5
26 7
74 61
48 7
53 57
79 41
55 97
86 50
76 45
86 3
23 72
68 2
75 1
1 97
43 57
52 79
37 29
61 24
83 97
42 82
4 65
51 9
2 100
99 14
52 36
75 56
39 50
60 51
10 80
100 23
6 48
61 75
95 74
2 83
82 54
75 39
66 42
96 87
48 81
23 80
100 3
59 69
35 9
71 4
41 83
18 17
52 87
14 7
69 61
51 81
9 60
77 52
85 98
45 73
27 84
4 80
81 14
91 6
20 54
85 73
69 49
63 39
16 77
73 68
87 68
45 7
13 55
4 8
3 32
99 48
87 66
79 99
27 85
27 54
79 11
55 11
78 25
12 36
19 62
7 90
39 50
39 72
6 48
89 26
47 66
55 76
46 12
90 25
19 24
68 53
83 33
92 63
40 82
32 58
81 61
48 20
91 39
67 22
12 71
93 100
95 87
94 1
24 20
87 86
24 23
65 34
32 12
31 32
67 6
37 46
8 96
61 59
55 26
11 45
100 10
1 78
95 29
47 99
37 6
65 20
70 49
34 91
63 30
81 85
47 1
25 5
85 39
24 42
85 89
1 16
30 5
61 42
59 38
71 66
31 78
28 86
84 48
92 96
10 92
50 27
58 23
94 82
10 37
63 82
58 52
36 1
97 71
59 44
46 25
31 72
29 94
5 38
56 78
25 37
32 1
73 51
80 93
21 100
26 67
38 91
71 20
29 82
93 41
64 9
57 35
22 100
55 66
64 10
27 69
82 57
73 59
86 84
53 78
83 89
66 67
49 76
51 19
20 28
59 37
47 15
93 77
65 38
76 28
9 20
50 66
11 89
72 14
58 7
34 40
37 52
84 76
85 15
55 78
55 41
94 58
67 96
41 28
33 1
58 51
85 58
7 99
30 14
73 24
94 46
9 13
71 19
30 3
100 53
52 14
23 14
39 37
68 39
59 70
42 95
18 19
52 71
23 14
22 79
6 80
45 17
91 100
50 94
35 54
65 13
49 65
8 54
55 97
3 10
71 61
41 11
50 67
95 81
56 8
97 25
55 23
45 34
17 32
70 79
73 29
40 14
66 50
49 12
30 69
15 57
24 93
19 29
28 25
84 61
95 69
58 92
50 13
28 66
32 12
96 89
64 30
35 39
86 60
95 67
48 60
33 85
43 70
88 91
58 92
38 4
73 18
40 92
79 23
100 93
33 73
64 61
59 61
22 12
31 86
97 13
47 36
14 85
62 30
18 6
73 34
87 60
23 1
42 7
45 98
52 93
71 88
63 33
75 40
6 60
24 72
61 57
26 60
8 6
36 48
32 73
87 86
6 54
36 95
1 76
92 54
16 26
7 81
57 77
17 88
68 37
38 65
81 16
46 82
24 75
90 12
68 38
90 98
10 83
27 86
13 68
79 67
2 91
41 59
59 72
34 99
88 21
46 38
38 11
74 84
46 99
58 84
64 99
63 83
12 54
55 67
51 31
46 5
75 68
9 32
54 22
60 31
32 52
26 15
35 80
40 50
24 56
67 5
13 31
14 77
46 85
72 62
90 85
88 18
21 86
77 36
80 93
48 61
5 67
73 6
96 54
30 54
3 67
98 21
37 3
71 21
69 21
59 49
92 38
73 53
44 9
56 100
62 10
80 14
58 41
86 69
10 38
40 12
4 68
24 51
22 85
97 16
93 84
86 13
92 65
52 14
16 92
63 58
91 71
44 88
20 72
94 14
55 19
83 82
45 90
87 27
28 38
50 4
14 85
58 25
70 73
78 29
94 62
36 44
96 33
66 55
70 56
36 45
18 1
27 47
18 42
30 13
94 31
36 45
89 64
11 57
75 47
69 83
70 29
70 5
61 31
19 7
51 91
37 86
39 90
58 12
19 93
60 57
52 62
14 26
43 13
3 14
78 91
20 73
26 53
55 22
52 74
63 45
24 22
47 74
66 10
12 51
42 27
32 57
69 3
15 100
34 73
1 63
5 9
62 95
78 99
47 5
93 26
33 41
24 73
71 56
71 82
75 59
7 50
82 39
46 50
31 95
15 34
68 12
43 22
77 31
74 38
1 38
13 39
68 69
81 9
26 18
12 10
67 30
33 90
50 36
46 92
28 76
71 12
50 82
46 54
38 11
19 11
96 35
80 85
10 74
1 29
39 5
90 40
26 38
79 23
39 50
37 85
25 81
2 41
14 63
84 19
30 13
54 89
3 43
21 51
78 40
31 42
55 65
28 6
35 8
75 44
94 18
54 75
28 51
27 75
92 12
63 19
89 59
69 100
26 8
38 27
50 21
79 55
49 97
87 69
36 27
99 35
46 33
7 22
93 62
53 45
45 47
3 47
15 87
31 87
23 88
56 35
9 56
98 35
46 12
47 23
83 39
37 77
22 30
50 58
8 87
26 81
72 98
85 73
85 90
58 97
60 55
40 20
98 37
4 82
28 30
84 80
87 10
16 46
53 86
3 48
17 27
15 17
76 82
14 41
31 74
32 56
1 98
90 94
14 57
25 63
47 73
63 40
79 89
50 32
32 1
29 86
11 85
89 86
96 8
26 69
94 93
30 7
94 43
19 61
47 55
12 56
91 49
56 48
100 27
93 17
84 9
81 66
97 69
46 17
16 78
27 23
6 80
18 83
34 98
35 3
36 46
20 99
5 86
86 53
57 99
59 27
72 11
100 710 73 5
64 78
93 96
75 4
6 9
39 29
66 44
34 32
28 58
46 76
15 83
10 100
43 2
38 21
97 71
59 60
89 100
68 18
98 88
85 91
54 23
42 83
73 72
99 11
92 39
53 12
38 13
39 69
86 5
40 99
60 62
38 88
29 38
80 50
87 43
96 11
3 39
76 12
98 29
68 84
89 28
76 63
5 32
61 51
66 55
5 88
3 1
77 14
58 3
38 8
91 73
93 19
53 48
5 76
23 90
78 72
60 5
11 53
75 93
76 26
85 61
74 5
94 28
97 79
43 33
97 17
92 75
23 59
100 92
49 86
53 74
38 15
88 9
96 2
2 42
51 81
21 88
1 43
5 1
3 66
7 71
79 51
42 55
42 83
3 66
1 34
100 86
77 53
38 13
20 51
12 34
23 14
39 85
44 40
75 14
70 36
40 53
13 40
27 75
36 5
96 78
92 63
32 27
92 6
15 91
84 25
41 28
45 90
71 1
97 65
85 32
57 4
64 26
78 21
45 17
19 29
29 5
11 38
26 43
65 78
14 80
13 76
64 7
8 38
74 79
24 90
9 10
52 61
50 46
73 20
97 85
19 46
34 97
11 22
82 2
78 52
32 27
99 22
99 50
21 47
66 65
58 5
2 77
25 8
25 87
15 26
64 13
79 75
56 97
30 97
81 9
41 69
64 29
1 77
77 65
66 65
20 59
24 20
93 99
45 24
71 22
27 40
30 45
25 94
52 12
7 14
12 91
100 95
4 87
62 61
37 49
96 54
37 97
75 18
25 100
50 88
94 15
96 23
56 15
75 84
56 100
17 56
22 93
12 56
4 15
13 77
89 67
42 97
33 18
76 31
73 85
47 16
43 15
25 67
64 6
16 89
1 98
35 43
77 42
57 59
71 92
88 50
61 71
32 33
37 44
81 95
85 4
62 46
73 85
96 76
72 56
18 37
3 97
65 74
49 7
45 20
79 7
20 99
39 90
14 50
73 72
69 10
44 63
52 85
75 41
21 85
35 6
54 29
83 48
42 8
25 63
67 55
21 59
20 24
82 51
56 64
95 25
3 30
12 9
43 28
77 10
100 90
88 3
7 14
58 4
43 74
4 16
93 76
21 50
87 79
90 40
19 2
55 20
41 77
52 38
8 37
23 72
34 90
98 81
46 33
15 37
99 11
50 13
74 72
57 30
59 89
84 57
50 67
27 26
97 60
13 25
32 67
89 100
63 11
51 12
96 26
7 45
59 65
88 49
53 13
7 31
69 47
46 31
8 92
45 82
91 41
3 59
4 49
88 31
41 87
2 25
33 80
38 78
36 70
5 23
79 50
32 30
69 97
38 87
71 29
4 92
75 79
88 49
59 44
100 25
88 80
40 17
7 70
21 82
82 83
25 3
21 55
51 23
3 32
30 85
13 1
82 39
45 77
97 52
45 80
70 20
82 87
7 21
76 88
85 80
43 5
83 48
76 87
81 84
22 58
23 90
80 30
90 89
82 93
65 72
69 27
53 43
60 15
17 47
79 91
82 63
87 30
65 87
42 34
5 59
33 26
98 20
74 88
83 71
89 49
85 66
61 99
48 56
13 19
59 72
9 43
34 16
3 56
19 29
5 26
40 92
36 13
64 96
88 100
98 62
89 92
73 86
80 83
11 98
5 26
65 13
59 92
50 5
22 33
38 28
12 23
83 92
51 86
79 37
19 29
30 98
49 28
52 75
10 35
71 25
85 79
33 30
95 50
23 56
92 100
34 24
74 66
47 81
63 40
28 20
89 95
98 80
90 18
94 34
65 77
78 48
76 77
13 71
81 27
87 36
24 19
30 8
45 23
47 85
31 81
87 82
91 59
50 96
38 46
36 84
71 97
4 8
85 38
12 100
9 84
40 9
25 82
74 43
25 34
18 100
47 94
64 97
83 86
42 35
4 19
79 73
97 35
93 68
78 6
40 13
76 65
96 34
63 91
36 23
78 22
58 2
8 25
7 28
95 8
93 12
99 17
15 28
71 60
45 68
13 8
95 90
47 24
98 1
67 94
60 7
2 90
14 61
24 25
75 8
16 93
18 69
56 98
11 86
85 92
56 46
17 13
43 91
63 82
71 4
19 29
10 51
23 50
40 97
60 34
41 4
88 99
75 13
30 4
76 21
18 44
21 52
97 52
34 44
70 13
57 96
53 25
43 48
27 87
43 71
22 92
64 59
16 34
89 41
3 25
47 30
27 95
65 17
13 92
27 15
100 79
90 64
82 23
8 25
36 43
73 70
63 77
44 95
42 10
83 42
19 5
75 78
96 70
97 90
52 61
22 84
75 74
63 13
58 26
75 58
66 30
99 50
28 26
23 21
10 21
71 19
94 69
37 12
70 78
42 40
43 71
76 57
2 9
18 55
98 42
72 16
80 16
92 28
78 75
87 97
58 35
97 73
82 93
41 11
29 7
59 70
65 43
92 96
98 56
75 83
14 89
7 77
99 76
74 85
61 31
16 62
69 1
71 98
23 17
37 77
93 32
2 64
89 72
90 18
16 24
36 54
58 93
63 6
59 89
77 8
11 89
8 3
3 58
97 29
52 48
91 87
34 93
28 87
50 78
20 81
33 57
54 87
68 80
96 95
49 26
62 14
20 98
69 70
74 10
46 39
33 64
8 69
93 97
22 2
48 75
86 84
74 44
61 52
58 71
39 12
7 41
85 59
61 17
84 37
53 27
6 72
11 60
86 36
8 83
100 52
64 65
58 35
15 63
1 49
65 16
9 97
70 26
16 88
21 14
80 40
84 74
56 83
66 79
20 37
21 55
67 80
35 97
83 22
61 34
98 84
35 53
9 29
47 5
62 5
44 33
96 100
34 90
91 95
87 57
23 100
90 67
10 80
55 3
38 4
61 80
92 39
18 88
77 10
67 62
90 42
95 36
16 30
22 19
81 48
69 70
82 59
16 22
52 15
91 14
41 69
94 5
75 30
1 61
100 42
63 47
59 42
8 31
39 8
25 31
4 97
85 96
56 40
11 100
87 66
24 60
29 91
1 97
52 4
4 95
50 43
55 67
51 74
34 91
45 64
96 45
27 67
41 43
52 50
42 31
10 5
45 70
50 55
10 47
96 31
88 69
27 100
12 39
3 65
27 42
36 42
45 86
12 50
100 50
38 14
32 58
51 69
68 63
66 42
20 35
60 27
36 11
9 7
100 726 49 34
15 83
99 88
89 27
63 44
70 49
21 9
3 58
26 12
1 18
17 14
40 81
100 32
7 46
29 15
90 29
38 77
23 58
45 95
2 41
92 99
31 61
78 87
88 64
97 69
11 22
22 96
93 55
38 56
8 30
32 54
76 44
73 11
42 82
11 3
40 71
42 14
24 70
7 5
69 50
69 43
71 17
77 56
72 47
88 91
28 7
48 69
49 17
27 2
78 91
87 49
72 45
34 75
63 73
38 99
85 4
57 79
79 74
53 4
84 50
94 77
29 34
42 73
21 11
32 60
96 59
86 88
7 97
53 56
15 76
7 65
32 42
31 100
39 40
2 53
4 26
72 96
22 33
28 11
19 76
82 91
62 72
79 84
19 61
8 62
64 25
37 84
9 50
37 21
21 33
55 42
35 50
99 34
60 59
81 85
51 55
52 73
84 92
6 73
10 90
12 65
30 78
6 57
96 94
41 23
55 91
90 91
99 72
94 50
71 97
70 93
100 32
80 28
13 29
77 72
3 95
18 26
18 66
47 49
17 99
79 93
100 72
73 64
81 97
70 69
73 22
55 86
37 42
56 57
98 14
62 13
94 70
66 89
44 91
88 41
83 52
38 42
24 6
41 39
31 41
53 15
61 18
73 45
7 69
1 76
20 96
85 17
76 94
53 58
44 28
45 17
35 90
54 86
10 51
75 86
91 84
24 64
16 71
66 59
23 2
66 80
83 100
26 24
12 83
62 43
86 1
54 10
38 21
60 34
94 50
36 59
50 64
5 73
21 100
33 21
14 60
96 98
94 96
93 57
86 24
83 89
47 16
2 19
76 50
92 49
36 27
55 30
46 86
18 39
55 57
75 86
14 19
24 95
90 80
16 75
49 96
17 99
42 27
79 19
15 93
57 41
64 43
53 28
26 87
94 98
78 58
43 84
92 87
96 62
73 72
61 76
99 18
90 22
32 15
72 56
99 51
1 97
46 22
52 99
44 99
13 54
9 93
59 23
83 74
9 72
96 100
7 42
22 38
71 19
25 76
40 4
73 37
53 30
34 83
42 8
29 95
27 44
67 49
100 84
45 92
21 7
91 95
85 51
94 91
26 47
91 81
40 23
46 10
67 44
28 76
97 46
55 19
21 8
20 2
7 43
34 24
54 35
79 12
60 93
21 92
12 40
83 73
69 50
39 30
73 74
62 48
7 23
62 29
41 26
81 57
57 28
33 5
7 43
9 33
70 96
17 40
69 42
28 34
18 11
40 23
11 67
88 78
24 33
78 85
17 54
88 96
56 23
97 46
97 21
86 100
83 50
91 13
37 48
6 47
26 87
10 35
68 80
84 18
35 3
58 55
41 66
68 2
14 26
63 70
55 15
42 66
24 40
57 52
49 17
77 28
9 39
42 78
51 28
73 81
48 39
40 57
45 5
84 24
19 45
13 71
3 93
18 70
81 30
3 46
7 66
99 46
39 69
13 79
29 86
94 9
24 34
38 25
45 84
70 25
34 89
34 69
3 56
19 53
69 74
21 1
71 46
97 12
12 6
90 68
54 70
2 18
65 6
71 48
85 14
45 75
66 58
81 29
85 11
83 45
60 41
20 54
59 28
26 87
74 61
97 28
6 1
50 94
100 59
12 61
6 81
19 29
18 73
77 36
55 86
63 61
21 72
21 26
2 24
70 36
22 66
16 82
68 89
4 35
24 78
41 14
6 31
23 72
42 17
67 11
17 75
28 50
26 52
61 18
41 1
42 53
23 39
100 28
14 60
45 76
65 86
36 10
81 36
4 55
75 77
92 62
50 71
75 74
33 47
37 27
35 55
46 21
7 26
33 69
69 74
7 94
28 81
33 30
38 83
1 67
62 22
84 32
13 97
73 6
8 35
90 88
47 85
80 8
82 91
72 100
2 16
90 57
25 58
37 61
71 42
1 66
92 85
61 39
9 15
35 63
85 27
77 31
47 93
25 61
7 40
45 69
22 25
64 96
42 99
25 83
48 26
64 19
16 83
71 35
31 21
70 86
17 83
64 17
96 71
86 70
26 49
72 69
89 39
63 16
30 91
22 65
34 8
36 15
62 59
37 18
31 89
62 58
56 54
71 68
46 50
62 39
89 92
57 62
73 95
4 53
1 44
38 62
22 69
48 40
93 41
14 47
17 4
49 66
91 71
10 11
61 70
35 1
55 92
80 95
95 52
65 6
13 85
18 65
55 84
11 38
65 72
26 5
83 51
6 83
10 54
45 61
13 91
33 50
6 13
6 14
12 92
75 94
40 24
57 20
4 13
95 85
78 50
16 20
86 51
20 39
87 20
67 60
66 72
15 23
2 19
24 32
12 21
81 52
27 52
8 88
95 42
88 31
63 76
29 79
100 26
27 96
91 80
93 61
47 23
35 17
100 12
18 81
54 18
22 51
58 35
31 13
53 63
96 92
21 42
71 14
5 63
55 52
67 22
8 99
49 57
50 61
61 20
21 35
51 7
82 72
82 48
23 41
50 74
54 6
77 50
60 10
50 76
17 21
44 57
51 8
8 77
4 52
93 76
61 78
2 73
89 47
24 94
9 47
27 75
5 10
60 54
34 56
52 7
55 8
43 21
82 47
7 90
18 8
59 84
48 72
8 7
12 57
67 72
32 89
59 30
49 89
89 99
70 11
40 60
56 50
90 94
76 17
8 92
79 34
67 35
45 37
70 29
39 77
89 95
71 73
47 51
83 52
17 86
66 16
75 2
38 60
57 74
16 27
74 49
92 17
56 82
67 7
50 89
87 64
61 45
39 11
68 9
66 40
30 38
35 49
17 91
98 70
80 15
49 30
25 55
64 50
63 9
15 98
2 35
91 54
79 21
71 56
37 32
37 59
80 91
57 17
73 75
35 100
61 47
21 18
54 42
35 24
47 91
98 23
27 89
9 37
7 4
13 56
86 36
79 59
46 84
65 40
42 51
35 54
99 69
65 19
43 30
17 66
82 91
45 87
36 78
45 5
95 25
27 38
11 7
92 50
62 60
15 91
98 50
3 59
11 63
80 13
46 78
72 59
69 33
18 31
50 94
57 5
11 36
36 76
39 92
70 43
21 66
14 43
9 36
94 50
20 22
14 65
66 42
7 17
54 14
44 64
1 37
67 97
97 83
79 100
76 22
62 84
81 66
55 13
37 23
57 38
99 55
88 87
37 27
95 25
40 91
27 81
5 35
2 92
37 70
8 53
44 8
42 15
99 61
86 53
27 49
25 8
40 10
71 50
11 88
22 7
75 19
100 969 43 87
38 76
38 81
80 63
82 52
92 32
72 62
68 57
10 53
39 89
56 71
80 31
27 11
30 19
68 88
69 84
88 2
70 7
17 1
45 11
21 18
43 24
75 31
86 37
37 15
36 40
71 54
48 88
32 4
84 77
2 34
19 83
30 14
6 31
62 96
38 48
55 100
43 65
81 28
8 58
36 59
29 28
62 94
65 77
62 33
84 81
99 48
65 84
14 4
55 47
42 63
46 97
11 94
17 32
60 94
38 27
64 7
7 93
20 94
60 59
97 36
76 12
16 38
25 3
92 19
50 70
85 18
5 21
57 71
63 59
25 96
90 84
77 57
77 1
97 82
69 78
53 15
9 87
8 17
12 31
71 2
72 100
34 81
15 13
33 14
73 82
16 90
71 6
47 90
5 66
41 96
60 8
83 72
41 12
79 19
41 60
38 100
2 56
70 34
32 98
40 18
20 38
99 17
31 81
44 42
50 52
97 74
55 91
47 76
22 51
91 82
27 4
64 32
12 64
71 34
87 88
8 30
78 65
84 1
86 42
57 70
73 79
44 88
43 31
90 29
83 57
54 72
11 41
41 75
6 24
55 39
14 45
45 78
20 16
73 34
91 40
69 40
59 98
59 46
42 95
85 50
62 65
78 92
82 63
91 7
58 51
1 49
57 16
32 16
69 96
98 22
95 96
91 40
18 47
70 3
24 91
52 44
38 93
16 23
42 28
22 58
90 27
13 1
61 46
23 73
73 91
85 29
93 47
3 68
29 91
65 61
26 92
96 57
11 10
16 88
79 43
91 27
60 100
95 22
57 71
77 27
46 54
58 62
53 13
70 6
82 63
22 69
75 58
77 99
28 15
74 72
58 24
77 93
5 73
77 10
20 3
77 67
43 86
59 9
17 38
40 89
78 95
75 37
43 97
23 38
63 89
94 42
12 74
72 50
87 75
58 15
91 10
86 30
52 79
71 70
54 20
65 2
5 16
53 91
95 80
25 2
75 29
4 53
17 7
6 17
31 74
44 91
60 28
12 25
91 18
95 48
61 28
61 69
19 65
65 53
28 53
89 13
77 94
8 100
45 18
21 77
15 43
28 52
33 22
64 78
63 83
79 20
68 50
23 18
17 60
65 31
82 59
2 59
77 73
61 45
89 26
38 1
65 98
5 31
32 42
31 15
62 96
28 42
34 31
64 94
21 61
88 74
23 98
21 20
64 67
15 72
25 31
85 90
38 19
73 70
34 97
79 69
80 95
34 40
31 28
10 58
88 55
29 72
6 33
86 36
23 52
73 52
50 15
16 91
3 51
46 70
78 6
57 11
81 35
71 80
73 95
5 4
26 53
31 36
95 87
75 60
71 13
79 9
82 19
92 93
95 58
36 65
39 60
61 42
15 12
23 61
50 43
95 84
69 3
78 58
24 33
99 26
22 55
62 77
10 89
51 68
7 97
19 100
57 83
57 21
12 14
80 42
97 91
52 49
16 17
73 25
22 11
3 82
93 77
55 23
42 82
72 34
38 51
77 53
93 5
65 72
71 37
98 42
80 27
85 53
48 41
74 87
48 42
41 14
74 3
57 74
6 81
77 66
1 5
42 33
37 7
82 69
19 25
88 4
18 32
91 34
81 12
74 88
14 89
48 9
9 94
67 99
69 22
84 20
44 28
96 47
40 15
67 46
48 72
21 31
69 53
74 7
7 24
99 47
95 78
16 33
55 6
53 54
24 10
53 54
82 79
67 88
100 40
73 66
44 60
72 86
78 16
95 68
74 26
76 50
6 62
70 10
75 32
22 55
41 81
100 70
42 80
28 63
66 1
25 6
66 3
31 44
45 74
52 1
79 20
62 37
73 26
24 12
42 78
30 16
49 38
64 40
92 90
50 84
64 25
39 5
81 70
27 80
97 11
88 83
58 66
45 93
69 7
56 19
19 73
90 43
96 53
72 64
65 33
53 36
39 23
41 17
23 26
88 77
83 77
1 31
3 62
9 69
31 19
80 28
99 12
8 47
74 85
4 47
56 93
1 10
73 30
50 34
31 30
77 55
84 54
99 68
10 38
17 34
64 13
93 13
24 78
96 71
81 18
12 8
81 80
99 39
37 93
93 8
72 85
8 65
55 50
64 57
84 81
78 53
76 33
67 24
19 69
83 52
95 65
19 43
19 18
84 75
93 69
22 82
6 1
30 75
40 21
28 36
8 29
57 31
25 86
4 43
45 62
22 91
76 1
95 5
77 23
47 77
82 67
38 43
76 29
53 96
52 49
23 65
51 53
94 15
64 40
45 77
34 100
66 48
36 71
88 42
39 90
27 79
11 70
73 39
52 18
5 69
47 48
14 86
72 77
41 71
36 88
43 56
95 99
9 18
61 97
91 16
95 68
87 20
12 35
86 35
100 6
6 55
82 7
84 42
99 62
7 30
28 1
59 32
16 57
56 86
14 52
71 89
77 7
35 24
51 21
97 41
27 47
66 95
37 85
56 94
45 6
8 1
82 39
26 75
63 69
100 60
91 35
68 29
92 94
17 71
100 59
7 43
82 80
85 80
14 9
1 64
19 64
70 53
65 44
91 38
72 32
51 27
63 20
61 4
24 85
50 93
36 70
96 3
58 65
95 99
34 82
98 34
89 29
52 57
31 77
80 10
98 15
24 33
94 71
46 81
87 19
9 22
85 6
55 68
2 78
97 96
70 20
11 100
96 19
69 57
77 92
92 42
79 58
11 65
83 95
36 38
57 72
26 9
88 63
76 10
14 11
96 61
94 9
93 12
80 41
77 86
65 15
77 35
82 60
16 31
76 3
76 40
53 65
97 48
95 9
89 36
56 47
62 59
1 5
18 71
82 12
95 48
79 49
71 33
25 67
31 73
71 2
42 29
60 52
40 62
100 50
21 12
16 67
90 1
70 59
57 55
26 42
50 14
23 52
42 44
99 83
41 2
87 33
14 93
70 85
3 61
5 4
55 37
85 38
50 11
69 37
80 90
80 84
7 75
94 79
41 50
18 100
64 44
32 40
65 59
8 71
31 74
6 61
46 19
41 73
3 98
58 78
40 26
98 82
9 35
44 60
68 71
83 94
13 86
21 12
83 62
61 72
91 78
39 81
54 17
13 79
35 31
61 82
72 93
19 42
23 75
88 65
6 92
96 70
18 91
94 57
7 87
91 93
26 10
10 4
4 59
77 83
71 18
88 24
3 95
59 21
8 69
17 16
9 18
60 7
76 38
6 54
98 48
76 32
31 60
15 89
96 69
21 10
14 6
1 37
36 97
51 37
70 57
93 2
3 54
92 37
80 51
47 93
78 37
85 46
6 28
76 61
75 14
54 50
32 100
48 74
37 40
76 99
100 32
22 65
74 56
46 79
89 19
94 77
34 40
2 34
65 93
48 45
84 82
88 60
86 69
54 44
39 58
32 64
53 45
10 3
24 86
36 55
78 90
19 22
84 41
17 70
37 22
64 89
20 49
83 18
96 21
34 91
45 36
77 95
29 93
25 90
54 22
37 95
53 47
35 81
93 42
27 26
99 13
72 18
7 44
42 66
84 1
2 7
73 21
33 13
30 6
72 30
22 4
17 66
98 90
84 71
20 80
33 65
51 18
29 11
45 66
53 7
54 51
3 38
61 64
60 48
71 78
63 27
46 82
93 90
46 38
31 9
28 75
31 16
38 67
63 58
96 56
41 59
5 4
81 1
38 45
47 61
37 50
86 83
46 79
91 100
20 28
67 31
8 3
55 9
42 33
4 76
92 47
21 5
8 96
7 55
85 15
13 2
29 98
13 84
44 13
23 20
46 76
30 28
27 54
99 19
43 29
90 48
31 82
71 87
19 67
82 96
6 78
79 31
22 43
97 95
32 63
57 73
45 79
11 71
80 53
60 91
61 97
100 99
61 72
8 52
56 62
36 58
11 73
26 51
95 92
61 5
30 12
27 92
9 54
49 85
98 20
72 36
3 60
20 65
23 71
19 74
62 93
47 85
2 20
55 77
96 33
72 61
47 33
56 93
49 94
15 56
60 9
41 19
2 99
80 11
73 5
78 55
14 6
60 41
48 22
93 76
4 100
27 36
33 31
74 51
14 25
14 24
6 43
71 29
70 76
33 76
41 84
100 73
61 10
31 49
27 42
49 60
32 39
23 73
4 53
22 68
73 88
55 5
10 47
88 11
75 98
33 24
32 30
58 89
8 15
66 37
77 38
71 93
34 17
35 85
62 67
78 42
78 77
76 44
71 43
83 67
13 49
15 86
77 89
32 62
30 24
7 40
53 49
74 58
21 60
86 64
3 64
46 58
6 68
61 67
96 60
82 1
23 58
65 95
95 36
99 70
97 68
13 1
3 43
70 90
100 964 66 52
37 82
41 68
89 80
78 64
56 38
91 3
78 19
92 6
70 25
86 76
13 51
46 68
12 34
6 59
99 76
56 3
27 6
66 36
12 90
16 10
93 25
65 67
94 14
57 89
80 8
74 23
50 71
39 56
37 48
75 28
70 11
97 82
40 10
44 35
82 60
54 86
30 50
25 49
95 20
96 18
70 83
54 79
35 68
97 91
33 76
98 100
52 34
32 63
80 19
3 27
38 7
55 9
42 78
99 73
57 95
79 69
64 39
2 23
69 45
13 44
47 77
69 23
41 13
31 65
32 10
85 43
51 88
76 45
99 29
76 4
97 77
77 50
96 46
61 60
88 4
29 37
73 89
33 43
61 35
33 99
95 72
63 91
64 88
25 6
77 54
56 89
4 64
32 59
39 72
2 99
27 42
92 68
71 87
8 53
50 7
25 35
94 14
26 36
11 3
68 7
51 99
6 82
52 49
90 87
19 48
27 59
75 17
57 18
92 91
19 91
40 64
40 8
21 60
2 36
6 49
70 94
76 19
14 31
73 89
6 71
49 57
44 14
96 43
81 62
60 6
92 11
70 94
38 69
7 27
75 92
48 5
18 95
82 87
91 80
10 72
66 20
43 68
7 80
51 43
51 14
70 64
66 5
6 45
5 16
78 2
5 6
99 23
63 20
31 40
56 8
89 75
68 64
38 10
58 49
79 52
16 62
8 99
6 92
1 36
49 46
50 61
17 58
5 70
85 50
8 69
2 51
80 21
32 13
56 63
15 27
68 76
21 10
49 50
69 61
52 34
63 3
34 29
7 27
92 22
9 24
92 82
48 37
65 57
18 42
45 86
60 11
41 34
87 68
51 64
45 98
24 68
7 72
34 48
14 10
24 59
42 32
72 6
75 49
53 9
31 66
70 36
97 55
59 57
4 77
71 25
57 96
61 19
74 32
61 99
61 27
34 18
41 14
27 30
100 17
81 8
67 92
1 64
24 34
64 69
41 67
2 76
25 87
4 1
57 77
47 30
55 78
56 31
32 49
4 89
7 66
79 60
62 59
9 17
74 81
9 35
26 60
31 11
63 87
44 21
1 66
29 17
20 24
82 95
92 36
22 35
43 90
39 6
56 25
70 37
84 77
23 75
9 71
83 15
1 67
18 61
61 44
75 87
48 13
67 3
73 78
83 88
97 45
18 92
46 24
71 61
56 62
65 98
37 14
34 83
4 31
70 36
58 28
3 91
98 41
32 42
4 8
61 53
30 60
73 48
29 39
46 39
19 46
92 58
73 2
59 25
41 60
20 48
24 33
63 4
72 9
7 93
73 76
21 52
5 32
20 100
47 10
17 1
35 59
93 13
6 29
94 62
99 83
48 80
5 60
39 100
97 65
13 30
8 50
2 44
86 44
94 42
89 41
82 36
67 57
31 97
38 84
73 85
80 56
46 48
34 40
16 45
64 69
16 40
33 93
14 31
4 67
19 63
67 74
1 19
50 12
74 29
69 86
74 62
8 23
44 20
4 11
46 89
37 33
48 94
93 60
70 64
34 98
84 16
14 67
41 56
79 81
19 81
34 37
4 5
5 74
100 43
63 54
29 18
93 28
63 53
83 38
100 31
96 91
42 31
20 55
68 19
94 32
57 32
99 35
61 16
100 76
50 89
81 26
36 61
5 4
12 25
66 82
49 89
3 32
80 79
66 74
34 86
99 73
69 50
33 63
56 4
62 3
70 72
45 77
3 95
28 80
40 28
55 26
61 51
20 24
47 68
45 88
95 67
1 75
19 87
97 75
27 53
71 35
3 17
54 94
82 67
48 52
19 49
70 85
57 68
55 9
41 75
19 57
46 85
6 85
16 1
81 33
82 50
6 74
34 25
1 13
59 52
20 55
47 10
10 36
88 4
36 37
100 85
1 34
22 40
20 56
13 60
24 99
79 36
79 68
8 84
13 47
5 100
89 37
7 51
15 1
98 49
69 28
31 15
58 10
30 58
84 41
5 31
11 55
39 69
13 64
40 86
27 25
57 55
46 30
30 43
89 21
74 78
30 54
65 99
35 58
52 30
25 86
25 52
17 21
8 76
8 43
94 35
13 22
89 58
13 62
20 93
91 89
36 44
4 25
80 35
15 60
98 28
30 81
28 42
69 11
66 38
36 90
57 3
20 73
100 94
70 37
52 17
4 45
74 6
13 39
38 58
42 30
92 17
75 70
71 40
49 25
40 63
53 44
75 32
13 85
28 17
78 48
33 75
27 89
88 74
34 50
55 27
36 25
97 45
68 61
59 55
98 64
51 71
94 55
52 100
15 46
74 20
17 39
95 68
75 9
47 61
57 17
13 49
32 75
17 48
91 68
67 97
84 95
27 86
99 36
99 56
3 90
100 35
56 78
37 81
29 38
13 50
82 28
91 68
92 41
92 38
98 59
77 93
81 67
31 68
45 67
83 2
62 87
4 27
58 20
45 100
62 77
37 5
28 40
38 28
34 48
54 84
15 14
70 86
88 5
44 13
8 77
52 84
14 36
32 59
75 3
64 40
12 25
12 49
37 27
93 89
45 37
54 73
53 40
56 1
2 91
12 45
98 44
25 34
76 73
97 20
54 85
29 54
26 70
37 24
12 11
20 81
74 44
11 31
87 56
37 15
33 2
17 6
48 52
5 3
25 47
40 92
72 34
11 71
72 87
78 25
53 56
70 33
22 41
97 31
94 54
80 91
14 23
17 14
57 47
50 23
67 26
69 30
86 57
27 20
11 94
99 57
79 38
53 38
64 27
1 18
87 27
9 71
28 85
25 2
30 88
82 93
67 5
22 33
6 1
12 2
40 73
60 19
62 92
3 45
96 40
4 73
69 19
24 13
72 8
30 53
49 13
27 15
38 80
46 55
33 92
92 3
20 61
89 62
10 87
44 11
56 80
58 50
82 75
7 46
28 10
10 3
3 33
22 93
61 8
65 64
4 57
46 38
84 17
21 59
50 37
55 35
96 31
10 36
30 51
4 79
89 30
25 5
28 22
95 75
74 36
8 53
100 95
56 85
20 54
17 62
54 3
24 69
99 94
71 57
33 48
4 47
53 12
30 56
97 22
30 42
50 46
61 49
84 22
75 78
62 89
94 3
8 97
53 87
57 12
81 41
96 15
71 40
33 100
27 49
68 14
26 86
30 5
80 85
76 95
51 55
87 93
9 94
14 42
58 30
96 67
34 77
19 21
81 22
65 8
28 63
5 85
74 58
90 46
20 89
36 4
91 31
3 94
39 61
77 51
12 17
84 82
24 33
89 43
81 39
96 90
75 69
91 18
82 70
92 99
96 63
54 57
89 76
63 75
17 12
20 60
23 38
12 51
59 86
17 98
58 7
49 7
19 18
9 38
89 29
28 6
97 83
56 28
92 77
91 96
46 96
39 51
52 42
46 1
67 30
91 58
67 35
74 99
53 69
54 20
23 24
22 52
31 46
20 59
92 54
30 55
23 53
72 93
57 6
26 99
49 62
91 76
92 79
3 81
59 44
93 40
14 59
88 59
69 96
88 86
15 96
2 66
67 20
56 94
36 11
72 97
60 31
65 58
34 91
61 37
31 12
62 32
91 47
72 92
62 17
38 76
95 36
3 43
35 12
89 13
57 87
60 76
39 18
7 88
83 51
78 91
9 49
29 78
33 56
70 5
34 87
48 21
45 85
96 54
2 53
81 52
49 48
47 10
39 56
53 87
68 7
24 94
72 10
9 12
4 27
93 25
8 40
100 81
39 25
37 34
31 7
99 46
72 45
69 75
14 38
77 24
93 89
98 89
7 80
43 74
49 36
51 44
4 99
4 30
71 35
84 98
8 79
55 93
54 36
63 57
69 33
22 92
85 53
36 10
68 16
16 39
34 83
96 17
97 83
88 67
14 74
98 71
40 72
41 26
38 43
22 17
87 56
94 99
74 92
56 61
54 71
4 3
37 65
100 26
54 72
60 84
96 57
23 2
98 82
51 83
39 1
41 59
23 96
77 89
61 3
32 53
38 15
95 20
49 68
88 58
22 86
14 95
27 48
48 92
56 52
54 80
21 15
69 80
22 3
94 30
53 35
68 8
49 36
86 50
11 59
47 1
23 81
17 74
87 82
23 86
14 26
72 99
83 62
42 14
84 92
39 14
19 86
67 94
59 19
9 72
84 53
40 73
2 54
2 78
45 31
24 43
95 66
31 79
33 94
21 15
35 91
21 62
12 93
25 64
67 16
88 37
32 85
57 4
37 39
32 42
47 66
100 70
33 60
6 98
17 28
46 99
69 75
100 24
10 40
56 2
84 38
33 64
64 24
50 14
85 11
26 53
77 61
97 32
100 846 20 6
7 85
44 27
74 22
5 10
78 42
47 26
77 68
26 54
83 94
15 83
6 1
55 44
53 11
49 34
85 57
36 14
37 77
61 34
88 36
39 8
27 36
26 55
50 46
56 21
98 60
60 90
95 76
15 30
3 58
77 59
24 15
91 86
24 94
13 58
70 79
16 42
17 6
68 58
95 94
89 57
77 95
40 6
47 20
56 15
1 41
15 40
20 17
32 88
58 63
7 44
100 42
8 79
60 44
13 11
52 88
71 76
53 74
100 15
96 48
66 48
39 92
24 40
67 13
21 17
15 24
58 47
74 35
96 87
76 39
81 53
13 1
3 42
9 28
64 21
67 16
74 37
2 37
47 8
80 19
70 7
43 51
53 82
60 92
20 30
56 51
47 34
64 14
27 53
95 68
64 5
62 31
57 34
72 16
22 85
73 89
39 87
90 43
100 33
37 27
60 44
39 51
48 81
69 77
17 97
72 1
13 35
40 79
9 77
23 83
13 65
47 31
7 9
64 22
93 3
27 51
41 71
3 56
85 46
73 43
77 47
56 51
54 64
13 33
48 28
14 61
77 57
41 63
84 66
49 28
72 39
53 25
51 72
82 32
87 52
84 90
74 48
4 60
48 58
12 18
31 63
43 78
32 13
98 30
97 66
81 96
73 54
26 25
89 75
62 50
18 91
68 19
67 93
99 81
80 85
90 96
98 65
68 96
70 60
35 42
32 89
35 93
40 4
65 20
65 47
36 83
27 23
89 40
50 75
87 45
16 95
80 68
53 26
10 7
5 36
53 67
61 16
8 15
73 25
61 89
90 91
71 69
60 22
63 100
50 8
4 1
36 13
70 80
80 85
25 61
17 26
71 49
75 44
25 88
72 57
44 43
68 67
21 86
60 43
54 71
59 83
95 30
96 79
37 53
70 31
32 73
12 89
24 12
93 31
6 63
38 24
67 12
13 5
39 73
26 15
100 76
62 13
96 93
94 19
77 100
22 12
16 61
81 76
97 63
50 100
33 70
74 91
70 36
37 55
55 58
15 71
59 97
41 14
52 84
57 20
96 37
48 14
67 34
75 56
100 58
81 96
36 25
95 26
45 89
79 23
97 2
78 20
17 92
77 87
63 64
92 54
33 32
94 21
90 13
21 57
31 87
36 33
94 61
65 62
89 90
40 22
36 79
98 33
73 91
49 37
47 81
87 73
52 51
62 40
92 54
95 54
61 75
100 99
86 71
61 34
91 17
54 14
43 7
26 82
3 89
63 20
98 16
51 65
82 97
74 34
32 63
40 76
39 28
95 49
89 4
71 65
80 5
58 82
96 21
46 80
22 24
39 20
40 47
63 23
18 46
93 31
38 5
70 78
18 26
22 93
6 26
35 34
27 93
75 44
14 44
42 34
98 38
54 69
9 39
37 83
56 39
70 24
83 74
86 26
91 84
85 98
82 7
2 25
26 76
24 78
70 15
82 95
53 54
42 13
54 47
78 4
70 75
47 52
36 16
46 54
29 2
53 22
9 68
22 38
3 4
58 91
96 62
10 30
2 7
77 57
83 76
11 38
35 73
41 11
3 80
12 38
86 76
33 81
16 8
72 59
39 66
90 13
63 53
4 31
60 20
72 67
37 9
65 70
64 82
26 97
32 9
88 92
38 65
40 9
98 69
61 53
53 61
54 49
55 92
15 20
43 23
96 53
98 26
1 98
92 81
89 37
49 18
35 87
67 28
88 74
81 21
76 54
60 76
22 47
98 74
18 89
95 51
98 52
84 28
38 100
78 88
65 12
57 81
19 35
66 67
31 18
98 89
48 91
65 4
96 19
94 86
17 62
95 45
14 39
30 93
9 17
47 81
65 87
88 95
54 21
32 20
24 76
42 87
27 33
22 95
43 33
59 42
100 48
43 93
7 14
87 81
23 18
9 30
84 79
71 74
7 87
25 58
28 71
18 88
29 10
23 31
32 61
51 54
92 100
3 26
76 36
88 5
5 80
29 88
88 64
40 39
45 41
61 25
40 90
97 92
48 56
28 16
9 60
90 29
96 91
73 41
48 19
1 77
69 44
43 92
90 78
34 52
46 37
47 32
44 48
88 23
17 49
12 57
73 22
35 84
33 47
16 60
60 51
7 55
64 18
18 77
70 87
97 20
70 86
72 56
94 40
41 73
93 79
58 77
6 11
17 15
64 59
35 51
61 19
4 82
63 36
28 60
27 82
14 70
78 7
75 29
43 59
77 24
50 32
44 22
59 55
70 6
69 57
43 76
27 72
75 67
50 45
97 45
9 25
35 6
66 67
50 17
99 24
85 39
75 76
50 20
78 17
67 15
74 64
69 52
15 43
65 96
8 94
85 51
34 46
12 89
91 58
6 59
12 100
67 9
7 93
2 55
55 93
46 26
36 46
1 25
85 91
97 13
96 14
66 9
70 62
54 30
49 59
25 44
83 31
36 11
31 24
81 80
14 87
91 74
60 19
95 66
41 27
4 18
49 23
88 5
18 34
94 3
67 65
39 84
63 52
12 17
99 16
56 14
61 65
4 69
75 36
67 77
41 72
43 22
64 45
91 26
2 31
58 74
74 50
86 74
24 44
66 77
83 72
20 51
76 15
64 89
44 22
50 81
97 17
55 54
49 16
29 81
39 36
96 80
81 86
78 30
39 4
1 24
90 98
95 12
86 12
30 58
74 4
25 81
47 50
14 17
36 60
65 54
52 78
15 99
92 78
30 11
49 65
11 72
86 71
97 17
2 41
33 12
8 32
66 83
62 17
59 20
78 90
83 11
49 75
95 39
31 18
50 40
59 65
58 8
66 23
84 72
37 25
66 79
87 26
93 74
35 30
88 5
10 59
97 40
31 47
24 57
74 80
75 28
59 17
50 43
33 74
87 17
78 43
9 36
74 88
80 77
41 60
45 98
97 44
30 69
11 68
99 39
38 2
92 66
92 5
81 32
35 3
70 78
2 62
27 80
92 43
95 61
45 7
99 25
51 97
89 19
31 60
18 52
80 7
96 70
71 39
74 46
81 2
48 14
48 38
67 93
14 50
24 54
93 10
27 24
29 59
57 41
19 29
19 6
41 24
34 71
27 96
22 47
66 8
36 52
20 58
95 70
100 73
10 28
20 68
78 50
100 30
17 82
65 15
49 16
91 56
74 63
45 47
22 40
81 87
50 70
69 45
32 73
14 67
49 77
8 3
73 7
60 14
58 40
69 83
29 81
26 98
56 98
87 76
100 33
49 31
52 43
26 68
44 82
6 24
32 14
62 6
96 34
38 61
2 97
39 93
78 28
98 58
57 90
92 22
73 57
84 4
78 80
54 29
45 84
1 50
54 39
76 86
60 10
9 46
84 81
38 36
77 33
78 35
49 43
56 70
75 60
35 38
19 63
4 77
48 18
91 79
3 60
87 100
98 51
12 87
10 67
18 24
52 83
4 32
31 29
29 80
57 28
68 56
37 11
11 60
7 97
64 24
16 79
15 49
84 68
98 3
8 80
22 54
72 75
100 19
61 2
44 31
91 60
48 43
39 67
87 60
10 64
55 48
39 6
13 40
56 55
57 74
22 89
40 86
9 17
40 38
77 40
1 47
35 97
87 38
67 69
2 11
6 98
61 34
71 25
26 89
67 7
22 53
37 43
14 22
55 64
97 5
52 93
4 94
84 22
1 78
5 3
57 72
74 36
72 85
98 77
45 22
87 74
33 89
46 21
17 71
85 5
19 49
53 39
61 71
60 17
14 83
74 52
70 30
86 40
23 7
59 4
27 64
57 68
69 59
34 29
57 54
7 100
54 48
100 816 45 79
84 78
53 21
80 32
4 8
85 56
12 42
23 50
53 29
96 3
89 78
96 82
26 74
97 96
12 49
45 5
14 10
3 95
20 97
84 4
20 30
100 60
45 14
30 28
97 39
67 50
39 92
90 77
41 26
55 61
88 93
30 32
48 71
92 83
72 1
2 20
49 79
99 66
95 5
72 80
8 21
78 90
39 23
62 28
46 56
82 29
62 87
69 99
81 99
58 97
58 91
34 40
25 50
43 2
59 70
64 66
64 82
43 40
4 93
26 8
92 53
20 18
8 41
11 29
70 9
42 6
79 21
33 5
88 25
5 48
56 93
31 98
43 44
22 59
6 65
5 43
44 83
70 75
32 89
21 84
5 30
75 52
49 19
10 59
62 60
46 70
76 29
83 55
90 48
16 47
69 45
70 65
92 54
48 20
3 67
59 12
79 48
1 84
52 51
75 20
8 22
34 99
99 69
48 89
56 19
37 73
86 58
16 17
10 14
50 65
49 90
82 11
24 38
24 92
47 64
17 10
46 91
46 23
59 66
76 90
1 76
18 85
99 36
24 96
12 29
13 14
11 69
26 30
16 88
41 15
92 36
77 94
42 59
49 28
25 96
52 94
68 53
68 40
71 27
91 13
83 44
67 42
53 73
40 74
13 4
77 17
37 59
7 25
35 55
94 47
40 11
60 68
20 26
85 83
8 86
37 76
4 46
55 39
89 88
3 9
28 21
60 65
59 6
79 84
20 29
59 25
17 61
7 15
77 32
7 73
1 100
13 61
33 86
84 53
22 51
69 61
65 87
59 100
53 34
99 40
60 85
7 47
79 18
99 86
5 83
14 27
7 89
92 45
31 45
84 85
8 38
32 9
3 15
5 20
68 48
77 81
81 10
68 13
90 64
50 88
17 48
50 64
92 50
24 89
19 80
30 78
98 23
36 82
40 10
82 76
58 62
72 12
46 8
29 20
17 31
10 85
1 49
60 68
76 53
80 19
23 74
28 10
59 4
30 8
8 98
83 76
47 40
77 36
26 69
2 64
20 11
82 86
75 72
16 96
98 45
62 79
2 42
98 39
28 100
56 6
52 63
22 85
45 51
33 10
55 7
85 70
82 75
90 47
4 97
74 60
9 6
19 2
65 9
26 52
50 85
89 43
75 13
10 62
47 11
93 8
42 27
1 59
79 84
64 34
91 100
93 47
35 39
18 42
59 32
91 32
18 56
79 6
56 1
41 9
64 99
15 8
40 68
49 6
99 25
39 45
91 4
88 46
58 69
26 8
98 24
57 100
28 10
52 26
8 15
19 17
93 60
28 63
86 28
26 89
54 93
18 78
40 41
89 33
5 53
68 34
1 32
87 26
69 47
88 30
29 91
21 83
74 65
46 90
24 73
85 10
84 40
22 55
22 58
94 87
91 10
29 74
60 57
17 92
39 59
65 1
49 47
37 69
56 57
60 8
1 8
25 8
80 99
31 89
3 31
49 55
63 90
72 20
77 71
49 65
51 22
40 17
69 14
50 83
2 67
87 68
3 43
22 82
41 57
49 11
24 34
71 96
56 92
52 97
23 65
86 45
94 57
70 92
97 28
41 13
63 64
19 57
20 94
8 17
16 22
43 63
21 17
61 92
7 82
41 28
82 71
25 88
7 74
12 90
9 76
36 49
22 79
28 14
55 53
19 78
64 11
12 47
55 36
14 40
45 18
30 33
52 61
84 3
3 19
33 70
82 75
69 67
49 3
21 18
22 89
83 19
30 80
45 30
84 93
51 35
57 37
79 64
23 29
25 18
70 8
63 73
55 18
39 43
93 86
6 71
88 40
72 16
68 40
33 20
94 76
53 47
49 33
71 95
66 83
62 56
94 23
100 50
21 36
8 79
73 58
39 7
74 92
21 85
98 53
89 43
48 1
28 47
95 68
62 21
48 46
37 40
62 29
6 96
11 33
63 96
75 41
91 46
31 51
9 81
98 55
56 47
35 61
93 85
28 85
40 56
59 12
17 88
15 6
58 25
44 93
44 48
86 5
55 82
43 73
100 36
54 17
85 55
56 68
69 98
75 58
70 97
32 53
17 67
61 63
1 4
11 57
36 4
91 76
46 51
12 92
11 7
67 99
5 27
91 28
39 75
87 39
55 73
100 32
61 32
4 2
50 27
53 88
84 29
43 70
42 8
3 25
72 86
91 29
79 5
22 25
12 63
83 94
49 54
2 90
94 8
79 83
26 25
66 1
31 59
79 15
71 75
2 63
77 17
30 95
46 70
71 50
60 26
42 59
19 23
48 31
69 25
7 72
32 8
12 99
12 37
96 91
7 59
47 99
52 80
37 54
12 31
4 50
94 83
19 84
16 93
45 59
95 51
70 35
3 38
70 53
22 92
31 92
92 78
59 2
98 38
71 4
68 55
58 35
23 51
88 12
94 93
2 37
57 86
49 30
74 31
75 29
52 29
74 13
16 73
46 58
14 37
6 45
2 71
15 47
62 96
44 7
89 13
57 49
63 73
6 25
73 95
50 92
67 29
34 80
22 13
29 51
86 50
43 34
40 18
17 75
54 100
25 35
11 32
21 95
67 17
78 19
80 69
86 63
34 18
4 86
1 83
43 2
84 10
19 68
60 67
19 56
57 89
17 58
41 52
98 49
94 95
3 96
37 62
66 97
59 2
74 54
74 33
60 36
4 67
27 79
60 20
48 59
58 91
70 13
62 41
7 63
83 31
83 63
47 15
19 100
81 78
62 1
89 53
32 92
85 49
38 8
87 65
91 85
31 61
58 94
18 39
81 86
28 20
70 62
28 38
5 55
66 74
67 38
35 78
53 71
100 45
13 62
56 3
73 82
18 31
35 95
58 71
25 20
31 36
35 64
97 45
16 49
63 7
99 77
55 26
97 35
14 73
51 93
17 74
76 10
45 92
5 9
74 94
23 53
71 5
19 97
51 39
67 41
72 5
92 47
52 83
9 97
27 42
63 24
30 22
30 74
17 81
49 26
15 47
55 48
80 24
56 7
33 77
74 76
40 97
17 25
86 30
86 37
43 81
62 44
78 54
88 60
87 63
21 18
29 48
29 60
8 21
53 42
68 34
49 47
59 1
86 97
45 66
60 38
26 59
71 29
33 35
38 16
100 51
64 19
9 59
30 97
80 82
35 77
63 56
52 38
77 29
4 8
7 28
5 83
7 48
27 56
15 51
13 21
57 10
55 13
74 15
94 55
3 11
34 24
32 11
89 91
67 28
61 44
91 33
54 5
67 90
67 6
9 83
17 94
15 93
16 69
11 37
72 35
15 6
28 59
18 89
26 98
80 90
28 58
35 5
4 29
7 36
18 86
93 24
68 62
78 37
55 62
87 26
15 16
74 32
1 50
46 10
3 80
83 32
58 83
27 5
29 20
13 7
46 17
27 23
96 66
87 36
90 13
9 22
75 37
99 2
78 30
34 39
78 21
24 93
22 87
56 73
50 7
53 78
95 38
2 91
96 44
31 60
99 29
48 64
36 5
20 55
52 39
15 75
69 3
14 56
56 61
35 53
31 34
6 74
74 54
75 38
55 12
54 92
26 17
41 52
56 84
42 49
31 45
92 20
9 53
74 33
11 85
87 63
56 35
30 33
31 42
47 22
80 56
95 15
71 34
59 99
46 74
22 82
95 88
42 7
28 63
100 867 77 76
41 21
95 66
91 75
65 88
32 50
62 75
63 73
6 26
22 68
32 75
69 55
7 38
58 72
9 4
22 12
4 99
30 68
25 17
72 43
12 13
21 59
78 4
2 96
83 26
4 55
84 11
26 11
83 90
17 21
74 98
90 88
55 21
55 53
40 48
49 83
57 56
94 46
48 76
32 17
81 1
76 13
95 36
26 97
78 87
66 16
56 88
66 33
81 46
66 22
52 76
12 13
81 21
77 35
90 75
92 85
27 37
88 76
19 94
96 77
64 26
6 2
73 88
45 81
46 23
50 52
26 56
58 68
65 1
25 87
83 78
14 60
36 38
66 60
11 2
82 85
67 35
18 41
42 19
52 75
64 18
42 55
64 46
47 27
2 40
57 15
22 34
50 7
72 38
44 30
63 19
66 21
29 44
72 96
41 88
54 32
40 24
65 24
31 34
52 35
99 65
17 36
21 27
98 20
100 38
54 49
51 14
15 91
61 91
45 1
64 43
75 91
71 62
54 87
78 12
98 81
15 57
15 90
93 57
13 78
92 79
42 16
19 32
18 9
9 65
97 61
6 7
65 4
96 95
15 84
7 10
56 43
100 18
32 8
84 30
18 21
50 84
13 66
60 14
11 35
46 63
9 27
69 28
89 42
62 15
18 84
74 76
22 10
95 17
72 64
81 51
78 43
39 100
45 77
59 35
96 45
90 17
68 46
76 81
99 38
71 42
38 24
93 98
41 94
17 18
91 59
41 52
2 16
10 8
56 37
68 84
82 97
82 54
47 42
36 11
90 94
34 54
15 85
57 81
53 94
42 52
14 89
12 35
65 11
28 34
92 8
28 95
71 78
94 11
79 68
95 29
35 76
84 96
72 86
73 3
68 2
82 12
8 32
38 64
22 30
99 14
79 8
28 81
68 34
7 9
77 8
46 40
81 27
83 2
42 39
80 85
100 36
66 55
62 17
14 24
82 48
12 24
32 61
82 25
90 70
61 33
68 66
35 1
66 85
84 51
61 49
81 37
52 84
48 42
99 16
16 76
18 99
53 95
50 71
79 5
23 77
2 60
20 75
47 30
39 26
24 5
75 40
61 65
80 94
94 4
76 58
56 16
40 50
17 50
42 18
68 20
12 41
72 17
62 7
50 11
18 87
12 11
17 35
24 52
45 80
36 68
89 58
81 86
92 22
68 72
50 90
5 44
82 99
38 34
8 11
35 10
36 56
76 16
63 12
97 65
22 44
45 37
63 93
1 82
35 9
92 28
33 4
1 10
1 71
7 97
31 2
59 66
1 83
79 2
5 61
71 37
46 78
4 76
74 98
48 60
48 34
30 93
80 17
90 26
90 93
58 41
12 1
82 58
33 5
77 80
92 7
22 8
42 87
48 97
84 93
30 4
4 39
55 38
79 90
82 81
60 67
12 21
68 100
14 45
31 87
34 73
43 30
89 100
89 72
20 13
23 43
45 21
13 1
45 68
55 34
50 94
11 69
59 12
65 4
2 26
16 14
22 29
50 57
56 28
37 30
2 79
38 60
80 53
41 73
56 46
39 79
1 43
15 82
66 99
60 71
2 32
21 89
12 47
82 86
28 8
43 8
18 36
78 74
75 94
96 29
100 85
71 44
75 42
66 17
65 3
57 70
91 71
85 53
2 51
61 92
95 11
77 64
89 55
10 66
34 81
25 8
65 56
46 23
18 13
35 81
15 61
12 2
59 96
29 38
35 51
94 4
91 81
14 25
50 28
49 6
42 78
85 36
29 94
78 14
97 72
69 72
29 22
14 71
57 34
96 44
60 88
12 86
91 83
16 34
48 95
14 13
41 39
36 20
22 15
17 90
21 82
4 25
53 26
95 43
16 27
61 95
90 77
37 79
93 52
52 58
97 43
99 88
83 29
76 7
65 77
76 48
51 14
84 98
7 75
91 40
73 17
91 8
8 90
46 91
77 75
38 83
95 16
67 31
12 54
81 28
6 29
77 29
28 20
47 3
30 48
84 91
88 36
72 31
38 83
5 93
32 24
85 98
96 80
16 85
87 29
58 31
98 10
22 10
45 75
1 6
93 23
69 49
16 18
23 18
68 87
79 40
91 68
61 8
65 31
8 92
92 79
1 95
77 16
3 71
79 82
35 46
46 32
94 83
32 79
25 85
68 63
1 49
26 14
28 58
52 70
2 94
93 42
41 21
7 18
62 10
86 69
31 42
28 92
92 35
12 82
17 29
57 96
48 14
3 40
41 76
32 65
31 61
88 84
54 80
3 87
56 40
27 53
15 85
8 35
39 19
19 76
52 22
74 79
64 69
22 63
51 74
36 96
53 54
8 24
10 16
66 39
96 79
65 40
57 49
91 17
98 32
54 79
77 49
81 20
5 66
62 57
85 65
42 36
59 83
39 22
12 49
96 73
100 41
64 39
3 5
50 22
73 91
6 10
52 23
5 75
5 26
23 4
88 89
44 7
4 86
92 12
90 1
50 69
53 70
78 76
4 79
27 39
8 48
47 24
62 5
54 63
16 74
84 30
92 37
72 93
35 37
16 58
21 98
30 22
64 54
91 71
88 71
50 20
59 16
71 31
56 54
66 27
44 31
93 53
22 58
82 25
91 76
21 56
26 100
76 28
35 99
65 90
52 79
26 17
59 70
20 83
57 44
15 2
98 4
68 94
96 24
29 22
37 89
49 76
75 28
53 90
72 96
74 94
40 58
90 23
79 100
27 63
31 46
22 71
34 49
2 29
25 5
4 86
57 58
51 92
44 98
80 67
73 61
24 8
2 48
65 49
4 29
4 60
19 59
2 93
64 74
18 20
92 80
16 61
18 81
8 90
23 40
8 37
10 75
100 71
65 89
51 26
76 89
94 36
95 75
82 10
21 52
71 63
36 20
85 45
95 33
47 41
93 49
28 34
14 77
80 99
6 29
44 14
57 39
91 33
17 54
98 12
87 18
88 87
57 13
22 27
40 7
63 27
3 59
10 43
11 42
88 49
78 83
18 8
54 89
66 18
10 85
25 40
40 23
13 44
78 38
92 16
59 68
46 95
44 67
58 52
46 57
79 22
13 16
71 65
20 39
9 81
47 77
56 6
43 95
37 27
85 68
60 72
28 71
37 6
90 80
49 43
16 83
10 36
49 60
78 60
98 29
7 74
58 23
46 92
22 48
98 74
78 76
48 30
56 66
93 27
25 18
60 37
62 2
80 72
37 85
42 4
27 6
13 62
12 77
36 42
21 38
25 56
5 4
68 46
6 35
75 30
25 68
76 95
72 6
34 25
87 73
14 55
12 58
51 35
8 84
90 5
96 17
80 25
72 44
46 29
7 74
55 10
95 52
41 7
52 27
40 22
76 100
6 64
25 15
24 6
55 13
3 88
40 13
75 57
28 74
21 85
60 96
38 5
74 22
36 32
24 20
84 55
14 73
76 38
59 66
25 34
11 69
37 46
63 62
91 41
52 33
51 87
28 21
34 25
50 34
54 65
9 95
88 31
49 93
57 35
19 29
26 34
93 78
70 54
68 33
67 93
87 57
25 24
99 60
54 25
83 64
20 46
52 60
40 45
1 57
46 99
21 41
2 13
50 82
16 59
44 22
38 16
34 51
52 67
73 84
69 42
5 30
49 4
7 23
49 74
96 6
50 20
37 5
54 2
48 74
88 49
13 73
2 84
82 95
76 7
59 72
65 33
80 90
65 57
84 64
55 92
55 84
60 1
34 75
46 60
21 72
48 49
47 64
19 94
37 29
12 100
97 68
31 26
20 52
68 43
1 77
9 82
50 92
95 42
52 17
52 33
12 65
57 47
52 14
80 48
44 10
4 64
93 75
75 74
87 29
68 5
14 40
10 6
11 6
40 5
33 31
10 15
57 63
99 91
61 88
97 100
38 95
100 572 7 92
47 6
92 30
53 5
75 88
57 71
88 66
92 9
8 90
71 75
61 32
37 41
1 30
66 83
28 43
79 42
60 94
2 98
26 89
80 67
16 50
29 98
33 61
42 59
47 78
87 63
18 74
6 12
43 12
30 62
29 84
8 48
16 99
18 75
25 85
34 40
76 37
89 100
49 30
22 18
34 8
32 84
12 62
7 97
57 9
44 1
47 19
43 10
35 91
99 89
65 82
83 95
74 37
88 71
7 81
31 89
62 11
83 31
59 97
94 60
43 79
89 78
70 38
46 52
16 70
40 8
25 62
33 42
78 23
58 24
3 84
98 46
92 83
85 33
45 79
57 11
32 81
16 88
44 13
34 29
63 24
98 19
100 76
53 75
77 27
29 52
14 30
47 21
65 54
1 11
84 45
39 40
32 88
72 40
69 7
15 29
26 93
69 18
71 60
23 16
92 56
58 4
44 9
20 63
21 38
17 26
89 68
64 90
76 36
56 66
84 33
45 77
58 24
32 46
53 92
44 72
53 88
57 51
69 10
53 89
46 6
42 94
99 10
26 83
91 7
14 5
64 99
49 41
4 64
64 4
8 90
67 85
28 8
52 19
37 9
99 20
35 27
64 73
95 42
34 18
5 66
83 99
71 15
21 17
16 76
3 23
75 54
10 44
18 31
71 87
17 80
27 1
53 47
70 35
55 35
95 90
99 51
13 83
94 31
74 5
44 24
77 74
46 98
96 12
18 70
47 45
70 66
21 100
9 80
89 36
84 25
5 75
50 82
6 9
75 37
7 33
59 45
30 76
48 68
33 27
93 57
61 59
17 66
91 7
83 17
5 43
80 99
24 20
95 72
65 4
50 61
39 7
41 67
20 44
33 17
1 38
96 25
89 53
100 37
94 1
34 6
59 58
72 69
65 58
32 19
7 77
51 96
32 4
69 21
32 8
49 84
38 93
34 97
18 96
45 79
68 5
86 12
100 85
67 2
90 4
11 68
58 33
78 12
55 35
43 100
73 41
8 84
47 95
57 34
28 29
19 68
86 52
97 98
80 78
46 63
45 27
19 26
24 59
57 52
35 32
1 98
73 63
3 78
49 88
58 49
50 7
76 100
23 27
78 19
3 77
62 31
94 52
9 94
1 42
36 91
75 42
24 58
51 12
29 40
1 5
44 54
19 90
30 90
70 36
68 1
74 2
35 96
51 87
78 48
10 41
58 6
92 65
90 53
24 90
91 57
21 78
95 22
25 44
63 67
79 46
17 23
84 90
16 66
23 12
20 77
13 20
48 41
13 17
29 31
76 38
96 93
12 62
89 59
61 87
71 34
96 83
2 12
34 67
13 72
9 88
30 31
90 74
47 9
34 84
87 28
47 76
29 14
39 91
9 47
61 56
66 96
79 65
65 38
49 18
84 6
77 39
51 58
7 85
56 52
50 27
74 91
75 4
90 69
73 94
20 41
63 80
13 3
82 4
34 50
23 32
72 92
16 48
71 39
17 91
87 67
17 71
59 51
94 100
95 71
50 22
5 14
22 62
48 32
21 2
9 36
8 7
53 31
50 55
53 17
76 98
67 71
49 42
55 82
69 17
29 32
41 25
80 62
17 55
91 80
3 65
85 82
87 56
48 87
2 100
81 57
56 41
87 95
20 77
45 92
18 69
96 90
72 5
12 21
39 62
12 52
25 88
96 14
97 38
8 5
23 88
31 45
15 100
26 52
77 67
10 39
37 82
19 40
78 34
46 94
14 59
3 42
81 37
61 26
37 85
59 47
26 82
98 70
81 43
64 43
100 85
98 27
73 49
19 38
92 23
78 4
15 82
32 63
80 73
65 75
56 91
98 65
99 47
23 47
66 91
71 1
62 22
75 9
24 48
40 100
8 71
79 99
55 6
93 65
77 58
43 58
38 78
77 63
65 21
4 18
86 60
59 30
72 60
27 4
11 67
58 25
42 63
24 4
41 30
55 51
78 45
5 59
79 3
100 56
5 2
10 41
89 47
40 42
59 74
78 47
37 28
99 33
8 18
80 51
57 85
11 62
80 86
8 17
81 16
38 87
3 100
81 69
93 16
76 4
76 80
45 95
68 77
16 60
42 22
43 68
84 56
53 80
63 70
62 37
30 12
39 18
54 58
26 79
3 47
63 7
6 61
6 30
88 15
50 58
34 69
30 24
61 79
95 38
22 88
90 30
47 19
100 80
27 11
13 44
85 31
84 55
14 70
98 33
64 48
36 18
25 56
61 99
85 80
78 34
34 79
21 61
30 1
56 21
4 22
45 72
18 89
22 2
40 22
76 82
66 79
9 50
72 39
100 79
89 45
80 7
46 48
37 10
28 36
16 87
42 97
11 10
61 50
17 33
41 89
8 76
31 50
82 98
44 86
98 52
7 43
80 21
82 35
81 16
72 9
59 61
51 53
32 87
66 81
73 26
43 39
68 20
70 48
89 16
18 54
75 24
43 98
69 5
88 35
45 24
12 70
74 45
73 17
70 87
26 27
99 78
1 57
23 54
58 73
80 66
4 74
60 76
27 17
6 5
80 59
74 71
12 6
55 16
72 28
100 41
100 504 23 1
8 53
13 27
32 35
62 17
86 53
66 88
58 67
65 17
79 95
2 47
49 27
77 48
4 50
97 67
75 48
39 31
5 48
100 4
21 94
1 90
65 78
48 2
75 20
64 5
37 25
75 42
44 79
12 14
99 91
73 72
13 38
22 61
75 36
92 98
82 4
94 92
66 69
92 4
41 90
99 6
4 22
58 81
2 34
19 20
55 28
70 26
70 67
17 36
9 99
8 1
9 69
86 100
52 79
27 90
29 95
40 48
69 96
74 66
28 36
8 81
61 47
46 82
76 38
49 71
87 99
99 58
70 86
83 90
33 94
38 50
64 51
26 88
56 24
17 48
16 33
97 27
12 40
61 36
72 91
25 22
97 13
37 73
41 78
70 83
91 55
5 7
16 44
24 66
7 92
96 23
13 24
65 73
53 41
86 72
95 20
97 20
84 46
54 11
65 17
97 86
96 88
91 42
56 6
9 74
83 89
27 65
13 93
60 58
79 39
40 15
74 43
63 46
87 1
57 34
28 74
85 49
92 72
49 7
88 76
35 42
91 44
45 33
20 92
28 55
15 84
70 71
41 28
52 83
82 79
35 20
93 64
17 39
74 7
17 49
44 70
25 68
80 89
81 37
12 1
8 78
54 94
56 43
88 76
56 88
70 60
89 81
30 67
95 30
3 11
73 68
73 55
68 61
87 44
67 1
84 79
40 49
61 18
2 92
23 30
96 76
46 42
96 77
25 80
23 34
76 64
44 43
69 30
4 71
2 76
45 25
52 1
12 40
37 94
67 60
59 35
10 91
42 87
13 79
63 56
73 58
1 11
66 2
10 93
83 6
26 50
64 83
31 86
55 29
83 28
78 81
64 65
54 45
19 73
17 82
66 86
74 54
64 12
38 62
20 35
27 81
31 17
57 10
18 3
3 75
22 28
42 22
35 32
72 80
18 97
18 4
44 50
16 91
99 92
64 79
4 62
82 57
9 85
50 95
1 4
27 96
54 13
91 3
20 37
29 35
58 4
93 33
65 66
62 54
54 43
70 50
12 47
33 43
30 86
49 65
4 19
25 73
24 22
20 7
20 46
55 12
20 92
82 41
22 73
64 97
85 14
100 66
31 90
7 58
86 64
18 1
20 31
20 24
44 34
62 73
13 60
46 12
91 96
11 15
52 12
77 80
78 87
8 29
29 66
8 6
73 42
53 14
7 40
60 6
49 83
4 18
9 4
19 59
24 32
46 61
72 16
43 69
62 67
92 45
61 71
96 21
48 51
20 43
84 11
94 17
95 71
86 73
55 70
28 38
93 62
28 68
9 60
77 22
65 74
69 30
41 92
42 87
14 19
94 44
16 60
70 71
33 86
21 83
81 66
84 76
93 2
24 70
7 10
45 67
55 17
76 32
50 5
44 33
43 30
44 9
71 11
58 39
29 62
41 16
11 5
64 20
41 19
4 76
69 66
30 27
58 41
95 98
14 83
12 77
19 36
75 45
64 88
40 31
32 96
35 94
73 84
65 6
41 95
71 30
67 61
62 2
54 83
92 59
100 72
1 52
27 30
87 94
34 33
32 38
8 91
3 91
82 66
32 5
11 76
56 72
77 78
10 75
99 25
74 15
2 51
16 46
30 59
33 65
83 22
62 83
24 54
95 71
17 75
31 25
49 77
96 52
88 26
3 73
77 21
84 44
22 24
31 44
79 80
62 98
28 86
6 3
41 52
53 88
39 24
46 4
86 56
50 57
38 34
78 99
30 28
84 95
1 51
54 69
98 36
78 4
74 96
78 18
12 42
51 1
19 14
11 27
32 96
38 43
71 20
90 44
10 13
98 67
34 40
17 27
42 24
64 13
54 2
54 42
56 13
65 98
61 9
17 51
75 20
79 22
90 7
90 73
44 28
94 67
82 87
79 63
72 57
18 50
49 93
8 43
75 47
79 84
47 3
33 42
84 91
12 63
67 69
54 30
37 13
41 53
43 18
31 86
34 56
34 23
41 71
99 93
80 1
75 48
77 2
53 71
100 91
78 7
56 64
7 62
32 35
7 68
6 17
9 29
64 12
20 19
61 92
25 57
74 83
65 8
61 42
70 76
54 94
48 83
65 55
66 49
97 27
15 2
35 99
31 45
98 54
52 2
52 70
21 72
98 96
45 49
16 35
26 52
100 32
49 97
58 83
28 53
79 15
92 72
18 15
60 32
91 44
32 86
6 38
77 36
47 68
87 94
65 69
87 1
96 50
53 38
35 30
3 51
36 19
81 65
95 85
9 70
100 661 75 94
99 26
44 93
83 39
10 60
49 21
54 12
35 21
34 20
83 37
84 91
79 61
38 66
47 88
86 40
30 34
12 46
24 70
43 28
88 71
13 100
57 7
99 84
48 44
75 93
83 47
31 22
80 49
20 64
49 5
1 85
45 72
29 76
23 36
73 95
77 63
6 84
17 97
58 77
7 21
77 19
55 68
28 37
96 99
74 38
71 61
1 38
99 17
61 76
47 29
10 74
54 89
70 74
40 48
13 64
3 94
58 89
15 56
100 77
84 64
65 61
5 13
29 85
11 27
59 92
46 25
97 46
69 4
86 66
15 22
6 62
22 63
11 21
26 62
29 80
38 56
88 28
62 66
10 96
51 89
82 79
27 13
58 29
96 75
53 34
57 89
56 100
66 79
21 3
36 11
93 28
42 94
94 83
44 48
37 54
28 89
20 16
11 59
23 63
3 11
20 46
100 90
28 36
36 33
69 40
50 62
17 27
98 44
100 28
79 100
97 36
84 37
57 63
19 21
16 28
7 30
5 94
20 27
9 92
85 87
12 62
63 78
2 72
68 83
6 46
81 37
79 49
99 65
50 16
100 6
3 40
49 45
18 83
51 92
97 90
19 1
95 30
88 14
47 27
8 86
42 84
50 32
9 20
36 35
50 87
22 70
50 41
25 32
3 23
33 26
93 16
32 35
53 13
16 69
84 54
66 21
49 19
19 75
1 67
76 36
12 98
99 82
24 95
93 31
55 90
36 37
4 51
63 77
96 91
48 89
10 52
53 65
20 65
72 75
16 72
17 87
65 75
34 21
39 80
54 46
49 74
50 20
17 18
100 72
89 29
31 39
90 40
53 43
20 87
2 52
2 65
14 4
61 4
3 26
35 67
28 51
41 39
87 94
46 27
81 24
69 8
97 28
28 43
59 35
5 17
90 68
44 18
80 54
25 12
4 43
76 6
56 2
98 80
90 11
44 33
30 7
65 25
16 68
70 87
47 87
75 98
55 80
21 9
67 90
3 38
77 89
52 60
49 57
42 36
50 18
49 89
23 83
58 62
16 91
97 94
58 3
27 85
27 35
5 78
2 59
39 81
72 38
9 72
92 4
81 74
34 20
5 78
72 74
16 74
89 61
87 83
7 67
14 53
41 69
25 9
4 52
99 60
21 18
48 39
20 17
47 73
75 40
3 71
56 51
81 7
52 20
17 83
74 21
49 44
21 26
96 94
64 74
99 7
98 57
95 15
52 91
27 95
53 71
88 18
16 81
32 82
20 64
59 80
44 38
19 97
86 56
57 9
50 54
87 5
63 69
84 70
20 77
8 30
69 78
36 17
40 48
93 31
31 19
79 14
96 20
61 30
74 1
22 90
81 40
59 36
36 53
45 52
29 94
51 38
79 80
20 62
66 98
9 82
20 60
12 36
82 41
38 65
29 8
24 31
66 10
52 48
81 26
16 15
27 18
15 76
13 44
64 5
43 85
31 80
50 48
36 87
65 77
96 12
80 62
66 43
66 60
81 84
31 89
42 74
14 87
19 80
61 47
62 22
56 6
39 77
37 45
66 52
36 27
63 47
81 60
32 4
82 50
46 26
90 9
60 63
43 36
58 65
88 36
7 74
7 99
76 61
49 79
100 45
64 30
62 58
44 51
28 12
74 72
60 82
31 16
89 9
31 18
23 40
26 83
89 57
11 9
44 68
14 72
22 99
5 9
52 29
82 96
31 49
7 76
81 15
19 17
35 48
10 75
96 21
26 77
40 18
75 27
19 7
74 90
31 84
78 67
35 50
95 45
89 82
11 3
3 30
18 25
99 90
10 84
32 65
90 42
51 3
89 59
29 30
63 84
70 74
42 73
79 88
70 8
57 76
26 72
44 18
42 96
40 78
76 39
58 17
76 11
97 24
3 46
48 63
12 41
71 18
57 40
2 53
93 24
100 75
61 83
47 53
88 11
85 70
94 20
3 76
7 6
60 43
49 10
80 48
78 73
97 23
8 40
38 64
10 38
70 13
87 72
90 35
41 37
17 2
58 33
13 29
57 70
37 4
17 57
97 52
4 55
22 77
84 87
30 40
87 30
31 43
48 50
13 90
32 2
42 25
11 45
71 5
41 13
92 10
88 62
88 97
96 62
80 70
97 53
4 91
96 11
44 87
80 100
87 1
46 72
52 90
69 79
62 74
77 74
70 23
42 94
99 65
25 31
70 53
9 74
96 64
94 96
65 39
85 97
77 48
22 89
18 51
56 54
38 73
19 30
36 4
19 84
16 42
3 93
85 18
22 94
88 64
54 92
62 93
53 24
57 39
63 46
45 96
46 76
12 38
100 72
32 90
7 8
95 36
33 100
36 67
25 86
48 6
51 83
6 72
15 67
68 26
28 87
33 32
45 22
70 71
8 62
28 77
87 26
64 88
81 46
2 10
32 92
80 30
31 73
31 23
49 41
51 48
87 30
48 13
22 78
80 87
62 48
69 83
39 46
33 10
90 54
88 49
79 64
95 76
81 28
35 61
84 30
71 43
47 54
74 47
28 43
61 80
5 87
10 74
23 41
88 54
83 68
97 22
25 26
74 9
97 51
81 42
20 97
96 86
9 73
32 4
69 4
31 57
56 29
19 55
50 59
64 10
9 91
67 60
48 53
71 28
97 18
11 21
12 34
73 72
1 81
91 45
24 91
54 31
37 52
25 46
85 89
90 92
94 77
81 71
35 66
87 46
14 20
52 63
100 23
83 85
34 11
4 7
59 90
28 49
43 29
22 32
100 83
66 16
88 70
87 49
23 48
20 7
82 58
93 3
40 27
38 1
92 77
95 30
79 97
35 37
18 6
81 29
79 42
42 44
36 90
98 70
14 67
91 9
82 66
33 11
13 98
12 62
85 2
20 70
22 33
22 69
84 7
24 87
2 76
51 65
55 82
26 8
80 57
32 82
63 64
31 72
73 31
12 78
41 90
90 31
100 51
73 55
84 68
100 771 76 24
14 1
98 53
62 69
9 94
29 59
99 1
37 34
29 24
41 26
70 53
95 11
55 24
100 15
28 14
23 97
65 6
23 57
66 56
64 6
27 76
45 70
14 18
84 59
22 24
66 82
69 15
89 44
17 32
45 24
98 15
15 93
50 81
93 100
67 5
36 80
60 78
43 61
89 30
58 67
95 68
34 45
94 89
42 64
55 61
93 79
1 37
49 36
47 11
42 14
85 8
100 23
46 97
32 63
62 69
23 55
63 36
75 58
65 74
63 56
19 4
69 92
96 53
84 99
2 36
32 34
96 67
80 6
38 95
100 21
7 57
51 63
31 30
77 18
16 7
53 81
94 79
84 17
27 54
72 88
100 96
95 13
4 6
14 58
42 17
94 35
97 38
22 47
37 18
93 100
96 89
76 41
76 89
73 23
81 13
79 67
40 64
95 90
33 1
46 29
85 9
69 78
46 77
54 93
74 1
17 74
66 71
12 34
93 30
37 78
14 91
40 63
11 24
43 98
52 57
38 18
23 66
76 39
5 65
43 82
55 57
82 10
75 25
49 13
80 13
56 99
55 80
25 93
40 64
5 27
35 49
58 48
30 76
40 92
95 84
84 60
22 59
14 11
30 43
55 16
33 60
19 80
6 32
66 48
28 89
55 14
27 95
70 10
85 91
5 9
18 20
12 18
3 47
28 10
10 36
48 13
44 16
38 100
54 50
56 64
84 88
67 73
34 21
25 66
34 36
26 71
84 91
66 100
45 2
46 67
33 86
69 36
38 32
78 70
1 23
52 82
43 18
11 79
33 36
86 64
69 62
13 38
58 97
5 86
12 6
65 10
97 10
44 21
37 62
5 98
95 96
93 95
25 69
78 43
33 10
18 45
38 87
63 20
85 16
22 35
49 35
28 5
23 86
3 47
13 38
9 63
62 37
76 33
58 51
79 37
81 24
8 26
60 66
95 48
7 93
53 32
37 16
85 83
37 44
70 5
31 27
4 21
12 99
35 84
82 84
75 22
65 61
66 69
22 67
69 46
20 32
91 69
83 99
23 72
86 26
37 84
30 34
84 87
61 95
78 50
85 72
30 74
70 27
9 65
43 3
1 92
38 3
12 57
75 26
40 39
47 29
37 14
32 95
45 81
33 21
76 20
95 60
97 81
36 87
15 99
86 78
1 81
40 39
38 22
11 68
52 32
58 50
58 14
57 39
93 22
14 45
3 50
65 7
29 74
25 7
74 9
24 9
51 48
30 48
6 75
69 84
82 45
3 78
8 60
31 10
13 61
58 31
48 6
96 22
24 92
35 76
84 98
66 98
67 26
65 42
64 48
49 98
89 70
23 22
53 7
89 95
31 87
45 85
31 91
82 3
37 17
63 20
31 34
49 10
62 33
66 18
15 85
21 8
27 83
71 70
100 91
82 80
98 25
30 61
53 62
9 15
55 5
73 52
54 4
42 78
44 67
53 74
98 97
46 68
26 73
4 82
30 19
85 44
65 36
54 78
27 94
67 36
68 72
77 53
49 11
67 89
87 91
85 20
26 96
22 68
92 89
31 100
69 30
99 80
70 21
30 86
66 8
17 91
55 50
2 35
84 28
48 21
42 89
36 44
33 81
76 45
9 92
75 73
92 76
84 20
15 49
15 28
28 99
98 50
90 42
62 66
5 35
69 98
43 16
48 10
35 18
5 71
87 64
59 84
18 57
40 96
39 41
52 53
29 77
6 90
27 30
6 8
29 28
85 18
96 72
15 52
37 9
82 20
89 32
82 6
34 94
91 26
41 32
24 22
49 30
58 76
97 92
39 7
72 79
41 89
37 38
30 63
89 16
6 24
2 60
41 52
57 61
67 52
27 25
77 73
70 72
63 88
6 90
87 5
38 47
57 84
21 79
95 37
32 90
24 6
73 78
10 48
85 65
36 19
50 44
67 94
46 6
17 15
25 95
91 33
76 22
80 44
85 50
96 35
86 81
88 7
29 13
95 33
35 19
35 14
50 86
23 39
13 41
55 11
7 95
80 19
99 88
7 97
92 95
2 44
37 9
67 95
36 61
43 4
23 82
34 20
52 79
43 26
33 87
96 70
51 13
68 55
3 17
85 60
52 6
72 96
9 42
8 98
38 5
33 7
3 8
54 81
47 67
37 1
94 5
77 82
66 2
44 41
3 20
45 90
30 58
94 40
58 71
47 77
80 94
54 55
96 21
11 68
98 18
80 69
96 24
29 79
90 40
9 67
72 3
52 37
100 62
47 22
58 85
45 81
77 70
1 94
85 63
60 18
5 39
10 87
28 79
97 84
22 27
30 92
12 72
17 11
72 8
36 10
69 86
42 32
92 13
90 82
75 36
81 61
36 66
82 29
65 53
20 64
3 36
42 99
84 62
45 68
25 37
29 91
72 21
26 68
77 12
8 19
27 2
89 98
36 67
55 84
74 28
90 99
67 25
63 39
16 1
60 50
1 71
2 14
32 8
77 93
75 83
41 6
72 26
48 66
39 46
95 69
2 85
53 65
100 60
61 44
63 20
31 87
11 98
41 56
48 94
91 7
12 75
100 83
43 3
63 51
49 28
83 91
88 56
31 66
3 86
96 34
87 18
15 24
90 73
54 14
7 92
8 20
81 8
61 75
72 52
53 88
58 24
12 66
53 13
24 83
42 4
53 55
56 90
85 97
52 8
86 93
98 55
8 96
56 92
56 41
72 60
68 6
99 77
10 11
22 10
38 33
98 26
13 50
9 83
15 81
53 74
5 27
65 63
18 25
13 27
34 54
42 100
62 84
15 50
52 16
37 92
2 31
99 17
3 28
80 39
54 12
87 5
76 3
13 15
81 63
77 14
13 82
57 99
12 24
41 7
55 68
17 93
29 28
8 24
97 89
43 86
12 70
71 85
75 35
21 95
67 35
46 3
37 66
41 68
81 57
45 7
92 72
84 86
52 23
38 27
63 95
12 86
80 14
87 4
39 28
78 69
8 94
90 52
58 87
92 9
74 58
55 78
6 19
25 10
17 7
94 52
86 63
46 76
54 20
92 70
33 2
6 78
39 17
23 56
53 24
20 67
42 22
70 89
68 38
30 73
18 35
32 95
94 46
95 4
69 18
2 59
47 39
49 32
18 25
31 15
73 52
3 72
57 81
73 45
60 98
49 86
12 69
83 65
92 31
64 69
16 15
42 87
58 32
69 87
9 49
52 57
37 85
82 79
63 13
34 38
77 42
48 82
85 43
69 90
100 53
83 88
75 79
93 5
54 65
99 42
70 12
76 96
96 99
64 72
74 14
31 22
42 21
9 89
35 75
56 35
30 88
92 87
94 17
34 4
11 2
57 89
31 93
5 45
12 56
56 75
36 57
49 79
65 27
23 100
44 40
90 66
66 28
71 15
13 73
92 34
44 86
18 22
83 78
53 1
33 66
35 59
10 77
51 5
87 93
45 92
25 54
51 3
72 23
22 61
100 863 2 33
99 41
48 78
32 67
68 39
46 96
94 78
86 15
64 53
61 40
30 59
24 33
24 55
67 11
51 66
62 73
83 90
74 15
4 93
94 76
21 41
89 16
78 59
21 72
25 5
55 8
87 89
17 87
16 87
23 6
81 97
53 23
2 18
2 12
50 36
14 73
50 11
78 94
70 41
78 15
67 93
31 59
42 30
25 51
12 94
63 88
88 44
66 17
84 83
7 27
79 74
6 95
67 58
58 72
32 78
36 24
21 84
68 14
30 66
79 88
97 28
76 44
97 51
71 77
64 5
21 57
22 94
90 84
16 24
66 10
38 88
8 26
47 55
3 88
59 19
67 14
53 83
60 48
24 82
16 85
40 85
21 56
15 80
85 46
97 80
76 21
16 9
11 23
23 50
99 1
68 17
44 61
44 77
66 25
56 18
3 11
68 85
9 59
40 65
89 44
25 81
38 6
87 32
58 39
34 22
85 20
52 6
13 62
38 15
5 60
76 71
30 70
28 98
49 50
50 90
44 91
56 52
16 88
25 39
9 37
32 29
7 54
47 30
80 66
42 13
40 4
31 26
79 34
15 89
84 34
40 25
69 98
62 89
91 78
50 68
40 20
58 81
98 62
90 18
47 76
54 44
20 61
23 94
28 65
82 28
14 64
7 91
28 44
23 55
4 57
19 58
40 18
89 96
7 56
1 84
74 81
39 27
28 89
72 45
83 13
45 58
12 90
10 92
38 39
37 55
88 78
69 58
61 71
76 73
43 85
30 72
100 91
29 4
88 61
90 51
16 93
53 4
66 11
55 34
71 97
32 63
41 92
26 30
24 61
39 90
41 13
21 86
67 16
91 46
94 21
55 33
70 7
92 79
84 28
94 3
17 94
80 66
11 36
1 14
62 61
12 32
68 26
60 49
32 49
4 20
21 67
11 84
51 63
60 16
55 14
70 57
25 65
15 10
98 48
98 77
38 70
88 73
32 96
14 46
93 10
18 25
100 58
31 17
86 45
58 30
41 78
91 79
50 86
14 35
28 31
73 14
97 90
11 98
50 85
69 49
65 10
3 93
26 35
74 76
50 27
55 60
41 3
88 62
19 83
85 46
73 40
79 74
39 19
16 80
58 26
57 34
4 28
51 55
91 79
86 60
13 61
2 1
41 83
8 28
54 42
71 24
87 94
97 16
99 73
1 53
65 82
63 5
9 38
70 37
49 26
54 68
58 92
45 95
26 45
34 31
86 91
60 87
32 6
79 46
63 32
99 36
93 86
93 23
99 96
23 26
58 28
58 1
21 10
15 56
10 66
26 72
23 3
56 35
53 71
92 46
4 8
95 13
27 42
29 13
52 6
4 48
80 11
70 22
47 59
41 5
37 17
30 49
72 76
1 5
89 65
12 53
29 100
40 90
97 14
95 8
67 21
66 10
24 64
49 19
4 64
31 68
13 99
5 81
41 65
86 72
6 86
95 20
29 55
30 5
60 1
68 50
37 46
40 63
28 99
44 28
71 2
28 25
76 20
77 73
12 7
54 82
52 55
39 16
30 85
41 50
52 43
50 96
28 22
49 6
65 18
45 12
37 24
43 77
47 94
96 66
52 63
21 33
1 27
21 30
6 54
40 19
41 62
97 67
83 1
83 22
47 64
50 62
83 41
77 11
78 33
64 18
21 13
36 95
66 55
45 16
29 75
44 39
79 73
29 94
40 50
36 68
54 96
51 8
61 18
52 13
1 24
25 64
48 8
40 5
92 21
50 20
68 23
11 48
57 33
82 96
2 42
95 71
75 71
34 77
86 57
47 43
84 96
5 20
86 85
17 1
14 73
25 75
96 41
55 52
63 52
74 15
53 47
34 94
79 66
6 53
38 75
97 60
20 36
99 89
71 22
21 96
53 83
77 79
1 41
76 21
97 71
33 67
39 14
82 35
28 46
82 39
36 55
70 55
12 71
100 58
21 22
41 14
25 76
91 12
49 37
10 82
4 57
51 43
79 39
13 2
49 50
57 37
56 76
58 23
14 73
18 42
90 42
51 48
75 23
38 67
65 73
80 75
24 13
34 6
69 82
92 8
3 12
50 44
8 96
80 16
45 7
59 4
95 8
42 48
19 39
67 1
37 49
38 5
5 40
9 17
66 44
13 41
16 7
64 13
79 28
76 77
22 85
90 1
92 70
60 45
54 27
36 45
4 24
37 17
53 42
44 13
92 64
72 45
14 25
27 13
20 100
44 10
97 86
81 18
59 10
67 43
8 87
3 17
98 16
73 65
9 63
62 68
93 12
11 41
65 92
63 1
35 30
70 39
56 14
85 40
65 34
91 5
46 14
14 25
36 63
18 20
6 98
96 55
57 43
15 75
30 71
21 78
1 68
66 62
28 24
78 24
5 84
74 83
79 70
85 7
24 85
19 50
82 92
94 92
42 63
85 73
88 37
68 89
1 68
72 38
61 19
28 6
15 1
76 78
51 54
84 80
59 61
83 93
41 47
54 68
2 40
22 69
49 60
91 25
72 3
44 95
25 1
39 53
95 69
1 5
48 17
30 38
86 10
35 94
94 49
69 64
85 59
34 50
41 10
19 49
64 46
35 94
66 86
6 10
5 61
42 25
83 11
2 75
43 100
58 31
32 41
51 34
65 22
59 61
83 61
89 17
25 95
71 53
90 45
93 87
11 34
65 89
39 93
93 13
28 98
95 80
92 24
84 60
99 95
70 14
41 29
38 59
65 44
97 16
72 68
33 97
22 74
95 64
9 61
86 82
46 55
40 3
22 26
86 6
42 51
11 88
100 7
15 77
93 11
18 56
71 56
38 30
31 62
26 97
32 77
72 59
36 46
3 37
73 89
87 88
97 21
59 12
17 97
13 28
100 76
16 26
59 70
29 7
64 79
63 78
88 10
46 43
87 71
49 60
67 34
53 81
17 41
5 81
40 9
34 63
94 56
60 16
72 19
15 1
2 97
43 95
18 6
58 97
63 36
80 55
71 45
52 32
78 7
64 43
77 39
47 88
14 40
46 25
40 24
72 98
17 10
33 97
59 43
75 49
47 69
11 30
10 51
72 54
91 83
60 56
79 43
70 67
36 38
94 70
12 86
59 45
79 68
19 99
13 14
43 5
90 71
69 43
64 35
51 74
9 81
54 38
76 53
11 37
90 27
23 56
5 35
64 90
27 26
84 76
80 60
3 66
37 24
18 70
87 9
9 4
64 53
4 67
87 9
53 71
43 67
55 38
57 40
39 74
94 44
29 97
86 63
17 14
3 43
58 59
51 66
11 1
27 63
42 58
43 59
72 89
43 10
16 9
96 98
38 75
58 75
36 88
83 1
90 83
71 33
90 23
5 41
28 97
1 70
30 99
4 11
77 12
92 69
71 15
32 41
34 15
66 99
33 77
17 80
26 73
10 68
12 4
76 44
26 99
7 43
20 71
36 54
78 96
95 24
6 54
5 35
64 28
36 32
46 1
7 37
38 4
78 86
5 33
57 5
21 52
54 18
18 19
18 43
18 11
67 33
75 40
35 59
92 91
19 35
2 56
80 20
75 18
54 56
11 54
21 9
25 12
51 93
45 52
29 81
44 32
62 90
18 51
32 29
7 45
98 4
3 39
28 25
10 16
77 53
53 94
40 39
17 42
32 82
72 6
35 53
42 40
30 47
77 50
19 56
61 68
91 65
95 7
95 60
18 69
41 67
45 33
89 73
1 98
88 12
80 47
84 34
86 45
2 99
30 67
55 79
99 69
34 57
71 36
6 21
1 61
73 86
15 35
42 90
43 64
43 76
60 70
10 83
51 38
25 30
26 16
38 62
52 74
93 64
43 37
44 26
56 66
18 63
37 3
58 68
51 98
90 18
27 52
58 39
71 87
26 54
100 662 49 16
29 71
46 47
38 95
36 35
4 24
26 98
87 5
94 43
21 16
94 4
42 99
56 22
44 43
47 94
29 62
48 32
31 46
99 50
91 73
74 88
82 100
35 55
84 26
30 48
50 82
79 41
16 52
54 78
90 5
8 46
66 60
35 78
90 85
3 8
53 33
32 64
33 61
95 78
16 5
24 12
68 19
49 67
100 46
13 69
92 58
72 97
83 63
92 29
13 62
54 45
89 57
61 77
14 32
13 2
87 10
15 54
32 79
50 16
76 52
63 57
5 24
28 17
40 21
33 74
98 2
3 63
32 4
75 11
42 19
10 51
2 47
28 81
98 85
43 52
31 98
69 95
46 52
54 97
68 2
68 33
100 46
94 71
60 14
84 72
89 82
55 63
86 3
79 19
17 56
78 100
56 38
24 92
61 41
20 33
5 95
81 70
44 97
18 20
10 93
21 34
42 68
56 7
58 33
59 37
49 34
18 23
4 60
51 71
46 31
59 97
97 43
53 78
83 51
74 6
44 88
80 95
57 50
28 55
90 41
25 47
45 39
23 32
56 77
4 44
78 9
20 45
26 65
30 65
68 18
30 75
21 17
11 39
72 25
70 76
96 31
91 7
55 21
63 48
36 15
93 57
56 1
85 45
9 42
54 95
28 72
97 28
88 54
47 5
49 12
15 50
8 48
53 64
87 90
48 20
73 9
82 6
69 76
63 10
10 58
11 56
81 11
57 40
24 61
89 27
86 93
53 82
76 59
65 96
42 71
77 65
24 26
29 58
60 52
37 81
20 69
51 65
35 34
1 32
39 90
76 49
69 22
65 84
90 84
76 32
88 41
28 12
5 28
54 58
54 1
97 60
22 3
67 59
93 99
81 52
72 15
15 86
9 100
30 62
67 55
89 4
15 73
66 14
55 35
82 37
92 33
82 93
92 83
100 27
55 19
18 97
91 96
16 69
71 16
60 70
10 6
20 46
54 53
58 75
16 75
48 14
90 23
1 84
39 74
27 43
66 64
12 59
74 38
17 27
28 90
73 9
20 71
4 39
56 75
9 44
20 100
3 12
12 70
90 16
23 13
50 74
73 47
79 3
35 68
33 40
16 59
85 41
14 1
42 33
50 99
5 7
3 44
77 58
21 14
10 25
86 31
82 50
5 29
1 55
22 83
12 56
31 14
58 83
2 39
38 97
25 99
9 89
1 75
11 27
4 100
57 71
18 40
52 42
56 48
81 66
74 70
60 3
92 84
32 22
17 7
90 83
13 26
1 100
59 71
96 22
22 9
86 12
62 5
16 8
69 1
42 84
95 55
64 70
81 84
61 36
82 67
4 19
20 87
68 69
11 41
56 41
21 6
87 17
30 47
21 90
8 65
95 18
65 22
13 2
2 100
92 16
32 18
42 22
99 2
14 80
89 69
11 34
29 16
62 47
60 27
7 40
4 15
61 52
8 44
19 25
28 24
61 100
45 68
98 99
64 66
83 2
83 13
55 15
33 65
73 97
7 96
97 92
76 45
25 73
94 93
28 78
6 37
59 40
63 98
54 12
36 67
89 33
49 29
90 7
45 78
10 60
69 16
36 85
58 30
91 74
87 32
92 99
86 51
34 87
81 87
52 98
34 99
26 97
46 4
48 22
77 37
95 46
6 23
30 91
65 4
2 5
79 41
11 85
89 14
48 78
8 95
10 62
26 96
90 93
44 25
88 12
63 82
41 4
37 25
80 55
35 88
28 16
57 97
16 52
19 15
61 85
48 66
81 38
23 67
95 73
89 43
15 87
82 55
84 19
59 14
5 68
68 66
47 63
7 47
35 75
67 7
22 67
5 76
2 94
30 56
99 5
57 27
43 58
9 3
65 3
56 12
30 52
28 86
23 56
95 78
13 27
33 51
78 50
35 69
51 48
45 54
55 92
83 54
39 32
64 60
16 23
45 84
5 83
3 5
21 46
9 39
99 59
47 15
61 11
7 76
60 50
53 80
76 18
63 47
33 91
71 1
9 13
7 44
13 66
75 49
92 12
46 8
1 69
69 3
40 5
74 85
60 81
10 52
14 51
4 53
33 72
19 1
13 26
25 100
66 49
68 81
15 20
96 3
7 96
100 27
78 67
84 21
61 36
88 20
99 46
99 32
64 89
77 32
63 26
59 86
79 83
9 97
28 67
82 100
37 74
3 94
8 9
8 93
48 64
64 59
40 16
67 95
74 16
4 35
63 17
19 45
26 80
94 79
2 99
60 40
76 6
55 15
41 71
89 28
40 22
47 28
100 49
68 7
73 89
62 42
96 72
52 25
8 46
15 32
64 76
33 59
87 28
14 34
38 95
100 98
50 63
90 46
52 60
18 32
14 94
37 36
19 64
1 83
66 49
37 29
72 85
66 70
57 26
42 100
47 84
25 27
52 81
67 96
74 40
9 41
27 61
22 90
14 100
31 85
39 55
83 64
6 44
25 7
83 82
23 63
65 53
89 22
42 23
52 93
19 84
79 98
35 96
85 25
54 29
70 52
48 46
40 83
99 43
55 96
99 22
29 42
9 86
79 59
48 7
71 63
89 8
33 78
40 47
90 45
85 48
50 69
15 45
69 35
58 18
12 39
53 8
62 65
73 62
50 64
89 34
9 5
70 49
86 62
14 35
86 43
8 37
10 76
27 38
34 68
50 1
85 65
60 94
64 35
92 67
22 34
94 68
60 70
92 37
53 86
47 27
35 59
90 92
46 8
11 38
57 64
27 81
6 22
63 51
3 52
52 5
41 4
53 51
93 94
31 82
71 70
56 59
2 66
73 35
35 51
67 80
26 32
26 85
34 31
61 5
79 54
88 82
38 26
54 6
57 8
94 54
95 51
44 43
13 99
16 61
11 86
100 38
40 9
39 15
73 74
28 95
94 82
20 37
24 28
52 38
67 84
78 37
15 57
4 6
99 85
31 94
2 20
29 52
7 2
54 80
51 86
61 40
32 60
62 17
100 770 47 28
75 6
33 99
58 30
56 27
42 6
50 15
56 52
95 25
13 95
70 47
15 2
70 2
46 33
29 96
87 72
16 6
21 70
23 60
13 22
78 34
41 24
58 71
70 97
34 17
50 5
8 81
16 67
10 85
83 53
87 83
14 54
61 7
80 39
11 79
53 42
81 79
75 71
51 9
10 15
90 49
100 53
38 72
38 6
6 96
58 29
57 9
46 23
52 42
14 45
78 79
11 75
51 1
25 100
5 81
54 27
67 90
96 75
91 74
58 71
26 91
49 33
34 2
5 39
60 71
65 51
44 54
80 52
67 14
60 68
94 100
6 59
96 28
14 31
68 70
36 50
18 35
37 77
16 1
54 69
63 59
77 22
39 19
4 34
94 3
50 33
84 19
86 93
51 62
55 86
55 38
53 25
66 47
17 58
71 24
98 57
4 80
87 66
22 36
35 71
38 67
60 44
62 55
56 84
47 31
29 53
59 79
43 23
76 22
51 53
24 98
70 97
99 79
95 60
70 74
4 33
35 84
91 89
81 57
18 88
90 17
53 56
28 27
64 70
90 16
2 66
85 22
72 2
45 51
58 65
69 21
87 96
50 10
56 79
46 54
75 58
25 49
27 52
79 35
35 82
90 95
31 2
10 77
87 79
58 25
44 69
81 57
46 43
94 15
13 59
76 48
57 11
49 97
40 19
57 89
52 4
80 8
30 87
45 22
59 31
80 78
89 52
79 20
88 38
52 4
78 33
83 22
51 59
13 2
98 26
45 98
68 37
24 1
5 21
52 35
42 25
42 9
22 87
92 87
19 99
61 64
70 83
74 56
4 13
83 16
4 23
78 50
73 97
76 2
17 43
35 55
22 67
52 90
48 98
93 76
34 100
8 60
55 58
70 36
84 13
100 61
73 21
85 73
9 30
2 53
29 83
36 39
41 43
51 52
16 41
47 43
6 51
4 14
24 3
6 50
84 28
59 10
60 13
75 17
62 23
81 72
65 26
58 83
8 24
93 82
79 65
55 20
5 34
45 83
55 69
2 9
73 96
89 71
27 82
51 96
56 95
48 63
73 43
78 31
95 59
45 35
66 72
60 70
35 15
6 50
66 94
32 17
81 64
61 30
1 13
74 12
77 23
67 75
39 35
35 71
69 25
87 60
98 42
26 86
92 25
8 38
67 2
35 63
91 11
87 59
83 59
10 39
81 42
6 88
98 26
36 86
9 45
3 36
51 99
79 21
66 91
44 62
92 93
33 96
14 39
23 62
3 13
47 34
99 8
65 74
18 25
84 27
81 60
79 9
38 75
35 69
37 82
4 25
20 98
93 21
67 76
37 46
40 93
89 3
28 25
29 76
52 83
61 76
99 38
52 85
19 37
7 57
32 89
81 64
21 67
14 20
16 44
52 76
19 37
22 11
75 8
68 99
86 21
38 45
38 41
49 44
99 50
43 89
39 49
5 21
36 4
100 85
29 80
55 1
59 29
24 5
19 78
83 53
42 67
36 70
79 37
94 37
77 52
49 100
83 48
64 97
31 47
18 34
66 95
49 38
96 99
28 76
20 61
86 54
35 58
87 70
89 19
89 27
89 30
15 84
59 69
98 90
92 3
72 84
17 19
13 56
17 18
17 27
38 40
37 5
44 26
87 48
100 30
87 1
62 46
80 41
29 49
56 22
48 5
84 15
17 70
70 40
39 4
18 71
96 55
4 36
40 10
17 87
13 54
34 51
44 4
63 95
29 52
8 3
47 16
66 1
33 98
94 97
49 39
11 98
91 56
49 24
72 23
15 8
35 27
91 49
62 63
27 72
62 26
4 81
100 47
13 82
28 3
27 25
24 29
59 14
96 17
82 86
91 97
73 43
85 73
61 15
86 58
65 2
45 34
83 26
49 70
6 73
59 26
66 63
64 75
72 89
17 77
7 22
94 29
98 65
13 96
73 15
39 82
4 7
33 45
82 74
49 4
45 43
99 17
31 92
44 55
96 35
95 64
91 68
15 19
66 6
89 81
84 70
4 50
48 33
41 38
89 100
47 70
96 81
42 82
10 87
84 46
37 79
19 36
59 78
49 56
61 49
8 66
47 9
69 97
6 5
56 19
50 57
93 28
62 42
65 78
75 62
15 46
84 41
44 82
27 56
18 20
15 12
95 27
80 10
31 55
17 62
33 68
73 4
77 37
72 1
43 19
29 47
47 18
59 92
95 92
28 31
39 6
52 98
16 36
35 27
51 63
44 54
7 23
91 39
93 91
72 28
40 7
25 57
68 33
19 77
85 81
79 98
71 53
93 70
64 83
5 63
71 65
10 39
96 97
88 51
43 96
3 9
19 28
71 99
2 83
25 48
51 48
38 69
100 48
99 1
31 28
6 34
95 10
80 7
61 79
81 66
1 65
62 6
71 60
87 32
7 13
29 19
20 8
3 88
1 24
6 66
19 24
96 56
19 84
64 12
52 16
82 93
97 86
72 54
52 62
96 67
39 48
36 41
26 28
5 76
55 85
13 3
91 45
62 64
19 24
3 78
12 95
63 32
60 2
82 18
73 8
21 27
92 78
8 52
99 94
32 13
48 46
5 17
55 58
9 80
32 81
61 88
79 26
60 11
75 10
29 4
69 33
21 48
62 98
58 73
13 52
18 66
14 58
65 8
49 99
14 26
54 60
77 94
88 2
30 37
27 21
47 39
14 62
42 46
26 3
3 61
39 45
100 58
51 68
30 46
16 70
27 58
43 4
24 93
33 72
53 65
55 5
85 12
17 67
8 39
97 83
67 83
38 40
85 46
74 78
7 81
21 59
68 100
60 90
85 47
98 61
19 2
65 69
43 47
50 4
11 6
36 52
59 84
69 48
59 53
77 11
29 20
85 70
79 75
11 37
91 62
21 70
72 16
67 69
21 87
77 37
8 36
68 73
87 48
34 99
63 34
50 3
10 45
86 15
8 93
31 72
86 49
47 53
17 91
15 34
89 13
82 58
17 56
44 86
61 95
63 28
52 36
26 88
68 78
59 57
48 60
9 12
13 1
6 3
41 67
50 73
69 74
55 79
50 33
90 55
37 77
18 57
93 39
66 2
92 66
60 47
82 21
72 84
30 99
65 13
73 51
24 19
100 91
47 13
85 18
17 93
93 76
97 87
75 27
69 25
74 22
31 18
60 3
61 40
63 88
51 46
44 2
89 87
8 88
25 36
36 19
19 29
31 35
45 58
80 98
16 40
48 54
70 9
66 43
8 67
53 64
17 6
1 94
24 71
74 91
10 94
13 72
38 17
71 2
7 50
2 97
11 10
25 44
33 57
16 60
39 85
14 96
60 71
82 80
86 26
86 61
85 39
33 68
26 19
64 26
58 100
24 60
32 31
82 2
85 67
10 96
34 52
88 3
74 69
98 12
98 49
25 56
78 23
37 55
45 33
6 75
74 90
96 13
2 69
75 29
30 9
91 54
70 11
88 85
100 799 52 70
3 66
22 38
75 80
20 51
51 61
54 28
3 56
54 71
74 64
48 82
24 22
94 78
99 83
88 89
83 87
70 60
95 6
26 35
92 4
53 28
59 98
56 39
90 1
19 87
48 35
41 63
18 24
10 49
56 22
69 5
70 91
91 65
42 20
22 69
30 79
11 13
32 96
99 94
73 60
2 86
28 66
44 56
56 63
56 61
73 93
73 94
28 92
26 15
52 60
59 45
95 30
59 27
10 56
98 27
52 41
70 91
45 61
84 38
9 18
91 10
33 4
60 100
28 6
31 35
40 18
13 94
87 73
36 89
64 44
58 78
17 74
11 73
100 8
14 5
61 31
100 19
37 93
37 99
88 6
69 85
73 43
75 65
44 94
31 71
21 80
73 94
23 53
39 61
92 91
77 99
32 30
20 8
86 91
69 53
81 29
75 28
98 85
91 40
29 47
28 55
6 91
33 23
7 36
26 24
50 62
56 34
23 86
100 49
63 78
49 13
25 19
80 42
91 97
54 65
26 89
83 44
57 88
14 6
93 38
18 39
21 41
38 1
1 43
73 55
41 56
79 53
64 46
2 51
73 30
16 78
56 36
34 64
48 88
57 93
18 58
23 93
8 89
32 43
71 81
90 82
91 86
2 90
44 1
32 33
29 60
59 40
74 91
68 96
30 34
56 33
100 97
22 50
25 66
35 4
82 77
16 77
2 18
64 32
99 67
31 28
66 61
19 98
92 33
65 5
9 81
77 63
9 93
97 19
37 47
91 2
3 80
36 61
77 11
8 87
16 54
11 13
30 65
59 71
28 3
78 66
93 66
89 54
50 72
51 92
11 61
73 91
30 63
70 53
73 68
42 7
20 65
53 71
38 65
26 45
55 20
41 42
92 78
37 14
2 91
68 100
44 3
42 17
94 74
50 72
3 60
93 97
11 68
41 62
90 39
32 44
48 26
40 83
6 93
26 6
13 1
38 3
42 83
99 96
42 81
74 90
86 62
68 87
19 70
82 22
44 82
86 58
49 61
62 86
2 74
51 44
6 34
82 22
78 84
35 48
17 44
93 49
26 5
62 40
62 89
63 21
14 72
98 84
10 18
61 4
85 81
17 67
40 73
8 32
32 7
36 39
8 73
10 26
23 21
61 6
47 20
71 66
91 65
88 45
10 33
30 49
83 39
50 1
25 32
74 40
24 28
88 85
43 71
83 97
99 46
92 3
13 35
9 66
60 100
81 63
83 39
31 70
17 52
81 85
65 84
94 45
11 93
51 71
62 35
7 18
95 68
96 24
7 3
59 44
16 86
61 54
6 59
60 5
97 7
53 61
88 11
19 4
91 22
100 90
99 36
72 86
1 76
73 83
10 79
63 61
51 85
85 77
38 55
31 22
49 26
84 8
76 56
74 1
62 78
26 14
39 4
49 70
44 80
66 100
26 52
40 6
83 66
89 79
100 12
88 66
46 8
38 85
34 72
75 32
59 90
74 87
97 42
13 61
59 30
23 17
31 33
89 88
89 32
42 34
46 100
89 51
16 57
29 28
90 71
51 75
46 84
44 55
92 99
85 97
98 24
100 41
68 92
89 61
82 35
1 35
9 94
6 31
100 68
97 47
94 98
58 60
23 66
71 91
11 75
6 14
16 60
30 90
45 81
48 97
52 50
62 45
99 11
70 32
88 81
28 47
54 41
4 75
71 89
76 7
17 11
17 49
83 17
29 43
54 100
30 18
19 77
9 79
92 17
72 70
32 80
27 40
57 87
67 45
16 97
1 48
84 66
62 66
56 94
6 34
44 31
9 56
6 91
88 38
86 28
70 53
45 77
41 28
36 12
38 45
16 89
55 47
25 43
51 9
96 89
45 39
33 21
33 65
36 39
8 30
48 16
15 12
4 9
93 78
56 9
81 62
30 16
40 61
96 4
23 53
69 17
96 98
18 3
5 9
90 73
2 9
30 98
31 80
98 47
20 81
48 34
20 54
99 4
36 16
21 73
58 81
61 67
91 11
45 69
35 40
27 33
41 82
8 10
87 65
93 36
63 21
20 35
62 71
88 36
72 46
55 38
89 83
57 53
83 47
63 50
76 6
8 85
1 6
82 31
71 65
89 35
54 3
43 74
71 78
98 97
63 79
40 96
3 11
72 62
65 15
17 36
19 48
41 99
25 56
12 97
81 97
78 44
89 8
38 12
62 3
80 38
88 8
54 15
91 85
47 52
71 23
24 53
35 59
44 69
12 26
60 66
7 48
52 44
100 86
61 2
85 20
37 45
31 16
54 87
65 85
16 91
98 3
81 86
15 52
81 85
20 14
77 26
29 67
92 62
32 14
58 34
93 15
63 97
94 54
15 78
60 80
38 78
19 82
19 99
61 18
79 10
2 60
80 87
23 35
1 7
50 91
68 82
28 69
73 96
30 4
31 30
6 94
62 44
39 65
20 34
85 69
100 14
79 71
70 52
82 97
51 2
16 38
83 50
23 18
1 24
60 43
22 11
12 76
37 32
94 80
53 78
1 37
49 23
56 17
43 29
90 45
46 95
13 42
67 38
66 77
51 24
68 79
39 66
17 82
95 60
24 90
28 73
13 41
59 36
59 8
16 53
75 35
52 63
59 75
83 26
56 4
13 1
82 100
10 70
60 42
90 7
21 16
76 99
11 44
5 81
96 10
22 93
5 82
32 93
3 44
59 31
90 50
41 51
45 56
58 60
41 58
17 60
43 58
41 46
16 74
44 2
80 41
44 12
45 83
93 55
76 14
93 88
20 60
86 48
16 4
15 35
58 49
86 22
43 55
31 48
45 74
26 90
92 21
42 96
26 100
40 79
89 54
29 87
57 60
57 49
27 10
96 5
52 85
92 19
19 80
95 17
73 39
7 28
32 54
66 86
57 89
36 3
41 68
53 26
15 90
97 90
43 66
72 49
2 21
55 30
41 69
16 34
95 55
22 2
2 39
96 58
22 4
86 65
76 65
37 74
82 68
47 95
96 48
76 38
45 11
45 27
18 37
57 63
85 80
69 78
5 69
79 55
31 83
65 30
25 93
90 23
42 79
88 49
86 31
61 25
22 88
24 40
46 62
69 23
14 9
48 66
12 43
24 67
16 87
16 74
48 20
16 60
8 44
76 5
31 99
32 5
48 56
56 44
18 47
34 52
16 13
26 86
20 91
16 45
46 81
66 92
59 25
17 72
70 51
5 88
76 43
64 57
50 34
87 92
70 48
54 40
94 49
1 76
52 55
57 59
31 49
32 79
15 95
53 65
48 2
89 96
2 83
17 32
47 13
67 20
93 30
3 39
93 29
6 86
96 16
95 61
31 88
55 77
81 54
21 87
93 17
44 93
10 4
55 87
99 84
84 85
23 94
26 50
10 56
88 95
32 38
78 77
76 46
97 33
98 64
16 52
19 71
45 51
27 85
67 46
96 34
17 42
55 13
78 67
57 59
40 23
52 28
52 51
46 6
96 30
13 57
6 92
40 1
8 53
40 18
26 70
42 91
26 58
56 45
68 98
70 1
97 19
13 77
37 58
57 73
81 30
24 50
1 79
42 55
76 93
47 23
62 67
53 54
29 67
11 22
35 10
