20
100 732 60 79
78 5
53 45
74 88
79 37
28 11
21 60
32 19
53 76
18 93
28 55
54 1
95 65
67 12
44 26
46 21
56 45
98 83
93 92
38 88
68 71
59 26
57 45
58 61
15 97
70 93
62 90
100 91
40 68
64 7
54 77
66 17
13 15
3 67
86 96
53 82
87 73
43 38
30 40
65 18
68 56
26 29
28 100
45 92
53 82
61 10
9 99
65 70
97 34
53 21
97 79
45 89
28 91
47 98
54 70
47 36
72 94
36 71
27 4
96 91
26 13
36 71
33 40
79 19
44 27
7 2
86 32
30 87
78 99
84 85
99 39
13 52
45 12
37 66
67 78
9 98
53 91
62 36
98 56
94 8
41 4
7 51
86 25
86 96
69 23
3 81
10 97
70 71
49 73
8 77
32 8
79 55
17 45
48 77
31 23
22 5
37 53
49 33
86 48
74 36
37 83
72 78
65 22
40 95
93 79
44 96
66 24
9 65
48 45
45 48
88 28
10 56
99 62
25 28
81 65
24 97
1 10
40 93
67 13
40 30
96 25
100 64
31 71
44 55
34 19
18 37
19 44
50 38
80 91
88 84
9 75
91 40
40 88
56 72
85 89
69 63
74 70
43 39
52 96
6 75
70 97
95 57
25 46
72 39
37 50
73 46
31 90
59 23
98 96
49 58
76 38
54 98
87 74
68 97
35 98
69 25
43 67
13 1
69 2
88 63
67 95
39 32
30 41
67 82
74 37
39 70
31 12
46 78
59 24
35 86
96 43
80 73
4 32
65 76
69 33
65 67
71 49
23 75
32 56
44 15
87 82
49 77
36 1
43 83
79 6
22 15
83 33
81 23
25 7
11 74
31 67
68 94
10 76
52 84
20 68
97 95
39 88
21 14
95 87
37 32
3 15
42 91
31 39
30 34
93 72
64 55
59 13
30 3
97 37
7 18
61 84
44 89
80 57
69 7
65 34
49 10
53 47
91 15
36 57
44 82
41 52
59 93
56 92
91 35
67 27
67 95
47 55
46 80
82 59
93 98
95 35
56 100
50 14
87 74
11 41
6 25
98 51
80 71
37 87
77 37
43 60
25 70
25 2
40 91
5 92
52 26
27 93
30 43
100 92
78 62
43 87
11 32
28 5
64 16
13 37
53 24
50 75
70 95
58 17
62 22
59 27
22 40
83 33
10 32
32 47
67 18
51 32
40 93
6 1
50 92
11 61
6 56
59 35
96 13
28 42
64 100
3 28
16 15
67 82
52 6
54 92
78 14
66 7
99 40
82 76
4 80
53 82
74 93
67 52
15 46
98 86
17 7
33 16
100 5
20 54
31 57
95 87
2 89
94 10
69 99
17 8
43 67
32 70
21 7
11 33
29 43
12 90
94 68
33 11
35 99
71 27
25 45
1 43
64 12
76 39
71 47
73 64
78 100
40 39
78 92
60 99
77 1
25 20
82 89
56 51
10 35
33 13
37 45
58 30
4 58
29 79
93 89
8 27
57 32
5 95
74 22
35 59
55 58
36 7
79 21
86 26
61 80
26 2
97 20
59 7
21 77
6 63
80 88
71 8
40 25
57 85
36 5
8 78
87 75
28 61
2 98
21 44
48 75
11 91
36 99
53 75
70 99
27 63
46 88
51 74
52 1
78 48
8 64
69 24
34 41
63 8
37 57
47 45
88 77
40 73
50 15
99 94
19 18
22 91
93 42
65 68
4 55
94 81
30 6
23 44
86 2
66 35
52 91
9 31
21 10
83 32
4 75
35 92
19 63
97 74
14 98
70 50
40 51
8 82
75 90
36 80
68 6
14 67
56 40
16 91
50 17
28 84
83 7
18 39
79 78
93 14
67 76
18 16
23 43
44 51
55 80
77 99
84 12
84 2
38 90
32 34
80 45
91 15
32 68
12 8
95 76
46 13
92 9
62 75
92 83
37 9
62 41
14 50
18 59
39 32
96 21
62 24
26 88
25 7
55 8
17 36
11 15
68 39
65 13
78 4
19 11
76 27
18 82
20 37
23 90
68 39
41 71
30 78
7 28
81 52
76 42
54 14
3 41
4 36
86 92
20 68
40 90
65 49
71 51
50 49
27 73
73 21
94 65
47 14
85 38
12 91
52 75
70 65
71 61
33 66
64 93
70 14
91 8
60 63
78 47
25 17
21 66
48 75
74 50
36 47
92 37
5 9
87 81
14 48
62 17
92 6
38 14
98 85
64 58
60 65
18 81
78 10
52 67
55 20
59 50
52 75
58 88
42 52
1 74
97 94
57 69
51 31
51 57
39 16
20 10
69 56
48 4
65 19
57 49
84 52
43 32
63 85
69 4
56 83
56 2
65 36
58 30
25 91
32 73
85 20
3 56
91 20
12 100
61 44
35 75
24 64
91 33
67 45
38 70
32 36
74 34
17 10
1 83
72 50
41 6
84 73
69 35
99 33
51 46
82 7
98 77
99 9
24 74
84 24
89 52
25 21
45 7
59 52
41 13
68 31
44 36
27 1
26 80
79 73
40 36
37 34
75 40
40 32
9 20
94 86
18 17
96 64
21 23
63 95
66 39
78 14
37 51
5 16
34 97
24 100
66 43
21 11
56 77
55 13
82 62
89 45
39 76
3 34
29 52
6 24
31 6
24 22
35 15
53 49
58 99
96 92
8 62
47 92
94 91
100 46
95 81
13 47
55 48
46 91
23 86
62 84
100 54
79 100
46 7
85 27
28 15
39 19
86 18
75 65
25 42
94 80
38 75
87 94
86 71
24 87
87 38
89 61
46 50
60 59
32 96
85 34
72 96
85 25
24 57
3 99
47 20
58 89
19 67
72 46
2 67
24 60
23 83
69 74
86 6
1 66
100 31
90 70
19 69
92 56
99 13
55 99
53 20
8 34
81 93
5 8
33 61
80 52
52 85
56 35
37 69
10 70
100 67
75 42
80 33
47 84
59 85
96 12
10 57
5 54
57 23
90 15
72 20
95 93
70 79
79 98
42 60
26 83
26 80
14 12
50 32
15 17
59 50
93 35
10 4
3 97
32 70
80 70
95 93
38 48
56 23
88 65
55 14
53 14
59 97
46 90
91 17
40 95
23 85
37 17
71 44
49 35
16 90
57 28
73 60
65 42
15 53
88 7
41 77
5 99
87 99
29 13
94 17
49 17
50 84
73 36
95 89
2 74
48 100
2 78
24 44
91 4
85 77
67 97
76 14
82 9
8 23
63 34
16 65
7 19
87 26
52 99
44 10
2 12
70 65
67 96
51 100
63 61
20 22
29 1
67 69
94 58
36 18
48 17
100 528 15 73
28 75
95 29
14 11
86 88
73 62
61 54
39 66
4 23
35 20
48 6
34 90
54 26
70 35
60 13
85 22
60 72
19 82
62 47
98 99
34 40
86 10
93 2
32 55
5 32
96 21
4 62
94 80
51 48
32 61
14 20
53 92
48 72
27 52
52 14
35 95
15 89
92 42
86 4
20 50
49 41
59 28
97 42
24 98
3 27
73 56
89 31
18 25
54 50
69 55
41 88
44 38
64 15
4 19
49 63
35 64
56 96
54 2
70 22
25 56
53 76
57 49
33 5
81 96
84 98
61 77
14 47
89 30
77 59
77 25
96 41
70 27
58 32
81 47
38 16
84 1
2 6
63 37
57 18
83 76
86 94
71 92
29 48
29 54
60 14
58 76
29 4
96 61
29 75
61 64
54 40
4 69
63 28
62 87
2 33
54 99
58 11
29 76
58 53
2 26
22 87
87 60
3 89
65 3
27 26
3 65
12 88
81 99
38 51
6 54
78 67
70 66
26 39
42 48
55 66
10 78
86 58
20 24
99 3
24 15
81 90
61 23
27 73
39 89
22 65
87 54
11 84
31 59
51 38
90 85
46 4
59 55
5 26
2 72
82 45
8 24
90 99
25 33
31 72
79 36
17 76
47 16
73 79
62 15
29 8
83 2
18 75
41 30
66 61
34 61
1 81
60 68
97 31
93 38
8 28
48 21
76 84
12 3
21 70
77 86
19 30
64 17
1 73
59 75
56 6
42 3
6 32
66 35
83 87
46 50
45 90
64 66
57 73
56 85
15 49
25 1
30 97
55 17
93 14
38 100
18 60
7 35
40 10
82 46
89 17
87 84
5 76
63 24
85 95
96 57
27 16
27 39
50 43
46 20
47 9
82 8
60 73
72 65
35 57
33 94
72 59
18 15
53 38
82 31
78 20
5 28
59 53
82 17
51 98
85 97
12 5
51 6
45 57
70 39
81 60
14 75
38 13
30 56
14 15
13 89
47 51
61 50
45 47
24 36
14 48
33 22
53 78
75 91
65 25
5 28
54 97
69 7
11 75
49 1
83 6
92 49
49 14
57 50
54 98
58 53
60 45
85 7
50 16
7 62
46 65
40 65
96 5
39 55
90 68
4 78
39 22
61 59
34 61
63 97
52 73
92 89
81 11
10 64
97 58
55 74
1 49
21 72
47 44
49 53
77 19
17 90
33 18
30 36
71 3
56 5
77 81
23 45
81 34
18 36
45 100
16 59
82 23
95 91
70 10
41 38
7 98
13 41
88 79
85 95
93 76
40 23
41 45
32 6
59 99
77 42
72 97
21 56
48 73
21 14
19 30
48 96
93 14
78 71
42 27
61 99
1 50
40 9
25 91
39 23
38 77
43 52
44 59
68 27
61 69
41 10
99 70
98 18
29 45
2 78
20 90
2 24
50 38
1 97
10 53
63 71
88 36
100 74
7 86
92 58
44 68
65 56
91 38
100 28
75 93
82 49
49 59
31 99
66 68
14 94
1 28
100 47
7 98
63 82
60 18
95 88
27 40
76 87
50 92
88 80
96 47
87 51
2 18
62 15
88 60
54 26
3 28
36 16
99 8
14 61
18 45
13 99
56 8
45 31
89 82
58 8
82 47
29 68
89 36
37 14
18 97
24 13
91 99
37 64
76 18
91 9
12 54
17 93
68 29
53 23
19 96
51 22
10 24
85 99
8 50
39 27
7 74
80 38
11 7
21 69
1 20
79 38
67 10
66 65
60 77
11 49
14 53
86 96
100 56
1 28
83 71
20 44
5 30
65 51
53 19
100 50
82 11
35 55
32 89
2 93
45 6
37 61
34 28
49 95
88 80
67 24
58 14
37 83
9 5
99 69
8 96
94 81
89 71
11 23
54 7
20 66
6 49
70 54
65 19
50 67
81 51
52 83
10 34
2 33
37 12
83 28
7 85
96 91
78 91
39 61
25 24
36 66
33 47
73 58
70 5
43 88
64 41
99 61
17 63
16 40
89 39
31 1
57 52
64 80
100 98
29 39
28 18
69 43
47 30
13 63
80 50
43 72
86 67
87 93
72 44
93 47
87 34
10 92
39 11
97 89
1 17
48 64
64 90
14 59
63 81
81 66
47 68
62 32
9 76
23 90
49 5
48 20
94 15
67 39
76 49
33 42
10 58
71 20
87 6
52 89
8 41
17 4
23 92
12 98
82 4
15 59
9 16
54 10
79 32
84 70
43 19
53 15
94 43
90 63
73 34
56 38
3 76
56 82
6 24
52 78
90 95
79 99
87 88
35 97
23 65
31 96
21 74
31 92
66 83
63 99
70 57
10 88
16 8
86 39
36 52
47 46
89 82
24 91
59 85
23 44
71 44
23 67
83 89
12 32
96 20
100 787 56 29
64 70
36 12
47 98
100 40
7 58
91 9
56 72
87 3
67 24
44 89
42 9
97 36
83 23
76 48
24 5
57 75
83 44
77 47
4 59
16 66
24 43
52 68
18 48
61 15
26 60
58 71
17 45
36 93
30 73
16 49
59 68
50 90
44 2
80 78
22 94
40 53
8 1
96 7
47 78
36 57
97 16
42 16
28 77
3 82
62 12
60 100
87 58
69 34
73 93
10 22
95 81
5 98
50 73
47 5
68 65
62 12
54 37
53 63
55 91
54 25
20 22
61 96
77 61
75 47
44 40
64 52
46 10
89 19
40 57
3 51
48 34
73 76
21 26
23 61
62 40
68 40
16 71
81 16
77 93
44 19
2 77
47 86
52 82
6 52
80 42
63 55
66 37
1 39
1 56
49 34
89 4
91 35
100 87
56 54
60 99
3 2
42 39
63 12
94 91
93 85
56 48
40 65
75 8
22 50
36 13
52 23
61 37
59 14
32 8
18 27
62 86
18 39
15 53
88 51
39 38
78 84
70 58
92 23
66 52
81 94
27 37
28 44
63 89
64 31
24 22
76 3
62 42
8 11
90 45
55 72
59 80
100 96
41 7
36 62
90 27
87 9
36 56
16 19
78 72
35 52
81 57
81 28
42 63
29 73
79 38
88 1
73 72
70 49
61 72
96 64
100 49
56 26
82 67
39 72
21 94
22 7
83 66
67 77
4 39
87 97
43 83
68 93
73 8
31 60
93 88
49 45
24 82
50 40
98 33
78 94
64 51
89 39
60 99
77 44
11 57
37 85
80 67
81 48
33 73
25 52
96 69
42 80
21 10
36 67
4 61
22 4
34 41
37 94
50 82
65 95
3 68
51 11
62 89
80 17
43 6
34 79
95 81
96 83
79 94
28 40
39 25
93 54
26 57
73 57
3 23
52 38
33 96
14 21
26 49
96 74
15 89
18 63
42 65
74 54
99 9
71 26
45 33
43 25
20 62
46 99
31 45
29 94
98 55
73 67
48 13
38 74
91 98
83 23
55 12
58 47
88 90
71 14
87 16
31 39
86 70
27 37
48 40
89 80
54 32
61 54
54 56
80 20
43 100
5 79
2 39
78 100
16 32
3 18
2 14
36 60
1 36
64 77
11 30
2 35
39 3
25 38
88 1
98 7
73 29
87 55
53 86
50 48
16 62
21 83
11 77
58 44
57 79
59 60
4 54
8 92
16 46
38 88
98 24
48 8
54 2
49 63
80 38
56 79
38 69
70 56
77 45
36 79
28 95
7 62
29 8
49 19
33 13
73 13
28 79
69 16
46 2
88 13
49 84
70 74
59 62
48 63
42 11
64 82
19 15
89 23
50 20
40 43
34 27
28 86
91 33
43 3
3 50
26 42
23 15
35 12
39 72
57 49
39 45
16 57
26 54
22 55
78 82
7 71
33 32
81 33
31 78
90 93
83 87
2 45
60 56
59 51
30 83
55 17
81 89
55 31
24 36
30 56
93 55
21 71
81 63
56 38
81 7
82 100
34 60
52 98
15 52
57 37
65 32
15 25
50 78
13 38
29 13
19 86
93 97
93 64
95 76
98 18
38 95
6 44
72 86
44 77
58 60
14 4
78 58
25 3
3 26
8 77
74 89
86 75
23 66
63 91
69 10
50 69
4 52
24 81
56 79
67 13
82 4
7 70
54 80
30 8
23 73
96 36
21 25
23 22
74 94
82 84
70 78
90 44
45 34
8 46
11 15
41 89
97 99
16 58
77 61
54 17
46 76
71 20
76 32
97 3
82 51
57 72
28 29
75 62
42 24
31 66
88 76
80 67
90 64
60 28
49 63
19 23
40 51
65 44
9 38
53 60
60 18
52 49
74 32
5 41
14 66
50 62
41 32
24 73
90 88
85 5
4 90
66 55
87 39
39 44
71 59
64 55
46 34
9 74
42 34
71 30
72 1
82 13
16 41
44 8
90 64
100 73
23 99
81 34
34 36
44 16
91 25
5 6
54 44
99 15
48 2
81 34
8 60
55 24
44 21
4 20
12 24
57 94
47 35
2 32
79 76
24 28
95 61
93 94
54 31
93 92
38 20
7 68
29 37
46 71
46 10
41 80
61 60
52 78
12 92
63 36
27 17
27 72
20 98
82 57
41 73
86 26
56 31
59 42
53 30
56 8
73 30
29 8
35 98
24 34
48 83
19 56
62 32
81 16
84 4
41 27
66 98
50 56
25 12
29 65
100 95
26 22
25 75
94 25
70 47
74 24
72 99
16 73
30 77
22 61
72 80
86 89
66 30
69 3
65 73
71 9
27 2
4 45
92 39
29 33
41 44
65 78
70 2
90 16
2 26
31 75
50 58
29 4
17 86
61 55
57 95
71 25
21 3
87 73
28 7
53 6
61 89
2 82
1 74
33 25
70 14
91 80
16 66
3 51
72 25
16 43
83 60
16 75
6 42
2 71
44 61
1 2
28 61
33 31
18 33
76 99
66 56
41 19
35 49
69 90
14 57
14 62
83 100
92 12
42 2
92 83
51 61
38 63
40 52
36 19
37 10
73 62
45 28
55 97
78 66
19 55
40 44
82 29
8 45
36 12
7 37
32 67
58 91
67 99
74 33
97 96
21 28
37 4
59 70
92 48
76 69
19 22
69 54
48 54
1 100
8 67
12 88
34 76
45 35
93 12
3 15
76 52
50 10
68 74
77 25
46 97
67 59
98 2
60 30
81 88
69 33
57 53
23 78
44 88
89 46
83 94
93 63
51 100
49 25
37 70
51 31
80 50
46 72
71 51
25 53
51 13
91 87
68 45
31 75
64 80
67 3
51 16
100 13
75 46
61 70
50 3
79 87
48 50
89 30
82 30
84 43
35 82
88 38
75 30
68 48
37 80
18 24
15 31
24 93
55 21
90 22
2 50
23 11
16 81
31 47
35 57
84 85
15 31
62 93
4 100
92 34
40 90
36 2
29 87
97 48
4 80
17 27
95 100
12 88
31 46
6 21
55 50
89 31
20 46
31 6
16 18
20 1
68 3
100 18
94 96
88 68
71 26
59 88
55 37
76 13
94 54
75 72
100 61
26 83
34 33
7 4
58 44
39 87
8 80
57 74
8 96
3 92
66 45
36 51
48 12
53 46
68 96
43 23
75 88
51 9
47 12
70 24
65 20
67 16
3 1
72 50
31 80
8 69
34 27
86 85
64 33
6 87
80 43
66 49
15 57
36 84
50 8
42 46
56 38
17 19
12 68
41 47
96 59
32 7
96 62
17 36
34 18
11 91
48 39
6 14
70 51
82 74
35 54
42 91
25 15
89 1
92 18
81 50
57 21
55 28
17 37
7 94
7 41
17 83
74 12
55 6
12 59
16 68
33 18
88 4
73 11
88 60
27 22
45 36
95 45
35 45
97 84
7 98
67 60
42 76
26 67
75 88
6 96
37 28
18 40
3 41
30 92
52 100
52 93
49 35
62 13
30 58
52 31
59 86
49 30
83 4
78 37
79 86
73 95
26 78
99 71
9 39
39 34
47 89
85 24
82 77
100 586 30 57
50 99
61 6
23 14
26 94
78 83
63 46
2 70
7 92
92 11
36 58
22 82
13 99
7 36
93 71
74 91
63 8
70 97
71 76
94 54
35 64
22 24
73 57
13 83
3 40
51 47
40 26
43 95
29 46
26 75
36 27
4 87
47 39
53 19
40 95
93 62
9 52
71 21
76 63
24 42
51 53
90 33
39 91
99 100
16 43
83 78
64 38
50 54
22 94
49 25
24 51
71 100
28 38
22 16
16 72
13 3
74 40
23 63
47 87
53 34
57 60
93 91
61 21
87 28
82 96
41 35
20 100
19 88
82 20
19 90
19 10
94 47
39 78
20 99
60 59
98 34
58 7
19 50
59 89
50 51
62 21
67 54
70 60
97 44
48 70
41 99
76 28
47 71
98 9
62 68
25 65
13 58
3 8
9 41
60 89
54 14
63 32
64 1
60 63
43 34
44 8
75 58
98 48
33 68
50 25
27 72
31 9
37 3
63 20
34 74
95 77
81 12
7 65
68 24
59 26
46 17
73 67
21 78
32 54
73 6
96 67
44 41
82 76
79 15
3 49
57 53
82 6
37 45
42 70
32 82
32 27
52 23
95 29
48 71
58 97
46 50
3 51
95 48
77 79
4 21
32 49
56 35
47 86
7 77
71 53
69 7
79 53
15 65
14 80
59 86
62 67
29 46
70 38
56 31
5 14
42 89
57 13
47 43
77 66
99 69
32 15
98 16
92 32
9 42
53 49
48 82
32 100
6 14
21 91
41 22
31 23
30 55
79 99
41 98
6 97
100 19
41 85
13 5
71 26
56 94
49 1
52 60
25 50
63 30
91 92
21 98
27 76
32 5
57 20
18 70
46 54
39 98
43 9
42 98
33 54
60 95
50 36
63 64
63 3
91 79
72 67
11 7
96 94
79 31
36 66
96 91
96 55
92 67
28 41
37 13
61 27
8 11
92 87
44 56
33 55
78 2
55 14
48 37
16 97
7 32
61 35
62 93
7 69
84 48
6 54
73 75
69 59
38 3
80 10
22 44
23 31
85 99
34 79
74 16
5 23
82 58
27 80
80 11
85 11
72 31
13 76
85 55
82 95
46 3
41 63
65 61
61 94
42 40
17 59
20 85
92 22
78 46
18 24
8 49
20 83
96 41
7 40
87 8
77 63
40 57
54 3
1 2
65 9
19 70
26 64
78 44
89 37
76 93
53 42
54 74
46 37
89 83
85 98
11 46
84 28
20 29
94 22
80 74
59 62
67 39
27 68
8 32
85 99
38 5
62 25
63 73
35 69
68 73
56 96
52 88
8 11
38 36
98 51
41 24
91 11
68 81
66 36
78 70
75 24
62 34
20 34
89 22
29 93
34 31
73 32
66 65
43 93
35 62
10 1
7 95
32 29
51 40
32 84
15 50
81 96
45 28
60 4
77 61
56 51
77 2
58 56
53 32
31 10
35 72
94 2
28 78
36 32
41 95
72 96
24 39
63 29
80 55
27 93
24 96
19 13
100 49
86 37
72 70
80 8
18 53
7 22
4 99
95 84
1 18
84 85
82 49
27 21
64 33
15 61
96 76
11 7
40 57
75 83
14 71
97 95
61 46
89 76
35 34
20 23
96 99
42 26
67 6
88 49
88 62
64 32
65 80
45 44
21 30
52 2
83 20
79 21
86 77
2 17
86 97
63 92
2 16
78 40
13 34
80 90
58 49
54 13
46 28
98 48
89 67
53 86
73 51
36 25
11 35
17 28
73 19
77 57
22 83
56 83
71 51
76 26
9 19
45 59
75 64
81 98
79 77
37 61
88 41
84 79
14 28
81 10
64 91
34 85
36 19
47 82
38 61
99 57
81 19
41 95
32 64
65 68
87 12
81 43
86 67
14 82
20 89
1 62
69 62
84 70
14 45
35 90
73 42
31 14
65 55
4 9
19 3
78 63
32 70
63 42
14 13
82 27
77 47
84 89
56 85
86 95
12 37
38 94
9 25
60 94
56 73
46 67
62 50
39 80
48 6
5 87
97 68
22 76
57 7
34 7
3 1
73 9
39 100
6 1
56 69
15 59
63 17
8 45
45 38
1 87
54 26
72 11
24 12
82 33
39 83
83 79
42 32
74 30
28 14
80 77
43 37
61 40
12 39
33 88
66 35
54 20
21 88
26 87
46 73
94 58
99 9
97 10
49 94
91 72
85 36
74 31
75 23
57 35
28 6
87 68
52 64
14 27
71 18
95 17
88 50
37 16
19 32
29 97
5 72
30 49
65 57
17 22
45 17
30 21
26 41
9 18
35 19
36 100
91 35
85 72
32 69
43 76
74 17
40 63
86 18
39 45
65 15
61 5
99 6
94 98
17 4
43 22
53 19
59 81
54 50
23 5
66 62
25 79
45 77
13 12
73 23
15 78
25 31
38 55
15 70
60 19
42 81
81 75
8 92
71 28
75 76
97 40
70 29
38 74
20 36
35 96
2 47
92 83
68 86
85 37
11 100
58 14
63 88
63 45
91 94
31 11
58 35
98 37
29 27
31 86
75 50
90 70
6 96
81 91
88 50
12 62
53 76
35 83
41 51
11 77
7 3
34 39
37 41
10 53
91 66
81 70
74 64
33 75
47 63
28 91
14 58
28 95
47 63
92 34
100 642 100 79
6 71
50 23
60 34
42 38
46 21
91 10
66 74
100 53
10 35
14 20
77 81
43 7
75 35
35 11
62 68
81 19
93 43
76 69
83 94
64 100
27 17
24 86
62 5
96 82
46 67
78 62
10 29
68 6
82 71
66 79
26 40
35 90
21 38
13 91
87 52
91 72
24 37
86 27
20 51
1 89
45 3
49 13
39 52
6 77
56 66
100 2
48 89
5 91
38 84
1 79
80 72
23 16
76 77
50 12
97 49
15 5
6 25
43 45
66 26
26 57
16 33
28 43
69 40
1 25
81 36
74 95
91 17
87 3
71 26
28 72
63 94
8 6
31 9
23 79
12 82
43 97
32 56
95 65
27 79
39 67
59 75
17 66
52 37
98 14
11 50
24 90
87 63
68 97
88 55
71 15
16 62
17 16
90 71
87 95
64 27
96 52
11 55
91 49
29 45
42 43
27 25
82 42
12 1
56 10
36 77
71 36
35 3
93 78
40 25
46 13
95 7
38 89
13 5
76 67
4 60
47 71
10 37
63 98
56 83
27 55
36 82
96 100
67 53
38 33
56 32
31 70
32 7
8 95
39 14
91 33
2 15
91 79
78 63
21 28
99 64
35 36
82 36
19 97
22 31
42 5
95 15
22 27
94 49
5 76
11 28
41 76
61 65
12 37
68 8
48 63
68 1
74 92
75 73
72 92
54 81
4 42
11 72
42 82
56 86
100 38
91 18
27 69
32 95
67 7
59 22
74 20
19 6
2 19
9 13
70 43
78 31
95 16
52 85
78 56
85 29
93 64
8 49
37 54
95 45
23 63
8 92
53 67
50 16
35 95
100 49
95 59
46 24
76 71
19 96
7 37
47 65
12 85
22 75
76 31
51 25
49 77
92 94
16 72
97 10
43 63
37 97
84 20
3 99
7 43
76 12
90 73
84 66
20 81
71 41
46 87
58 68
76 80
53 16
65 48
94 12
83 88
17 39
55 24
79 65
99 67
9 52
49 88
65 55
46 66
6 34
3 49
34 15
16 80
65 24
17 24
12 23
67 20
49 8
10 20
17 3
95 18
20 69
59 79
25 9
76 2
49 67
6 66
43 71
83 32
46 96
21 96
50 86
32 92
87 39
26 1
54 2
28 21
48 27
38 36
91 9
66 16
97 39
93 6
55 43
54 12
68 5
49 84
49 1
48 29
73 29
23 87
27 35
31 89
22 25
13 55
19 21
61 59
8 15
51 99
95 97
9 80
71 16
97 81
28 36
48 60
15 16
69 24
38 56
61 66
35 45
60 24
12 59
29 49
26 67
98 15
83 45
89 21
53 17
92 33
58 38
45 71
24 13
77 50
26 5
82 94
29 99
26 82
26 58
86 66
45 64
7 98
54 42
77 22
70 16
53 87
45 43
10 69
4 92
15 49
63 73
61 24
58 60
93 74
95 91
68 40
13 57
77 7
1 40
11 28
8 56
98 46
38 84
64 32
66 50
14 92
79 31
43 11
26 14
90 86
63 48
28 3
51 19
97 36
38 72
45 27
11 78
59 58
74 45
14 40
84 99
76 21
85 82
55 8
52 54
87 35
27 34
62 67
42 29
17 2
6 59
89 7
59 29
96 26
72 20
19 14
66 21
59 6
10 41
55 11
1 82
90 76
69 66
74 82
74 4
50 44
99 9
2 46
71 58
60 51
11 64
12 80
10 75
94 71
16 82
16 40
26 21
62 52
70 68
34 19
62 16
86 85
49 37
35 80
57 35
2 68
34 28
80 13
84 82
38 71
11 65
57 14
3 4
82 94
45 53
68 9
15 41
60 59
33 16
99 45
90 17
85 71
20 9
40 79
78 52
84 10
89 95
100 89
61 44
82 22
7 63
93 5
70 98
87 13
7 68
96 6
8 43
94 88
12 93
68 71
57 58
100 5
63 71
2 27
68 61
76 60
44 7
52 33
39 56
86 3
36 22
96 13
29 53
2 50
33 42
69 68
9 57
72 86
72 1
74 58
32 90
79 99
13 96
32 84
48 39
7 93
99 9
86 28
53 96
91 77
80 73
32 52
86 54
48 31
85 75
59 80
88 26
72 19
35 52
57 65
29 14
43 72
96 5
96 69
52 50
87 18
56 83
71 70
75 13
13 89
59 11
60 40
56 25
61 29
16 12
36 43
71 19
4 72
62 85
2 39
21 94
16 11
28 65
87 82
53 17
31 26
29 71
63 67
76 9
52 72
53 95
8 95
34 54
55 46
47 9
100 90
48 68
40 58
7 50
53 77
12 23
10 53
72 64
10 64
41 13
77 52
55 87
57 66
14 76
91 3
27 55
24 84
72 95
93 89
88 60
17 94
78 62
88 85
98 30
100 8
18 93
25 66
18 43
30 75
96 87
88 12
54 62
58 76
81 10
29 16
28 26
95 29
94 25
99 13
72 62
31 84
93 98
75 35
46 11
81 80
32 94
90 94
58 55
90 51
78 61
50 72
99 88
51 96
98 99
51 7
84 100
64 2
47 5
46 2
100 3
67 11
40 31
1 97
99 52
1 55
76 89
83 96
37 19
34 100
29 33
13 11
20 67
80 46
72 38
21 48
59 28
77 22
14 61
38 2
10 76
30 46
64 60
90 44
60 8
80 6
32 4
28 46
26 21
58 46
46 73
8 16
15 70
45 96
12 50
90 52
33 20
17 84
28 30
21 38
82 8
79 38
11 9
67 36
63 64
66 8
17 46
7 82
18 76
27 42
13 4
34 40
74 5
52 82
28 35
31 3
80 58
84 49
54 87
43 45
58 3
17 86
38 45
7 38
99 65
10 39
87 8
26 69
52 98
30 83
81 19
82 51
30 64
84 15
81 92
50 6
5 84
69 26
44 2
92 32
17 2
98 12
67 16
99 16
100 554 29 61
73 54
69 64
77 52
29 36
47 72
90 21
52 59
98 65
5 29
13 42
74 64
60 40
44 87
34 55
62 43
9 77
61 41
64 3
100 99
85 72
28 32
35 79
57 31
39 30
88 60
78 39
59 79
8 7
92 87
36 100
44 30
26 66
54 77
16 10
50 27
95 39
34 22
73 17
36 51
82 80
25 66
54 21
14 46
82 14
45 55
35 10
34 76
55 86
58 99
8 40
78 40
45 34
78 19
71 54
59 48
35 36
100 90
63 43
49 69
87 63
48 94
14 69
24 71
97 38
77 17
93 94
10 56
96 18
9 49
42 94
87 44
70 53
95 98
83 10
30 43
73 67
44 68
84 86
29 86
70 16
75 13
22 88
96 49
11 88
94 95
28 57
81 1
70 17
39 32
56 29
20 47
93 50
25 60
29 18
100 70
10 43
34 68
32 49
73 65
49 52
96 76
34 49
11 36
35 30
76 19
5 66
77 18
59 73
51 29
74 40
4 26
84 100
55 15
89 62
25 8
43 17
69 45
1 29
57 97
15 5
59 98
34 48
14 58
28 34
43 82
60 40
46 9
32 31
33 100
24 35
19 22
16 20
17 65
60 83
64 72
64 66
11 99
68 86
29 2
23 93
95 75
97 58
65 4
99 85
92 63
16 88
67 49
65 64
68 39
96 59
87 18
34 93
93 87
61 47
17 10
23 98
86 28
72 47
90 30
72 77
27 89
20 36
46 77
41 63
35 23
29 74
71 58
61 29
26 3
44 97
17 57
48 49
64 88
32 98
74 17
4 67
27 96
75 21
69 99
86 10
91 67
69 71
4 28
35 97
52 19
84 63
46 91
20 65
39 40
60 28
35 11
23 66
46 28
34 86
39 83
39 73
61 41
41 100
56 99
29 33
82 70
71 82
47 81
81 60
5 86
51 23
58 30
35 98
70 53
84 19
65 42
73 60
11 4
91 59
36 41
42 46
26 77
99 69
66 7
83 31
54 46
85 12
95 13
70 44
39 63
33 42
30 28
88 92
6 12
57 55
5 37
13 94
15 87
7 32
94 88
87 48
49 42
15 66
94 11
1 94
55 44
90 44
72 95
52 79
96 95
81 31
83 87
97 28
36 77
54 36
89 21
1 88
90 70
24 41
5 35
58 38
41 73
46 64
48 37
58 91
33 17
38 44
92 2
52 80
64 63
97 11
74 99
76 60
28 81
83 87
76 47
92 66
72 11
31 40
68 31
88 26
3 60
52 9
31 63
57 38
59 12
56 22
63 2
87 68
89 56
15 41
16 70
89 47
47 60
28 83
37 32
17 41
70 3
86 18
59 34
35 96
34 15
20 70
30 44
46 45
29 43
48 83
65 23
47 18
64 83
90 3
52 54
78 81
19 96
42 54
56 25
29 85
38 89
86 45
35 15
49 64
56 12
23 68
92 88
68 64
16 22
99 93
10 29
1 76
97 79
61 97
19 72
31 48
94 13
31 98
64 15
95 75
77 4
82 42
19 53
67 64
24 57
60 71
24 7
20 77
1 2
95 7
18 69
43 96
2 48
32 66
46 94
56 74
40 98
32 19
14 95
35 64
76 39
40 49
13 11
98 11
35 40
99 7
28 48
49 56
1 12
76 32
93 57
61 29
12 61
38 3
11 76
2 35
11 94
88 59
47 14
28 44
97 16
32 43
17 19
64 89
18 36
54 33
81 19
87 26
50 71
9 93
80 86
91 72
87 44
42 4
15 25
34 17
97 13
36 79
87 27
31 11
55 3
46 48
21 97
46 30
70 10
97 34
64 36
76 44
79 87
24 52
100 23
66 11
99 33
61 5
86 26
19 44
7 61
92 57
54 42
31 93
6 96
1 48
3 35
67 82
95 90
38 19
61 30
4 100
54 75
69 43
68 23
38 94
68 14
4 70
62 65
10 43
75 85
10 48
10 89
42 69
64 79
46 67
85 77
47 53
77 18
98 86
5 15
15 94
29 52
78 67
90 97
98 97
77 31
57 10
37 50
41 38
23 87
61 10
36 44
73 48
1 23
82 4
25 76
99 87
36 67
35 84
7 9
12 2
26 90
98 32
75 2
74 51
70 1
95 2
16 36
38 44
86 92
68 58
96 43
51 44
20 28
27 43
86 46
93 49
29 64
25 71
28 53
68 80
3 56
70 95
23 27
43 22
3 52
11 6
53 33
67 23
22 73
15 33
35 7
78 48
97 73
25 33
26 99
83 28
38 88
64 82
24 51
22 93
89 98
4 85
55 93
11 65
80 5
43 73
96 1
66 82
26 74
20 72
69 57
21 18
69 40
38 3
51 55
30 26
82 62
100 57
76 62
28 7
70 67
34 21
84 7
43 5
78 86
94 98
81 55
13 18
56 86
67 75
64 13
2 65
63 82
80 35
75 38
20 73
84 80
66 80
69 7
69 97
96 2
89 13
74 12
48 97
93 15
52 41
89 27
26 42
90 97
70 22
1 39
59 70
23 55
30 67
100 852 7 80
92 21
95 14
17 47
18 2
75 29
52 80
2 78
73 57
82 56
18 55
8 45
42 85
99 86
30 27
92 34
80 38
22 77
41 26
27 56
86 92
64 19
79 48
28 25
75 87
57 91
41 93
8 36
94 57
50 17
69 21
61 48
90 50
16 55
91 6
70 72
41 7
6 49
76 94
11 30
16 83
99 62
48 22
68 25
99 23
72 61
26 7
1 100
71 31
64 9
13 28
86 89
85 41
55 63
64 81
1 32
91 1
36 54
89 58
86 74
19 53
8 30
75 83
33 76
24 29
73 35
14 28
40 14
95 48
10 74
54 56
75 25
50 29
32 63
34 2
69 44
44 71
10 53
36 51
21 12
18 49
59 55
78 43
52 11
39 97
68 67
22 32
80 77
10 88
8 2
12 39
24 74
28 25
3 74
99 68
45 91
21 30
10 86
53 88
69 15
3 18
74 10
66 75
97 91
87 83
75 33
96 80
87 16
4 86
83 48
93 53
43 3
45 13
24 40
72 36
33 16
86 28
100 11
11 33
24 49
44 23
21 44
51 30
73 89
17 21
95 58
83 67
27 39
28 15
88 10
47 33
41 51
62 13
93 14
28 7
58 60
84 73
22 81
27 69
68 42
17 59
76 93
37 51
46 93
73 22
34 80
16 92
41 57
65 30
47 94
72 28
51 96
47 55
53 5
66 88
32 25
13 78
98 49
93 1
8 46
36 50
39 97
17 19
17 98
60 80
78 73
72 60
68 67
85 40
23 80
61 37
77 15
19 10
3 18
29 22
8 82
23 39
36 32
1 27
35 46
34 38
6 30
48 15
37 95
71 87
85 81
9 16
21 24
68 52
26 1
49 68
39 75
48 20
88 21
38 66
29 67
69 37
95 17
70 52
36 55
48 68
99 56
48 22
42 20
37 46
92 74
22 15
41 26
26 99
4 46
23 59
30 57
52 6
85 60
62 84
45 46
96 74
42 43
41 51
75 66
18 60
88 87
62 97
17 9
73 82
83 90
64 69
11 69
62 46
89 77
42 66
90 35
24 1
100 96
10 76
37 58
6 20
98 15
48 95
8 36
32 16
82 100
27 79
28 10
50 17
16 74
96 88
75 26
23 79
68 70
13 78
81 14
98 57
77 81
83 71
53 38
97 9
77 41
27 60
94 61
28 57
50 76
58 94
56 63
55 23
61 81
14 36
90 33
82 37
61 11
28 13
86 24
93 34
66 24
71 89
69 5
40 69
17 53
87 82
56 40
30 56
76 43
92 2
81 35
47 55
18 82
53 89
67 79
99 21
16 37
8 98
100 12
8 70
39 86
47 61
28 33
52 71
14 70
47 62
40 5
65 19
76 52
74 66
99 42
86 42
8 4
19 7
74 82
12 34
69 39
77 13
74 97
94 39
43 9
30 41
32 42
98 39
19 10
96 88
53 97
13 37
33 85
43 86
9 25
39 13
6 44
38 73
10 73
37 4
21 56
66 77
93 85
87 4
4 87
55 6
100 41
84 35
30 72
87 45
51 76
38 4
69 72
43 13
1 20
37 62
44 67
46 74
57 67
20 15
45 47
82 98
69 51
23 60
9 11
63 35
14 6
62 30
32 71
62 91
20 31
32 48
82 92
86 93
82 88
56 84
81 75
49 39
89 66
74 62
18 43
17 76
24 78
62 96
89 13
48 15
44 50
99 30
77 21
16 40
17 3
39 82
38 55
51 95
83 78
78 39
41 24
50 54
25 46
52 20
75 88
92 62
34 21
96 45
100 29
1 82
75 51
69 71
27 43
40 50
93 66
56 99
63 3
68 87
35 39
72 14
78 65
83 61
26 54
6 61
1 92
56 96
79 56
90 73
20 40
72 59
64 49
63 84
55 38
48 31
33 66
19 91
26 25
88 63
37 23
38 13
87 86
59 35
41 42
98 97
96 68
84 97
67 73
34 70
48 53
12 32
80 87
91 72
36 33
78 4
19 18
54 70
67 2
32 22
17 72
65 61
35 32
46 66
45 7
55 67
48 4
98 25
100 77
9 7
37 96
18 10
31 18
53 32
87 46
65 97
80 7
47 98
41 14
72 15
44 47
73 37
89 74
90 89
9 18
100 24
79 63
41 70
38 34
45 89
17 88
20 50
87 78
33 87
40 22
71 96
20 37
55 91
15 81
35 49
21 4
16 100
12 72
55 59
31 69
50 73
54 46
35 58
63 27
18 54
57 80
61 15
92 9
98 42
47 94
100 8
88 2
24 86
48 17
2 94
42 68
29 63
84 37
5 78
22 84
63 32
24 35
10 68
36 42
93 60
15 69
52 16
77 39
3 58
87 47
8 88
19 69
91 40
85 89
85 58
52 26
46 12
44 22
47 40
91 28
70 38
60 46
45 79
41 63
79 25
84 43
74 100
28 43
76 57
98 100
26 22
5 17
10 27
42 66
9 70
31 74
46 52
46 71
16 67
55 40
48 54
30 13
96 42
20 14
63 37
85 36
47 76
12 5
33 44
100 48
16 7
88 73
10 52
89 86
11 74
55 30
46 30
17 49
28 47
46 28
99 46
1 23
22 18
100 51
42 19
52 64
79 68
95 2
42 33
56 30
71 83
78 91
92 50
35 86
40 98
44 49
19 28
42 17
96 93
62 15
27 70
64 58
96 46
50 90
31 8
98 97
93 53
39 54
31 96
32 10
71 11
26 16
96 10
29 16
41 92
72 10
44 15
60 15
5 18
23 19
78 32
57 48
77 48
34 81
23 34
95 74
76 28
9 25
31 54
57 37
38 16
39 36
6 76
51 8
84 63
65 64
6 79
52 10
32 72
2 60
41 77
45 54
37 75
39 60
2 21
13 28
15 18
75 5
62 88
65 45
92 13
86 38
18 2
94 5
25 96
5 40
83 20
46 19
18 67
7 61
83 7
64 67
60 78
31 42
5 58
89 76
76 12
83 45
11 7
23 65
48 68
47 82
28 80
18 51
43 76
69 68
97 5
91 32
43 11
89 82
75 43
1 34
11 19
83 18
45 78
11 64
43 84
61 29
47 57
79 73
42 9
60 82
80 65
52 20
53 69
15 69
16 39
85 2
6 88
73 55
1 84
46 2
12 46
25 97
74 99
2 36
53 44
94 10
38 71
60 57
65 96
71 40
97 47
53 82
78 52
27 90
83 15
2 20
38 26
93 99
9 92
87 41
1 66
62 70
10 20
51 41
9 18
84 2
2 100
70 80
65 23
70 7
69 88
55 99
86 18
54 38
79 77
55 71
18 54
95 3
50 77
56 20
92 31
25 46
68 19
77 78
55 70
96 61
7 59
5 1
66 10
24 37
39 42
62 64
83 100
6 22
3 97
65 87
36 52
90 62
16 87
60 34
48 37
76 58
6 21
19 91
24 33
80 54
80 75
80 46
87 72
67 44
24 38
89 56
77 17
51 64
64 28
100 57
70 47
53 86
37 34
90 22
21 82
13 82
83 11
64 66
72 34
80 67
4 84
71 47
7 43
35 49
89 53
23 52
40 58
63 93
46 51
64 94
48 74
32 47
42 34
49 41
91 52
96 89
10 26
62 73
75 59
47 53
9 83
67 34
67 51
50 99
8 52
35 4
34 39
27 26
79 44
78 36
62 83
90 19
2 63
22 7
57 12
87 68
49 34
46 99
67 100
30 71
100 26
75 61
31 71
64 83
61 17
28 15
19 97
4 66
95 42
34 92
31 38
91 31
22 66
52 3
66 18
20 54
22 93
82 91
93 87
39 46
48 30
33 43
55 9
9 100
76 86
50 72
71 41
3 66
67 20
86 53
20 11
86 100
59 85
23 1
62 61
75 29
55 20
100 532 83 89
67 68
42 24
79 82
47 57
10 28
12 16
56 81
92 48
29 44
20 99
95 89
47 57
92 35
12 93
31 79
9 44
87 48
15 43
85 8
2 30
46 89
18 3
94 100
60 25
81 55
76 64
24 15
49 35
41 45
55 69
42 80
15 61
44 96
18 21
8 94
56 59
58 5
75 88
87 31
6 50
12 70
20 2
70 83
80 54
1 82
36 48
96 35
60 64
41 56
46 11
42 89
64 79
34 23
99 84
33 85
47 3
11 71
83 82
53 32
77 46
19 91
25 13
22 78
46 7
95 28
69 2
11 51
82 48
51 60
88 78
74 88
52 45
18 5
43 51
46 7
32 41
15 34
21 73
93 86
5 66
22 11
41 20
66 42
75 7
41 75
60 22
43 34
36 78
42 16
9 56
26 46
28 14
88 33
63 6
19 97
90 29
45 86
57 13
50 70
75 16
25 95
81 21
13 26
27 99
34 77
82 72
64 98
24 16
44 95
100 12
88 37
21 11
45 32
48 20
83 93
89 48
20 93
53 32
83 78
47 46
56 20
64 36
81 79
61 74
76 27
61 76
72 48
42 54
11 82
56 60
5 29
91 81
21 46
61 75
10 51
45 42
39 100
45 7
48 88
50 43
13 22
63 47
97 53
66 58
15 12
42 91
34 45
38 35
47 44
68 86
42 21
35 14
94 79
83 79
43 42
21 85
60 20
30 78
32 11
64 4
63 88
72 22
69 52
99 25
28 23
27 88
98 87
13 62
65 81
22 50
30 61
96 10
48 99
7 78
53 33
8 12
32 35
23 9
35 20
2 9
9 11
82 72
57 17
5 54
62 22
78 3
11 96
38 60
96 24
33 9
89 2
81 12
60 57
77 100
86 32
25 99
43 67
11 41
56 21
69 26
81 68
15 34
30 16
23 3
54 62
13 32
73 1
4 37
59 96
29 100
92 70
5 42
97 36
14 12
16 35
1 8
31 89
80 56
1 73
86 52
57 44
74 40
28 98
4 74
70 50
44 86
55 54
8 44
44 9
76 83
56 64
73 89
47 32
51 60
43 66
56 54
38 56
83 39
77 23
53 35
79 5
9 58
39 11
20 43
47 86
93 3
16 89
81 20
94 10
90 29
26 2
5 13
9 48
92 21
100 5
30 60
25 27
35 43
13 82
10 45
51 41
19 70
52 76
46 83
11 40
75 28
39 50
79 67
2 63
99 31
76 86
53 1
95 70
52 87
19 39
16 54
74 22
33 67
86 96
10 51
43 14
11 39
43 65
88 73
65 36
44 68
96 11
23 67
37 45
15 5
6 80
35 31
73 67
30 98
100 87
94 79
98 51
60 82
97 79
20 98
26 46
48 30
82 5
49 52
5 67
95 94
73 7
70 12
58 63
96 70
44 96
56 54
49 90
44 66
60 53
64 83
30 62
42 47
44 36
91 47
84 23
13 6
12 45
78 91
18 48
91 88
46 64
37 93
18 63
11 4
15 21
7 92
100 76
15 51
9 86
48 61
2 55
81 20
50 63
18 20
1 81
50 23
3 10
60 44
68 36
32 42
38 20
71 27
73 7
49 13
81 66
7 57
87 31
24 71
46 75
91 49
29 53
41 87
55 83
89 54
50 83
99 46
10 14
35 48
92 4
32 87
98 56
56 75
81 30
86 88
48 13
60 55
93 65
76 6
11 5
90 94
84 61
40 54
58 86
3 54
69 64
93 86
91 49
13 45
54 86
25 47
87 3
11 84
99 84
33 52
69 100
44 65
63 58
28 71
85 17
78 95
91 61
27 2
14 50
81 5
63 93
62 67
14 35
71 1
15 27
60 61
50 14
99 96
69 87
60 15
83 91
82 89
59 79
20 3
73 29
14 100
99 74
62 91
69 59
28 52
1 49
88 33
76 24
15 56
98 91
38 60
8 67
59 58
31 69
47 46
74 85
33 55
6 77
47 13
72 61
44 5
8 88
96 10
60 22
98 3
83 87
34 100
89 56
72 62
21 31
94 54
35 53
61 15
12 82
44 90
86 85
6 22
5 82
100 14
4 28
9 31
50 8
56 21
86 42
69 40
79 96
25 88
28 12
83 52
17 74
73 72
68 85
55 87
15 10
93 38
36 87
18 55
23 98
82 86
95 2
69 87
14 7
76 43
19 34
90 86
27 24
80 42
30 84
16 32
66 26
63 99
88 48
64 46
46 76
93 45
57 41
68 23
70 92
75 58
46 78
22 6
15 62
16 31
22 79
79 1
55 61
74 90
62 52
70 42
40 7
31 51
47 74
11 3
85 90
26 61
66 26
54 49
35 1
90 88
20 47
80 41
27 12
64 23
54 2
94 77
65 18
50 17
1 74
19 39
72 53
90 95
1 78
66 82
37 15
98 22
62 82
85 28
100 962 87 99
40 91
66 16
66 45
59 45
68 38
100 10
68 24
1 50
44 24
96 18
74 75
60 90
37 63
95 84
3 91
53 38
100 56
41 90
42 5
42 16
61 68
48 68
61 42
42 3
25 93
43 59
63 96
58 44
43 73
50 18
61 17
77 18
63 16
89 18
68 75
46 94
27 98
41 66
15 44
94 38
86 72
48 2
56 95
16 47
99 42
67 85
78 84
94 83
27 92
66 84
75 92
32 43
2 95
100 1
83 99
57 40
81 38
84 36
1 63
43 1
73 19
40 47
70 9
22 92
29 36
81 79
83 38
2 56
58 10
2 37
43 61
53 45
90 10
56 79
80 94
8 81
10 26
47 35
90 1
83 55
6 74
98 45
23 22
78 41
100 7
37 93
50 90
50 51
50 26
75 81
15 30
54 7
75 97
73 52
19 16
63 33
59 46
26 79
27 78
80 43
36 93
88 19
99 69
76 15
67 73
1 52
78 38
73 50
65 42
25 43
12 67
81 67
85 66
33 95
44 94
61 99
3 52
35 39
18 59
8 69
74 50
20 99
81 49
4 75
25 23
81 85
24 46
64 83
33 86
4 81
8 87
95 32
2 91
21 79
58 27
62 24
32 65
54 99
41 55
40 79
35 8
62 60
51 32
45 17
52 87
96 70
5 87
43 26
52 40
62 19
51 29
49 17
96 64
84 49
30 6
78 4
58 50
26 42
14 99
54 70
76 42
35 54
17 3
12 27
35 19
85 70
24 84
72 8
60 23
23 46
70 65
9 43
1 25
44 27
28 38
33 19
71 7
50 28
47 28
29 48
8 9
77 41
74 95
30 77
71 90
31 19
57 2
80 83
77 69
38 21
1 35
13 81
68 60
85 66
39 37
43 97
4 6
35 94
43 23
39 84
49 2
48 98
66 77
13 51
32 81
75 9
91 26
18 48
97 39
25 62
8 77
46 21
100 24
49 10
98 82
87 15
66 24
4 98
1 89
62 18
9 96
62 10
45 73
22 26
70 86
6 23
77 73
13 4
8 63
74 26
82 95
1 80
53 28
51 40
19 6
88 41
27 37
58 86
54 81
84 8
94 13
66 10
30 58
52 55
37 88
14 38
65 34
46 59
72 1
31 2
56 87
43 26
40 15
92 42
58 50
10 79
88 69
43 5
69 47
82 100
30 74
10 83
7 36
50 100
50 77
65 20
47 26
30 55
88 12
60 15
17 35
51 1
72 46
63 37
40 10
92 96
31 10
86 8
9 20
62 67
75 65
58 33
71 7
43 15
33 42
11 81
60 90
17 62
12 79
68 74
2 12
41 25
1 99
97 88
52 56
27 87
58 76
39 78
38 54
92 47
96 55
96 77
62 79
20 68
23 96
29 28
32 21
35 69
74 84
15 59
15 1
47 92
21 82
96 48
75 1
24 7
27 34
39 68
40 99
77 89
97 95
64 21
34 98
9 12
76 66
4 30
37 14
27 96
38 3
72 98
56 51
41 95
81 2
21 22
52 74
85 56
62 11
70 10
28 93
69 73
91 73
26 58
100 41
99 36
25 7
85 76
7 10
17 1
79 4
100 44
10 35
29 3
52 75
56 5
3 23
73 2
95 71
17 84
19 12
17 77
23 54
14 30
11 92
49 10
55 37
2 95
41 70
13 91
88 98
72 2
76 99
87 71
9 84
20 29
70 47
81 26
21 2
38 68
91 98
48 52
66 97
57 9
79 13
62 10
32 83
84 14
38 39
24 59
78 69
15 42
14 1
96 32
54 68
16 88
55 64
45 24
87 48
5 42
41 61
3 80
88 64
31 45
36 49
66 47
57 78
55 77
99 20
17 95
56 96
35 83
77 86
59 13
54 40
64 76
44 71
40 32
64 94
28 63
12 80
3 89
55 44
31 41
4 16
66 78
100 30
85 27
67 25
18 54
29 87
71 49
36 5
33 81
95 96
99 36
84 14
2 96
99 82
98 51
30 75
72 85
78 87
58 35
73 9
37 20
29 58
29 93
91 18
28 38
12 67
34 75
16 96
93 81
9 92
90 89
43 48
43 92
9 58
9 29
19 61
53 33
79 98
81 11
65 96
12 69
2 99
54 64
77 94
11 55
92 14
30 90
54 55
99 71
57 67
7 53
75 12
68 15
95 94
35 11
15 96
64 74
50 14
81 43
84 26
9 60
8 32
37 34
98 39
82 50
38 84
29 2
28 75
39 92
69 78
31 81
56 82
4 35
79 55
24 53
81 60
66 88
69 47
59 96
77 2
85 60
54 26
42 59
63 81
11 99
30 43
57 63
85 86
34 19
76 27
57 23
81 62
32 90
6 64
63 3
71 38
19 76
14 16
92 42
12 18
93 84
52 78
35 10
33 98
80 87
96 50
6 93
94 80
78 66
12 61
89 61
33 67
100 44
36 55
86 19
60 66
90 40
86 60
61 25
31 73
11 38
32 53
72 49
61 82
39 26
23 77
81 60
90 41
23 100
25 64
44 13
35 11
9 25
58 9
67 79
12 16
44 26
59 93
85 1
10 62
78 47
53 66
1 92
23 34
10 92
13 69
5 51
13 61
55 45
78 15
22 75
88 13
80 15
20 43
82 65
17 81
39 64
13 12
33 74
7 80
47 56
85 16
52 1
25 70
90 71
72 83
63 51
35 67
93 84
8 86
93 39
89 11
36 99
17 78
30 67
78 5
39 70
95 94
71 40
99 100
17 86
79 24
47 89
54 83
39 44
79 37
55 95
15 58
46 35
20 72
99 57
47 63
33 15
75 73
56 74
95 82
53 32
67 26
85 61
93 23
50 67
88 44
16 15
68 5
43 94
89 2
31 99
23 99
93 12
29 87
37 45
48 1
33 75
52 58
67 86
49 37
31 6
29 10
79 28
43 18
27 63
47 54
86 23
52 56
38 84
33 79
46 57
7 70
24 63
43 35
59 60
9 61
31 76
24 47
97 57
98 57
98 95
87 53
56 54
15 26
3 43
36 11
5 7
59 84
42 46
75 17
32 20
100 4
59 23
25 3
46 99
47 19
19 92
37 81
20 4
100 43
37 50
77 74
64 4
80 30
49 71
87 6
49 60
4 22
52 19
83 63
67 93
18 68
59 24
81 69
87 80
31 30
32 98
4 96
38 80
27 73
58 88
31 5
14 54
9 20
96 51
60 93
40 27
65 100
100 80
40 100
82 79
31 69
50 41
45 98
18 80
19 57
85 99
89 94
85 55
32 94
83 88
21 51
28 45
45 54
38 41
82 87
23 67
78 87
82 39
25 46
29 8
91 21
56 31
44 26
15 66
52 12
11 28
20 55
37 90
83 33
76 86
54 99
99 80
55 46
25 59
49 94
49 18
60 22
51 39
2 42
22 18
93 95
20 63
84 75
31 21
88 57
98 39
44 91
5 40
29 95
10 21
19 75
86 4
2 21
67 89
9 49
79 86
3 86
5 33
1 46
72 18
64 33
79 100
7 95
29 15
33 40
44 48
11 68
68 84
58 93
23 1
17 54
58 89
28 30
87 85
8 29
95 23
94 19
76 60
81 15
98 28
23 82
33 40
78 32
46 92
43 76
29 75
91 73
27 14
10 28
82 28
88 2
56 58
52 83
80 55
6 78
78 52
76 96
90 31
2 3
42 33
59 91
5 86
9 6
3 93
96 63
7 58
30 3
6 31
63 22
3 81
93 98
60 5
68 13
36 78
91 12
5 7
48 2
41 97
92 56
35 43
76 37
58 26
23 57
44 10
22 1
84 27
35 94
9 93
23 70
35 74
1 39
95 16
41 15
88 30
74 17
29 75
46 4
2 55
91 30
43 71
27 33
52 11
35 17
27 45
21 17
82 40
25 93
37 50
91 35
53 74
19 27
52 53
36 51
45 84
9 68
42 33
59 31
20 7
13 63
98 72
1 96
57 72
8 18
47 91
72 37
85 26
9 40
34 41
2 10
12 35
54 10
18 43
68 14
6 39
74 4
87 88
51 16
16 1
70 1
30 32
31 89
89 53
24 32
5 80
77 23
20 65
29 88
88 46
80 3
22 15
6 55
6 81
21 62
71 53
26 85
32 39
25 96
13 15
47 86
54 6
83 36
84 96
22 52
48 45
80 44
94 64
88 1
52 13
35 69
93 4
42 4
4 29
48 24
46 73
15 76
50 46
31 15
17 11
1 18
39 12
86 100
54 21
56 84
15 95
7 19
18 7
54 100
93 75
95 67
46 23
99 58
32 82
67 73
45 41
5 68
74 99
52 92
35 6
54 1
23 100
38 47
14 84
6 34
91 77
71 24
89 73
60 71
63 2
28 20
95 6
80 55
81 41
100 935 89 100
54 45
55 19
24 41
7 34
92 84
13 21
39 51
49 67
36 46
24 52
93 48
38 32
64 21
73 30
50 97
28 92
29 92
53 54
52 44
71 63
73 3
80 36
44 95
70 29
30 98
86 10
15 3
68 47
74 63
91 20
28 98
66 2
73 95
10 87
82 73
41 23
66 35
37 31
99 37
34 3
11 67
38 44
18 83
8 84
99 71
1 51
100 9
94 100
59 22
16 67
15 88
81 64
49 95
35 54
77 76
25 30
52 33
53 20
86 59
24 10
30 72
97 3
39 86
2 32
1 16
25 27
80 90
99 61
26 75
13 73
18 54
95 35
49 100
9 29
17 86
19 66
64 95
93 36
63 75
21 23
69 51
53 18
74 39
77 94
30 40
56 73
28 62
78 84
99 75
4 87
95 2
14 16
55 16
21 56
49 68
11 96
95 72
100 25
38 88
62 59
55 3
17 43
73 69
54 81
24 92
76 84
10 26
37 2
69 83
57 35
15 40
86 40
89 47
66 67
58 86
57 68
4 12
100 70
40 84
10 75
75 16
48 93
11 13
69 56
43 69
77 69
72 28
58 87
30 88
10 60
17 96
4 42
4 80
72 4
79 72
18 67
42 15
42 46
4 25
13 61
50 84
9 30
21 72
20 95
14 65
2 11
76 51
46 78
21 43
22 70
20 59
86 52
26 29
39 21
58 90
49 41
17 37
79 2
94 50
15 20
8 85
47 17
52 94
48 82
41 49
43 55
16 97
69 24
31 11
12 3
95 35
43 81
94 5
94 49
79 92
28 38
6 61
32 23
96 16
65 21
56 61
49 75
78 8
92 42
72 68
66 24
60 51
1 62
31 35
53 24
95 79
8 86
62 68
68 85
62 83
12 71
82 86
45 7
86 56
59 91
37 73
86 56
65 40
40 92
22 74
6 90
68 32
28 25
77 62
28 84
91 53
23 65
84 27
16 54
4 42
50 67
81 5
6 1
47 61
61 59
24 44
32 89
11 48
72 78
53 35
39 26
29 48
39 54
99 68
71 3
98 60
52 39
47 55
27 33
27 31
94 84
82 93
35 17
91 99
75 91
28 50
76 60
43 75
84 48
15 31
9 8
84 8
75 29
10 54
46 34
33 20
41 67
83 19
24 31
1 38
73 56
89 83
73 58
62 75
2 61
53 66
68 15
51 17
40 30
41 64
67 36
87 67
77 37
26 96
77 69
23 24
74 18
32 22
50 29
62 57
60 1
71 1
99 53
26 39
25 57
40 25
72 81
90 97
62 60
2 62
85 63
56 49
31 60
98 72
80 92
55 84
43 24
40 19
67 78
35 20
67 46
4 40
25 69
87 47
6 78
36 42
54 28
38 48
29 18
72 77
94 3
64 78
72 29
48 86
72 14
11 84
19 97
36 68
45 11
88 6
20 44
99 78
30 7
46 43
98 63
42 94
17 96
63 45
88 37
64 97
29 24
3 81
30 10
48 40
71 29
66 63
63 93
6 54
87 54
100 88
16 53
26 47
61 64
56 40
81 15
91 50
75 35
86 35
76 40
76 13
13 73
84 85
17 97
74 18
13 20
62 19
53 76
44 47
53 41
58 29
17 79
99 33
35 7
11 37
18 15
7 50
99 44
53 75
40 9
18 46
20 81
78 10
83 96
39 50
33 26
4 93
49 57
80 66
77 49
46 70
55 43
30 65
75 66
13 9
8 64
41 35
35 4
48 60
65 22
13 63
43 29
33 19
18 45
13 40
92 63
15 56
10 42
32 4
77 29
26 84
18 72
51 62
89 64
33 52
86 42
98 41
29 62
24 76
86 40
87 1
45 96
75 5
62 57
32 40
54 91
6 37
2 50
90 28
53 60
84 41
86 9
73 20
84 81
75 18
29 59
91 74
65 46
4 82
93 78
87 19
28 25
26 85
86 51
26 67
43 89
96 15
86 77
81 10
6 24
87 85
66 38
52 96
68 12
39 34
4 32
18 20
93 38
99 75
80 73
71 22
98 20
6 5
30 45
74 83
16 72
79 2
4 53
66 39
25 17
93 94
38 87
84 9
20 33
35 48
49 87
41 56
14 3
2 94
15 28
56 85
94 54
95 12
80 15
51 55
76 10
19 2
77 85
44 80
25 46
78 87
17 76
28 25
22 5
74 65
69 59
92 67
39 10
72 17
61 28
47 95
38 79
21 30
33 22
68 73
23 8
31 20
5 17
58 62
77 97
78 18
25 1
62 77
71 95
97 30
36 14
30 77
34 63
15 98
2 27
25 80
69 25
27 39
93 88
50 88
58 7
90 54
46 20
99 29
93 85
66 49
34 36
86 25
75 81
35 38
99 61
42 1
70 86
16 100
63 62
22 21
36 83
34 80
42 23
72 33
71 10
33 50
17 70
64 62
67 50
14 91
43 21
65 74
18 69
50 85
69 93
63 27
19 69
87 28
50 11
92 76
35 19
86 88
20 17
67 78
36 96
5 38
7 64
59 8
30 4
94 48
72 2
32 25
37 4
31 60
3 2
56 66
45 43
74 59
2 90
100 6
75 98
41 35
4 90
5 81
87 12
20 17
54 88
36 86
51 11
38 92
25 39
92 89
53 75
33 4
22 29
66 81
51 82
75 78
89 80
97 73
47 70
20 46
60 13
79 15
47 72
6 52
89 58
32 64
43 45
21 92
15 31
39 12
64 54
51 53
18 1
10 43
58 17
16 18
5 30
17 59
81 15
47 67
62 78
18 90
36 98
77 5
43 96
71 51
71 99
90 24
47 50
71 56
3 64
42 80
18 76
17 61
19 34
95 14
78 25
24 9
84 90
64 39
63 38
4 53
95 54
30 74
65 61
12 7
32 48
65 53
38 36
14 81
89 83
98 46
51 79
3 51
12 53
97 78
28 20
22 62
2 15
42 91
89 34
86 64
57 85
77 19
51 66
66 13
55 83
93 54
89 75
54 28
77 47
56 73
80 43
91 67
3 73
100 50
24 73
88 35
82 95
43 80
50 92
90 56
69 83
67 92
76 79
65 31
96 75
59 89
72 24
2 61
91 86
43 88
23 26
30 93
92 47
64 70
67 81
16 23
84 79
11 75
41 59
29 39
88 14
75 71
51 41
66 77
21 69
70 55
91 53
22 80
80 20
47 3
78 11
93 26
46 22
96 38
13 16
74 34
11 55
74 71
13 48
81 37
67 65
77 73
81 92
87 65
28 69
77 25
64 36
93 32
84 51
19 40
87 66
80 61
90 74
100 14
72 69
58 55
78 22
99 70
97 18
83 100
50 84
77 13
95 42
51 12
79 68
35 54
11 51
66 57
25 51
51 57
27 51
86 45
65 7
31 66
50 5
63 45
18 26
49 94
5 9
93 14
89 54
40 93
41 2
6 92
85 81
40 66
19 85
39 12
87 54
92 48
32 21
94 66
1 71
62 87
55 59
68 58
23 87
98 42
81 72
12 96
19 100
29 79
9 78
47 38
5 85
30 12
3 43
36 24
60 98
59 16
69 15
59 56
78 14
51 36
43 44
36 78
79 92
54 92
36 62
53 83
61 100
41 8
6 83
78 5
17 49
23 93
21 100
66 59
38 70
57 83
15 60
47 40
8 51
68 90
98 7
6 42
59 61
87 94
56 14
57 85
6 93
42 100
53 87
54 18
94 91
86 16
62 75
74 80
87 51
32 89
65 90
50 62
28 63
57 20
84 90
73 90
81 59
25 97
23 5
66 83
51 3
91 74
61 5
70 89
83 65
1 55
86 52
78 10
14 53
34 27
16 59
38 96
77 27
60 10
33 69
55 10
56 48
11 37
13 52
85 1
80 43
12 13
52 98
3 8
25 88
61 59
43 100
56 47
92 12
95 19
13 86
56 47
12 8
6 44
1 22
60 44
85 9
31 69
32 40
73 11
91 36
41 18
30 95
40 17
99 9
64 30
34 27
11 59
31 46
41 32
93 46
2 87
36 14
74 10
4 47
83 45
47 48
98 52
43 82
79 55
72 2
5 34
62 8
75 40
60 13
66 29
60 1
80 76
5 54
16 14
83 85
91 99
8 17
5 48
85 14
80 31
89 48
24 22
14 65
26 49
31 17
95 94
17 21
71 38
63 10
44 12
12 71
93 33
59 34
34 98
71 73
52 50
76 34
91 17
50 15
47 89
41 78
18 30
56 93
60 47
21 20
98 68
70 35
73 90
10 63
66 11
100 782 2 9
7 50
21 52
57 89
38 36
85 98
96 57
96 15
14 6
10 94
56 58
19 85
1 82
19 26
61 46
59 48
86 87
26 43
23 91
32 19
99 27
71 11
86 22
79 16
12 53
14 12
75 72
59 76
25 98
55 40
52 69
58 25
74 25
97 43
16 84
30 41
10 100
81 64
5 76
13 44
56 99
54 36
31 26
65 17
58 37
88 38
27 28
65 82
52 31
11 28
32 93
24 79
64 35
16 36
25 99
59 51
6 56
48 93
94 92
23 17
80 24
37 53
60 49
74 65
90 70
75 64
3 51
82 65
10 63
48 16
26 66
95 54
51 90
40 61
37 39
85 57
54 72
23 96
2 12
84 52
42 27
25 94
79 38
37 80
37 89
80 18
21 91
7 19
44 50
71 78
34 72
55 47
3 68
23 21
58 52
69 93
32 14
69 19
33 62
30 54
65 54
97 75
85 67
55 80
20 55
27 45
3 76
5 31
51 80
3 15
18 55
1 18
59 17
52 77
96 14
61 58
31 79
21 3
81 96
68 25
13 31
48 64
61 41
48 79
70 75
47 33
39 35
28 38
71 31
63 60
87 74
59 69
6 50
40 25
95 89
13 33
94 3
64 61
36 33
69 100
21 82
51 67
76 43
14 13
42 36
27 16
25 60
58 63
75 6
44 19
81 13
94 10
18 59
47 59
20 37
22 5
87 68
63 22
84 28
37 40
90 40
66 81
1 71
52 33
99 88
60 54
24 86
4 71
77 15
52 88
49 84
25 90
75 96
73 33
41 90
39 62
66 62
63 32
84 38
2 24
77 83
69 21
54 9
54 24
60 75
78 51
4 70
99 16
21 78
29 42
76 56
14 91
27 100
53 15
58 76
14 6
1 25
23 57
5 43
65 11
18 30
56 73
5 19
43 95
21 8
13 43
40 36
54 49
54 92
30 85
3 37
30 53
89 12
97 16
48 72
6 99
4 6
96 26
3 95
1 82
73 81
36 26
21 48
99 69
100 9
82 46
31 47
17 81
8 26
49 4
19 63
11 4
55 78
37 63
67 29
52 45
31 95
65 50
8 72
71 23
23 49
45 41
90 81
66 26
14 11
22 80
33 76
91 73
94 51
63 53
26 87
26 83
23 36
37 39
40 39
45 50
72 64
25 63
68 76
79 86
75 87
57 90
53 57
49 44
83 11
78 93
98 70
79 36
89 84
50 15
7 2
39 22
85 94
5 24
15 44
42 85
59 41
56 48
79 3
93 27
34 83
80 62
50 92
7 61
76 64
21 16
29 62
4 52
56 12
21 43
8 18
52 83
97 53
17 48
23 21
9 72
39 13
50 52
46 39
62 54
27 15
71 86
7 32
34 20
27 52
84 33
36 94
45 31
36 50
83 73
41 25
37 64
68 12
89 88
69 65
28 29
5 22
98 12
14 99
3 17
63 15
66 6
64 11
73 66
63 35
90 53
37 93
67 81
97 40
66 34
17 53
76 4
37 87
18 53
71 79
5 64
20 25
86 5
51 52
76 57
10 74
5 3
100 28
35 49
100 75
18 53
7 91
60 17
2 12
49 97
29 6
62 8
46 3
17 66
74 83
83 35
30 1
10 27
85 66
45 83
7 99
57 83
12 51
20 76
90 94
5 32
19 77
14 89
4 78
9 47
83 55
96 46
61 92
83 56
2 61
93 40
7 29
37 30
39 82
84 41
9 96
46 97
54 58
8 81
82 47
52 10
38 42
92 30
47 96
4 88
75 50
87 80
85 83
75 50
44 13
67 65
94 3
65 17
74 70
68 56
41 60
97 28
47 25
7 2
34 15
65 19
4 75
71 3
7 17
69 54
60 67
66 97
8 28
21 65
50 44
55 34
4 68
77 17
9 13
8 31
3 38
68 11
48 56
14 66
31 24
6 35
91 98
27 70
61 52
39 71
100 91
6 73
80 98
31 7
62 42
57 13
60 71
63 7
3 77
81 11
37 94
8 60
98 5
31 38
29 62
18 15
25 44
46 44
24 40
87 49
47 95
99 96
57 36
93 84
22 45
30 60
2 5
61 3
73 68
59 42
59 75
61 99
36 37
93 7
37 55
65 91
17 88
99 74
52 35
96 34
37 78
64 55
78 90
44 91
28 22
39 49
93 78
79 72
84 3
17 19
30 81
22 35
38 18
70 50
10 85
2 33
16 99
85 2
82 93
91 64
8 93
20 52
66 63
93 31
2 15
57 17
96 42
60 27
11 5
24 64
21 98
70 93
26 10
11 57
96 1
82 64
93 39
54 19
36 5
89 69
81 95
93 51
77 4
52 67
40 93
34 29
67 88
74 46
84 51
45 79
10 66
22 9
34 12
31 84
78 52
18 32
81 16
42 39
51 87
8 72
13 94
78 77
27 59
69 7
54 78
91 69
48 30
31 62
61 43
54 98
93 59
73 84
93 64
53 71
53 33
63 7
96 35
23 47
77 33
81 79
99 63
91 56
73 95
50 47
12 80
34 31
99 93
91 59
13 74
76 2
27 26
78 23
81 18
14 83
61 48
16 85
77 48
66 11
51 18
9 91
74 14
48 75
58 53
2 93
45 62
46 92
34 2
31 55
14 53
51 1
32 13
65 69
96 82
87 39
82 40
10 24
46 59
37 64
66 85
54 36
39 27
71 25
45 56
15 70
95 56
30 55
66 97
87 81
42 33
48 53
95 73
85 76
83 84
13 8
88 76
1 90
42 9
98 15
97 76
32 44
31 90
11 99
32 78
58 95
71 91
67 98
94 79
7 94
29 32
65 49
22 25
62 30
45 6
49 21
20 19
70 22
48 15
81 70
69 14
21 58
50 38
25 65
29 16
13 12
43 65
50 19
11 20
13 60
78 29
46 31
5 51
21 100
67 6
56 28
55 41
36 32
48 42
45 79
90 69
95 69
6 23
46 33
32 35
46 12
2 53
1 12
31 74
87 43
94 81
44 26
28 55
42 78
63 47
45 75
42 69
87 51
53 9
49 34
54 63
73 32
60 84
44 28
80 11
1 75
92 68
77 73
81 26
99 97
73 76
86 53
99 34
51 96
92 20
48 30
24 26
21 77
73 96
59 62
5 11
11 65
50 32
56 100
38 67
45 100
63 5
79 77
59 90
82 37
97 32
38 64
97 42
60 95
50 13
21 57
71 84
4 62
22 35
40 87
44 29
10 95
50 1
64 84
78 48
1 57
8 12
56 88
81 22
98 62
51 61
41 30
4 67
80 21
37 79
18 55
72 98
43 60
29 79
74 69
16 46
98 96
95 62
72 80
10 55
16 7
77 26
100 2
91 85
6 43
84 29
51 35
13 62
10 41
38 12
42 7
87 17
21 73
63 100
47 4
1 11
51 33
6 38
34 80
33 58
67 100
57 42
19 10
5 29
12 87
40 39
1 93
71 26
59 53
13 20
76 61
85 50
20 14
6 60
6 51
26 3
71 18
84 69
30 65
94 15
58 78
67 66
47 61
22 75
58 67
3 83
88 51
20 21
3 96
47 18
100 505 55 69
59 25
86 6
100 13
74 47
59 94
19 21
53 86
98 21
87 84
98 85
90 97
72 18
76 24
87 45
64 31
62 2
33 12
24 63
90 48
43 96
38 89
65 2
72 81
38 87
25 1
71 5
16 17
29 100
22 49
84 11
61 45
4 87
74 6
46 20
43 57
67 92
47 14
57 30
38 97
95 29
58 46
89 53
57 14
69 32
65 41
70 29
6 92
59 58
5 57
38 86
100 4
26 68
45 71
86 15
8 28
1 7
98 34
44 45
12 80
54 62
54 43
64 61
81 59
3 23
82 75
97 20
73 71
62 17
68 43
91 4
11 92
17 13
55 14
55 61
66 60
99 11
71 26
40 58
15 83
55 68
52 76
46 67
31 70
82 100
9 75
60 84
88 7
77 99
54 29
24 69
57 18
93 22
98 44
62 3
36 98
59 10
43 61
41 34
34 49
78 10
8 66
84 22
12 33
96 71
87 44
12 96
23 57
87 31
61 74
78 83
46 39
70 2
12 58
36 53
92 40
79 22
46 89
27 58
23 50
60 5
61 30
25 18
48 1
41 68
82 100
57 23
55 68
50 90
26 33
30 91
63 59
1 39
64 70
25 98
74 4
32 51
32 1
22 47
82 70
70 72
28 100
25 94
1 43
16 97
57 23
81 80
76 55
50 89
41 43
7 90
45 66
12 33
47 16
29 89
70 36
4 53
73 40
42 49
30 10
36 63
6 61
86 41
16 85
54 84
71 95
6 53
46 37
88 59
57 45
66 28
10 17
96 38
22 65
60 40
48 89
6 25
90 67
66 37
5 75
60 65
24 38
10 3
67 82
5 85
66 40
55 86
6 60
34 84
98 35
52 37
32 37
94 91
29 82
27 4
50 17
56 86
53 9
59 81
95 51
82 16
42 14
85 34
45 21
48 12
6 38
43 46
92 21
68 95
82 78
32 41
44 12
78 57
59 16
90 88
85 46
76 26
4 55
54 46
2 62
36 21
36 77
36 57
19 75
43 45
64 31
73 53
61 70
52 95
24 22
31 34
55 16
61 46
93 83
51 68
59 60
87 92
50 75
9 2
21 72
31 23
43 96
78 93
84 40
3 21
30 38
6 39
44 91
16 2
100 57
85 47
40 15
43 21
63 70
60 67
54 82
4 23
12 29
97 18
52 24
55 29
57 87
43 88
49 90
7 52
97 68
85 96
33 56
93 100
15 34
25 2
91 22
81 73
56 6
91 38
6 30
54 40
31 36
53 5
25 19
25 34
100 45
82 84
34 41
6 100
30 17
64 29
94 38
7 46
31 67
57 5
39 85
93 56
63 37
9 14
73 88
11 88
94 54
78 98
20 67
100 71
71 56
98 41
20 59
99 12
92 59
84 23
5 72
36 24
46 91
60 65
48 9
4 64
43 54
78 4
63 73
14 90
19 62
39 79
91 79
81 3
88 23
99 61
38 24
12 91
77 84
43 40
32 94
91 24
6 14
51 27
47 98
7 56
68 27
59 58
80 63
59 47
93 31
98 82
41 16
90 41
65 17
10 39
74 100
46 33
11 49
12 64
20 82
82 76
92 61
4 99
73 4
74 67
52 11
6 15
69 62
62 11
38 3
72 29
24 30
17 93
61 72
55 60
80 15
97 22
48 66
83 37
80 99
57 1
33 64
70 99
83 70
32 75
38 55
81 88
10 36
49 34
14 63
21 43
77 30
26 59
99 68
51 73
79 100
50 11
55 72
73 77
76 93
37 36
86 30
20 2
72 74
56 81
51 17
77 6
85 77
6 8
83 76
12 78
19 87
47 66
78 40
13 17
60 86
29 50
31 74
33 5
10 8
49 14
61 87
31 36
30 6
43 6
58 73
99 18
24 70
9 10
8 80
27 55
30 39
47 71
28 14
54 41
57 99
1 2
32 27
10 21
12 11
29 4
14 85
50 18
62 80
13 62
5 32
70 77
98 84
40 64
50 2
88 57
33 2
76 89
29 47
62 91
77 34
82 22
45 76
72 44
32 83
52 78
52 49
51 92
61 50
33 3
83 30
46 10
31 19
1 21
9 84
84 85
38 97
23 55
40 57
72 21
14 60
81 4
56 51
11 30
23 53
83 96
19 66
2 93
26 88
20 21
89 14
88 34
17 36
23 49
94 77
92 80
85 72
61 14
50 54
13 32
92 1
8 17
73 70
12 81
36 75
69 84
20 81
2 51
13 72
99 31
69 5
33 40
87 58
45 81
89 60
63 26
19 55
37 16
60 39
54 98
17 68
41 63
25 100
100 693 38 88
40 16
25 93
57 7
72 62
15 86
70 13
57 50
51 66
58 35
45 99
15 95
70 1
20 12
14 64
62 42
77 44
68 31
9 90
51 35
53 20
83 89
91 97
78 51
35 95
15 62
14 88
3 29
34 55
64 75
83 29
27 55
85 10
14 53
39 46
7 49
3 43
15 20
77 70
54 63
76 31
49 36
68 28
73 10
44 75
75 21
85 11
28 16
84 56
68 38
73 41
77 61
1 100
11 53
50 35
78 46
89 53
95 25
56 25
82 92
8 62
69 97
83 99
6 91
98 75
99 22
10 11
7 2
75 49
53 80
6 92
81 2
86 49
100 50
92 30
12 9
19 10
55 29
23 27
71 4
77 92
33 90
94 95
5 32
69 99
81 5
9 17
38 4
13 22
41 86
13 50
10 36
14 87
17 9
13 99
27 33
79 34
34 1
79 41
93 4
47 66
17 39
5 29
19 54
6 95
74 92
51 44
28 73
33 88
53 84
38 6
97 3
75 19
47 25
71 73
11 64
71 43
16 47
33 85
3 92
34 60
69 24
86 17
24 22
34 87
35 89
47 68
7 20
85 80
37 2
66 4
50 91
57 71
55 86
95 1
82 71
2 71
86 13
59 83
57 1
69 78
89 23
27 13
96 85
41 58
76 93
94 59
46 99
72 3
58 69
99 35
45 87
5 29
19 58
75 90
68 66
70 24
33 13
89 27
94 41
45 9
25 15
59 53
85 18
67 77
43 11
71 69
25 83
90 66
13 16
8 51
45 32
39 99
38 72
24 70
17 96
18 11
100 86
23 29
22 9
16 52
79 36
39 16
17 61
35 78
30 47
14 65
72 64
13 9
85 68
49 22
93 38
38 37
38 76
37 92
67 95
38 60
25 44
95 88
3 18
42 41
97 24
2 52
35 33
59 27
52 27
83 41
75 35
100 66
33 50
6 20
69 27
95 43
47 88
51 84
40 91
40 84
2 32
67 73
7 68
72 50
69 15
93 71
24 51
81 46
80 70
93 59
21 26
78 46
43 73
3 68
83 98
80 43
9 88
67 92
86 83
55 43
4 88
57 14
75 18
79 78
72 19
59 91
63 10
36 64
77 44
42 6
96 73
90 97
90 3
75 95
67 36
31 28
7 92
16 15
20 77
18 99
39 27
35 17
98 58
31 62
14 27
83 95
57 94
48 38
45 11
50 54
92 17
30 77
81 83
73 5
3 80
98 83
55 53
66 87
2 11
22 100
30 58
91 6
67 49
82 29
78 96
33 92
18 86
65 59
3 77
66 29
36 37
66 86
97 59
29 86
88 61
87 45
63 71
4 55
12 60
50 72
94 40
20 63
53 83
59 79
11 21
10 70
97 5
63 50
81 76
30 56
72 50
79 62
60 38
84 86
79 89
54 73
33 79
12 11
69 38
82 27
88 78
5 54
8 3
9 37
8 33
52 66
41 45
99 55
81 68
76 28
2 25
87 63
80 90
47 25
46 55
68 15
12 47
21 95
64 83
75 100
61 55
59 44
70 100
22 57
7 3
42 85
3 58
15 34
46 7
11 4
42 8
42 63
47 1
39 75
88 19
76 86
98 73
94 72
10 16
53 65
14 36
79 73
90 72
7 51
83 21
92 95
40 86
34 84
40 77
63 27
56 15
19 9
44 59
8 52
80 34
90 18
68 67
89 45
92 61
85 46
37 18
39 96
23 77
94 7
45 1
80 70
52 17
75 1
27 81
15 18
80 48
98 90
13 60
20 25
43 54
43 47
30 31
79 14
70 9
58 22
69 15
6 16
15 83
28 41
13 57
65 31
49 87
43 49
96 25
33 27
52 66
78 82
63 30
21 54
1 44
66 49
36 6
12 98
93 22
66 48
96 55
95 1
18 27
28 3
28 20
8 47
33 54
72 84
100 82
24 27
18 64
20 41
52 85
97 20
34 95
82 91
39 64
2 70
89 48
47 25
12 38
73 66
88 51
69 61
75 26
37 29
99 74
24 62
51 37
91 45
85 24
82 9
43 92
86 49
84 30
44 31
59 25
42 35
1 24
13 42
29 63
12 25
79 86
67 53
2 75
25 22
99 22
30 89
93 71
61 58
58 67
33 52
13 22
52 72
80 32
32 10
3 71
2 79
1 10
27 40
29 53
91 30
60 88
20 23
95 52
54 40
84 90
39 83
15 10
59 23
51 61
50 66
87 89
99 90
78 46
83 64
33 65
33 88
7 2
46 33
39 20
90 21
15 68
27 1
63 61
80 73
34 81
95 40
85 53
25 93
87 37
97 21
79 56
91 51
89 25
61 43
2 28
91 58
25 85
46 26
89 93
50 24
86 64
77 40
45 92
77 32
58 77
90 29
95 44
85 60
73 2
43 35
13 32
63 46
39 51
81 38
96 1
51 33
94 31
78 37
22 64
74 2
61 44
56 39
21 57
51 8
72 89
47 6
92 20
82 19
74 85
12 34
94 36
45 98
83 92
92 12
59 95
14 44
69 73
79 7
33 12
6 4
18 3
61 7
11 31
33 87
58 98
64 87
70 2
69 97
49 12
42 68
20 14
62 61
47 16
52 8
10 34
88 93
62 31
44 22
76 5
86 29
72 20
36 59
75 20
65 96
66 72
30 37
62 42
6 89
48 52
32 53
32 1
49 14
34 66
36 87
5 30
74 52
92 66
92 65
32 45
46 2
48 68
7 21
82 24
72 29
23 78
99 23
74 47
43 22
58 17
59 88
30 8
5 13
19 10
72 3
22 20
19 67
91 38
25 22
68 38
3 24
12 82
32 36
89 60
90 8
65 88
56 38
16 12
39 42
50 27
23 71
80 46
25 52
53 59
68 97
78 95
83 88
93 71
52 55
39 6
53 45
36 11
93 9
83 74
97 3
56 61
26 67
24 22
23 6
93 6
34 58
68 81
16 44
40 67
28 31
30 94
54 98
36 4
34 43
65 100
15 26
54 61
16 21
34 17
61 14
30 3
4 48
34 6
21 3
97 13
38 76
69 31
62 6
75 99
76 41
67 76
12 42
23 95
47 57
53 23
63 34
79 38
15 11
52 88
64 6
24 61
76 50
43 20
52 5
48 28
92 86
95 38
28 94
98 66
58 49
41 23
100 778 2 38
59 27
54 60
71 49
36 47
94 68
52 80
18 93
41 13
95 68
97 11
93 8
21 88
25 6
11 4
94 8
37 11
100 54
35 45
55 17
1 23
3 88
58 74
27 1
56 55
34 83
94 57
34 79
57 31
56 96
93 46
34 66
57 87
84 30
83 67
8 1
69 40
1 85
60 48
53 50
71 93
62 41
100 62
62 18
21 71
66 87
55 15
30 45
8 52
88 51
48 39
94 22
73 44
44 34
42 80
48 71
72 57
71 22
4 99
45 19
59 83
5 57
28 88
8 54
54 81
28 64
65 21
58 48
93 55
5 59
44 89
18 23
63 61
84 83
90 74
90 1
92 79
10 94
94 62
20 47
46 67
92 76
49 7
80 89
25 91
98 84
96 40
21 50
5 57
65 10
75 42
10 53
82 83
47 65
98 16
94 60
92 60
63 76
5 84
75 28
19 1
42 30
98 34
88 42
11 44
9 61
51 43
47 42
90 33
97 91
39 58
56 60
24 89
76 87
42 91
10 94
32 89
3 75
87 88
24 86
52 47
40 100
10 100
67 31
38 26
96 88
29 17
4 87
73 45
21 57
70 27
24 2
94 65
79 54
50 45
69 10
100 74
83 73
62 10
14 61
63 23
90 92
5 83
15 14
72 87
77 42
40 17
45 91
70 59
43 84
90 23
57 35
43 39
23 61
46 9
54 42
17 58
72 52
13 54
26 47
36 66
80 81
93 48
91 5
60 72
98 5
32 38
20 47
35 32
72 18
26 42
25 51
12 50
100 41
63 92
31 7
2 76
17 54
14 7
64 20
31 24
18 9
25 90
34 57
31 15
27 78
28 7
67 99
55 67
70 50
55 26
99 35
96 81
80 60
32 5
59 18
32 27
96 59
36 39
63 78
56 64
6 40
77 100
41 23
58 7
73 40
11 19
53 35
63 78
87 98
15 2
86 27
37 84
83 10
80 43
72 24
77 25
92 69
12 11
84 51
80 92
49 83
15 19
52 12
49 75
18 67
27 75
89 50
92 95
82 12
32 55
15 23
9 74
17 51
66 91
56 51
46 62
3 27
90 85
97 27
58 82
100 39
62 25
16 40
55 42
27 79
24 95
72 51
86 58
87 86
69 18
79 68
68 1
12 23
33 81
2 5
81 6
47 27
49 7
69 2
62 87
32 21
93 92
33 13
51 48
43 42
41 49
34 76
98 15
43 29
79 100
11 50
46 19
54 3
51 27
11 98
52 55
11 19
80 20
72 21
91 90
44 56
39 13
8 68
52 3
4 95
79 100
38 28
44 21
91 90
52 62
100 16
78 91
57 38
95 10
69 77
25 14
74 77
67 42
76 31
65 30
47 96
85 7
47 37
31 35
66 95
92 52
57 52
93 78
30 21
81 50
83 60
72 82
74 61
16 71
80 10
76 6
13 69
40 35
84 68
76 62
44 24
62 93
31 98
40 89
86 72
28 57
91 12
3 8
27 8
50 86
90 52
10 82
90 42
1 57
75 100
27 42
61 81
61 30
43 51
80 7
48 31
19 14
90 6
8 5
36 16
20 94
12 22
88 22
82 69
10 76
71 51
14 51
34 64
7 25
86 16
81 20
70 64
24 61
39 82
70 92
24 12
25 53
84 72
53 1
92 85
19 52
44 5
7 2
2 76
5 85
15 11
71 54
51 26
79 73
35 71
80 94
45 77
57 51
25 57
61 50
78 18
11 3
31 97
89 33
4 50
76 36
65 85
40 14
43 68
45 21
100 4
1 29
14 43
20 43
11 23
56 71
18 16
53 64
17 82
21 32
70 53
53 19
28 88
38 22
85 33
67 62
48 31
74 1
68 22
77 63
67 99
14 29
84 9
3 34
86 68
26 96
58 40
58 47
16 62
8 97
54 62
43 69
96 7
18 21
72 22
64 45
94 72
97 61
76 40
47 86
16 58
67 79
75 65
9 41
99 100
51 50
13 92
45 52
21 73
80 72
58 55
19 41
10 96
24 53
70 79
94 56
16 88
95 57
92 70
17 86
72 27
73 39
30 94
30 59
18 91
40 62
88 77
31 21
61 33
23 7
23 72
100 38
2 17
15 51
79 8
22 97
20 88
100 88
2 24
83 37
63 51
16 21
48 46
52 1
63 72
48 43
53 73
35 64
66 45
35 41
94 88
41 3
15 2
17 68
87 86
20 98
44 51
26 75
80 63
72 48
89 31
37 14
48 3
100 91
79 6
19 54
13 83
91 43
52 8
31 72
92 82
70 14
18 94
69 40
3 15
55 43
66 61
3 32
96 63
7 38
45 3
83 6
39 42
37 64
88 91
48 35
29 68
61 84
72 65
87 53
79 2
63 45
43 88
88 37
45 65
3 97
96 85
30 89
99 10
63 39
19 28
25 89
54 64
60 36
19 42
62 95
93 37
59 92
14 74
48 59
83 87
78 61
80 58
56 54
16 48
54 14
71 45
81 15
97 7
47 86
43 13
14 76
11 23
22 56
51 35
68 46
6 50
19 91
47 31
62 61
11 96
52 54
45 84
94 80
52 57
55 100
90 44
50 92
13 8
89 82
43 95
100 69
76 65
82 76
35 17
55 40
1 53
24 4
73 50
78 2
35 59
56 33
70 40
65 82
75 10
80 77
100 33
35 96
43 80
39 55
91 66
63 69
14 76
83 68
99 30
32 21
52 87
5 33
36 64
16 56
18 76
4 10
18 5
32 91
64 79
50 40
33 70
13 96
4 14
22 60
31 34
59 76
42 93
99 29
72 34
27 26
79 43
37 3
26 62
88 81
48 38
32 41
82 31
25 46
57 12
20 23
70 43
100 34
32 84
99 61
83 29
64 24
9 75
97 2
37 3
63 31
16 17
31 79
76 73
82 13
38 20
51 71
64 74
31 73
47 68
42 96
36 19
19 15
82 73
64 44
93 47
100 28
75 97
29 42
16 7
55 11
3 32
91 90
79 62
21 69
75 11
7 80
16 38
1 40
32 60
71 58
37 21
48 90
62 10
85 66
21 63
33 32
56 34
40 45
43 75
3 48
64 80
13 75
52 41
7 31
15 25
47 84
50 81
89 65
46 83
85 88
6 31
60 69
99 77
59 64
30 49
71 78
9 59
81 47
69 89
29 34
5 51
46 97
86 2
28 51
64 32
78 86
29 14
4 96
32 6
25 45
56 34
9 37
61 94
34 44
31 98
24 37
40 61
32 18
98 7
13 37
33 23
54 97
97 77
87 68
66 9
89 23
57 20
5 18
43 100
36 97
49 94
88 56
49 64
31 97
98 32
58 5
14 77
26 14
3 68
57 42
42 1
30 14
62 46
58 80
37 32
30 90
99 44
15 12
23 53
6 22
55 84
96 33
99 7
8 27
3 18
92 86
43 46
5 33
53 3
4 62
31 64
63 21
15 4
2 47
9 89
56 80
25 86
62 98
26 11
83 57
90 36
14 97
64 26
86 71
16 8
84 66
21 85
71 55
71 58
53 76
41 48
49 93
100 919 91 51
80 44
74 34
53 75
61 83
41 19
58 56
50 4
19 35
100 52
16 54
29 40
69 56
69 34
93 9
75 46
26 46
53 99
23 20
63 52
6 43
15 40
26 77
9 66
52 82
5 67
37 74
32 30
12 65
33 94
20 67
73 29
60 94
32 15
80 66
18 82
77 21
9 75
75 1
8 35
81 55
28 43
55 94
12 72
47 39
52 86
38 69
75 67
84 55
59 2
45 93
32 44
41 47
37 74
88 24
57 36
22 70
3 4
24 20
67 29
9 42
96 61
100 31
87 85
93 56
53 73
64 55
14 79
44 37
2 68
18 74
31 86
40 53
93 7
15 71
12 51
5 30
56 5
67 21
81 47
52 51
4 59
49 23
54 31
22 29
20 11
4 81
59 84
13 76
3 23
81 83
85 23
52 61
13 1
73 3
60 99
24 94
85 93
93 61
48 89
57 99
24 45
87 7
49 35
73 61
20 75
41 8
13 7
41 27
15 72
51 73
36 92
40 17
83 78
15 76
50 99
76 66
13 35
77 51
53 20
38 24
4 86
53 97
60 84
90 62
19 72
82 98
35 67
28 23
51 60
45 99
18 97
59 62
98 43
57 87
10 50
74 66
66 34
63 24
76 38
18 81
22 83
13 6
5 3
80 10
77 85
6 44
96 3
90 91
5 88
58 10
50 65
85 68
25 59
64 10
41 85
24 90
18 78
7 22
84 79
82 18
95 88
78 21
100 19
22 59
59 70
100 47
1 72
74 16
24 60
58 84
93 49
75 46
42 18
40 77
65 54
19 39
87 67
74 79
48 99
48 97
81 10
52 7
74 28
93 11
13 94
92 3
11 99
54 50
69 47
83 1
35 48
23 97
40 98
26 62
46 61
96 70
87 57
11 55
29 48
82 71
54 88
55 97
49 69
96 30
37 74
71 35
27 29
18 75
8 91
55 50
37 26
94 2
31 89
36 68
16 77
53 39
84 83
43 22
23 36
40 35
22 90
92 17
4 38
20 39
64 32
84 57
17 89
69 82
8 91
73 2
2 53
4 39
67 85
1 85
81 20
61 16
41 65
68 60
93 35
78 28
44 27
75 32
91 86
42 71
45 84
66 54
83 67
55 48
88 12
18 43
82 99
80 33
95 59
64 79
81 49
92 74
10 24
41 90
95 1
52 54
70 89
99 52
34 90
90 77
75 42
87 58
68 74
45 33
49 58
88 48
63 84
28 7
78 91
64 100
54 63
36 63
82 60
60 45
82 3
51 56
100 53
89 94
73 29
86 69
66 82
76 85
35 86
3 55
50 57
20 64
98 32
95 54
30 38
86 40
90 51
83 66
72 67
44 96
13 27
14 34
82 59
24 81
46 52
16 24
31 76
60 90
44 72
30 69
89 35
75 15
50 56
70 5
1 57
1 13
42 34
40 36
25 71
30 58
4 86
81 11
29 27
36 37
62 42
78 29
12 77
25 60
39 61
26 88
64 40
32 78
67 77
72 84
39 98
52 35
100 9
33 97
80 81
27 88
67 59
37 9
15 75
54 72
70 22
97 16
27 84
58 94
84 94
73 32
17 48
77 100
76 37
80 35
47 50
16 5
39 67
37 17
53 8
31 24
61 76
31 51
33 51
50 83
93 6
42 70
77 21
74 81
53 70
82 22
74 36
69 85
95 28
17 7
94 66
97 19
56 87
6 11
40 43
27 42
25 45
34 77
96 74
98 70
87 44
50 93
81 26
43 41
77 7
96 47
54 56
52 70
57 95
42 19
99 35
34 60
62 73
39 9
74 65
27 44
62 26
89 38
46 51
96 20
67 11
45 23
20 35
69 100
80 20
35 1
95 91
6 95
76 60
18 77
53 26
87 89
60 59
29 48
95 44
1 75
37 58
39 100
53 65
51 99
45 98
15 87
31 93
29 39
83 90
12 57
49 97
78 35
92 99
64 23
57 35
49 67
58 79
58 55
94 51
60 19
42 14
37 12
85 86
28 49
34 52
12 83
16 51
27 49
41 47
19 47
50 64
90 41
92 28
21 62
29 52
67 46
14 32
70 7
23 68
10 87
18 62
30 54
22 68
88 17
42 89
33 4
71 50
36 37
9 62
50 8
50 93
32 35
47 72
36 35
82 94
87 98
68 11
45 60
35 51
28 39
34 48
54 100
72 51
27 60
31 21
61 82
94 62
38 39
94 47
72 65
19 7
48 61
11 76
37 98
84 91
81 8
37 14
84 16
95 25
72 62
15 92
27 38
1 29
6 19
74 41
16 38
30 100
50 81
4 22
17 29
34 80
68 61
70 29
72 36
7 8
52 41
88 80
82 80
31 88
49 93
20 28
84 68
42 36
1 54
59 76
57 72
100 60
94 57
100 32
55 52
28 80
19 96
25 93
72 85
48 29
98 44
55 100
78 21
4 42
65 68
92 81
52 10
13 7
21 2
100 56
64 20
95 97
28 73
19 91
41 81
22 27
11 9
57 4
53 91
39 3
37 85
6 36
13 83
34 19
78 46
80 65
42 57
60 24
3 28
54 75
33 18
37 6
84 4
1 49
62 59
27 90
84 7
18 53
88 17
85 81
5 47
9 76
39 94
84 27
23 25
56 65
55 74
33 99
30 91
74 59
52 39
41 34
20 59
93 12
50 87
19 70
99 32
71 99
46 12
50 33
36 37
30 54
92 55
23 65
52 28
56 79
79 39
91 9
43 36
51 88
6 86
15 31
50 71
89 60
23 18
42 74
43 20
49 71
71 48
13 81
43 34
13 79
16 64
41 6
14 41
84 50
27 42
94 16
77 82
89 85
58 78
49 44
83 32
61 5
91 58
100 34
76 80
40 91
22 7
91 4
82 51
84 29
72 82
23 5
82 46
33 43
10 32
15 47
62 10
65 22
2 41
42 14
67 20
87 56
46 72
94 48
23 39
51 17
35 16
65 75
11 75
41 78
19 3
30 71
15 54
42 6
25 62
26 47
35 8
98 97
3 44
83 80
73 96
12 25
11 6
26 86
60 3
34 6
6 92
26 76
43 93
7 58
19 23
21 93
48 29
50 13
33 46
81 16
12 38
49 54
12 2
21 18
7 1
76 100
23 80
12 85
84 85
11 71
62 36
73 96
40 7
77 70
88 79
22 96
50 45
25 13
6 47
14 2
95 72
16 78
9 29
22 42
78 100
96 4
15 87
16 76
21 17
81 9
23 70
11 2
27 2
99 12
26 73
46 88
69 4
53 64
1 60
48 68
1 29
68 17
9 70
29 70
26 76
100 46
47 6
36 4
70 38
36 58
81 99
40 41
68 69
43 28
54 35
52 89
83 3
23 89
5 95
98 10
38 7
97 9
81 98
90 100
54 13
21 91
93 10
43 89
81 39
81 9
27 74
82 88
44 43
19 53
95 78
8 83
64 100
100 29
23 69
50 77
8 20
69 88
24 71
32 78
61 26
53 59
36 94
21 23
60 99
5 53
23 89
20 51
80 46
36 14
34 65
16 42
1 9
35 53
83 17
31 48
32 65
30 44
60 73
36 62
1 74
14 10
14 20
64 51
20 32
45 3
29 10
98 10
75 10
95 88
100 43
16 1
86 97
75 25
70 40
80 6
70 100
95 84
100 26
38 34
49 71
88 37
2 38
30 76
74 100
30 42
32 88
58 85
6 86
48 41
2 54
89 8
40 90
14 1
7 84
9 57
11 25
23 41
4 2
60 33
49 2
24 78
85 36
63 90
66 68
89 12
29 16
94 7
22 91
14 15
46 60
81 39
31 89
56 94
18 24
97 83
87 37
90 75
100 21
38 24
65 73
29 67
98 46
42 60
15 53
21 75
47 62
87 1
57 97
95 63
84 48
96 56
15 26
79 3
95 17
47 65
9 39
42 80
99 51
95 40
77 17
100 33
56 33
42 29
61 91
53 28
74 35
8 30
1 45
16 24
74 67
66 11
85 34
51 26
70 38
74 37
8 79
3 38
44 57
83 97
29 31
55 79
21 95
9 51
18 39
72 11
28 73
53 44
52 28
26 52
37 39
67 43
4 43
73 78
8 53
37 36
10 15
19 77
89 79
54 48
12 7
28 27
1 100
9 2
11 88
46 100
12 3
50 77
8 33
75 65
85 11
52 14
98 73
29 2
100 925 93 21
21 22
26 39
85 83
72 10
98 60
79 38
47 36
37 17
37 25
87 70
9 21
59 40
58 75
39 4
44 60
86 83
11 36
64 9
92 88
13 31
29 85
73 66
29 45
78 52
63 7
49 67
54 45
26 67
82 79
5 72
25 88
83 66
24 34
25 40
61 38
36 92
83 70
58 80
40 93
70 50
56 67
80 89
51 14
72 86
93 51
23 44
80 32
81 70
58 79
93 86
56 68
14 85
16 3
45 1
31 59
45 42
30 64
65 38
55 82
15 40
12 7
45 49
28 66
66 59
56 13
80 88
65 97
15 84
34 75
63 40
33 39
13 37
88 67
29 78
99 59
72 71
71 100
6 7
52 41
55 44
7 13
21 1
81 45
1 85
86 13
69 95
67 54
19 66
53 55
2 11
2 4
98 60
25 83
88 95
14 53
62 30
43 24
96 73
18 3
89 84
3 11
54 51
25 37
20 70
22 42
7 38
86 13
78 80
25 31
19 58
33 57
85 71
4 99
28 53
18 55
35 89
65 80
74 42
43 54
55 39
75 55
41 26
9 83
45 48
2 32
41 100
71 92
11 58
30 2
2 48
23 42
72 63
74 78
100 57
28 43
51 89
73 46
16 32
19 95
2 39
46 19
45 88
100 42
69 28
4 47
34 30
11 80
27 21
76 26
37 93
3 85
35 7
58 88
94 54
14 43
13 65
9 52
57 96
87 79
69 21
62 84
41 84
60 83
24 11
43 27
58 82
28 31
19 12
15 92
67 68
54 72
76 47
57 8
65 29
43 74
30 28
58 53
11 66
59 74
60 32
29 83
58 63
85 42
78 91
4 86
19 41
64 13
4 16
25 46
89 41
44 82
21 49
19 75
100 29
46 43
63 10
57 4
18 71
55 78
3 66
43 62
42 13
99 48
98 47
64 75
6 94
84 61
66 25
62 18
14 48
86 92
35 18
94 83
83 5
46 22
25 81
20 94
26 13
73 2
26 78
72 19
94 44
79 61
62 71
91 30
75 71
4 62
52 77
47 93
47 96
74 57
69 70
23 82
64 2
55 45
95 87
99 70
4 81
38 14
80 44
74 85
41 6
1 21
65 91
70 12
85 86
59 16
63 49
66 5
15 48
39 73
96 50
15 85
88 90
72 64
50 9
80 65
6 43
91 80
51 38
19 98
55 5
77 22
22 89
12 96
98 73
53 77
79 25
28 74
37 62
96 13
84 2
6 22
49 19
15 9
50 13
40 38
80 50
36 56
23 46
18 17
76 85
85 16
30 16
66 16
13 60
23 2
17 65
19 68
43 11
44 7
8 1
46 30
52 25
51 13
40 89
73 78
34 3
6 93
5 59
31 20
80 60
27 30
43 44
32 24
28 15
44 88
96 51
7 84
49 43
6 27
93 43
94 53
56 35
44 25
84 11
96 52
20 45
92 60
30 40
87 43
36 46
48 68
5 70
57 71
64 43
21 67
35 23
93 3
8 73
51 81
57 50
41 47
55 31
8 100
35 9
10 50
93 76
53 1
75 27
1 98
43 61
64 49
45 78
32 62
48 55
38 7
94 68
79 36
73 49
95 59
63 35
28 70
83 61
66 30
47 45
77 26
24 16
30 6
57 9
25 9
21 39
53 72
6 34
72 70
60 37
84 1
21 35
10 74
9 77
4 37
75 77
25 66
40 76
40 44
70 58
14 76
1 16
55 17
33 29
35 69
34 38
57 43
98 29
82 84
4 45
91 76
41 47
85 28
66 91
10 61
7 75
93 64
18 83
15 49
50 48
35 80
68 92
62 9
35 44
36 91
8 64
88 21
88 76
11 10
34 49
90 92
12 24
27 15
88 23
53 38
78 64
30 95
49 56
21 86
57 95
39 10
60 88
51 68
69 49
34 57
15 11
82 93
81 56
15 30
38 9
25 53
4 50
14 63
90 91
54 83
48 30
60 95
45 12
9 62
19 28
76 77
13 100
87 17
26 97
14 18
14 94
10 20
68 73
92 59
28 4
23 63
7 68
3 40
37 59
9 97
39 12
49 22
6 43
6 90
15 65
67 96
60 62
36 35
94 1
5 66
71 74
18 91
64 2
64 68
63 10
48 5
23 26
86 27
71 92
82 8
87 49
6 72
6 21
82 55
6 51
48 33
17 45
38 47
21 18
41 8
64 34
28 41
8 38
63 50
63 91
59 84
46 20
65 92
26 58
49 83
58 44
53 37
26 19
39 20
16 4
57 99
74 5
93 94
29 78
92 46
8 58
22 13
45 3
69 67
44 10
40 68
62 85
69 4
19 57
8 57
87 89
47 56
46 84
14 15
24 10
53 72
84 22
35 98
56 44
17 29
62 29
21 42
73 24
51 6
42 3
79 76
44 76
86 32
75 94
18 93
82 31
11 36
29 97
37 32
44 62
82 83
92 20
61 78
68 86
52 82
30 18
98 58
68 55
91 31
14 82
70 80
27 1
28 69
79 60
99 41
61 63
23 74
75 66
69 42
32 100
81 37
21 60
73 74
78 52
50 21
18 32
50 18
65 35
4 65
35 72
14 19
50 1
67 6
75 69
41 53
71 21
97 53
20 35
28 91
60 40
92 6
84 9
14 27
76 39
80 71
58 2
67 94
43 4
88 13
92 14
9 2
28 35
31 87
70 77
95 22
68 26
39 92
32 6
16 6
96 42
44 28
72 69
65 89
80 28
26 71
78 74
42 84
30 83
22 23
59 88
18 56
56 57
51 58
30 32
48 93
70 7
6 79
9 66
19 59
94 35
18 26
22 40
14 29
60 95
88 39
23 91
1 41
72 17
39 76
42 48
87 42
39 65
39 65
2 82
6 58
53 56
55 62
35 8
89 56
96 5
26 46
23 8
86 93
69 57
10 82
70 88
99 40
65 41
56 84
81 47
93 18
14 89
67 88
64 53
67 19
32 92
75 86
52 75
71 72
52 61
70 3
43 74
22 93
75 80
39 90
29 14
92 78
7 29
77 80
29 8
65 19
2 48
87 40
62 14
51 80
6 44
96 43
88 8
71 13
86 20
41 78
57 31
41 74
85 7
53 64
52 11
84 64
94 61
96 17
27 37
89 35
33 26
64 44
100 2
71 35
28 19
5 16
27 76
53 99
63 9
43 82
13 94
5 75
12 43
40 49
19 92
61 87
58 39
86 1
44 81
19 75
76 29
56 94
38 96
43 42
76 42
74 1
89 62
46 25
2 5
64 55
76 100
73 97
15 28
30 87
88 27
75 94
80 28
85 90
46 85
10 74
72 15
80 97
65 86
18 75
59 98
79 8
42 92
39 57
89 40
63 83
83 44
79 11
58 49
44 22
37 21
10 49
87 32
26 52
91 52
85 53
63 36
60 67
66 57
69 100
28 47
8 86
81 98
42 81
91 60
46 53
96 78
88 24
16 33
4 53
37 57
59 12
28 11
66 89
47 32
95 51
83 46
49 63
15 3
12 75
97 1
99 1
93 84
43 94
22 84
19 90
16 50
4 11
61 58
77 73
14 95
24 92
48 95
89 10
4 61
60 67
34 37
30 37
25 87
87 32
48 89
13 98
54 78
40 68
47 69
54 90
99 4
40 1
44 47
18 48
86 69
74 65
22 92
8 41
92 16
66 22
54 73
40 66
24 16
60 48
97 68
59 86
61 85
14 74
81 25
75 77
34 48
10 37
81 20
59 21
73 68
95 47
49 78
83 14
62 48
84 37
60 89
86 42
30 62
19 27
10 9
19 58
72 99
34 11
7 89
60 1
2 58
89 8
62 29
76 69
4 45
97 89
91 28
31 77
24 28
66 8
8 19
54 12
24 89
51 69
44 15
99 93
81 43
42 88
60 84
38 64
92 40
37 74
67 30
87 22
64 21
72 74
36 58
21 83
94 15
93 17
39 60
64 42
84 26
14 10
81 59
48 77
14 39
28 6
5 31
87 60
47 78
23 74
26 37
23 41
56 92
12 19
49 98
70 25
80 44
15 94
60 8
56 50
20 98
57 42
74 97
68 81
57 87
43 58
44 56
100 59
8 96
53 60
33 64
2 47
91 19
73 26
40 81
42 22
40 76
57 85
5 98
90 94
87 18
34 25
54 90
4 67
34 63
76 18
80 60
49 39
10 23
50 31
32 85
67 76
1 97
52 93
18 86
16 95
100 649 21 57
77 94
7 21
73 79
39 70
32 84
16 74
81 15
30 73
38 100
7 67
3 58
100 5
24 16
63 2
53 6
47 42
63 58
7 75
56 31
46 63
34 53
31 20
84 56
86 28
71 9
81 56
55 45
47 83
41 3
63 74
86 32
5 60
61 89
39 29
33 22
97 74
45 13
70 57
11 2
23 61
58 79
91 35
41 94
89 54
94 52
96 76
7 6
48 40
5 44
25 9
67 13
1 4
85 15
19 28
11 32
19 97
51 44
52 82
99 3
89 12
38 77
64 83
28 24
70 53
51 67
81 34
65 83
10 53
80 70
58 85
10 94
9 7
59 58
76 12
21 67
97 83
96 22
6 23
38 3
36 15
98 13
92 70
27 65
85 17
83 1
84 37
72 36
29 88
78 86
24 80
87 91
37 32
3 17
32 82
15 63
94 50
73 95
9 26
87 96
32 24
25 68
69 6
49 96
81 47
36 76
9 58
86 81
49 31
10 29
39 65
77 50
58 70
7 60
18 75
78 54
85 95
7 45
82 21
99 87
96 77
64 60
55 21
8 75
89 2
31 95
7 54
25 30
22 40
33 4
22 40
48 86
32 19
77 94
86 27
87 45
88 46
41 22
17 87
34 97
73 7
36 99
87 52
49 17
66 15
61 86
12 37
26 94
70 68
69 82
56 2
25 67
85 5
9 81
44 9
52 7
48 2
46 41
39 54
45 91
21 76
26 52
50 99
27 10
73 95
65 71
50 13
26 13
88 56
32 5
9 43
43 82
2 29
80 91
29 64
5 28
89 19
56 13
5 46
91 35
16 92
17 51
31 36
9 46
9 4
60 36
15 43
64 17
59 56
25 7
92 45
92 71
18 64
2 68
49 59
99 31
70 43
44 97
59 84
73 57
23 72
29 9
9 53
8 78
72 20
54 92
81 12
35 81
37 27
90 19
56 51
70 14
27 1
56 3
95 4
72 14
48 18
31 40
38 63
100 33
45 75
12 8
14 89
28 93
53 21
80 13
34 72
43 42
70 24
75 16
24 59
21 1
91 47
55 79
56 76
16 10
92 3
40 85
30 62
5 41
74 26
11 57
52 28
72 95
9 86
31 52
45 53
80 9
10 44
52 25
66 22
6 40
2 35
56 24
21 81
20 80
82 65
20 36
34 1
78 89
22 88
56 53
45 81
1 76
98 35
51 69
60 77
53 42
5 97
3 69
64 22
43 83
34 36
15 14
70 88
54 33
29 96
36 81
72 88
31 43
47 13
43 28
22 97
50 56
42 63
87 9
11 50
87 80
79 19
71 46
44 41
81 73
60 57
94 46
1 46
15 67
44 95
35 19
98 34
53 19
11 9
28 61
83 75
97 33
99 53
33 25
60 67
87 98
100 80
1 18
28 60
20 86
16 14
83 40
2 35
10 94
63 57
33 30
50 66
78 87
55 79
55 19
15 40
70 5
92 36
80 40
61 5
25 86
56 52
7 54
63 59
40 25
52 55
31 61
74 47
15 72
86 13
28 74
17 83
78 38
54 15
54 15
5 45
41 8
10 48
37 68
52 60
52 19
31 73
1 47
51 15
18 14
33 26
88 18
12 24
37 67
48 18
56 75
53 83
67 45
77 80
35 77
37 3
6 61
20 92
17 50
19 46
8 26
5 61
19 22
93 26
37 16
14 61
9 89
90 9
14 1
87 26
59 15
58 35
82 18
41 30
88 87
20 91
56 35
30 78
66 9
86 58
82 65
84 12
13 16
24 8
43 80
93 87
13 73
96 68
32 39
91 89
71 29
93 75
12 51
59 75
50 72
69 13
57 54
18 89
85 65
73 75
36 83
51 100
97 56
40 26
67 86
53 96
76 6
28 81
33 8
94 52
93 44
98 8
60 55
71 100
84 15
72 45
24 94
25 24
61 39
96 38
54 35
77 58
38 80
72 81
12 65
77 80
43 86
51 38
66 4
21 47
47 57
20 100
34 64
71 91
71 25
45 98
49 100
82 32
14 71
21 29
25 77
92 57
52 100
22 59
23 19
79 88
100 16
25 77
15 21
23 48
20 30
20 87
16 61
11 74
32 94
17 68
50 100
6 64
19 25
14 100
45 40
9 33
21 32
30 44
80 95
49 58
100 77
71 21
14 33
44 13
64 27
57 32
96 92
26 82
69 14
44 76
99 6
70 87
66 6
26 99
100 36
62 36
70 40
51 59
20 65
78 25
98 18
56 11
75 95
52 69
53 66
14 17
99 6
62 83
52 36
96 56
17 66
87 61
40 54
85 12
40 70
66 32
73 49
14 89
28 1
58 5
27 75
90 18
66 74
35 55
39 28
8 30
51 52
62 68
35 94
67 1
54 5
14 99
35 20
69 21
51 84
14 44
19 24
28 19
35 51
36 60
29 18
29 11
90 96
10 40
44 27
81 87
66 94
8 87
43 7
2 65
55 92
51 48
80 16
48 63
80 52
26 53
95 81
6 48
4 47
51 29
6 67
70 75
18 88
32 96
31 55
91 42
72 6
97 65
61 67
85 1
38 88
17 30
27 54
35 29
89 53
17 92
36 29
54 53
62 94
28 76
81 77
45 9
32 24
95 97
85 99
80 22
55 36
5 93
4 36
13 23
100 28
27 13
68 25
24 40
73 64
97 36
86 17
73 32
35 11
56 74
36 87
87 6
99 44
32 90
20 53
93 54
38 34
12 42
69 75
27 50
18 89
21 81
49 12
79 25
40 44
48 70
36 32
19 1
15 94
82 27
17 95
41 85
9 41
96 50
71 20
89 69
31 71
87 77
73 10
8 45
34 12
91 33
23 97
56 48
22 44
35 84
39 93
100 72
81 80
80 82
69 66
78 93
96 36
99 64
55 69
7 47
17 86
43 52
21 66
5 32
36 37
94 95
44 25
15 11
59 43
62 83
98 75
100 933 46 32
54 95
74 47
3 90
7 23
44 81
5 8
37 49
98 66
43 22
88 98
37 92
58 28
12 75
53 29
11 21
53 49
67 31
54 41
59 33
59 56
79 91
76 17
84 50
43 65
76 99
7 51
33 56
81 53
42 3
37 98
63 68
73 19
35 68
42 68
59 67
31 92
83 27
2 74
6 46
87 82
89 90
3 74
26 95
1 31
77 51
32 28
40 71
34 78
36 32
14 73
49 16
33 86
90 87
38 78
32 27
6 47
13 4
71 88
92 23
34 28
77 95
24 67
14 22
46 52
74 34
84 36
42 57
15 9
73 91
61 18
30 62
50 58
8 81
47 15
82 51
61 62
28 69
73 63
28 2
18 97
76 6
87 61
81 93
50 21
86 98
37 12
51 88
96 55
69 34
12 77
50 22
28 26
39 91
81 29
24 90
66 87
97 31
47 56
53 56
68 43
75 48
93 18
24 53
62 50
14 59
27 69
65 28
69 76
9 22
51 47
26 11
23 51
61 63
87 19
43 37
86 42
65 47
4 98
47 16
44 87
2 89
64 19
47 65
88 96
51 21
99 51
94 51
73 85
20 44
9 36
73 92
38 36
49 87
74 31
46 5
3 26
42 53
8 53
18 81
91 34
88 47
24 37
25 68
51 80
77 18
56 57
77 18
30 41
91 42
69 41
99 6
24 91
70 2
26 67
11 16
26 70
71 72
38 10
77 83
1 54
32 36
11 57
66 51
7 49
99 93
42 16
97 44
84 92
86 25
76 100
54 34
7 6
23 54
9 5
11 59
82 1
96 35
58 64
26 98
1 59
95 93
83 57
79 17
58 39
17 37
61 5
84 52
96 69
27 14
44 16
11 97
73 12
78 42
68 30
50 76
6 9
64 8
8 85
74 8
70 29
45 72
44 98
65 85
57 37
4 60
82 1
43 100
49 8
73 65
57 17
46 43
79 94
64 41
91 72
2 63
89 14
23 83
91 87
38 87
65 69
45 33
53 6
99 52
72 87
81 59
88 76
91 17
46 57
74 23
44 40
64 50
3 10
45 74
96 31
66 100
36 99
69 63
100 82
13 97
6 83
100 25
81 15
39 94
43 7
26 43
89 92
24 53
87 56
46 19
48 64
5 47
78 11
50 28
13 18
67 5
7 16
3 39
18 51
61 95
25 18
58 5
28 21
57 10
7 47
80 33
30 72
6 3
84 75
82 84
77 18
15 46
37 61
22 77
93 16
89 75
87 1
72 57
47 34
42 15
89 26
8 44
91 43
48 30
49 27
3 24
8 47
64 76
24 92
1 81
43 33
39 18
80 45
15 89
16 45
49 50
63 60
11 67
1 24
67 17
71 46
44 61
68 90
35 96
86 49
16 48
91 88
38 20
66 75
39 23
60 70
29 69
47 15
20 47
35 17
53 28
26 40
54 12
27 84
67 68
67 76
82 76
11 58
75 18
7 21
42 10
25 100
23 31
27 87
10 99
53 100
8 22
4 69
74 46
66 80
54 68
51 78
63 25
83 19
17 31
72 100
21 97
6 77
77 64
57 78
50 29
64 39
13 23
46 71
7 31
75 69
2 33
27 64
11 56
48 12
45 43
97 33
66 49
63 91
76 94
90 78
91 17
19 85
63 7
48 96
13 94
86 62
2 64
98 34
80 78
36 88
58 13
70 16
65 64
16 44
49 83
61 28
99 14
45 89
86 53
38 72
51 27
73 9
4 8
84 30
62 3
18 96
54 82
62 30
76 19
20 98
89 65
10 99
84 8
28 50
86 78
3 39
13 18
93 40
79 15
11 2
65 39
99 64
8 91
22 98
28 6
66 75
96 79
31 95
56 59
41 30
34 70
89 96
49 1
60 96
65 23
4 55
9 82
96 41
6 70
15 30
74 30
93 89
88 16
30 51
90 20
78 50
78 18
6 51
70 82
57 56
44 22
73 99
53 4
4 19
36 25
87 7
75 54
29 31
67 64
21 55
61 22
4 24
55 25
98 19
69 66
83 40
86 56
88 7
54 71
56 52
18 77
74 97
41 28
86 9
23 100
55 68
38 79
47 20
85 80
15 87
1 11
46 20
73 61
32 25
74 83
38 32
17 100
96 46
40 14
30 42
98 29
91 32
35 66
76 98
44 85
5 18
55 61
40 50
95 28
90 73
70 38
98 1
29 19
14 98
48 24
58 75
97 18
83 95
51 60
11 36
92 61
13 56
69 8
68 51
85 17
55 82
77 60
99 36
96 45
41 45
70 20
65 74
45 13
13 16
7 54
91 71
37 21
86 77
58 14
64 94
78 4
91 27
63 85
11 54
6 14
78 86
68 94
44 45
85 17
50 84
94 98
51 46
66 52
55 17
55 25
80 71
39 88
11 44
73 23
86 66
44 99
6 29
27 63
79 68
75 97
86 97
11 63
11 79
90 48
15 54
32 74
59 96
93 94
16 25
60 13
19 41
8 9
10 44
95 4
97 47
79 54
94 50
57 26
50 2
67 65
86 91
96 65
24 13
74 85
16 86
52 91
39 47
65 39
29 89
25 54
40 12
48 9
52 27
75 23
14 58
39 26
83 71
23 31
48 5
1 97
76 21
23 63
75 28
4 53
37 78
62 93
29 11
72 41
47 21
85 75
50 74
56 88
11 51
96 56
58 14
21 9
29 89
58 18
69 56
17 100
42 31
17 1
14 13
48 69
53 100
14 60
6 26
69 68
95 70
50 87
51 19
63 47
63 38
82 64
37 3
38 20
68 75
96 64
14 85
98 20
1 73
13 60
67 66
1 69
45 66
40 12
59 3
5 79
41 19
19 78
16 20
98 69
28 25
15 74
84 73
8 80
89 9
64 24
6 41
50 81
25 52
44 43
95 79
97 79
64 43
65 21
62 95
65 29
97 95
99 76
100 26
29 16
94 60
34 46
36 92
51 98
6 15
62 49
54 49
28 81
48 89
36 19
22 80
54 67
91 90
77 62
36 54
70 1
84 87
52 84
96 72
38 43
54 31
35 8
95 23
97 80
71 43
28 31
31 91
58 46
34 79
61 50
77 57
6 57
4 10
98 52
1 29
89 13
24 66
52 44
56 3
70 62
70 12
25 14
64 3
53 32
52 34
61 78
39 20
97 73
63 54
63 79
35 38
96 19
90 78
34 54
6 57
79 10
82 78
99 39
29 21
76 2
75 38
65 23
75 39
31 38
45 12
56 34
36 74
72 35
53 41
26 27
24 76
85 97
86 64
5 32
18 62
17 95
72 6
78 45
67 26
78 100
3 47
12 77
35 74
61 36
31 91
77 85
100 75
89 30
56 79
4 96
49 10
4 12
11 100
63 4
66 94
16 67
24 48
55 49
47 83
12 31
88 45
92 47
12 100
79 59
33 62
86 20
54 86
51 70
76 49
27 88
64 8
34 8
70 94
58 72
98 84
89 91
58 64
49 53
98 47
34 57
69 45
21 58
44 32
28 34
19 47
74 60
80 84
97 46
29 7
98 3
58 15
48 68
8 42
87 59
6 80
20 16
94 99
28 86
19 85
97 24
16 44
93 67
16 32
62 30
12 47
39 17
35 49
21 14
59 8
35 49
32 91
20 78
14 95
83 1
55 69
67 21
89 5
79 76
68 59
67 1
9 72
35 95
24 18
48 85
89 50
24 22
58 5
48 87
5 58
27 59
4 65
93 47
40 34
17 3
95 42
23 21
63 61
54 18
22 24
41 40
7 11
31 89
2 12
56 38
60 34
12 59
11 91
62 9
11 67
68 30
59 70
93 35
16 28
57 13
1 85
76 49
44 88
89 51
50 35
19 100
71 14
23 96
50 10
35 44
11 44
87 17
15 36
20 54
23 55
50 11
74 46
58 3
84 86
87 96
1 98
77 19
81 67
72 36
42 66
46 23
61 29
82 95
80 87
17 69
22 30
47 35
62 23
42 54
51 71
39 24
64 15
94 70
61 53
33 73
88 63
3 67
86 76
89 12
17 14
55 98
29 25
3 15
75 56
60 5
38 55
63 31
57 55
27 52
45 87
76 72
95 46
95 55
30 46
32 49
15 88
70 44
69 8
81 42
65 56
72 56
47 72
50 28
59 30
83 94
13 55
35 42
69 37
76 3
7 65
67 44
2 45
48 37
15 44
91 3
55 52
33 9
87 2
52 12
14 18
20 62
16 13
45 27
78 5
6 58
1 82
41 88
100 861 32 11
100 31
28 64
67 18
26 1
35 45
35 99
30 98
68 81
37 94
51 5
57 32
46 79
9 40
100 33
46 24
88 83
9 51
29 92
11 48
25 91
32 44
36 37
20 37
24 19
54 95
80 59
10 34
82 67
52 48
54 7
69 25
74 15
21 32
94 72
70 20
47 24
97 32
47 15
49 99
63 12
93 44
80 52
97 79
18 86
59 80
52 5
23 5
62 28
40 16
12 69
57 71
41 53
13 12
56 76
43 63
82 39
54 4
3 94
79 53
38 61
87 5
48 58
73 14
53 12
87 3
92 15
28 38
37 51
35 43
68 35
28 62
39 22
98 78
21 72
13 8
49 84
78 32
34 52
80 4
36 20
7 75
78 74
93 99
10 72
30 10
38 89
72 36
50 3
55 35
15 76
67 88
48 75
63 31
59 68
33 10
52 7
43 46
36 88
67 16
63 5
44 97
7 90
98 49
1 61
72 61
88 70
81 20
67 60
65 33
4 51
1 10
100 42
63 73
85 21
72 22
44 46
80 73
90 30
86 99
59 14
25 97
69 16
56 11
37 84
89 72
25 79
16 2
60 66
99 25
56 59
95 70
26 80
3 2
10 45
37 28
57 42
2 26
27 90
89 81
74 58
50 13
85 4
68 10
49 30
90 27
66 60
58 62
92 60
92 3
16 39
30 75
6 75
47 56
42 90
68 54
40 100
49 72
87 78
32 92
32 68
97 14
84 22
75 57
25 47
68 94
15 82
98 92
25 4
31 96
85 55
38 81
80 33
1 95
16 19
17 80
25 46
37 92
84 83
29 12
7 42
66 59
34 17
60 16
76 83
7 9
88 70
52 95
12 55
8 99
98 21
39 13
35 99
77 32
40 3
70 91
1 38
1 6
78 68
6 37
12 43
92 3
47 40
79 47
56 31
23 35
50 100
45 38
5 78
97 41
13 35
17 55
91 7
86 66
83 69
94 81
61 97
8 40
70 55
11 75
13 81
1 31
95 35
37 59
38 100
16 77
64 55
43 37
53 32
66 11
37 9
19 98
20 56
75 64
72 27
20 71
68 27
90 47
13 79
79 13
33 78
75 7
32 50
91 28
80 47
2 21
5 35
22 1
4 52
20 64
68 95
93 80
44 51
43 57
41 33
90 2
76 40
82 38
96 1
8 38
92 76
38 85
13 18
51 83
27 56
74 75
3 40
16 19
81 5
46 29
73 3
79 84
35 17
82 64
87 50
8 75
31 33
20 57
93 52
15 69
85 63
79 38
43 53
6 53
99 13
65 13
93 92
40 77
81 84
50 53
5 57
89 15
88 51
36 37
32 54
13 66
18 35
65 89
27 8
10 1
34 77
79 37
53 51
62 93
22 1
18 54
71 42
47 62
28 58
99 40
4 55
89 65
49 43
21 20
67 74
50 84
44 100
63 8
100 94
64 3
88 64
5 79
74 21
32 75
96 71
91 59
29 70
71 52
21 5
86 9
34 37
27 63
21 53
85 48
47 55
97 38
73 67
14 42
48 37
95 100
74 58
41 64
41 16
90 61
36 52
13 87
77 94
23 51
20 27
54 13
53 9
30 96
91 22
76 75
21 49
73 82
15 40
81 37
88 1
59 83
78 50
19 43
12 93
30 11
63 6
61 54
99 82
75 91
28 84
26 67
86 12
42 78
61 6
20 86
58 18
81 47
46 50
39 68
85 41
64 67
86 34
23 53
28 32
49 21
20 91
3 26
5 67
2 36
27 59
93 34
7 8
37 75
96 38
56 44
81 35
10 8
8 28
67 31
24 71
53 48
83 6
40 46
44 68
97 53
67 41
17 27
73 74
32 29
35 88
81 51
98 85
88 58
56 11
53 87
31 59
41 59
57 74
34 14
89 45
47 65
82 61
21 64
13 45
96 64
28 18
31 24
19 65
18 13
95 79
43 38
22 43
75 63
28 90
50 37
70 44
85 20
52 33
72 20
26 99
10 3
70 71
49 53
13 72
99 25
58 62
21 30
47 40
65 46
35 24
61 50
100 5
32 23
5 86
81 47
66 46
68 30
47 98
69 6
32 70
36 76
60 74
8 23
69 86
97 28
10 61
64 76
54 96
39 97
51 9
19 17
14 98
42 5
42 17
38 36
47 66
66 14
2 78
6 10
87 64
22 59
90 39
2 9
99 88
51 68
29 49
66 59
25 21
63 100
88 14
22 27
60 27
32 53
26 34
60 64
90 72
93 48
67 54
73 53
15 69
80 97
80 24
83 97
99 41
45 83
34 100
61 40
28 21
44 25
85 69
55 22
64 16
41 82
59 4
15 21
12 7
47 22
95 69
13 72
8 52
64 10
93 68
74 41
52 11
46 54
93 36
77 63
5 10
78 6
12 98
34 30
29 30
21 1
47 25
62 14
19 92
12 40
45 74
40 60
9 86
69 30
1 100
51 23
43 13
89 87
76 64
58 43
42 60
10 88
46 53
76 74
47 94
33 23
9 53
86 99
57 94
66 95
88 29
9 79
33 44
66 100
44 13
71 74
77 61
36 6
60 45
93 85
76 86
46 90
82 48
38 76
94 2
25 75
40 20
67 72
53 56
88 70
12 11
96 39
77 91
84 47
33 19
72 25
98 79
46 76
87 16
62 34
16 69
68 61
39 47
85 61
11 64
52 46
54 5
30 20
24 66
28 73
80 39
75 100
63 19
86 98
89 10
2 20
83 11
58 25
21 55
80 16
92 48
90 22
55 40
27 5
90 51
25 79
81 94
4 93
18 85
92 9
40 4
12 55
73 89
77 46
4 22
85 86
56 4
19 72
12 56
79 66
41 8
80 39
50 27
27 14
40 47
22 5
60 74
8 23
9 46
81 18
49 70
11 96
43 95
22 76
14 1
58 24
42 16
40 14
81 76
25 24
16 93
39 25
67 4
24 59
19 56
10 2
79 20
93 39
89 46
43 32
21 1
95 60
78 38
82 5
17 83
41 14
43 94
16 31
44 73
21 93
38 68
30 56
3 63
70 92
25 9
54 29
60 25
21 49
60 47
72 52
99 13
63 6
8 77
100 63
8 94
98 7
37 4
58 46
46 25
27 97
50 37
31 20
69 28
37 46
72 39
80 2
25 100
13 23
5 22
89 34
15 71
30 44
5 50
64 57
66 100
31 74
53 14
100 67
33 11
47 79
52 61
20 92
35 78
98 13
43 70
96 86
21 65
43 21
16 95
9 6
50 22
43 94
41 40
28 29
79 100
60 21
63 70
67 98
37 34
30 75
4 94
87 28
37 45
28 67
87 56
54 58
74 59
31 14
45 15
76 45
94 17
87 23
78 91
19 90
27 39
99 36
88 62
36 41
20 100
98 25
95 82
21 78
6 68
80 86
73 88
54 24
92 17
18 74
83 35
45 73
43 15
99 39
46 88
9 3
7 82
42 74
9 29
76 54
93 1
32 9
40 76
29 21
76 41
88 14
39 20
30 8
47 43
12 25
8 89
35 65
45 56
98 24
50 68
55 92
78 14
5 67
92 68
81 41
26 7
73 9
77 28
95 44
11 5
32 54
58 19
33 17
15 38
85 41
94 11
33 21
20 43
43 16
6 54
82 94
51 57
89 92
44 26
53 6
10 70
64 4
3 19
74 53
64 62
11 85
22 6
33 28
56 27
36 29
44 31
17 79
30 21
44 1
99 60
32 20
38 68
44 70
77 7
78 43
20 4
51 35
90 87
81 14
98 51
90 50
100 4
77 3
81 66
85 7
2 17
42 72
68 79
90 52
56 40
55 22
33 94
46 17
70 83
33 67
46 18
52 31
54 16
25 90
52 13
29 20
92 98
49 15
95 33
68 29
49 54
21 33
23 95
8 25
96 87
97 94
54 57
7 6
100 937 2 34
24 85
66 48
14 5
26 4
63 60
29 67
100 36
84 86
18 33
22 8
37 42
4 93
33 37
44 53
17 83
26 70
97 54
25 22
94 41
94 89
80 52
32 1
27 15
21 96
76 71
21 63
29 17
35 66
96 62
64 29
18 16
25 18
60 13
3 83
41 11
96 24
55 53
48 46
13 74
93 84
36 42
5 48
35 1
70 76
83 39
83 77
94 73
39 62
2 55
74 10
56 81
46 9
57 88
11 27
76 99
6 53
43 28
35 58
77 36
56 37
6 62
93 64
21 25
32 91
85 93
20 10
44 35
97 62
44 22
45 23
33 68
43 40
60 39
52 79
25 16
94 80
62 69
39 57
38 41
87 93
87 49
16 57
21 14
96 27
11 95
8 91
72 90
33 56
66 53
34 19
62 16
91 25
56 76
16 15
20 49
68 27
59 81
58 81
41 22
68 77
94 72
42 67
94 90
57 36
22 55
54 17
46 77
71 89
40 16
15 72
68 32
16 44
72 53
1 73
38 34
10 91
3 24
44 5
70 83
10 99
41 35
85 89
27 82
6 56
15 13
94 49
43 88
74 18
19 51
36 72
29 1
86 70
17 5
98 70
68 90
48 79
50 19
23 98
31 4
57 73
38 37
99 59
38 40
57 22
79 57
10 31
50 95
69 56
7 59
49 55
55 84
19 2
98 57
12 86
61 96
6 30
54 47
16 59
44 68
81 41
84 87
9 49
22 93
77 8
89 86
74 2
88 33
100 75
91 70
92 8
87 11
6 91
25 78
67 59
76 70
97 21
96 66
51 54
94 44
56 34
35 79
5 56
21 55
33 43
100 61
14 94
4 85
37 56
2 75
86 29
41 77
11 35
91 31
46 91
4 1
76 83
38 45
88 15
55 2
42 16
61 5
82 88
25 15
3 7
11 2
23 30
99 78
93 79
16 84
46 22
90 58
23 33
78 88
96 55
21 97
60 31
20 55
63 17
17 93
34 1
50 38
98 60
11 70
1 48
49 88
85 59
21 53
67 26
23 8
20 87
44 69
28 52
8 64
35 75
69 89
45 77
63 49
63 94
29 73
89 90
68 64
11 72
51 32
33 35
90 40
40 15
91 79
24 85
17 61
76 71
38 21
30 88
96 76
63 9
40 35
74 48
84 80
84 62
81 12
31 47
65 40
32 77
94 13
85 45
49 50
84 87
37 2
6 40
10 27
89 10
92 5
38 59
44 33
51 88
38 75
31 71
81 80
73 63
84 79
79 91
26 52
73 91
26 6
81 95
26 9
61 8
32 71
46 43
76 3
17 97
18 52
25 73
38 28
69 92
39 75
66 33
100 71
53 11
35 89
99 79
42 49
64 85
2 31
99 39
86 14
67 92
94 82
80 29
41 29
2 23
9 49
43 8
74 52
45 95
38 79
11 79
66 60
37 44
41 5
85 56
94 69
44 64
47 70
64 62
59 87
35 34
97 65
2 29
93 19
38 22
81 37
26 12
20 56
42 26
31 13
62 51
6 75
42 15
8 99
50 53
16 75
39 32
30 94
98 13
70 4
1 18
65 14
49 46
64 11
54 77
77 22
31 85
84 92
39 89
72 62
57 53
80 65
34 65
94 2
94 54
14 10
60 96
73 75
43 80
40 39
82 5
21 11
65 78
19 46
87 32
64 15
12 68
71 28
24 47
16 99
14 6
32 51
51 90
45 19
72 18
81 55
79 72
14 91
87 37
94 17
21 46
39 15
28 57
58 44
71 98
11 43
51 68
19 18
46 58
11 52
7 65
21 50
35 24
62 80
63 2
94 18
46 97
10 63
13 88
74 30
45 61
28 68
5 20
60 37
33 29
90 82
72 93
81 88
26 16
45 94
78 25
87 61
46 79
4 18
6 97
73 19
85 67
31 6
58 24
14 54
7 98
40 18
44 87
89 77
35 17
18 56
49 29
34 73
66 6
27 98
46 99
52 53
56 93
5 57
98 7
38 80
48 28
4 84
95 28
67 86
62 81
100 72
16 17
88 78
96 34
3 26
47 4
65 63
29 88
60 41
80 95
12 93
66 23
1 45
69 32
69 12
53 44
95 57
63 91
15 44
33 78
52 21
93 40
88 3
70 44
89 54
39 33
37 79
75 55
54 45
24 20
87 93
26 10
17 35
36 83
71 33
57 27
71 1
10 55
25 66
88 11
10 98
15 100
70 43
73 66
10 16
46 4
63 90
43 54
43 53
61 7
74 29
92 22
50 1
55 99
58 54
83 49
86 8
76 11
34 78
98 65
66 2
18 82
38 90
49 2
34 4
15 18
73 49
28 97
1 18
5 65
6 84
57 87
49 70
68 70
37 11
4 53
68 6
20 12
13 4
97 87
81 55
97 19
61 35
66 99
22 58
40 43
62 50
59 84
18 13
94 4
38 94
64 55
65 13
69 1
17 22
51 67
7 86
52 57
20 25
47 68
3 1
1 53
1 4
6 86
5 11
84 70
42 97
63 92
9 100
13 32
7 27
26 94
47 85
32 47
21 70
38 100
1 89
37 68
43 69
40 38
95 31
86 11
20 25
70 79
76 27
12 36
67 68
25 29
11 38
48 26
36 55
83 59
90 70
49 54
78 45
98 54
21 19
38 56
5 32
84 21
48 43
41 78
15 37
58 96
44 71
72 12
5 10
40 79
8 30
35 98
90 91
35 100
2 38
33 7
17 47
32 45
23 85
97 74
19 5
70 97
50 98
24 38
91 66
48 40
61 57
43 21
50 38
93 99
92 61
67 88
45 90
3 46
49 25
10 12
4 34
60 61
68 11
51 54
38 41
10 89
82 75
18 28
12 50
47 92
87 55
80 76
4 54
96 45
32 14
28 50
3 32
67 75
13 30
77 50
51 71
72 88
47 48
10 79
23 15
26 19
5 3
24 20
1 100
52 63
6 26
47 92
23 61
61 25
49 11
68 45
65 57
40 92
99 84
94 66
30 58
10 64
43 20
62 28
38 99
89 72
41 86
2 87
60 54
5 44
72 62
37 3
46 86
72 63
37 36
9 28
4 61
64 12
91 22
30 16
3 84
85 17
41 76
55 71
85 61
12 61
32 76
86 49
24 100
78 77
60 62
35 12
97 69
68 75
84 12
50 52
100 9
49 66
21 64
31 92
56 27
25 78
6 59
40 90
96 66
81 97
27 77
8 85
35 19
48 77
21 65
3 25
67 8
73 41
43 89
83 64
92 94
32 73
93 97
89 65
10 42
77 79
18 61
31 56
19 76
69 8
47 68
73 33
13 81
10 13
98 34
7 13
32 42
78 6
62 81
82 59
74 61
82 36
99 33
45 66
12 7
14 75
53 62
26 53
28 38
16 67
99 35
61 64
37 22
54 64
42 34
66 35
79 85
83 68
43 10
41 17
18 52
56 80
71 31
74 44
53 51
49 90
14 56
40 81
57 7
20 94
22 38
34 60
46 23
16 66
66 38
53 20
49 88
16 22
56 59
47 4
10 22
43 34
86 23
25 11
45 19
66 1
76 54
48 74
99 61
79 82
3 65
56 67
90 84
67 78
94 46
15 62
17 76
63 12
35 74
14 33
29 36
36 49
20 44
100 50
44 41
34 55
94 96
60 35
13 83
67 98
90 14
72 58
49 88
20 84
48 30
43 7
27 19
43 41
20 45
72 59
93 50
26 68
54 52
35 16
96 56
38 26
25 63
2 96
78 13
43 59
43 16
91 77
80 81
34 85
53 20
75 11
78 69
4 32
1 60
12 24
21 95
7 78
56 80
30 4
18 51
72 88
54 27
14 100
58 59
23 72
97 5
94 4
38 22
80 8
30 69
79 69
21 64
78 75
45 52
81 54
92 39
79 62
15 10
93 21
16 35
54 13
26 28
96 11
55 24
9 60
7 92
25 85
75 76
6 10
100 34
91 28
79 17
62 21
30 88
88 6
18 70
45 91
64 82
6 86
10 35
35 65
7 90
92 46
38 43
92 81
45 95
100 88
51 30
35 66
43 68
65 45
41 77
17 46
93 23
81 25
19 100
90 59
73 60
90 37
79 61
64 47
66 70
19 43
95 46
3 94
44 3
84 44
98 46
82 30
36 20
56 88
80 66
34 48
82 80
50 9
55 97
40 86
13 77
41 21
15 10
52 70
39 91
2 76
83 24
76 46
86 47
2 43
74 87
87 34
55 12
3 58
17 97
9 22
54 90
34 93
31 65
