20
33 64 1 33
1 3
1 17
2 27
2 31
3 8
3 8
4 6
4 19
5 8
5 21
6 28
6 17
7 28
7 19
8 12
8 28
9 12
9 31
10 12
10 18
11 13
11 27
12 21
12 27
13 31
13 28
14 23
14 23
15 26
15 27
16 32
16 31
17 22
17 25
18 31
18 21
19 23
19 32
20 28
20 32
21 31
21 31
22 23
22 23
23 28
23 27
24 29
24 29
25 29
25 28
26 29
26 32
27 31
27 33
28 29
28 32
29 31
29 33
30 31
30 32
31 32
31 33
32 33
32 33
82 162 1 82
1 50
1 57
2 54
2 48
3 37
3 29
4 14
4 59
5 76
5 31
6 73
6 39
7 56
7 61
8 57
8 80
9 36
9 12
10 82
10 60
11 29
11 41
12 29
12 15
13 70
13 81
14 59
14 28
15 36
15 28
16 41
16 45
17 41
17 52
18 58
18 32
19 62
19 35
20 41
20 52
21 73
21 33
22 32
22 69
23 78
23 33
24 38
24 62
25 79
25 52
26 43
26 53
27 65
27 31
28 31
28 49
29 70
29 51
30 52
30 51
31 81
31 37
32 36
32 81
33 68
33 71
34 55
34 63
35 81
35 65
36 57
36 70
37 53
37 80
38 69
38 74
39 58
39 68
40 78
40 57
41 57
41 76
42 48
42 67
43 64
43 82
44 53
44 77
45 48
45 78
46 77
46 75
47 52
47 68
48 63
48 80
49 71
49 57
50 81
50 74
51 63
51 67
52 79
52 57
53 61
53 76
54 70
54 63
55 64
55 71
56 67
56 66
57 80
57 79
58 65
58 82
59 77
59 60
60 65
60 61
61 74
61 64
62 78
62 73
63 79
63 76
64 79
64 71
65 73
65 68
66 69
66 72
67 68
67 71
68 82
68 77
69 79
69 81
70 73
70 76
71 76
71 80
72 76
72 76
73 82
73 74
74 76
74 80
75 78
75 78
76 82
76 80
77 82
77 78
78 81
78 82
79 82
79 81
80 82
80 82
81 82
81 82
9 16 1 9
1 6
1 6
2 6
2 9
3 8
3 8
4 8
4 7
5 7
5 6
6 9
6 9
7 9
7 9
8 9
8 9
53 104 1 53
1 29
1 8
2 7
2 29
3 14
3 45
4 28
4 10
5 26
5 29
6 18
6 20
7 29
7 24
8 37
8 23
9 19
9 29
10 27
10 19
11 30
11 52
12 17
12 38
13 23
13 20
14 40
14 24
15 45
15 45
16 45
16 23
17 50
17 24
18 20
18 20
19 52
19 47
20 52
20 44
21 48
21 29
22 53
22 47
23 47
23 38
24 27
24 47
25 36
25 36
26 37
26 36
27 36
27 52
28 47
28 42
29 38
29 52
30 33
30 48
31 36
31 47
32 47
32 51
33 41
33 49
34 42
34 42
35 48
35 51
36 42
36 51
37 46
37 45
38 53
38 49
39 47
39 45
40 42
40 47
41 46
41 46
42 49
42 53
43 48
43 53
44 46
44 51
45 48
45 49
46 48
46 51
47 50
47 53
48 53
48 51
49 53
49 51
50 52
50 51
51 52
51 52
52 53
52 53
97 192 1 97
1 17
1 70
2 14
2 50
3 56
3 49
4 69
4 34
5 70
5 16
6 22
6 36
7 82
7 37
8 50
8 60
9 45
9 60
10 70
10 85
11 73
11 43
12 81
12 79
13 39
13 22
14 85
14 26
15 41
15 25
16 36
16 94
17 24
17 33
18 50
18 66
19 94
19 56
20 43
20 78
21 38
21 28
22 86
22 23
23 68
23 25
24 39
24 84
25 74
25 54
26 87
26 60
27 30
27 76
28 89
28 35
29 35
29 45
30 81
30 88
31 56
31 56
32 33
32 54
33 42
33 36
34 36
34 94
35 55
35 52
36 61
36 62
37 42
37 85
38 96
38 41
39 76
39 47
40 44
40 51
41 47
41 58
42 69
42 83
43 89
43 44
44 92
44 84
45 67
45 94
46 96
46 93
47 80
47 60
48 87
48 87
49 69
49 63
50 53
50 62
51 86
51 78
52 63
52 66
53 78
53 89
54 91
54 71
55 96
55 84
56 82
56 57
57 75
57 88
58 64
58 84
59 97
59 71
60 81
60 82
61 69
61 94
62 87
62 97
63 70
63 86
64 68
64 65
65 68
65 78
66 95
66 81
67 84
67 80
68 84
68 73
69 72
69 96
70 83
70 96
71 81
71 92
72 81
72 76
73 89
73 87
74 94
74 81
75 95
75 94
76 85
76 83
77 97
77 88
78 92
78 80
79 87
79 82
80 88
80 84
81 93
81 86
82 85
82 97
83 92
83 89
84 91
84 91
85 86
85 92
86 96
86 94
87 90
87 90
88 89
88 97
89 95
89 95
90 92
90 91
91 97
91 92
92 93
92 95
93 97
93 95
94 95
94 96
95 96
95 97
96 97
96 97
77 152 1 77
1 57
1 54
2 63
2 49
3 33
3 71
4 27
4 71
5 75
5 72
6 57
6 31
7 13
7 70
8 32
8 17
9 56
9 76
10 32
10 14
11 12
11 24
12 40
12 15
13 51
13 20
14 72
14 41
15 57
15 17
16 28
16 74
17 45
17 39
18 27
18 53
19 25
19 32
20 48
20 22
21 26
21 23
22 54
22 58
23 56
23 47
24 35
24 61
25 44
25 69
26 56
26 75
27 52
27 73
28 30
28 42
29 32
29 58
30 39
30 70
31 34
31 72
32 44
32 35
33 43
33 34
34 69
34 64
35 50
35 52
36 58
36 66
37 41
37 60
38 65
38 60
39 73
39 75
40 42
40 61
41 43
41 60
42 58
42 43
43 44
43 74
44 64
44 45
45 48
45 73
46 66
46 75
47 55
47 64
48 64
48 75
49 70
49 58
50 69
50 69
51 60
51 71
52 77
52 55
53 55
53 74
54 68
54 58
55 76
55 67
56 65
56 63
57 63
57 72
58 60
58 69
59 68
59 66
60 71
60 67
61 63
61 64
62 70
62 65
63 71
63 74
64 69
64 69
65 68
65 74
66 68
66 72
67 74
67 73
68 73
68 73
69 77
69 74
70 76
70 74
71 76
71 76
72 74
72 73
73 77
73 76
74 77
74 77
75 76
75 77
76 77
76 77
33 64 1 33
1 12
1 8
2 20
2 29
3 8
3 32
4 32
4 11
5 26
5 7
6 28
6 10
7 10
7 9
8 23
8 9
9 28
9 28
10 12
10 13
11 26
11 17
12 23
12 21
13 15
13 17
14 30
14 27
15 16
15 26
16 33
16 27
17 31
17 33
18 25
18 19
19 30
19 25
20 22
20 30
21 32
21 25
22 28
22 23
23 30
23 29
24 28
24 26
25 33
25 30
26 28
26 27
27 30
27 28
28 31
28 29
29 30
29 31
30 32
30 31
31 33
31 32
32 33
32 33
93 184 1 93
1 67
1 86
2 68
2 24
3 20
3 45
4 34
4 44
5 37
5 72
6 70
6 84
7 60
7 13
8 19
8 63
9 39
9 91
10 83
10 71
11 73
11 33
12 32
12 35
13 26
13 73
14 56
14 37
15 33
15 59
16 67
16 74
17 56
17 74
18 65
18 61
19 78
19 72
20 34
20 43
21 50
21 52
22 47
22 37
23 77
23 85
24 28
24 64
25 44
25 33
26 40
26 46
27 92
27 30
28 35
28 93
29 38
29 79
30 60
30 59
31 85
31 62
32 68
32 87
33 48
33 50
34 77
34 40
35 81
35 36
36 52
36 72
37 83
37 52
38 54
38 53
39 50
39 46
40 43
40 90
41 72
41 84
42 50
42 55
43 60
43 63
44 65
44 88
45 86
45 70
46 56
46 76
47 87
47 49
48 49
48 67
49 73
49 84
50 70
50 69
51 63
51 72
52 88
52 87
53 91
53 59
54 76
54 65
55 85
55 62
56 74
56 76
57 91
57 70
58 91
58 83
59 87
59 70
60 87
60 76
61 89
61 66
62 68
62 93
63 77
63 92
64 80
64 87
65 68
65 73
66 88
66 86
67 77
67 90
68 92
68 85
69 75
69 73
70 79
70 93
71 89
71 93
72 79
72 82
73 74
73 88
74 88
74 87
75 93
75 86
76 93
76 85
77 90
77 81
78 84
78 91
79 84
79 86
80 86
80 87
81 91
81 93
82 85
82 86
83 91
83 89
84 88
84 87
85 89
85 86
86 87
86 90
87 88
87 92
88 93
88 93
89 91
89 90
90 93
90 91
91 92
91 93
92 93
92 93
78 154 1 78
1 62
1 59
2 5
2 35
3 55
3 44
4 72
4 14
5 63
5 33
6 76
6 18
7 26
7 54
8 70
8 19
9 76
9 33
10 58
10 67
11 41
11 39
12 72
12 58
13 31
13 37
14 49
14 57
15 29
15 41
16 37
16 61
17 39
17 34
18 46
18 64
19 22
19 36
20 49
20 40
21 44
21 71
22 54
22 27
23 40
23 66
24 42
24 50
25 30
25 62
26 74
26 37
27 53
27 77
28 66
28 70
29 41
29 72
30 67
30 63
31 33
31 65
32 54
32 42
33 61
33 67
34 42
34 75
35 63
35 50
36 49
36 69
37 75
37 67
38 55
38 51
39 78
39 71
40 41
40 47
41 75
41 73
42 78
42 78
43 50
43 69
44 62
44 66
45 46
45 59
46 71
46 47
47 54
47 52
48 67
48 66
49 52
49 56
50 66
50 73
51 54
51 57
52 65
52 61
53 69
53 70
54 64
54 73
55 75
55 59
56 72
56 73
57 73
57 77
58 77
58 62
59 68
59 64
60 72
60 76
61 70
61 65
62 66
62 73
63 75
63 64
64 75
64 67
65 75
65 71
66 68
66 71
67 73
67 73
68 72
68 72
69 72
69 77
70 74
70 76
71 72
71 75
72 77
72 76
73 78
73 78
74 77
74 76
75 78
75 77
76 77
76 77
77 78
77 78
85 168 1 85
1 21
1 61
2 84
2 40
3 28
3 14
4 41
4 43
5 73
5 43
6 18
6 8
7 19
7 57
8 39
8 54
9 30
9 50
10 30
10 47
11 54
11 57
12 50
12 58
13 69
13 33
14 16
14 78
15 42
15 53
16 80
16 28
17 61
17 70
18 67
18 41
19 60
19 84
20 60
20 85
21 41
21 37
22 42
22 72
23 35
23 35
24 44
24 68
25 48
25 43
26 33
26 57
27 55
27 80
28 61
28 69
29 49
29 45
30 39
30 31
31 58
31 48
32 69
32 84
33 36
33 52
34 52
34 40
35 65
35 43
36 85
36 52
37 44
37 57
38 70
38 55
39 51
39 55
40 69
40 67
41 74
41 80
42 85
42 44
43 61
43 72
44 71
44 47
45 61
45 77
46 76
46 49
47 74
47 83
48 65
48 84
49 55
49 61
50 52
50 85
51 81
51 57
52 79
52 77
53 83
53 61
54 73
54 60
55 62
55 72
56 69
56 84
57 77
57 69
58 71
58 76
59 77
59 73
60 72
60 81
61 62
61 68
62 77
62 64
63 68
63 76
64 85
64 78
65 69
65 83
66 78
66 85
67 77
67 76
68 85
68 72
69 84
69 71
70 75
70 82
71 76
71 82
72 85
72 75
73 77
73 81
74 75
74 77
75 79
75 78
76 77
76 83
77 80
77 79
78 80
78 79
79 83
79 83
80 82
80 85
81 83
81 82
82 83
82 83
83 84
83 84
84 85
84 85
54 106 1 54
1 22
1 21
2 44
2 38
3 12
3 40
4 50
4 33
5 30
5 23
6 10
6 7
7 46
7 20
8 30
8 12
9 23
9 48
10 37
10 21
11 37
11 43
12 46
12 17
13 38
13 43
14 24
14 20
15 25
15 33
16 34
16 45
17 30
17 29
18 39
18 32
19 40
19 54
20 32
20 26
21 50
21 46
22 48
22 50
23 40
23 41
24 50
24 44
25 47
25 50
26 43
26 33
27 41
27 37
28 50
28 31
29 47
29 36
30 42
30 39
31 35
31 32
32 39
32 52
33 51
33 51
34 49
34 47
35 53
35 41
36 44
36 50
37 46
37 47
38 47
38 48
39 42
39 51
40 47
40 51
41 50
41 43
42 44
42 48
43 47
43 51
44 46
44 53
45 54
45 49
46 51
46 49
47 52
47 54
48 53
48 53
49 53
49 53
50 51
50 53
51 54
51 52
52 54
52 54
53 54
53 54
70 138 1 70
1 15
1 18
2 17
2 32
3 55
3 10
4 65
4 27
5 15
5 19
6 20
6 53
7 29
7 28
8 50
8 18
9 62
9 59
10 69
10 43
11 33
11 66
12 13
12 33
13 59
13 33
14 48
14 51
15 60
15 39
16 27
16 69
17 28
17 54
18 29
18 36
19 36
19 32
20 45
20 70
21 28
21 57
22 68
22 37
23 55
23 44
24 62
24 32
25 54
25 41
26 64
26 61
27 41
27 49
28 68
28 48
29 55
29 49
30 42
30 42
31 64
31 55
32 62
32 46
33 66
33 68
34 45
34 35
35 55
35 66
36 65
36 45
37 41
37 43
38 51
38 63
39 40
39 41
40 43
40 68
41 62
41 61
42 61
42 67
43 68
43 66
44 55
44 67
45 61
45 51
46 51
46 60
47 61
47 55
48 62
48 59
49 67
49 59
50 63
50 51
51 70
51 67
52 67
52 56
53 55
53 65
54 57
54 67
55 68
55 59
56 68
56 66
57 58
57 58
58 70
58 65
59 65
59 63
60 68
60 67
61 70
61 62
62 67
62 63
63 68
63 67
64 68
64 68
65 67
65 68
66 70
66 70
67 68
67 68
68 70
68 70
69 70
69 70
4 6 1 4
1 2
1 2
2 4
2 4
3 4
3 4
56 110 1 56
1 26
1 13
2 45
2 17
3 15
3 6
4 45
4 9
5 43
5 6
6 31
6 23
7 30
7 37
8 20
8 16
9 53
9 33
10 29
10 28
11 52
11 48
12 41
12 23
13 43
13 35
14 26
14 25
15 44
15 50
16 22
16 17
17 52
17 25
18 33
18 30
19 51
19 31
20 36
20 28
21 56
21 30
22 55
22 26
23 46
23 48
24 52
24 27
25 38
25 49
26 34
26 29
27 28
27 30
28 38
28 52
29 50
29 56
30 50
30 45
31 46
31 50
32 50
32 50
33 43
33 38
34 40
34 56
35 54
35 51
36 41
36 55
37 47
37 54
38 55
38 41
39 53
39 42
40 49
40 52
41 44
41 48
42 47
42 46
43 50
43 44
44 45
44 53
45 55
45 51
46 51
46 47
47 55
47 53
48 53
48 55
49 54
49 56
50 55
50 54
51 56
51 54
52 56
52 54
53 56
53 54
54 56
54 55
55 56
55 56
37 72 1 37
1 25
1 22
2 31
2 26
3 4
3 24
4 27
4 14
5 10
5 33
6 33
6 30
7 36
7 23
8 35
8 11
9 20
9 29
10 32
10 34
11 28
11 25
12 25
12 15
13 25
13 19
14 22
14 24
15 35
15 31
16 37
16 25
17 33
17 25
18 32
18 19
19 30
19 24
20 33
20 21
21 23
21 26
22 30
22 31
23 25
23 36
24 35
24 37
25 27
25 36
26 32
26 32
27 28
27 29
28 37
28 29
29 31
29 30
30 35
30 37
31 33
31 34
32 34
32 37
33 34
33 34
34 35
34 37
35 37
35 37
36 37
36 37
81 160 1 81
1 80
1 55
2 3
2 37
3 39
3 34
4 13
4 17
5 77
5 52
6 8
6 74
7 10
7 43
8 63
8 24
9 39
9 24
10 66
10 14
11 28
11 78
12 69
12 25
13 39
13 61
14 20
14 37
15 33
15 36
16 47
16 22
17 67
17 34
18 62
18 33
19 40
19 65
20 42
20 56
21 43
21 75
22 31
22 40
23 43
23 65
24 42
24 26
25 34
25 31
26 67
26 41
27 78
27 71
28 79
28 39
29 64
29 31
30 48
30 47
31 33
31 79
32 52
32 42
33 60
33 68
34 37
34 77
35 57
35 41
36 70
36 68
37 72
37 64
38 71
38 39
39 60
39 41
40 43
40 58
41 49
41 61
42 46
42 51
43 74
43 60
44 48
44 72
45 79
45 67
46 81
46 79
47 73
47 64
48 61
48 77
49 76
49 57
50 53
50 58
51 64
51 77
52 78
52 74
53 65
53 64
54 74
54 75
55 73
55 65
56 69
56 68
57 75
57 58
58 72
58 70
59 64
59 66
60 68
60 67
61 68
61 71
62 67
62 73
63 81
63 68
64 69
64 74
65 81
65 66
66 71
66 81
67 74
67 72
68 75
68 80
69 73
69 81
70 79
70 72
71 81
71 72
72 75
72 73
73 79
73 76
74 78
74 78
75 76
75 80
76 78
76 80
77 80
77 81
78 80
78 80
79 81
79 80
80 81
80 81
98 194 1 98
1 25
1 11
2 66
2 92
3 46
3 13
4 14
4 64
5 54
5 66
6 36
6 14
7 69
7 30
8 9
8 76
9 96
9 31
10 64
10 74
11 32
11 36
12 32
12 75
13 15
13 37
14 65
14 36
15 18
15 58
16 63
16 31
17 70
17 38
18 72
18 33
19 32
19 26
20 55
20 58
21 43
21 51
22 39
22 78
23 51
23 32
24 95
24 45
25 33
25 69
26 94
26 37
27 51
27 73
28 60
28 68
29 89
29 81
30 91
30 76
31 53
31 91
32 34
32 45
33 69
33 61
34 95
34 72
35 52
35 78
36 69
36 42
37 63
37 93
38 70
38 58
39 46
39 94
40 97
40 81
41 80
41 84
42 66
42 89
43 88
43 87
44 64
44 52
45 48
45 77
46 76
46 57
47 82
47 88
48 76
48 71
49 85
49 53
50 51
50 87
51 98
51 62
52 89
52 70
53 91
53 60
54 72
54 65
55 80
55 69
56 81
56 81
57 93
57 58
58 69
58 96
59 70
59 82
60 98
60 98
61 91
61 65
62 73
62 76
63 84
63 80
64 97
64 66
65 73
65 93
66 90
66 67
67 83
67 87
68 96
68 89
69 95
69 77
70 79
70 79
71 93
71 73
72 79
72 83
73 77
73 78
74 85
74 80
75 87
75 77
76 83
76 92
77 81
77 83
78 80
78 87
79 86
79 98
80 98
80 91
81 98
81 88
82 97
82 83
83 91
83 84
84 97
84 85
85 93
85 98
86 89
86 91
87 97
87 91
88 89
88 96
89 90
89 97
90 98
90 95
91 95
91 96
92 95
92 97
93 97
93 94
94 97
94 98
95 96
95 97
96 97
96 98
97 98
97 98
96 190 1 96
1 13
1 46
2 64
2 14
3 67
3 43
4 94
4 70
5 89
5 69
6 29
6 77
7 64
7 19
8 55
8 89
9 87
9 58
10 59
10 41
11 33
11 48
12 85
12 51
13 15
13 96
14 18
14 59
15 24
15 76
16 65
16 66
17 38
17 78
18 90
18 35
19 27
19 68
20 54
20 35
21 54
21 44
22 59
22 72
23 67
23 79
24 35
24 52
25 39
25 75
26 92
26 94
27 84
27 45
28 64
28 59
29 48
29 88
30 59
30 51
31 45
31 66
32 73
32 91
33 59
33 42
34 81
34 63
35 40
35 65
36 49
36 56
37 80
37 85
38 93
38 45
39 40
39 66
40 46
40 73
41 70
41 78
42 56
42 59
43 57
43 57
44 78
44 94
45 72
45 95
46 58
46 77
47 95
47 56
48 63
48 53
49 95
49 86
50 58
50 73
51 59
51 90
52 73
52 54
53 61
53 63
54 80
54 79
55 91
55 71
56 86
56 62
57 85
57 67
58 87
58 70
59 70
59 95
60 66
60 95
61 72
61 83
62 78
62 64
63 89
63 87
64 95
64 73
65 77
65 94
66 68
66 90
67 82
67 92
68 92
68 86
69 94
69 75
70 73
70 94
71 72
71 75
72 96
72 76
73 78
73 91
74 92
74 83
75 79
75 85
76 78
76 95
77 78
77 93
78 79
78 86
79 87
79 90
80 89
80 91
81 85
81 87
82 88
82 94
83 94
83 94
84 96
84 91
85 91
85 89
86 94
86 96
87 89
87 96
88 89
88 95
89 92
89 92
90 91
90 94
91 96
91 95
92 95
92 96
93 96
93 95
94 95
94 96
95 96
95 96
7 12 1 7
1 3
1 5
2 6
2 7
3 6
3 6
4 7
4 6
5 7
5 7
6 7
6 7
86 170 1 86
1 42
1 7
2 24
2 42
3 52
3 75
4 30
4 28
5 7
5 71
6 7
6 47
7 52
7 8
8 30
8 61
9 44
9 74
10 79
10 54
11 21
11 68
12 32
12 72
13 86
13 60
14 56
14 46
15 29
15 16
16 19
16 53
17 21
17 26
18 86
18 35
19 40
19 28
20 50
20 53
21 38
21 51
22 45
22 33
23 61
23 84
24 39
24 33
25 46
25 34
26 31
26 42
27 76
27 48
28 76
28 47
29 46
29 35
30 66
30 46
31 74
31 82
32 59
32 69
33 77
33 83
34 66
34 38
35 66
35 52
36 85
36 46
37 54
37 45
38 65
38 45
39 67
39 40
40 74
40 47
41 60
41 60
42 82
42 67
43 61
43 50
44 64
44 59
45 60
45 80
46 50
46 54
47 58
47 80
48 82
48 65
49 52
49 74
50 51
50 60
51 67
51 73
52 54
52 73
53 55
53 79
54 71
54 74
55 81
55 81
56 73
56 86
57 86
57 78
58 72
58 70
59 68
59 75
60 64
60 80
61 80
61 84
62 83
62 74
63 69
63 85
64 66
64 77
65 84
65 70
66 79
66 69
67 74
67 82
68 76
68 86
69 86
69 72
70 74
70 72
71 74
71 73
72 86
72 74
73 84
73 78
74 76
74 85
75 78
75 83
76 85
76 77
77 86
77 78
78 81
78 81
79 85
79 86
80 85
80 83
81 84
81 85
82 83
82 83
83 85
83 84
84 85
84 85
85 86
85 86
