20
5 8 1 5
1 5
1 5
2 4
2 5
3 5
3 4
4 5
4 5
15 22 1 15
1 2
2 5
3 10
4 6
4 11
5 7
6 10
6 14
7 9
7 15
8 12
9 11
9 11
10 11
10 15
11 14
11 15
12 13
13 14
13 14
14 15
14 15
16 20 1 16
1 14
2 15
2 13
3 15
4 16
5 9
6 9
7 15
8 15
9 16
10 14
11 15
11 14
12 14
12 16
13 16
13 15
14 16
15 16
15 16
23 33 1 23
1 12
1 2
2 3
2 17
3 12
3 4
4 14
4 8
5 11
6 18
7 20
7 23
8 23
9 13
9 23
10 23
10 16
11 12
11 17
12 17
12 20
13 15
14 20
15 16
16 17
16 23
17 22
18 22
19 20
19 20
20 22
21 23
22 23
25 39 1 25
1 24
1 24
2 22
3 9
3 5
4 15
4 7
5 13
5 13
6 18
6 9
7 14
8 12
8 11
9 10
10 13
10 17
11 19
12 21
13 19
13 24
14 21
15 18
15 19
16 19
17 21
17 19
18 22
18 20
19 20
19 25
20 22
20 22
21 23
22 24
22 23
23 25
24 25
24 25
61 86 1 61
1 32
2 57
2 36
3 4
3 4
4 44
5 11
5 20
6 11
6 7
7 30
8 34
8 60
9 15
9 15
10 32
11 23
11 51
12 24
13 35
14 45
15 20
16 28
17 57
17 56
18 34
19 45
19 53
20 42
21 26
22 23
23 24
23 47
24 58
25 31
26 52
27 29
27 43
28 29
28 55
29 59
30 34
30 52
31 35
32 34
32 61
33 36
33 41
34 37
34 46
35 51
35 45
36 51
36 52
37 56
38 39
39 45
40 54
41 61
41 57
42 49
42 56
43 61
43 55
44 51
45 48
46 55
46 52
47 55
47 59
48 55
48 56
49 57
50 61
51 58
52 55
53 59
53 55
54 59
54 57
55 61
56 61
57 60
58 59
59 61
60 61
40 56 1 40
1 33
1 36
2 16
2 37
3 20
3 23
4 5
4 25
5 26
5 32
6 31
6 40
7 39
8 40
9 38
10 39
10 22
11 19
12 35
13 17
14 24
15 38
16 26
16 21
17 22
17 26
18 31
18 22
19 30
19 38
20 28
21 25
22 33
23 31
23 33
24 38
25 26
26 34
26 29
27 30
28 32
29 32
30 38
31 34
32 37
32 35
33 40
33 34
34 39
35 40
35 40
36 38
37 39
38 40
39 40
39 40
31 45 1 31
1 7
1 7
2 16
3 26
3 11
4 26
5 18
5 24
6 14
7 20
8 26
9 19
9 19
10 22
11 23
11 30
12 21
12 31
13 24
14 31
15 30
15 24
16 31
16 25
17 31
17 31
18 27
18 22
19 22
20 25
20 21
21 24
21 24
22 23
23 27
24 26
24 27
25 26
26 31
26 29
27 31
28 30
29 30
29 31
30 31
78 111 1 78
1 50
2 13
2 9
3 4
3 30
4 10
4 68
5 61
6 26
6 41
7 16
7 29
8 23
9 59
9 14
10 45
11 59
12 29
12 44
13 44
13 41
14 57
14 45
15 75
15 65
16 42
17 29
17 78
18 62
19 64
20 25
20 45
21 37
22 74
22 43
23 76
23 46
24 43
24 50
25 67
25 53
26 30
27 69
28 61
29 59
29 54
30 67
30 78
31 51
32 61
32 58
33 46
33 53
34 77
34 75
35 42
36 49
37 61
38 47
39 45
39 41
40 53
40 75
41 42
42 49
43 69
43 58
44 77
45 52
46 55
47 70
47 75
48 65
49 74
49 77
50 71
51 66
52 57
53 68
53 70
54 70
54 69
55 63
56 71
57 77
58 59
59 70
59 72
60 66
61 71
62 67
62 78
63 75
64 78
65 69
66 72
67 68
67 78
68 78
69 77
70 75
70 71
71 72
72 76
73 77
74 77
75 78
75 78
76 78
76 78
77 78
53 84 1 53
1 44
1 53
2 39
2 27
3 47
3 8
4 19
5 36
5 17
6 44
6 39
7 20
7 44
8 25
8 43
9 49
10 45
10 29
11 47
11 23
12 37
13 45
14 37
15 20
15 25
16 36
17 27
18 22
18 50
19 47
19 52
20 49
20 52
21 52
21 52
22 37
22 28
23 50
24 52
24 33
25 30
26 45
27 32
28 43
28 37
29 44
30 37
30 37
31 32
31 42
32 43
33 44
34 39
35 44
35 44
36 41
36 44
37 43
37 51
38 39
38 39
39 47
39 45
40 44
40 46
41 46
41 46
42 52
43 53
43 51
44 48
44 49
45 53
46 53
47 50
47 51
48 52
48 50
49 50
50 53
50 52
51 53
51 52
52 53
96 143 1 96
1 92
1 32
2 64
3 78
4 88
5 40
6 77
6 38
7 95
7 42
8 67
9 70
10 95
10 84
11 68
11 61
12 83
13 41
14 79
15 91
15 17
16 49
16 40
17 90
17 37
18 81
18 89
19 38
19 55
20 89
21 29
22 41
22 75
23 42
24 79
25 33
26 96
26 48
27 46
27 47
28 59
29 64
29 71
30 60
30 83
31 71
32 95
32 94
33 94
34 65
35 37
36 71
36 63
37 79
38 52
39 83
39 41
40 42
40 67
41 81
41 45
42 79
42 45
43 68
43 59
44 94
45 72
46 96
46 60
47 82
48 93
48 51
49 64
50 96
50 69
51 55
51 77
52 53
53 78
54 95
55 92
56 69
56 65
57 83
58 93
58 79
59 90
60 94
61 69
62 82
62 69
63 88
64 66
65 74
65 77
66 70
67 84
67 79
68 72
69 72
69 80
70 74
71 89
71 92
72 75
73 96
73 82
74 91
75 96
75 84
76 83
76 80
77 90
77 78
78 87
78 82
79 81
79 94
80 86
81 84
81 83
82 84
82 93
83 84
84 91
85 93
86 96
86 95
87 89
87 92
88 94
89 90
89 94
90 92
90 95
91 95
91 93
92 94
92 95
93 95
94 96
95 96
95 96
60 83 1 60
1 26
1 8
2 21
3 9
3 54
4 24
4 18
5 47
6 37
7 23
7 10
8 14
8 11
9 55
10 59
10 16
11 59
11 12
12 39
13 45
14 53
15 50
16 30
16 30
17 29
18 35
19 37
20 45
21 35
21 54
22 35
23 50
24 54
24 57
25 52
26 57
27 50
28 40
29 57
29 44
30 57
31 49
31 57
32 56
32 59
33 50
34 50
34 57
35 48
35 43
36 53
37 51
38 39
39 50
40 58
40 58
41 44
41 60
42 47
43 47
44 45
45 58
45 48
46 60
46 57
47 55
48 51
49 52
49 55
50 57
50 60
51 59
52 53
52 60
53 56
54 59
55 60
56 60
57 58
57 59
58 60
59 60
59 60
29 43 1 29
1 5
1 19
2 21
3 26
3 27
4 6
4 22
5 14
6 13
6 9
7 28
8 18
8 26
9 22
10 16
10 26
11 20
11 15
12 13
12 15
13 26
13 14
14 16
15 26
16 18
16 26
17 19
18 29
19 24
20 24
21 25
22 25
23 28
23 26
24 26
24 25
25 28
25 29
26 29
26 28
27 29
28 29
28 29
50 74 1 50
1 27
1 13
2 41
3 33
3 25
4 47
5 31
6 7
6 34
7 12
7 47
8 50
8 26
9 16
10 50
11 39
12 14
13 42
13 35
14 42
15 18
15 23
16 32
16 43
17 38
17 18
18 28
19 20
19 43
20 32
20 28
21 48
22 49
23 35
23 35
24 42
25 36
25 31
26 44
27 32
28 49
28 32
29 42
29 46
30 48
31 46
31 47
32 36
32 36
33 47
33 36
34 46
35 50
36 44
37 39
38 41
39 44
39 45
40 47
40 42
41 49
42 43
43 48
43 46
44 48
44 50
45 49
46 50
46 48
47 49
47 48
48 49
49 50
49 50
42 57 1 42
1 17
1 2
2 35
2 6
3 35
4 35
4 18
5 10
6 33
7 41
7 23
8 38
9 12
10 25
11 13
11 41
12 24
12 29
13 15
14 31
15 18
16 31
16 32
17 38
17 28
18 23
18 38
19 23
20 29
21 39
22 36
23 31
24 40
24 33
25 32
26 30
26 35
27 38
28 41
28 37
29 40
29 34
30 36
31 42
32 39
32 34
33 39
33 40
34 41
35 39
35 36
36 37
37 41
38 42
39 40
40 42
41 42
80 117 1 80
1 67
2 40
3 13
4 66
4 79
5 46
6 22
6 16
7 51
7 28
8 49
9 11
10 14
11 13
11 58
12 70
13 48
14 79
14 62
15 69
16 30
17 53
17 22
18 33
18 80
19 40
20 59
21 43
21 59
22 37
22 51
23 34
23 50
24 30
25 47
25 58
26 68
27 75
28 43
29 59
30 72
31 76
31 40
32 46
32 52
33 43
34 57
34 73
35 63
36 48
36 62
37 73
37 49
38 52
39 54
40 50
40 43
41 68
41 75
42 80
43 65
43 46
44 63
45 59
45 69
46 47
47 80
47 50
48 64
49 53
49 50
50 70
51 79
51 57
52 55
52 59
53 63
54 78
54 80
55 74
55 66
56 72
56 79
57 78
58 71
58 80
59 77
60 63
60 80
61 69
61 66
62 80
62 77
63 72
64 72
65 72
65 80
66 75
67 73
68 78
68 79
69 70
70 79
70 77
71 72
72 75
72 78
73 74
74 79
75 77
75 76
76 77
76 77
77 79
78 80
79 80
79 80
80 121 1 80
1 43
2 74
2 17
3 68
4 65
5 54
5 30
6 7
7 63
8 71
8 50
9 17
9 11
10 22
10 62
11 80
12 57
12 51
13 40
14 65
14 51
15 55
15 63
16 47
16 45
17 71
18 33
18 25
19 50
20 54
20 57
21 65
22 55
22 73
23 75
23 62
24 36
25 76
26 76
26 67
27 35
28 68
29 79
30 37
31 47
32 76
33 74
33 38
34 49
34 46
35 46
36 68
37 68
38 64
38 70
39 41
39 40
40 45
40 46
41 48
41 60
42 51
42 62
43 57
44 72
45 63
46 74
47 74
47 71
48 74
48 59
49 63
49 52
50 62
51 68
51 62
52 74
52 71
53 80
54 74
54 79
55 57
55 78
56 71
57 59
57 76
58 59
58 76
59 79
60 71
61 75
62 64
63 78
63 80
64 70
64 75
65 66
66 70
66 78
67 76
67 74
68 69
68 76
69 70
70 71
71 77
71 76
72 74
73 78
74 75
74 80
75 77
75 80
76 78
76 78
77 78
77 78
78 79
78 79
79 80
79 80
81 116 1 81
1 4
2 14
3 40
3 71
4 14
5 10
6 30
6 7
7 33
7 80
8 56
9 69
10 38
10 25
11 28
11 30
12 17
13 58
14 62
14 57
15 20
16 54
17 29
17 35
18 75
18 32
19 24
20 55
20 25
21 67
21 73
22 68
23 36
24 61
25 52
26 38
26 48
27 73
27 80
28 75
29 50
30 38
31 69
32 81
33 56
34 80
34 36
35 56
36 66
36 38
37 75
37 40
38 77
39 48
39 79
40 65
40 77
41 66
41 63
42 58
43 58
43 47
44 66
44 50
45 68
45 68
46 53
46 81
47 78
47 76
48 80
49 50
50 54
51 79
51 67
52 74
53 57
53 74
54 74
55 80
56 70
57 71
57 67
58 75
59 72
60 64
61 69
62 66
62 63
63 69
63 70
64 70
65 79
65 71
66 75
66 78
67 75
67 69
68 74
69 75
70 77
70 75
71 72
72 78
73 80
74 81
75 78
76 81
76 79
77 78
78 80
78 80
79 80
79 80
80 81
80 81
40 59 1 40
1 28
1 24
2 13
2 22
3 28
3 20
4 28
4 34
5 14
5 9
6 26
6 18
7 16
7 39
8 16
8 38
9 21
9 38
10 35
10 31
11 25
12 30
12 18
13 36
14 39
15 20
15 30
16 33
17 27
18 33
18 24
19 21
20 23
21 39
22 35
23 27
24 32
24 39
25 40
26 33
26 36
27 30
27 30
28 31
29 40
30 36
30 40
31 39
32 34
32 36
33 36
34 37
35 39
36 40
37 39
37 40
38 40
39 40
39 40
89 132 1 89
1 37
1 11
2 21
2 82
3 49
4 48
5 74
5 48
6 24
6 58
7 46
8 41
8 37
9 63
9 47
10 33
10 87
11 71
11 84
12 77
13 62
13 74
14 47
14 63
15 66
15 26
16 82
16 70
17 34
18 66
19 69
19 23
20 74
21 31
21 53
22 41
22 72
23 80
23 35
24 35
25 33
25 31
26 56
27 29
27 35
28 85
28 31
29 44
30 32
31 51
31 46
32 38
33 43
34 57
34 71
35 88
36 79
36 70
37 80
38 46
39 81
39 65
40 68
41 59
42 47
43 45
44 72
44 72
45 55
46 73
46 85
47 85
47 81
48 71
48 55
49 67
50 65
51 81
52 77
53 61
54 66
54 75
55 59
56 80
56 67
57 67
58 77
58 81
59 85
60 79
61 65
62 75
62 65
63 76
63 72
64 66
65 86
65 68
66 87
67 79
68 89
68 76
69 71
69 75
70 78
71 74
71 86
72 82
73 78
74 88
74 86
75 79
75 86
76 78
77 89
78 82
79 88
79 80
80 87
80 85
81 86
82 88
82 87
83 85
83 89
84 88
85 88
85 86
86 89
86 88
87 88
88 89
