100 24 100 10 500
1 478 2199
0 1141 4551
4 1419 2123
0 2828 4543
4 896 2729
3 3402 4425
4 85 2197
4 2741 3380
4 1054 2623
3 2 3986
213 690 710
1 84 300
3 209 561
5 3680 4767
0 371 1509
6 384 1296
6 72 166
3 479 827
5 106 1705
4 398 923
1 122 861
4 248 293
2 942 1784
2 1046 3403
0 1181 2824
3 3129 3908
0 1746 4603
5 3337 4926
6 3255 3519
3 322 635
2 4708 4924
4 454 1498
3 370 727
2 709 1475
2 2329 3743
6 736 1876
3 1630 3164
2 153 240
1 2088 2751
0 1509 3123
4 2772 2966
3 679 2236
0 188 439
5 1739 4162
4 618 848
3 214 2779
4 578 1092
2 742 1347
3 2065 2310
0 443 2203
3 3186 3393
2 1991 2121
6 1538 4133
1 667 891
2 2015 2446
2 1446 2000
2 1731 3895
3 1464 2175
4 1541 2693
0 421 817
5 1274 2049
0 1552 1990
3 490 611
3 1332 1595
6 250 2317
4 3769 4586
2 1358 2745
5 203 913
0 637 2990
0 2113 4689
4 444 1010
4 3489 3529
1 3025 3091
0 487 496
1 423 1810
5 104 869
1 2199 2290
0 953 1618
0 96 1016
6 4032 4316
5 995 3547
3 244 2582
5 928 1134
1 394 3199
5 128 359
2 1864 3904
1 1774 3743
3 1545 1949
5 597 1078
6 1967 2823
0 829 4917
6 147 4289
6 86 3115
1 4273 4597
6 1407 4775
4 1033 3374
1 422 4190
3 1856 3434
4 1550 1596
6 2867 4607
