4 4 44
3 1 4 90
3 1 3 200
1 2 4 200
4 3 3 120
1 2 2 90
3 1 2 150
2 3 1 120
2 4 2 20
4 2 2 170
4 2 4 150
4 1 3 10
2 1 2 200
1 3 1 180
2 3 3 70
2 1 3 100
2 1 1 50
3 2 2 150
4 1 2 90
4 1 4 130
3 4 4 180
2 4 1 140
1 4 2 80
3 1 1 20
1 2 3 30
1 2 1 100
2 4 3 180
2 3 2 100
3 4 1 170
1 4 4 160
2 4 4 70
3 4 3 30
2 1 4 40
1 4 1 200
3 2 4 70
1 4 3 170
1 3 4 40
4 3 1 60
4 3 2 200
4 2 1 190
1 3 3 70
3 2 3 200
2 3 4 150
4 1 1 140
3 2 1 40
1 1 743
1 2 461
1 3 547
1 4 745
2 1 946
2 2 1091
2 3 853
2 4 1088
3 1 1060
3 2 597
3 3 743
3 4 720
4 1 944
4 2 385
4 3 594
4 4 370
