4 8 70
3 2 4 60
1 3 8 90
2 4 2 140
3 1 1 150
3 4 6 80
1 3 3 50
1 3 6 110
1 3 5 190
1 4 6 50
2 3 1 90
4 1 8 120
1 4 5 60
4 3 5 180
2 1 7 120
4 2 1 190
4 3 7 120
2 3 4 150
1 2 5 80
4 2 3 100
4 1 2 30
2 1 1 140
3 2 2 150
4 1 3 30
3 1 7 170
4 2 2 70
3 1 4 30
1 4 8 60
1 2 3 170
3 4 7 80
1 2 2 160
4 1 4 120
4 2 8 160
3 1 3 20
1 2 7 80
2 4 7 80
3 4 3 10
2 4 4 180
1 3 7 150
3 2 1 70
3 4 8 140
4 1 5 140
1 3 2 110
3 2 6 90
2 3 2 130
1 4 7 60
4 2 5 40
3 1 8 90
4 3 4 40
4 3 8 160
2 4 1 130
2 3 7 10
2 4 5 120
1 3 1 180
1 2 4 30
1 3 4 140
4 3 3 40
2 1 3 80
4 1 1 100
3 1 6 130
1 2 1 170
4 2 4 20
1 4 1 20
1 4 3 190
4 1 6 110
2 1 8 140
4 3 6 60
2 3 8 130
4 3 1 170
2 1 5 90
3 4 5 190
1 1 479
1 2 329
1 3 1078
1 4 304
1 5 1061
1 6 458
1 7 889
1 8 800
2 1 753
2 2 992
2 3 738
2 4 695
2 5 682
2 6 317
2 7 620
2 8 948
3 1 331
3 2 495
3 3 921
3 4 966
3 5 445
3 6 1153
3 7 372
3 8 889
4 1 845
4 2 432
4 3 982
4 4 554
4 5 405
4 6 744
4 7 443
4 8 790
