9 5 280
2 7 2 150
2 4 4 10
7 4 1 60
6 4 1 80
6 2 1 30
2 7 1 100
6 1 3 50
6 1 4 60
7 1 3 140
9 7 2 50
1 4 2 40
2 5 1 30
8 4 4 10
4 3 5 180
2 4 5 10
7 5 2 110
8 2 2 140
1 3 5 140
6 8 1 30
9 2 4 170
6 4 3 110
2 7 4 10
5 8 3 110
2 1 1 50
5 4 1 10
3 7 5 180
3 9 2 110
1 6 5 120
6 2 3 140
4 9 3 80
3 5 4 140
3 6 2 190
7 9 1 190
6 3 4 140
9 6 1 10
4 2 4 150
4 2 5 50
8 2 5 100
1 5 3 170
1 3 2 40
6 7 1 110
8 6 5 20
1 5 5 120
3 4 5 110
3 6 5 100
3 1 5 60
4 5 5 190
7 6 5 180
9 1 5 160
3 4 3 130
9 3 2 150
6 5 2 20
1 9 2 120
3 7 1 40
2 6 4 100
1 7 1 150
7 5 4 130
2 5 4 180
4 1 3 80
8 3 1 190
2 8 1 180
2 8 3 190
3 8 4 50
6 5 5 50
3 9 1 150
9 5 4 120
4 1 5 110
9 4 2 70
7 9 4 50
7 9 5 140
4 8 2 140
4 8 5 130
3 8 3 120
5 6 3 190
4 2 3 80
2 4 1 190
2 1 4 20
6 3 2 110
5 7 3 110
9 1 3 40
2 9 4 160
1 3 3 150
8 1 1 150
5 3 3 200
9 1 2 50
4 9 1 30
6 5 3 200
3 1 2 110
6 3 3 20
9 2 3 150
1 5 2 50
8 9 2 90
6 1 5 60
7 5 5 80
6 9 1 160
7 2 3 80
4 7 5 30
3 1 3 200
3 8 1 20
9 2 2 100
1 7 4 30
4 7 2 110
3 2 4 180
3 9 4 140
6 5 1 110
7 3 1 100
8 1 3 60
9 6 4 20
9 3 4 80
8 2 4 160
8 5 3 110
3 5 2 20
5 6 1 20
3 7 2 150
6 3 1 130
1 9 3 190
2 9 2 160
5 3 4 80
4 6 4 100
3 7 4 10
9 8 1 40
4 1 1 150
5 7 2 40
5 9 2 120
9 3 5 40
9 5 1 130
4 8 1 50
1 8 2 150
6 8 3 200
6 8 5 120
2 1 3 170
2 8 5 10
2 3 3 160
7 2 4 10
3 2 3 110
5 7 1 90
3 4 1 20
4 6 5 140
5 8 1 180
9 5 3 100
7 2 2 140
7 2 1 180
9 6 3 120
7 3 4 180
7 8 3 80
6 7 3 150
8 2 1 80
2 7 5 130
4 8 3 70
6 4 5 100
7 1 4 170
4 7 1 40
7 5 3 150
5 6 4 20
4 1 4 160
2 9 3 120
5 4 4 50
9 2 5 110
6 9 3 40
7 4 2 120
6 9 5 50
9 8 5 110
1 9 4 90
1 6 4 120
9 7 1 30
3 5 5 140
8 3 5 40
8 4 5 180
7 8 4 130
1 6 2 50
2 5 5 180
2 8 4 40
1 2 1 150
6 5 4 110
5 8 4 50
3 9 3 110
2 4 2 60
4 7 3 80
3 2 2 180
5 2 5 80
7 3 3 120
4 3 2 100
6 8 2 30
4 3 1 80
1 9 1 60
6 7 4 60
4 9 4 20
1 8 5 120
7 3 5 180
9 6 2 150
4 9 5 140
5 9 5 170
2 6 3 40
1 3 1 100
7 6 4 30
6 1 1 70
9 8 2 190
8 7 3 90
4 5 3 120
8 6 1 30
8 7 2 160
4 2 2 170
8 3 3 70
3 4 4 80
7 6 2 20
5 4 3 200
4 5 2 30
9 7 3 90
5 1 3 200
3 6 4 170
3 6 3 200
5 2 3 100
6 8 4 150
1 2 2 20
7 8 1 50
1 7 5 140
5 2 1 90
7 6 1 30
9 5 2 20
2 9 1 200
6 9 2 90
3 4 2 100
3 2 5 90
7 5 1 110
7 6 3 120
1 4 3 170
5 1 2 170
3 1 4 40
7 2 5 30
6 7 5 180
9 4 5 20
4 6 3 60
6 4 2 170
5 9 4 160
9 7 4 120
4 6 2 110
1 2 4 190
6 2 2 190
2 3 4 120
2 5 3 90
7 4 4 200
5 1 5 120
8 1 4 140
8 9 5 190
5 7 5 100
1 8 1 180
5 1 4 10
6 4 4 120
2 9 5 180
8 3 2 100
7 9 2 80
8 6 3 30
1 8 4 200
7 1 2 60
8 2 3 90
6 3 5 180
2 1 5 80
7 9 3 190
7 8 5 110
1 2 3 180
6 2 5 120
8 1 5 90
1 7 2 190
1 9 5 130
7 3 2 140
2 6 5 60
4 7 4 200
8 5 4 160
1 6 3 80
9 8 4 140
4 9 2 60
8 5 2 70
7 1 1 70
9 5 5 150
5 2 2 200
5 9 1 40
3 2 1 150
7 8 2 200
4 1 2 50
5 3 5 30
1 1 397
1 2 720
1 3 612
1 4 1048
1 5 959
2 1 695
2 2 577
2 3 1143
2 4 434
2 5 535
3 1 840
3 2 942
3 3 1018
3 4 347
3 5 1125
4 1 1153
4 2 1137
4 3 537
4 4 1014
4 5 886
5 1 502
5 2 643
5 3 998
5 4 849
5 5 1071
6 1 380
6 2 460
6 3 990
6 4 359
6 5 950
7 1 452
7 2 995
7 3 990
7 4 519
7 5 927
8 1 413
8 2 395
8 3 1080
8 4 753
8 5 1072
9 1 606
9 2 781
9 3 686
9 4 1101
9 5 374
