6 7 121
3 1 1 160
6 2 5 40
1 6 1 170
5 3 6 120
2 5 6 20
2 5 4 180
2 6 3 70
2 4 4 170
5 4 3 170
4 3 4 130
5 6 4 180
5 3 7 170
4 2 2 120
3 2 1 140
6 3 2 50
6 3 6 130
2 1 7 140
5 1 5 50
2 5 2 160
3 2 6 30
1 2 2 60
3 2 2 170
3 1 3 130
2 4 6 10
2 1 4 100
2 5 3 30
4 2 7 120
6 5 5 50
2 4 7 150
6 1 4 30
1 5 2 160
4 3 7 190
5 1 6 60
1 6 6 140
6 3 3 140
6 4 2 90
4 2 1 50
6 5 2 60
3 4 7 180
3 5 4 180
1 5 1 160
1 6 4 160
6 1 1 130
4 6 1 110
4 6 7 50
2 4 5 80
5 2 5 10
5 6 3 60
6 1 5 30
6 2 6 60
4 1 6 120
6 4 6 80
1 6 7 30
5 1 3 40
3 1 2 40
2 3 5 190
5 3 4 180
6 3 5 20
5 2 3 140
3 1 6 200
1 5 4 160
2 1 5 10
4 5 7 30
5 6 5 30
2 3 6 30
4 6 5 110
4 5 3 200
1 5 3 150
4 5 2 150
1 4 7 50
4 1 4 90
6 3 4 120
4 6 6 160
3 6 5 60
6 4 1 40
3 4 1 160
3 6 7 40
4 3 6 50
5 6 6 140
1 4 5 60
4 2 3 130
5 1 4 200
1 3 5 70
1 3 2 50
6 5 4 30
2 3 2 20
5 4 7 30
6 2 4 130
6 4 3 100
1 4 4 140
5 3 2 110
1 3 7 190
4 5 1 10
1 4 2 160
3 5 5 50
2 1 2 160
1 2 1 190
2 5 7 90
3 4 6 70
4 6 3 10
5 2 1 140
6 3 7 190
3 4 3 120
4 6 4 130
6 5 1 160
4 1 1 160
1 2 4 10
3 2 7 30
1 6 3 180
1 2 7 170
3 1 4 80
3 5 1 140
4 1 5 120
3 1 5 150
1 6 2 100
3 2 4 130
5 6 1 90
2 6 1 60
1 3 4 200
3 6 4 20
2 1 3 140
1 1 642
1 2 816
1 3 937
1 4 852
1 5 599
1 6 734
1 7 493
2 1 355
2 2 438
2 3 550
2 4 560
2 5 403
2 6 858
2 7 326
3 1 864
3 2 301
3 3 627
3 4 1094
3 5 746
3 6 890
3 7 1028
4 1 360
4 2 756
4 3 903
4 4 558
4 5 360
4 6 800
4 7 609
5 1 1106
5 2 609
5 3 622
5 4 817
5 5 1030
5 6 381
5 7 722
6 1 895
6 2 1186
6 3 1001
6 4 657
6 5 546
6 6 670
6 7 338
