5 3 40
2 5 2 190
4 1 3 130
2 4 3 170
1 2 2 100
1 2 1 70
4 5 1 30
5 3 3 10
4 5 3 150
1 3 1 10
4 2 2 20
5 1 3 100
2 3 1 10
1 2 3 60
3 2 3 160
2 5 1 60
5 4 1 200
3 5 2 50
4 3 1 120
1 5 1 80
5 3 2 150
5 2 1 60
3 4 1 150
3 2 1 40
2 1 3 180
3 1 3 20
2 3 2 190
3 5 1 70
3 4 3 110
2 5 3 50
3 2 2 20
5 1 1 100
3 1 2 100
2 3 3 120
4 3 2 140
5 1 2 50
1 4 1 110
5 2 3 30
1 4 2 30
3 4 2 80
4 1 2 80
1 1 1110
1 2 1040
1 3 979
2 1 976
2 2 307
2 3 980
3 1 776
3 2 945
3 3 804
4 1 967
4 2 947
4 3 578
5 1 711
5 2 782
5 3 654
