11 8 819
2 4 3 140
8 5 6 80
4 3 1 140
8 5 8 190
10 3 1 110
7 2 2 160
4 3 2 180
5 11 3 110
2 11 7 200
1 9 2 120
10 5 3 140
11 10 1 150
2 7 6 30
7 2 3 80
2 9 2 110
5 1 6 150
7 3 3 130
2 9 4 110
1 8 4 150
10 2 3 120
2 11 5 30
4 6 4 150
8 3 3 120
1 7 5 60
10 7 8 150
11 6 8 100
11 8 4 150
7 3 4 120
4 2 6 140
1 2 5 160
9 5 4 10
6 8 6 180
8 11 4 70
7 9 5 150
6 10 2 110
5 7 5 10
9 8 3 40
9 3 8 10
11 6 1 190
11 3 7 110
1 5 2 200
2 5 7 20
5 11 4 40
11 6 6 10
6 7 5 110
10 4 8 90
9 4 4 30
7 9 1 40
5 4 7 200
11 8 3 180
10 8 1 10
5 11 6 180
1 11 5 120
7 10 3 40
8 9 5 130
6 7 3 170
3 2 4 150
8 5 4 130
1 7 2 60
2 10 3 110
9 2 3 20
3 8 6 200
4 5 8 100
8 2 3 130
6 3 5 180
6 3 7 120
7 1 1 110
4 3 6 180
7 6 6 20
8 3 8 190
2 11 2 130
3 6 8 150
7 8 4 40
8 7 1 180
6 1 2 80
5 4 2 130
10 6 5 80
10 6 1 100
6 1 6 80
10 1 8 90
3 10 1 170
2 10 4 20
7 6 8 90
10 1 2 100
10 8 6 40
10 1 1 90
9 4 2 120
4 1 8 180
7 8 1 190
6 10 5 80
11 9 6 60
1 5 1 80
4 5 6 10
2 6 1 50
1 11 7 160
10 1 5 10
4 7 2 190
8 7 7 20
6 4 2 40
3 5 2 160
8 2 2 180
1 3 4 170
10 4 1 130
8 11 3 70
1 2 4 200
1 4 5 170
9 11 7 160
7 2 1 160
8 4 1 160
11 4 1 190
7 11 7 160
10 11 8 190
6 1 7 120
1 2 8 120
4 10 7 50
8 10 7 200
5 7 7 90
1 6 4 150
2 8 7 180
4 7 6 40
4 7 8 170
10 7 3 110
8 9 3 10
3 7 1 130
11 9 5 180
3 5 4 140
4 5 7 10
6 5 7 100
5 1 5 30
3 8 2 30
5 11 7 40
6 2 3 180
3 4 2 10
2 4 1 70
5 7 1 110
7 5 2 60
7 2 8 140
10 7 5 50
3 6 2 10
7 3 5 190
7 4 8 70
3 4 4 140
2 7 3 80
2 11 6 130
1 7 1 70
9 11 3 180
8 6 4 20
2 5 4 100
11 2 5 30
8 4 5 30
8 6 5 10
4 8 7 30
3 11 7 110
4 5 3 20
9 11 2 150
7 11 4 200
1 7 8 80
11 5 5 40
11 7 2 200
4 2 3 190
9 11 6 50
2 3 1 130
11 6 2 170
1 6 3 40
2 5 2 60
4 9 5 190
6 9 3 80
5 11 1 60
4 7 4 20
10 6 8 120
6 10 8 50
11 5 2 170
2 7 8 10
9 2 6 100
9 6 5 10
8 9 2 90
11 1 7 50
6 4 7 20
10 3 7 170
4 10 3 160
4 10 1 90
6 5 5 60
6 3 3 30
1 8 5 20
9 8 5 80
1 7 4 100
7 2 4 200
5 9 6 40
8 10 4 60
5 7 8 80
11 7 8 110
11 7 7 30
4 10 8 170
2 8 2 190
8 4 2 40
11 4 7 80
7 8 3 120
7 2 5 40
2 8 1 10
2 8 3 50
11 5 8 110
4 1 3 200
7 11 5 200
6 3 8 200
8 1 3 80
5 2 8 100
10 6 7 190
10 1 3 120
9 10 4 10
7 5 7 40
9 4 7 100
5 9 1 190
3 2 3 170
5 7 6 10
7 5 4 140
4 1 4 10
8 2 6 30
10 4 5 40
7 5 5 100
6 7 8 10
9 11 1 50
3 6 6 40
7 10 8 100
11 3 4 90
5 9 4 10
8 3 5 60
5 8 3 40
10 5 1 60
11 7 1 50
7 3 7 160
1 8 3 130
9 6 2 20
2 11 1 100
2 9 3 160
8 6 8 140
6 2 7 110
9 7 7 90
9 6 8 40
3 10 8 90
1 3 8 130
1 11 4 120
7 3 8 180
3 9 6 80
6 8 4 20
10 9 2 60
9 6 4 20
11 2 6 70
4 7 7 150
9 6 7 100
7 4 2 50
6 11 7 100
5 6 6 180
10 5 4 50
4 10 5 120
3 1 6 180
8 6 1 110
11 8 6 60
2 1 7 160
8 1 6 90
1 10 6 80
11 7 3 80
6 1 8 140
4 8 1 180
4 2 8 180
10 11 6 40
3 10 2 160
4 9 7 40
2 10 7 10
7 8 2 130
5 10 6 30
1 10 7 190
8 11 8 70
3 11 2 10
5 11 8 150
4 11 2 110
11 3 8 120
10 8 8 40
5 11 2 170
9 8 7 70
2 7 5 60
6 10 7 160
6 2 4 120
1 11 1 20
3 10 7 140
5 6 1 130
4 3 3 20
6 8 5 160
6 2 6 120
10 9 6 20
10 5 2 190
1 5 4 70
6 4 6 120
11 2 2 70
4 2 2 130
8 5 1 30
10 11 7 150
8 1 1 20
3 4 3 200
9 2 1 10
8 7 8 140
7 5 1 100
7 10 6 160
6 5 8 170
1 5 8 170
8 3 1 90
10 4 2 200
1 2 3 10
3 2 1 20
2 4 7 100
1 4 8 80
8 7 5 50
5 1 7 130
5 9 2 60
2 10 6 190
7 9 2 140
2 5 3 150
1 10 1 110
5 8 8 160
9 1 1 70
3 10 6 110
9 6 6 70
11 2 7 190
5 9 7 200
2 7 4 10
9 4 3 190
6 3 2 40
4 8 6 110
1 6 8 50
7 8 8 160
11 2 4 110
11 10 7 190
8 5 3 90
2 6 7 190
3 10 3 180
3 5 3 170
5 7 4 40
10 8 3 70
4 2 5 50
7 10 4 180
11 8 1 50
8 2 5 40
6 8 7 160
9 5 2 20
3 7 5 70
11 4 8 40
11 4 5 90
10 11 5 110
6 7 2 10
1 8 7 30
3 1 4 180
1 8 2 190
2 9 7 60
7 2 7 190
3 5 5 110
3 4 6 200
10 8 5 80
1 9 5 110
11 5 6 130
5 9 5 90
6 8 2 170
7 5 8 130
4 6 6 110
2 10 2 60
6 11 2 110
2 5 1 60
9 5 1 80
11 4 3 110
1 9 8 70
11 4 4 180
3 9 5 160
9 11 4 110
1 5 6 110
4 2 7 20
11 10 6 160
6 4 1 180
9 11 8 140
5 8 4 130
7 1 3 190
3 6 5 20
6 9 4 150
2 1 8 130
7 9 6 200
9 1 2 120
11 8 2 140
9 1 4 20
1 3 5 70
4 8 5 190
4 8 4 50
1 10 4 150
6 1 4 170
8 10 5 170
10 8 7 100
1 6 7 70
6 2 5 80
9 6 3 190
10 8 2 200
10 11 2 90
5 3 4 70
6 2 8 90
5 2 6 90
2 10 8 20
4 9 8 170
5 2 3 110
6 4 5 170
1 2 2 80
7 4 1 190
11 3 5 60
7 6 2 160
9 8 4 30
4 7 5 100
8 7 4 60
1 3 6 120
10 4 3 60
9 1 6 80
3 9 3 60
5 8 1 100
4 9 3 180
9 3 7 80
3 6 4 190
6 10 6 10
8 11 5 10
1 8 1 120
4 9 1 70
6 9 2 160
9 8 8 60
8 9 8 120
2 7 2 10
2 5 8 100
2 10 5 120
11 5 4 50
11 7 4 190
1 6 5 180
1 11 6 90
3 11 6 170
8 9 6 80
3 6 3 130
2 7 7 50
4 11 1 150
1 3 2 100
9 10 8 190
6 4 3 60
10 7 4 110
2 7 1 140
5 3 7 90
11 8 8 40
3 9 8 170
2 4 5 180
3 1 5 100
10 3 2 160
3 9 1 30
11 9 2 110
9 10 5 190
4 6 2 10
9 11 5 110
6 2 1 150
11 3 3 50
2 5 6 200
1 2 7 90
5 10 7 20
7 4 4 190
8 11 7 100
2 5 5 120
4 10 6 10
9 1 8 150
10 9 4 170
5 9 3 90
8 10 6 100
11 10 2 110
6 5 1 190
9 2 5 40
8 9 7 60
9 3 2 90
1 10 5 70
4 6 5 170
3 1 8 180
2 9 8 130
5 4 5 160
4 11 3 40
10 7 1 90
9 4 8 190
7 6 3 110
4 9 4 90
11 10 4 20
2 9 5 40
4 10 4 130
8 1 2 100
11 7 6 60
11 8 5 30
1 9 3 80
4 5 2 40
5 10 5 20
8 4 3 180
1 8 6 170
3 11 3 80
4 3 5 170
9 5 5 180
3 8 5 160
2 4 8 190
9 1 3 50
9 8 6 190
9 7 6 90
3 5 1 140
6 8 3 140
2 6 3 50
3 11 1 100
2 1 6 130
11 5 3 190
7 3 1 100
9 7 2 120
4 5 4 160
9 10 2 20
11 3 1 170
7 1 2 180
2 3 8 110
6 1 1 70
4 6 7 180
2 3 6 130
11 10 8 190
5 6 5 60
7 10 1 10
1 3 1 130
9 7 5 90
9 5 8 50
4 8 8 150
3 10 5 90
9 2 7 30
11 9 8 200
6 3 1 70
4 6 8 40
9 3 5 200
10 3 6 20
7 1 7 30
7 4 3 190
10 5 5 120
11 1 2 170
3 9 4 30
2 1 2 10
4 11 8 130
1 4 3 140
8 1 8 180
10 1 7 120
6 9 1 180
8 10 3 80
5 1 1 140
7 1 6 50
1 2 6 110
4 1 1 90
2 3 7 30
3 8 7 170
1 10 2 150
10 9 7 30
11 6 7 190
8 10 8 150
5 8 6 150
10 5 6 100
11 10 3 140
9 7 3 190
4 7 1 180
2 6 6 180
8 11 1 40
5 10 2 40
10 2 5 120
5 1 2 130
7 1 4 110
11 1 5 150
1 6 6 200
11 1 6 170
2 6 8 90
10 3 3 100
5 8 5 190
3 11 8 150
8 1 5 100
1 11 8 160
4 1 7 110
5 3 8 20
1 9 4 10
11 1 1 120
4 3 4 170
5 6 7 100
7 4 5 120
9 10 3 80
11 4 6 110
6 11 1 50
2 9 6 100
5 4 1 160
3 2 8 60
8 1 4 190
7 6 5 130
4 2 4 70
2 1 4 150
8 9 4 40
4 1 5 90
5 2 4 200
8 4 7 80
2 8 6 30
10 7 2 150
4 9 2 200
3 1 7 40
5 3 2 80
2 1 3 120
4 11 4 170
7 3 6 10
7 8 7 60
8 6 7 200
4 1 2 50
7 11 2 110
1 5 5 100
4 10 2 180
1 10 8 200
10 3 8 30
3 7 7 200
5 4 6 170
6 11 3 20
6 5 4 150
6 5 3 140
1 10 3 30
1 4 7 90
8 2 8 50
6 7 1 70
11 1 4 100
7 11 6 90
7 1 8 100
9 2 4 30
10 9 3 40
4 8 2 170
9 10 1 70
8 4 6 130
3 5 8 40
5 4 3 150
11 9 7 60
5 3 3 160
10 2 6 160
10 3 5 190
2 3 2 140
5 3 6 140
1 3 3 160
1 5 3 50
3 7 6 60
9 4 6 90
8 3 4 40
1 3 7 150
9 2 8 20
8 10 2 100
1 11 2 110
6 2 2 200
9 5 3 30
1 6 1 50
7 3 2 110
10 4 6 120
9 1 7 140
7 4 7 120
7 5 3 180
1 4 4 130
6 9 6 190
3 7 3 70
2 1 1 110
9 3 6 160
5 4 8 30
5 8 2 130
3 7 8 90
3 5 7 100
10 5 8 180
4 9 6 80
8 5 7 190
11 9 1 150
3 7 4 170
3 11 5 200
8 2 4 70
7 9 8 110
3 8 8 200
2 6 4 70
7 10 5 50
2 9 1 130
5 9 8 80
10 5 7 50
3 4 7 50
11 2 8 140
7 11 1 50
6 9 8 40
1 9 7 70
8 5 2 100
10 1 4 150
3 1 1 60
10 2 7 70
6 9 7 100
9 4 5 150
3 1 2 20
11 2 3 100
9 3 3 20
5 3 5 190
10 7 7 160
9 2 2 160
6 4 4 30
9 5 6 20
2 10 1 110
10 2 1 140
10 6 3 40
2 4 2 190
3 6 7 30
7 8 5 80
1 5 7 90
3 2 6 20
1 11 3 130
1 2 1 170
11 3 2 120
5 6 3 150
9 5 7 120
5 10 8 140
4 1 6 190
4 11 6 140
3 4 8 50
8 3 2 20
8 4 8 170
8 10 1 70
11 5 7 160
10 2 8 190
7 10 2 190
5 3 1 40
10 11 3 30
7 9 7 180
6 8 8 40
11 7 5 10
1 9 6 150
2 6 5 80
9 1 5 180
6 5 2 170
2 11 3 170
4 7 3 70
7 11 3 10
9 10 7 150
3 4 1 50
5 2 2 40
9 8 2 20
3 11 4 30
7 6 1 140
6 8 1 10
7 1 5 180
3 9 2 120
9 8 1 40
10 11 1 20
5 7 3 70
3 8 3 60
11 9 4 110
2 3 5 100
10 9 8 40
4 2 1 170
10 4 4 110
6 3 6 40
2 8 5 180
6 10 4 30
1 4 1 50
8 11 6 130
2 8 4 150
3 8 4 60
3 2 7 80
6 10 3 130
11 2 1 50
7 6 7 110
7 4 6 200
8 7 3 40
3 2 2 10
5 1 3 190
6 7 7 60
6 3 4 100
4 5 1 150
3 7 2 200
4 11 7 140
9 3 1 170
10 9 5 200
11 9 3 10
9 6 1 190
6 5 6 130
6 10 1 20
11 3 6 60
6 11 8 80
5 2 7 140
8 6 3 140
9 10 6 200
8 4 4 120
7 10 7 150
4 11 5 110
9 7 8 100
10 4 7 180
10 9 1 130
8 7 6 40
4 6 1 140
4 3 7 50
7 9 3 140
8 11 2 100
6 11 5 110
5 8 7 170
1 8 8 170
10 2 2 60
3 10 4 130
11 6 5 190
2 4 4 10
1 6 2 50
10 6 4 200
10 11 4 170
4 5 5 20
1 7 7 70
6 11 4 80
3 6 1 120
6 7 4 20
1 9 1 130
10 8 4 160
11 10 5 100
2 3 3 40
11 4 2 40
8 5 5 190
2 6 2 100
7 6 4 100
2 11 8 170
3 9 7 100
7 5 6 200
4 6 3 170
3 4 5 30
2 3 4 170
3 8 1 110
1 1 1034
1 2 1149
1 3 907
1 4 392
1 5 940
1 6 474
1 7 362
1 8 610
2 1 930
2 2 920
2 3 490
2 4 786
2 5 369
2 6 539
2 7 610
2 8 960
3 1 667
3 2 389
3 3 320
3 4 435
3 5 1168
3 6 385
3 7 421
3 8 792
4 1 496
4 2 444
4 3 1146
4 4 448
4 5 1081
4 6 346
4 7 735
4 8 550
5 1 485
5 2 1088
5 3 1053
5 4 354
5 5 846
5 6 964
5 7 800
5 8 683
6 1 966
6 2 974
6 3 1041
6 4 1103
6 5 463
6 6 954
6 7 503
6 8 313
7 1 871
7 2 897
7 3 554
7 4 555
7 5 570
7 6 881
7 7 757
7 8 870
8 1 1157
8 2 568
8 3 826
8 4 1047
8 5 1167
8 6 901
8 7 1030
8 8 464
9 1 890
9 2 885
9 3 739
9 4 1104
9 5 397
9 6 778
9 7 1078
9 8 612
10 1 1178
10 2 772
10 3 654
10 4 727
10 5 383
10 6 1092
10 7 343
10 8 945
11 1 411
11 2 341
11 3 464
11 4 797
11 5 1052
11 6 561
11 7 736
11 8 596
