7 2 55
5 7 2 10
4 3 1 110
1 3 2 50
6 7 1 120
5 4 2 120
5 1 2 100
1 5 2 50
4 6 2 100
6 3 2 40
7 6 1 60
7 2 2 160
5 3 2 170
6 4 2 140
2 6 2 90
7 5 1 200
5 1 1 100
5 2 1 200
4 2 2 60
4 1 1 40
5 6 2 170
3 1 1 60
1 2 2 130
4 6 1 40
7 4 1 80
2 3 2 80
6 7 2 150
7 4 2 30
1 7 2 200
2 1 1 60
1 4 2 20
4 2 1 190
5 6 1 100
5 2 2 30
3 2 1 20
1 4 1 10
4 5 2 40
2 4 1 140
7 1 2 130
6 3 1 10
3 6 1 20
3 7 2 150
1 7 1 80
4 3 2 20
2 6 1 90
1 6 1 130
3 7 1 30
7 3 1 10
2 4 2 160
7 2 1 120
4 5 1 120
4 1 2 70
2 5 2 10
6 5 1 40
2 3 1 110
1 2 1 150
1 1 713
1 2 1064
2 1 452
2 2 635
3 1 1132
3 2 1123
4 1 673
4 2 722
5 1 1200
5 2 1174
6 1 1149
6 2 398
7 1 1144
7 2 445
