12 8 464
1 10 5 180
3 5 1 60
10 8 2 80
8 2 4 140
1 7 8 200
12 5 3 200
10 7 7 80
12 7 4 190
5 4 8 130
12 6 4 90
4 5 1 40
6 11 4 180
11 2 2 150
4 5 8 110
4 7 1 150
10 9 3 200
9 6 2 50
3 6 2 60
1 6 5 190
7 10 7 120
9 7 1 130
10 3 6 190
8 7 5 170
11 3 7 160
2 10 5 180
8 2 3 60
7 10 2 140
5 1 7 50
10 7 8 40
3 4 8 30
9 5 4 170
2 12 8 160
9 12 1 110
8 1 3 60
8 10 4 160
6 8 6 130
5 4 3 70
3 2 2 160
8 9 3 180
6 7 1 130
1 5 2 100
3 7 4 40
10 2 5 50
6 3 6 40
2 6 2 140
4 1 8 80
2 9 5 70
11 7 8 80
8 4 4 150
8 5 5 90
5 1 5 10
3 8 2 200
12 1 1 170
1 9 6 110
5 9 4 170
6 10 6 180
9 5 2 100
8 11 1 90
8 11 5 30
6 12 1 40
10 5 1 150
6 10 8 20
1 5 5 110
11 4 4 60
2 4 3 150
12 4 7 70
2 10 6 170
3 10 8 40
8 1 6 190
12 5 2 180
9 10 8 200
10 2 4 90
8 12 7 10
5 8 2 10
9 2 2 170
11 5 3 190
2 9 1 190
7 12 5 120
11 6 2 130
8 2 1 20
5 10 4 100
9 1 6 190
11 8 8 160
11 2 1 180
2 1 2 130
6 11 7 180
11 2 5 20
8 11 8 160
9 12 5 90
9 3 3 150
9 1 3 60
3 11 6 60
4 7 7 120
6 4 5 170
12 10 1 100
12 11 7 160
6 2 6 30
7 11 6 110
1 12 8 110
10 5 4 190
11 8 2 80
8 12 8 30
3 11 5 130
2 4 7 190
6 10 7 90
3 10 5 80
5 3 2 170
2 8 6 140
2 5 1 50
5 12 7 20
2 11 1 200
5 9 3 50
5 3 3 190
6 7 6 50
10 3 4 10
3 10 6 190
7 9 1 190
5 7 2 140
9 2 1 100
10 4 5 110
10 11 4 10
11 10 3 130
2 6 3 100
2 4 4 180
5 6 1 160
9 8 7 170
3 7 2 10
6 3 1 70
3 1 6 90
4 7 2 40
10 8 1 100
8 11 7 160
1 12 5 110
3 12 3 160
5 8 3 70
2 6 4 70
8 12 4 70
8 9 1 170
6 4 6 80
2 11 5 30
8 3 6 60
11 3 3 50
12 6 5 20
2 10 7 180
2 7 1 190
11 1 5 50
8 4 1 110
2 11 7 50
8 1 1 10
4 2 3 190
1 8 4 60
11 12 5 100
9 1 2 40
9 10 6 100
1 2 6 140
1 7 6 130
3 10 7 170
11 10 7 120
9 8 8 80
3 5 4 120
4 11 1 90
5 3 1 170
9 7 5 180
1 2 1 70
2 4 8 10
12 7 8 60
4 11 6 170
9 2 3 10
10 4 4 40
6 2 8 40
4 6 5 30
9 11 1 40
5 12 6 100
5 12 1 200
12 11 1 140
5 4 6 120
5 6 5 160
7 6 2 20
12 4 6 10
6 10 4 130
9 7 7 130
8 7 1 30
3 8 7 180
9 11 6 40
6 2 2 70
3 2 3 80
5 1 2 90
3 7 5 110
6 9 6 120
8 9 5 170
6 4 8 70
12 10 8 100
8 3 3 180
5 6 6 20
1 2 5 100
11 1 3 50
9 1 5 160
10 4 3 130
2 9 4 200
12 5 6 110
11 8 7 120
5 7 1 20
1 5 6 80
6 3 2 60
5 4 2 50
1 11 6 170
12 5 1 80
10 11 1 50
10 2 8 50
1 8 2 200
12 8 7 60
7 11 4 30
8 3 1 190
3 1 8 20
8 5 3 100
6 4 3 130
1 7 2 10
6 2 3 60
6 5 6 60
8 2 8 40
7 6 6 110
7 8 8 40
10 7 5 140
12 11 8 120
4 10 8 100
6 2 4 150
6 8 8 20
4 9 8 150
1 8 5 180
4 10 6 130
3 6 8 40
9 12 4 150
4 9 5 30
4 1 1 130
6 10 2 200
7 4 6 200
6 5 7 70
8 6 1 150
1 11 7 140
9 11 7 130
8 4 3 200
6 2 5 200
11 10 1 40
11 12 3 170
1 8 7 60
2 5 7 30
1 9 4 160
12 3 2 150
10 8 7 10
10 4 7 20
8 1 7 40
3 9 1 110
7 3 8 120
10 11 2 20
8 2 7 30
4 1 5 30
4 7 4 80
9 4 8 130
11 1 1 50
5 2 8 110
1 11 5 20
10 7 2 50
5 3 4 160
9 5 1 100
5 8 7 200
1 7 5 150
1 5 4 40
12 10 7 30
8 7 2 200
5 10 3 150
3 12 6 130
5 3 6 180
12 6 2 50
7 3 6 130
8 12 5 190
7 1 1 200
5 4 4 30
6 4 4 70
12 9 3 110
10 1 8 170
4 10 3 170
8 6 7 30
7 8 6 170
9 7 4 80
9 3 5 120
10 5 5 140
1 5 3 40
4 9 6 90
6 9 7 80
10 6 3 200
7 2 7 200
1 7 3 100
2 1 1 130
7 11 5 40
10 3 2 160
5 9 5 70
2 1 5 30
12 8 8 40
12 9 1 70
8 5 8 200
7 6 7 70
9 4 4 40
2 5 6 120
7 12 8 200
12 3 7 70
3 4 5 80
10 9 2 120
11 7 2 30
1 12 4 200
7 4 5 70
3 4 2 150
3 8 6 180
3 12 5 90
6 9 2 70
5 11 5 190
7 10 8 190
5 7 5 60
2 12 1 10
11 4 3 140
6 9 5 200
12 6 7 10
9 12 6 160
8 10 3 40
8 2 5 10
11 2 7 40
3 2 1 40
9 7 8 110
11 10 5 110
1 12 1 120
10 8 8 90
11 6 3 170
8 7 6 150
9 5 6 200
12 9 7 10
9 4 1 190
4 1 2 170
10 4 2 40
12 2 4 110
10 9 5 90
6 1 3 90
7 3 7 150
8 7 8 170
10 9 7 30
9 1 7 110
12 3 3 130
3 2 7 150
9 12 2 100
4 2 4 80
8 10 5 170
3 10 1 60
4 6 4 20
12 9 2 110
10 3 3 70
10 4 1 200
7 6 5 180
9 8 2 20
11 6 6 180
12 2 7 190
4 3 7 50
10 1 1 170
2 7 3 130
7 2 4 120
11 4 6 20
11 10 4 70
4 5 7 40
12 9 8 50
6 7 5 160
8 12 6 110
2 7 2 80
11 5 4 20
6 12 2 100
10 12 1 120
2 4 5 100
9 4 7 180
6 3 8 110
5 2 2 80
3 7 3 40
6 4 1 80
10 9 8 110
2 10 3 170
11 10 2 130
2 10 2 40
11 1 7 60
4 11 2 180
12 1 3 100
12 1 4 190
5 4 7 170
12 1 2 140
8 6 3 60
7 9 2 170
8 1 5 180
9 8 1 60
10 6 7 70
8 11 6 110
12 4 2 170
6 9 4 150
2 11 6 70
2 10 4 130
9 6 8 70
11 12 7 70
1 8 1 170
3 11 7 70
11 2 4 150
8 6 5 70
1 10 1 190
6 1 4 90
2 3 6 160
6 8 1 140
1 12 3 20
11 5 5 100
4 8 1 120
8 12 3 10
3 11 4 180
7 11 1 20
1 8 3 120
7 8 3 80
9 2 7 70
1 7 1 50
9 8 4 180
5 9 8 190
2 3 8 10
3 12 4 160
2 8 5 190
1 3 1 180
1 9 5 120
7 9 8 50
2 7 4 60
1 3 3 150
7 12 1 100
10 1 4 170
4 12 1 30
6 11 2 100
1 5 7 170
2 3 1 30
1 5 8 30
11 8 6 120
5 2 1 140
3 8 4 50
8 4 2 110
12 4 3 40
11 12 8 100
11 9 2 70
6 3 7 20
8 12 1 10
11 5 6 160
9 10 7 60
10 8 4 100
12 9 6 30
5 12 4 190
11 8 1 170
9 4 2 130
11 6 4 140
11 4 7 30
2 11 8 180
9 5 5 160
4 8 8 100
3 6 7 80
12 5 4 110
4 2 1 10
6 2 7 60
4 9 7 60
10 11 5 150
7 12 4 10
1 4 1 60
1 1 958
1 2 706
1 3 1100
1 4 686
1 5 703
1 6 911
1 7 694
1 8 528
2 1 602
2 2 1150
2 3 1169
2 4 480
2 5 744
2 6 1087
2 7 764
2 8 1067
3 1 1030
3 2 1016
3 3 620
3 4 452
3 5 951
3 6 851
3 7 824
3 8 943
4 1 973
4 2 594
4 3 771
4 4 1088
4 5 552
4 6 1095
4 7 859
4 8 557
5 1 552
5 2 614
5 3 741
5 4 415
5 5 330
5 6 1088
5 7 857
5 8 792
6 1 513
6 2 679
6 3 580
6 4 756
6 5 696
6 6 1121
6 7 326
6 8 814
7 1 402
7 2 972
7 3 841
7 4 602
7 5 478
7 6 1053
7 7 378
7 8 1130
8 1 1073
8 2 597
8 3 845
8 4 430
8 5 1145
8 6 1056
8 7 450
8 8 627
9 1 1063
9 2 767
9 3 1198
9 4 602
9 5 533
9 6 402
9 7 1122
9 8 1122
10 1 825
10 2 1116
10 3 676
10 4 590
10 5 847
10 6 333
10 7 813
10 8 1027
11 1 1056
11 2 1034
11 3 697
11 4 423
11 5 443
11 6 1000
11 7 449
11 8 350
12 1 842
12 2 1141
12 3 847
12 4 896
12 5 1030
12 6 571
12 7 1130
12 8 672
