10 3 222
3 2 3 160
2 1 2 120
8 10 2 170
1 9 2 80
7 4 3 180
9 8 1 200
9 8 3 50
1 5 1 30
9 2 3 100
10 9 1 100
7 6 3 80
9 7 2 180
4 2 2 100
8 1 3 40
4 9 3 70
6 4 3 30
4 9 2 60
2 6 2 60
7 1 3 200
4 10 3 130
4 8 3 20
2 5 1 130
1 3 2 160
3 2 2 30
1 4 2 20
2 10 2 190
2 8 1 130
2 8 2 70
7 1 1 80
1 7 3 80
1 4 3 200
8 3 3 170
5 6 1 190
5 4 2 60
6 4 1 50
3 4 3 30
8 3 2 10
7 10 2 160
3 7 1 200
5 8 1 140
9 5 1 90
9 4 1 100
4 2 3 180
4 3 2 180
9 10 1 180
9 5 3 50
10 7 3 100
3 6 3 160
9 7 1 100
3 10 3 140
1 8 3 100
2 8 3 70
10 1 2 60
8 4 3 120
3 1 1 80
2 1 3 110
8 5 3 150
3 1 3 150
1 8 1 180
9 2 2 150
3 8 1 190
3 5 1 140
2 9 2 40
10 6 3 190
4 1 2 100
3 8 2 140
10 2 2 170
6 8 3 20
1 10 2 20
6 7 3 150
6 2 3 120
9 4 3 50
3 5 3 60
1 5 2 100
1 4 1 30
6 7 1 160
5 8 2 30
6 10 3 40
4 6 2 40
8 1 1 170
10 7 1 70
5 2 1 80
2 7 1 180
6 4 2 110
8 9 2 100
3 6 1 10
7 5 1 200
9 6 2 20
3 9 3 200
1 6 1 50
6 5 1 10
2 5 3 20
2 7 2 10
8 2 3 60
2 3 3 50
9 6 1 120
3 9 2 10
9 1 2 30
9 1 1 50
3 9 1 60
1 6 2 190
10 6 1 40
1 3 3 90
7 2 3 50
2 9 3 50
1 10 1 30
4 2 1 170
5 1 2 140
3 5 2 110
4 3 3 130
8 4 1 120
4 8 1 40
2 6 3 100
5 7 1 140
10 3 2 130
8 5 1 30
10 2 1 10
1 8 2 20
6 7 2 100
3 2 1 130
5 3 1 160
7 2 2 110
10 9 2 90
7 4 1 200
10 8 1 150
5 2 3 150
8 2 1 110
6 2 1 100
3 10 1 200
6 1 2 200
6 9 1 130
10 5 3 30
5 10 1 100
7 1 2 60
7 6 1 20
2 1 1 50
10 8 2 120
3 7 3 180
4 10 1 200
8 1 2 150
4 8 2 70
1 7 2 110
6 3 3 120
9 10 2 80
6 5 2 160
10 9 3 20
10 5 1 150
7 4 2 180
9 6 3 10
2 3 2 80
2 4 3 130
4 7 1 30
5 7 3 70
3 1 2 20
1 10 3 90
6 10 2 110
8 9 1 30
7 9 3 200
1 2 1 190
1 9 1 120
2 10 1 20
4 5 2 150
9 7 3 160
1 6 3 60
8 9 3 110
10 1 1 20
3 8 3 150
5 1 3 50
2 10 3 30
7 3 2 190
8 4 2 130
4 3 1 110
2 4 1 100
2 5 2 10
10 2 3 110
9 4 2 130
8 6 3 70
9 10 3 170
6 1 3 50
5 6 2 40
6 3 1 140
7 9 2 20
10 6 2 160
10 7 2 90
1 2 2 80
5 3 3 160
2 7 3 140
6 10 1 40
2 4 2 190
7 8 1 60
7 10 1 10
9 5 2 80
1 3 1 40
9 8 2 140
2 9 1 190
5 9 3 190
8 10 1 130
5 6 3 20
6 1 1 190
2 3 1 20
6 2 2 190
5 4 3 150
7 6 2 50
8 7 1 20
8 6 2 60
10 8 3 180
4 10 2 170
10 3 1 140
5 9 1 70
1 2 3 150
7 3 3 70
3 4 1 60
10 4 2 150
3 4 2 90
8 6 1 20
7 2 1 40
5 2 2 110
3 7 2 100
4 6 1 70
5 9 2 200
1 7 1 140
7 10 3 10
1 1 352
1 2 1098
1 3 666
2 1 600
2 2 1018
2 3 1175
3 1 645
3 2 494
3 3 801
4 1 574
4 2 850
4 3 909
5 1 398
5 2 600
5 3 1016
6 1 1184
6 2 558
6 3 1089
7 1 741
7 2 570
7 3 463
8 1 344
8 2 660
8 3 386
9 1 1177
9 2 922
9 3 960
10 1 774
10 2 1028
10 3 743
