5 3 53
2 4 2 10
2 4 1 110
1 5 3 20
4 1 1 60
5 2 1 140
2 3 3 30
2 1 3 110
2 1 2 30
4 3 2 40
4 5 3 60
3 2 2 40
3 1 1 30
5 3 2 130
1 3 2 160
3 5 3 40
1 4 1 190
4 1 2 170
3 5 2 40
5 3 1 70
1 4 2 190
3 4 2 130
5 4 1 20
1 4 3 190
2 5 3 30
3 2 1 80
4 2 2 130
5 1 3 140
2 3 2 100
2 1 1 180
2 4 3 40
4 2 1 170
5 2 3 150
1 2 2 110
5 1 1 20
3 2 3 70
5 1 2 120
1 2 3 60
5 4 3 170
3 1 3 20
4 3 1 60
4 1 3 20
2 3 1 170
3 1 2 190
5 4 2 80
3 4 3 70
1 5 2 190
3 4 1 60
4 2 3 130
4 5 2 90
3 5 1 170
1 3 1 150
5 2 2 190
1 5 1 60
1 1 375
1 2 667
1 3 1136
2 1 834
2 2 586
2 3 652
3 1 469
3 2 715
3 3 359
4 1 569
4 2 609
4 3 882
5 1 854
5 2 601
5 3 1109
