7 3 105
7 1 3 40
3 5 2 200
5 7 1 30
7 1 2 150
3 7 1 190
7 3 2 180
3 1 2 130
6 2 3 140
2 6 1 150
3 7 3 30
4 6 1 10
7 2 2 160
1 3 2 90
1 3 1 150
2 3 2 100
3 2 3 200
4 5 1 70
1 6 1 30
6 4 2 130
5 6 1 100
6 4 3 80
3 6 3 40
5 6 2 170
7 4 1 20
7 2 1 80
6 3 1 70
1 5 3 170
5 1 3 40
7 2 3 40
5 3 1 160
4 5 3 120
4 2 3 130
7 4 3 140
4 1 3 130
5 2 2 20
4 7 1 110
7 6 3 100
5 7 3 180
6 7 1 10
6 3 3 190
1 5 1 170
6 5 2 80
3 4 1 110
1 2 3 140
5 6 3 100
5 2 3 40
1 4 3 70
2 4 2 160
6 2 2 60
7 4 2 120
2 1 2 120
5 4 2 30
5 1 2 20
3 5 3 100
3 2 2 190
3 2 1 140
6 1 1 200
3 4 3 50
5 4 3 110
2 5 2 200
6 7 3 160
7 1 1 100
3 4 2 120
6 2 1 50
7 6 2 200
7 5 3 80
4 7 3 190
3 7 2 150
1 7 2 40
2 1 1 120
5 4 1 70
6 1 3 170
2 6 2 140
2 5 3 90
2 7 2 110
7 5 2 70
5 3 3 170
6 1 2 120
6 5 3 90
5 1 1 60
6 5 1 40
6 7 2 60
5 3 2 120
4 1 2 40
4 3 2 120
1 6 2 50
1 7 3 90
7 6 1 90
3 6 2 130
4 6 3 100
4 1 1 160
4 5 2 180
1 6 3 200
4 7 2 140
7 3 3 140
4 3 1 180
6 4 1 170
1 7 1 90
1 2 2 70
3 1 3 110
3 1 1 140
2 4 1 200
5 7 2 40
3 5 1 50
3 6 1 50
1 1 758
1 2 572
1 3 978
2 1 632
2 2 668
2 3 1021
3 1 578
3 2 636
3 3 581
4 1 690
4 2 456
4 3 1113
5 1 1040
5 2 1069
5 3 887
6 1 984
6 2 1092
6 3 373
7 1 602
7 2 599
7 3 575
