1000
50
449069564 589649758
331791165 715891374
518893222 744025891
290211365 633528699
409411157 869643681
451121917 952265766
535238210 780163729
278228525 609792684
567297376 851044720
595024980 912348874
626229048 981339292
465961254 626996323
461664197 973148271
265381349 584344563
430285444 548119138
527135806 762249775
559026756 832758850
496450404 694406098
533906500 777219394
462057077 973926501
501328668 705191662
504931294 713156863
396642244 473735938
610332636 946193230
395804413 842690982
441168957 932550606
447401422 585961591
397735648 476153392
389857532 458735326
325858677 704140101
284147917 621518016
323501397 699470721
538644584 787695028
458783077 967441251
231397229 517027668
421341960 528345604
429225405 908892414
776856125 576127229
421263037 893120286
403151269 857243883
376396141 804246420
387252725 825751509
359790413 771353232
425021589 900565353
574839060 867718954
542639714 796528033
325806293 704036337
416898254 518520823
425885925 902277459
276408181 606186885
464348877 978466176
529000200 766371844
461629692 617419486
512655212 730234006
525187304 757941748
413091133 876933102
555017608 823894852
413912420 511919314
463690338 621975457
368630213 788863407
419508173 889644192
326513477 705437151
341311957 734750481
474932774 646831843
516019532 737672326
605244102 934942771
408683706 500358925
601403170 926450689
367477765 786580599
292555549 638172138
616780916 960450010
419390309 889410723
339321365 730807449
406281213 863443782
442963109 936104523
523743450 754749469
435092413 920513982
342451309 737007348
592824154 907482973
237342813 528804882
601949872 927659416
393735245 838592304
613038110 952174879
429332220 546011614
450309965 950657424
440574656 570868000
267515997 588572946
304014549 660870513
252115101 558066330
267751725 589039884
441954717 934107066
366482469 784609083
425702581 901914285
449798500 591261394
429542490 546476509
471761213 993148782
434948357 920228631
312160261 677005815
431294573 912991092
238495261 531087690
572554126 862667095
383363213 818047032
466774298 628793917
414304924 512787118
266730237 587016486
442216637 934625886
457578490 608462509
474946792 646862836
444513714 579577033
541083716 793087810
403160614 488147683
301290581 655474785
419379440 524006584
604529184 933362128
558802468 832262962
306083717 664969191
422449382 530794051
589347690 899796709
592655938 907111057
480035326 658113295
423685797 897919371
543074272 797488816
608776638 942753007
605987056 936585400
535855002 781527421
591912984 905468428
241664493 537365412
565629234 847356553
340460717 733064316
296471253 645928497
423262426 532591645
619486390 966431659
235443893 525043437
477357888 652193632
441758277 933717951
456106600 605208244
418860774 522859843
596426780 915448174
461860637 973537386
613192308 952515802
289910157 632932056
480287650 658671169
229039949 512358288
333690085 719652819
571741082 860869501
274967621 603333375
535069994 779791813
316115253 684839997
421187762 528004681
425281018 537054637
385750258 449654377
357616477 767047026
298029677 649015476
551807486 816797455
509487144 723229588
494375740 689819134
465190264 625291708
435373978 559369597
468933070 633566839
253123493 560063787
625850562 980502481
234527173 523227567
468788421 987260175
547728248 807778492
621771324 971483518
342582269 737266758
348344509 748680798
624014204 976442398
464532221 978829350
415173397 881057721
475914034 649001353
628135496 985554340
304420525 661674684
570871966 858947935
384816869 820926483
501623046 705842515
389112357 829435131
433775926 555836395
386440773 824143167
376121125 803701659
442701189 935585703
387449165 826140624
239346501 532773855
438680717 927621816
579703306 878473525
413195901 877140630
270161389 593813028
255912941 565589220
459765277 969386826
355638981 763129935
500992236 704447830
517337224 740585668
265787325 585148734
617327618 961658737
408625397 868087221
280638189 614565828
474707813 998985507
618813526 964943995
396577077 844221501
446938828 584938822
622626422 973374091
422155004 530143198
269349437 592204686
262749053 579130422
453872077 957713376
465975272 627027316
585829172 892017466
548527274 809545093
445200596 581095690
253241357 560297256
430024261 910474815
628934522 987320941
321379845 695268279
580488314 880209133
240145357 534356256
233937853 522060222
440420458 570527077
278398773 610129917
317176029 686941218
442635709 935455998
258361893 570440187
438222357 926713881
606926262 938661931
237814269 529738758
290800685 634696044
462779168 619960912
533696230 776754499
410604172 504604966
628373802 986081221
419673818 524657437
345096701 742247430
452051733 954107577
410239704 503799148
615252954 957071773
470687341 991021620
393342365 837814074
329054101 710469705
286623061 626420865
502239838 707206207
562531256 840507100
401265445 853508379
319690461 691921890
359030845 769848654
361558373 774855267
625598238 979944607
614047406 954406375
434911384 558346828
499968922 702185341
461966124 618163318
405193224 492641668
459084285 968037894
502141712 706989256
402653621 856258125
396417956 473240050
315512837 683646711
348501661 748992090
447233206 585589675
330062493 712467162
585688992 891707536
409763092 502745386
411820821 874416825
465828725 981397509
504791114 712846933
394245166 468436135
272990125 599416284
436467493 923237787
562152770 839670289
422336909 895247448
441738150 573440419
276067685 605512419
368970709 789537873
292306725 637679259
333349589 718978353
381097605 813559239
618771472 964851016
338496317 729173166
414584077 879890376
589656086 900478555
534523292 778583086
440140098 569907217
288364829 629871018
412763733 876284577
559461314 833719633
318014173 688601442
489918016 679963360
450205197 950449896
250281661 554434590
364059709 779809998
514337372 733953166
318616589 689794728
560568736 836168080
407892021 866634525
466745445 983213379
387754832 454086376
600660216 924808060
428046765 906557724
435393621 921110625
470006349 989672688
297374877 647718426
317058165 686707749
462436861 974678790
271300741 596069895
395282498 470729617
231790109 517805898
632607238 995441107
263456237 580531236
631836248 993736492
463157654 620797723
386427677 824117226
539639862 789895531
606281434 937236253
421485669 893561283
459106452 611840746
269978045 593449854
531733710 772415479
617425744 961875688
455223466 603255685
439088748 567582742
582787266 885291985
291023317 635137041
388301534 455295103
310300629 673322193
373292389 798098403
398397421 847827300
465422749 980593338
411150874 505813693
401671421 854312550
592683974 907173043
417472992 519791536
473587046 643856515
295279517 643567866
365041909 781755573
594001666 910086385
376304469 804064833
537453054 785060623
400076654 481329223
616654754 960171073
354434149 760743363
587287044 895240738
413313765 877374099
330730389 713790153
297060573 647095842
409646885 870110619
631668032 993364576
464573472 623928016
591296192 904104736
563246174 842087743
403242941 857425470
444107192 578678236
279695277 612698076
348658813 749303382
237958325 530024109
414020949 878774913
435331924 559276618
520603418 747807037
339478517 731118741
608468242 942071161
471224277 992085201
253084205 559985964
461035589 971903103
595936150 914363419
452248173 954496692
449445629 948945318
406739573 864351717
435956749 922226088
324876477 702194526
630266232 990265276
530037532 768665326
362606053 776930547
354499629 760873068
464728661 979218465
633784750 998044519
259213133 572126352
531901926 772787395
476839222 651046891
553573754 820702573
497683988 697133482
602342376 928527220
487114416 673764760
629929800 989521444
483483754 665737573
322951365 698381199
548148788 808708282
631457762 992899681
427876517 906220491
591282174 904073743
302770429 658406118
512669230 730264999
514856038 735099907
354525821 760924950
353006685 757915794
391315404 461958598
345830077 743700126
261098957 575861856
477946644 653495338
545373224 802571668
559755692 834370486
604234806 932711275
342202485 736514469
407289605 865441239
409594501 870006855
352535229 756981918
486189228 671719222
292503165 638068374
421145708 527911702
453134784 598637728
581427520 882285664
572778414 863162983
472563732 641594026
462816645 975431079
394979365 841056699
430720002 549079921
422520253 895610622
386577320 451482964
279119053 611556672
255624829 565018518
572119568 861706312
281031069 615344058
360288061 772338990
388077246 454799215
364924045 781522104
568026312 852656356
608089756 941234350
305913469 664631958
445845424 582521368
376448525 804350184
587595440 895922584
474393509 998362923
340591677 733323726
458219949 966325788
565082532 846147826
360811901 773376630
295056885 643126869
583614328 887120572
327718309 707823723
574614772 867223066
402165336 485947180
337671269 727538883
588899114 898804933
391600597 834363921
498244708 698373202
320541701 693608055
256868949 567482913
429199213 908840532
439139077 928529751
369638605 790860864
348986213 749951907
450899285 951824769
308611245 669975804
455338829 960618768
388234925 827697084
564872262 845682931
417669244 520225438
475185098 647389717
432822702 553728871
449170613 948400557
422664309 895895973
262840725 579312009
414262870 512694139
428154708 543408202
334161541 720586695
229380445 513032754
253660429 561127368
405089477 861083151
344035925 740146209
382826277 816983451
625458058 979634677
437700966 564514435
475030900 647048794
579226694 877419763
377496205 806425464
531074864 770958808
541938814 794978383
436257112 561322156
522986478 753075847
232038933 518298777
619304156 966028750
365316925 782300334
423646509 897841548
489469440 678971584
627714956 984624550
460118869 970087233
556657714 827521033
359502301 770782530
548036644 808460338
283375253 619987497
505716302 714892471
417308045 885286104
603814266 931781485
380940453 813247947
320698853 693919347
607206622 939281791
408403346 499739065
385249037 821782536
452549381 955093335
446658468 584318962
562629382 840724051
429934994 547344313
620131218 967857337
482432404 663413098
529911370 768386389
240590621 535238250
376199701 803857305
471820778 639951397
241716877 537469176
478927904 655664848
438575949 927414288
407119357 865104006
365631229 782922918
623972150 976349419
280310789 613917303
469338453 988349697
331070885 714464619
586123550 892668319
321222693 694956987
467306982 629971651
334436557 721131456
430207605 910837989
538770746 787973965
501174470 704850739
597940724 918795418
276512949 606394413
386846749 824947338
348488565 748966149
418089784 521155228
399680829 850369518
632985724 996277918
473629100 643949494
336964085 726138069
412698253 876154872
523813540 754904434
432027949 914443788
453191085 956364444
459175957 968219481
319271389 691091778
453728021 957428025
471237373 992111142
408520629 867879693
406468862 495462031
395366606 470915575
354303189 760483953
607136532 939126826
397763684 476215378
283558597 620350671
323946661 700352715
371013685 793584669
368067085 787747944
359043941 769874595
440098044 569814238
386558637 824376636
234370021 522916275
279813141 612931545
622710530 973560049
245606389 545173653
337147429 726501243
498468996 698869090
566722638 849774007
443196022 576663691
424720381 899968710
439649821 929541450
324941957 702324231
454858998 602449867
380036829 811458018
358926077 769641126
549312282 811280701
361034533 773817627
461611813 973044507
407472949 865804413
364308533 780302877
412328386 508417105
528972164 766309858
241808549 537650763
465835092 626717386
450681634 593213953
406058581 863002785
432374126 552737095
275150965 603696549
246365957 546678231
327443293 707278962
342634653 737370522
623074998 974365867
477049492 651511786
464244109 978258648
481759540 661925434
479194246 656253715
257707093 569143137
466732349 983187438
615295008 957164752
335628293 723492087
390250036 459603130
286269469 625720458
467321669 984354783
398016008 476773252
456933662 607036831
624869302 978332971
407478158 497693527
352194733 756307452
507076048 717898792
388694038 456162907
376605677 804661476
384437085 820174194
493268318 687370687
483259466 665241685
472704125 995016534
437112210 563212729
323056133 698588727
280991781 615266235
551386946 815867665
286086125 625357284
435969845 922252029
294677101 642374580
568671140 854082034
607557072 940056616
440383197 930994146
421384014 528438583
437619941 925520595
301775133 656434602
298448749 649845588
416456805 883599939
239529845 533137029
425388277 901291701
390029077 831251001
464479837 978725586
561676158 838616527
230428125 515108034
411310077 873405126
512683248 730295992
283021661 619287090
534284986 778056205
472493642 641439061
447769341 945624870
409398061 869617740
338024861 728239290
354761549 761391888
456022492 605022286
616374394 959551213
410786237 872367486
601501296 926667640
596973482 916656901
534509274 778552093
437161581 924612660
240512045 535082604
345581253 743207247
315814045 684243354
577081940 872677834
361741717 775218441
504174322 711483241
476642970 650612989
585058182 890312851
345122893 742299312
237709501 529531230
491838482 684209401
582899410 885539929
409370588 501877582
373174525 797864934
600688252 924870046
226866013 508052082
374562701 800614680
304918173 662660442
434280461 918905640
518668934 743530003
440798944 571363888
601291026 926202745
309698213 672128907
387740814 454055383
466998586 629289805
317961789 688497678
547335744 806910688
621659180 971235574
463311852 621138646
618841562 965005981
444063173 938283567
537873594 785990413
437947341 926169120
448581293 947233212
356516413 764867982
484408942 667783111
538938962 788345881
312212645 677109579
354735357 761340006
371432757 794414781
473777997 997143696
240341797 534745371
613094182 952298851
466640677 983005851
581006980 881355874
439034309 928322223
549214156 811063750
502351982 707454151
426619301 903730155
317673677 687926976
402473732 486629026
559825782 834525451
459987909 969827823
530766468 770276962
557400668 829163662
353753157 759394431
629719530 989056549
426150134 538976203
475113789 999789678
264228901 582061755
589025276 899083870
412370853 875506347
604178734 932587303
388245462 455171131
248160109 550232148
420374718 526207087
541223896 793397740
238560741 531217395
442691374 575547943
462869029 975534843
301539405 655967664
307733813 668237757
622822674 973807993
479460588 656842582
265761133 585096852
528159120 764512264
541630418 794296537
575119420 868338814
471106413 991851732
345489581 743025660
422389293 895351212
368198045 788007354
343027533 738148752
282524013 618301332
583221824 886252768
604318914 932897233
623103034 974427853
447468133 945028227
498665248 699302992
593062460 908009854
283519309 620272848
441177430 572200699
486021012 671347306
227900597 510101421
390236018 459572137
503641638 710305507
350138661 752234715
393473325 838073484
272885357 599208756
565503072 847077616
383297733 817917327
614481964 955367158
562881706 841281925
471617157 992863431
465579901 980904630
245383757 544732656
444023084 578492278
394429333 839967177
564577884 845032078
418916846 522983815
550055236 812923330
399586024 480244468
282929989 619105503
423515549 897582138
466886442 629041861
553713934 821012503
347467077 746942751
508407758 720843127
421367805 893327814
602650772 929209066
609870042 945170461
568054348 852718342
469744429 989153868
495216820 691678714
538266098 786858217
449589685 949230669
602861042 929673961
554148492 821973286
331411381 715139085
564998424 845961868
376959269 805361883
456255549 962434638
429528472 546445516
623677772 975698566
461467757 972759156
254144981 562087185
457722301 965340030
525860168 759429412
267542189 588624828
275504557 604396956
506150860 715853254
620453632 968570176
606001074 936616393
517042846 739934815
624448762 977403181
532462646 774027115
237499965 529116174
419099080 523386724
558045496 830589340
389268776 457433620
625401986 979510705
505365852 714117646
538139936 786579280
424411902 535133071
486231282 671812201
532574790 774275059
442269021 934729650
314163949 680974788
293891341 640818120
376644965 804739299
236124885 526392369
465456606 625880575
428042564 543160258
614439910 955274179
441191448 572231692
554989572 823832866
254236653 562268772
459516453 968893947
258257125 570232659
558087550 830682319
544840540 801393934
456360317 962642166
305062229 662945793
567956222 852501391
469953965 989568924
314543733 681727077
529420740 767301634
407968788 498778282
524920962 757352881
517267134 740430703
303569285 659988519
496870944 695335888
418473589 887594853
562839652 841188946
348842157 749666556
398086098 476928217
398296368 477393112
497613898 696978517
392438741 836024145
268000549 589532763
312762677 678199101
577390336 873359680
271942445 597341004
264543205 582684339
621448910 970770679
515753190 737083459
448803222 589060891
469115304 633969748
245292085 544551069
447350269 944794758
430495714 548584033
394637670 469303939
435570230 559803499
507664804 719200498
342490597 737085171
301159621 655215375
444681930 579948949
458704501 967285605
560989276 837097870
342922765 737941224
561227582 837624751
372008981 795556185
389649293 830498712
309017221 670779975
286832597 626835921
583964778 887895397
437574804 564235498
473404812 643453606
462484790 619310059
341220285 734568894
470643266 637347985
499296058 700697677
625303860 979293754
584441390 888949159
591590570 904755589
429794814 547034383
486217264 671781208
406752669 864377658
495062622 691337791
544742414 801176983
425414469 901343583
628107460 985492354
255690309 565148223
379211781 809823735
601487278 926636647
466431141 982590795
496688710 694932979
304027645 660896454
555382076 824700670
497235412 696141706
373816229 799136043
576815598 872088967
555101716 824080810
508491866 721029085
307615949 668004288
394337661 839785590
449576589 949204728
272715109 598871523
539359502 789275671
449728410 591106429
293367501 639780480
490576862 681420031
405319386 492920605
260077469 573838458
254066405 561931539
507889092 719696386
403596533 858125877
402404797 855765246
367307517 786243366
504356556 711886150
396498501 844065855
414585284 513406978
415412346 515235565
448424736 588224080
632551166 995317135
542864002 797023921
295122365 643256574
394343292 468653086
349248133 750470727
229956669 514174158
387600634 453745453
459779316 613328410
583376022 886593691
235011725 524187384
509921702 724190371
622374098 972816217
319572597 691688421
472115156 640602250
553615808 820795552
389002434 456844753
416365570 517343089
418264053 887179797
385733589 822742353
391441566 462237535
250740021 555342525
261675181 577003260
499310076 700728670
414823590 513933859
386951517 825154866
247112429 548156868
369049285 789693519
503010828 708910822
391427548 462206542
233112805 520425939
490913294 682163863
413169709 877088748
243249109 540504273
584960056 890095900
510314206 725058175
436506781 923315610
532799078 774770947
471133896 638432740
463101582 620673751
520014662 746505331
310339917 673400016
404971613 860849682
557681028 829783522
537088586 784254805
341298861 734724540
408913509 868657923
526392852 760607146
414627338 513499957
414531693 879786612
379892773 811172667
572245730 861985249
272793685 599027169
611986760 949850404
418678540 522456934
246745741 547430520
419617746 524533465
261439453 576536322
580235990 879651259
373501925 798513459
497277466 696234685
410380261 871563315
621266676 970367770
470242077 990139626
614061424 954437368
407669389 866193528
539093160 788686804
590427076 902183170
383192965 817709799
340002357 732156381
288443405 630026664
622135792 972289336
236845165 527819124
419155152 523510696
364190669 780069408
620215326 968043295
415134109 880979898
522720136 752486980
589600014 900354583
421131690 527880709
453653450 599784469
399130797 849279996
453331036 599071630
400924949 852833913
408101557 867049581
474189820 645189214
508435794 720905113
403931604 489852298
466300181 982331385
436362725 923030259
467243093 984199137
413057322 510028741
488390054 676585123
297322493 647614662
613640884 953507578
617299582 961596751
