1000
50
179189561 653237294
775285118 853378017
117110895 435040133
96185449 361490342
697164870 718124769
258945727 933568205
157146897 575760650
674418482 678742881
273823111 985859969
220045799 796840817
183479301 668315084
735810519 785033793
134844963 497372711
236393951 854302109
704575683 730955457
215006533 779128556
274921473 989720546
245529683 886412831
253821609 915557702
684714041 696568065
158853365 581758628
184341963 671347211
824906065 939289089
193538977 703673330
653528942 642575841
174122011 635425619
641509167 621765441
655634475 646221249
183342595 667834583
806254690 906997089
259148429 934280672
133591039 492965357
808642066 911130465
651705252 639418401
741729222 795281121
633252825 607470849
125105839 463141157
657358691 649206465
703514627 729118401
126642603 468542651
207624409 753181502
116677207 433515785
210122829 761963072
820628683 931883457
613556973 573370497
723790744 764223393
806901271 908116545
661669231 656669505
275878415 993084053
99551245 373320608
117935845 437939708
611302229 569466753
743204753 797835777
115418569 429091862
81091221 308436404
650942618 638098017
222383943 805059041
149232091 547941299
140511191 517288649
836610839 959554113
106909799 399184817
111614371 415720679
108093013 403343636
813632345 919770369
625261747 593635521
88143365 333223628
670240574 671509473
244087199 881342717
712185444 744130593
144720793 532084766
80751813 307243436
819517890 929960289
810183913 913799937
222030393 803816366
194147083 705810731
691179851 707762625
744531073 800132097
254797407 918987485
119566889 443672582
756948744 821631393
78800217 300383870
623007003 589731777
146318839 537701657
803535734 902289633
216689431 785043689
243596943 879619541
180726325 658638788
844038231 972413505
797103082 891152481
687283786 701017185
242291165 875029928
803336786 901945185
651721831 639447105
119609315 443821703
213780893 774820616
669991889 671078913
82632699 313854467
783723829 867988353
228997685 828305348
787934895 875279169
723409427 763563201
107951593 402846566
112590169 419150462
168733909 616487252
628478073 599204097
113330267 421751795
190677579 693615947
185756163 676317911
780955136 863194785
704625420 731041569
228403721 826217654
137640365 507198128
784768306 869796705
148369429 544909172
792610173 883373697
174263431 635922689
250960211 905500319
242182743 874648841
174616981 637165364
147883887 543202565
237214187 857185115
793870177 885555201
763514028 832998177
231769517 838047920
787802263 875049537
234263223 846812921
198054989 719546432
775583540 853894689
221134733 800668256
789178320 877431969
857168799 995147073
162699989 595278932
748559770 807107169
123993335 459230873
273012303 983010101
745360023 801567297
125266115 463704503
205295693 744996416
109799481 409341614
710825966 741776865
834422411 955765185
233419417 843847070
722166002 761410401
675993487 681469761
830625820 949191969
232561469 840831512
731417084 777427233
774887222 852689121
704492788 730811937
137550799 506883317
93258055 351200993
843574019 971609793
686355362 699409761
845132445 974307969
236502373 854683196
859042226 998390625
744481336 800045985
209816419 760886087
742574751 796745025
183403877 668049980
647046553 631352577
689720899 705236673
803452839 902146113
235116457 849811910
259171999 934363517
197484595 717541583
766780091 838652865
254038453 916319876
693534069 711838593
837970317 961907841
234032237 846001040
178760587 651729515
158749657 581394110
224792797 813525800
148105445 543981308
243389527 878890505
108781257 405762710
257569239 928730057
249159463 899170961
173938165 634779428
845497183 974939457
171519883 626279531
770493787 845082561
799788880 895802529
247269149 892526792
829282921 946866945
624068059 591568833
223039189 807362132
823679219 937164993
708438590 737643489
847834822 978986721
812405499 917646273
101092723 378738671
816268406 924334305
147850889 543086582
853687209 989119233
183253029 667519772
791167800 880876449
170214105 621689918
688991423 703973697
114122219 424535387
94634543 356039141
210382099 762874367
227074373 821545196
613888553 573944577
227328929 822439922
761093494 828807393
133704175 493363013
744182914 799529313
799026246 894482145
161167939 589894007
700795671 724410945
238090991 860266949
208637919 756743837
736390784 786038433
250286109 903130952
148350573 544842896
679408761 687382785
105415461 393932444
618895411 582613185
750598987 810637761
837506105 961104129
765486929 836413953
806370743 907198017
267666627 964220855
833029775 953354049
765304560 836098209
672163738 674839137
698507769 720449793
857848538 996323937
241414361 871948094
723774165 764194689
197998421 719347604
629771235 601443009
799208615 894797889
816218669 924248193
851051148 984555297
843325334 971179233
731616032 777771681
742375803 796400577
853040628 987999777
679889552 688215201
164656299 602155067
718734149 755468673
211730303 767613101
98339747 369062375
148204439 544329257
824093694 937882593
214195725 776278688
773660376 850565025
688527211 703169985
142637205 524761268
179401691 653982899
684680883 696510657
184954783 673501181
132553959 489320177
229553937 830260490
193779391 704518349
685029042 697113441
250262539 903048107
739988427 792267201
800236513 896577537
824392116 938399265
725631013 767409537
181494707 661339535
97807065 367190078
136098887 501780065
805923110 906423009
685062200 697170849
186552829 679118072
819998681 930792705
232401193 840268166
801181516 898213665
730256554 775417953
252261275 910073363
187688903 683111201
652782887 641284161
724901537 766146561
814776296 921750945
154591909 566780252
707957799 736811073
100569469 376899512
182555357 665067560
265837595 957792083
814643664 921521313
848680351 980450625
276444095 995072333
259332275 934926863
816566828 924850977
118553379 440110247
107753605 402150668
623885690 591253089
119868585 444732998
123677497 458120750
674335587 678599361
615745401 577159425
250931927 905400905
802657047 900768321
679740341 687956865
816318143 924420417
772218003 848067777
732677088 779608737
264428109 952837952
195207733 709538756
679640867 687784641
104170965 389558228
829813449 947785473
141373853 520320776
130347807 481565885
81812463 310971461
222256665 804611678
663095025 659138049
639619161 618493185
781684612 864457761
843640335 971724609
228526285 826648448
202787845 736181708
207398137 752386190
119496179 443424047
213064365 772302128
130159247 480903125
216302883 783685031
194236649 706125542
207044587 751143515
136174311 502045169
178025203 649144751
701060935 724870209
747929768 806016417
214761405 778266968
782961195 866667969
106626959 398190677
796688607 890434881
778435128 858831777
622128316 588210465
635225726 610886625
769886127 800081164
675976908 681441057
774141167 851397441
218358187 790909115
710627018 741432417
181669125 661952588
199865165 725908928
636999679 613957953
130022541 480422624
232052357 839042060
650146826 636720225
738131579 789052353
196560651 714294059
132007135 487398173
114862317 427136720
166683319 609279737
119929867 444948395
88119795 333140783
654987894 645101793
732975510 780125409
221026311 800287169
151334535 555331073
812952606 918593505
804911791 904672065
732876036 779953185
772582741 848699265
108559699 404983967
156453939 573325007
712517024 744704673
170784499 623694767
164345175 601061513
821938424 934151073
114739753 426705926
660475543 654602817
264253691 952224899
709168066 738906465
83504789 316919732
776114068 854813217
744580810 800218209
852758785 987511809
672362686 675183585
109761769 409209062
768603781 841810305
240825111 869876969
781154084 863539233
725266275 766778049
243964635 880911923
800120460 896376609
221615561 802358294
765453771 836356545
738529475 789741249
776246700 855042849
209712711 760521569
222709209 806202302
694346440 713245089
115946537 430947590
849244037 981426561
663741606 660257505
624747798 592745697
256447307 924786635
143580005 528075068
828536866 945575265
166593753 608964926
177916781 648763664
143188743 526699841
181933109 662880452
263155329 948364322
759535068 826109217
133958731 494257739
770261681 844680705
686255888 699237537
832300299 952091073
92923361 350024594
746072920 802801569
180580191 658125149
229728355 830873543
109521355 408364043
619674624 583962273
88614765 334880528
668648990 668753889
247782975 894332813
207784685 753744848
822319741 934811265
226075005 818032568
830095292 948273441
133001789 490894232
185454467 675257495
845795605 975456129
97929629 367620872
168116375 614316713
276533661 995387144
230242181 832679564
766813249 838710273
230477881 833508014
671682947 674006721
811609707 916268481
660243437 654200961
273450705 984551018
740518955 793185729
802159677 899907201
662581076 658248225
699618562 722372961
148336431 544793189
91938135 346561673
207233147 751806275
778070390 858200289
160724823 588336521
250498239 903876557
664156081 660975105
695357759 714996033
627383859 597309633
703000678 728228577
684962726 696998625
703166468 728515617
769366415 843130689
694479072 713474721
736026046 785406945
676474278 682302177
756650322 821114721
693716438 712154337
794234915 886186689
766614301 838365825
148638127 545853605
265667891 957195599
263772863 950534861
780043291 861616065
702702256 727711905
825237645 939863169
786625154 873011553
148543847 545522225
105731299 395042567
763381396 832768545
677187175 683536449
171090909 624771752
150627435 552845723
202750133 736049156
857914854 996438753
260666337 939615890
647908661 632845185
719778626 757277025
170704361 623413094
267878757 964966460
213757323 774737771
130753211 482990819
790073586 878981985
172627673 630173246
799258352 894884001
211343755 766254443
729692868 774442017
614385923 574805697
809868912 913254561
228738415 827394053
782165403 865290177
765354297 836184321
145437321 534603254
745277128 801423777
168092805 614233868
179062283 652789931
193128859 702231827
92390679 348152297
129701989 479295932
113410405 422033468
760828230 828348129
786011731 871949505
837157946 960501345
116747917 433764320
846956135 977465409
226866957 820816160
799805459 895831233
778501444 858946593
109346937 407750990
92268115 347721503
269429663 970417661
717971515 754148289
670489259 671940033
800965989 897840513
789543058 878063457
701425673 725501697
632622823 606380097
235366299 850690067
793339649 884636673
762966921 832050945
641127850 621105249
633866248 608532897
783093827 866897601
723973113 764539137
203603367 739048145
647262080 631725729
242328877 875162480
658187641 650641665
632705718 606523617
742624488 796831137
785895678 871748577
161252791 590192249
274233229 987301472
851598255 985502529
829979239 948072513
163157247 596886125
224825795 813641783
735163938 783914337
678198494 685287393
834057673 955133697
785680151 871375425
627864650 598142049
212187561 769220294
725929435 767926209
633136772 607269921
615198294 576212193
126218343 467051441
700944882 724669281
611849336 570413985
179670389 654927332
88275357 333687560
233933243 845653091
264791087 954113765
791714907 881823681
767476409 839858433
144777361 532283594
791947013 882225537
666493720 665022369
244723589 883579532
222855343 806715941
619011464 582814113
824723696 938973345
768686676 841953825
115545847 429539225
787006471 873671745
747730820 805671969
740021585 792324609
736324468 785923617
265229489 955654682
725050748 766404897
174367139 636287207
652948677 641571201
661370809 656152833
665747665 663730689
238948939 863282507
859937492 999940641
276868355 996563543
175965185 641904098
219819527 796045505
702022517 726535041
226056149 817966292
818838151 928783425
165339829 604557572
724188640 764912289
192883731 701370239
236969059 856323527
214898111 778747469
771372474 846603873
776196963 854956737
80285127 305603105
778186443 858401217
238963081 863332214
744050282 799299681
707128849 735375873
221657987 802507415
840506904 966299553
850802463 984124737
199044929 723025922
728565496 772490145
161809043 592147391
222987335 807179873
207878965 754076228
92447247 348351125
685045621 697142145
270900431 975587189
803867314 902863713
166617323 609047771
663443184 659740833
78998205 301079768
763000079 832108353
131163329 484432322
192247341 699133424
723309953 763390977
144489807 531272885
105712443 394976291
253378493 914000216
759253225 825621249
768653518 841896417
227399639 822688457
616242771 578020545
210650797 763818800
620918049 586115073
143424443 527528291
847768506 978871905
157943563 578560811
632871508 606810657
243653511 879818369
139884229 515084972
636568625 613211649
224354395 811984883
268486863 967103861
617602249 580374273
855842479 992850753
91259319 344175737
91796715 346064603
97599649 366461042
689223529 704375553
718253358 754636257
114065651 424336559
815853931 923616705
198215265 720109778
136603285 503552948
175795481 641307614
125544241 464682074
173061361 631697594
217915071 789351629
164373459 601160927
206186639 748127957
173947593 634812566
824209747 938083521
674567693 679001217
729079445 773379969
651953937 639848961
133223347 491672975
708969118 738562017
629456234 600897633
797948611 892616385
653230520 642059169
840042692 965495841
749703721 809087745
270183903 973068701
109497785 408281198
263202469 948530012
794367547 886416321
664371608 661348257
252586541 911216624
767940621 840662145
201868615 732950753
694843810 714106209
229949913 831652286
755406897 818961921
635175989 610800513
668483200 668466849
786525680 872839329
814345242 921004641
197498737 717591290
246915599 891284117
719264677 756387201
618381462 581723361
82085875 311932463
657391849 649263873
153370983 562488881
180363347 657362975
764425873 834576897
171604735 626577773
655584738 646135137
814875770 921923169
842944017 970519041
639983899 619124673
103383727 386791205
174136153 635475326
178383467 650403995
630484132 602677281
111774647 416284025
711737811 743355585
109827765 409441028
117709573 437144396
804779159 904442433
810614967 914546241
197715581 718353464
235823557 852297260
260407067 938704595
647494186 632127585
635391516 611173665
791383327 881249601
182725061 665664044
761507969 829524993
128471635 474971423
209010325 758052788
740717903 793530177
675363485 680379009
202132599 733878617
118298823 439215521
115211153 428362826
264715663 953848661
785232518 870600417
257074269 926990312
151475955 555828143
104307671 390038729
240122725 867408188
217368247 787429625
123243809 456596402
185289477 674677580
92074841 347042174
776545122 855559521
255980621 923146304
823695798 937193697
189173813 688330436
79992859 304575827
175814337 641373890
165306831 604441589
622310685 588526209
252699677 911614280
832863985 953067009
817080777 925740801
826348438 941786337
239194067 864144095
773461428 850220577
725432065 767065089
612794339 572050113
802010466 899648865
119411327 443125805
273384709 984319052
179444117 654132020
799822038 895859937
611053544 569036193
214591701 777670484
265620751 957029909
123851915 458733803
275275023 990963221
693136173 711149697
252775101 911879384
207520701 752816984
92673519 349146437
99603099 373502867
109379935 407866973
266096865 958703378
612877234 572193633
787321472 874217121
617469617 580144641
800385724 896835873
631180450 603882849
163237385 597167798
802855995 901112769
706631479 734514753
160682397 588187400
183295455 667668893
836958998 960156897
210438667 763073195
140530047 517354925
107565045 401487908
629671761 601270785
832665037 952722561
615728822 577130721
176172601 642633134
138257899 509368667
249390449 899982842
160361845 587060708
262608505 946442318
111652083 415853231
839313216 964232865
699005139 721310913
779545921 860754945
92183263 347423261
697048817 717923841
710726492 741604641
214709551 778084709
737916052 788679201
205738809 746553902
780490924 862391073
828520287 945546561
85277253 323149676
735346307 784230081
159890445 585403808
756119794 820196193
269886921 972024854
233037583 842504981
86125773 326132096
679143497 686923521
192200201 698967734
268274733 966358256
138668017 510810170
86898869 328849412
197555305 717790118
83627353 317350526
750565829 810580353
178595597 651149600
646101550 629716449
188014169 684254462
210113401 761929934
801811518 899304417
764873506 835351905
611633809 570040833
277108769 997408562
187255215 681586853
666609773 665223297
81746467 310739495
95459493 358938716
677037964 683278113
141562413 520983536
826248964 941614113
769067993 842614017
627781755 597998529
615596190 576901089
240231147 867789275
181244865 660461378
183205889 667354082
772997216 849416865
817362620 926228769
641210745 621248769
188292295 685232033
264904223 954511421
844253758 972786657
206285633 748475906
221450571 801778379
179495971 654314279
237039769 856572062
231962791 838727249
173674181 633851564
143650715 528323603
672611371 675614145
179948515 655904903
247104159 891946877
135839617 500868770
821838950 933978849
670107942 671279841
253336067 913851095
810465756 914287905
233268569 843316862
124987989 462726932
678231652 685344801
778319075 858630849
189461367 689341145
675562433 680723457
264409253 952771676
154554197 566647700
80530255 306464693
114659615 426424253
669229255 669758529
769432731 843245505
732279192 778919841
712318076 744360225
844568759 973332033
146370693 537883916
169238307 618260135
115192297 428296550
230152615 832364753
857467221 995663745
247424711 893073569
214568131 777587639
270273469 973383512
786409627 872638401
93842591 353255549
111798217 416366870
718402569 754894593
808376802 910671201
769648258 843618657
188952255 687551693
826381596 941843745
659464224 652851873
652749729 641226753
656629215 647943489
221789979 802971347
856240375 993539649
857351168 995462817
82552561 313572794
661354230 656124129
742790278 797118177
236756929 855577922
216029471 782724029
731781822 778058721
843010333 970633857
808327065 910585089
701873306 726276705
738512896 789712545
728449443 772289217
672114001 674753025
174598125 637099088
760546387 827860161
621100418 586430817
728366548 772145697
672561634 675528033
830227924 948503073
183517013 668447636
717988094 754176993
270188617 973085270
632357559 605920833
85583663 324226661
140902453 518663876
81539051 310010459
83278517 316124420
765520087 836471361
174235147 635823275
829747133 947670657
221973825 803617538
778799866 859463265
158622379 580946747
735512097 784517121
704393314 730639713
696203288 716459937
252581827 911200055
664487661 661549185
643482068 625181217
846823503 977235777
132148555 487895243
670754523 672399297
161455493 590904716
266624833 960559106
701342778 725358177
89392575 337614413
732428403 779178177
770129049 844451073
793853598 885526497
685907729 698634753
88284785 333720698
760082175 827056449
123818917 458617820
216387735 783983273
820114734 930993633
663078446 659109345
708554643 737844417
614402502 574834401
101498127 380163605
275996265 993498278
691644063 708566337
229742497 830923250
698855928 721052577
110006897 410070650
94917383 357033281
186920521 680410454
779976975 861501249
108828397 405928400
226909383 820965281
118826791 441071249
782928037 866610561
179302697 653634950
771604580 847005729
790090165 879010689
652318675 640480449
262396375 945696713
797849137 892444161
715235980 749412129
121773041 451426874
190941563 694543811
229959341 831685424
653860522 643149921
654407629 644097153
857085904 995003553
109445931 408098939
732444982 779206881
163864347 599371475
772168266 847981665
778600918 859118817
678612969 686004993
660707649 655004673
90627643 341955491
167385705 611748518
262080537 944586590
237016199 856489217
207181293 751624016
189414227 689175455
701624621 725846145
162582139 594864707
719513362 756817761
727504440 770653089
83665065 317483078
87554115 331152503
80011715 304642103
816533670 924793569
179095281 652905914
648256820 633447969
204923287 743687465
846309554 976345953
712865183 745307457
823712377 937222401
810018123 913512897
235460579 851021447
851813782 985875681
694329861 713216385
252892951 912293609
118468527 439812005
688742738 703543137
244652879 883330997
