aababbb
aabab
5 99
7 7
1 7
3 3
2 5
5 5
6 9
3 14
10 13
4 7
3 14
8 9
4 12
7 13
7 7
4 12
1 9
5 13
1 14
12 14
2 4
10 14
9 14
2 12
12 12
1 10
9 9
3 13
11 12
11 13
1 10
7 9
1 11
7 7
5 7
4 8
1 12
7 13
6 6
6 6
5 13
5 7
6 8
8 13
4 14
6 10
4 4
10 11
7 8
1 7
11 12
8 14
7 9
2 14
2 3
3 4
8 8
1 12
5 5
11 13
6 9
2 10
6 7
6 10
2 7
7 10
8 14
5 9
5 8
6 13
5 12
3 6
7 11
7 11
2 11
11 12
13 14
7 8
8 14
8 10
2 11
6 12
2 13
1 9
3 13
11 13
5 12
5 13
1 11
4 6
5 5
1 14
3 6
4 14
7 8
14 14
5 12
5 5
1 9
4 11
8 14
9 12
3 9
5 10
5 10
