5000
10 10
11.1 11.171
12.2 12.2823
13.3 13.3962
14.4 14.4926
15.5 15.5846
16.6 16.6612
17.7 17.7825
18.8 18.8831
19.9 19.9151
21 21.0986
22.1 22.1752
23.2 23.2803
24.3 24.3449
25.4 25.4695
26.5 26.5886
27.6 27.6725
28.7 28.71
29.8 29.8984
30.9 30.9869
32 32.0427
33.1 33.1928
34.2 34.2657
35.3 35.3096
36.4 36.4
37.5 37.585
38.6 38.6196
39.7 39.7501
40.8 40.8408
41.9 41.9115
43 43.0834
44.1 44.1909
45.2 45.2412
46.3 46.3617
47.4 47.4569
48.5 48.5267
49.6 49.6224
50.7 50.7833
51.8 51.8883
52.9 52.9749
54 54.0212
55.1 55.1773
56.2 56.2395
57.3 57.3794
58.4 58.447
59.5 59.5945
60.6 60.6211
61.7 61.7501
62.8 62.8545
63.9 63.9673
65 65.0964
66.1 66.1211
67.2 67.2091
68.3 68.3574
69.4 69.467
70.5 70.5165
71.6 71.6325
72.7 72.767
73.8 73.882
74.9 74.9787
76 76.076
77.1 77.1559
78.2 78.2712
79.3 79.3147
80.4 80.4826
81.5 81.5422
82.6 82.646
83.7 83.718
84.8 84.8321
85.9 85.9959
87 87.0509
88.1 88.1994
89.2 89.2602
90.3 90.388
91.4 91.4887
92.5 92.5038
93.6 93.6233
94.7 94.7651
95.8 95.89
96.9 96.9013
98 98.0762
99.1 99.163
100.2 100.221
101.3 101.395
102.4 102.429
103.5 103.518
104.6 104.657
105.7 105.743
106.8 106.899
107.9 107.955
109 109.003
110.1 110.198
111.2 111.256
112.3 112.367
113.4 113.468
114.5 114.6
115.6 115.636
116.7 116.794
117.8 117.85
118.9 118.94
120 120.098
121.1 121.108
122.2 122.273
123.3 123.332
124.4 124.5
125.5 125.543
126.6 126.643
127.7 127.743
128.8 128.895
129.9 129.948
131 131.042
132.1 132.173
133.2 133.221
134.3 134.358
135.4 135.412
136.5 136.595
137.6 137.608
138.7 138.777
139.8 139.829
140.9 140.97
142 142.018
143.1 143.157
144.2 144.204
145.3 145.339
146.4 146.435
147.5 147.523
148.6 148.619
149.7 149.712
150.8 150.835
151.9 151.913
153 153.053
154.1 154.148
155.2 155.295
156.3 156.386
157.4 157.402
158.5 158.504
159.6 159.65
160.7 160.792
161.8 161.863
162.9 162.999
164 164.067
165.1 165.142
166.2 166.223
167.3 167.393
168.4 168.478
169.5 169.531
170.6 170.684
171.7 171.734
172.8 172.828
173.9 173.935
175 175.003
176.1 176.149
177.2 177.264
178.3 178.36
179.4 179.415
180.5 180.518
181.6 181.665
182.7 182.747
183.8 183.808
184.9 184.944
186 186.022
187.1 187.119
188.2 188.206
189.3 189.364
190.4 190.437
191.5 191.572
192.6 192.654
193.7 193.785
194.8 194.832
195.9 195.933
197 197.071
198.1 198.151
199.2 199.22
200.3 200.311
201.4 201.492
202.5 202.575
203.6 203.629
204.7 204.776
205.8 205.818
206.9 206.992
208 208.054
209.1 209.188
210.2 210.252
211.3 211.311
212.4 212.447
213.5 213.58
214.6 214.683
215.7 215.782
216.8 216.825
217.9 217.919
219 219.013
220.1 220.158
221.2 221.281
222.3 222.363
223.4 223.483
224.5 224.501
225.6 225.637
226.7 226.723
227.8 227.871
228.9 228.972
230 230.096
231.1 231.113
232.2 232.283
233.3 233.341
234.4 234.407
235.5 235.576
236.6 236.699
237.7 237.769
238.8 238.834
239.9 239.938
241 241.05
242.1 242.14
243.2 243.272
244.3 244.349
245.4 245.43
246.5 246.53
247.6 247.641
248.7 248.718
249.8 249.864
250.9 250.925
252 252.052
253.1 253.182
254.2 254.202
255.3 255.385
256.4 256.427
257.5 257.536
258.6 258.668
259.7 259.787
260.8 260.859
261.9 261.992
263 263.026
264.1 264.157
265.2 265.207
266.3 266.381
267.4 267.485
268.5 268.586
269.6 269.68
270.7 270.78
271.8 271.81
272.9 272.969
274 274.046
275.1 275.172
276.2 276.208
277.3 277.349
278.4 278.475
279.5 279.575
280.6 280.699
281.7 281.8
282.8 282.82
283.9 283.901
285 285.001
286.1 286.101
287.2 287.205
288.3 288.346
289.4 289.415
290.5 290.543
291.6 291.687
292.7 292.785
293.8 293.867
294.9 294.987
296 296.022
297.1 297.177
298.2 298.223
299.3 299.306
300.4 300.493
301.5 301.518
302.6 302.678
303.7 303.778
304.8 304.805
305.9 305.905
307 307.038
308.1 308.132
309.2 309.207
310.3 310.35
311.4 311.5
312.5 312.569
313.6 313.61
314.7 314.719
315.8 315.849
316.9 316.967
318 318.052
319.1 319.115
320.2 320.249
321.3 321.378
322.4 322.417
323.5 323.566
324.6 324.677
325.7 325.718
326.8 326.881
327.9 327.93
329 329.077
330.1 330.105
331.2 331.284
332.3 332.334
333.4 333.404
334.5 334.532
335.6 335.685
336.7 336.725
337.8 337.805
338.9 338.933
340 340.005
341.1 341.179
342.2 342.27
343.3 343.323
344.4 344.473
345.5 345.578
346.6 346.695
347.7 347.714
348.8 348.81
349.9 349.953
351 351.091
352.1 352.184
353.2 353.22
354.3 354.364
355.4 355.429
356.5 356.514
357.6 357.686
358.7 358.71
359.8 359.831
360.9 360.918
362 362.057
363.1 363.124
364.2 364.261
365.3 365.311
366.4 366.476
367.5 367.587
368.6 368.604
369.7 369.765
370.8 370.874
371.9 371.96
373 373.036
374.1 374.181
375.2 375.211
376.3 376.381
377.4 377.419
378.5 378.504
379.6 379.663
380.7 380.702
381.8 381.881
382.9 382.93
384 384.073
385.1 385.179
386.2 386.268
387.3 387.347
388.4 388.437
389.5 389.528
390.6 390.699
391.7 391.722
392.8 392.818
393.9 393.999
395 395.072
396.1 396.16
397.2 397.222
398.3 398.387
399.4 399.482
400.5 400.596
401.6 401.671
402.7 402.747
403.8 403.804
404.9 404.98
406 406.078
407.1 407.119
408.2 408.256
409.3 409.336
410.4 410.41
411.5 411.593
412.6 412.647
413.7 413.761
414.8 414.821
415.9 415.997
417 417.002
418.1 418.192
419.2 419.262
420.3 420.329
421.4 421.409
422.5 422.519
423.6 423.62
424.7 424.768
425.8 425.857
426.9 426.977
428 428.089
429.1 429.104
430.2 430.263
431.3 431.38
432.4 432.423
433.5 433.506
434.6 434.644
435.7 435.704
436.8 436.812
437.9 437.974
439 439.018
440.1 440.171
441.2 441.267
442.3 442.308
443.4 443.46
444.5 444.574
445.6 445.687
446.7 446.707
447.8 447.807
448.9 448.981
450 450.002
451.1 451.115
452.2 452.257
453.3 453.322
454.4 454.4
455.5 455.564
456.6 456.661
457.7 457.783
458.8 458.892
459.9 459.903
461 461.012
462.1 462.135
463.2 463.277
464.3 464.309
465.4 465.487
466.5 466.572
467.6 467.692
468.7 468.708
469.8 469.841
470.9 470.986
472 472.066
473.1 473.121
474.2 474.294
475.3 475.376
476.4 476.48
477.5 477.595
478.6 478.672
479.7 479.784
480.8 480.804
481.9 481.951
483 483.086
484.1 484.131
485.2 485.275
486.3 486.383
487.4 487.405
488.5 488.502
489.6 489.613
490.7 490.738
491.8 491.891
492.9 492.937
494 494.049
495.1 495.161
496.2 496.283
497.3 497.397
498.4 498.446
499.5 499.559
500.6 500.665
501.7 501.745
502.8 502.857
503.9 503.998
505 505.09
506.1 506.164
507.2 507.219
508.3 508.34
509.4 509.464
510.5 510.59
511.6 511.667
512.7 512.737
513.8 513.827
514.9 514.952
516 516.057
517.1 517.167
518.2 518.218
519.3 519.389
520.4 520.403
521.5 521.587
522.6 522.643
523.7 523.765
524.8 524.852
525.9 525.972
527 527.048
528.1 528.111
529.2 529.208
530.3 530.329
531.4 531.479
532.5 532.561
533.6 533.607
534.7 534.794
535.8 535.888
536.9 536.987
538 538.061
539.1 539.165
540.2 540.239
541.3 541.304
542.4 542.443
543.5 543.5
544.6 544.614
545.7 545.725
546.8 546.868
547.9 548
549 549.05
550.1 550.174
551.2 551.273
552.3 552.386
553.4 553.484
554.5 554.547
555.6 555.7
556.7 556.788
557.8 557.831
558.9 558.948
560 560.002
561.1 561.183
562.2 562.292
563.3 563.304
564.4 564.449
565.5 565.516
566.6 566.667
567.7 567.708
568.8 568.862
569.9 569.961
571 571.062
572.1 572.134
573.2 573.229
574.3 574.307
575.4 575.488
576.5 576.523
577.6 577.672
578.7 578.738
579.8 579.846
580.9 580.97
582 582.074
583.1 583.175
584.2 584.204
585.3 585.385
586.4 586.476
587.5 587.57
588.6 588.608
589.7 589.728
590.8 590.88
591.9 591.966
593 593.067
594.1 594.123
595.2 595.284
596.3 596.322
597.4 597.454
598.5 598.531
599.6 599.691
600.7 600.761
601.8 601.884
602.9 602.908
604 604.073
605.1 605.137
606.2 606.294
607.3 607.379
608.4 608.451
609.5 609.525
610.6 610.628
611.7 611.75
612.8 612.833
613.9 613.986
615 615.088
616.1 616.11
617.2 617.206
618.3 618.316
619.4 619.487
620.5 620.571
621.6 621.601
622.7 622.792
623.8 623.822
624.9 624.913
626 626.008
627.1 627.148
628.2 628.214
629.3 629.377
630.4 630.436
631.5 631.581
632.6 632.643
633.7 633.786
634.8 634.869
635.9 635.923
637 637.017
638.1 638.125
639.2 639.243
640.3 640.398
641.4 641.405
642.5 642.598
643.6 643.603
644.7 644.734
645.8 645.839
646.9 646.904
648 648.046
649.1 649.164
650.2 650.253
651.3 651.343
652.4 652.453
653.5 653.574
654.6 654.635
655.7 655.73
656.8 656.823
657.9 657.988
659 659.083
660.1 660.152
661.2 661.28
662.3 662.363
663.4 663.474
664.5 664.585
665.6 665.644
666.7 666.728
667.8 667.843
668.9 668.921
670 670.059
671.1 671.154
672.2 672.299
673.3 673.397
674.4 674.48
675.5 675.575
676.6 676.608
677.7 677.787
678.8 678.866
679.9 679.916
681 681.01
682.1 682.118
683.2 683.243
684.3 684.34
685.4 685.425
686.5 686.592
687.6 687.661
688.7 688.702
689.8 689.867
690.9 690.91
692 692.02
693.1 693.17
694.2 694.278
695.3 695.345
696.4 696.481
697.5 697.541
698.6 698.679
699.7 699.769
700.8 700.87
701.9 701.928
703 703.002
704.1 704.197
705.2 705.26
706.3 706.325
707.4 707.484
708.5 708.557
709.6 709.606
710.7 710.728
711.8 711.805
712.9 712.993
714 714.097
715.1 715.131
716.2 716.208
717.3 717.311
718.4 718.498
719.5 719.56
720.6 720.604
721.7 721.745
722.8 722.807
723.9 723.929
725 725.068
726.1 726.102
727.2 727.253
728.3 728.347
729.4 729.443
730.5 730.525
731.6 731.674
732.7 732.729
733.8 733.83
734.9 734.914
736 736.072
737.1 737.177
738.2 738.258
739.3 739.308
740.4 740.43
741.5 741.55
742.6 742.672
743.7 743.75
744.8 744.886
745.9 745.983
747 747.097
748.1 748.188
749.2 749.294
750.3 750.362
751.4 751.418
752.5 752.534
753.6 753.698
754.7 754.791
755.8 755.828
756.9 756.901
758 758.067
759.1 759.103
760.2 760.209
761.3 761.36
762.4 762.458
763.5 763.581
764.6 764.695
765.7 765.782
766.8 766.841
767.9 767.975
769 769.038
770.1 770.11
771.2 771.269
772.3 772.347
773.4 773.455
774.5 774.591
775.6 775.608
776.7 776.767
777.8 777.827
778.9 778.913
780 780.094
781.1 781.168
782.2 782.244
783.3 783.343
784.4 784.466
785.5 785.574
786.6 786.697
787.7 787.753
788.8 788.851
789.9 789.941
791 791.067
792.1 792.179
793.2 793.217
794.3 794.346
795.4 795.419
796.5 796.539
797.6 797.698
798.7 798.717
799.8 799.876
800.9 800.994
802 802.016
803.1 803.104
804.2 804.267
805.3 805.333
806.4 806.445
807.5 807.506
808.6 808.63
809.7 809.733
810.8 810.824
811.9 811.924
813 813.094
814.1 814.16
815.2 815.287
816.3 816.364
817.4 817.414
818.5 818.59
819.6 819.62
820.7 820.706
821.8 821.838
822.9 822.977
824 824.018
825.1 825.196
826.2 826.286
827.3 827.368
828.4 828.486
829.5 829.599
830.6 830.687
831.7 831.769
832.8 832.827
833.9 833.947
835 835.006
836.1 836.117
837.2 837.258
838.3 838.316
839.4 839.463
840.5 840.538
841.6 841.659
842.7 842.76
843.8 843.841
844.9 844.913
846 846.067
847.1 847.14
848.2 848.296
849.3 849.33
850.4 850.474
851.5 851.548
852.6 852.686
853.7 853.785
854.8 854.84
855.9 855.93
857 857.072
858.1 858.145
859.2 859.231
860.3 860.363
861.4 861.449
862.5 862.567
863.6 863.624
864.7 864.739
865.8 865.878
866.9 866.946
868 868.011
869.1 869.107
870.2 870.275
871.3 871.394
872.4 872.409
873.5 873.595
874.6 874.649
875.7 875.751
876.8 876.836
877.9 877.947
879 879.001
880.1 880.178
881.2 881.259
882.3 882.367
883.4 883.495
884.5 884.572
885.6 885.601
886.7 886.722
887.8 887.844
888.9 888.941
890 890.044
891.1 891.179
892.2 892.22
893.3 893.36
894.4 894.43
895.5 895.563
896.6 896.606
897.7 897.755
898.8 898.883
899.9 899.922
901 901.046
902.1 902.154
903.2 903.274
904.3 904.345
905.4 905.44
906.5 906.546
907.6 907.666
908.7 908.735
909.8 909.843
910.9 910.995
912 912.023
913.1 913.143
914.2 914.267
915.3 915.317
916.4 916.409
917.5 917.542
918.6 918.625
919.7 919.777
920.8 920.831
921.9 921.957
923 923.042
924.1 924.1
925.2 925.226
926.3 926.365
927.4 927.442
928.5 928.532
929.6 929.647
930.7 930.791
931.8 931.897
932.9 932.994
934 934.058
935.1 935.2
936.2 936.286
937.3 937.321
938.4 938.421
939.5 939.509
940.6 940.608
941.7 941.769
942.8 942.817
943.9 943.986
945 945.081
946.1 946.171
947.2 947.217
948.3 948.333
949.4 949.458
950.5 950.596
951.6 951.648
952.7 952.729
953.8 953.886
954.9 954.95
956 956.063
957.1 957.113
958.2 958.29
959.3 959.39
960.4 960.443
961.5 961.504
962.6 962.664
963.7 963.731
964.8 964.81
965.9 965.952
967 967.084
968.1 968.158
969.2 969.268
970.3 970.355
971.4 971.441
972.5 972.548
973.6 973.672
974.7 974.761
975.8 975.863
976.9 976.979
978 978.097
979.1 979.18
980.2 980.258
981.3 981.393
982.4 982.471
983.5 983.594
984.6 984.607
985.7 985.724
986.8 986.804
987.9 987.965
989 989.031
990.1 990.187
991.2 991.212
992.3 992.324
993.4 993.431
994.5 994.54
995.6 995.638
996.7 996.739
997.8 997.891
998.9 998.965
1000 1000.01
1001.1 1001.13
1002.2 1002.2
1003.3 1003.39
1004.4 1004.48
1005.5 1005.57
1006.6 1006.61
1007.7 1007.71
1008.8 1008.89
1009.9 1009.98
1011 1011.01
1012.1 1012.2
1013.2 1013.3
1014.3 1014.37
1015.4 1015.45
1016.5 1016.54
1017.6 1017.68
1018.7 1018.78
1019.8 1019.86
1020.9 1020.93
1022 1022.06
1023.1 1023.2
1024.2 1024.29
1025.3 1025.3
1026.4 1026.48
1027.5 1027.57
1028.6 1028.61
1029.7 1029.73
1030.8 1030.83
1031.9 1031.98
1033 1033.04
1034.1 1034.12
1035.2 1035.27
1036.3 1036.33
1037.4 1037.49
1038.5 1038.5
1039.6 1039.6
1040.7 1040.79
1041.8 1041.87
1042.9 1043
1044 1044.06
1045.1 1045.14
1046.2 1046.28
1047.3 1047.35
1048.4 1048.49
1049.5 1049.58
1050.6 1050.64
1051.7 1051.76
1052.8 1052.81
1053.9 1053.97
1055 1055.08
1056.1 1056.1
1057.2 1057.22
1058.3 1058.33
1059.4 1059.43
1060.5 1060.57
1061.6 1061.68
1062.7 1062.77
1063.8 1063.87
1064.9 1064.92
1066 1066.07
1067.1 1067.14
1068.2 1068.26
1069.3 1069.38
1070.4 1070.46
1071.5 1071.56
1072.6 1072.68
1073.7 1073.72
1074.8 1074.9
1075.9 1075.95
1077 1077.06
1078.1 1078.18
1079.2 1079.26
1080.3 1080.34
1081.4 1081.47
1082.5 1082.59
1083.6 1083.69
1084.7 1084.76
1085.8 1085.85
1086.9 1086.94
1088 1088.05
1089.1 1089.2
1090.2 1090.26
1091.3 1091.32
1092.4 1092.43
1093.5 1093.58
1094.6 1094.69
1095.7 1095.76
1096.8 1096.84
1097.9 1097.95
1099 1099.04
1100.1 1100.19
1101.2 1101.25
1102.3 1102.33
1103.4 1103.48
1104.5 1104.6
1105.6 1105.66
1106.7 1106.71
1107.8 1107.86
1108.9 1108.92
1110 1110.02
1111.1 1111.18
1112.2 1112.26
1113.3 1113.32
1114.4 1114.45
1115.5 1115.56
1116.6 1116.61
1117.7 1117.79
1118.8 1118.88
1119.9 1119.91
1121 1121.09
1122.1 1122.17
1123.2 1123.21
1124.3 1124.33
1125.4 1125.47
1126.5 1126.55
1127.6 1127.6
1128.7 1128.78
1129.8 1129.82
1130.9 1130.99
1132 1132.05
1133.1 1133.14
1134.2 1134.26
1135.3 1135.31
1136.4 1136.48
1137.5 1137.56
1138.6 1138.65
1139.7 1139.78
1140.8 1140.87
1141.9 1141.96
1143 1143.08
1144.1 1144.13
1145.2 1145.22
1146.3 1146.37
1147.4 1147.49
1148.5 1148.57
1149.6 1149.64
1150.7 1150.8
1151.8 1151.83
1152.9 1152.94
1154 1154.06
1155.1 1155.16
1156.2 1156.3
1157.3 1157.36
1158.4 1158.43
1159.5 1159.55
1160.6 1160.63
1161.7 1161.72
1162.8 1162.84
1163.9 1163.92
1165 1165.07
1166.1 1166.15
1167.2 1167.21
1168.3 1168.38
1169.4 1169.41
1170.5 1170.52
1171.6 1171.67
1172.7 1172.75
1173.8 1173.83
1174.9 1174.95
1176 1176.08
1177.1 1177.17
1178.2 1178.27
1179.3 1179.35
1180.4 1180.45
1181.5 1181.56
1182.6 1182.68
1183.7 1183.75
1184.8 1184.87
1185.9 1185.97
1187 1187.06
1188.1 1188.1
1189.2 1189.21
1190.3 1190.38
1191.4 1191.42
1192.5 1192.56
1193.6 1193.65
1194.7 1194.74
1195.8 1195.86
1196.9 1196.9
1198 1198.03
1199.1 1199.14
1200.2 1200.24
1201.3 1201.37
1202.4 1202.41
1203.5 1203.53
1204.6 1204.67
1205.7 1205.76
1206.8 1206.86
1207.9 1207.9
1209 1209.08
1210.1 1210.12
1211.2 1211.29
1212.3 1212.37
1213.4 1213.43
1214.5 1214.55
1215.6 1215.65
1216.7 1216.74
1217.8 1217.87
1218.9 1218.91
1220 1220.08
1221.1 1221.13
1222.2 1222.2
1223.3 1223.37
1224.4 1224.44
1225.5 1225.52
1226.6 1226.69
1227.7 1227.8
1228.8 1228.9
1229.9 1229.98
1231 1231.06
1232.1 1232.11
1233.2 1233.25
1234.3 1234.31
1235.4 1235.48
1236.5 1236.56
1237.6 1237.64
1238.7 1238.71
1239.8 1239.84
1240.9 1240.95
1242 1242.03
1243.1 1243.13
1244.2 1244.23
1245.3 1245.38
1246.4 1246.47
1247.5 1247.59
1248.6 1248.67
1249.7 1249.71
1250.8 1250.89
1251.9 1251.9
1253 1253.05
1254.1 1254.16
1255.2 1255.28
1256.3 1256.36
1257.4 1257.45
1258.5 1258.53
1259.6 1259.61
1260.7 1260.72
1261.8 1261.87
1262.9 1262.95
1264 1264.06
1265.1 1265.15
1266.2 1266.25
1267.3 1267.4
1268.4 1268.48
1269.5 1269.53
1270.6 1270.62
1271.7 1271.79
1272.8 1272.82
1273.9 1273.91
1275 1275.05
1276.1 1276.18
1277.2 1277.24
1278.3 1278.37
1279.4 1279.45
1280.5 1280.52
1281.6 1281.67
1282.7 1282.76
1283.8 1283.8
1284.9 1284.94
1286 1286.01
1287.1 1287.2
1288.2 1288.24
1289.3 1289.36
1290.4 1290.44
1291.5 1291.57
1292.6 1292.66
1293.7 1293.75
1294.8 1294.87
1295.9 1295.99
1297 1297.01
1298.1 1298.17
1299.2 1299.2
1300.3 1300.31
1301.4 1301.43
1302.5 1302.6
1303.6 1303.61
1304.7 1304.71
1305.8 1305.89
1306.9 1306.96
1308 1308.09
1309.1 1309.17
1310.2 1310.24
1311.3 1311.36
1312.4 1312.46
1313.5 1313.58
1314.6 1314.69
1315.7 1315.8
1316.8 1316.85
1317.9 1317.91
1319 1319.06
1320.1 1320.19
1321.2 1321.21
1322.3 1322.31
1323.4 1323.5
1324.5 1324.56
1325.6 1325.65
1326.7 1326.73
1327.8 1327.86
1328.9 1328.98
1330 1330.08
1331.1 1331.18
1332.2 1332.24
1333.3 1333.4
1334.4 1334.42
1335.5 1335.58
1336.6 1336.65
1337.7 1337.77
1338.8 1338.88
1339.9 1339.96
1341 1341.04
1342.1 1342.14
1343.2 1343.24
1344.3 1344.37
1345.4 1345.43
1346.5 1346.57
1347.6 1347.68
1348.7 1348.71
1349.8 1349.83
1350.9 1350.97
1352 1352.09
1353.1 1353.2
1354.2 1354.2
1355.3 1355.38
1356.4 1356.43
1357.5 1357.51
1358.6 1358.63
1359.7 1359.77
1360.8 1360.89
1361.9 1361.92
1363 1363.03
1364.1 1364.19
1365.2 1365.23
1366.3 1366.31
1367.4 1367.45
1368.5 1368.54
1369.6 1369.64
1370.7 1370.73
1371.8 1371.88
1372.9 1372.97
1374 1374.04
1375.1 1375.13
1376.2 1376.29
1377.3 1377.36
1378.4 1378.48
1379.5 1379.58
1380.6 1380.66
1381.7 1381.71
1382.8 1382.83
1383.9 1383.95
1385 1385.01
1386.1 1386.17
1387.2 1387.23
1388.3 1388.39
1389.4 1389.49
1390.5 1390.59
1391.6 1391.68
1392.7 1392.76
1393.8 1393.86
1394.9 1394.94
1396 1396.09
1397.1 1397.18
1398.2 1398.23
1399.3 1399.3
1400.4 1400.46
1401.5 1401.51
1402.6 1402.65
1403.7 1403.72
1404.8 1404.81
1405.9 1405.91
1407 1407.09
1408.1 1408.17
1409.2 1409.3
1410.3 1410.37
1411.4 1411.48
1412.5 1412.58
1413.6 1413.7
1414.7 1414.8
1415.8 1415.86
1416.9 1416.93
1418 1418.06
1419.1 1419.14
1420.2 1420.3
1421.3 1421.35
1422.4 1422.46
1423.5 1423.56
1424.6 1424.63
1425.7 1425.73
1426.8 1426.82
1427.9 1427.94
1429 1429.05
1430.1 1430.12
1431.2 1431.24
1432.3 1432.3
1433.4 1433.42
1434.5 1434.55
1435.6 1435.61
1436.7 1436.74
1437.8 1437.89
1438.9 1438.91
1440 1440.02
1441.1 1441.18
1442.2 1442.22
1443.3 1443.3
1444.4 1444.4
1445.5 1445.57
1446.6 1446.69
1447.7 1447.8
1448.8 1448.88
1449.9 1449.95
1451 1451.1
1452.1 1452.2
1453.2 1453.26
1454.3 1454.35
1455.4 1455.44
1456.5 1456.56
1457.6 1457.68
1458.7 1458.71
1459.8 1459.83
1460.9 1460.96
1462 1462.05
1463.1 1463.17
1464.2 1464.27
1465.3 1465.39
1466.4 1466.49
1467.5 1467.54
1468.6 1468.62
1469.7 1469.79
1470.8 1470.84
1471.9 1471.98
1473 1473.02
1474.1 1474.14
1475.2 1475.23
1476.3 1476.38
1477.4 1477.49
1478.5 1478.6
1479.6 1479.64
1480.7 1480.73
1481.8 1481.89
1482.9 1482.97
1484 1484.06
1485.1 1485.12
1486.2 1486.26
1487.3 1487.32
1488.4 1488.44
1489.5 1489.6
1490.6 1490.6
1491.7 1491.8
1492.8 1492.83
1493.9 1493.95
1495 1495.01
1496.1 1496.15
1497.2 1497.23
1498.3 1498.32
1499.4 1499.49
1500.5 1500.55
1501.6 1501.64
1502.7 1502.75
1503.8 1503.89
1504.9 1504.98
1506 1506.09
1507.1 1507.11
1508.2 1508.26
1509.3 1509.34
1510.4 1510.44
1511.5 1511.52
1512.6 1512.69
1513.7 1513.73
1514.8 1514.83
1515.9 1515.99
1517 1517.07
1518.1 1518.18
1519.2 1519.22
1520.3 1520.34
1521.4 1521.49
1522.5 1522.51
1523.6 1523.61
1524.7 1524.77
1525.8 1525.82
1526.9 1526.98
1528 1528.08
1529.1 1529.19
1530.2 1530.27
1531.3 1531.32
1532.4 1532.5
1533.5 1533.51
1534.6 1534.66
1535.7 1535.7
1536.8 1536.85
1537.9 1537.96
1539 1539.05
1540.1 1540.17
1541.2 1541.29
1542.3 1542.31
1543.4 1543.48
1544.5 1544.57
1545.6 1545.66
1546.7 1546.78
1547.8 1547.81
1548.9 1548.98
1550 1550
1551.1 1551.13
1552.2 1552.21
1553.3 1553.37
1554.4 1554.5
1555.5 1555.56
1556.6 1556.63
1557.7 1557.76
1558.8 1558.8
1559.9 1559.99
1561 1561.06
1562.1 1562.17
1563.2 1563.24
1564.3 1564.39
1565.4 1565.41
1566.5 1566.52
1567.6 1567.69
1568.7 1568.8
1569.8 1569.82
1570.9 1570.9
1572 1572.03
1573.1 1573.13
1574.2 1574.26
1575.3 1575.37
1576.4 1576.48
1577.5 1577.57
1578.6 1578.62
1579.7 1579.71
1580.8 1580.82
1581.9 1581.92
1583 1583.03
1584.1 1584.18
1585.2 1585.29
1586.3 1586.35
1587.4 1587.42
1588.5 1588.55
1589.6 1589.66
1590.7 1590.77
1591.8 1591.82
1592.9 1592.92
1594 1594.02
1595.1 1595.14
1596.2 1596.27
1597.3 1597.33
1598.4 1598.45
1599.5 1599.52
1600.6 1600.63
1601.7 1601.74
1602.8 1602.85
1603.9 1603.95
1605 1605.09
1606.1 1606.11
1607.2 1607.22
1608.3 1608.33
1609.4 1609.46
1610.5 1610.52
1611.6 1611.66
1612.7 1612.71
1613.8 1613.81
1614.9 1614.98
1616 1616.03
1617.1 1617.12
1618.2 1618.27
1619.3 1619.39
1620.4 1620.48
1621.5 1621.56
1622.6 1622.61
1623.7 1623.79
1624.8 1624.89
1625.9 1625.96
1627 1627.1
1628.1 1628.13
1629.2 1629.25
1630.3 1630.39
1631.4 1631.45
1632.5 1632.52
1633.6 1633.63
1634.7 1634.78
1635.8 1635.88
1636.9 1636.92
1638 1638.02
1639.1 1639.12
1640.2 1640.24
1641.3 1641.3
1642.4 1642.44
1643.5 1643.58
1644.6 1644.61
1645.7 1645.74
1646.8 1646.83
1647.9 1647.9
1649 1649.04
1650.1 1650.19
1651.2 1651.29
1652.3 1652.31
1653.4 1653.4
1654.5 1654.53
1655.6 1655.64
1656.7 1656.72
1657.8 1657.83
1658.9 1658.98
1660 1660.08
1661.1 1661.13
1662.2 1662.2
1663.3 1663.36
1664.4 1664.41
1665.5 1665.52
1666.6 1666.69
1667.7 1667.73
1668.8 1668.88
1669.9 1669.95
1671 1671.04
1672.1 1672.1
1673.2 1673.21
1674.3 1674.34
1675.4 1675.47
1676.5 1676.53
1677.6 1677.67
1678.7 1678.76
1679.8 1679.82
1680.9 1680.9
1682 1682.06
1683.1 1683.13
1684.2 1684.21
1685.3 1685.34
1686.4 1686.45
1687.5 1687.52
1688.6 1688.68
1689.7 1689.75
1690.8 1690.85
1691.9 1691.95
1693 1693.02
1694.1 1694.19
1695.2 1695.23
1696.3 1696.33
1697.4 1697.47
1698.5 1698.52
1699.6 1699.67
1700.7 1700.71
1701.8 1701.85
1702.9 1702.91
1704 1704.07
1705.1 1705.12
1706.2 1706.29
1707.3 1707.37
1708.4 1708.41
1709.5 1709.59
1710.6 1710.6
1711.7 1711.8
1712.8 1712.84
1713.9 1713.99
1715 1715.09
1716.1 1716.17
1717.2 1717.29
1718.3 1718.4
1719.4 1719.46
1720.5 1720.53
1721.6 1721.6
1722.7 1722.73
1723.8 1723.84
1724.9 1724.92
1726 1726.05
1727.1 1727.11
1728.2 1728.27
1729.3 1729.38
1730.4 1730.42
1731.5 1731.57
1732.6 1732.61
1733.7 1733.78
1734.8 1734.87
1735.9 1735.95
1737 1737.07
1738.1 1738.19
1739.2 1739.23
1740.3 1740.34
1741.4 1741.47
1742.5 1742.59
1743.6 1743.66
1744.7 1744.75
1745.8 1745.9
1746.9 1746.98
1748 1748.07
1749.1 1749.11
1750.2 1750.21
1751.3 1751.31
1752.4 1752.4
1753.5 1753.52
1754.6 1754.67
1755.7 1755.75
1756.8 1756.89
1757.9 1757.99
1759 1759.05
1760.1 1760.15
1761.2 1761.29
1762.3 1762.37
1763.4 1763.43
1764.5 1764.6
1765.6 1765.69
1766.7 1766.72
1767.8 1767.86
1768.9 1768.97
1770 1770.03
1771.1 1771.18
1772.2 1772.21
1773.3 1773.32
1774.4 1774.42
1775.5 1775.57
1776.6 1776.67
1777.7 1777.71
1778.8 1778.88
1779.9 1779.94
1781 1781.05
1782.1 1782.11
1783.2 1783.26
1784.3 1784.34
1785.4 1785.48
1786.5 1786.59
1787.6 1787.69
1788.7 1788.77
1789.8 1789.83
1790.9 1790.96
1792 1792.09
1793.1 1793.1
1794.2 1794.26
1795.3 1795.37
1796.4 1796.43
1797.5 1797.59
1798.6 1798.69
1799.7 1799.73
1800.8 1800.82
1801.9 1801.91
1803 1803.08
1804.1 1804.16
1805.2 1805.23
1806.3 1806.36
1807.4 1807.45
1808.5 1808.59
1809.6 1809.69
1810.7 1810.74
1811.8 1811.81
1812.9 1812.97
1814 1814.03
1815.1 1815.17
1816.2 1816.27
1817.3 1817.33
1818.4 1818.41
1819.5 1819.53
1820.6 1820.62
1821.7 1821.78
1822.8 1822.9
1823.9 1823.94
1825 1825.01
1826.1 1826.19
1827.2 1827.22
1828.3 1828.4
1829.4 1829.43
1830.5 1830.51
1831.6 1831.63
1832.7 1832.73
1833.8 1833.82
1834.9 1834.91
1836 1836.07
1837.1 1837.11
1838.2 1838.27
1839.3 1839.3
1840.4 1840.47
1841.5 1841.54
1842.6 1842.62
1843.7 1843.75
1844.8 1844.85
1845.9 1845.91
1847 1847.06
1848.1 1848.15
1849.2 1849.25
1850.3 1850.35
1851.4 1851.44
1852.5 1852.54
1853.6 1853.69
1854.7 1854.79
1855.8 1855.81
1856.9 1856.99
1858 1858.03
1859.1 1859.14
1860.2 1860.27
1861.3 1861.38
1862.4 1862.47
1863.5 1863.56
1864.6 1864.69
1865.7 1865.76
1866.8 1866.85
1867.9 1867.97
1869 1869.04
1870.1 1870.18
1871.2 1871.29
1872.3 1872.35
1873.4 1873.42
1874.5 1874.59
1875.6 1875.66
1876.7 1876.75
1877.8 1877.85
1878.9 1878.91
1880 1880.08
1881.1 1881.12
1882.2 1882.2
1883.3 1883.39
1884.4 1884.44
1885.5 1885.51
1886.6 1886.61
1887.7 1887.72
1888.8 1888.86
1889.9 1889.93
1891 1891.05
1892.1 1892.13
1893.2 1893.27
1894.3 1894.31
1895.4 1895.43
1896.5 1896.57
1897.6 1897.63
1898.7 1898.76
1899.8 1899.82
1900.9 1900.94
1902 1902.03
1903.1 1903.19
1904.2 1904.25
1905.3 1905.34
1906.4 1906.5
1907.5 1907.52
1908.6 1908.66
1909.7 1909.75
1910.8 1910.83
1911.9 1911.96
1913 1913.01
1914.1 1914.17
1915.2 1915.25
1916.3 1916.36
1917.4 1917.49
1918.5 1918.57
1919.6 1919.63
1920.7 1920.78
1921.8 1921.88
1922.9 1923
1924 1924.07
1925.1 1925.18
1926.2 1926.26
1927.3 1927.33
1928.4 1928.48
1929.5 1929.51
1930.6 1930.65
1931.7 1931.79
1932.8 1932.87
1933.9 1933.97
1935 1935.06
1936.1 1936.11
1937.2 1937.27
1938.3 1938.36
1939.4 1939.43
1940.5 1940.53
1941.6 1941.63
1942.7 1942.72
1943.8 1943.81
1944.9 1944.92
1946 1946.09
1947.1 1947.17
1948.2 1948.21
1949.3 1949.33
1950.4 1950.43
1951.5 1951.58
1952.6 1952.61
1953.7 1953.78
1954.8 1954.84
1955.9 1955.97
1957 1957.01
1958.1 1958.19
1959.2 1959.29
1960.3 1960.32
1961.4 1961.5
1962.5 1962.52
1963.6 1963.66
1964.7 1964.75
1965.8 1965.84
1966.9 1966.92
1968 1968.1
1969.1 1969.16
1970.2 1970.22
1971.3 1971.38
1972.4 1972.46
1973.5 1973.52
1974.6 1974.67
1975.7 1975.76
1976.8 1976.84
1977.9 1977.9
1979 1979
1980.1 1980.16
1981.2 1981.22
1982.3 1982.33
1983.4 1983.48
1984.5 1984.57
1985.6 1985.67
1986.7 1986.75
1987.8 1987.88
1988.9 1988.96
1990 1990.02
1991.1 1991.11
1992.2 1992.21
1993.3 1993.38
1994.4 1994.4
1995.5 1995.58
1996.6 1996.62
1997.7 1997.73
1998.8 1998.87
1999.9 1999.96
2001 2001.08
2002.1 2002.12
2003.2 2003.28
2004.3 2004.4
2005.4 2005.46
2006.5 2006.53
2007.6 2007.68
2008.7 2008.79
2009.8 2009.81
2010.9 2010.92
2012 2012.07
2013.1 2013.16
2014.2 2014.27
2015.3 2015.39
2016.4 2016.45
2017.5 2017.57
2018.6 2018.69
2019.7 2019.79
2020.8 2020.84
2021.9 2021.92
2023 2023
2024.1 2024.1
2025.2 2025.21
2026.3 2026.39
2027.4 2027.44
2028.5 2028.53
2029.6 2029.64
2030.7 2030.76
2031.8 2031.88
2032.9 2032.95
2034 2034.01
2035.1 2035.13
2036.2 2036.26
2037.3 2037.32
2038.4 2038.49
2039.5 2039.5
2040.6 2040.65
2041.7 2041.79
2042.8 2042.82
2043.9 2043.93
2045 2045.06
2046.1 2046.13
2047.2 2047.24
2048.3 2048.39
2049.4 2049.42
2050.5 2050.58
2051.6 2051.65
2052.7 2052.8
2053.8 2053.82
2054.9 2054.92
2056 2056.06
2057.1 2057.14
2058.2 2058.27
2059.3 2059.33
2060.4 2060.47
2061.5 2061.58
2062.6 2062.7
2063.7 2063.74
2064.8 2064.88
2065.9 2065.92
2067 2067.04
2068.1 2068.17
2069.2 2069.23
2070.3 2070.37
2071.4 2071.4
2072.5 2072.57
2073.6 2073.67
2074.7 2074.76
2075.8 2075.86
2076.9 2076.94
2078 2078.06
2079.1 2079.14
2080.2 2080.3
2081.3 2081.34
2082.4 2082.47
2083.5 2083.58
2084.6 2084.67
2085.7 2085.78
2086.8 2086.86
2087.9 2087.91
2089 2089.01
2090.1 2090.17
2091.2 2091.26
2092.3 2092.38
2093.4 2093.43
2094.5 2094.51
2095.6 2095.69
2096.7 2096.78
2097.8 2097.84
2098.9 2098.99
2100 2100.02
2101.1 2101.18
2102.2 2102.3
2103.3 2103.4
2104.4 2104.44
2105.5 2105.56
2106.6 2106.68
2107.7 2107.75
2108.8 2108.82
2109.9 2109.95
2111 2111.03
2112.1 2112.16
2113.2 2113.25
2114.3 2114.38
2115.4 2115.43
2116.5 2116.59
2117.6 2117.69
2118.7 2118.78
2119.8 2119.85
2120.9 2120.95
2122 2122.08
2123.1 2123.19
2124.2 2124.27
2125.3 2125.31
2126.4 2126.42
2127.5 2127.6
2128.6 2128.64
2129.7 2129.74
2130.8 2130.82
2131.9 2131.94
2133 2133.1
2134.1 2134.13
2135.2 2135.23
2136.3 2136.37
2137.4 2137.44
2138.5 2138.52
2139.6 2139.63
2140.7 2140.72
2141.8 2141.89
2142.9 2142.91
2144 2144.1
2145.1 2145.1
2146.2 2146.29
2147.3 2147.36
2148.4 2148.44
2149.5 2149.51
2150.6 2150.69
2151.7 2151.74
2152.8 2152.88
2153.9 2153.91
2155 2155.02
2156.1 2156.16
2157.2 2157.26
2158.3 2158.31
2159.4 2159.47
2160.5 2160.53
2161.6 2161.64
2162.7 2162.74
2163.8 2163.82
2164.9 2164.99
2166 2166.06
2167.1 2167.14
2168.2 2168.26
2169.3 2169.31
2170.4 2170.48
2171.5 2171.51
2172.6 2172.64
2173.7 2173.77
2174.8 2174.82
2175.9 2175.93
2177 2177.08
2178.1 2178.15
2179.2 2179.28
2180.3 2180.33
2181.4 2181.47
2182.5 2182.56
2183.6 2183.65
2184.7 2184.71
2185.8 2185.84
2186.9 2186.9
2188 2188.08
2189.1 2189.2
2190.2 2190.27
2191.3 2191.38
2192.4 2192.43
2193.5 2193.57
2194.6 2194.63
2195.7 2195.78
2196.8 2196.84
2197.9 2197.97
2199 2199.04
2200.1 2200.16
2201.2 2201.23
2202.3 2202.3
2203.4 2203.49
2204.5 2204.6
2205.6 2205.65
2206.7 2206.78
2207.8 2207.87
2208.9 2208.95
2210 2210.08
2211.1 2211.18
2212.2 2212.26
2213.3 2213.3
2214.4 2214.49
2215.5 2215.59
2216.6 2216.66
2217.7 2217.76
2218.8 2218.81
2219.9 2219.91
2221 2221.05
2222.1 2222.1
2223.2 2223.27
2224.3 2224.34
2225.4 2225.41
2226.5 2226.6
2227.6 2227.65
2228.7 2228.8
2229.8 2229.86
2230.9 2230.91
2232 2232.03
2233.1 2233.12
2234.2 2234.27
2235.3 2235.35
2236.4 2236.41
2237.5 2237.53
2238.6 2238.64
2239.7 2239.75
2240.8 2240.88
2241.9 2241.95
2243 2243.04
2244.1 2244.16
2245.2 2245.28
2246.3 2246.32
2247.4 2247.41
2248.5 2248.56
2249.6 2249.69
2250.7 2250.74
2251.8 2251.88
2252.9 2252.95
2254 2254.06
2255.1 2255.14
2256.2 2256.28
2257.3 2257.38
2258.4 2258.46
2259.5 2259.53
2260.6 2260.6
2261.7 2261.71
2262.8 2262.8
2263.9 2263.95
2265 2265
2266.1 2266.12
2267.2 2267.23
2268.3 2268.33
2269.4 2269.47
2270.5 2270.57
2271.6 2271.68
2272.7 2272.73
2273.8 2273.85
2274.9 2274.99
2276 2276.05
2277.1 2277.17
2278.2 2278.26
2279.3 2279.38
2280.4 2280.5
2281.5 2281.54
2282.6 2282.67
2283.7 2283.77
2284.8 2284.86
2285.9 2286
2287 2287.07
2288.1 2288.18
2289.2 2289.25
2290.3 2290.36
2291.4 2291.44
2292.5 2292.56
2293.6 2293.64
2294.7 2294.7
2295.8 2295.85
2296.9 2296.95
2298 2298.02
2299.1 2299.11
2300.2 2300.26
2301.3 2301.32
2302.4 2302.47
2303.5 2303.54
2304.6 2304.67
2305.7 2305.72
2306.8 2306.83
2307.9 2308
2309 2309.02
2310.1 2310.14
2311.2 2311.24
2312.3 2312.4
2313.4 2313.49
2314.5 2314.51
2315.6 2315.6
2316.7 2316.74
2317.8 2317.84
2318.9 2318.93
2320 2320.08
2321.1 2321.1
2322.2 2322.23
2323.3 2323.39
2324.4 2324.43
2325.5 2325.54
2326.6 2326.7
2327.7 2327.78
2328.8 2328.84
2329.9 2329.98
2331 2331.06
2332.1 2332.17
2333.2 2333.25
2334.3 2334.37
2335.4 2335.5
2336.5 2336.58
2337.6 2337.6
2338.7 2338.71
2339.8 2339.87
2340.9 2340.93
2342 2342.07
2343.1 2343.16
2344.2 2344.26
2345.3 2345.33
2346.4 2346.48
2347.5 2347.52
2348.6 2348.62
2349.7 2349.74
2350.8 2350.89
2351.9 2351.92
2353 2353.01
2354.1 2354.11
2355.2 2355.24
2356.3 2356.31
2357.4 2357.45
2358.5 2358.52
2359.6 2359.65
2360.7 2360.76
2361.8 2361.86
2362.9 2362.96
2364 2364.09
2365.1 2365.17
2366.2 2366.28
2367.3 2367.31
2368.4 2368.4
2369.5 2369.54
2370.6 2370.64
2371.7 2371.75
2372.8 2372.88
2373.9 2373.9
2375 2375.01
2376.1 2376.14
2377.2 2377.22
2378.3 2378.39
2379.4 2379.47
2380.5 2380.54
2381.6 2381.61
2382.7 2382.74
2383.8 2383.84
2384.9 2384.98
2386 2386.08
2387.1 2387.17
2388.2 2388.25
2389.3 2389.33
2390.4 2390.42
2391.5 2391.53
2392.6 2392.61
2393.7 2393.71
2394.8 2394.83
2395.9 2395.93
2397 2397.05
2398.1 2398.19
2399.2 2399.23
2400.3 2400.34
2401.4 2401.45
2402.5 2402.51
2403.6 2403.69
2404.7 2404.75
2405.8 2405.85
2406.9 2406.95
2408 2408.06
2409.1 2409.11
2410.2 2410.23
2411.3 2411.37
2412.4 2412.5
2413.5 2413.56
2414.6 2414.69
2415.7 2415.71
2416.8 2416.88
2417.9 2417.92
2419 2419.08
2420.1 2420.15
2421.2 2421.3
2422.3 2422.34
2423.4 2423.46
2424.5 2424.53
2425.6 2425.69
2426.7 2426.73
2427.8 2427.87
2428.9 2428.93
2430 2430.02
2431.1 2431.16
2432.2 2432.26
2433.3 2433.35
2434.4 2434.45
2435.5 2435.53
2436.6 2436.61
2437.7 2437.75
2438.8 2438.81
2439.9 2439.99
2441 2441.06
2442.1 2442.16
2443.2 2443.29
2444.3 2444.31
2445.4 2445.45
2446.5 2446.54
2447.6 2447.64
2448.7 2448.76
2449.8 2449.84
2450.9 2450.96
2452 2452.08
2453.1 2453.16
2454.2 2454.24
2455.3 2455.3
2456.4 2456.41
2457.5 2457.56
2458.6 2458.67
2459.7 2459.72
2460.8 2460.89
2461.9 2461.94
2463 2463.1
2464.1 2464.16
2465.2 2465.23
2466.3 2466.38
2467.4 2467.49
2468.5 2468.52
2469.6 2469.67
2470.7 2470.76
2471.8 2471.83
2472.9 2472.91
2474 2474.07
2475.1 2475.13
2476.2 2476.25
2477.3 2477.4
2478.4 2478.45
2479.5 2479.52
2480.6 2480.63
2481.7 2481.78
2482.8 2482.9
2483.9 2483.95
2485 2485.06
2486.1 2486.17
2487.2 2487.22
2488.3 2488.31
2489.4 2489.48
2490.5 2490.6
2491.6 2491.61
2492.7 2492.78
2493.8 2493.89
2494.9 2494.94
2496 2496.02
2497.1 2497.15
2498.2 2498.27
2499.3 2499.32
2500.4 2500.48
2501.5 2501.51
2502.6 2502.69
2503.7 2503.72
2504.8 2504.83
2505.9 2505.95
2507 2507.08
2508.1 2508.14
2509.2 2509.23
2510.3 2510.37
2511.4 2511.43
2512.5 2512.54
2513.6 2513.68
2514.7 2514.71
2515.8 2515.85
2516.9 2516.94
2518 2518.04
2519.1 2519.17
2520.2 2520.22
2521.3 2521.36
2522.4 2522.45
2523.5 2523.56
2524.6 2524.67
2525.7 2525.73
2526.8 2526.89
2527.9 2527.95
2529 2529.03
2530.1 2530.19
2531.2 2531.24
2532.3 2532.35
2533.4 2533.43
2534.5 2534.53
2535.6 2535.69
2536.7 2536.77
2537.8 2537.88
2538.9 2538.98
2540 2540.02
2541.1 2541.17
2542.2 2542.27
2543.3 2543.35
2544.4 2544.49
2545.5 2545.55
2546.6 2546.68
2547.7 2547.73
2548.8 2548.87
2549.9 2549.94
2551 2551.02
2552.1 2552.13
2553.2 2553.21
2554.3 2554.39
2555.4 2555.46
2556.5 2556.58
2557.6 2557.62
2558.7 2558.73
2559.8 2559.83
2560.9 2560.96
2562 2562.02
2563.1 2563.13
2564.2 2564.22
2565.3 2565.35
2566.4 2566.41
2567.5 2567.56
2568.6 2568.67
2569.7 2569.79
2570.8 2570.85
2571.9 2571.98
2573 2573.05
2574.1 2574.19
2575.2 2575.23
2576.3 2576.31
2577.4 2577.45
2578.5 2578.58
2579.6 2579.66
2580.7 2580.77
2581.8 2581.86
2582.9 2582.93
2584 2584.05
2585.1 2585.15
2586.2 2586.3
2587.3 2587.36
2588.4 2588.5
2589.5 2589.54
2590.6 2590.6
2591.7 2591.72
2592.8 2592.81
2593.9 2593.93
2595 2595.04
2596.1 2596.12
2597.2 2597.28
2598.3 2598.36
2599.4 2599.46
2600.5 2600.56
2601.6 2601.62
2602.7 2602.77
2603.8 2603.86
2604.9 2604.95
2606 2606.08
2607.1 2607.14
2608.2 2608.22
2609.3 2609.34
2610.4 2610.41
2611.5 2611.54
2612.6 2612.6
2613.7 2613.7
2614.8 2614.82
2615.9 2615.98
2617 2617.03
2618.1 2618.13
2619.2 2619.24
2620.3 2620.35
2621.4 2621.42
2622.5 2622.59
2623.6 2623.64
2624.7 2624.71
2625.8 2625.85
2626.9 2626.92
2628 2628.03
2629.1 2629.14
2630.2 2630.28
2631.3 2631.36
2632.4 2632.47
2633.5 2633.56
2634.6 2634.68
2635.7 2635.77
2636.8 2636.87
2637.9 2637.96
2639 2639.02
2640.1 2640.2
2641.2 2641.28
2642.3 2642.35
2643.4 2643.47
2644.5 2644.53
2645.6 2645.64
2646.7 2646.71
2647.8 2647.89
2648.9 2648.94
2650 2650
2651.1 2651.15
2652.2 2652.3
2653.3 2653.37
2654.4 2654.46
2655.5 2655.56
2656.6 2656.61
2657.7 2657.73
2658.8 2658.85
2659.9 2659.96
2661 2661.09
2662.1 2662.19
2663.2 2663.27
2664.3 2664.36
2665.4 2665.44
2666.5 2666.59
2667.6 2667.67
2668.7 2668.74
2669.8 2669.86
2670.9 2670.99
2672 2672.07
2673.1 2673.17
2674.2 2674.28
2675.3 2675.39
2676.4 2676.4
2677.5 2677.59
2678.6 2678.66
2679.7 2679.71
2680.8 2680.86
2681.9 2681.91
2683 2683.04
2684.1 2684.11
2685.2 2685.25
2686.3 2686.37
2687.4 2687.44
2688.5 2688.5
2689.6 2689.6
2690.7 2690.72
2691.8 2691.88
2692.9 2692.98
2694 2694.02
2695.1 2695.16
2696.2 2696.26
2697.3 2697.4
2698.4 2698.46
2699.5 2699.59
2700.6 2700.7
2701.7 2701.72
2702.8 2702.85
2703.9 2703.91
2705 2705.03
2706.1 2706.14
2707.2 2707.28
2708.3 2708.34
2709.4 2709.43
2710.5 2710.57
2711.6 2711.64
2712.7 2712.72
2713.8 2713.81
2714.9 2714.95
2716 2716.07
2717.1 2717.12
2718.2 2718.2
2719.3 2719.33
2720.4 2720.45
2721.5 2721.51
2722.6 2722.64
2723.7 2723.78
2724.8 2724.81
2725.9 2725.94
2727 2727.06
2728.1 2728.12
2729.2 2729.29
2730.3 2730.31
2731.4 2731.45
2732.5 2732.58
2733.6 2733.65
2734.7 2734.77
2735.8 2735.85
2736.9 2736.94
2738 2738.1
2739.1 2739.18
2740.2 2740.22
2741.3 2741.34
2742.4 2742.42
2743.5 2743.51
2744.6 2744.6
2745.7 2745.73
2746.8 2746.86
2747.9 2747.95
2749 2749.01
2750.1 2750.15
2751.2 2751.3
2752.3 2752.31
2753.4 2753.49
2754.5 2754.52
2755.6 2755.62
2756.7 2756.7
2757.8 2757.9
2758.9 2758.94
2760 7760
2760.01 7760.01
2760.07 7760.05
2760.15 7760.14
2760.23 7760.23
2760.25 7760.26
2760.26 7760.34
2760.27 7760.43
2760.36 7760.52
2760.4 7760.62
2760.5 7760.67
2760.51 7760.71
2760.61 7760.71
2760.66 7760.75
2760.66 7760.83
2760.73 7760.91
2760.81 7760.96
2760.86 7761.02
2760.93 7761.03
2760.93 7761.04
2761 7761.06
2761.08 7761.15
2761.17 7761.21
2761.17 7761.31
2761.2 7761.33
2761.28 7761.38
2761.35 7761.42
2761.35 7761.48
2761.45 7761.56
2761.49 7761.62
2761.56 7761.69
2761.56 7761.79
2761.58 7761.88
2761.66 7761.96
2761.68 7762.01
2761.76 7762.07
2761.84 7762.12
2761.88 7762.2
2761.93 7762.28
2762.03 7762.28
2762.07 7762.34
2762.12 7762.37
2762.16 7762.42
2762.25 7762.46
2762.29 7762.52
2762.37 7762.54
2762.45 7762.56
2762.54 7762.63
2762.59 7762.7
2762.64 7762.76
2762.72 7762.77
2762.8 7762.85
2762.85 7762.92
2762.91 7762.95
2762.97 7763
2763.04 7763.03
2763.1 7763.05
2763.19 7763.06
2763.25 7763.12
2763.28 7763.12
2763.34 7763.21
2763.38 7763.21
2763.42 7763.28
2763.47 7763.35
2763.56 7763.36
2763.6 7763.41
2763.7 7763.5
2763.73 7763.55
2763.74 7763.61
2763.83 7763.65
2763.91 7763.72
2763.92 7763.77
2764.02 7763.85
2764.07 7763.89
2764.1 7763.95
2764.13 7764.02
2764.22 7764.11
2764.28 7764.19
2764.32 7764.28
2764.35 7764.31
2764.37 7764.35
2764.39 7764.45
2764.39 7764.5
2764.44 7764.5
2764.53 7764.58
2764.59 7764.59
2764.65 7764.65
2764.69 7764.71
2764.73 7764.8
2764.78 7764.88
2764.83 7764.9
2764.93 7764.94
2764.94 7764.96
2765.04 7765.04
2765.07 7765.07
2765.08 7765.15
2765.13 7765.22
2765.2 7765.25
2765.24 7765.27
2765.3 7765.33
2765.38 7765.34
2765.39 7765.37
2765.44 7765.46
2765.51 7765.48
2765.58 7765.55
2765.61 7765.64
2765.62 7765.66
2765.66 7765.68
2765.7 7765.78
2765.73 7765.86
2765.77 7765.94
2765.79 7765.95
2765.84 7766.04
2765.89 7766.09
2765.98 7766.13
2766 7766.14
2766.03 7766.15
2766.06 7766.18
2766.09 7766.28
2766.15 7766.31
2766.23 7766.33
2766.31 7766.36
2766.38 7766.38
2766.46 7766.43
2766.5 7766.46
2766.55 7766.47
2766.62 7766.53
2766.67 7766.56
2766.75 7766.61
2766.83 7766.62
2766.9 7766.68
2766.94 7766.77
2766.99 7766.84
2767.05 7766.93
2767.11 7767
2767.13 7767.06
2767.23 7767.15
2767.32 7767.19
2767.35 7767.21
2767.42 7767.29
2767.47 7767.34
2767.49 7767.43
2767.54 7767.46
2767.64 7767.48
2767.7 7767.57
2767.73 7767.62
2767.83 7767.64
2767.88 7767.71
2767.96 7767.72
2767.96 7767.72
2768.04 7767.76
2768.08 7767.86
2768.14 7767.96
2768.14 7768.05
2768.16 7768.15
2768.23 7768.24
2768.33 7768.28
2768.43 7768.37
2768.49 7768.41
2768.51 7768.47
2768.59 7768.54
2768.61 7768.61
2768.62 7768.67
2768.65 7768.76
2768.74 7768.81
2768.83 7768.81
2768.87 7768.83
2768.96 7768.92
2768.97 7768.95
2769.03 7769.03
2769.07 7769.12
2769.16 7769.2
2769.22 7769.3
2769.23 7769.32
2769.29 7769.4
2769.36 7769.45
2769.44 7769.55
2769.45 7769.57
2769.53 7769.58
2769.56 7769.6
2769.62 7769.7
2769.67 7769.73
2769.74 7769.76
2769.78 7769.83
2769.82 7769.89
2769.87 7769.96
2769.87 7770.05
2769.88 7770.13
2769.97 7770.15
2769.98 7770.21
2770.02 7770.25
2770.02 7770.27
2770.03 7770.29
2770.05 7770.31
2770.14 7770.39
2770.21 7770.42
2770.29 7770.43
2770.33 7770.44
2770.36 7770.46
2770.43 7770.53
2770.49 7770.63
2770.5 7770.72
2770.53 7770.78
2770.57 7770.82
2770.66 7770.83
2770.74 7770.88
2770.79 7770.91
2770.83 7770.97
2770.92 7771.07
2770.92 7771.09
2770.93 7771.18
2770.94 7771.23
2770.98 7771.26
2771.07 7771.32
2771.07 7771.41
2771.08 7771.43
2771.14 7771.43
2771.24 7771.5
2771.3 7771.57
2771.38 7771.62
2771.45 7771.69
2771.54 7771.75
2771.64 7771.77
2771.66 7771.82
2771.7 7771.91
2771.79 7771.96
2771.82 7771.99
2771.91 7772.09
2771.99 7772.12
2772.04 7772.18
2772.06 7772.22
2772.08 7772.23
2772.17 7772.31
2772.25 7772.31
2772.3 7772.38
2772.39 7772.47
2772.47 7772.55
2772.49 7772.61
2772.58 7772.64
2772.67 7772.65
2772.77 7772.69
2772.8 7772.76
2772.8 7772.78
2772.9 7772.78
2772.96 7772.81
2772.97 7772.84
2773.02 7772.94
2773.04 7773.01
2773.13 7773.01
2773.18 7773.05
2773.24 7773.08
2773.32 7773.09
2773.41 7773.17
2773.45 7773.24
2773.55 7773.25
2773.58 7773.32
2773.62 7773.39
2773.64 7773.4
2773.65 7773.43
2773.72 7773.47
2773.81 7773.55
2773.9 7773.65
2773.99 7773.71
2774.07 7773.8
2774.17 7773.84
2774.21 7773.88
2774.25 7773.9
2774.26 7773.91
2774.31 7773.93
2774.31 7774.01
2774.31 7774.05
2774.37 7774.1
2774.45 7774.13
2774.49 7774.19
2774.54 7774.26
2774.58 7774.29
2774.62 7774.31
2774.7 7774.39
2774.7 7774.43
2774.77 7774.53
2774.78 7774.54
2774.79 7774.62
2774.87 7774.67
2774.89 7774.68
2774.92 7774.77
2774.94 7774.84
2774.99 7774.91
2775.01 7774.93
2775.02 7774.96
2775.04 7775.01
2775.04 7775.09
2775.06 7775.11
2775.15 7775.15
2775.24 7775.17
2775.33 7775.22
2775.38 7775.24
2775.44 7775.27
2775.44 7775.29
2775.49 7775.37
2775.56 7775.46
2775.63 7775.46
2775.66 7775.55
2775.72 7775.6
2775.72 7775.6
2775.75 7775.62
2775.76 7775.64
2775.78 7775.69
2775.8 7775.7
2775.87 7775.75
2775.9 7775.82
2775.95 7775.9
2776.03 7775.98
2776.07 7776.06
2776.08 7776.08
2776.08 7776.12
2776.14 7776.12
2776.18 7776.15
2776.21 7776.16
2776.29 7776.19
2776.34 7776.29
2776.42 7776.34
2776.43 7776.41
2776.52 7776.43
2776.58 7776.5
2776.63 7776.51
2776.63 7776.53
2776.69 7776.57
2776.79 7776.57
2776.8 7776.6
2776.85 7776.62
2776.91 7776.68
2776.93 7776.69
2776.98 7776.76
2777 7776.85
2777.04 7776.87
2777.06 7776.9
2777.16 7776.94
2777.2 7776.95
2777.25 7777.04
2777.33 7777.1
2777.38 7777.19
2777.4 7777.26
2777.4 7777.36
2777.45 7777.38
2777.46 7777.48
2777.51 7777.57
2777.55 7777.6
2777.62 7777.65
2777.63 7777.67
2777.64 7777.71
2777.74 7777.76
2777.8 7777.84
2777.87 7777.9
2777.95 7777.99
2778.04 7778.01
2778.08 7778.08
2778.17 7778.14
2778.17 7778.14
2778.26 7778.19
2778.35 7778.21
2778.37 7778.24
2778.38 7778.24
2778.41 7778.3
2778.42 7778.32
2778.48 7778.39
2778.51 7778.42
2778.59 7778.45
2778.64 7778.54
2778.72 7778.58
2778.79 7778.66
2778.83 7778.72
2778.87 7778.76
2778.95 7778.8
2779.04 7778.8
2779.07 7778.86
2779.09 7778.89
2779.16 7778.95
2779.25 7779.03
2779.28 7779.09
2779.35 7779.15
2779.41 7779.2
2779.46 7779.27
2779.55 7779.32
2779.59 7779.42
2779.64 7779.46
2779.69 7779.55
2779.73 7779.63
2779.76 7779.65
2779.77 7779.71
2779.82 7779.74
2779.91 7779.76
2779.94 7779.83
2780.01 7779.85
2780.06 7779.88
2780.09 7779.91
2780.1 7779.98
2780.1 7780
2780.12 7780.09
2780.19 7780.15
2780.26 7780.2
2780.3 7780.23
2780.33 7780.25
2780.35 7780.29
2780.36 7780.3
2780.39 7780.39
2780.4 7780.42
2780.43 7780.47
2780.49 7780.55
2780.59 7780.62
2780.61 7780.67
2780.65 7780.73
2780.72 7780.76
2780.73 7780.85
2780.76 7780.93
2780.76 7780.93
2780.77 7781.02
2780.77 7781.08
2780.79 7781.14
2780.82 7781.22
2780.85 7781.31
2780.94 7781.35
2780.99 7781.39
2781.06 7781.46
2781.06 7781.48
2781.11 7781.48
2781.19 7781.54
2781.24 7781.61
2781.27 7781.64
2781.32 7781.73
2781.33 7781.78
2781.42 7781.83
2781.49 7781.87
2781.49 7781.96
2781.58 7782.05
2781.61 7782.11
2781.65 7782.15
2781.72 7782.17
2781.76 7782.21
2781.86 7782.23
2781.9 7782.31
2781.9 7782.35
2781.92 7782.44
2781.97 7782.49
2782.02 7782.52
2782.08 7782.53
2782.17 7782.54
2782.25 7782.63
2782.25 7782.71
2782.27 7782.78
2782.35 7782.86
2782.39 7782.93
2782.45 7783
2782.55 7783.1
2782.59 7783.12
2782.59 7783.13
2782.66 7783.21
2782.73 7783.28
2782.74 7783.34
2782.77 7783.37
2782.85 7783.39
2782.92 7783.4
2782.94 7783.44
2782.94 7783.54
2783.02 7783.61
2783.1 7783.67
2783.11 7783.69
2783.15 7783.77
2783.19 7783.79
2783.24 7783.87
2783.29 7783.91
2783.34 7783.92
2783.34 7784.01
2783.42 7784.02
2783.47 7784.11
2783.52 7784.14
2783.53 7784.21
2783.58 7784.27
2783.61 7784.34
2783.63 7784.35
2783.63 7784.39
2783.66 7784.45
2783.74 7784.51
2783.81 7784.54
2783.86 7784.61
2783.95 7784.64
2783.95 7784.73
2784.04 7784.8
2784.08 7784.89
2784.13 7784.94
2784.22 7784.95
2784.27 7785.04
2784.28 7785.05
2784.33 7785.09
2784.4 7785.16
2784.43 7785.22
2784.46 7785.29
2784.52 7785.35
2784.62 7785.43
2784.71 7785.49
2784.76 7785.54
2784.78 7785.62
2784.81 7785.72
2784.91 7785.72
2784.99 7785.73
2785 7785.77
2785.04 7785.82
2785.1 7785.85
2785.17 7785.92
2785.24 7785.99
2785.25 7786
2785.32 7786.05
2785.38 7786.13
2785.43 7786.2
2785.44 7786.26
2785.53 7786.34
2785.57 7786.41
2785.63 7786.44
2785.68 7786.52
2785.74 7786.6
2785.83 7786.64
2785.83 7786.68
2785.88 7786.75
2785.93 7786.75
2786.01 7786.81
2786.04 7786.84
2786.04 7786.93
2786.11 7787.01
2786.12 7787.1
2786.14 7787.14
2786.15 7787.23
2786.22 7787.33
2786.32 7787.38
2786.32 7787.4
2786.4 7787.43
2786.46 7787.48
2786.48 7787.5
2786.48 7787.6
2786.53 7787.69
2786.54 7787.7
2786.58 7787.77
2786.66 7787.8
2786.71 7787.88
2786.77 7787.97
2786.78 7787.98
2786.78 7788.03
2786.88 7788.12
2786.92 7788.2
2787 7788.2
2787.02 7788.23
2787.1 7788.23
2787.19 7788.31
2787.27 7788.35
2787.31 7788.43
2787.41 7788.51
2787.44 7788.6
2787.46 7788.69
2787.49 7788.71
2787.52 7788.76
2787.56 7788.81
2787.65 7788.89
2787.74 7788.97
2787.8 7789.02
2787.83 7789.07
2787.91 7789.14
2787.92 7789.14
2788.01 7789.17
2788.06 7789.23
2788.1 7789.23
2788.2 7789.33
2788.29 7789.41
2788.29 7789.48
2788.34 7789.49
2788.36 7789.57
2788.4 7789.66
2788.48 7789.74
2788.56 7789.8
2788.59 7789.82
2788.62 7789.9
2788.68 7789.92
2788.77 7789.93
2788.8 7789.96
2788.9 7790.01
2788.92 7790.08
2788.96 7790.09
2788.99 7790.18
2789.07 7790.27
2789.1 7790.29
2789.12 7790.3
2789.17 7790.31
2789.26 7790.38
2789.28 7790.43
2789.31 7790.5
2789.35 7790.52
2789.39 7790.55
2789.4 7790.65
2789.46 7790.75
2789.54 7790.76
2789.6 7790.85
2789.62 7790.86
2789.69 7790.95
2789.71 7791
2789.75 7791.06
2789.83 7791.14
2789.91 7791.17
2789.92 7791.27
2789.99 7791.35
2790.08 7791.42
2790.16 7791.52
2790.25 7791.53
2790.32 7791.58
2790.39 7791.66
2790.45 7791.71
2790.49 7791.8
2790.57 7791.81
2790.64 7791.9
2790.71 7791.99
2790.79 7792.08
2790.88 7792.08
2790.89 7792.16
2790.99 7792.18
2791 7792.22
2791.09 7792.22
2791.17 7792.26
2791.2 7792.35
2791.29 7792.39
2791.35 7792.44
2791.36 7792.46
2791.44 7792.54
2791.54 7792.57
2791.58 7792.63
2791.6 7792.7
2791.67 7792.74
2791.69 7792.83
2791.79 7792.9
2791.8 7792.92
2791.81 7792.98
2791.88 7793.04
2791.94 7793.09
2791.96 7793.12
2792.02 7793.16
2792.06 7793.18
2792.15 7793.26
2792.24 7793.31
2792.26 7793.36
2792.29 7793.4
2792.35 7793.43
2792.35 7793.49
2792.41 7793.58
2792.43 7793.6
2792.43 7793.6
2792.44 7793.67
2792.53 7793.7
2792.62 7793.77
2792.64 7793.81
2792.68 7793.89
2792.69 7793.98
2792.72 7794.01
2792.76 7794.05
2792.79 7794.13
2792.84 7794.16
2792.88 7794.23
2792.96 7794.29
2793.02 7794.31
2793.09 7794.32
2793.17 7794.41
2793.27 7794.44
2793.33 7794.53
2793.39 7794.57
2793.47 7794.63
2793.51 7794.69
2793.56 7794.78
2793.62 7794.82
2793.67 7794.82
2793.69 7794.84
2793.74 7794.92
2793.76 7794.95
2793.83 7795
2793.87 7795.01
2793.95 7795.1
2794.02 7795.18
2794.05 7795.2
2794.07 7795.22
2794.14 7795.27
2794.16 7795.28
2794.19 7795.32
2794.28 7795.41
2794.32 7795.43
2794.34 7795.49
2794.37 7795.53
2794.4 7795.6
2794.46 7795.64
2794.51 7795.66
2794.59 7795.74
2794.63 7795.75
2794.65 7795.84
2794.75 7795.86
2794.75 7795.95
2794.81 7796.04
2794.9 7796.05
2794.93 7796.05
2794.95 7796.14
2795.01 7796.16
2795.08 7796.2
2795.11 7796.23
2795.17 7796.26
2795.22 7796.28
2795.25 7796.3
2795.33 7796.37
2795.41 7796.39
2795.49 7796.44
2795.58 7796.53
2795.62 7796.55
2795.62 7796.59
2795.64 7796.68
2795.68 7796.73
2795.77 7796.83
2795.83 7796.91
2795.93 7796.93
2795.98 7797.01
2796.07 7797.08
2796.1 7797.1
2796.11 7797.15
2796.19 7797.23
2796.27 7797.3
2796.36 7797.33
2796.37 7797.43
2796.39 7797.49
2796.47 7797.54
2796.56 7797.57
2796.57 7797.6
2796.65 7797.68
2796.71 7797.73
2796.73 7797.74
2796.8 7797.77
2796.88 7797.82
2796.94 7797.91
2797.01 7797.93
2797.04 7798.02
2797.08 7798.07
2797.14 7798.11
2797.21 7798.17
2797.24 7798.21
2797.28 7798.29
2797.3 7798.37
2797.32 7798.42
2797.37 7798.48
2797.43 7798.5
2797.52 7798.59
2797.53 7798.61
2797.61 7798.67
2797.71 7798.7
2797.71 7798.75
2797.79 7798.83
2797.86 7798.9
2797.87 7798.93
2797.96 7798.93
2798 7799
2798.04 7799.07
2798.14 7799.09
2798.17 7799.17
2798.23 7799.2
2798.24 7799.26
2798.28 7799.32
2798.3 7799.33
2798.37 7799.36
2798.47 7799.36
2798.5 7799.44
2798.57 7799.52
2798.61 7799.59
2798.61 7799.62
2798.69 7799.66
2798.78 7799.76
2798.87 7799.83
2798.96 7799.91
2799.02 7799.92
2799.08 7799.99
2799.09 7800.08
2799.18 7800.09
2799.28 7800.11
2799.37 7800.18
2799.44 7800.2
2799.48 7800.29
2799.53 7800.36
2799.6 7800.45
2799.64 7800.53
2799.74 7800.62
2799.76 7800.69
2799.8 7800.77
2799.83 7800.8
2799.9 7800.81
2799.91 7800.83
2800 7800.9
2800.07 7800.98
2800.14 7801.01
2800.16 7801.11
2800.24 7801.15
2800.27 7801.17
2800.32 7801.2
2800.37 7801.29
2800.45 7801.37
2800.52 7801.43
2800.54 7801.51
2800.57 7801.56
2800.57 7801.57
2800.58 7801.59
2800.58 7801.59
2800.61 7801.65
2800.7 7801.66
2800.71 7801.68
2800.71 7801.74
2800.77 7801.83
2800.77 7801.88
2800.8 7801.95
2800.85 7802.01
2800.86 7802.02
2800.92 7802.08
2800.92 7802.16
2801.02 7802.24
2801.1 7802.34
2801.18 7802.39
2801.22 7802.4
2801.31 7802.41
2801.38 7802.5
2801.48 7802.55
2801.57 7802.57
2801.64 7802.67
2801.72 7802.67
2801.79 7802.72
2801.83 7802.74
2801.91 7802.78
2801.97 7802.82
2802 7802.85
2802.07 7802.92
2802.09 7802.96
2802.1 7802.99
2802.14 7803.08
2802.2 7803.08
2802.25 7803.16
2802.31 7803.22
2802.39 7803.24
2802.47 7803.29
2802.57 7803.39
2802.6 7803.45
2802.67 7803.46
2802.71 7803.54
2802.75 7803.56
2802.82 7803.58
2802.85 7803.63
2802.94 7803.73
2802.96 7803.77
2803.05 7803.86
2803.1 7803.94
2803.17 7803.96
2803.19 7803.99
2803.21 7804.06
2803.21 7804.08
2803.23 7804.09
2803.24 7804.12
2803.25 7804.14
2803.28 7804.15
2803.35 7804.2
2803.39 7804.24
2803.47 7804.31
2803.51 7804.32
2803.53 7804.36
2803.54 7804.4
2803.55 7804.48
2803.62 7804.57
2803.64 7804.66
2803.67 7804.75
2803.73 7804.77
2803.77 7804.86
2803.78 7804.89
2803.85 7804.99
2803.94 7805.06
2803.97 7805.15
2804.06 7805.19
2804.16 7805.23
2804.19 7805.32
2804.23 7805.35
2804.29 7805.39
2804.36 7805.41
2804.39 7805.5
2804.46 7805.51
2804.52 7805.54
2804.57 7805.62
2804.62 7805.65
2804.66 7805.7
2804.71 7805.7
2804.76 7805.71
2804.79 7805.79
2804.88 7805.88
2804.96 7805.9
2804.97 7805.91
2805 7805.92
2805.01 7805.93
2805.02 7806.02
2805.12 7806.03
2805.15 7806.09
2805.22 7806.13
2805.24 7806.16
2805.31 7806.25
2805.4 7806.25
2805.4 7806.29
2805.43 7806.36
2805.48 7806.45
2805.5 7806.52
2805.54 7806.59
2805.6 7806.6
2805.65 7806.64
2805.74 7806.66
2805.81 7806.72
2805.84 7806.8
2805.9 7806.88
2805.96 7806.98
2806 7806.98
2806.06 7807.02
2806.16 7807.07
2806.23 7807.15
2806.26 7807.22
2806.35 7807.29
2806.4 7807.31
2806.41 7807.35
2806.42 7807.41
2806.46 7807.48
2806.49 7807.48
2806.49 7807.5
2806.58 7807.59
2806.68 7807.67
2806.75 7807.74
2806.77 7807.81
2806.83 7807.89
2806.92 7807.93
2806.96 7807.93
2807.03 7807.95
2807.06 7808.02
2807.16 7808.03
2807.26 7808.04
2807.32 7808.05
2807.37 7808.14
2807.39 7808.23
2807.47 7808.3
2807.48 7808.4
2807.54 7808.4
2807.6 7808.5
2807.66 7808.56
2807.68 7808.61
2807.75 7808.7
2807.79 7808.75
2807.85 7808.77
2807.94 7808.84
2807.96 7808.88
2808 7808.91
2808.02 7808.97
2808.05 7809.05
2808.06 7809.09
2808.08 7809.12
2808.16 7809.21
2808.21 7809.22
2808.27 7809.22
2808.32 7809.27
2808.35 7809.36
2808.38 7809.4
2808.47 7809.43
2808.56 7809.52
2808.57 7809.57
2808.65 7809.6
2808.73 7809.62
2808.81 7809.65
2808.85 7809.7
2808.93 7809.79
2808.93 7809.82
2809 7809.9
2809.03 7809.94
2809.08 7810.01
2809.09 7810.06
2809.18 7810.14
2809.21 7810.21
2809.25 7810.31
2809.31 7810.34
2809.33 7810.44
2809.37 7810.45
2809.43 7810.49
2809.51 7810.49
2809.6 7810.5
2809.66 7810.57
2809.69 7810.65
2809.77 7810.69
2809.8 7810.71
2809.88 7810.78
2809.94 7810.84
2809.96 7810.86
2810.05 7810.88
2810.07 7810.96
2810.13 7810.98
2810.19 7810.98
2810.21 7811.06
2810.26 7811.15
2810.3 7811.19
2810.39 7811.2
2810.43 7811.29
2810.49 7811.38
2810.51 7811.41
2810.59 7811.48
2810.67 7811.53
2810.74 7811.55
2810.82 7811.56
2810.89 7811.63
2810.91 7811.72
2810.91 7811.79
2811 7811.8
2811.06 7811.83
2811.15 7811.86
2811.19 7811.89
2811.26 7811.9
2811.33 7811.9
2811.37 7811.96
2811.37 7811.98
2811.37 7812.05
2811.44 7812.11
2811.54 7812.16
2811.58 7812.19
2811.6 7812.26
2811.65 7812.32
2811.69 7812.34
2811.73 7812.42
2811.75 7812.48
2811.84 7812.55
2811.93 7812.63
2811.94 7812.66
2812.01 7812.75
2812.06 7812.83
2812.12 7812.83
2812.14 7812.92
2812.2 7813.01
2812.27 7813.09
2812.34 7813.11
2812.35 7813.16
2812.38 7813.21
2812.43 7813.22
2812.52 7813.28
2812.58 7813.34
2812.6 7813.42
2812.63 7813.45
2812.66 7813.49
2812.69 7813.53
2812.78 7813.53
2812.82 7813.6
2812.88 7813.65
2812.96 7813.71
2812.98 7813.78
2813.02 7813.78
2813.06 7813.79
2813.08 7813.83
2813.17 7813.87
2813.2 7813.9
2813.22 7813.97
2813.24 7814.02
2813.34 7814.03
2813.36 7814.11
2813.39 7814.11
2813.46 7814.15
2813.55 7814.16
2813.55 7814.2
2813.58 7814.27
2813.62 7814.33
2813.68 7814.35
2813.73 7814.37
2813.77 7814.46
2813.86 7814.48
2813.92 7814.48
2813.92 7814.57
2813.97 7814.66
2814.06 7814.7
2814.14 7814.71
2814.21 7814.78
2814.26 7814.86
2814.32 7814.93
2814.32 7814.98
2814.36 7815.04
2814.42 7815.1
2814.42 7815.12
2814.46 7815.13
2814.48 7815.18
2814.55 7815.23
2814.58 7815.29
2814.67 7815.36
2814.74 7815.38
2814.83 7815.4
2814.9 7815.41
2814.93 7815.49
2814.94 7815.58
2814.97 7815.62
2815.01 7815.69
2815.02 7815.76
2815.08 7815.85
2815.17 7815.88
2815.17 7815.88
2815.27 7815.95
2815.3 7815.99
2815.31 7816.02
2815.36 7816.07
2815.46 7816.15
2815.46 7816.2
2815.47 7816.2
2815.48 7816.24
2815.55 7816.29
2815.6 7816.31
2815.69 7816.37
2815.72 7816.44
2815.76 7816.46
2815.83 7816.54
2815.85 7816.54
2815.88 7816.6
2815.9 7816.7
2815.96 7816.74
2816.04 7816.84
2816.1 7816.86
2816.11 7816.88
2816.16 7816.91
2816.21 7816.92
2816.28 7816.96
2816.34 7816.99
2816.36 7817.03
2816.4 7817.06
2816.48 7817.11
2816.54 7817.17
2816.63 7817.18
2816.67 7817.21
2816.72 7817.25
2816.82 7817.32
2816.85 7817.38
2816.93 7817.42
2816.99 7817.46
2817 7817.52
2817.08 7817.55
2817.15 7817.63
2817.18 7817.69
2817.27 7817.71
2817.31 7817.74
2817.35 7817.75
2817.37 7817.78
2817.38 7817.86
2817.47 7817.92
2817.49 7817.92
2817.54 7817.93
2817.62 7817.96
2817.65 7818.01
2817.73 7818.03
2817.79 7818.04
2817.84 7818.08
2817.93 7818.14
2817.96 7818.17
2818.02 7818.18
2818.08 7818.22
2818.12 7818.22
2818.15 7818.31
2818.25 7818.32
2818.29 7818.4
2818.29 7818.41
2818.31 7818.45
2818.41 7818.52
2818.5 7818.54
2818.6 7818.55
2818.63 7818.61
2818.72 7818.69
2818.79 7818.73
2818.82 7818.8
2818.83 7818.87
2818.91 7818.95
2818.92 7819.01
2818.92 7819.01
2818.94 7819.04
2818.97 7819.14
2818.99 7819.2
2819.08 7819.24
2819.1 7819.3
2819.2 7819.35
2819.26 7819.35
2819.35 7819.37
2819.38 7819.37
2819.43 7819.37
2819.45 7819.4
2819.53 7819.48
2819.54 7819.53
2819.58 7819.61
2819.59 7819.68
2819.61 7819.69
2819.64 7819.72
2819.72 7819.78
2819.77 7819.88
2819.85 7819.93
2819.89 7820.01
2819.94 7820.09
2819.96 7820.1
2820.01 7820.1
2820.03 7820.11
2820.06 7820.13
2820.1 7820.14
2820.14 7820.18
2820.16 7820.26
2820.24 7820.33
2820.34 7820.37
2820.42 7820.39
2820.44 7820.46
2820.51 7820.46
2820.57 7820.47
2820.66 7820.51
2820.72 7820.52
2820.72 7820.56
2820.73 7820.6
2820.75 7820.66
2820.8 7820.69
2820.83 7820.78
2820.92 7820.78
2820.99 7820.79
2821.03 7820.88
2821.12 7820.95
2821.2 7820.97
2821.29 7821.01
2821.38 7821.07
2821.4 7821.16
2821.42 7821.21
2821.5 7821.22
2821.52 7821.31
2821.59 7821.39
2821.67 7821.49
2821.74 7821.52
2821.76 7821.56
2821.84 7821.6
2821.93 7821.62
2822.01 7821.65
2822.09 7821.74
2822.13 7821.74
2822.18 7821.77
2822.23 7821.79
2822.27 7821.89
2822.28 7821.92
2822.29 7821.96
2822.3 7821.96
2822.34 7821.98
2822.4 7821.98
2822.41 7822.08
2822.45 7822.12
2822.47 7822.15
2822.48 7822.15
2822.53 7822.24
2822.54 7822.31
2822.56 7822.32
2822.6 7822.33
2822.68 7822.38
2822.69 7822.42
2822.76 7822.43
2822.79 7822.51
2822.83 7822.56
2822.91 7822.66
2822.96 7822.66
2823.06 7822.69
2823.06 7822.77
2823.15 7822.83
2823.24 7822.91
2823.27 7822.92
2823.32 7822.97
2823.34 7822.99
2823.39 7823.06
2823.41 7823.11
2823.43 7823.15
2823.51 7823.25
2823.59 7823.29
2823.63 7823.29
2823.68 7823.33
2823.75 7823.4
2823.78 7823.4
2823.81 7823.45
2823.82 7823.5
2823.87 7823.51
2823.94 7823.6
2823.96 7823.61
2824 7823.7
2824.04 7823.71
2824.1 7823.81
2824.2 7823.89
2824.28 7823.96
2824.29 7823.97
2824.31 7823.99
2824.39 7824.09
2824.39 7824.18
2824.44 7824.27
2824.46 7824.35
2824.5 7824.36
2824.56 7824.44
2824.6 7824.46
2824.7 7824.48
2824.76 7824.55
2824.84 7824.56
2824.86 7824.58
2824.91 7824.59
2824.99 7824.59
2825.08 7824.65
2825.09 7824.73
2825.1 7824.83
2825.12 7824.85
2825.13 7824.9
2825.23 7824.98
2825.3 7825.03
2825.36 7825.07
2825.37 7825.1
2825.47 7825.2
2825.53 7825.27
2825.58 7825.32
2825.6 7825.41
2825.69 7825.46
2825.76 7825.52
2825.8 7825.58
2825.9 7825.65
2825.95 7825.66
2826 7825.7
2826.01 7825.8
2826.06 7825.87
2826.11 7825.92
2826.14 7825.99
2826.2 7826.08
2826.27 7826.17
2826.3 7826.26
2826.34 7826.26
2826.39 7826.34
2826.48 7826.35
2826.54 7826.36
2826.63 7826.43
2826.64 7826.49
2826.74 7826.53
2826.79 7826.59
2826.83 7826.63
2826.84 7826.64
2826.93 7826.66
2826.96 7826.74
2826.97 7826.82
2827.02 7826.85
2827.1 7826.94
2827.12 7826.96
2827.21 7826.98
2827.23 7827
2827.28 7827.05
2827.29 7827.09
2827.38 7827.14
2827.46 7827.17
2827.52 7827.21
2827.53 7827.25
2827.59 7827.28
2827.6 7827.33
2827.68 7827.34
2827.72 7827.38
2827.75 7827.41
2827.76 7827.45
2827.77 7827.54
2827.82 7827.56
2827.9 7827.64
2827.94 7827.68
2827.95 7827.75
2828.04 7827.77
2828.1 7827.78
2828.16 7827.83
2828.19 7827.84
2828.22 7827.87
2828.29 7827.96
2828.37 7828.06
2828.46 7828.07
2828.55 7828.16
2828.61 7828.18
2828.61 7828.19
2828.64 7828.28
2828.71 7828.31
2828.73 7828.32
2828.83 7828.37
2828.83 7828.44
2828.91 7828.47
2829 7828.52
2829.04 7828.61
2829.13 7828.69
2829.16 7828.72
2829.24 7828.79
2829.3 7828.86
2829.31 7828.86
2829.4 7828.93
2829.41 7828.94
2829.44 7829.04
2829.46 7829.12
2829.46 7829.21
2829.53 7829.21
2829.59 7829.29
2829.61 7829.37
2829.62 7829.44
2829.69 7829.44
2829.76 7829.52
2829.78 7829.62
2829.86 7829.7
2829.89 7829.78
2829.94 7829.84
2829.97 7829.89
2830.07 7829.89
2830.15 7829.89
2830.24 7829.93
2830.33 7830.02
2830.43 7830.08
2830.51 7830.13
2830.6 7830.17
2830.63 7830.26
2830.68 7830.35
2830.75 7830.44
2830.81 7830.52
2830.86 7830.59
2830.93 7830.67
2830.96 7830.76
2831.03 7830.81
2831.11 7830.88
2831.14 7830.95
2831.18 7831
2831.25 7831.06
2831.26 7831.1
2831.28 7831.11
2831.32 7831.18
2831.37 7831.22
2831.41 7831.23
2831.45 7831.24
2831.54 7831.3
2831.56 7831.31
2831.62 7831.34
2831.7 7831.42
2831.75 7831.47
2831.78 7831.48
2831.8 7831.55
2831.82 7831.61
2831.83 7831.63
2831.87 7831.69
2831.89 7831.77
2831.99 7831.81
2832.06 7831.89
2832.09 7831.91
2832.12 7831.95
2832.21 7831.96
2832.28 7831.98
2832.3 7832.03
2832.3 7832.04
2832.38 7832.13
2832.38 7832.19
2832.4 7832.28
2832.43 7832.32
2832.52 7832.34
2832.55 7832.41
2832.59 7832.5
2832.67 7832.55
2832.75 7832.56
2832.77 7832.65
2832.82 7832.7
2832.9 7832.77
2832.93 7832.79
2833.02 7832.88
2833.05 7832.96
2833.07 7833.04
2833.08 7833.05
2833.13 7833.15
2833.19 7833.17
2833.28 7833.2
2833.36 7833.27
2833.38 7833.36
2833.38 7833.41
2833.42 7833.49
2833.44 7833.5
2833.47 7833.55
2833.52 7833.58
2833.54 7833.64
2833.63 7833.65
2833.68 7833.69
2833.73 7833.71
2833.8 7833.73
2833.88 7833.76
2833.92 7833.77
2833.99 7833.78
2834.08 7833.79
2834.13 7833.87
2834.17 7833.94
2834.22 7834
2834.3 7834.02
2834.36 7834.09
2834.42 7834.09
2834.45 7834.18
2834.54 7834.18
2834.58 7834.18
2834.6 7834.2
2834.67 7834.3
2834.68 7834.31
2834.7 7834.36
2834.76 7834.38
2834.83 7834.46
2834.84 7834.53
2834.89 7834.58
2834.97 7834.64
2835.01 7834.64
2835.07 7834.68
2835.11 7834.7
2835.11 7834.72
2835.21 7834.75
2835.22 7834.82
2835.29 7834.87
2835.3 7834.88
2835.36 7834.95
2835.43 7835.03
2835.49 7835.05
2835.5 7835.1
2835.6 7835.17
2835.7 7835.24
2835.74 7835.28
2835.75 7835.33
2835.77 7835.36
2835.8 7835.41
2835.88 7835.44
2835.9 7835.5
2835.99 7835.55
2836.03 7835.64
2836.12 7835.71
2836.16 7835.8
2836.24 7835.82
2836.33 7835.89
2836.36 7835.95
2836.43 7836.05
2836.51 7836.14
2836.57 7836.18
2836.66 7836.22
2836.66 7836.31
2836.67 7836.38
2836.77 7836.42
2836.85 7836.51
2836.94 7836.59
2837.01 7836.62
2837.04 7836.71
2837.06 7836.79
2837.13 7836.88
2837.21 7836.96
2837.25 7836.98
2837.27 7837.03
2837.27 7837.09
2837.29 7837.09
2837.36 7837.12
2837.39 7837.15
2837.43 7837.21
2837.52 7837.31
2837.59 7837.33
2837.63 7837.35
2837.66 7837.37
2837.75 7837.42
2837.81 7837.45
2837.89 7837.54
2837.94 7837.6
2837.99 7837.68
2838.05 7837.7
2838.12 7837.75
2838.2 7837.78
2838.29 7837.8
2838.39 7837.83
2838.41 7837.91
2838.44 7838
2838.49 7838.06
2838.55 7838.08
2838.58 7838.13
2838.6 7838.22
2838.66 7838.27
2838.74 7838.28
2838.79 7838.37
2838.87 7838.47
2838.91 7838.48
2838.93 7838.5
2838.98 7838.51
2839.04 7838.59
2839.06 7838.67
2839.14 7838.77
2839.21 7838.81
2839.28 7838.9
2839.33 7838.95
2839.42 7838.98
2839.5 7839.03
2839.51 7839.07
2839.56 7839.16
2839.62 7839.17
2839.72 7839.21
2839.81 7839.22
2839.84 7839.25
2839.89 7839.33
2839.98 7839.38
2840.07 7839.38
2840.14 7839.41
2840.22 7839.48
2840.27 7839.53
2840.28 7839.54
2840.3 7839.59
2840.31 7839.63
2840.32 7839.7
2840.4 7839.8
2840.49 7839.86
2840.49 7839.93
2840.54 7839.93
2840.58 7839.99
2840.62 7840.04
2840.65 7840.12
2840.69 7840.22
2840.73 7840.32
2840.8 7840.33
2840.86 7840.35
2840.89 7840.38
2840.94 7840.44
2841.04 7840.54
2841.1 7840.58
2841.2 7840.64
2841.28 7840.69
2841.35 7840.7
2841.35 7840.72
2841.39 7840.8
2841.45 7840.82
2841.47 7840.82
2841.49 7840.87
2841.59 7840.96
2841.59 7840.97
2841.67 7841.01
2841.77 7841.04
2841.79 7841.14
2841.83 7841.17
2841.88 7841.25
2841.96 7841.26
2842.01 7841.35
2842.02 7841.4
2842.05 7841.47
2842.06 7841.49
2842.07 7841.54
2842.16 7841.59
2842.16 7841.61
2842.17 7841.69
2842.18 7841.72
2842.22 7841.74
2842.28 7841.82
2842.28 7841.86
2842.33 7841.9
2842.38 7841.95
2842.47 7841.99
2842.53 7842.06
2842.6 7842.12
2842.63 7842.22
2842.72 7842.23
2842.78 7842.33
2842.81 7842.35
2842.82 7842.37
2842.86 7842.38
2842.89 7842.45
2842.91 7842.54
2842.93 7842.57
2843.02 7842.61
2843.12 7842.67
2843.17 7842.73
2843.17 7842.74
2843.22 7842.76
2843.27 7842.83
2843.32 7842.84
2843.32 7842.92
2843.35 7842.99
2843.41 7843.08
2843.46 7843.14
2843.51 7843.23
2843.52 7843.29
2843.53 7843.35
2843.54 7843.39
2843.58 7843.42
2843.63 7843.51
2843.63 7843.53
2843.73 7843.61
2843.77 7843.64
2843.81 7843.73
2843.81 7843.79
2843.83 7843.82
2843.91 7843.87
2843.95 7843.92
2843.96 7843.97
2844.06 7844.02
2844.16 7844.06
2844.19 7844.13
2844.28 7844.16
2844.34 7844.23
2844.39 7844.3
2844.41 7844.32
2844.49 7844.39
2844.54 7844.48
2844.58 7844.51
2844.68 7844.59
2844.74 7844.67
2844.78 7844.68
2844.78 7844.77
2844.8 7844.8
2844.83 7844.81
2844.88 7844.91
2844.97 7845
2845.04 7845.05
2845.13 7845.13
2845.17 7845.17
2845.21 7845.22
2845.3 7845.24
2845.36 7845.31
2845.37 7845.34
2845.39 7845.35
2845.48 7845.36
2845.49 7845.42
2845.56 7845.49
2845.62 7845.59
2845.68 7845.65
2845.77 7845.67
2845.85 7845.68
2845.86 7845.71
2845.88 7845.74
2845.93 7845.8
2846.02 7845.85
2846.09 7845.93
2846.14 7845.94
2846.19 7845.97
2846.27 7845.99
2846.31 7846
2846.33 7846.05
2846.39 7846.06
2846.44 7846.09
2846.48 7846.11
2846.53 7846.11
2846.58 7846.12
2846.62 7846.16
2846.65 7846.22
2846.73 7846.27
2846.79 7846.29
2846.86 7846.31
2846.88 7846.4
2846.92 7846.43
2847.01 7846.46
2847.04 7846.54
2847.05 7846.57
2847.13 7846.59
2847.16 7846.62
2847.19 7846.63
2847.2 7846.66
2847.22 7846.71
2847.29 7846.8
2847.38 7846.82
2847.4 7846.89
2847.49 7846.89
2847.52 7846.96
2847.57 7847.01
2847.66 7847.02
2847.75 7847.03
2847.79 7847.08
2847.88 7847.13
2847.94 7847.22
2848.02 7847.25
2848.08 7847.31
2848.14 7847.35
2848.18 7847.37
2848.25 7847.45
2848.34 7847.45
2848.38 7847.51
2848.46 7847.52
2848.52 7847.56
2848.57 7847.58
2848.66 7847.62
2848.67 7847.64
2848.68 7847.67
2848.76 7847.73
2848.81 7847.82
2848.85 7847.89
2848.87 7847.96
2848.94 7848
2848.98 7848.01
2849.05 7848.05
2849.14 7848.1
2849.21 7848.13
2849.23 7848.15
2849.23 7848.17
2849.3 7848.26
2849.37 7848.33
2849.38 7848.34
2849.44 7848.37
2849.52 7848.46
2849.53 7848.53
2849.57 7848.61
2849.64 7848.62
2849.67 7848.7
2849.76 7848.75
2849.82 7848.78
2849.83 7848.83
2849.91 7848.86
2850 7848.88
2850.09 7848.93
2850.14 7849.01
2850.23 7849.06
2850.31 7849.15
2850.32 7849.23
2850.38 7849.31
2850.47 7849.35
2850.51 7849.37
2850.56 7849.39
2850.64 7849.43
2850.7 7849.53
2850.7 7849.58
2850.73 7849.64
2850.77 7849.7
2850.8 7849.73
2850.85 7849.73
2850.92 7849.78
2850.98 7849.85
2851.04 7849.88
2851.09 7849.9
2851.14 7849.93
2851.21 7850
2851.25 7850.09
2851.33 7850.16
2851.33 7850.2
2851.37 7850.23
2851.4 7850.31
2851.44 7850.33
2851.54 7850.36
2851.63 7850.43
2851.67 7850.51
2851.69 7850.6
2851.72 7850.66
2851.73 7850.72
2851.83 7850.81
2851.84 7850.87
2851.87 7850.94
2851.94 7850.98
2851.96 7851.06
2851.98 7851.15
2852.03 7851.18
2852.04 7851.22
2852.05 7851.25
2852.09 7851.33
2852.13 7851.37
2852.21 7851.38
2852.21 7851.47
2852.23 7851.54
2852.28 7851.55
2852.3 7851.64
2852.34 7851.69
2852.35 7851.78
2852.45 7851.87
2852.54 7851.97
2852.63 7852.03
2852.7 7852.11
2852.73 7852.16
2852.8 7852.16
2852.84 7852.2
2852.91 7852.24
2853.01 7852.31
2853.06 7852.35
2853.13 7852.42
2853.22 7852.47
2853.26 7852.5
2853.34 7852.59
2853.36 7852.66
2853.38 7852.75
2853.4 7852.8
2853.49 7852.81
2853.59 7852.9
2853.67 7852.98
2853.74 7852.99
2853.83 7853.06
2853.92 7853.15
2854 7853.15
2854.02 7853.16
2854.1 7853.26
2854.13 7853.3
2854.22 7853.39
2854.26 7853.46
2854.3 7853.5
2854.34 7853.53
2854.35 7853.6
2854.38 7853.65
2854.41 7853.72
2854.5 7853.74
2854.52 7853.76
2854.54 7853.82
2854.54 7853.85
2854.58 7853.9
2854.6 7853.95
2854.66 7854.01
2854.72 7854.01
2854.76 7854.05
2854.78 7854.09
2854.85 7854.09
2854.94 7854.11
2854.96 7854.19
2855.06 7854.26
2855.06 7854.31
2855.13 7854.34
2855.14 7854.35
2855.19 7854.42
2855.28 7854.46
2855.3 7854.48
2855.34 7854.51
2855.44 7854.56
2855.54 7854.6
2855.57 7854.64
2855.66 7854.67
2855.67 7854.77
2855.72 7854.86
2855.76 7854.87
2855.85 7854.94
2855.93 7855.03
2855.96 7855.04
2855.99 7855.05
2856.02 7855.06
2856.03 7855.14
2856.11 7855.16
2856.16 7855.18
2856.17 7855.23
2856.17 7855.24
2856.26 7855.3
2856.31 7855.36
2856.35 7855.41
2856.42 7855.42
2856.49 7855.42
2856.54 7855.52
2856.58 7855.58
2856.63 7855.58
2856.67 7855.64
2856.68 7855.74
2856.69 7855.82
2856.7 7855.88
2856.78 7855.92
2856.81 7856
2856.9 7856.07
2856.9 7856.14
2856.93 7856.22
2856.99 7856.28
2857.06 7856.34
2857.14 7856.37
2857.2 7856.4
2857.28 7856.49
2857.31 7856.5
2857.33 7856.59
2857.33 7856.65
2857.39 7856.67
2857.48 7856.72
2857.51 7856.78
2857.56 7856.86
2857.64 7856.92
2857.72 7856.99
2857.78 7857.06
2857.78 7857.11
2857.85 7857.13
2857.93 7857.2
2857.93 7857.22
2857.96 7857.26
2858.05 7857.32
2858.09 7857.38
2858.16 7857.45
2858.2 7857.5
2858.28 7857.55
2858.31 7857.62
2858.32 7857.66
2858.38 7857.72
2858.41 7857.76
2858.5 7857.76
2858.56 7857.82
2858.56 7857.9
2858.61 7858
2858.61 7858.08
2858.65 7858.15
2858.73 7858.17
2858.77 7858.24
2858.83 7858.29
2858.84 7858.37
2858.87 7858.41
2858.89 7858.47
2858.9 7858.55
2858.98 7858.65
2859.06 7858.72
2859.11 7858.76
2859.19 7858.8
2859.2 7858.86
2859.3 7858.94
2859.32 7858.95
2859.37 7858.98
2859.41 7859
2859.47 7859.03
2859.51 7859.05
2859.53 7859.05
2859.58 7859.05
2859.63 7859.15
2859.64 7859.19
2859.68 7859.23
2859.72 7859.3
2859.77 7859.34
2859.78 7859.35
2859.79 7859.36
2859.83 7859.37
2859.88 7859.38
2859.92 7859.4
2860.01 7859.46
2860.09 7859.54
2860.1 7859.59
2860.11 7859.59
2860.2 7859.65
2860.21 7859.73
2860.23 7859.8
2860.28 7859.9
2860.34 7859.95
2860.39 7860.03
2860.42 7860.07
2860.45 7860.13
2860.48 7860.15
2860.57 7860.18
2860.58 7860.19
2860.66 7860.19
2860.74 7860.28
2860.75 7860.3
2860.8 7860.4
2860.89 7860.5
2860.89 7860.59
2860.96 7860.63
2861.03 7860.7
2861.05 7860.72
2861.07 7860.81
2861.1 7860.85
2861.12 7860.93
2861.13 7860.94
2861.17 7860.95
2861.19 7861
2861.21 7861
2861.3 7861.06
2861.38 7861.12
2861.43 7861.19
2861.46 7861.27
2861.49 7861.3
2861.49 7861.33
2861.58 7861.43
2861.66 7861.45
2861.75 7861.5
2861.82 7861.57
2861.9 7861.64
2861.94 7861.65
2861.98 7861.73
2861.99 7861.8
2862.05 7861.82
2862.07 7861.86
2862.17 7861.95
2862.2 7861.96
2862.21 7862.06
2862.25 7862.07
2862.31 7862.11
2862.32 7862.2
2862.35 7862.28
2862.36 7862.29
2862.37 7862.31
2862.44 7862.33
2862.46 7862.34
2862.53 7862.34
2862.53 7862.41
2862.62 7862.48
2862.66 7862.55
2862.69 7862.55
2862.78 7862.57
2862.8 7862.67
2862.89 7862.7
2862.98 7862.72
2862.99 7862.82
2863.01 7862.85
2863.05 7862.87
2863.13 7862.96
2863.16 7862.98
2863.26 7863.04
2863.3 7863.11
2863.33 7863.15
2863.37 7863.23
2863.37 7863.27
2863.46 7863.3
2863.56 7863.34
2863.57 7863.36
2863.66 7863.38
2863.69 7863.45
2863.73 7863.49
2863.8 7863.58
2863.83 7863.68
2863.83 7863.78
2863.87 7863.83
2863.9 7863.87
2863.96 7863.97
2863.99 7863.98
2864.04 7864.06
2864.1 7864.08
2864.17 7864.11
2864.22 7864.13
2864.32 7864.23
2864.32 7864.23
2864.38 7864.24
2864.39 7864.24
2864.42 7864.29
2864.44 7864.32
2864.46 7864.37
2864.54 7864.38
2864.64 7864.4
2864.68 7864.43
2864.77 7864.44
2864.8 7864.53
2864.88 7864.55
2864.98 7864.65
2865.05 7864.7
2865.08 7864.74
2865.12 7864.81
2865.19 7864.86
2865.22 7864.87
2865.23 7864.97
2865.24 7864.99
2865.32 7865.06
2865.36 7865.14
2865.37 7865.16
2865.43 7865.2
2865.44 7865.25
2865.45 7865.29
2865.45 7865.32
2865.55 7865.34
2865.6 7865.44
2865.67 7865.49
2865.71 7865.56
2865.79 7865.62
2865.84 7865.69
2865.84 7865.75
2865.94 7865.75
2865.97 7865.83
2865.97 7865.87
2866.07 7865.9
2866.11 7865.97
2866.15 7865.99
2866.17 7866
2866.22 7866.09
2866.23 7866.18
2866.29 7866.19
2866.36 7866.25
2866.46 7866.28
2866.54 7866.36
2866.56 7866.38
2866.62 7866.39
2866.68 7866.49
2866.7 7866.51
2866.75 7866.59
2866.83 7866.66
2866.88 7866.67
2866.92 7866.68
2867.01 7866.73
2867.05 7866.79
2867.14 7866.86
2867.22 7866.95
2867.23 7867.03
2867.25 7867.04
2867.29 7867.06
2867.37 7867.07
2867.45 7867.16
2867.52 7867.19
2867.57 7867.21
2867.6 7867.25
2867.63 7867.35
2867.68 7867.38
2867.69 7867.47
2867.71 7867.49
2867.79 7867.56
2867.86 7867.62
2867.95 7867.62
2867.95 7867.63
2867.98 7867.65
2868 7867.69
2868.07 7867.73
2868.14 7867.74
2868.23 7867.8
2868.26 7867.85
2868.35 7867.89
2868.36 7867.91
2868.4 7867.97
2868.4 7868.04
2868.42 7868.07
2868.46 7868.16
2868.53 7868.16
2868.6 7868.21
2868.61 7868.21
2868.62 7868.23
2868.65 7868.3
2868.68 7868.3
2868.74 7868.32
2868.77 7868.32
2868.8 7868.39
2868.9 7868.47
2868.93 7868.47
2868.94 7868.55
2869.01 7868.64
2869.01 7868.65
2869.07 7868.68
2869.08 7868.7
2869.12 7868.71
2869.15 7868.72
2869.22 7868.78
2869.22 7868.81
2869.31 7868.88
2869.34 7868.95
2869.36 7868.99
2869.42 7869.05
2869.45 7869.09
2869.54 7869.11
2869.63 7869.17
2869.72 7869.2
2869.76 7869.29
2869.83 7869.32
2869.86 7869.33
2869.91 7869.36
2869.93 7869.36
2869.99 7869.41
2870.06 7869.48
2870.16 7869.58
2870.24 7869.64
2870.28 7869.68
2870.35 7869.77
2870.42 7869.84
2870.49 7869.9
2870.49 7869.93
2870.57 7869.98
2870.57 7869.99
2870.63 7870.06
2870.64 7870.14
2870.74 7870.22
2870.81 7870.3
2870.89 7870.35
2870.96 7870.36
2871.02 7870.41
2871.06 7870.48
2871.06 7870.49
2871.07 7870.56
2871.15 7870.66
2871.24 7870.74
2871.27 7870.81
2871.3 7870.82
2871.34 7870.9
2871.43 7870.9
2871.47 7870.91
2871.5 7870.96
2871.5 7870.97
2871.53 7871.04
2871.54 7871.12
2871.62 7871.15
2871.69 7871.18
2871.7 7871.27
2871.78 7871.36
2871.81 7871.44
2871.86 7871.49
2871.92 7871.58
2871.96 7871.65
2872.06 7871.75
2872.14 7871.78
2872.21 7871.86
2872.23 7871.91
2872.31 7871.98
2872.32 7872.01
2872.38 7872.07
2872.42 7872.1
2872.43 7872.13
2872.48 7872.14
2872.56 7872.15
2872.62 7872.24
2872.68 7872.29
2872.73 7872.35
2872.8 7872.38
2872.87 7872.41
2872.9 7872.43
2872.95 7872.53
2873.01 7872.59
2873.01 7872.67
2873.01 7872.73
2873.08 7872.74
2873.15 7872.79
2873.23 7872.8
2873.33 7872.82
2873.43 7872.85
2873.52 7872.92
2873.6 7872.95
2873.65 7872.96
2873.66 7873.05
2873.74 7873.12
2873.76 7873.21
2873.77 7873.26
2873.79 7873.36
2873.84 7873.4
2873.85 7873.49
2873.91 7873.54
2873.95 7873.61
2874.05 7873.66
2874.11 7873.7
2874.12 7873.79
2874.18 7873.82
2874.23 7873.86
2874.27 7873.92
2874.29 7873.99
2874.32 7874.09
2874.39 7874.15
2874.46 7874.2
2874.55 7874.24
2874.61 7874.32
2874.62 7874.4
2874.66 7874.42
2874.75 7874.51
2874.81 7874.56
2874.87 7874.66
2874.9 7874.7
2874.93 7874.73
2875.01 7874.73
2875.1 7874.77
2875.1 7874.81
2875.14 7874.91
2875.16 7875
2875.17 7875.1
2875.21 7875.11
2875.29 7875.17
2875.3 7875.2
2875.36 7875.25
2875.4 7875.28
2875.43 7875.38
2875.44 7875.42
2875.47 7875.46
2875.5 7875.51
2875.53 7875.59
2875.54 7875.68
2875.55 7875.75
2875.64 7875.77
2875.7 7875.8
2875.74 7875.89
2875.8 7875.97
2875.9 7876.06
2875.94 7876.1
2875.97 7876.16
2876.01 7876.17
2876.08 7876.2
2876.17 7876.28
2876.19 7876.33
2876.2 7876.41
2876.23 7876.48
2876.31 7876.54
2876.35 7876.61
2876.44 7876.66
2876.46 7876.66
2876.51 7876.71
2876.58 7876.73
2876.67 7876.81
2876.7 7876.86
2876.74 7876.95
2876.8 7876.99
2876.85 7877.03
2876.88 7877.08
2876.96 7877.15
2877.04 7877.19
2877.1 7877.25
2877.1 7877.3
2877.15 7877.38
2877.24 7877.46
2877.32 7877.49
2877.33 7877.52
2877.39 7877.56
2877.41 7877.59
2877.42 7877.67
2877.48 7877.69
2877.5 7877.74
2877.55 7877.82
2877.59 7877.86
2877.62 7877.95
2877.64 7878.05
2877.66 7878.12
2877.7 7878.17
2877.75 7878.25
2877.84 7878.27
2877.91 7878.28
2877.95 7878.28
2877.98 7878.37
2877.99 7878.41
2878.01 7878.42
2878.06 7878.49
2878.15 7878.54
2878.2 7878.56
2878.3 7878.65
2878.32 7878.69
2878.4 7878.71
2878.42 7878.72
2878.52 7878.77
2878.57 7878.87
2878.64 7878.91
2878.72 7878.94
2878.79 7878.99
2878.83 7879.08
2878.9 7879.18
2878.91 7879.24
2878.95 7879.27
2879.04 7879.29
2879.11 7879.35
2879.18 7879.43
2879.23 7879.5
2879.32 7879.59
2879.42 7879.62
2879.45 7879.67
2879.48 7879.7
2879.51 7879.75
2879.59 7879.84
2879.65 7879.87
2879.67 7879.9
2879.7 7879.96
2879.73 7880
2879.76 7880.03
2879.79 7880.11
2879.82 7880.19
2879.91 7880.21
2879.92 7880.25
2879.95 7880.29
2880.02 7880.37
2880.08 7880.43
2880.14 7880.48
2880.14 7880.51
2880.17 7880.59
2880.18 7880.69
2880.19 7880.77
2880.21 7880.78
2880.22 7880.8
2880.27 7880.81
2880.35 7880.82
2880.43 7880.83
2880.5 7880.86
2880.58 7880.86
2880.63 7880.87
2880.64 7880.9
2880.69 7880.91
2880.72 7881
2880.77 7881.05
2880.78 7881.15
2880.87 7881.23
2880.89 7881.24
2880.91 7881.29
2880.94 7881.33
2880.96 7881.33
2880.98 7881.39
2881 7881.41
2881.02 7881.51
2881.09 7881.52
2881.1 7881.56
2881.2 7881.58
2881.27 7881.62
2881.32 7881.7
2881.39 7881.72
2881.41 7881.78
2881.48 7881.82
2881.57 7881.91
2881.67 7881.93
2881.72 7881.97
2881.77 7882.06
2881.82 7882.13
2881.86 7882.2
2881.92 7882.22
2881.97 7882.25
2882.07 7882.28
2882.07 7882.36
2882.16 7882.4
2882.2 7882.4
2882.27 7882.47
2882.31 7882.51
2882.37 7882.59
2882.38 7882.62
2882.47 7882.68
2882.52 7882.74
2882.62 7882.74
2882.62 7882.75
2882.67 7882.85
2882.75 7882.87
2882.85 7882.89
2882.95 7882.92
2882.96 7883.01
2883 7883.02
2883.06 7883.05
2883.15 7883.08
2883.18 7883.17
2883.24 7883.25
2883.25 7883.32
2883.25 7883.35
2883.31 7883.37
2883.38 7883.37
2883.45 7883.4
2883.46 7883.46
2883.52 7883.54
2883.56 7883.57
2883.62 7883.64
2883.66 7883.69
2883.67 7883.73
2883.71 7883.78
2883.72 7883.84
2883.8 7883.93
2883.86 7884
2883.95 7884.09
2884.04 7884.13
2884.06 7884.23
2884.11 7884.32
2884.2 7884.37
