50
15 183 11 30941 402234 5229043
77561 78401913 76496 96585967 181875748 216901077
30355 149060011 8010 226644465 262023486 185079847
2557 139981261 554 34512995 180233480 195551593
28887 30658143 25391 80952517 247076354 259202587
8161 50257889 2592 172084119 89609900 91186877
315 109761235 221 27602265 90393990 101380047
34245 221794229 19016 170696331 71568656 125086161
49183 201595655 48794 246798253 255587274 101409091
53641 226702665 34539 194915647 117984308 191618725
1603 171309819 1063 228765633 21163214 6686327
28621 56247453 8486 110578611 95344664 165738809
69063 92571311 16695 75295125 173530258 108409707
84369 67629489 58379 155094503 137180348 172731789
77803 200643107 17091 85817641 41887510 7666719
15541 221933701 3732 194267099 109553184 82014113
25295 170176855 24427 37294717 216395866 128791699
85721 22525209 5072 48663951 95760452 171144053
1779 200751179 1471 104081809 10886238 141521095
74237 26309485 60005 151335683 88315688 74362121
7575 219167487 5923 263647845 206196514 264635579
37057 163127169 24972 188075063 29056716 109301853
53179 218402163 20948 134308089 135392422 149488751
76485 30666069 68670 82292011 264489776 217141617
21919 189711271 1397 117385549 183834858 242369507
84489 158257385 24954 170387935 67559508 72967237
67715 251867547 58188 152813409 107526126 55662359
52493 11697725 9461 97867347 198533688 165018841
9479 239332175 9219 181819189 216165810 125800971
99889 53963089 68388 261392007 176870620 151834413
76459 158647491 20511 236315849 119316022 208931007
61269 144295461 10725 226741883 263289920 201543489
88079 237982199 22908 222108701 203058554 223842099
99097 248350905 83897 95371823 166091876 11710741
16915 100067051 6675 268333361 267108222 251181415
3837 36857101 358 54834595 175978824 140241065
69303 78419871 36132 99620869 221329474 192928603
30017 124243745 7376 59227351 233084652 77310461
35995 180566035 30569 182453401 224410566 232982799
57285 182516469 41062 243641291 214546768 104753425
94527 255024199 13528 149416685 63368714 18486915
36265 171498633 7270 260675199 167552116 30693861
97475 86988859 90470 205602561 256914190 118658999
31533 189147101 3786 22040819 18095192 235237497
97447 26689519 21400 215561429 117944018 191094955
92593 82792689 63124 33320743 164734204 262496461
28523 70051683 1551 27574377 90031446 96666975
99765 230591429 43048 46810395 71664224 126328545
71087 143123095 56553 28612029 103520922 3594707
79385 70634585 38083 126084815 28489860 101932725
