100
21 3
21 4
21 6
21 7
21 42
21 44
21 66
21 84
21 154
21 231
21 462
21 924
22 2
22 11
22 22
22 44
22 46
22 92
22 253
22 1012
23 2
23 6
23 8
23 16
23 23
23 48
23 92
23 138
23 552
23 1104
24 1
24 2
24 4
24 5
24 15
24 16
24 20
24 75
24 120
24 200
24 240
24 400
24 1200
25 2
25 52
25 65
25 325
26 1
26 9
26 12
26 18
26 26
26 39
26 117
26 156
26 468
26 702
26 1404
27 4
27 6
27 8
27 9
27 18
27 27
27 56
27 63
27 108
27 126
27 168
27 216
27 252
27 756
28 7
28 116
28 406
29 3
29 4
29 12
29 15
29 20
29 58
29 60
29 87
29 870
29 1740
30 2
30 3
30 5
30 6
30 12
30 30
30 31
30 62
30 93
30 124
30 155
30 186
30 465
30 930
30 1860
