130 103 14193
39 106
23 78
32 179
57 124
67 161
15 81
12 199
33 52
50 103
51 199
31 173
35 150
31 81
60 8
29 205
38 4
50 9
62 127
9 41
29 27
60 19
52 150
4 128
69 21
64 42
54 78
2 182
54 121
29 127
32 87
15 199
63 145
21 169
30 25
28 117
37 161
10 116
48 1
64 155
54 47
55 55
13 135
20 43
27 55
45 5
26 60
3 113
6 22
20 163
39 131
13 154
21 85
63 157
21 182
45 124
36 178
6 29
56 123
6 85
55 124
49 41
9 58
56 158
63 83
6 187
15 124
19 30
57 10
5 132
29 99
8 11
13 182
64 32
6 1
5 195
36 151
57 69
8 107
50 153
23 38
58 199
23 22
40 7
19 82
21 185
45 27
34 145
15 75
32 9
46 44
39 17
36 17
14 87
8 25
24 155
47 74
15 70
45 8
20 130
65 97
44 13
39 142
32 75
2 141
65 153
66 161
3 100
13 163
7 67
62 17
66 60
32 117
61 37
48 116
60 29
9 134
37 202
44 154
40 98
45 54
21 180
26 205
10 176
26 4
15 95
34 171
44 149
65 37
52 116
64 66
34 14
34 130
47 145
30 75
24 126
61 42
30 42
1 87
68 37
18 26
20 181
23 154
2 19
4 1
44 82
26 101
33 140
31 182
59 82
22 177
40 62
55 127
65 65
58 97
53 71
31 130
36 97
36 16
13 118
6 155
67 120
23 164
47 118
27 122
20 175
61 60
41 129
3 205
43 119
27 92
47 17
31 43
27 9
41 52
65 113
51 48
36 159
5 35
34 119
36 144
27 167
27 20
46 25
17 106
39 205
24 177
54 73
50 152
53 97
1 182
52 101
59 125
48 108
24 65
58 7
7 71
18 44
68 54
54 133
10 96
69 163
57 206
15 194
52 153
23 101
53 124
39 29
3 171
24 187
22 169
6 41
67 199
5 179
26 173
21 159
19 145
5 69
30 60
65 59
38 136
60 173
23 28
62 135
16 67
46 24
8 81
2 6
34 96
40 44
48 119
49 85
8 124
41 115
47 112
68 146
42 101
68 195
56 10
3 150
16 83
17 80
27 146
21 56
54 95
52 42
15 158
18 84
69 185
25 88
46 32
24 112
33 89
20 132
48 110
29 100
66 97
36 177
21 178
51 19
57 169
36 4
13 48
28 149
41 142
58 101
15 99
17 75
34 190
35 203
1 127
32 95
63 131
50 124
63 12
49 3
28 144
38 157
58 123
25 149
5 143
55 179
62 57
38 145
54 74
29 63
46 103
42 171
56 107
3 54
38 146
10 205
24 202
43 51
47 82
60 40
39 172
52 149
5 113
3 50
29 92
22 153
14 166
39 50
40 88
69 105
1 165
62 153
20 193
29 31
55 154
31 88
50 35
7 186
49 95
37 20
61 75
17 97
57 140
7 84
6 191
39 88
42 1
62 42
54 75
53 186
50 140
27 106
31 180
2 74
32 50
25 176
64 158
55 174
63 172
2 114
67 75
45 95
48 33
53 172
32 53
30 30
59 163
54 91
8 56
67 175
55 153
47 79
9 76
60 49
17 199
20 79
44 172
8 109
34 33
46 1
39 143
54 193
45 48
40 165
68 60
32 39
50 50
22 35
42 170
14 24
10 169
21 193
60 91
38 179
18 11
16 206
46 124
29 84
9 106
16 152
46 54
48 154
1 53
42 115
59 57
42 25
25 78
64 82
61 31
40 54
64 69
51 17
50 147
50 49
17 121
29 123
63 139
37 115
6 49
49 74
48 187
31 116
1 27
17 92
17 197
26 124
14 150
8 98
32 54
18 48
5 108
56 173
37 68
58 128
54 97
18 104
14 26
15 175
9 7
68 164
59 195
43 42
24 134
57 25
69 59
17 180
60 119
18 121
19 120
68 22
1 68
33 204
16 99
63 58
62 197
31 79
68 184
34 34
67 130
49 20
17 83
62 71
42 64
2 67
53 7
27 13
68 141
50 59
26 21
67 22
34 89
19 48
3 206
4 197
63 182
68 199
32 46
38 177
10 177
41 138
60 25
63 191
63 11
57 200
20 146
57 127
45 35
37 47
46 187
5 103
22 152
39 174
67 149
56 27
64 176
57 35
59 185
67 202
65 93
6 131
26 91
57 92
65 134
8 131
7 131
29 196
50 66
25 91
37 5
35 206
53 123
63 88
51 27
24 131
5 106
46 36
61 38
36 174
49 87
53 39
11 202
46 178
5 109
8 7
50 139
67 194
51 12
39 103
30 127
47 133
11 83
14 172
51 173
23 15
1 179
33 144
1 173
25 155
22 147
29 29
30 3
46 184
31 171
38 206
48 162
25 32
43 199
50 195
47 172
5 165
28 63
37 59
2 89
55 190
40 76
2 191
52 125
29 82
11 76
47 4
31 185
36 8
42 199
48 76
7 124
32 145
63 49
6 125
44 4
43 196
40 112
18 204
27 179
30 102
30 69
22 15
54 48
57 197
9 29
38 175
39 54
24 170
14 31
36 18
41 81
23 185
14 206
41 62
1 134
58 133
5 25
17 9
52 189
9 204
56 190
44 90
49 160
65 151
38 191
41 159
65 120
24 118
2 11
52 51
14 38
67 165
60 35
36 205
64 172
49 5
63 159
35 134
47 131
17 161
36 84
21 168
43 58
25 202
67 177
6 160
28 180
8 118
5 71
67 169
48 46
56 98
22 132
40 1
27 46
49 161
45 36
52 3
10 56
35 155
47 20
5 14
31 123
34 57
60 111
51 157
25 175
9 48
3 2
17 185
64 193
5 206
23 179
14 132
3 34
52 137
39 65
1 115
32 10
13 177
35 47
32 32
20 178
61 73
57 52
8 119
46 83
13 122
57 128
47 204
34 17
14 121
12 33
57 132
14 130
35 110
5 87
9 92
22 94
10 113
7 141
8 89
35 1
52 1
45 178
6 51
47 73
26 200
57 89
60 1
60 180
10 168
67 86
59 75
7 95
4 187
55 200
44 139
54 20
9 173
53 15
61 111
20 157
68 89
24 40
30 12
52 141
32 24
28 175
17 167
61 198
39 35
15 14
9 9
45 14
69 31
28 122
4 196
9 94
29 60
61 206
31 64
39 73
45 177
53 205
28 61
24 51
61 6
13 174
45 63
44 188
65 200
33 206
9 185
47 70
66 104
58 69
61 10
1 107
12 159
2 164
14 94
51 20
2 100
2 198
8 166
2 105
36 203
24 105
67 181
27 129
34 74
7 94
66 140
14 203
35 55
48 184
23 162
65 152
16 196
22 93
58 152
27 134
33 2
39 42
14 92
48 19
37 32
27 150
7 126
34 141
63 19
26 76
27 75
18 107
51 164
1 81
55 82
59 191
47 93
18 146
9 118
63 171
23 19
42 174
35 40
55 105
17 174
22 174
29 142
38 115
18 56
31 169
61 204
55 158
59 113
31 136
3 23
54 130
34 75
45 160
51 163
44 174
58 39
18 171
2 124
62 56
11 97
18 167
2 185
24 33
9 84
37 181
51 62
7 45
4 103
69 23
56 76
4 188
7 1
40 192
28 197
52 127
10 43
42 111
7 194
22 78
17 205
37 103
69 24
45 166
31 30
63 176
1 88
43 127
26 148
52 89
54 151
42 167
41 79
17 74
15 44
16 132
43 25
59 112
54 30
46 69
16 140
12 130
23 12
56 192
33 131
25 193
2 31
32 191
9 42
34 154
25 60
36 60
22 48
53 10
36 49
12 30
25 53
10 124
65 40
54 107
45 167
15 86
55 30
4 42
32 45
30 176
56 152
25 110
39 148
34 15
53 94
33 75
63 104
34 37
31 58
39 165
30 82
31 143
13 35
17 159
28 68
9 109
28 94
54 88
13 95
52 86
34 138
30 83
16 65
61 97
24 2
59 54
35 144
59 80
42 53
50 26
23 177
35 64
33 83
44 107
49 135
44 184
10 122
58 99
64 20
61 135
27 165
8 122
18 52
57 163
19 177
43 3
60 24
30 23
18 103
20 113
67 143
3 61
64 56
67 103
40 71
59 126
51 85
63 161
63 146
39 197
20 128
12 187
42 205
1 201
47 75
2 71
50 98
59 90
3 86
12 86
2 150
2 23
47 183
23 117
59 120
55 31
45 105
19 23
42 66
22 66
33 95
60 48
33 200
44 115
9 183
31 40
51 170
35 60
53 13
8 47
36 31
8 48
45 176
66 93
16 179
26 22
25 76
46 33
3 167
33 124
17 146
12 200
16 143
12 87
48 73
1 152
44 126
37 38
63 165
51 53
33 187
52 21
19 28
53 84
15 162
67 123
36 47
6 107
34 24
48 36
6 129
44 43
39 166
52 83
22 89
44 202
15 2
25 82
58 120
54 52
4 184
53 3
33 8
12 146
24 165
50 57
16 33
32 73
40 193
3 15
1 57
17 86
59 190
37 82
19 204
37 102
30 129
50 79
22 70
41 70
23 97
6 140
64 194
24 15
42 22
55 162
2 52
49 102
33 157
15 79
2 201
48 194
14 188
13 192
4 83
15 109
41 19
10 18
26 113
65 50
46 12
38 121
2 176
45 162
56 56
62 40
14 98
41 67
34 203
12 62
31 71
11 9
36 86
38 34
36 21
30 5
68 76
4 131
44 123
42 172
61 7
6 14
56 196
67 168
15 140
43 41
62 13
48 22
8 87
14 65
41 155
42 41
57 84
8 21
2 158
37 112
3 37
65 173
3 74
37 177
64 15
10 20
16 38
19 63
58 114
62 156
66 169
1 104
39 126
54 158
66 145
20 152
8 191
34 81
20 7
5 95
45 150
63 54
46 79
51 165
9 27
50 149
48 179
35 186
37 154
53 170
69 74
15 166
61 14
5 170
34 50
46 28
29 144
13 170
8 76
40 63
14 115
24 43
26 115
21 102
62 85
35 83
5 57
68 28
55 18
1 96
69 40
8 18
27 58
5 21
7 100
61 118
59 127
62 112
13 71
3 201
19 40
56 179
44 153
3 140
29 26
43 165
40 169
25 179
57 205
39 36
28 75
43 121
9 62
20 1
65 191
18 186
27 5
11 80
1 146
40 65
12 46
39 176
3 155
53 183
33 37
58 49
32 14
31 46
29 176
24 50
31 70
24 182
62 185
49 165
57 194
55 74
13 114
22 144
14 158
40 147
58 80
8 93
20 123
52 117
17 96
60 39
15 135
16 161
69 115
17 203
66 187
29 91
49 164
35 33
62 66
47 196
11 53
66 51
25 33
27 70
36 70
8 185
41 137
35 12
60 102
8 44
27 171
45 6
58 3
14 174
34 113
41 196
66 79
67 172
40 61
56 90
21 31
16 85
35 20
3 20
46 131
12 201
44 10
57 107
62 75
12 64
7 138
66 75
24 119
21 98
1 51
3 84
24 198
62 180
65 175
53 167
16 89
63 65
50 55
66 48
18 135
15 27
20 176
44 196
52 139
31 191
4 124
66 194
63 188
61 93
7 2
64 80
40 139
41 22
45 159
38 71
50 206
53 199
34 115
49 113
6 195
39 177
1 26
20 136
10 148
40 104
47 88
7 136
23 50
68 8
6 137
15 91
24 183
65 42
45 184
51 51
33 109
58 159
1 8
12 13
29 171
34 46
10 83
21 113
58 195
57 72
37 198
58 47
66 176
43 29
26 3
49 151
42 8
55 152
25 62
5 188
65 204
64 104
62 145
20 50
35 120
26 130
46 78
22 75
53 65
25 8
57 175
48 127
21 83
23 72
65 199
53 14
46 170
13 131
21 72
17 3
25 143
9 161
43 100
32 203
9 38
26 24
13 45
11 23
22 54
44 150
57 82
65 80
11 161
31 82
53 2
47 15
22 146
40 83
43 49
13 36
39 56
49 183
66 117
58 174
45 119
55 38
47 119
44 164
44 31
50 43
33 68
48 59
18 22
6 128
1 126
47 143
66 87
59 97
67 27
4 78
54 203
8 12
42 38
16 105
4 180
20 37
18 173
18 156
14 153
17 41
20 84
32 18
3 63
31 114
26 104
45 68
10 152
37 174
3 33
23 85
51 181
15 168
11 81
65 90
67 91
3 11
21 24
35 176
62 206
38 18
34 91
46 55
39 61
18 53
22 111
32 168
25 116
53 131
64 13
46 142
6 76
64 51
25 206
44 127
32 65
68 157
8 37
25 173
62 28
60 132
17 17
27 147
24 186
23 48
53 16
27 31
8 159
43 143
58 75
25 117
25 163
64 134
49 78
34 25
19 74
52 65
36 111
47 101
62 148
64 114
59 155
26 51
61 27
43 87
29 59
32 43
2 125
15 98
44 14
68 144
57 150
33 10
39 179
45 175
20 80
36 196
64 93
60 112
64 115
19 91
44 46
61 5
34 196
17 184
7 48
6 142
36 38
13 126
65 33
27 170
12 98
39 19
6 152
17 49
10 103
25 98
18 46
31 62
54 38
23 120
63 173
65 83
1 144
34 202
43 62
24 19
34 194
11 70
2 204
14 60
8 83
38 102
60 191
15 197
50 165
4 49
18 113
36 61
2 152
9 5
34 36
28 88
56 126
47 2
36 51
47 176
36 173
33 137
58 63
49 116
47 5
20 179
43 39
31 119
69 70
18 115
20 19
69 90
56 32
14 170
5 149
15 23
42 3
18 80
65 2
28 86
41 157
16 187
1 58
68 192
57 29
67 67
62 144
68 80
56 114
13 101
8 79
57 121
61 91
22 185
57 45
10 13
12 6
41 45
33 42
66 82
23 25
10 45
24 181
43 191
55 128
32 93
50 101
3 172
27 116
38 8
4 160
20 141
52 143
68 180
9 26
58 144
54 145
39 181
47 205
3 75
45 25
1 135
63 190
3 179
53 61
2 50
57 22
27 104
69 65
39 23
4 47
54 102
59 183
21 146
66 144
1 42
18 136
56 187
67 11
30 199
20 183
27 18
48 2
58 118
15 35
37 60
32 94
24 12
37 126
4 64
4 161
35 62
4 44
9 182
15 6
9 158
39 147
16 160
43 96
17 26
62 107
68 153
57 27
34 102
3 186
56 131
55 116
36 200
3 116
63 169
18 24
14 198
30 160
49 24
44 135
14 137
18 159
47 44
62 67
52 191
44 37
36 149
41 126
8 86
57 166
17 30
48 137
39 116
31 138
52 133
11 72
17 186
18 158
66 178
6 57
32 182
33 33
61 113
54 140
38 123
62 97
27 86
36 81
19 50
16 106
2 98
52 135
15 159
55 20
21 152
53 45
15 84
48 158
61 195
33 146
51 119
46 196
32 125
45 80
47 59
44 97
7 82
60 129
41 130
59 3
10 95
50 68
36 89
10 14
12 133
21 88
43 88
6 150
56 12
10 29
46 112
1 112
65 128
65 188
29 137
10 123
56 181
1 168
43 68
50 32
34 1
67 109
46 68
43 47
41 192
14 73
49 27
63 109
16 60
61 167
1 155
68 32
12 114
37 179
26 126
22 125
15 85
59 165
20 53
39 95
30 94
50 61
36 112
59 131
37 157
27 53
51 80
43 59
45 142
22 107
1 111
1 180
21 10
1 32
39 22
69 174
41 36
39 119
65 190
8 113
15 3
37 176
57 116
59 101
63 181
5 22
68 175
6 79
56 13
43 92
51 74
46 175
17 38
25 24
17 66
7 72
4 29
24 75
47 71
21 144
5 145
17 133
47 200
23 196
67 129
37 35
55 145
22 118
18 38
30 57
13 107
48 48
68 1
55 87
21 45
69 7
63 16
47 159
7 122
18 150
15 55
65 78
21 25
65 17
38 170
19 187
10 2
54 124
14 156
56 15
42 130
35 140
65 140
6 39
45 202
52 31
10 200
15 53
10 93
39 84
31 21
65 13
10 91
13 11
1 43
6 90
56 18
69 113
60 12
62 39
49 181
18 50
43 67
12 61
48 170
19 24
17 107
28 134
51 28
39 155
26 52
47 199
1 110
1 147
5 5
34 164
20 145
11 131
23 18
10 189
55 33
57 144
58 148
68 46
11 171
58 138
32 35
19 85
25 56
47 91
40 129
36 134
62 26
5 9
50 47
68 94
67 66
62 78
66 126
58 92
49 44
40 87
46 4
27 15
44 96
35 106
31 202
17 13
56 172
61 152
5 27
61 142
26 15
34 70
26 168
5 118
47 28
40 77
20 184
50 202
30 36
55 171
65 165
28 105
1 185
24 86
18 147
13 141
63 57
16 80
24 114
53 156
52 110
45 146
60 141
30 91
68 194
55 63
17 65
16 116
7 123
48 82
35 39
55 155
27 37
61 48
35 171
62 69
25 31
68 10
63 144
16 119
14 102
24 162
19 8
25 170
48 164
36 206
17 115
39 108
27 144
20 39
62 2
51 104
49 141
7 33
11 84
57 50
17 187
6 198
41 90
36 34
65 169
63 138
63 15
9 59
5 183
42 186
34 29
55 187
13 64
20 36
33 19
37 184
51 114
28 97
64 29
55 86
4 54
54 26
57 51
41 156
27 78
59 17
32 104
7 176
30 123
61 59
10 25
41 2
45 75
19 175
28 73
48 79
63 13
15 128
34 10
28 72
40 51
3 153
20 100
4 12
69 109
34 140
53 196
4 190
69 41
47 150
35 170
29 11
49 200
49 144
30 39
21 176
43 110
61 181
58 48
39 191
7 151
5 62
15 105
46 202
24 4
32 78
41 173
50 74
55 108
44 117
65 180
45 85
57 43
11 134
68 138
29 174
42 6
26 55
33 172
15 50
26 189
26 170
61 72
33 110
7 198
16 163
30 186
36 72
9 152
15 46
55 26
68 16
38 80
23 30
47 80
50 17
39 175
37 114
38 25
32 98
18 19
24 98
10 41
64 7
19 146
7 188
62 162
31 204
47 147
35 98
29 102
66 89
57 48
8 204
42 60
59 70
3 64
6 144
22 29
28 83
69 25
50 110
68 133
47 11
52 114
35 17
36 57
33 84
33 127
42 156
30 135
66 53
69 28
60 30
15 33
48 197
35 103
29 35
22 98
60 190
50 38
3 189
8 165
23 65
22 67
16 71
23 109
28 139
43 78
21 93
69 154
44 47
32 146
52 140
11 203
46 31
46 136
67 190
19 200
66 175
20 164
55 113
25 16
23 186
48 201
30 121
39 58
18 100
53 6
49 2
44 198
59 19
5 54
7 197
17 177
20 104
6 117
64 192
5 127
13 40
23 77
54 173
14 181
67 84
5 121
42 116
33 7
25 108
48 43
67 53
38 73
27 187
22 180
48 35
60 135
19 86
11 39
47 100
27 102
5 111
1 63
43 74
22 24
41 203
3 79
55 111
4 27
50 142
46 204
68 98
41 183
16 101
10 173
63 1
16 141
63 126
61 40
18 205
61 77
12 73
57 171
2 143
58 154
21 94
59 35
17 139
49 99
8 94
33 13
17 132
23 122
40 196
59 45
60 100
61 26
29 140
30 34
45 12
40 161
38 166
14 86
29 128
66 198
60 123
47 10
57 64
21 114
37 131
40 31
30 117
14 50
67 113
19 6
11 48
68 21
5 46
30 74
14 114
20 48
47 114
46 27
57 70
9 22
14 100
13 81
61 90
37 41
64 201
47 43
44 140
51 148
39 16
25 81
59 22
44 20
37 186
31 11
28 193
60 65
57 142
1 90
50 185
4 89
32 160
20 197
20 38
25 153
7 203
39 97
26 102
43 7
30 31
12 57
39 85
52 54
50 63
29 148
39 198
37 141
15 93
9 170
3 94
49 25
18 179
37 97
21 80
42 39
24 148
31 1
9 66
69 156
9 88
30 33
21 42
38 158
9 123
27 68
17 28
64 72
33 173
27 82
60 151
37 76
41 146
22 108
29 126
4 92
32 129
12 135
38 113
20 54
43 6
45 76
35 15
33 149
23 146
11 22
54 117
14 204
55 43
18 8
48 105
19 129
34 165
4 6
18 116
46 205
28 36
31 66
44 178
54 198
50 45
54 44
39 168
67 81
66 158
10 206
68 171
56 129
32 5
45 57
61 119
59 188
1 101
42 104
17 55
49 149
40 127
25 73
10 196
29 80
53 200
69 76
42 47
4 168
36 123
45 1
10 197
36 138
15 119
60 61
55 204
8 108
35 175
22 155
4 112
26 37
10 16
40 140
62 118
3 187
56 176
52 157
41 68
64 174
18 120
66 98
1 200
7 182
32 74
39 188
15 47
52 184
13 74
45 22
68 81
69 78
49 75
32 158
63 64
66 115
16 55
52 44
27 181
38 41
51 8
58 197
34 45
41 74
40 168
11 4
54 3
18 176
10 161
30 8
16 122
3 111
16 128
2 96
37 84
16 192
59 137
59 119
29 13
61 150
65 6
55 129
3 82
46 94
33 49
2 131
44 44
43 133
34 106
10 82
66 68
5 107
2 175
32 58
43 94
46 141
30 44
13 130
42 177
14 134
8 49
11 151
49 62
22 55
3 134
55 149
12 137
33 16
59 160
44 134
64 99
39 170
26 44
16 36
14 189
65 46
5 205
1 16
15 34
22 181
55 202
19 19
38 77
60 183
40 29
1 5
57 86
64 177
67 89
67 128
66 63
1 34
60 139
1 198
52 22
37 187
63 170
41 166
44 168
19 169
22 53
30 170
30 55
61 168
29 87
49 31
64 17
28 202
63 155
38 54
29 89
65 148
60 47
3 48
42 83
13 68
58 40
19 60
62 76
34 201
67 170
44 80
15 177
26 8
57 37
47 181
40 68
56 83
13 41
40 39
2 165
50 91
15 56
6 67
28 185
60 189
9 181
52 36
25 119
39 46
39 144
13 162
61 55
25 42
13 26
14 72
31 140
6 171
5 159
37 108
53 163
6 53
7 37
30 202
64 71
5 91
19 106
49 133
31 165
39 135
6 115
66 1
63 117
32 66
41 30
15 137
24 94
11 175
68 18
23 129
44 49
33 162
62 188
49 175
16 39
14 171
30 77
58 41
38 186
50 171
49 119
44 142
8 96
16 190
63 45
12 167
16 147
10 185
30 86
45 174
53 179
14 138
49 84
23 106
45 10
3 182
14 41
48 50
21 183
69 159
46 85
47 84
53 40
36 192
41 179
59 79
40 183
44 7
30 17
67 76
7 155
52 4
27 90
14 152
38 59
46 80
54 165
49 172
26 161
58 188
10 54
18 65
48 114
5 36
28 161
7 96
55 188
1 62
46 21
63 102
19 54
45 86
45 141
60 52
65 136
60 149
42 52
5 101
10 109
53 201
51 122
17 147
20 153
68 158
34 150
30 26
28 140
26 144
31 34
46 181
57 28
28 70
49 18
43 120
69 136
60 56
4 155
1 118
11 63
29 94
58 50
54 57
19 34
31 139
67 153
44 160
61 80
7 99
10 182
10 38
11 98
19 36
69 119
31 197
19 42
13 134
36 67
7 25
21 115
3 89
42 201
6 110
26 160
38 23
20 117
7 7
19 16
18 137
28 182
60 199
43 125
54 79
56 84
56 73
18 55
43 76
48 12
63 184
10 166
61 64
31 15
44 5
45 28
12 102
43 183
18 172
16 57
51 84
29 33
12 160
32 174
69 67
56 5
30 138
23 45
61 3
7 39
65 22
37 7
56 17
66 111
43 147
62 53
24 96
9 150
64 186
56 119
17 169
56 141
50 41
14 64
44 122
40 163
16 81
5 135
45 72
27 159
14 30
58 45
2 57
32 16
3 173
46 53
54 115
51 58
40 173
51 21
48 45
14 2
52 29
34 204
10 104
34 118
33 103
19 103
51 11
33 59
44 162
3 66
40 170
62 80
46 74
14 67
18 18
6 46
26 138
27 196
57 145
56 14
36 32
58 165
18 129
68 107
30 104
43 124
14 39
8 104
53 159
67 56
69 137
56 64
57 135
50 87
59 56
42 74
29 19
1 183
9 80
44 98
46 137
1 124
1 177
35 183
42 136
9 119
3 70
52 103
8 157
11 164
49 71
44 18
2 190
11 147
64 110
48 49
26 167
69 1
20 112
37 109
45 55
48 94
29 21
46 49
35 118
38 189
52 76
54 28
4 108
40 141
61 192
12 11
24 60
59 110
22 60
37 185
34 23
38 57
51 23
56 183
42 119
41 117
59 134
14 4
53 51
55 57
4 113
35 116
62 192
57 174
24 141
20 82
13 4
63 2
9 128
9 44
47 83
40 70
27 197
58 62
64 79
33 11
44 88
43 182
66 36
42 43
43 37
59 66
50 24
51 90
2 79
41 46
57 99
52 155
31 73
44 167
44 55
21 49
9 177
23 203
12 127
13 46
36 190
4 165
22 36
29 129
6 175
66 92
58 25
9 83
31 36
17 170
65 63
4 13
42 96
6 36
60 98
12 204
51 2
33 58
48 75
29 134
47 116
10 163
51 34
3 177
29 42
13 2
26 95
33 153
26 97
41 113
39 141
25 188
46 139
52 166
26 169
19 9
49 204
46 13
61 157
14 183
10 67
34 122
64 165
42 45
21 16
29 74
30 95
34 66
39 64
22 22
42 48
69 54
62 43
14 197
13 144
55 16
10 139
31 194
45 24
11 143
68 179
29 32
60 193
28 153
50 16
69 68
65 119
39 74
35 181
48 129
2 47
57 96
51 46
18 63
40 81
15 19
35 58
4 80
66 55
35 161
58 82
40 49
33 128
13 38
10 135
62 194
32 138
12 171
22 187
49 171
26 156
56 43
50 157
30 133
56 66
6 10
58 57
30 149
37 136
57 149
41 59
40 174
65 25
41 164
27 80
8 183
57 74
32 150
17 195
56 87
52 100
2 60
28 77
17 32
7 60
63 196
31 56
39 122
20 180
65 45
2 156
30 154
19 64
17 81
48 69
58 46
29 61
20 150
26 66
41 175
13 58
28 116
44 26
32 80
18 163
51 151
32 187
49 199
67 186
30 192
40 206
27 139
33 50
35 16
8 43
51 140
39 9
7 119
9 86
37 95
6 183
26 79
61 35
16 164
1 125
4 50
53 49
33 197
21 90
12 15
27 135
59 20
47 141
6 95
44 194
48 120
43 11
63 128
54 141
10 155
64 76
42 95
33 4
37 54
62 132
49 8
14 66
25 147
68 73
49 192
28 15
27 74
57 184
56 65
60 66
56 136
62 161
19 101
45 92
14 107
47 66
12 110
1 2
30 116
27 12
10 195
8 202
26 89
47 29
46 203
48 185
51 131
22 139
30 61
3 95
63 26
18 105
25 180
25 69
19 202
67 183
2 81
8 120
23 115
48 161
17 158
23 204
4 33
15 148
39 107
41 92
15 200
4 26
38 24
36 83
49 148
41 51
68 52
59 184
3 190
42 155
41 80
50 161
40 162
43 139
55 6
66 6
65 179
37 72
25 165
47 113
1 76
44 66
59 87
20 42
3 143
56 110
66 49
26 45
61 158
42 143
49 138
49 57
43 152
25 106
66 121
26 133
41 152
32 31
64 179
23 175
39 12
10 86
18 92
7 113
61 172
62 90
8 45
61 156
58 36
63 48
40 69
67 37
43 194
21 166
49 94
41 86
10 184
51 133
69 140
54 36
15 145
30 106
31 156
3 7
36 169
23 83
1 161
51 30
27 143
58 183
65 110
20 160
18 131
57 170
35 22
7 157
60 33
18 143
68 159
40 41
42 147
69 122
21 65
34 152
60 55
46 156
58 158
23 137
68 58
48 85
65 101
13 171
62 9
31 124
66 105
45 132
54 185
66 183
8 117
44 95
38 176
69 131
55 177
26 122
58 151
65 70
45 42
41 105
55 15
9 68
48 115
5 72
51 79
8 199
63 89
29 131
23 182
24 80
6 157
64 203
28 38
4 43
1 92
23 134
3 128
64 161
35 136
28 60
5 90
56 60
64 97
48 14
15 144
9 131
43 18
18 74
4 175
52 5
21 63
15 188
37 104
51 152
53 171
67 101
57 68
68 167
22 150
51 108
49 157
32 162
7 88
45 121
29 12
22 122
16 178
8 31
5 141
44 161
36 155
31 172
37 113
52 78
36 43
53 55
56 31
12 140
10 150
14 81
6 63
11 198
54 156
4 185
9 35
42 200
49 66
23 17
37 16
11 181
60 133
67 74
59 143
53 32
49 13
38 153
32 23
44 157
23 135
63 9
66 168
61 136
56 130
12 192
48 44
34 22
59 58
12 179
19 192
3 204
51 92
25 1
68 44
45 11
23 3
56 45
12 60
41 53
15 160
17 99
17 8
34 103
61 25
27 190
29 181
42 123
54 178
16 171
69 149
3 16
54 101
32 6
4 111
33 194
34 161
62 195
30 147
20 76
31 2
19 67
51 35
22 64
51 16
31 105
37 123
28 16
26 108
37 168
43 112
53 33
6 190
34 88
31 10
9 169
17 178
14 167
55 181
4 172
26 26
45 20
17 118
18 142
61 189
42 33
38 74
57 79
6 50
6 98
55 41
51 175
39 138
55 140
4 102
55 25
6 35
26 19
42 158
60 176
35 24
8 138
18 10
60 103
23 56
46 118
17 95
47 89
52 58
61 170
17 112
60 67
12 103
32 60
9 75
9 122
13 20
8 62
5 129
46 166
56 51
39 199
53 130
31 193
45 133
43 117
2 3
24 90
3 59
46 56
35 85
23 104
41 50
29 10
55 94
50 150
1 38
48 171
47 135
67 198
37 117
38 94
60 120
13 52
42 194
56 194
11 103
53 20
59 196
20 46
49 50
23 124
41 150
18 151
11 118
41 131
34 20
36 176
61 30
56 41
57 109
14 105
14 16
48 111
26 106
45 173
44 78
53 108
37 150
35 50
65 174
31 95
35 96
33 168
39 105
21 111
54 65
28 42
37 116
8 135
54 199
15 118
33 150
34 191
21 57
15 10
23 128
15 101
1 151
69 162
44 54
24 166
44 171
14 110
32 105
56 96
5 26
65 12
45 60
41 85
39 146
55 68
50 159
47 76
67 40
67 38
8 114
57 54
54 187
51 115
22 61
11 141
33 176
66 11
33 169
6 59
39 152
42 79
45 4
28 44
59 140
55 10
40 18
10 180
34 41
64 85
33 55
53 173
25 23
42 105
38 194
69 77
62 4
3 73
61 65
40 189
57 39
11 92
65 107
25 27
49 86
33 198
58 191
29 8
38 199
5 185
3 3
14 133
54 77
39 57
4 140
1 46
21 132
69 29
28 34
16 13
36 76
50 105
42 150
27 163
29 34
2 61
57 93
18 109
2 171
1 29
38 75
30 168
17 19
23 110
21 206
45 101
33 44
66 99
65 192
60 79
63 10
57 76
35 156
39 128
40 160
5 59
9 87
18 34
27 59
68 41
13 98
48 125
16 59
19 124
26 57
11 51
43 200
36 56
1 109
4 182
49 53
25 182
14 160
62 51
10 7
65 198
3 5
36 157
6 182
13 143
28 168
43 20
63 6
53 166
9 36
52 62
5 39
26 87
13 59
66 205
62 5
15 186
48 38
8 99
1 184
30 65
27 30
8 92
45 145
31 29
15 78
13 113
69 177
20 114
61 43
47 144
46 90
11 73
39 101
33 132
31 44
56 144
48 61
54 2
57 46
38 11
20 74
62 35
4 10
24 190
42 124
52 9
45 59
35 27
51 183
10 188
61 114
47 95
7 196
1 130
56 94
1 52
49 123
7 199
45 99
33 160
33 17
40 113
11 128
67 4
34 47
4 159
8 123
55 166
52 68
47 117
22 184
30 145
32 96
53 5
24 77
38 116
12 174
60 195
42 9
27 89
49 77
60 4
40 46
52 148
54 50
12 150
25 100
33 202
4 99
3 176
17 14
53 99
3 42
41 63
66 110
49 108
66 83
2 72
25 97
9 97
33 117
37 153
57 113
59 92
8 73
12 144
23 138
15 174
3 27
19 144
22 49
3 80
17 140
21 29
8 205
20 68
4 72
12 27
14 149
58 142
17 138
59 129
64 46
6 94
27 199
44 187
49 47
51 130
19 121
12 173
7 165
50 155
32 196
57 75
34 117
52 176
46 9
33 118
55 193
38 90
14 194
65 75
58 4
40 194
10 42
40 55
57 11
4 121
69 6
2 123
20 67
8 201
67 178
4 97
36 20
36 143
1 56
7 9
53 161
42 70
62 27
65 34
14 68
26 7
45 34
28 10
5 99
18 148
49 82
38 143
27 118
55 161
40 146
68 47
31 183
49 109
66 40
25 123
15 36
45 104
62 187
24 67
25 158
7 75
56 108
7 114
55 134
30 124
67 52
6 106
18 175
34 27
26 137
20 191
41 154
43 176
28 3
36 63
20 25
9 142
21 100
38 48
42 120
41 95
46 125
19 156
2 20
28 43
27 28
56 2
18 141
15 187
67 142
60 44
24 93
2 135
68 116
18 61
36 29
63 198
32 76
45 112
46 45
49 194
23 1
43 201
69 64
50 164
32 102
45 199
38 180
60 114
1 14
63 84
8 69
6 118
48 87
7 86
25 183
60 197
24 13
14 62
32 63
13 78
12 31
62 73
53 96
50 96
41 171
4 61
63 93
41 189
67 195
5 197
19 189
28 29
55 99
5 53
47 61
5 175
69 84
50 19
52 188
2 91
62 105
61 201
13 70
62 119
65 117
28 58
32 82
54 34
24 63
46 138
4 34
28 46
4 189
1 97
33 56
8 170
63 134
28 169
24 95
46 130
11 91
35 7
43 122
49 158
53 162
18 190
44 183
20 90
12 79
16 53
39 104
39 114
45 122
40 144
55 114
55 139
5 190
60 76
49 33
39 14
56 23
29 76
5 151
60 131
7 54
46 96
40 203
31 78
25 19
14 76
69 46
62 30
56 9
14 128
28 130
30 29
8 78
39 51
2 169
4 98
65 132
16 88
41 127
52 173
46 168
28 80
18 83
4 38
20 61
23 199
9 89
58 187
44 141
28 136
59 180
17 127
21 150
38 172
48 159
42 165
29 124
36 10
11 179
53 106
27 162
23 40
59 89
51 101
40 47
66 134
37 75
4 134
26 157
16 72
11 127
55 110
54 112
45 50
25 57
15 67
34 90
22 135
28 166
1 78
43 170
56 101
24 160
65 123
3 131
24 168
55 120
42 81
65 194
27 128
25 66
37 77
11 49
3 46
29 189
51 118
44 121
8 16
37 11
21 200
16 86
57 173
16 146
53 93
69 171
33 78
26 5
31 162
36 150
30 172
51 40
63 112
14 51
47 164
55 97
58 126
3 8
7 105
57 156
13 6
9 49
27 137
7 137
12 158
65 26
18 58
37 167
26 114
54 138
61 164
42 178
15 68
1 44
13 175
28 176
63 129
63 107
36 3
48 29
47 110
42 84
69 19
49 97
49 48
63 118
37 31
61 17
14 184
29 81
35 81
26 175
52 14
55 107
60 196
38 61
46 129
56 155
4 178
15 54
35 199
7 191
51 139
68 74
52 41
1 137
41 83
43 181
59 84
45 71
9 3
14 142
47 25
47 179
3 65
8 53
42 154
56 160
49 12
29 115
46 8
38 36
45 144
53 62
42 168
44 32
58 1
56 133
36 77
37 92
52 172
34 79
9 13
35 121
62 49
29 58
27 172
60 75
23 69
37 100
11 139
50 83
46 111
23 4
2 9
23 20
56 153
23 9
42 26
53 35
11 21
65 150
68 136
52 106
40 148
64 91
5 94
2 2
5 98
52 60
15 136
63 71
16 193
42 148
39 76
48 4
63 106
51 202
2 183
62 181
46 38
38 44
32 114
54 59
44 144
68 15
51 43
1 94
45 102
36 80
63 55
69 150
26 145
11 68
65 74
69 71
58 55
32 77
38 205
47 77
62 116
62 130
55 186
56 79
2 51
26 1
28 173
63 91
34 142
4 170
36 71
12 107
34 53
39 203
44 34
7 78
48 74
6 116
8 15
62 45
20 190
66 160
28 53
46 116
16 109
17 34
53 129
35 154
62 163
10 98
52 202
58 65
59 124
3 71
39 167
14 78
61 200
19 174
64 111
29 177
59 161
56 206
46 167
61 190
35 151
51 82
28 7
35 138
27 40
47 126
53 111
8 23
51 167
30 38
1 39
14 120
26 98
5 139
57 17
43 54
52 183
64 88
47 32
40 149
59 33
14 47
33 180
6 169
67 34
21 97
63 149
63 35
39 200
42 12
50 20
10 149
39 180
59 52
38 26
68 36
66 103
37 120
31 24
1 69
36 69
41 149
60 200
19 115
67 42
40 19
5 45
4 116
39 96
44 1
34 8
43 102
22 171
15 164
25 30
46 64
31 75
49 139
8 71
30 88
48 101
1 139
16 158
14 151
60 14
67 205
63 17
57 9
58 122
19 66
62 99
60 146
10 100
48 155
27 109
69 95
48 51
63 113
46 160
2 40
30 146
67 141
46 39
24 84
54 100
58 149
25 61
54 61
10 101
38 197
64 89
37 169
7 156
48 175
14 97
27 157
14 23
32 143
2 24
25 75
22 175
57 94
66 101
67 18
33 65
61 70
57 95
64 204
19 93
69 102
51 204
69 147
14 29
37 29
49 7
25 136
5 42
58 177
34 107
68 17
62 7
55 138
12 59
21 61
27 140
11 77
45 149
50 23
58 32
14 193
46 26
45 31
56 50
2 130
52 17
2 94
32 169
20 16
55 45
55 125
47 104
38 96
68 104
51 153
32 151
26 190
8 95
30 165
45 94
66 38
35 41
43 106
67 100
47 107
18 127
27 7
66 171
42 121
67 44
64 36
33 25
27 133
21 192
4 202
50 162
7 52
63 204
49 125
6 122
60 156
27 166
60 184
56 139
27 98
62 152
6 60
34 127
61 149
43 153
4 81
58 167
25 17
41 195
66 74
41 124
2 10
12 129
37 201
4 135
3 142
54 168
42 19
40 120
13 129
56 95
48 23
45 93
16 28
63 18
32 48
63 200
7 77
42 175
10 143
66 199
59 107
6 28
13 138
63 50
7 59
35 159
18 168
34 159
50 82
42 29
13 80
23 51
16 58
48 190
27 173
31 103
9 100
46 60
28 96
58 157
25 159
67 119
48 92
64 54
62 168
3 6
7 133
24 28
50 127
59 83
37 119
34 182
51 141
40 10
58 54
44 109
63 97
4 114
12 4
32 140
52 128
31 27
1 99
31 184
1 195
50 177
64 181
58 153
9 165
41 188
13 33
27 25
38 16
35 114
3 122
39 140
9 108
44 173
34 71
57 104
3 102
55 8
13 121
66 88
48 132
52 47
20 93
40 190
37 9
5 116
38 134
41 118
51 142
66 2
69 121
29 69
48 91
3 21
8 20
56 132
16 9
38 182
23 113
37 3
52 13
16 203
57 159
13 110
32 156
3 53
68 67
27 11
23 131
18 188
66 34
5 37
56 53
18 112
49 32
13 106
22 164
57 189
47 132
16 182
14 154
23 5
35 34
63 174
5 169
13 82
25 145
48 128
6 186
67 132
4 137
31 129
33 67
19 162
37 45
40 8
43 180
16 175
14 195
38 84
21 161
10 160
65 52
6 2
35 101
11 5
24 83
45 26
10 133
59 178
41 144
23 191
62 160
52 38
49 162
15 32
33 20
11 185
60 185
18 138
53 50
62 128
17 60
53 34
11 50
46 101
32 201
38 21
55 58
10 142
32 132
50 28
10 156
45 113
15 80
10 79
65 39
47 162
47 87
41 168
6 27
18 93
54 7
41 73
63 178
30 10
66 123
18 47
44 147
35 2
1 98
69 101
65 8
60 42
66 157
21 73
36 170
19 13
25 87
68 120
46 58
68 145
1 181
40 182
60 113
40 36
69 130
1 91
17 206
64 206
48 117
24 125
43 126
56 178
68 51
38 1
7 30
60 186
37 191
41 48
32 153
47 185
64 189
23 112
46 92
42 182
9 107
41 44
2 120
67 23
38 125
24 14
38 85
20 155
26 134
64 78
27 120
53 52
48 47
19 131
52 179
69 32
56 3
59 86
65 115
51 64
31 94
45 139
33 139
20 137
39 133
29 86
16 40
8 116
40 12
28 103
19 5
21 149
39 8
2 42
58 5
20 126
12 42
38 42
33 193
4 48
33 125
24 117
51 29
20 147
5 191
5 38
33 129
7 26
34 199
13 200
27 1
53 198
40 119
34 52
10 178
48 86
44 106
44 83
28 87
40 124
5 187
68 100
29 22
62 6
47 97
17 181
52 55
45 84
42 32
1 17
19 43
18 187
4 53
39 129
17 93
6 16
29 166
4 87
29 141
34 61
52 30
43 45
4 45
9 139
29 145
48 72
18 194
43 175
63 74
51 93
62 166
12 112
25 115
62 33
30 111
66 8
8 206
50 81
11 205
15 153
28 141
46 20
66 9
10 132
61 84
26 111
6 174
22 43
5 172
34 195
7 162
27 103
25 96
55 4
41 43
61 169
7 132
27 107
6 120
2 76
22 156
11 106
60 38
36 193
4 25
15 179
8 134
44 23
25 169
53 41
57 186
52 145
52 24
62 1
61 11
52 85
25 10
11 187
53 192
13 120
21 64
20 12
11 36
49 88
24 133
6 47
21 139
4 40
68 142
19 118
36 105
20 158
10 99
65 185
14 190
21 74
31 187
42 88
57 41
64 195
27 176
48 34
31 128
23 91
33 154
42 203
34 39
61 183
53 30
40 143
4 62
30 185
2 197
52 75
66 112
6 178
27 160
52 112
29 1
20 15
32 3
16 92
29 95
18 206
12 121
8 149
65 68
5 34
29 39
51 25
28 110
69 5
6 162
24 191
8 1
62 193
12 29
26 69
32 152
44 193
57 180
31 147
55 12
10 34
32 128
39 183
35 191
63 61
42 58
25 4
17 134
19 33
32 175
18 133
27 38
67 147
16 4
36 156
58 15
16 181
21 189
64 38
12 36
12 49
43 105
5 32
59 81
68 152
12 168
36 14
36 90
22 119
3 202
41 185
50 67
68 68
30 6
2 177
4 96
56 165
48 156
51 57
62 201
62 100
16 77
58 143
4 199
27 61
56 46
24 175
20 131
11 78
41 35
12 47
34 63
42 103
12 55
52 39
32 166
19 72
34 157
49 147
67 28
41 102
49 174
20 44
46 77
19 65
2 28
51 4
62 77
52 159
65 99
19 150
50 12
62 62
64 35
48 8
19 168
7 49
52 129
21 41
36 64
39 185
65 149
56 124
58 204
67 134
39 7
7 164
34 170
35 78
45 37
66 119
8 51
69 15
11 54
47 53
44 11
29 139
40 167
52 138
44 8
17 39
31 110
17 160
25 46
52 151
41 104
29 119
9 2
54 154
63 85
50 3
69 103
48 130
59 122
12 48
21 129
26 136
54 125
56 202
65 48
44 19
1 93
61 144
54 116
66 90
55 93
69 48
5 67
46 67
53 168
11 189
20 33
62 114
15 154
48 40
15 92
15 104
10 19
43 21
52 181
8 61
7 142
45 123
47 38
42 37
43 75
40 178
66 39
46 86
16 115
11 140
34 105
12 39
9 199
57 105
47 31
58 200
49 79
27 131
19 148
32 199
53 128
38 196
9 163
53 38
49 46
1 54
32 55
28 160
24 78
37 86
13 86
26 49
51 143
47 203
59 147
24 115
69 55
24 196
66 81
46 106
21 177
6 12
48 124
8 32
24 179
17 119
58 192
61 124
46 42
37 61
65 51
3 163
7 40
68 103
45 56
54 58
17 20
7 128
50 154
57 114
13 193
69 172
26 84
25 83
37 10
37 26
65 87
1 160
54 83
66 154
10 49
53 48
5 64
51 138
62 115
47 151
15 8
15 102
29 48
20 56
22 28
50 88
48 6
3 67
68 128
47 166
53 157
35 32
50 188
1 131
34 67
69 61
48 178
42 13
13 51
6 84
12 115
7 91
29 111
13 164
11 3
68 55
36 194
16 136
7 118
34 144
17 153
30 137
47 140
16 130
34 205
68 177
55 36
60 124
12 67
32 90
17 50
30 193
23 47
30 197
33 161
45 21
6 133
6 170
53 76
21 199
22 199
1 102
18 35
19 59
36 124
29 72
23 123
12 82
43 61
23 170
49 155
39 33
9 180
10 28
32 79
17 193
55 69
18 191
35 108
34 49
21 174
21 106
69 169
10 87
68 31
1 7
10 31
15 171
47 41
7 146
36 181
68 19
35 26
47 125
4 8
50 187
60 107
12 66
48 122
36 109
43 172
59 172
8 55
37 140
42 195
65 69
30 93
14 173
27 84
7 206
25 90
49 188
9 125
17 129
15 170
43 80
15 126
61 129
30 96
41 76
33 195
23 145
63 167
36 183
68 168
64 48
69 165
28 165
68 75
5 66
35 94
38 137
60 90
36 78
61 160
40 153
42 184
40 191
68 53
31 163
37 152
22 46
62 177
41 193
24 79
36 166
25 138
42 140
32 165
16 114
55 191
23 44
50 131
69 107
29 185
13 73
8 8
27 48
65 35
24 30
14 129
60 17
58 89
38 19
58 172
55 32
45 140
65 47
49 103
53 46
9 18
34 180
37 88
45 169
50 75
11 14
51 109
7 202
33 188
29 75
27 95
62 202
47 18
59 205
59 53
4 152
1 176
19 184
10 85
25 9
14 122
62 83
13 50
62 68
69 144
25 107
55 76
11 170
63 86
32 8
55 27
34 148
64 147
37 134
16 20
40 156
38 112
25 133
57 13
54 200
67 20
57 168
54 42
29 107
58 30
20 139
66 162
57 33
28 206
19 62
4 174
29 161
2 172
12 18
25 130
56 57
63 152
19 84
28 52
4 105
15 52
64 117
2 134
68 148
23 144
38 192
21 112
54 64
62 52
21 158
67 95
59 166
3 96
46 127
3 123
30 76
37 73
16 31
5 162
25 103
68 198
24 46
21 53
19 123
38 5
22 134
28 138
22 73
33 156
67 35
12 71
46 50
21 20
64 65
3 144
59 109
40 14
22 124
15 120
43 178
45 106
7 85
35 93
33 69
53 184
46 52
63 150
69 158
68 42
24 38
8 195
65 32
3 195
63 100
12 3
41 31
18 12
43 99
57 6
38 70
19 112
51 37
22 7
56 7
16 148
23 103
29 65
63 32
69 178
37 14
52 177
19 186
15 65
53 146
24 151
60 163
22 194
15 163
34 42
27 43
4 15
16 108
54 81
28 26
28 126
8 59
36 116
28 174
56 48
49 83
37 25
23 37
40 5
53 60
12 191
11 124
68 188
20 108
42 127
11 137
57 55
41 167
31 57
65 159
16 129
54 10
39 127
29 46
27 35
22 4
61 202
54 111
49 14
29 120
59 41
55 131
41 58
35 25
66 146
9 1
28 11
33 165
8 66
14 185
55 54
65 155
32 7
35 56
30 20
30 191
20 86
12 177
8 162
7 189
62 70
59 8
47 138
58 136
68 109
2 112
32 206
8 186
61 83
62 93
41 136
66 26
37 172
16 103
20 198
2 78
67 36
47 108
44 57
30 98
34 65
9 191
49 1
63 70
39 100
47 51
66 86
50 201
64 62
43 174
33 21
39 3
68 111
30 71
55 195
61 162
1 178
53 17
3 47
40 184
4 11
53 174
20 189
21 187
18 110
39 20
30 28
63 52
46 46
38 173
28 65
3 127
60 31
62 111
2 192
6 193
6 113
29 103
2 155
65 196
14 42
8 182
10 114
23 111
13 169
20 92
7 65
20 200
16 123
65 67
44 104
66 167
68 160
18 162
43 192
68 49
57 158
40 142
52 28
9 72
21 40
45 58
6 100
13 5
50 21
21 76
31 19
23 99
53 98
11 163
30 92
2 34
43 179
67 79
6 74
56 35
52 77
57 78
7 115
8 41
29 73
15 157
20 73
7 23
69 87
43 186
59 12
23 202
52 93
45 47
65 183
56 71
14 33
16 30
17 150
38 35
58 19
1 141
61 105
45 89
37 81
20 186
15 16
60 122
23 102
6 32
12 203
39 75
43 22
64 154
28 47
68 183
41 153
56 26
26 77
30 161
65 127
58 117
51 158
24 130
25 171
7 29
27 49
60 147
35 74
66 78
46 179
62 157
24 87
7 195
23 148
58 182
28 12
43 141
21 123
17 110
56 81
12 202
65 55
3 13
60 26
59 193
3 175
68 95
10 106
35 167
25 47
57 87
27 69
55 198
35 104
21 71
17 48
21 2
69 112
7 168
9 197
56 184
18 198
35 179
61 41
28 192
35 200
7 61
3 191
23 70
41 65
39 67
31 101
32 99
37 6
5 164
54 66
50 58
26 201
38 58
56 118
50 111
48 25
17 98
14 7
30 48
62 34
36 93
16 184
15 22
6 24
25 59
13 194
36 191
35 54
69 82
44 89
56 21
47 98
37 127
62 196
68 200
58 109
35 119
17 23
17 71
18 3
57 151
17 78
51 105
46 23
27 111
15 18
50 167
29 2
13 53
54 45
13 87
61 62
34 133
27 42
27 81
3 154
50 10
29 160
10 53
3 103
61 13
12 118
67 45
16 37
59 44
35 92
57 130
7 179
58 150
60 159
28 177
27 6
58 84
53 90
66 155
35 11
45 156
22 84
10 80
46 206
44 94
28 82
37 90
52 94
5 163
36 23
58 67
34 160
24 201
31 97
31 153
12 185
2 104
13 7
16 167
59 151
10 131
30 144
30 7
4 148
38 63
8 177
2 193
19 172
34 121
39 18
52 33
59 182
36 184
31 195
33 133
15 62
15 165
31 31
2 80
24 20
40 115
12 43
69 111
42 179
67 126
21 30
67 185
23 188
39 196
30 203
58 52
21 181
20 121
41 141
45 69
69 134
16 24
56 58
19 95
19 61
50 27
33 86
49 16
1 61
4 95
54 103
48 199
39 44
44 22
58 90
49 134
36 107
45 135
1 64
7 21
36 40
39 150
11 17
68 151
68 3
66 52
6 7
57 67
42 82
57 137
26 9
59 65
43 185
42 190
44 53
18 193
40 43
1 190
4 24
63 194
28 181
5 167
31 39
32 202
40 26
35 70
48 173
37 160
39 1
37 124
37 164
30 52
15 83
60 202
66 139
25 14
47 102
48 3
69 69
44 185
49 120
14 37
30 131
6 64
8 126
40 99
10 111
43 118
7 201
2 87
35 43
17 152
14 148
11 38
56 122
39 45
21 138
47 21
35 129
36 160
23 13
50 186
63 132
48 18
49 23
13 197
5 77
25 131
55 133
49 118
61 52
35 164
18 16
54 201
42 28
53 113
19 179
27 182
65 137
13 25
16 144
15 173
19 135
43 14
7 185
8 85
11 133
56 193
68 206
14 155
47 34
12 70
65 139
6 56
3 166
34 184
39 81
8 14
61 66
7 51
50 72
46 115
6 206
5 120
5 134
11 95
23 89
5 124
16 117
32 180
37 138
6 62
63 114
61 143
48 205
56 200
43 31
60 125
34 51
37 48
21 1
58 113
13 90
6 199
39 91
41 123
5 114
25 25
26 94
15 63
12 164
49 154
32 185
65 66
21 75
66 57
62 104
30 136
68 77
68 132
59 71
20 124
58 162
2 139
29 135
33 87
55 9
40 166
42 31
34 98
24 132
25 34
55 184
38 68
38 22
22 104
26 128
63 68
34 62
52 64
43 66
8 190
49 107
2 49
66 73
8 153
55 13
45 183
20 118
3 199
56 195
16 51
21 202
10 94
69 123
55 89
67 19
9 114
69 106
13 132
3 135
23 140
49 100
54 119
65 16
28 50
8 174
47 120
62 124
23 165
35 145
60 170
26 172
29 53
30 109
18 132
13 67
41 82
52 105
1 149
4 85
33 189
63 22
28 37
25 28
58 134
39 28
33 179
64 200
34 163
12 72
67 114
59 162
59 16
47 81
4 90
14 53
26 206
68 131
51 65
60 194
50 199
8 103
31 38
60 168
8 175
59 62
47 130
41 91
22 85
33 111
34 200
45 44
46 152
52 71
25 29
51 56
51 146
28 5
33 102
67 145
4 146
68 181
36 189
53 193
67 131
17 154
66 188
33 170
53 122
25 51
24 41
7 34
50 118
26 40
2 188
61 12
48 163
4 154
40 92
17 43
35 198
30 85
14 6
35 91
19 22
68 25
47 137
55 150
41 110
2 159
33 48
32 30
5 180
39 151
16 43
26 135
4 107
9 52
2 102
9 130
25 77
44 24
22 170
35 37
25 7
14 175
8 74
6 105
45 152
55 70
46 135
46 70
51 194
13 96
20 26
31 5
48 181
6 147
29 51
54 4
22 16
3 161
30 122
46 37
26 176
3 184
12 151
62 103
44 128
63 77
5 173
41 94
42 34
32 41
35 177
45 43
21 62
38 122
42 128
11 27
64 9
67 61
11 111
60 86
21 18
14 186
50 86
22 30
27 164
40 58
68 69
14 117
17 122
27 36
18 181
35 6
55 60
28 49
48 189
4 150
54 142
17 40
48 63
28 142
36 104
47 136
62 22
7 89
29 16
4 166
10 138
7 46
6 4
22 41
24 204
18 17
50 129
11 168
62 41
24 23
39 40
1 24
51 15
7 129
26 182
12 56
67 50
29 133
44 15
53 188
56 182
6 168
65 141
52 194
34 174
1 172
57 38
44 33
52 53
23 149
60 50
20 65
39 47
42 27
42 153
5 92
35 35
42 144
54 39
67 144
48 203
69 151
7 140
43 95
39 113
30 115
14 75
44 63
34 193
50 184
43 159
15 69
23 139
3 200
14 48
28 67
21 5
55 48
12 143
58 178
62 3
43 36
49 205
47 190
39 5
5 142
32 57
4 23
69 73
49 30
42 191
57 161
11 169
57 12
23 52
50 25
42 55
68 182
18 154
58 111
11 13
23 155
10 203
60 64
46 84
1 154
68 191
4 123
62 59
31 112
41 125
68 64
13 191
67 166
19 109
14 1
18 149
6 42
23 33
21 19
28 41
34 58
49 36
26 146
18 54
64 43
11 121
45 143
68 123
45 196
43 48
36 96
48 180
49 81
59 1
54 204
36 92
21 78
24 189
28 104
56 38
32 200
13 149
18 161
24 91
41 114
2 168
60 117
28 162
65 143
26 90
16 44
16 3
58 189
5 96
56 159
63 27
59 50
41 49
65 112
30 167
34 124
69 168
12 50
13 85
25 150
15 39
39 32
39 86
15 111
27 32
12 197
39 184
69 170
59 173
27 138
41 172
25 129
12 81
41 18
69 8
46 62
68 91
50 135
47 78
64 34
58 2
8 154
57 131
47 192
58 176
57 102
62 190
2 133
20 166
53 187
7 79
57 165
42 185
59 78
41 176
59 171
20 195
49 60
68 174
47 8
67 148
48 146
47 175
4 120
47 177
60 3
52 174
19 113
28 123
54 172
32 29
67 157
42 16
64 74
50 44
9 40
13 84
24 195
45 157
38 201
6 55
33 3
54 68
15 133
59 5
65 14
3 114
60 15
54 188
24 42
31 170
64 169
62 123
55 151
4 144
48 168
56 37
24 113
9 54
45 185
51 186
19 196
26 85
13 92
60 41
52 66
3 137
3 87
40 84
27 45
41 147
19 126
32 119
3 169
48 70
7 104
22 103
50 122
16 176
3 112
64 8
60 6
8 97
52 18
7 163
67 51
20 31
66 125
3 72
65 154
35 53
32 135
15 114
35 173
39 161
5 146
20 106
23 74
5 28
3 52
6 163
35 59
13 127
4 191
7 87
31 35
15 25
38 114
47 170
54 183
65 15
31 201
63 79
15 181
41 198
40 4
50 190
20 2
34 111
7 148
2 99
69 139
50 30
33 27
65 73
32 194
47 1
41 23
14 15
30 40
61 88
33 29
56 128
56 11
54 150
57 172
28 200
51 39
38 193
44 177
67 5
8 26
9 136
59 150
14 106
25 111
51 187
35 192
37 39
66 100
9 146
29 197
59 64
12 106
61 20
34 48
36 101
50 94
8 192
68 27
61 21
62 8
35 202
28 204
4 39
34 156
4 76
32 34
34 3
53 190
36 172
31 158
66 95
5 130
35 18
23 189
13 63
61 116
1 4
29 132
60 105
22 129
48 93
34 78
11 86
15 184
16 151
11 82
38 99
39 68
41 205
32 176
46 63
3 203
17 35
49 186
46 172
48 57
61 39
22 72
35 45
12 132
2 59
2 180
26 162
66 128
61 87
54 148
2 27
36 204
24 172
27 158
60 155
21 55
43 204
37 135
13 165
4 22
40 13
58 104
49 202
9 50
7 50
66 204
31 106
66 174
8 102
3 118
68 97
53 21
45 52
6 96
18 25
11 61
2 17
66 108
45 127
5 23
29 125
13 185
27 50
27 206
15 41
29 184
62 205
31 80
54 197
49 52
64 175
25 2
37 158
37 37
5 189
12 51
66 17
30 120
36 186
25 152
62 155
50 134
24 140
25 164
57 177
31 92
35 46
22 31
42 112
13 100
15 121
57 62
6 124
10 88
63 5
62 178
59 26
67 121
37 203
46 174
22 97
23 161
60 145
45 197
32 172
39 194
24 53
6 154
35 90
64 132
54 163
65 23
47 85
55 7
38 86
55 164
30 119
41 132
31 22
16 166
53 53
66 16
31 12
64 118
38 46
14 140
19 195
24 176
52 26
62 82
16 66
23 176
11 152
66 80
15 191
66 149
19 97
27 44
65 49
47 26
59 105
10 165
3 162
33 60
44 113
26 30
10 52
52 19
15 43
44 165
53 132
20 29
51 47
49 106
55 112
1 50
17 70
49 117
34 198
59 106
15 97
32 17
65 205
11 1
41 122
7 143
51 100
38 100
33 90
68 24
32 49
50 15
51 126
17 10
30 37
54 149
11 108
38 52
11 20
45 32
37 190
36 28
60 63
22 96
52 196
35 184
25 112
27 83
40 158
22 13
64 86
30 22
22 176
36 5
17 45
52 61
25 52
23 141
25 20
17 105
25 125
40 155
33 22
10 74
9 147
19 153
20 143
58 16
17 47
18 125
55 73
19 133
35 77
11 24
15 146
26 188
13 152
16 162
17 89
8 140
44 190
11 42
20 58
51 89
30 45
15 169
18 27
48 15
63 82
46 147
22 3
13 17
59 32
37 128
20 75
19 125
57 63
25 93
54 176
1 37
21 126
25 80
53 79
30 62
57 80
66 66
1 186
64 83
25 151
3 151
33 100
16 73
27 41
36 187
64 24
3 158
51 52
28 8
69 88
22 65
35 148
6 70
14 46
59 133
58 87
48 191
7 66
68 170
63 96
15 127
1 100
10 134
28 203
8 5
18 2
64 96
8 148
30 166
39 24
25 114
59 102
26 18
51 88
30 46
63 3
38 183
13 39
12 37
12 105
3 198
59 28
9 112
44 69
1 30
2 22
45 87
51 110
57 60
59 46
20 192
16 156
12 178
49 169
2 44
50 136
53 148
66 20
12 186
60 137
61 101
7 17
61 173
12 24
24 61
35 75
39 63
37 79
54 137
5 138
53 189
20 24
57 199
52 88
57 126
24 149
48 11
54 24
15 21
49 22
25 137
35 158
4 68
57 153
28 118
5 157
34 147
26 20
31 200
36 66
66 10
55 92
1 145
57 7
16 204
10 117
10 51
16 169
15 183
37 151
11 25
67 99
48 150
66 147
42 89
14 27
40 126
28 27
40 157
53 143
17 204
57 162
56 199
58 88
62 18
7 41
18 139
2 97
48 195
26 11
2 154
5 20
10 164
62 182
17 64
27 33
43 166
52 6
41 55
13 97
36 142
40 15
7 117
39 187
41 100
16 201
2 149
28 79
60 158
51 60
44 77
42 72
57 57
31 167
25 168
14 43
59 68
31 113
32 154
67 108
43 154
55 47
67 93
44 191
4 106
8 188
68 2
7 190
19 12
58 102
8 160
69 9
46 177
28 172
30 56
64 61
61 82
60 161
63 44
67 137
2 202
22 204
10 183
19 185
46 161
10 47
45 103
5 140
19 170
14 85
13 66
46 66
19 37
67 184
38 127
23 80
49 28
42 164
43 190
22 168
68 39
15 143
48 28
45 198
4 74
22 87
66 13
16 120
23 173
49 9
16 82
5 202
40 111
17 131
17 190
59 40
59 7
54 108
68 165
43 177
19 149
61 203
29 109
5 11
4 91
59 156
50 34
52 121
54 160
39 99
56 1
42 49
5 115
17 61
17 91
56 52
33 171
19 21
10 127
51 179
56 204
20 120
41 14
67 204
53 176
26 203
22 200
50 125
17 189
4 19
33 205
54 153
6 77
19 176
7 43
44 181
62 170
67 21
60 87
55 160
29 36
39 71
10 44
26 39
67 174
59 192
25 50
26 125
41 54
52 161
69 152
69 35
66 44
3 152
64 44
28 189
12 25
57 2
41 135
43 9
5 49
38 144
58 175
69 12
7 110
11 100
65 76
20 194
45 171
28 90
19 183
22 159
31 33
55 90
19 127
1 202
53 181
64 173
64 135
32 33
26 63
8 147
48 68
67 182
59 168
29 71
69 16
43 162
36 48
34 197
33 39
1 171
65 189
57 196
22 136
57 24
3 165
51 144
39 123
10 66
34 104
13 16
33 114
25 189
24 150
11 129
11 34
23 10
43 203
24 99
58 137
2 157
38 185
25 35
22 189
63 34
43 2
50 77
53 91
4 75
42 20
36 33
61 8
59 88
31 107
26 12
56 167
39 153
37 147
18 195
61 22
3 138
28 163
65 44
61 49
33 152
20 151
37 142
64 30
32 137
30 198
16 177
2 148
5 43
17 103
61 125
9 104
50 123
13 15
57 5
31 20
43 73
62 87
11 146
29 104
57 15
47 178
50 92
24 102
21 84
13 43
11 19
49 189
22 106
31 100
54 69
11 33
62 173
21 6
32 177
23 36
62 95
33 120
25 199
41 174
36 102
33 81
6 66
54 85
34 64
48 97
20 69
43 90
6 93
66 37
58 26
28 69
55 44
15 7
56 40
34 60
7 12
28 92
63 186
30 178
44 170
22 160
46 75
46 159
61 174
13 190
52 193
11 107
37 63
37 91
55 143
24 101
48 145
40 145
53 206
60 136
5 2
51 134
60 85
6 136
21 13
69 157
16 49
63 116
67 83
36 139
13 156
65 3
38 56
37 8
27 156
66 65
69 146
1 113
28 93
20 201
27 105
53 29
50 7
27 34
44 129
32 92
19 18
46 157
34 99
63 179
50 126
22 74
10 39
35 76
4 193
42 133
53 74
57 115
36 25
54 164
44 132
22 1
65 43
32 70
66 47
22 42
64 184
29 172
40 23
10 70
26 10
20 173
5 51
45 73
59 175
8 115
15 155
64 106
24 35
63 94
64 127
18 118
69 135
38 20
43 44
67 107
13 125
1 55
10 120
27 193
33 201
1 13
55 147
52 79
17 117
46 107
31 168
29 52
32 97
46 104
29 190
62 122
9 116
17 191
15 178
59 123
48 151
30 181
17 165
54 114
2 140
12 65
48 55
37 28
12 20
9 21
38 104
19 152
54 41
2 173
23 183
44 118
3 164
59 148
22 197
9 43
37 180
45 206
27 14
39 159
68 122
27 57
64 145
9 144
66 24
32 69
31 118
56 70
67 63
23 152
26 99
2 132
25 68
38 169
3 178
59 169
56 127
61 148
24 21
13 76
10 89
18 91
65 124
27 63
55 175
42 192
3 88
56 102
5 89
45 74
62 121
23 14
30 132
15 176
18 189
48 41
11 182
53 69
63 147
38 178
55 196
38 60
28 51
13 202
44 73
37 194
66 181
43 189
61 112
2 83
40 42
50 29
33 6
24 167
52 197
16 61
17 151
59 77
42 181
4 88
19 182
17 21
66 59
15 42
58 107
48 147
6 82
50 33
57 179
37 93
68 110
23 171
38 33
48 42
67 90
17 27
18 199
39 15
42 97
65 11
66 114
9 69
25 44
64 1
51 41
5 117
67 25
45 49
41 121
61 130
36 125
22 117
49 104
64 2
21 154
41 200
46 22
60 93
21 141
37 42
24 73
33 116
10 76
5 125
58 76
53 83
32 20
13 195
66 46
12 181
68 30
21 125
24 111
13 128
43 52
66 77
8 127
35 172
53 180
22 157
60 148
13 83
22 68
49 90
51 32
11 74
33 196
4 130
29 206
25 167
16 154
25 146
44 87
46 193
15 45
33 155
23 68
61 163
45 130
60 179
31 50
6 143
52 156
3 104
50 93
43 24
56 105
66 165
43 72
15 151
18 98
11 30
34 181
47 189
8 101
65 131
65 203
9 32
32 136
39 4
21 148
8 144
66 203
57 148
63 122
58 194
67 155
61 132
32 164
1 192
67 88
26 96
66 135
40 28
62 63
50 117
4 57
27 155
15 129
67 17
53 26
17 102
42 157
36 188
34 72
47 182
60 97
1 205
48 139
57 21
61 165
61 69
28 81
17 166
66 180
18 157
63 121
43 131
56 93
36 55
9 137
40 96
39 53
32 188
14 84
28 135
64 197
5 1
42 137
15 9
36 115
15 31
15 1
10 170
10 10
25 132
10 97
3 147
42 5
19 17
64 26
20 140
68 156
26 158
35 107
45 164
13 123
21 118
69 96
68 82
50 102
11 113
26 54
24 192
22 81
24 143
2 203
42 202
44 67
25 58
51 190
49 177
3 26
50 54
32 28
64 63
4 158
45 125
45 17
1 83
15 20
20 167
48 58
10 6
10 33
69 99
12 94
10 146
33 113
63 81
20 51
21 8
44 112
56 203
44 205
3 180
14 187
39 2
41 181
58 105
68 186
39 115
32 163
37 89
49 136
33 41
26 6
7 35
66 21
42 69
35 178
27 148
18 101
29 122
23 153
7 204
22 58
47 206
42 40
30 27
42 35
26 191
27 201
13 147
10 171
53 4
46 102
68 124
22 191
2 93
12 101
29 50
38 165
12 17
54 191
64 146
31 7
54 43
14 69
35 10
26 41
64 122
16 159
64 90
17 51
7 98
47 64
67 33
65 186
1 12
20 105
44 70
62 198
18 68
52 175
22 2
54 89
16 104
43 86
19 134
19 155
68 26
2 103
55 17
54 170
46 117
60 58
15 58
41 1
38 204
8 128
13 119
46 16
18 153
33 91
22 137
18 89
49 59
53 203
2 174
65 176
33 38
38 6
33 63
22 186
48 109
46 149
27 108
62 126
9 34
55 172
10 144
60 9
32 100
17 172
18 20
14 5
51 10
2 66
57 164
68 178
28 109
22 203
30 84
8 58
26 74
59 115
52 80
56 156
24 200
39 21
67 72
26 110
15 106
51 45
29 6
54 161
40 135
27 39
55 106
47 195
8 88
3 91
39 60
47 124
62 74
31 86
61 178
32 110
69 110
23 54
52 43
24 147
13 151
25 185
3 194
29 117
34 94
6 180
38 65
24 69
30 148
65 56
10 59
44 197
34 7
42 198
54 105
14 8
13 167
28 64
12 182
58 168
35 196
7 180
43 195
38 66
51 203
15 149
2 119
13 3
41 93
18 106
50 76
57 198
31 160
67 98
18 117
43 77
22 71
22 183
36 79
60 83
33 141
66 191
22 62
57 61
7 22
14 99
17 15
46 192
40 56
16 8
5 58
13 91
57 36
35 180
42 126
11 174
28 108
2 160
2 109
17 56
7 200
59 157
16 11
30 58
18 90
50 128
58 77
37 165
6 179
69 10
43 198
38 83
29 93
51 206
45 33
31 28
19 49
1 153
2 137
67 39
66 91
43 55
30 81
40 78
52 136
29 169
66 195
69 93
34 59
45 158
63 90
48 24
23 67
33 28
24 34
14 108
37 21
41 15
42 189
47 40
67 125
1 59
47 42
16 137
20 142
13 115
59 117
69 37
48 60
39 193
16 69
43 8
41 60
36 185
40 57
48 172
43 114
59 96
20 81
2 36
22 127
50 78
29 57
22 163
33 183
14 3
32 173
61 115
46 17
33 147
51 172
22 195
52 134
26 83
8 156
44 114
61 137
16 121
51 168
33 93
29 170
27 24
41 87
26 64
3 29
20 149
17 84
26 17
23 76
7 16
66 190
44 21
48 95
25 135
58 31
53 72
28 4
34 185
41 98
4 35
52 67
35 51
40 134
15 61
28 195
32 84
65 88
38 118
54 184
18 75
29 67
59 108
30 32
13 31
61 151
52 104
37 188
68 114
57 141
64 170
6 104
36 15
37 23
30 107
62 21
3 181
34 178
53 22
25 94
5 204
61 78
5 186
26 192
58 155
46 169
31 76
24 173
69 43
45 39
48 17
38 120
67 150
33 186
59 203
19 116
25 118
22 39
49 137
53 101
48 32
19 29
11 160
63 166
25 148
69 62
3 60
59 104
57 154
46 99
64 159
14 77
10 17
55 24
54 49
63 130
10 199
2 179
58 163
57 47
14 21
53 82
1 80
50 137
61 128
19 100
14 118
7 20
59 30
14 139
33 190
69 124
63 153
66 197
39 156
54 16
26 14
14 196
67 187
1 67
30 18
15 112
10 198
53 127
65 31
36 44
18 180
14 192
37 145
32 72
44 36
20 83
23 206
36 88
64 27
36 41
3 1
19 164
58 127
59 197
25 22
55 167
61 166
42 63
68 189
42 77
23 168
53 153
44 192
67 10
49 193
58 130
36 85
58 124
25 192
69 42
69 75
5 110
43 69
30 159
19 147
26 163
29 20
64 119
29 179
28 13
45 182
8 80
18 114
64 133
8 13
18 144
42 65
32 139
69 72
7 31
28 199
13 42
63 72
33 12
61 53
16 70
68 20
14 182
42 62
51 160
27 26
31 181
65 30
17 123
45 161
34 173
12 157
56 59
32 22
56 82
30 141
59 128
2 108
45 51
39 43
43 50
26 202
67 71
32 157
53 43
59 174
6 108
62 184
36 135
30 79
63 133
43 60
24 11
55 206
1 121
54 186
22 34
48 113
16 199
51 99
4 179
44 169
27 154
8 38
56 143
24 169
49 163
55 52
54 189
25 178
62 108
5 88
3 148
40 101
21 130
6 151
5 10
42 15
18 1
9 143
61 76
28 190
64 25
22 69
63 141
9 189
19 39
61 188
48 144
68 162
15 103
5 97
54 72
15 29
68 5
67 152
20 138
69 166
12 128
30 204
24 110
1 31
44 75
51 123
50 4
20 49
60 150
63 185
34 186
58 132
2 8
40 199
35 87
16 183
61 57
42 166
26 186
31 190
34 6
1 89
7 193
55 34
40 106
60 73
21 47
30 24
66 102
18 60
43 205
53 141
4 206
6 6
54 90
46 61
30 51
39 164
61 175
54 5
6 83
18 76
46 198
48 53
24 138
63 63
62 81
11 101
67 13
41 151
13 187
66 124
64 81
49 43
48 71
57 202
17 76
31 122
10 119
2 186
44 130
25 49
62 136
21 164
25 134
44 158
11 195
31 127
15 203
63 31
13 30
46 18
28 194
22 158
58 10
8 39
11 29
32 149
64 73
50 158
55 103
41 182
14 12
20 87
44 182
63 4
60 187
57 58
3 62
1 193
4 31
19 92
40 60
67 102
56 175
63 40
63 123
23 205
26 159
24 68
12 74
48 62
30 143
38 43
2 199
15 152
23 98
11 119
65 178
7 145
46 195
17 114
15 182
41 72
62 58
63 41
36 27
69 57
21 17
60 106
30 49
29 66
16 16
52 23
54 12
35 204
69 66
5 81
50 141
22 11
39 186
41 106
36 19
32 71
9 30
37 133
35 72
38 89
17 25
52 178
63 23
23 157
5 33
50 146
11 31
65 79
51 54
48 141
5 104
60 154
2 187
30 152
61 180
50 197
30 43
33 76
15 142
53 140
3 98
56 85
11 123
31 149
67 156
14 54
68 115
21 163
12 8
51 178
52 132
43 33
8 105
19 140
15 206
9 37
62 50
35 84
26 147
18 14
52 167
9 12
13 44
10 62
47 49
10 5
48 143
57 85
37 139
20 107
19 26
28 57
17 1
31 120
7 62
30 53
64 190
2 95
6 18
22 20
21 48
44 68
12 131
61 95
34 139
33 53
20 116
69 53
19 154
46 93
68 150
48 89
8 200
24 120
42 80
6 11
11 58
47 193
32 144
64 109
30 128
37 200
19 45
44 81
63 105
17 192
60 178
69 94
3 83
65 118
62 109
47 180
45 131
21 26
46 95
18 126
26 181
65 62
64 164
40 110
22 114
19 206
44 56
39 90
29 159
6 75
46 110
23 198
46 123
29 121
56 163
33 66
59 4
12 5
61 106
49 70
38 51
4 173
65 111
2 138
19 130
23 151
9 196
24 116
11 67
10 105
12 16
15 147
14 205
37 111
48 152
33 32
56 68
58 35
55 42
36 122
24 10
19 158
66 148
57 20
59 152
42 169
51 61
57 204
19 35
53 154
21 77
50 109
18 33
63 46
21 60
60 143
11 148
22 27
62 10
19 4
69 180
1 82
51 198
63 136
19 197
53 66
63 142
2 101
20 41
62 151
2 142
58 184
46 100
68 105
27 113
60 174
50 97
33 142
55 170
61 44
62 137
7 47
66 179
23 194
61 89
38 93
32 42
20 161
60 5
11 79
56 188
26 93
42 183
54 147
64 21
68 126
14 96
56 120
51 149
14 20
63 76
7 120
30 87
24 164
23 96
37 66
34 158
26 179
6 21
64 101
66 15
28 124
55 144
52 49
59 36
62 175
54 32
62 38
51 192
22 9
9 47
16 131
26 204
52 45
11 122
28 17
41 160
30 113
15 88
19 56
19 203
67 77
18 145
5 100
57 90
24 24
35 126
28 78
43 43
25 67
10 92
22 110
17 200
16 186
35 57
52 84
38 110
52 163
47 14
53 70
5 122
36 11
29 152
6 80
63 183
34 153
64 98
33 31
64 4
67 94
9 105
60 152
67 104
24 6
43 168
69 132
41 69
58 74
34 76
34 188
61 9
35 174
59 91
69 148
66 5
64 182
53 150
24 124
50 104
3 121
26 86
40 121
9 194
38 107
4 142
53 194
55 201
13 29
50 116
50 113
53 87
26 29
53 11
61 108
32 89
8 171
66 64
40 118
27 3
65 85
34 110
25 198
49 42
45 40
56 34
43 184
55 29
16 62
44 124
7 32
42 86
62 48
11 11
65 197
62 24
37 197
6 91
13 188
37 96
66 189
44 45
27 114
2 195
46 194
66 141
10 27
53 165
52 34
9 16
29 154
38 111
10 125
10 129
3 130
47 186
32 51
19 104
63 43
11 177
9 98
1 196
55 157
36 39
49 45
11 15
69 127
16 15
2 58
27 205
53 197
2 206
39 154
57 31
51 72
55 79
28 1
45 187
63 180
12 125
53 118
43 146
64 141
32 155
36 130
28 132
16 47
65 41
1 25
34 19
43 132
55 183
6 81
38 128
29 149
56 189
15 116
52 170
24 127
26 38
49 201
38 162
52 108
50 52
33 26
56 28
51 166
14 58
44 175
63 39
14 146
31 109
9 28
8 136
19 77
15 28
57 32
7 175
23 100
8 35
34 169
42 99
66 166
28 155
19 190
49 180
25 195
10 64
62 89
65 38
19 160
43 65
16 41
32 108
48 196
31 131
9 155
58 146
8 54
68 187
53 134
38 17
29 203
41 24
54 9
8 36
44 125
50 106
54 87
23 71
51 180
38 138
5 40
52 87
8 169
20 99
41 140
48 183
64 40
16 188
45 16
2 63
41 191
55 192
67 30
13 79
13 18
21 205
69 17
4 4
15 198
45 100
8 100
18 43
30 151
56 162
40 82
17 6
2 122
58 14
25 71
25 144
55 35
50 143
16 2
12 21
51 87
61 100
52 164
6 3
49 101
15 89
10 84
25 92
47 109
67 57
16 91
16 52
67 80
47 48
40 34
61 16
43 71
36 197
12 41
10 35
5 193
30 200
18 4
53 80
28 76
3 107
26 70
67 105
21 153
20 9
7 174
61 74
44 203
12 189
18 152
52 198
66 132
50 194
35 30
52 205
34 26
38 105
55 118
8 63
45 61
6 138
22 173
46 41
15 72
20 135
37 182
62 25
39 163
41 29
10 36
51 59
25 99
9 71
9 172
54 123
56 154
10 115
50 178
52 16
19 41
3 18
8 187
35 135
1 128
29 173
13 22
39 132
31 155
29 41
11 32
6 188
62 134
14 44
9 206
12 175
41 88
55 122
44 30
69 116
37 4
35 153
53 36
46 15
26 109
62 91
13 94
8 33
39 70
8 4
20 91
42 51
22 154
61 127
55 64
69 18
46 82
35 14
23 64
43 46
7 108
7 169
1 28
69 91
29 151
67 55
49 111
44 200
21 67
56 177
38 62
66 182
48 177
17 94
9 120
30 80
32 171
18 111
53 126
42 114
61 121
26 33
23 81
68 169
9 93
25 174
39 89
5 31
2 115
67 69
9 10
36 164
11 167
8 65
50 65
1 15
9 6
51 98
65 91
6 184
16 97
4 5
42 160
47 142
37 132
58 205
41 3
26 120
59 59
62 203
31 206
47 194
44 108
19 114
12 78
13 160
18 130
61 120
57 100
17 31
15 113
41 111
62 106
53 77
33 175
15 192
2 75
4 164
17 175
36 110
14 45
33 99
58 96
22 190
13 75
25 126
56 112
12 161
61 159
27 204
32 86
68 143
60 11
14 52
21 91
63 124
42 145
61 109
38 97
25 166
34 38
11 193
9 14
52 206
15 59
65 95
9 117
22 188
57 88
45 114
13 8
4 156
63 69
9 157
65 168
9 132
16 78
48 202
66 116
19 94
25 197
25 157
46 87
24 109
7 76
61 182
62 36
22 133
17 126
19 31
35 29
4 82
46 162
5 65
23 136
35 105
10 153
39 37
43 167
4 133
54 33
58 203
17 155
52 99
59 181
41 32
8 168
67 192
9 164
37 43
31 67
6 25
18 31
16 194
19 188
47 99
21 35
34 132
50 132
32 127
32 111
39 169
10 186
24 71
29 186
51 6
65 206
64 77
24 199
41 128
51 135
29 164
29 175
7 111
31 134
66 184
19 25
39 171
53 114
41 84
16 54
53 138
5 203
3 76
8 34
9 99
14 40
21 66
1 119
15 40
14 89
46 113
12 1
6 45
47 157
26 194
57 77
55 23
68 63
57 201
38 160
38 30
26 48
12 195
4 77
1 175
7 19
23 169
4 66
66 150
61 146
3 58
36 127
48 52
63 160
49 89
50 70
45 195
29 204
13 32
13 14
58 61
22 151
7 56
61 58
67 14
39 124
49 152
43 32
67 29
26 117
10 61
38 129
50 8
23 159
31 8
68 163
27 130
17 62
58 53
23 201
47 161
3 105
68 173
40 21
14 119
1 174
4 141
69 145
49 170
28 21
8 111
49 64
67 193
39 80
33 192
64 183
8 17
41 61
6 189
12 194
3 125
15 100
64 100
62 149
66 118
33 181
26 141
29 150
26 88
69 167
5 196
16 34
23 46
18 79
23 119
43 130
33 54
67 154
39 62
44 52
42 91
52 186
1 22
17 182
58 179
29 194
17 29
13 199
30 63
14 180
47 198
45 107
29 155
31 179
1 11
33 108
1 1
49 17
15 123
30 126
9 23
20 148
36 132
53 75
40 205
56 166
43 56
67 189
64 57
58 86
23 73
7 18
61 139
20 62
22 32
33 126
18 170
24 3
36 50
42 18
66 43
64 160
32 204
2 110
48 167
38 203
39 112
12 170
47 7
21 58
29 146
36 168
22 115
69 13
22 8
28 14
68 65
29 112
58 171
5 102
21 109
18 73
42 73
60 164
4 46
11 47
61 131
18 119
22 63
2 82
28 152
53 105
25 3
33 97
42 11
43 113
40 79
10 65
63 8
53 31
9 133
67 87
69 182
36 59
27 71
26 178
62 64
37 105
69 173
54 98
68 87
57 26
62 167
55 156
35 102
19 107
63 125
23 105
20 47
62 120
21 151
24 89
55 1
30 67
11 199
33 119
62 143
31 203
28 89
41 143
55 203
69 117
68 137
9 55
35 68
11 165
5 93
64 199
41 64
9 101
64 113
4 145
13 21
31 55
20 196
33 61
53 133
55 77
8 142
64 163
27 124
41 204
46 47
11 154
2 14
45 136
13 77
40 16
7 109
1 122
15 38
56 169
37 13
6 5
54 146
20 30
45 110
59 198
39 157
53 64
68 29
30 64
55 205
68 166
31 37
45 62
32 192
21 33
13 57
3 30
29 23
6 139
28 121
68 45
67 115
44 105
62 117
37 99
31 72
40 176
35 100
46 91
60 203
23 126
52 201
12 119
41 120
9 17
16 138
20 32
31 53
4 127
57 111
44 58
23 190
49 49
19 191
28 178
37 67
21 15
18 39
64 18
47 65
52 10
15 30
64 116
45 168
36 106
66 164
10 68
13 179
61 107
18 23
66 62
18 123
25 40
4 125
58 17
56 103
69 164
48 9
8 57
64 191
4 139
60 10
28 184
55 135
11 62
68 117
21 103
13 104
24 82
42 180
56 142
32 40
68 88
67 97
44 145
63 33
34 172
58 110
11 55
43 155
3 126
21 44
54 180
12 148
29 18
58 100
6 119
9 15
68 121
39 26
25 84
4 176
44 133
20 88
39 41
1 133
18 87
13 124
15 130
53 164
15 167
5 41
24 128
27 192
36 42
58 9
34 5
6 166
52 111
68 139
37 199
57 147
24 17
41 134
6 148
26 80
19 199
63 154
37 78
5 176
64 60
12 45
53 42
64 148
8 9
36 22
69 126
23 86
37 163
24 64
14 56
54 206
28 129
26 139
54 109
38 108
15 48
53 117
32 131
38 67
66 45
3 183
53 137
29 55
22 12
21 179
57 110
1 156
60 37
25 186
66 28
39 48
30 66
44 102
44 51
22 44
56 29
4 204
43 148
49 19
11 192
17 176
63 151
30 194
8 180
55 40
60 128
66 127
22 167
46 183
64 150
65 201
39 72
60 153
63 175
26 151
62 159
60 181
20 77
32 64
31 93
55 83
11 69
44 65
8 176
4 205
14 161
41 119
3 25
18 165
17 58
33 35
31 133
9 175
47 27
55 119
39 87
31 154
23 166
68 205
41 206
11 117
10 187
8 82
64 67
37 2
40 9
63 37
62 113
10 63
41 187
32 21
30 16
20 144
2 161
33 62
41 66
32 44
63 24
29 163
23 79
27 8
29 113
37 130
40 94
27 188
4 195
51 42
26 68
18 15
30 72
45 108
42 50
44 60
68 70
65 184
23 93
61 187
42 196
16 100
46 14
21 12
62 186
42 187
33 104
13 55
51 36
7 83
52 50
20 97
20 18
65 10
69 50
10 154
7 116
43 5
17 120
59 135
15 76
52 113
23 82
2 200
66 67
21 108
12 196
6 69
4 20
2 181
18 69
19 111
40 171
31 83
59 49
16 76
28 154
23 62
69 26
15 77
60 96
65 171
27 186
44 152
16 126
45 147
53 151
62 12
61 194
41 38
55 173
10 193
67 171
31 196
29 44
27 97
1 203
20 204
45 203
61 102
34 128
53 9
12 149
62 154
22 92
52 35
9 135
21 105
4 186
60 13
48 131
30 100
69 118
8 161
44 103
40 136
56 99
54 126
62 11
46 89
46 151
58 186
54 60
30 134
44 79
28 198
4 55
67 54
29 24
13 139
25 95
40 35
61 177
2 37
48 26
48 102
38 130
11 157
21 28
22 109
9 91
14 143
51 188
59 60
30 155
53 78
50 204
66 72
21 127
38 29
39 77
24 154
49 10
31 188
30 182
29 43
66 50
19 27
34 143
3 32
57 40
12 93
58 12
16 98
55 85
32 88
49 58
57 30
51 67
60 169
58 38
1 197
60 45
49 132
60 92
18 36
34 69
64 166
36 113
64 68
58 72
18 41
26 112
57 195
35 99
55 49
29 98
8 46
56 121
25 41
40 6
43 193
57 123
3 77
4 41
68 62
51 125
30 11
49 153
55 91
40 137
51 102
27 123
55 142
68 140
55 123
43 134
31 141
14 127
19 142
50 69
10 175
65 104
49 130
60 28
5 155
44 148
40 181
14 136
53 27
31 48
12 53
32 126
12 100
19 157
10 26
35 88
36 117
66 206
64 23
20 85
35 63
45 2
62 171
37 137
18 30
38 12
43 70
66 173
66 186
44 41
57 18
58 169
64 41
34 100
47 12
56 150
64 6
13 60
45 137
48 160
16 139
41 145
50 163
53 57
14 18
7 192
19 44
45 128
38 109
20 206
48 192
15 94
26 155
43 64
22 86
49 68
16 200
26 23
6 99
37 40
69 160
64 167
32 134
42 206
46 48
28 186
40 186
15 204
32 195
48 16
15 115
39 118
20 40
11 64
13 157
2 26
24 137
22 40
67 58
68 147
27 153
5 200
64 140
51 136
15 57
68 79
31 42
6 37
20 154
64 45
7 10
11 114
56 115
5 3
57 143
51 73
15 132
12 14
40 20
4 7
5 76
32 133
46 35
24 36
23 55
34 32
57 1
52 171
37 101
39 117
69 129
39 195
35 163
2 41
27 66
10 126
6 31
63 158
44 61
2 166
61 18
62 189
22 14
17 162
57 71
48 96
54 205
59 199
55 96
69 80
59 25
19 79
25 65
57 56
21 7
60 23
54 128
31 142
36 36
22 145
68 118
50 31
16 134
33 30
54 122
17 144
39 178
64 52
43 173
26 171
28 45
9 205
7 55
14 169
41 177
7 161
55 176
25 187
22 100
6 54
26 61
19 73
27 64
51 132
24 144
53 155
3 10
56 168
33 73
68 34
44 76
8 151
40 50
24 152
40 30
39 52
26 142
27 91
29 114
21 68
47 57
38 47
17 136
14 135
9 178
42 10
16 111
68 14
19 14
4 84
39 69
34 83
2 84
21 165
11 136
63 73
18 102
14 176
29 4
21 27
63 206
31 91
51 70
31 99
66 185
66 136
5 166
35 157
56 88
68 106
64 53
24 49
68 83
24 158
65 172
40 3
66 69
32 118
49 195
8 10
44 136
46 57
45 65
56 161
6 141
3 157
9 110
52 69
28 31
52 57
30 162
69 125
45 29
20 57
1 132
4 28
33 1
13 23
16 96
22 19
63 111
35 113
48 193
36 91
47 139
67 118
54 67
67 85
50 39
40 179
34 9
63 92
66 153
45 191
33 70
28 54
65 94
2 86
27 119
29 156
22 128
20 188
42 61
64 196
20 4
13 133
9 60
1 48
67 62
9 167
69 97
56 145
7 107
59 13
67 112
45 53
58 64
45 129
41 33
5 153
51 127
24 103
5 29
61 145
37 189
13 203
30 110
37 17
41 17
21 196
60 206
28 35
43 115
66 22
47 103
54 169
46 158
46 29
31 108
20 60
17 36
54 182
46 171
6 159
52 56
64 157
5 133
9 57
52 154
51 193
36 108
16 75
40 73
65 81
40 27
59 29
40 22
50 90
57 97
19 46
19 58
65 27
52 118
27 60
16 173
54 35
5 56
7 127
21 50
46 128
26 32
53 92
45 3
37 206
57 119
42 36
3 49
13 105
60 182
66 25
9 195
30 205
60 201
29 62
68 149
58 43
66 129
45 78
24 104
32 181
23 178
11 45
53 86
38 168
2 65
48 30
38 13
12 91
13 172
11 28
17 73
52 82
21 147
12 10
68 23
67 160
14 74
7 173
63 14
20 156
11 43
49 166
35 86
21 110
5 52
23 66
54 127
41 201
55 19
45 41
29 40
5 79
25 5
21 184
50 85
33 51
30 187
52 32
59 67
39 93
6 135
6 43
65 92
22 5
38 91
20 23
59 11
14 141
45 7
12 172
69 161
3 36
27 125
50 175
43 197
27 27
17 22
38 167
45 190
19 89
20 199
1 116
61 110
11 180
59 38
66 159
20 52
5 147
4 36
35 44
8 125
66 19
24 74
29 178
32 2
66 30
40 109
7 44
36 137
11 115
4 201
37 53
27 183
3 108
5 19
23 53
59 154
7 178
67 138
22 141
38 76
52 146
69 45
57 101
5 7
66 33
43 202
1 167
53 160
9 156
56 91
23 11
7 139
32 148
64 131
27 110
33 40
38 69
27 174
67 82
29 130
63 203
20 59
46 6
69 114
4 101
1 157
35 117
6 200
55 11
24 16
47 134
48 186
21 32
47 184
47 121
69 179
64 3
30 196
55 115
2 64
3 38
41 47
59 146
16 63
47 163
5 63
51 71
1 60
30 130
15 117
49 190
66 56
48 77
65 19
21 23
68 96
18 95
54 19
17 142
64 139
9 176
40 188
26 196
67 163
24 37
41 109
5 160
68 161
52 120
38 103
50 151
25 205
5 83
23 172
66 122
38 79
3 110
66 23
42 204
17 5
54 131
27 16
53 28
58 190
44 35
8 164
32 52
18 85
28 91
30 54
12 145
58 141
7 170
22 59
69 89
9 140
13 69
9 190
50 119
49 112
56 24
61 61
51 189
9 162
16 87
45 98
55 5
27 23
54 167
66 131
55 185
28 23
43 19
27 152
23 197
40 52
59 94
59 145
17 198
46 173
16 7
20 119
6 92
31 45
31 152
4 167
34 56
54 6
39 25
52 40
54 192
67 139
69 34
38 27
6 173
26 31
55 98
69 153
54 94
58 93
63 47
60 99
61 23
44 119
10 30
28 170
64 136
9 46
2 4
68 176
18 77
16 32
52 142
51 78
39 34
9 39
61 147
19 180
11 89
42 162
2 29
51 120
2 85
44 85
68 35
1 3
37 85
67 43
42 159
21 160
3 156
9 63
56 125
8 77
48 39
65 9
44 159
10 121
18 169
12 193
1 129
53 204
1 70
67 31
19 78
11 150
21 43
28 187
46 154
17 148
4 147
21 131
37 12
56 8
47 19
27 145
12 122
66 3
31 157
7 69
1 21
51 103
59 139
30 142
50 18
16 189
34 43
56 39
15 172
66 196
28 25
25 64
21 81
2 121
43 10
27 202
4 67
50 196
60 138
18 5
48 104
33 135
6 9
56 74
14 14
27 184
4 37
44 93
57 178
32 11
37 173
65 18
51 96
33 85
39 55
31 32
22 83
39 49
55 66
29 158
9 153
43 84
5 17
8 50
12 2
46 200
7 90
48 107
58 18
47 54
43 107
34 21
30 158
48 204
16 6
13 201
31 164
13 137
19 205
53 149
27 178
25 161
6 102
7 11
8 129
34 151
64 103
59 74
46 30
12 35
27 100
20 70
62 88
12 108
38 161
23 16
4 70
13 28
26 129
58 112
9 160
50 198
18 78
42 30
9 31
13 12
37 148
65 89
3 44
9 113
6 185
48 83
61 154
13 13
20 6
67 203
49 40
56 42
42 163
55 101
38 174
27 149
65 157
30 108
9 179
5 44
65 5
42 68
45 153
58 116
20 182
8 68
8 133
3 43
28 101
51 26
24 129
36 133
35 82
37 64
53 25
60 115
30 101
6 17
17 57
19 87
58 147
62 179
24 31
53 175
42 42
47 92
23 63
62 94
35 9
32 183
22 102
2 25
59 177
21 46
68 59
37 121
12 126
35 139
13 168
58 166
45 77
20 71
54 62
4 58
22 57
9 33
21 135
18 70
34 101
52 200
55 56
51 195
55 141
12 104
55 137
50 179
51 111
66 58
12 109
29 49
50 53
51 50
53 178
40 204
37 159
38 154
10 140
65 21
8 24
7 130
21 203
56 67
35 131
14 93
6 58
68 197
61 122
33 134
45 117
37 171
12 113
11 142
23 180
41 158
35 80
29 187
22 182
63 30
38 7
68 127
34 126
2 162
31 9
3 12
65 98
55 80
36 54
64 31
51 182
8 52
31 16
3 99
18 97
34 175
43 104
58 196
65 161
16 118
67 65
27 151
49 167
13 56
21 143
23 88
9 203
50 100
10 77
22 10
39 160
35 123
35 4
63 115
13 54
24 123
8 91
49 39
65 64
17 101
11 184
43 188
14 83
43 145
34 187
47 188
56 72
21 140
7 135
29 182
68 204
27 73
24 88
7 68
11 188
9 145
2 147
25 105
62 19
3 55
47 47
19 76
8 167
10 22
38 119
11 56
36 52
31 175
48 148
26 2
61 171
62 98
24 97
62 129
31 87
28 128
10 174
27 77
37 162
38 190
37 149
64 33
43 144
30 41
12 198
5 199
37 46
58 56
20 72
40 180
15 201
17 196
51 137
12 190
56 111
54 171
61 71
61 28
45 172
29 105
52 25
49 142
41 7
61 54
54 96
21 14
54 80
26 78
31 161
43 26
56 6
65 181
52 204
58 119
43 164
56 16
45 66
44 100
25 72
4 52
6 20
6 8
11 59
36 121
20 34
57 138
43 85
24 18
42 131
14 49
14 126
65 29
1 75
67 92
60 162
65 4
5 61
9 8
65 125
14 202
27 67
59 98
39 82
46 19
10 191
40 138
27 54
62 139
44 155
13 173
25 54
20 125
57 118
40 187
27 56
47 56
67 206
38 124
3 197
21 70
56 191
12 83
63 28
47 23
2 43
65 84
54 113
19 193
39 182
41 178
38 81
54 86
40 64
5 131
8 40
2 116
64 58
30 157
26 92
65 53
31 90
31 96
8 152
14 25
42 135
3 9
33 36
59 9
60 165
23 34
48 165
59 138
23 21
3 90
25 63
47 187
22 123
35 111
68 38
14 125
13 186
2 151
54 202
66 42
19 102
48 66
69 85
13 148
22 198
8 6
48 84
52 187
39 110
42 118
12 180
19 151
7 187
1 138
59 121
67 133
3 160
19 178
11 153
4 2
36 12
2 178
51 83
36 146
27 112
66 54
9 24
12 205
5 128
15 11
14 71
42 151
69 133
28 113
3 51
51 185
30 118
45 188
12 26
1 72
10 69
42 122
16 79
10 12
59 170
49 63
19 88
54 25
5 15
32 12
36 141
21 188
67 116
2 7
6 149
50 62
25 194
65 193
7 14
32 56
40 130
19 194
38 31
14 28
56 49
11 112
13 99
3 115
43 206
19 165
6 167
19 105
41 34
51 91
4 56
34 31
54 177
39 79
28 158
20 5
5 201
55 28
31 192
28 115
18 62
16 35
45 90
40 108
57 103
11 158
17 201
4 3
17 44
35 142
1 20
28 112
57 139
54 135
47 94
21 124
56 109
46 59
39 145
23 181
44 9
7 172
23 187
16 50
23 163
69 143
20 28
21 3
57 42
67 70
26 34
24 52
55 72
26 58
61 47
61 63
65 126
3 106
34 114
51 177
41 116
51 205
52 158
34 155
1 120
16 48
5 174
64 64
69 3
4 63
55 50
38 141
20 134
38 101
18 177
48 153
30 103
29 165
11 132
51 66
61 56
10 55
16 150
19 132
48 206
3 192
6 101
27 22
35 115
34 149
68 13
24 108
35 146
62 16
48 21
31 198
16 29
64 105
58 185
38 195
60 192
13 24
13 140
58 34
25 154
23 142
65 202
22 79
53 169
38 132
57 81
43 171
14 199
38 200
16 93
24 122
5 144
37 196
27 142
40 24
8 70
67 151
57 190
48 140
60 34
49 187
16 14
16 142
59 200
36 126
31 174
33 94
48 37
52 107
8 137
58 98
26 131
38 149
50 193
41 5
17 79
46 10
36 167
31 98
19 2
43 12
22 192
15 73
15 13
5 137
29 88
30 189
24 85
42 161
3 101
25 181
49 110
63 75
33 105
17 124
5 158
36 9
26 103
25 15
2 88
63 36
12 28
51 112
24 81
21 51
60 70
33 112
49 121
54 8
30 190
12 165
6 127
15 108
8 184
22 77
65 1
12 68
22 76
13 49
25 101
51 162
51 159
55 199
13 142
17 125
35 168
46 153
36 145
29 195
2 16
27 96
68 135
32 190
3 170
7 134
21 99
37 33
22 166
49 38
13 181
37 44
2 146
10 1
41 161
28 133
23 195
18 200
36 136
63 80
25 156
17 53
11 172
36 182
48 90
59 149
26 73
1 189
41 71
21 59
15 195
25 141
4 162
41 180
68 11
28 18
62 32
23 184
49 150
49 93
35 201
50 6
18 59
29 30
27 126
24 203
28 183
46 122
48 99
66 120
19 10
46 88
35 197
65 142
34 44
63 66
64 128
3 57
65 28
20 159
38 126
51 169
37 30
13 204
47 201
35 205
67 1
11 71
49 156
32 167
9 154
26 164
45 111
34 116
23 58
29 85
65 57
29 38
30 164
42 134
47 50
34 4
50 205
23 7
34 168
6 52
39 189
43 129
1 108
27 189
52 46
19 96
36 7
5 30
18 29
51 184
45 118
14 145
60 74
47 191
55 132
58 201
40 123
25 190
45 181
15 49
58 95
15 190
48 10
25 201
18 7
17 42
9 129
48 20
56 201
41 163
57 16
31 4
46 108
62 92
35 112
8 90
57 83
27 79
11 52
57 152
62 55
14 32
12 85
40 38
44 25
67 124
23 192
1 106
50 42
35 71
62 15
50 13
21 167
47 174
37 94
44 179
66 14
26 149
62 138
11 85
18 160
10 23
25 104
68 78
64 202
8 28
24 92
41 20
30 156
54 144
59 167
28 59
66 130
18 122
33 203
48 112
33 57
47 111
59 144
58 198
51 38
64 162
49 124
33 82
57 157
34 189
34 177
5 178
18 13
51 86
54 194
45 38
44 72
56 135
54 31
40 195
12 89
55 14
1 206
11 201
24 1
11 197
16 74
51 95
67 164
2 170
69 138
36 100
1 23
60 82
60 54
4 59
51 154
51 191
17 109
58 94
5 13
69 47
39 102
43 35
44 131
35 190
66 137
55 59
58 6
12 84
51 18
34 125
52 37
7 102
10 78
10 108
1 36
52 72
23 133
31 132
36 154
28 114
48 88
22 121
48 142
12 162
2 54
64 49
21 134
42 24
36 26
47 167
58 125
57 23
50 169
2 53
61 197
59 47
37 118
40 32
43 28
18 45
10 194
26 43
46 98
8 22
14 101
35 185
26 53
29 7
12 188
45 200
11 16
6 145
38 155
69 20
26 195
16 135
24 142
61 2
15 12
29 147
7 177
3 97
63 108
30 206
20 35
10 190
38 88
28 56
47 67
5 6
6 112
29 118
34 87
18 81
7 63
56 170
44 206
31 49
32 120
6 205
29 96
3 4
22 23
34 95
53 139
5 161
20 174
48 81
52 190
27 191
59 72
6 23
10 145
8 112
36 119
3 78
60 157
45 154
26 116
65 166
11 186
7 64
25 74
43 136
53 177
61 186
56 47
37 58
54 120
49 80
14 95
55 62
59 42
65 167
31 74
46 105
7 183
63 148
41 75
40 198
53 18
53 121
66 29
28 147
32 178
35 67
25 11
40 72
22 172
39 30
35 141
53 142
10 90
30 4
25 122
9 149
30 1
7 153
54 13
40 67
68 155
54 17
32 147
19 98
64 171
7 97
5 80
56 19
24 188
11 200
23 84
44 143
56 22
21 170
52 115
24 184
4 132
8 145
69 181
63 202
61 104
42 90
41 148
69 36
6 194
15 90
14 17
11 26
47 168
49 185
40 117
30 47
29 68
11 162
43 98
33 182
7 167
41 108
1 187
68 99
50 133
42 75
51 156
53 24
51 129
10 75
46 146
38 142
54 132
29 78
48 188
47 24
29 192
24 121
23 24
21 117
41 16
51 94
19 81
10 167
47 169
61 205
43 57
42 14
5 4
26 143
39 27
34 131
22 179
26 105
57 129
44 84
65 135
4 93
12 7
68 196
4 149
29 70
39 78
53 44
32 62
44 99
28 201
44 138
31 111
62 169
42 113
48 118
64 185
45 45
14 109
41 197
66 170
32 13
1 117
9 200
60 32
46 132
63 101
48 166
11 94
17 24
51 106
3 120
20 133
54 134
9 45
15 96
52 199
20 111
32 61
16 27
51 147
18 192
47 153
58 29
13 145
58 115
31 166
63 163
2 32
48 136
11 41
38 38
28 48
68 92
66 138
10 107
64 70
43 128
5 68
54 11
13 196
9 73
29 90
11 40
59 153
6 181
63 21
14 163
42 46
27 101
38 87
28 32
36 114
15 131
17 145
57 8
23 130
11 194
36 24
23 2
9 188
57 117
29 153
60 118
11 87
17 69
49 128
10 21
19 7
56 61
14 147
23 200
16 25
60 27
35 97
44 195
37 183
60 59
1 148
58 78
17 63
58 73
29 3
9 95
41 199
8 194
49 184
66 27
1 84
55 180
18 134
46 109
15 87
52 59
18 82
54 129
23 160
6 204
55 81
53 37
46 190
53 195
65 20
12 38
43 1
56 164
10 130
68 6
63 137
57 4
39 98
18 51
40 202
54 54
17 143
57 3
37 129
61 94
30 163
10 71
47 35
45 205
67 117
54 21
52 11
24 70
51 5
50 145
1 40
18 21
36 58
22 37
28 39
5 177
23 87
41 39
4 122
21 190
8 19
64 126
17 113
45 82
54 1
11 116
30 150
43 23
22 45
23 61
49 176
27 200
19 75
46 143
59 73
62 204
21 34
49 159
64 198
20 66
33 130
42 17
20 89
56 30
13 166
17 4
44 92
1 142
49 55
46 186
40 75
57 136
2 92
18 124
58 135
45 81
68 71
37 155
51 81
65 182
47 155
3 146
12 152
29 167
45 97
52 2
62 158
62 102
41 184
57 34
27 127
47 96
64 84
3 124
21 39
43 82
28 6
36 199
40 91
68 185
15 161
59 111
29 157
44 39
67 180
20 78
26 65
48 123
26 132
59 34
32 15
18 178
57 133
34 54
54 93
6 71
46 155
43 158
40 114
32 170
4 181
59 85
25 37
37 56
45 120
22 142
38 32
5 154
55 3
3 109
58 129
21 92
43 27
1 74
46 7
35 143
5 181
65 170
46 150
35 189
6 88
37 195
42 193
28 2
29 168
29 56
63 189
59 27
48 121
61 123
4 100
29 198
41 40
44 27
22 50
39 136
37 65
34 146
56 198
34 97
6 158
28 150
58 68
26 119
35 52
61 86
36 73
61 92
52 195
68 112
18 88
8 110
6 61
18 32
16 64
59 204
53 125
37 144
33 43
20 162
67 60
12 153
57 155
31 199
53 120
17 104
23 6
7 73
9 184
12 97
46 121
45 134
69 176
3 28
55 53
53 56
33 80
21 142
52 180
32 113
13 103
59 23
31 151
44 48
48 80
36 103
26 198
2 163
69 120
9 85
35 69
39 202
61 81
28 22
35 21
44 64
6 78
64 142
6 86
33 9
36 94
17 168
68 201
35 124
5 82
15 141
40 48
51 1
29 9
8 143
58 42
36 30
47 16
25 86
29 17
22 196
24 8
67 64
13 9
43 142
5 60
62 199
24 44
44 166
43 53
38 28
38 188
50 114
10 11
43 135
46 73
10 110
55 61
32 67
47 36
36 35
60 51
3 117
52 169
12 63
13 161
38 151
14 159
49 131
3 132
62 110
16 198
58 121
65 77
50 84
20 170
48 134
6 33
16 10
18 37
32 25
25 120
37 107
59 76
28 125
53 23
50 48
3 68
37 193
63 42
28 148
38 14
12 95
14 123
1 114
51 196
34 11
34 40
8 67
19 1
19 83
8 60
35 128
31 125
51 128
40 175
42 94
5 47
38 98
58 60
39 190
38 2
29 193
35 61
45 30
42 59
15 64
54 99
13 150
34 12
10 192
53 147
36 140
58 83
8 193
3 19
20 102
33 74
6 134
46 120
52 160
1 19
28 143
21 137
40 159
32 47
7 80
22 149
26 153
51 63
43 160
32 193
28 19
24 57
49 61
69 2
22 161
63 205
43 138
7 158
20 177
17 137
47 6
18 9
44 16
31 17
54 63
25 70
38 202
6 109
62 183
68 48
29 47
17 183
14 179
66 156
16 46
32 205
57 49
63 162
24 66
41 133
25 177
59 189
13 108
52 70
50 60
35 13
69 27
52 15
32 112
49 54
64 124
50 121
20 27
47 55
25 102
24 62
11 88
24 206
6 172
60 84
20 110
19 201
7 147
19 163
41 107
18 72
29 15
55 136
60 53
62 191
19 138
53 100
44 74
52 96
4 79
43 15
8 150
19 47
67 197
61 15
21 145
6 130
60 172
67 110
6 44
63 98
14 63
20 168
22 140
45 186
36 128
9 64
56 20
66 12
59 93
8 146
19 122
8 197
50 180
28 159
16 125
56 147
39 92
38 15
18 57
36 37
19 90
2 128
18 66
47 115
35 5
30 97
39 38
62 147
17 37
11 178
43 83
29 37
60 7
12 12
42 100
30 70
6 197
18 67
8 181
45 180
54 157
10 72
27 47
59 201
29 45
64 16
39 201
54 84
66 71
10 158
11 138
65 102
45 151
39 6
34 2
69 142
36 65
52 20
1 35
51 197
21 175
10 204
24 29
62 125
38 140
4 157
13 136
47 165
4 200
23 132
40 17
22 38
41 77
27 85
45 9
7 149
7 93
16 112
58 131
17 179
23 8
39 134
51 77
47 123
7 112
27 65
55 95
26 150
53 102
2 129
39 130
64 55
16 185
46 76
49 206
20 115
12 117
40 201
60 177
13 111
63 168
9 4
41 57
6 72
25 55
46 148
15 134
53 115
5 70
33 72
13 61
5 78
68 56
19 171
17 12
53 68
9 19
66 193
38 72
64 112
40 80
2 205
62 65
44 176
16 202
13 27
62 200
49 126
31 89
14 178
6 153
58 164
10 9
68 108
47 129
43 137
37 83
23 147
42 117
11 44
12 75
47 154
69 22
7 171
34 13
10 46
51 68
18 28
16 155
31 6
46 5
8 139
52 97
37 110
8 158
7 38
67 49
10 8
40 90
53 202
7 15
36 75
60 69
17 164
22 162
59 206
50 14
63 177
12 23
24 107
52 122
55 39
13 146
54 110
54 55
13 88
58 22
64 129
24 54
30 9
1 95
48 103
33 101
49 143
25 140
26 59
3 193
11 155
30 13
52 192
44 91
44 180
35 169
69 58
21 122
62 72
32 161
21 116
45 165
55 71
30 153
27 29
22 21
11 66
9 193
64 187
6 73
62 46
19 108
40 122
44 110
50 51
23 42
64 5
17 135
36 120
24 159
26 81
32 85
44 116
10 32
22 148
7 181
67 32
29 143
35 28
25 36
9 166
67 158
4 51
9 53
66 177
58 8
25 121
24 9
25 48
3 119
45 67
44 146
39 66
8 75
1 41
68 93
31 61
38 184
59 100
62 140
36 99
25 13
65 130
49 115
25 18
47 13
39 158
69 183
30 15
40 132
24 180
46 3
51 171
50 156
5 150
23 39
24 45
38 133
56 54
50 138
48 56
54 155
53 103
56 149
34 35
34 80
36 198
5 55
67 47
48 27
30 195
17 59
35 42
65 58
18 155
56 33
68 72
64 87
26 25
65 86
16 191
23 94
1 123
37 69
64 180
61 176
27 180
42 44
40 103
40 154
4 104
59 55
16 172
39 120
11 144
68 40
31 54
44 59
49 73
18 174
64 138
68 4
45 189
2 144
61 103
39 31
29 162
55 169
16 42
66 96
68 134
17 7
32 116
26 36
41 37
65 100
44 29
60 60
11 125
41 12
41 202
26 42
20 13
32 101
45 179
12 44
22 206
14 144
53 109
39 39
59 99
26 177
61 191
55 104
31 69
56 151
68 119
62 142
5 50
21 87
65 133
20 98
51 33
10 102
25 127
56 89
4 117
25 204
59 61
8 132
55 84
5 75
48 31
3 17
63 119
4 169
35 166
13 180
60 140
53 59
14 112
30 59
35 122
15 150
51 201
24 59
9 127
1 164
68 9
69 104
25 85
11 60
25 191
54 70
48 149
24 32
38 181
8 189
23 125
64 143
30 139
59 6
44 101
28 95
33 47
34 84
46 71
34 192
62 172
40 53
49 35
47 197
11 104
36 53
61 155
41 6
63 56
1 140
50 192
28 146
24 156
19 128
32 115
9 61
30 174
52 8
31 189
5 18
39 83
51 121
52 12
21 194
9 121
12 96
12 183
47 39
38 53
55 194
12 120
25 21
68 130
31 52
43 17
16 165
35 165
68 57
14 55
67 196
9 148
57 188
63 60
25 113
18 201
69 184
36 180
15 15
14 177
62 37
61 138
50 191
6 40
68 85
65 61
68 7
21 172
24 22
24 163
47 69
53 88
44 137
23 29
40 93
28 191
27 136
64 37
55 37
67 12
26 121
51 69
36 129
53 8
51 76
40 100
28 107
66 85
63 135
60 110
32 197
9 70
10 81
60 36
64 153
41 194
43 81
54 53
27 203
23 158
50 37
38 156
47 30
61 184
28 157
56 69
5 184
32 121
10 136
27 168
21 95
61 51
35 48
20 20
62 20
2 33
42 109
3 22
32 83
35 195
54 56
62 61
16 95
47 146
58 173
31 117
46 34
50 73
67 8
14 91
10 73
64 22
33 98
15 4
39 139
26 47
2 113
33 96
16 205
4 143
15 74
63 193
46 2
2 117
5 85
32 184
62 60
3 41
3 85
21 86
43 30
58 21
4 126
41 139
39 10
34 166
35 95
21 171
12 166
1 66
48 174
18 183
7 36
6 103
62 79
21 54
35 127
47 160
48 200
47 152
9 141
31 137
56 113
24 39
5 8
17 171
14 61
40 59
43 38
24 205
63 62
12 136
19 159
27 141
52 48
33 136
22 25
43 16
62 133
22 105
62 164
9 11
7 57
66 152
52 119
58 33
66 142
30 19
18 128
14 113
42 141
33 138
26 50
21 186
16 110
31 41
32 124
22 113
10 24
6 201
35 36
58 51
65 195
38 40
62 23
10 118
12 123
65 187
52 130
21 21
25 39
2 38
17 188
4 153
18 6
21 204
63 195
18 164
21 198
51 55
59 43
51 3
61 45
24 58
21 162
69 108
6 121
14 36
65 71
30 179
19 11
20 63
1 47
69 92
37 55
3 133
1 71
50 120
4 118
57 106
16 102
13 72
2 70
12 76
61 32
44 2
30 201
26 140
40 151
66 107
14 19
2 45
43 4
1 166
35 162
21 82
60 130
11 130
56 55
21 4
65 162
37 52
18 203
16 127
39 204
36 87
10 137
53 185
49 26
17 141
64 14
5 16
42 92
59 141
28 164
17 156
56 75
10 172
2 194
34 136
61 67
36 147
59 132
44 204
54 104
61 24
64 151
42 102
9 192
60 95
54 15
49 6
53 182
44 71
32 189
11 196
33 164
58 85
18 184
44 186
25 79
69 44
54 37
6 111
11 191
55 178
35 73
11 204
2 167
36 201
20 172
9 187
17 11
12 141
9 90
10 181
62 101
10 3
50 115
65 54
12 52
56 134
20 103
50 182
9 81
16 133
11 102
63 67
4 163
57 182
48 5
30 183
50 107
37 51
17 149
33 163
46 201
52 162
59 114
14 82
58 27
47 46
58 161
54 23
14 162
53 47
64 120
32 109
7 101
45 15
42 76
65 7
27 17
11 90
13 65
65 72
57 187
40 164
62 86
26 27
24 106
38 3
47 37
64 107
29 83
21 104
32 107
13 37
46 133
49 76
45 170
54 92
3 45
5 73
67 41
61 85
67 2
14 70
1 136
41 112
42 21
61 50
37 80
56 78
2 35
16 22
64 50
66 202
13 159
18 49
67 6
26 185
22 116
57 122
18 86
19 139
57 98
30 169
6 203
65 108
46 176
56 97
66 61
26 100
10 37
25 142
23 26
41 190
9 102
33 145
15 156
42 106
57 185
29 54
2 13
50 203
52 147
63 127
8 2
14 164
50 80
45 148
9 25
68 33
11 135
3 129
21 69
34 108
22 51
31 77
17 72
43 101
45 18
22 17
10 157
42 56
37 71
34 179
12 99
61 153
28 55
53 85
15 189
66 41
40 152
41 27
49 203
59 142
11 126
14 59
18 185
32 130
40 2
35 8
28 28
42 2
18 197
10 147
66 200
49 145
58 37
4 65
31 13
23 43
48 126
33 158
43 34
48 198
15 71
1 194
23 156
20 185
41 89
27 161
54 190
42 87
4 177
48 67
14 201
66 70
60 72
3 188
64 59
27 194
32 26
9 96
49 67
22 47
55 102
61 185
24 185
43 109
12 40
32 91
34 93
41 186
63 187
21 155
39 13
34 129
58 170
34 82
42 7
10 15
64 11
69 14
5 198
32 103
59 10
27 195
2 62
49 168
36 98
65 114
19 167
28 66
1 162
8 163
11 156
56 116
58 71
16 1
39 125
48 176
68 101
43 111
35 193
41 11
58 106
22 120
33 45
13 89
49 51
15 60
1 105
34 167
20 109
1 65
60 18
2 77
51 174
23 95
59 31
33 122
64 47
33 88
27 169
53 12
34 162
17 16
17 52
49 15
43 63
57 14
58 23
46 180
67 78
10 159
7 125
55 168
46 126
10 40
55 65
32 19
49 72
15 180
23 41
15 205
11 145
31 126
57 108
13 109
37 175
8 203
41 25
69 155
38 10
21 101
18 108
12 32
64 152
6 68
3 40
4 9
44 189
18 94
21 156
33 64
29 188
38 159
60 21
43 108
59 95
15 202
13 62
26 35
33 106
12 206
12 111
23 107
56 106
54 40
31 85
37 19
55 22
50 160
54 76
24 161
51 31
44 12
7 3
36 195
47 156
11 10
14 191
23 57
52 91
60 46
58 108
45 194
48 157
17 77
66 143
35 19
64 102
46 163
25 162
4 30
30 89
40 11
38 37
7 28
51 44
53 67
11 99
54 196
59 39
9 20
18 71
2 39
59 187
13 198
30 112
21 9
37 143
21 128
19 198
30 114
28 24
44 3
60 71
48 65
26 46
9 186
28 98
39 206
68 84
30 184
34 134
23 116
68 202
66 163
59 18
19 141
29 25
37 192
38 39
58 70
10 201
26 67
19 117
12 90
48 182
7 42
4 183
54 136
3 149
23 75
31 135
33 24
65 156
3 31
26 154
67 201
63 164
35 38
66 4
27 99
11 190
11 96
39 149
56 4
19 80
46 43
29 191
35 125
67 176
25 196
36 171
34 112
54 46
35 3
47 90
30 173
51 117
29 108
22 56
49 127
66 109
47 58
61 4
22 201
57 192
68 50
25 109
14 104
25 200
46 165
49 92
4 21
68 125
5 84
20 8
20 205
58 193
9 198
25 89
16 18
2 56
56 104
30 35
19 68
53 73
49 29
54 118
32 106
1 169
23 150
5 152
10 202
60 20
57 91
12 69
2 184
4 109
6 87
58 145
16 168
24 55
59 164
67 7
6 164
16 68
53 110
15 51
50 181
37 87
37 74
69 175
52 27
34 16
42 188
33 166
39 137
2 107
19 119
22 202
59 63
20 202
64 12
35 152
60 78
24 7
40 105
67 162
18 182
12 147
48 138
9 171
55 46
10 57
33 71
59 48
56 197
2 5
50 173
41 41
38 95
45 126
3 185
63 29
60 81
40 86
20 169
56 86
1 150
63 143
19 161
12 134
22 82
66 32
11 37
59 136
29 201
28 119
61 34
63 59
62 54
14 11
27 52
1 103
22 178
36 95
11 110
57 120
35 132
17 87
17 67
30 2
33 167
58 202
6 13
8 130
21 38
5 126
41 56
31 121
56 44
5 112
50 168
5 86
5 148
9 111
6 176
38 150
40 197
32 186
7 152
3 92
34 28
7 13
55 197
58 20
63 140
29 101
15 107
54 14
17 173
2 48
31 51
52 92
29 183
51 7
42 54
46 134
66 84
32 123
28 100
21 107
57 19
36 179
55 126
60 22
46 182
42 110
47 68
21 173
38 50
38 64
16 145
41 101
46 199
33 5
6 89
49 21
41 169
28 40
44 38
53 119
62 176
2 111
54 18
27 93
42 93
59 202
30 180
66 133
40 131
56 63
22 126
46 51
39 173
64 108
58 59
21 136
9 168
20 21
42 98
11 93
56 171
31 60
28 156
42 107
43 151
42 176
13 184
34 109
44 6
8 121
23 23
53 54
36 118
67 24
23 118
61 1
28 84
63 110
67 16
38 139
45 116
49 98
66 151
68 61
31 115
11 105
67 188
52 182
2 46
14 165
20 129
61 193
54 22
60 166
62 47
38 152
58 79
52 165
1 6
4 60
67 159
38 78
63 192
13 47
1 77
30 177
64 75
48 78
30 21
46 189
36 1
57 125
37 170
50 95
14 168
52 152
27 19
31 63
23 127
32 36
41 96
43 149
12 154
46 164
53 58
61 179
1 33
36 45
11 206
24 100
8 155
19 52
15 138
16 56
63 53
38 131
38 198
27 21
2 196
22 88
28 179
6 19
67 173
7 74
2 68
37 70
9 174
57 65
4 94
35 130
46 197
41 42
59 116
59 2
26 183
53 19
33 178
1 45
33 123
55 189
60 109
56 36
41 78
24 136
15 17
60 2
11 57
36 6
44 40
10 4
28 188
6 161
47 60
33 174
29 110
27 117
13 178
33 143
57 146
56 140
49 4
50 170
12 92
23 174
20 3
45 79
2 153
32 38
40 33
33 191
13 176
52 73
28 99
52 168
16 26
1 49
7 92
33 34
47 158
59 69
33 18
47 106
46 119
62 31
16 149
21 191
57 134
17 108
16 124
49 191
5 74
57 66
50 22
59 159
8 84
12 116
67 48
15 26
45 192
42 197
69 63
65 145
15 82
37 62
66 106
52 98
11 18
63 20
9 77
57 183
22 90
10 151
43 157
23 193
43 161
58 156
32 159
54 51
65 109
16 157
14 79
21 195
55 130
51 176
12 169
36 163
68 154
51 107
20 95
56 80
55 78
11 7
13 19
48 7
64 156
24 193
60 43
30 78
67 9
14 80
2 90
34 86
25 124
41 28
29 97
49 96
12 77
10 48
52 109
6 202
62 150
67 122
47 171
49 105
26 184
10 128
42 125
37 125
68 86
14 124
67 191
22 26
56 205
44 86
19 32
27 88
23 92
47 128
19 3
60 104
11 120
7 150
53 63
46 81
17 111
19 70
11 6
31 59
42 129
51 24
65 36
8 27
50 144
58 66
63 201
32 4
15 185
10 50
34 85
56 146
63 120
50 166
62 131
42 142
4 115
19 55
37 98
25 26
55 182
50 46
22 95
35 65
54 139
7 160
11 2
45 204
9 115
15 196
16 84
67 179
8 196
45 109
5 136
6 26
50 130
20 11
21 36
6 34
12 176
47 72
27 185
66 201
10 179
25 139
9 56
61 79
57 44
36 46
24 5
65 24
28 171
35 89
55 165
60 175
57 59
17 130
54 175
49 37
39 162
45 88
29 180
52 63
34 135
40 74
7 6
61 199
18 99
15 125
53 95
12 58
46 72
69 81
4 129
16 153
59 179
67 96
21 121
8 173
47 149
29 200
39 59
26 193
38 148
25 6
58 181
13 1
34 77
28 102
15 110
4 17
17 46
65 106
13 183
3 39
38 9
5 24
28 20
2 69
32 122
40 125
38 163
51 145
58 139
28 74
67 68
41 99
67 167
34 120
61 141
33 185
23 59
43 79
16 90
55 148
49 178
16 21
46 144
22 91
16 113
34 123
46 185
11 75
8 3
29 5
53 152
42 85
19 57
1 9
12 19
31 176
65 129
20 55
7 5
34 68
65 177
50 108
54 179
48 106
20 64
14 10
54 29
9 126
37 49
60 16
68 66
26 123
5 168
8 141
33 92
34 183
69 30
60 121
20 187
40 200
31 186
65 146
7 27
57 73
55 146
51 49
4 18
12 142
67 136
38 147
22 112
69 11
29 14
57 112
31 3
19 137
16 174
23 32
63 199
26 187
47 45
62 174
6 38
7 159
38 106
11 176
11 65
40 66
9 78
53 112
50 5
5 105
64 28
34 30
4 69
33 79
66 35
1 79
2 55
29 202
64 168
62 165
50 71
13 206
44 151
18 166
40 177
51 9
60 80
61 96
41 21
1 10
66 113
56 62
18 196
40 97
56 186
42 23
11 183
19 99
41 170
61 36
27 76
51 14
40 172
42 149
12 54
33 148
3 145
51 13
42 146
40 150
31 68
26 152
19 53
65 164
20 45
64 125
30 175
31 65
53 107
19 173
36 165
59 194
1 158
4 32
27 51
14 103
9 79
7 53
31 178
67 200
16 94
3 69
63 38
36 175
45 201
45 19
54 27
20 203
54 181
19 181
65 138
25 38
28 205
7 58
43 169
69 83
65 160
34 206
24 153
53 145
43 187
4 110
17 54
38 135
27 175
48 169
55 121
14 13
38 92
41 10
49 65
25 128
24 171
54 143
52 7
43 116
3 56
64 95
53 136
40 85
52 90
52 124
52 144
1 191
23 108
32 141
51 113
19 166
37 205
24 146
48 135
65 60
49 173
37 22
50 56
56 137
44 28
40 107
41 97
26 180
49 114
39 11
47 52
43 150
60 57
50 112
33 151
64 94
27 87
60 160
21 120
33 159
28 137
41 103
28 167
55 21
36 202
37 36
47 122
23 49
53 1
59 176
60 77
22 33
54 159
13 116
7 8
37 204
31 146
29 64
9 74
67 127
42 139
68 203
11 109
4 194
60 171
23 121
23 114
1 73
65 103
64 149
52 74
36 13
28 145
28 62
22 18
62 29
50 174
57 160
25 172
29 77
26 107
49 56
7 166
34 18
32 68
40 25
37 34
22 99
6 177
26 56
19 15
35 133
2 127
21 201
15 5
52 185
2 1
31 144
26 166
40 116
49 146
29 136
17 163
31 145
35 109
17 90
64 121
2 126
33 14
41 13
42 173
3 141
57 181
26 199
29 106
35 182
36 153
16 45
43 93
36 68
14 131
26 62
64 130
7 4
63 7
49 198
35 149
58 11
47 173
54 71
26 16
11 35
65 122
63 25
14 111
49 182
22 101
28 30
67 140
47 86
12 34
47 202
30 105
20 94
11 173
63 103
56 92
26 13
7 81
46 140
53 116
38 49
15 24
9 151
43 156
37 50
67 106
34 92
49 91
64 188
36 148
42 138
32 81
10 58
36 82
17 116
36 62
50 189
59 118
31 148
41 26
69 51
21 96
6 97
40 133
24 56
57 176
56 148
61 140
41 4
51 200
5 194
68 113
6 146
66 192
32 27
28 71
12 138
51 155
13 158
35 23
50 36
59 186
8 72
1 170
59 158
11 166
65 121
49 122
65 163
31 159
3 81
31 14
31 150
54 106
60 142
49 196
62 84
51 22
32 142
16 12
67 59
13 102
44 163
21 157
7 205
27 62
4 192
6 126
61 98
13 155
54 82
28 33
34 73
9 65
46 65
4 198
9 82
27 2
59 37
57 191
14 116
3 196
15 193
51 161
56 185
31 84
14 34
25 12
4 71
13 10
43 97
28 9
3 24
68 190
14 200
6 15
45 115
36 161
66 76
45 163
35 160
44 62
55 2
30 125
5 171
45 70
65 147
63 78
27 115
33 15
7 24
47 127
33 115
24 157
49 11
58 44
46 145
29 28
68 43
41 162
19 38
13 93
2 189
40 102
47 62
52 203
61 134
25 184
17 33
16 23
24 72
69 60
56 138
6 156
51 97
2 118
44 120
48 100
33 177
45 91
28 151
37 146
12 80
58 58
18 140
68 172
27 198
12 124
31 23
65 144
45 138
58 140
48 133
54 195
17 100
64 19
23 60
68 12
42 4
49 129
3 139
6 196
59 14
51 150
60 89
50 172
4 136
48 13
3 14
50 99
21 133
49 179
15 66
53 158
37 18
14 9
13 205
12 139
30 73
66 18
27 94
5 48
66 31
24 76
20 14
25 203
27 132
63 99
43 89
9 202
16 180
43 13
26 71
63 156
45 96
11 159
56 77
1 204
46 97
62 96
32 198
28 120
24 197
21 89
49 34
29 79
30 68
44 42
64 144
12 88
44 156
35 188
15 122
22 193
24 178
46 11
47 22
2 145
35 31
60 88
13 34
17 2
60 127
60 167
61 19
6 114
59 15
56 100
4 203
46 191
8 42
3 93
60 144
24 145
8 198
65 116
1 86
48 98
11 46
60 134
50 11
5 182
11 12
60 68
61 133
24 194
6 192
37 106
12 156
45 64
55 100
31 26
59 130
10 141
23 90
7 184
20 17
43 91
43 103
7 144
61 46
26 127
10 60
25 43
64 123
1 188
46 188
52 52
60 101
18 202
28 196
9 159
1 85
58 103
28 106
52 126
16 5
69 49
1 199
2 12
52 131
14 35
17 202
45 155
23 143
8 64
16 17
21 11
69 33
38 164
65 82
3 168
4 151
37 15
31 205
64 137
19 136
19 110
45 46
60 126
68 102
69 79
2 18
12 155
53 191
68 193
51 116
23 35
50 183
30 14
40 128
61 68
67 15
10 112
56 157
60 198
37 24
28 111
38 55
14 157
26 118
54 162
47 9
25 45
60 108
4 14
19 69
60 94
68 129
55 88
2 30
6 65
18 40
29 199
38 117
44 201
67 3
62 44
12 22
62 14
19 71
2 21
14 90
24 26
13 112
50 2
31 18
39 94
22 6
15 37
9 201
45 193
50 148
59 103
29 116
52 102
65 158
29 138
5 156
43 163
2 73
50 40
49 197
67 26
22 205
42 57
67 46
24 25
56 180
67 135
18 42
42 152
60 188
59 51
45 83
17 18
30 140
63 95
30 50
69 128
62 141
54 174
60 116
47 33
58 24
17 157
53 104
37 178
36 162
37 122
33 184
49 69
65 96
27 177
9 138
67 111
3 35
14 22
26 174
48 64
64 92
20 127
20 122
17 194
40 45
11 8
52 81
44 111
33 77
34 137
57 167
55 51
50 89
2 15
8 172
38 187
26 82
40 40
18 96
21 52
24 174
16 107
35 194
58 160
21 22
65 105
21 197
16 170
62 146
6 48
33 23
53 81
7 103
35 49
12 9
44 50
64 10
53 89
66 94
13 189
26 165
42 108
5 123
27 4
50 1
42 67
40 37
31 47
13 153
22 138
58 28
17 85
18 64
33 46
19 51
30 99
30 188
46 40
4 73
64 178
5 192
31 25
54 152
69 86
28 127
1 163
8 179
35 66
67 146
14 57
66 172
3 174
14 88
50 64
5 119
8 30
61 33
38 171
10 162
37 57
56 25
35 187
57 193
41 8
7 121
20 101
53 144
49 140
42 132
7 154
20 96
32 1
11 149
6 123
20 165
3 159
40 185
41 165
36 131
39 192
61 126
12 163
24 139
37 27
69 98
12 184
16 19
60 62
39 111
58 81
1 159
36 74
47 148
60 205
35 147
27 121
1 18
37 1
51 124
9 51
33 199
28 85
39 109
6 165
61 161
4 171
22 165
67 73
58 180
8 29
52 123
9 103
42 71
27 72
58 13
26 28
21 37
47 63
31 102
3 136
32 37
66 7
38 45
43 40
37 156
69 141
63 197
45 23
51 75
69 56
59 21
1 143
53 135
4 138
46 114
55 117
8 106
7 70
24 135
16 195
50 176
58 206
47 3
43 140
30 90
4 86
22 131
69 39
2 106
16 197
21 119
4 16
35 137
50 200
64 205
63 87
59 24
33 121
9 67
69 52
57 203
68 90
22 143
17 82
6 30
22 52
61 29
19 143
48 54
44 199
41 9
22 130
57 53
30 171
60 204
15 139
69 4
69 100
42 78
26 197
5 12
61 196
61 99
25 160
36 158
34 176
52 95
20 22
56 174
63 51
8 178
55 109
23 167
55 163
54 166
26 72
58 91
43 123
24 48
36 152
13 117
26 75
23 27
23 31
31 177
55 159
27 10
44 17
34 55
19 20
36 2
56 117
69 38
21 79
6 132
22 80
24 47
37 166
32 59
4 119
24 27
2 136
7 106
38 82
17 88
55 67
45 13
31 104
17 128
40 89
35 79
61 117
20 171
33 107
40 95
47 105
17 68
64 39
28 131
39 121
20 10
9 124
55 75
