5
15 1000000000 987654321
0 0
0 0
0 0
0 0
0 0
0 2 2 3
2 2 5 0
1 6 0
3 2 6 7 0
1 8 2 5 8
0 0
1 2 2 3 9
2 7 12 0
1 5 2 7 12
1 5 0
15 1000000000 987654321
0 0
1 1 0
0 2 1 2
0 0
1 3 1 2
0 1 5
1 2 1 3
3 1 2 6 0
0 1 5
1 2 1 1
0 0
0 1 11
3 1 4 10 1 10
2 1 9 1 10
0 0
15 1000000000 987654321
0 0
1 1 0
0 0
0 1 2
0 1 2
0 1 3
1 4 2 2 5
0 1 7
2 3 5 0
1 5 1 5
1 6 1 2
0 0
1 5 0
1 6 0
0 1 2
15 1000000000 987654321
0 0
0 1 1
0 0
0 0
0 0
1 5 0
2 4 6 0
0 1 1
1 7 1 1
1 4 2 1 5
0 0
0 1 10
1 11 2 1 8
1 8 3 3 7 10
2 7 8 3 2 7 9
15 1000000000 987654321
0 0
0 0
0 1 2
0 0
0 1 2
1 3 1 5
0 1 1
0 1 4
1 1 2 3 6
0 1 6
1 8 0
1 10 0
0 2 7 8
0 1 10
1 9 0
