821
7895 8240 7050
9402 1895 4048
4921 2105 750
3970 8980 6951
2418 5599 8494
5602 9629 5094
3093 572 6603
1046 6012 4333
3526 2232 4024
8946 5805 3668
4029 7727 6748
1292 3035 6743
2820 3451 2260
2994 8049 9507
9497 9704 9912
4816 8770 6623
9064 2130 1080
674 4912 4626
4571 3014 6330
2076 4484 126
2979 2310 2111
8972 4067 1588
8397 6307 3189
3776 9307 5051
6812 8673 6625
8759 1065 3361
5212 1717 187
5150 4886 5363
6105 1045 4216
6536 6634 1152
9868 6709 1891
6692 6493 3224
1708 7377 3212
9021 5149 8103
7918 3338 9255
3889 7517 8245
9381 7194 2659
2648 6878 1861
7966 6559 2531
9206 3688 4697
4518 9911 1448
9088 1327 274
1667 2515 8018
7379 3497 4435
9896 9162 7915
8487 2270 9807
4568 7805 4893
4366 5691 7128
6062 7826 2857
3459 5490 7577
2007 568 6117
1019 3220 5344
3157 4004 3787
7078 7438 2861
4654 3683 574
8754 1758 8643
6840 9226 5163
135 687 6041
5758 4934 3318
1907 1755 325
5753 194 6053
692 4193 6329
505 5537 1079
7248 4043 2467
3240 936 9167
3291 9393 6784
5621 4389 7266
3765 2128 3959
6134 2253 6426
5136 4996 3924
4603 4283 5367
1167 2298 8215
370 6612 1992
1736 712 8771
606 1318 8162
5119 8985 7728
6109 6823 7841
9385 2388 6747
6937 7700 5264
3184 3027 1466
5464 9197 609
7210 1476 2982
4639 9139 7734
9176 4148 9373
1387 493 4012
3252 2718 4612
2731 5145 9131
514 3967 4408
262 508 3949
6755 2931 5980
887 6571 2714
8239 7812 5726
7531 5532 9862
1092 471 690
9678 2571 6309
6145 5229 8721
2647 2357 9945
7025 4925 4825
2450 7608 6122
4449 9012 8612
9416 7913 2771
7106 1071 8570
4681 2486 7365
6862 4052 9362
2391 1317 4439
4558 6659 5993
7550 5256 361
7355 7698 3198
3178 1118 5185
8261 8450 7644
9309 7666 2229
4002 2680 4829
630 7937 801
2671 2870 4263
2483 3775 469
4154 5111 6631
9303 8959 8656
8640 6048 5745
9578 4600 664
1686 7324 2802
5183 1468 5287
99 6474 7354
8661 778 610
1827 5612 1680
4555 2126 1380
9669 7246 7197
1641 6519 7600
1042 7242 5954
5592 6111 5962
1645 252 288
1566 6248 6364
2023 5136 2363
1432 3556 3720
7035 6574 9149
4956 6628 7166
1995 2583 8707
9421 6146 8052
9528 9687 3251
3965 4307 7920
6295 845 5372
1727 2810 1189
6887 4957 2359
9186 5233 6949
2999 826 6431
4514 2784 6802
6687 5329 5866
7981 283 4229
4302 6132 5423
1722 4276 5529
2801 2571 4330
2563 4650 1210
8779 6123 8110
3334 2115 4416
30 909 6721
1528 1972 2464
7300 4578 3285
9607 1755 9893
4700 8465 2593
9779 9905 561
823 3407 9467
1626 9068 930
9939 6994 1567
8612 4576 7101
8595 3279 8744
2540 2263 5102
4629 6553 2987
4335 4834 7846
2081 7670 8055
4032 7181 6160
5225 4594 7989
2464 8229 9286
7714 8341 8513
6387 9188 2368
367 6725 8130
628 7914 3627
3899 2470 5846
1072 3889 2484
98 2055 9913
3973 338 5228
3070 7087 7563
107 1509 7891
8246 9693 7914
8177 8311 5334
6529 2512 4930
6786 2396 2224
5710 9878 850
3262 523 7755
3799 8550 6187
6244 8168 5844
8834 4385 3336
3925 6102 341
7251 8051 9905
9865 6543 1431
1794 4078 809
537 141 8843
7258 383 344
4916 1463 6567
5160 1695 8926
1131 4788 5453
437 8993 2534
4196 5804 744
9163 3687 675
1712 2713 9131
1147 2097 160
9520 5136 6587
6423 9530 5490
1796 50 9693
5969 1888 8612
9183 4417 5196
91 5656 6772
5330 462 7082
5071 6611 8850
133 285 6487
9782 6918 5615
7942 1483 8579
8586 2149 2224
9465 7600 1596
6622 7746 3374
1855 461 9804
4645 6123 1437
7529 530 3452
1587 9367 5167
8023 4043 4467
7954 9485 5121
9567 302 1625
5013 8505 2290
5368 6932 333
5399 941 1988
3338 7794 4252
5077 413 4489
2029 3588 3860
9085 181 5757
97 9000 6378
7939 8340 1735
827 8733 6429
5555 5999 8729
7349 2647 9857
8973 2333 2770
7087 3467 3443
2071 7098 5821
5970 5047 5801
2275 1697 8274
7315 6109 9500
382 3464 7716
1384 7241 3926
6344 7499 561
8698 4273 1510
5247 2301 3859
5505 2190 1216
5943 7697 9418
5492 3820 8950
8594 7797 2970
4235 5317 2103
4908 848 5205
8538 4038 8126
8818 7619 6175
8975 5581 2151
3161 8021 8855
1813 416 1215
8475 3372 2102
8063 6454 7205
554 6968 8379
8327 8582 619
1410 4111 9587
4264 7614 3198
8764 524 5958
2054 4662 5608
2367 7362 3881
5735 4657 4336
7369 4453 7890
5937 8586 7697
6656 2164 5260
4331 2968 7815
5463 4917 4706
3715 495 1276
1391 4081 361
9321 5646 599
4947 7452 5981
3795 4771 3963
7177 5398 3023
1062 4892 2944
9802 9539 66
4084 4584 945
2875 4510 5290
2448 3032 5527
2886 5333 7442
6656 4149 181
1331 546 8642
2017 1141 3488
5529 1529 7064
6626 7359 3199
4920 3773 1487
3464 8374 5207
4839 5111 9559
2473 4373 2475
1946 9906 5918
6794 3473 8299
881 7404 503
8524 4971 6716
3391 4991 9847
3999 798 2651
8214 1193 9453
290 1072 2229
8209 6232 5559
2859 2829 5676
3186 8995 2849
8808 5125 7742
8046 2316 365
1477 1993 4527
68 6917 8126
6687 1348 8753
7720 7384 2617
2081 8173 1359
6060 5791 1178
621 4281 5627
4486 8550 8438
1430 8795 9876
7568 3769 9073
8834 805 5852
7413 8058 8855
163 9610 2587
3991 1980 7636
6556 9603 2399
6714 7770 3822
9105 4551 1618
1350 7558 7109
7582 2742 8696
7842 7102 749
9491 6064 3817
2085 3682 2427
3940 4893 4709
7630 9080 7447
3984 3947 4439
379 9879 9558
6594 6796 3010
8100 1761 7596
983 167 1165
5564 5990 7952
6744 8117 8343
1763 1415 6911
216 2821 5124
6676 1821 1922
3763 6706 2439
4799 8513 6092
6122 7731 6449
8539 4886 6320
9632 2118 7469
7649 2101 9148
5025 8595 5310
7263 6223 4026
8347 1848 4517
6237 3445 8695
3933 6478 4967
2813 7649 6670
3346 888 5629
3114 663 1620
557 8897 2952
4395 6377 284
6455 8919 7789
7863 2209 2357
5438 7560 2719
4334 2481 3037
1046 3313 6080
2256 6296 8686
7813 1342 5476
188 7664 7805
6853 8894 4893
8118 6851 9585
3068 1654 2702
668 7291 8761
2202 6995 1790
7280 544 1407
8235 6617 249
7779 767 2473
9080 7134 9275
5673 2020 958
8735 3972 4162
3399 6890 3209
90 6779 6626
1403 674 18
9395 5197 2932
642 1498 802
4511 5727 4733
451 4151 7859
4382 8809 9738
6216 7421 7160
5204 5033 5700
4019 4808 7368
3477 6431 9491
1402 6943 4066
7799 8857 1173
5359 1445 3781
1584 7714 2715
7379 4729 4779
1280 211 3284
655 8286 7888
289 4369 9196
1133 2673 84
2283 9694 307
7182 5042 5881
6589 5114 3412
1948 9583 1651
494 7684 1894
2595 735 4703
2295 6625 2979
9255 6555 2762
9988 3766 2641
4597 5276 468
2785 8948 1958
9532 7908 2472
4497 8762 5768
9647 9488 28
2020 2897 7070
9387 4893 8221
1367 4199 7633
283 8806 7479
4045 6145 602
364 1695 808
8654 7378 9654
9059 5750 3572
8149 2092 9435
537 9636 5654
3672 4787 9057
7588 8221 6663
5973 7940 5456
6407 8413 2786
5061 7556 2514
6593 892 9994
1948 8761 1101
9986 6114 8456
5939 4042 9619
3492 6938 5536
5048 7477 1252
4462 2924 3585
8575 6919 1636
5504 1896 1155
1872 5915 1023
1697 9781 9983
1165 1840 8620
549 2717 3435
3534 7721 3927
1351 2819 4662
5041 1440 6270
2532 4729 4057
2882 4507 6992
7624 4857 6819
7022 7315 7611
5357 6108 8631
7118 8848 6609
8465 9081 5208
197 3501 1791
9431 9010 5133
5246 2545 6733
6907 1972 8939
9336 9158 7539
7660 4675 9689
8985 4598 543
2474 2779 5451
7023 6302 9301
5153 5092 6634
9199 4446 106
2640 677 2875
6978 2926 3546
3459 5319 4259
7822 7961 832
8542 4774 46
5870 4492 5426
1232 7641 397
9677 7428 6329
8045 5973 5195
6860 3675 1878
3265 313 8504
5674 5172 9107
6261 9779 2134
408 5683 2572
1946 1261 4526
9003 4540 6195
5411 8188 4511
5055 9826 3395
9389 3663 9289
4518 2325 6648
2170 9891 4626
9024 5163 6311
4807 7861 7802
1497 1556 4556
4781 9069 8631
8693 2517 4209
6073 2865 9273
4299 835 7939
8740 6644 9815
2153 8568 416
8680 954 5520
5199 7800 9283
2442 147 5871
3669 5711 98
1444 5128 3506
8286 2149 4777
656 2437 1091
9118 1980 5726
7914 3278 3326
8891 4231 4224
8530 5090 42
7385 3200 265
7652 4343 956
3091 9226 6699
5350 2032 6097
1987 4555 9809
7887 6952 3975
2602 3017 8518
1771 3405 4964
1180 2542 6186
3425 2599 9628
5729 2124 6923
422 1467 7659
3549 9613 5768
6563 8705 3881
9946 1298 9719
1035 8246 6762
6703 5738 1974
9862 8206 1374
8950 1598 4984
7391 2011 6480
8281 8809 9400
2737 6450 611
5856 1004 4121
210 8021 9257
6030 4485 9696
7550 4493 4249
3036 6439 4140
6497 8 9428
2197 186 570
784 701 4091
4512 3434 7403
6525 6909 1865
7265 3641 2980
5642 7643 4385
1444 7125 8216
5323 6088 3194
1633 7730 6246
5966 9915 5684
2445 7404 6750
6188 5931 6014
437 3005 4237
7237 4109 6293
382 9296 7107
3018 7773 6455
7138 2183 2167
9679 9780 4625
7562 3295 6758
7480 3661 7319
7475 7312 8199
8572 3621 6107
4010 3031 1942
2988 7695 6962
5898 9395 6709
3758 8522 1759
1059 9247 8562
9615 8151 8159
4732 4955 6333
4902 5690 775
9451 8227 8609
9300 9240 1994
7258 6586 6405
2339 7327 5152
5986 9480 1230
6259 774 7642
4361 6764 4062
7012 1978 6770
4729 4632 4235
4796 5318 7587
2812 7291 2025
9399 6486 259
7319 1789 8002
5090 1737 3632
3124 5435 7020
8560 6 8261
7446 3991 9389
7097 657 8265
9491 7640 8195
4234 9700 5897
7792 2197 4900
3507 2044 8666
1739 5587 5995
7361 638 147
2611 2902 5356
6546 8732 3681
5100 4130 4540
5694 7685 30
9109 6057 4647
7874 5171 4435
2250 1701 896
5718 1365 6031
5399 9538 9179
8424 5005 2074
2570 5324 2409
2105 5382 2172
2856 9462 3345
645 1008 1389
4926 5774 3796
321 7595 7482
3115 2919 1219
5280 8301 8367
4843 8425 2008
954 3981 4656
6118 9217 9934
7455 9276 6161
8350 7673 8263
658 6203 2463
501 4169 2725
1623 5143 6564
8589 3412 1393
8401 6731 7860
919 8899 4022
5379 620 5663
2836 6334 2548
8651 6009 9019
7421 3842 8307
319 4169 1409
2956 8343 5731
5881 7765 2893
7874 4417 766
7720 9739 7351
9435 1997 6399
6741 7625 4514
6166 3836 333
12 3108 1240
6771 1874 1916
7008 8225 1638
593 7085 3606
5839 6756 7162
5504 9108 160
8479 9176 2016
6720 4961 1258
3503 172 7837
1672 1004 5738
6936 7875 868
7441 2876 4243
1398 6116 508
1555 4365 810
3142 6201 2231
4338 7951 8265
8533 9535 7990
977 5810 1467
8415 3046 6366
6074 896 9993
4336 2495 74
7074 156 7536
5092 7578 238
5412 2008 1885
3719 3267 8172
9582 1969 77
9758 9513 8734
4419 2794 3099
8143 4470 1290
7017 4916 6969
3892 952 8628
4890 7635 5215
3891 6157 9692
2689 3327 6825
5491 379 2148
5527 1860 7052
960 7169 3358
7783 5685 9786
7588 4684 924
2769 6897 1304
2599 6596 7022
9418 6650 31
6374 4377 7309
7197 6642 8457
4684 2157 6735
4934 8347 5742
5429 3627 3734
1436 4373 2952
9216 5127 6502
4684 257 8624
4573 6528 2025
1578 8736 9660
91 4447 7354
7528 4521 5951
7723 9555 2744
8819 485 6232
6015 2477 224
8062 6842 1162
2238 4063 6627
7643 7061 809
973 4722 7253
4217 8537 7723
3978 7208 4715
1884 3991 5481
4263 4821 9453
219 8511 4687
9154 2909 6843
9286 5088 6609
1327 1805 2963
3289 7727 2268
9945 8883 5128
5319 6547 3862
9472 9697 7521
7090 3089 9248
680 2023 8860
8131 6650 5896
9735 983 5770
8079 6622 1746
4849 7063 7225
8799 7469 2928
3649 7313 6241
4596 8561 4037
3655 1250 2633
7634 3185 3695
1928 404 4889
6835 2937 969
4015 1974 7656
4663 8838 7595
9601 7771 1993
3384 6764 3182
3673 50 7310
3720 9198 7544
5983 800 1201
4239 4204 255
1699 7645 3149
3735 9810 5382
7715 8763 1042
4358 3386 3710
9671 1151 7947
3162 4997 1502
7539 4989 6109
6040 5912 1676
2210 7318 8038
1420 7981 1798
8096 2725 7625
9390 9582 8276
8467 3494 1565
6795 7409 8143
7895 9949 9329
4016 3990 8780
5067 5052 2569
2235 8097 6705
60 5407 4301
6746 9983 3361
499 1920 7917
7799 5679 6194
4126 2894 7915
3574 2678 5427
5662 19 3174
8347 9838 6795
6950 712 7272
1424 6633 3447
650 8267 7608
5215 2389 9061
5011 522 8370
4647 1265 6839
584 9682 1250
7476 2112 234
4025 5842 49
7432 8786 400
5313 2430 6158
3597 9386 2709
3893 1809 609
4971 7089 9640
8510 149 1058
9078 3962 3901
3830 5879 644
9335 2296 9565
1400 9801 603
5898 931 9201
7417 3367 948
6784 9750 3847
8344 5023 5345
7910 7084 8006
4575 6414 2944
7651 4408 96
6963 3523 5855
2564 783 78
7099 283 2675
5036 8482 8810
6834 1764 7682
153 9837 1980
1987 6550 3198
8153 7 8791
3958 344 5381
1109 1278 5009
1355 4119 224
3924 2988 2126
7993 157 7692
6930 503 1319
1517 3936 4076
8196 4198 1915
6290 2172 832
1803 874 3771
502 8007 8739
6431 3776 134
4640 6482 2693
1887 2318 6213
5734 9532 4214
6408 5524 3631
7969 3237 8539
4805 5633 9721
1857 9663 7620
4643 110 1873
4571 3854 1625
8007 6972 707
7505 2770 3170
3428 3370 8121
3153 4775 8678
583 8547 7982
8533 8193 1003
2261 9295 5431
7512 973 6783
4748 9042 6809
6705 5187 4027
3727 6707 7850
7732 3805 6951
979 9248 1235
5126 8135 8794
2311 6561 8682
4292 7571 1985
8613 9408 1118
8183 4437 5862
8242 876 9490
1721 9810 733
871 8917 7844
