214
2388 2705 5719
8753 9704 6686
521 2513 1508
4593 61 6480
8688 8456 9717
1471 5862 1878
7915 4709 5406
5675 2269 1340
8766 6030 9401
1316 8892 1675
8454 8228 9071
4989 6393 2931
9464 8167 8945
6227 4279 7293
5566 4287 8321
9805 2537 6214
5177 1690 7345
6840 5498 3980
8546 2545 1808
69 3770 9606
7352 7384 6626
1224 1905 9419
9543 298 447
107 301 423
4591 285 1958
5723 8572 231
2999 3467 8592
2597 5299 6290
4708 1833 4454
2313 200 7391
5557 8278 675
5451 9773 2889
4372 8366 1899
9366 6241 4102
785 4168 3679
3312 3763 7172
5154 207 9777
8917 1576 5726
5964 5638 694
4665 2702 1577
4804 1823 1902
4706 881 6634
2346 846 2443
9212 7511 9468
2165 5364 9147
9074 6352 6587
6533 7740 9774
4327 8702 3841
989 3404 1286
2775 3293 7897
8759 5265 4336
8616 9751 9194
2773 979 6871
7715 1215 2239
9975 7253 5379
8370 748 9195
5886 5665 2391
3733 6794 6026
7672 2100 3732
9821 7627 4962
1903 8909 8593
8572 9948 4787
1635 4712 382
5238 4611 9865
9389 305 4995
2959 9209 5712
5389 5634 74
5773 2084 356
2127 6206 825
9522 6701 2298
8151 5445 9687
160 5000 7372
2109 3586 9738
970 3681 8862
2703 3333 2140
4209 9366 6653
4701 6585 3593
2272 7141 6824
4981 3627 4836
3092 5633 2870
5904 8786 4186
326 1770 4166
8519 4697 82
7603 1478 3855
2091 9876 9220
6291 6634 2252
8366 2101 5760
9151 8195 7170
7807 4208 4649
7237 6526 9922
8025 2924 3506
3538 122 6229
2875 9337 2156
3224 5578 4598
674 9467 667
655 1533 2820
63 4148 2256
1834 336 6248
2784 5428 8945
8213 2031 9198
3075 99 847
6397 2709 203
5009 853 740
2057 3675 4323
6321 1543 5183
5862 2637 288
3506 1308 237
5121 4011 3256
8311 7461 1288
7808 761 1222
7855 7723 9085
8182 2176 1687
8752 1899 6796
6486 5504 883
1126 6017 6236
3458 6179 1547
8762 8554 9469
2424 442 522
1823 4401 4718
597 6599 808
4113 345 5041
5679 2081 4099
8057 1714 5756
6095 4970 7961
3912 1484 5214
642 1311 752
6844 5805 8354
4293 341 3863
1648 9939 5313
7086 2042 6161
319 9488 5586
2705 5448 7263
4437 1717 5181
9171 2601 8091
9469 5822 9180
1132 9575 218
3428 4801 7644
8959 1796 4059
8183 8370 5916
3444 2571 2592
779 5963 8021
1463 9721 1351
2746 3081 3056
4353 6962 3528
4382 8923 191
6871 5451 4187
6458 3592 4516
7353 528 4922
2627 9486 174
6994 7752 7851
168 1516 8791
6843 7533 8667
1288 9889 1090
3680 1330 6901
6114 8216 6711
9626 4887 8026
3511 7495 4535
6142 242 4841
5788 6284 263
3038 4215 2078
268 7498 7605
8227 7871 7886
9574 6436 8537
5889 4483 738
6600 2753 4628
4197 4079 4837
9490 3981 721
4707 7369 3220
8029 6990 6903
224 5410 938
3220 2149 8412
8674 7868 680
8518 795 9849
8270 3193 3264
9069 6165 7829
6184 4613 3491
2574 1452 7360
7827 7006 9588
8042 8528 5342
4008 5665 9022
7854 6365 4547
6226 815 1603
5152 4984 7473
6871 6209 126
6796 265 267
2672 9688 8914
6307 6729 9853
5596 4755 7194
8038 2082 3518
3440 8844 5699
5302 9186 1533
6020 6836 6350
7083 4329 172
8023 385 902
554 1492 5266
10 2305 9074
4925 4719 3070
34 1293 654
5005 5234 1931
6367 1883 7799
235 7448 4677
4097 5861 3138
6056 3358 4916
3315 848 5924
617 3849 6824
3663 4035 1965
928 4731 8264
3066 8394 8189
5243 9937 1607
9901 3883 3933
665 498 9625
2210 7108 7290
7966 8772 4870
6974 5992 8198
