858
2988 7664 3374
4859 7896 1418
5888 327 4532
2829 6313 9341
7758 9997 6013
795 5131 7056
1992 2965 9284
6102 2515 3137
9231 7911 9303
346 3433 6349
573 9644 3616
3552 3508 8719
1241 6049 5256
2344 3062 5866
8334 1714 7243
3580 2522 7274
7153 2038 8774
9255 6323 2044
5573 4770 8643
1044 5672 2798
9239 3843 340
2112 1134 6848
6097 419 6771
8734 8907 7397
5300 3152 9204
3312 294 6466
7427 217 5430
3209 9706 898
902 4094 1602
6278 7098 2388
538 7161 3290
7190 2749 8246
3299 6413 4132
4686 617 9482
6455 7739 6963
5126 8815 9704
7333 4540 5394
9074 7527 1233
1233 4854 1012
8386 1634 8175
4475 5784 6850
8975 4422 789
9357 8397 2
1265 8980 7403
3545 3037 2895
9129 6343 2046
9717 1004 5231
314 4946 4451
1503 8470 4483
7448 5249 4562
7926 3040 9864
2147 7644 9633
7492 3485 3113
9807 6577 3856
9901 2314 9073
837 7798 2969
494 6913 5696
279 1891 4185
6836 8977 468
3473 282 7259
5850 8126 1549
6921 7120 3264
1248 6305 4605
8746 4723 2499
4648 5652 322
1433 2387 2907
9074 673 6961
9332 3309 1097
4770 4731 7075
3176 2794 1287
3235 7049 4656
928 6500 3865
6824 4207 7359
8408 2107 2629
9274 2261 197
229 960 7744
2850 3722 9841
6150 4676 7267
1457 3679 7144
9805 7817 5495
4836 5049 8252
5134 1489 4039
6681 6133 1300
8063 9883 623
3024 2639 4208
8267 6097 8947
8619 3014 8055
9320 4760 338
7523 5315 2941
5005 2917 8671
5436 6593 2053
2283 2666 3256
1510 7982 666
5595 4035 9204
9488 3133 7140
3075 2050 7239
2881 316 2946
5246 8029 336
8617 9405 1493
9511 7417 9906
5732 5803 5535
3878 8153 6772
6483 6196 1406
3671 7849 1559
9136 4463 1337
2092 7840 6056
1180 5756 7758
9471 7630 5285
7688 8509 2695
6743 1751 694
7399 2168 1094
7186 6215 816
5408 8552 4605
6326 8609 308
4005 5236 5392
6906 27 9194
4648 7025 1625
5967 7353 8235
4599 1064 8374
3511 7417 2065
3880 1263 917
4991 2715 6699
3548 1170 3552
3285 2329 5850
5688 1012 8195
4738 361 9542
9604 2429 6823
9931 556 1707
8094 9076 5419
5952 7554 5705
1188 43 4149
1138 8559 8955
147 715 4991
1652 9422 1954
6727 2933 7853
453 9109 5492
788 14 440
8436 399 1048
702 4082 46
2806 2619 5762
5808 7405 6914
2983 7247 6727
3146 9442 4300
335 4250 5504
1173 7585 4484
7841 172 9448
1132 5500 7659
3166 5299 8308
5927 2879 6440
1863 8480 2590
6275 3562 53
2217 6398 594
1703 2612 6489
8976 6461 7177
7843 9845 4373
4120 7816 5972
8108 5997 2880
6489 9898 6573
5489 2458 2773
3362 726 7336
789 1517 1670
4080 8419 6976
8657 3589 9925
7328 1228 6295
1816 6755 1659
3267 7439 1231
454 9658 2299
2744 9427 2651
4454 1915 645
1558 5910 6741
6528 9888 8314
6572 9135 853
7832 3528 4824
1141 6611 7242
908 149 2904
3922 7336 3209
5622 502 143
6777 3023 4434
99 4561 4731
5716 1149 9753
136 5679 1307
5112 8211 4631
6111 1090 3682
285 4555 7052
3731 7455 8219
1509 1912 1961
6502 7268 6800
9432 8234 5277
142 9540 2203
9705 3613 5425
1737 1798 416
2685 8709 7706
4738 6394 2754
1764 1063 1498
6960 1123 7043
4428 7736 6542
6061 1483 4264
8529 372 9520
6454 760 8392
4300 2282 5180
7388 2151 5831
5527 4877 2046
3076 672 925
486 6400 2815
332 2579 6238
8130 660 5726
2130 9773 8871
7988 7007 2388
3950 5833 5344
8238 55 465
7138 5717 3283
24 3539 9557
7787 4473 6042
954 561 397
1374 2266 2694
1992 5366 3675
388 4771 9276
9438 3348 1012
3066 1885 7119
916 930 9740
3110 7306 2246
5516 2273 9561
5725 4196 990
4462 7551 1370
5285 9176 2645
7864 5064 3599
3030 7112 5516
2128 8897 6892
8405 9401 851
5186 8616 1832
760 2508 5184
5320 9203 5985
1774 1091 5505
3251 9650 8715
7633 7239 2367
6723 6473 1153
9932 3645 6086
413 9925 3953
3734 1887 2347
4233 8187 6457
2397 9691 7625
9797 1145 9748
7353 591 1708
832 469 6814
6308 6140 7804
5240 6064 8020
3518 5647 1238
7198 9066 8048
3506 4316 6370
124 7839 9175
7707 7493 3887
9163 3597 6627
7148 6538 815
1935 1479 3951
3280 4556 3662
8515 6036 1323
82 1922 8639
4782 1034 1725
3573 4799 7078
8917 5896 9451
4266 8556 3561
2805 8894 6529
147 1084 5905
4425 4644 8881
2252 2593 9660
9270 4197 7297
1609 2296 417
9617 8407 9931
1069 271 4005
4220 6679 8922
4262 8665 1291
2423 7795 9014
4440 7889 2439
3187 3667 2775
6567 8898 1796
1765 1461 5276
8002 6162 1687
7862 4025 1465
9766 4656 3604
6031 3188 7938
6763 5643 6126
4934 7285 9734
9020 5307 7333
5077 1595 8429
5163 7726 2316
5016 2330 6466
351 6955 9017
8992 4343 6796
7392 4570 5331
4584 2369 1027
6231 7154 3770
6293 741 2164
8398 8669 1035
8797 9251 685
4389 2663 6263
2648 2512 621
8112 7658 4370
442 5655 9513
6309 4943 3929
9374 6210 5359
6085 407 4683
7959 1731 8044
1289 6199 2337
1790 2102 2293
9480 279 5559
2163 9597 2311
6359 7264 7429
476 7299 1494
3537 7696 6326
705 9799 6539
1805 9335 3562
7510 3299 4052
5834 6169 7577
8182 8519 2526
1140 997 9261
7376 243 70
2938 8283 4358
1176 2904 5924
7508 7618 4238
8388 2 1658
9099 8244 433
6161 6270 8149
1649 3656 2992
8355 7150 359
817 1146 8714
9558 7392 3124
5996 7291 5684
5658 3760 3734
3253 4761 9002
4109 1852 7986
1022 2528 4929
2102 7989 7659
7896 8510 60
9792 2534 3790
8000 2989 5579
2124 8369 2405
2807 5761 7745
6259 2805 8833
7098 3018 9704
4035 9926 4581
335 6532 2750
7635 4446 8314
4153 1851 260
2575 9520 6668
4649 1157 4010
9738 2627 6319
661 777 4811
8610 1570 3332
1894 853 5267
3813 9978 5902
2511 3489 6026
2977 5737 7807
8546 8368 265
4634 4485 5408
1495 3317 8894
2257 5765 2452
608 4833 1817
3259 1171 7835
5670 4122 9211
4299 2511 7175
7289 646 3115
8309 4635 337
881 2960 8565
2100 891 7361
5956 5314 699
8262 8149 8083
2550 9777 8251
3350 366 6096
4658 7385 3465
6380 5971 4247
953 9581 7362
9793 5338 6112
3076 2670 6629
6280 100 2476
328 7380 8754
725 2910 7635
7833 7036 6859
2780 3830 6414
7502 9253 549
3453 7827 825
3389 4268 9652
4272 3698 8707
4223 3079 6558
5833 8461 9463
1355 735 2879
8846 8756 19
7426 5739 2538
4057 9161 1897
8279 7547 2306
6614 4852 3927
2659 5845 5475
2445 6396 9668
745 9132 6626
6110 4303 1247
9460 2322 5848
8223 84 7467
8983 355 1268
6741 2819 5518
9778 8779 9644
6736 4859 5971
8886 9437 1397
4441 9657 1559
1972 8934 1495
3384 2244 6379
1614 9408 26
2105 8497 9539
9401 4012 7571
177 5012 5242
3460 3236 3054
2953 321 488
4535 8613 1970
5233 1821 5096
3087 5569 7440
2250 8605 8037
8701 1272 894
7149 3176 2896
5191 1258 3627
4690 6928 6683
1257 6389 7805
1220 4837 1435
9471 902 7371
4577 3200 5231
30 9473 8588
936 7606 1501
6716 6294 2545
6790 2616 956
2566 5735 9862
6463 1563 8593
5369 4350 3651
9048 2329 5882
2567 9232 4561
8625 9375 2575
1675 437 3415
1187 918 1426
15 470 9002
3222 1179 2530
3408 9264 2859
9785 761 3754
9198 6848 2204
6799 8472 8162
6954 7780 2851
1010 6057 7592
592 4768 5133
2874 1344 7277
1216 7134 4795
2084 8645 5324
558 2430 3277
4675 61 3980
7959 8026 7938
7267 8855 3979
129 1135 3875
1583 2611 4757
8888 6883 7682
7750 9231 6151
2169 4887 2971
3707 8094 1061
4940 5989 7974
4577 5594 5366
5978 8163 423
2581 7451 7422
8071 189 5958
359 7371 2535
2169 2878 6823
4639 1045 3060
8972 8512 3528
9766 9290 3381
5533 1948 5321
5878 6891 105
2721 5819 7466
1219 9934 2494
8981 6265 5005
747 7732 9890
3744 8514 7162
1391 946 3507
4319 9357 3731
4714 6264 4162
7453 1035 9750
1794 6330 394
8074 3912 4180
9888 4003 925
3318 2749 756
8102 8652 3013
7204 4913 7036
3199 5686 996
4376 7593 6614
6619 8097 7513
3015 2234 5153
6677 308 5443
1651 4912 2729
7719 3724 1853
9469 3502 4607
4561 226 7506
5560 6717 7549
113 2886 4311
363 6931 8094
8026 3448 6803
2291 4161 4687
7594 1918 4640
252 8993 4650
2134 3715 176
6304 8368 7431
9499 3415 527
3585 6291 2653
1549 6151 1301
4510 9408 5449
3094 2396 4000
3612 3620 4616
9109 3038 5651
703 4974 6248
4488 2144 6213
2413 7065 7256
6567 3786 1796
4125 3629 8482
1442 9202 82
189 6483 6752
1178 5011 3561
4554 9790 2129
8507 4341 9223
9312 7870 1554
6579 6334 1294
6331 5809 9436
7850 8373 3645
3247 9288 1791
4400 6875 295
8098 6030 1981
7832 6863 7600
2067 5772 6769
4096 5980 1685
5660 1961 1673
2498 3789 7595
5276 7724 8158
2951 3230 6082
6505 2287 5519
16 1329 991
5523 4372 1668
947 2527 4723
6176 2338 3020
5809 8235 5360
8150 8976 532
8751 6308 2751
7875 4479 4395
5027 6957 2953
7489 34 2818
3016 493 6892
1433 3215 5345
5963 9101 1479
2690 2656 5797
9588 920 8697
4027 5266 8797
7704 4617 7998
1305 114 6942
5437 367 5221
7282 480 2690
5685 6450 9725
9098 2039 3825
7285 122 5269
6135 591 849
156 4255 2239
3579 7611 3590
768 3794 2551
4674 9390 6946
3536 6583 2634
7691 5842 275
351 962 4616
8749 6688 6133
2809 2560 9168
3728 4373 6982
3041 5546 4272
5976 166 9651
4010 2359 9374
7348 2342 9542
9699 3486 905
9861 1623 2282
7096 5869 6135
9909 571 3935
2680 8580 814
4437 63 551
9331 6833 8683
6694 3508 8609
9564 6129 5125
2420 6983 558
4091 263 7133
3614 7340 1641
2329 5943 6272
6635 4110 9822
7888 5780 7718
2234 3737 7098
6681 8874 9442
7006 7711 8657
4402 6504 2181
1590 1853 5536
1090 903 6661
2192 5793 2723
7871 1946 8584
9360 9856 2092
4023 5339 3198
1397 1151 4551
2313 3604 8500
9835 937 2377
8024 1849 937
3311 8240 9487
9999 1579 9422
8369 8320 2761
6181 7392 9228
8981 3983 498
7482 6287 311
8811 5452 9946
6576 3406 4220
2327 9359 5213
6191 5180 9786
5336 248 5604
4880 1412 8317
4368 4259 3232
9495 1898 9549
5071 5067 648
7145 9359 326
4626 2474 4585
306 3492 5283
7150 3424 6131
9099 3307 8336
1427 6661 4991
107 5599 9880
7547 7874 1767
9931 1647 7598
2166 4436 6304
2907 9262 9657
2201 691 231
9288 8619 6981
4563 7875 2001
565 1297 4508
4125 3012 8685
4191 812 7270
4114 8011 4058
182 6058 4001
3592 3907 5437
2428 6347 5643
6698 2611 5585
3233 8293 5048
1181 9786 386
3020 2254 5244
9188 1490 7475
2948 4865 9155
2906 8905 586
4437 3316 3824
6887 2499 5915
7237 8653 3648
7516 3988 4402
5748 6356 5840
9228 699 7838
4784 6530 5435
4979 7375 775
7541 7388 5008
7485 3461 4107
2908 948 2769
2831 9765 1750
6307 8252 4260
5505 1909 8298
8685 9659 1438
7646 3600 2179
3449 6180 4316
524 8353 5976
1099 5487 7319
3841 7404 9408
1141 27 1109
8755 1265 5964
5244 7811 8299
2765 114 4489
2557 9539 9630
164 3177 8922
6674 334 1113
5718 8654 5100
8675 2309 8566
1972 6459 8039
4914 2542 6919
2645 3093 3557
419 4862 879
9704 257 1970
5518 9604 8982
1034 5823 1802
5896 9187 8870
6158 4818 7275
3370 5968 4724
1205 4483 102
9694 3381 1356
3868 5038 8664
5015 7969 1150
9184 3598 8061
7367 1640 1268
5449 7128 1138
5505 9591 9697
4418 3328 5079
4911 3499 485
7921 5171 9054
5876 6648 7814
1517 9944 9821
591 7597 7367
4568 5226 4676
4830 9865 2082
4860 9808 9777
6827 7832 2307
8431 680 9419
3121 8699 2879
9168 4648 1849
2553 1802 2888
7431 9853 713
4691 2442 3761
4581 8970 1965
2707 8417 9570
4032 6918 7874
7295 3488 404
7587 7690 7418
1366 7714 7409
673 6661 5061
6953 356 4477
3104 5163 9644
76 6165 9841
5543 3687 9434
9142 6751 478
9425 7771 2611
6365 5895 5207
881 3217 5091
1038 1373 2797
88 3780 1091
1527 312 4194
2642 9082 2176
5023 632 2829
1037 939 6009
3743 1609 7242
9102 4154 1545
5951 8502 9092
4716 4759 3093
6408 2489 7634
3076 2774 2797
1137 3614 6463
5722 4011 3744
7827 6185 8796
3918 746 6052
9729 4876 4641
5506 5132 8857
1987 7354 7554
7440 5146 5074
6800 5478 9434
5671 5213 5062
9277 2273 2057
7945 2696 5105
1901 2674 695
633 6360 9566
489 9835 24
8101 6494 1960
8176 7130 960
5630 6108 4318
7719 9146 7819
3577 1568 2391
2503 174 1098
2197 5885 2254
1455 5281 2088
5988 5250 4250
4087 2802 6143
1932 8730 2213
5823 8596 444
7293 6127 3528
3897 4251 6718
7850 8278 5247
9838 7240 2593
1724 3232 3666
4641 6449 6938
6755 4291 6786
6493 8473 4683
6910 8476 9595
4646 1827 6912
7642 2116 8513
1042 6831 9274
7529 6338 2809
7257 6997 4337
3117 1434 4852
4118 7158 9269
8642 8134 3990
288 8433 3705
8208 3690 7256
5664 9495 3247
5549 9845 6600
4532 7750 5065
9073 4918 6086
5607 9469 5271
8018 431 8354
1883 4607 510
1012 751 1417
8922 4035 8586
5018 7900 5480
8971 4844 6970
3376 2655 4851
709 854 1984
3801 8400 2463
4407 7555 7728
7546 6232 6588
9494 3754 1313
1116 8635 3539
7863 9845 7544
8246 5441 6003
5980 504 4130
7934 599 3085
7327 1860 8009
412 3450 5491
5473 2571 7649
2569 217 6725
9774 3029 8706
6726 4806 3861
8208 3930 657
1052 2191 8430
9258 8089 8628
200 4499 7046
6139 4843 726
7952 4592 3830
1296 4351 9859
6221 1883 17
9966 6740 1234
3444 2881 6629
3375 7606 9077
9096 7853 5216
1912 5843 3797
1160 4743 1146
6528 7615 2832
6626 6442 7344
9682 4994 9067
1972 136 3562
8690 85 3146
1994 5629 4126
5768 4966 8058
4452 3008 757
9992 7602 5725
634 9371 2956
6425 4245 7389
8718 3692 6722
8889 5248 3944
8362 382 2382
2011 8954 6941
1246 3528 5891
908 5689 9801
5617 3007 3199
5041 4029 8351
8543 6499 9702
4271 9083 6197
3478 7455 6883
8007 4834 3460
5184 1814 8307
600 5831 8711
2953 52 2764
9878 9593 8968
4698 2135 5465
7290 9924 6853
3933 1320 8619
454 3129 9090
6412 3837 5529
6442 4561 9201
6509 9457 7641
8563 6446 3402
3370 7585 9321
3807 8419 2363
