94 298 3 2 11
73 93
8 9 15 21 30 32 37 44 55 61 63
0 1 41
0 2 40
0 2 72
0 2 4
0 2 39
1 1 54
2 3 46
2 3 47
2 2 52
3 1 72
3 1 9
4 1 62
4 2 22
5 3 49
5 3 18
5 3 28
6 1 71
6 1 31
6 3 27
6 3 29
6 2 22
7 1 69
8 1 58
8 3 17
8 2 34
8 2 27
8 2 53
9 1 57
9 1 60
9 3 35
9 3 60
9 2 44
10 1 41
10 3 5
10 2 41
11 1 41
11 1 5
11 3 48
11 3 18
11 3 28
11 3 22
11 3 47
11 2 32
12 3 60
12 3 45
13 2 31
14 3 72
14 3 17
14 3 18
14 3 53
15 1 18
15 1 51
15 2 0
15 2 35
16 1 15
16 3 8
16 3 6
16 2 5
17 1 19
17 1 3
17 2 0
17 2 13
17 2 39
18 2 47
19 1 17
19 1 12
19 1 45
19 2 15
20 1 26
20 1 46
20 3 8
20 3 40
20 2 72
20 2 9
21 3 10
21 3 44
21 3 46
21 3 39
21 2 1
22 1 43
22 3 3
22 2 8
22 2 58
23 1 53
23 3 19
23 3 13
23 2 23
24 1 64
24 1 17
24 3 49
24 3 57
25 3 71
25 2 38
26 1 41
26 3 0
26 3 71
26 2 48
26 2 1
26 2 15
27 3 17
27 2 24
27 2 48
27 2 21
27 2 45
28 1 40
28 1 65
28 3 8
28 3 7
28 2 63
28 2 62
28 2 47
29 1 1
29 3 10
29 3 12
30 3 42
30 3 70
30 2 59
31 1 26
31 1 14
31 2 8
31 2 13
32 1 54
32 1 14
32 1 71
32 2 19
33 1 38
33 2 22
34 2 65
34 2 13
35 3 63
35 2 33
36 1 67
36 3 33
36 2 4
37 1 57
37 1 68
37 3 58
37 3 20
37 2 32
37 2 49
38 1 29
38 2 5
39 3 8
40 1 12
40 2 72
40 2 59
41 1 36
41 3 36
42 3 0
42 3 10
42 3 53
42 3 46
42 2 17
42 2 42
43 3 56
43 3 65
43 3 72
44 1 57
44 3 68
44 2 16
45 1 34
45 1 54
45 1 22
46 3 30
46 2 40
46 2 9
46 2 28
46 2 69
47 2 18
47 2 58
48 3 19
48 3 25
48 3 3
48 2 48
48 2 70
49 1 8
49 3 46
49 2 53
50 2 25
51 1 13
51 1 31
51 3 21
51 3 22
52 3 4
52 3 55
52 2 70
53 1 58
53 1 67
53 3 43
53 2 67
54 1 66
54 3 37
54 3 22
54 2 69
55 1 71
56 3 39
56 2 70
57 1 23
57 3 58
57 3 5
57 3 7
58 3 59
58 3 53
58 2 6
59 1 24
59 1 61
59 1 30
59 3 24
59 3 20
59 2 49
60 2 28
60 2 54
62 2 61
63 2 32
63 2 17
64 1 23
64 3 15
65 1 24
65 1 33
65 3 40
65 3 9
65 3 50
65 3 19
65 3 5
65 2 24
65 2 42
65 2 27
66 2 5
67 1 68
67 3 34
67 2 50
67 2 37
68 3 61
68 3 70
68 3 62
68 3 31
69 1 0
69 1 27
69 1 21
69 1 38
69 3 24
69 3 63
69 2 49
70 1 66
70 3 33
71 3 24
71 2 56
71 2 20
72 1 70
72 2 66
72 2 69
73 3 74
74 3 75
75 3 76
76 1 77
77 2 78
78 1 79
79 3 80
80 2 81
81 3 82
82 1 83
83 2 84
84 2 85
85 1 86
86 1 87
87 2 88
88 3 89
89 1 90
90 3 91
91 2 92
92 1 2
92 1 72
92 1 9
92 1 11
92 1 44
92 1 66
92 1 16
92 1 50
92 1 55
92 3 2
92 3 72
92 3 9
92 3 11
92 3 44
92 3 66
92 3 16
92 3 50
92 3 55
92 2 2
92 2 72
92 2 9
92 2 11
92 2 44
92 2 66
92 2 16
92 2 50
92 2 55
93 3 74
