180
2 270142619
157121911 196502347
5 589196180
52387199 98207935 291517123 416723451 501328578
7 176556857
24730978 69534623 83926797 116486877 123605745 155573675 166425649
6 157342297
72116499 98626020 113193681 122992813 143117198 156742736
2 340729760
209940223 318308490
2 176879857
105344961 140345377
7 123277221
9316532 30022404 37270860 53641771 79163955 90425849 94945072
6 760252659
28289338 112923621 214579833 364473844 548507175 557650762
6 508274433
34534534 126106169 323837250 332822758 353711878 404073302
6 316915062
28163371 68474978 181778709 204131477 220138660 295660053
9 380548922
36315972 90591756 128958566 160414566 180502517 221102287 299562038 367220248 379089445
1 425534351
235768661
5 656368486
102089201 174191281 243178625 270982699 376424999
2 659435613
332383336 335783080
3 869777086
547883023 594985653 701078610
3 341676139
58054053 156671244 334152576
9 812013466
143036523 516573226 594172547 628003048 663281241 745328720 747504176 754627767 793372952
3 628183803
203429157 233764077 393872835
5 580227934
48544723 95518770 196937890 403093619 449032628
9 467610904
62718440 67926914 87927369 166558211 208791716 243337325 255067003 418956045 451755840
4 873753460
143333479 249399775 507518225 819097138
2 278550987
164099844 209517199
7 62802506
551654 13100795 20779107 25503092 26697446 51377886 58714529
4 780696256
269903900 511453876 630250008 715798175
6 605051669
264684380 293481734 392748170 485508449 491361445 493800300
10 840031605
2107071 106303541 150112585 193754064 345382095 392564452 467744163 543514220 618183003 729467494
7 992087151
129649791 194782754 431424722 636990450 849451535 894099879 947976633
8 656607889
79703718 113739496 235303173 386761200 393360762 421198832 482582686 552315590
9 588681302
72293224 76455201 142683549 147627686 230660947 322717089 351344758 445181146 465166295
9 318223378
31407322 61395251 78567111 95726153 125579874 126361973 149682784 224580488 313016304
5 994032498
33701208 350809461 605010565 691169474 946864043
9 890112331
58779935 59674205 84520155 103830855 175327614 350678043 505718421 713471169 713681887
10 191570684
377141 30158812 84187215 86005156 103511644 105066814 110609083 157689682 159660809 162058730
6 344711532
32738493 64224179 141216924 149690093 285326589 336635366
6 443363662
26359391 68533948 103764089 241304436 299873301 384462971
10 860613023
101785650 176042508 511511319 514156763 577402852 587872140 590359892 632372119 648411671 801786304
3 789623502
5821207 7216688 588069527
4 997466833
166908304 385833255 482748779 539021148
10 169109232
14803935 24871001 44578245 46399903 56696834 91691079 110711626 126305150 145782094 162046500
7 840423526
203473631 389931768 482882493 535990100 547649715 812038183 830651220
8 119202996
2843540 24266264 59934321 63010646 74225433 80461126 102991924 109839896
4 180913620
52737782 72391071 91889593 158728485
10 916216438
20783651 70078922 305868734 506022467 526619439 564553233 588691695 655672788 655683933 788624323
4 715425238
154952732 477909463 482154128 608704098
9 360449077
36936171 62554632 126324664 155192005 201155637 280019675 296747038 299485185 312720579
2 450698609
14192345 150714347
10 664625404
66852150 69936773 224220435 231593883 302585967 395245201 423673684 466926394 521533347 561754163
10 799376723
463820 5996797 59701349 200415402 295641798 348766360 373252206 514828833 597926354 679539786
7 768168445
71343869 148805154 255782739 343689345 467949395 579562435 616107421
10 905675295
11045410 96897422 324750049 347252622 419586812 423596249 509103653 623415624 808136750 858388786
2 561199807
83718670 336336498
4 295642715
98096218 165879852 178401357 258790358
9 411556769
34299421 58721846 80524706 147808794 176116308 209116749 215352619 274290111 303204122
6 896597076
66200922 79203811 95222333 148364127 215324688 510499039
6 947314730
301591714 365574984 439664281 561006438 645938138 660796179
6 742364513
123041525 289186583 415614070 425194338 499736598 598928243
4 340961307
119789675 142341903 154270131 192838298
5 383627557
55455747 63474648 138069491 181810532 376164604
6 800879202
62158886 570236840 633959166 637296576 677324529 752544676
9 303621967
44757861 93353264 154340766 225524235 262281809 262494926 265147620 271961799 298731580
7 835266076
7385628 125202925 412410439 424744114 502881374 605612679 673697229
6 915138209
221553533 288968432 550011535 741071081 889916929 890375432
10 305135395
30992496 34225452 39174571 124112162 144539274 198977667 277626010 290140732 302599076 304030626
3 833507500
356619947 378439740 386428391
9 248990627
63377050 88025005 88096620 130432824 137669073 150443923 159555021 201733073 227551711
2 456214955
218408994 291203894
9 601280796
27846371 42334369 83320198 142673843 260218804 278707915 278793441 500748736 548904317
4 198090432
28400158 30906660 46639689 70128096
4 377364910
52911697 80636577 195544417 337649637
6 916334075
66826403 247674235 350919123 420173545 764336355 882503617
3 944682215
416719073 624610989 741089509
3 250551009
12714076 63579111 72223109
8 117018540
2093190 21305850 46481081 50454129 91821864 98827309 109905259 112579636
7 227194690
23834697 34204116 62250735 87441050 193228779 205105656 221611267
4 153413725
32225212 40142049 119288840 133588964
4 692388251
236180781 243915315 266812929 534127369
1 663652727
180173170
6 259138876
537971 70580731 72422858 237119773 237163251 252297421
7 317623356
89272259 93833283 136218767 156580267 200284898 214872110 271340157
6 228438138
36630265 49564998 64697546 70205967 111336067 202759831
9 486869638
52468055 53937835 87846480 115274296 120633106 205505543 250857508 273564574 471604281
1 916052972
206060785
9 69305573
7481206 9326940 14014573 14871198 30924010 31733207 39725625 61026888 64724581
4 793817873
114272685 510326147 700584161 771977646
8 943163427
12902089 59943963 356579382 446704781 453360875 494874825 693994499 737215867
3 658935090
435065454 509642976 516467686
6 921686230
20251669 66292679 255709815 440922872 487314665 580202936
7 701437585
26712696 44282092 67736681 148886905 178642826 224378678 300131157
7 651961368
221246137 252755482 307973944 314674889 323571036 327071686 591068906
1 664619266
559291029
7 321692080
4664645 29755502 114569592 197096499 216824245 230478445 238990808
1 525784243
187403431
4 842541776
45009244 147382954 565525387 603719533
7 620998814
153078791 291615651 293368519 342686167 425957787 438046240 492534934
2 964889015
598438947 632277902
8 855309253
93959814 139437661 250051071 273915500 318952693 376075425 630853414 835828562
9 324908059
25601185 48698767 93600381 177869708 191073400 212540396 216520200 249909105 281076089
4 790317788
422242982 466135601 545801538 733251077
6 409500341
38705395 191897939 284045770 327441758 405524096 408622853
1 240224757
137289930
4 335215386
52031845 218052705 245222532 311930090
9 565571805
17022019 39143593 182195188 201664562 205360992 266920837 343338165 410334747 519782853
7 962271789
101803360 164236528 349295990 526613066 723189639 879751773 924750580
8 375869698
147620026 182374741 211730077 223462287 263433281 315322291 325413269 332912067
1 891068696
714048495
4 265177461
62054147 131961264 160785088 222981234
5 372771011
31547430 131222098 231714657 287089883 359285698
7 383356697
11491950 38479471 76883436 163772333 180271946 334395974 370038975
6 450919353
66304089 72574909 84172046 187988433 336218971 409113679
5 420635368
53295095 92026496 148283000 184398573 239339736
3 866710261
92578479 121273953 523417248
8 933540419
37702649 260486167 357885398 407117861 620153557 647799303 736150384 905539225
5 82523053
15295395 30339305 32246636 57611207 77508033
9 341198980
54320077 69284534 137894491 167837966 192016201 223608485 252367508 283628583 312034272
3 447490950
5833913 213449404 430605551
6 986330799
15565807 55356560 72036333 410723623 762044993 801088090
8 364951493
55496923 96308319 160380197 198461821 247896321 288767115 292622864 294746197
1 360482120
69890133
6 568701657
34270652 48453627 133024865 498222587 519814328 562732021
9 636007011
23578236 98523893 323234817 414317533 443949564 480478413 506523874 546289307 604081384
4 283291562
154852163 198402449 228597659 276677783
10 718189913
54673041 109115217 205399258 208087461 275579620 467269221 497465564 503231563 524566854 545970924
4 876144768
213774689 354244175 397122124 719916521
7 192932010
37794000 46305384 90231993 92943685 128753190 173271246 190222738
8 728217912
46284702 103170865 154200686 198907034 441143724 468676594 523355949 675887053
4 76422639
12702905 13644823 21092377 24900040
7 550933280
90956455 105007620 191595127 215986352 289559309 308226694 508724147
1 289737315
55796449
4 66736146
13999085 35144251 49829443 60728561
4 450798612
159009021 183286000 344221849 412131949
1 990972922
101609862
1 484138599
440975527
2 750222065
472028171 481428696
6 82010236
10676448 11292860 39380773 39471719 76036650 81659963
8 775317640
98397242 165637765 195230668 202151255 368474291 496850845 576093750 657656974
1 159391986
110757396
1 836298929
324515654
6 831429692
46739654 266450477 295377588 397466479 554920623 800438259
5 299441932
26886714 174480772 218572068 221490748 236949674
10 643090016
1877171 65609101 146783561 333958798 347634343 387718460 404407638 475899525 617684318 639540729
6 539974964
135714777 194863002 353505711 449151608 478017561 502042807
5 133681316
23636361 71845687 88194741 90938056 120710586
1 137974442
38129749
1 187924268
183399979
2 238403484
14659033 165877644
4 285617464
36451718 122327347 142847908 183942083
7 286768419
68219936 114355249 133111102 157402568 208952922 241839190 286162542
4 804584312
379115590 527142452 730085104 796109442
8 217447783
6952702 65291983 97146524 101481331 111731692 189876233 192426930 210908024
1 513794191
91714605
8 335609268
1034031 10019763 28967963 60613614 88953174 123058103 202610557 320682832
2 223443005
158332081 210515283
4 696963237
228799079 416506186 501040064 563874995
7 963139284
186688134 193465367 320964158 477381701 706248849 843386155 920407191
8 20546228
509727 800652 1984950 4243147 5145318 7667238 8058012 19705212
10 318379480
36527631 53595025 61270338 89805218 170815209 252439287 257231834 266021161 270831805 315146677
10 51878088
9108770 10250222 24717990 25278121 29195016 34576194 38367498 41379635 47336172 50557572
7 450499383
86337025 148737262 167807115 246411283 265220423 377080008 435550495
4 43890357
17866236 40456134 41432583 42315313
8 458079249
2673031 36510145 56974427 88401426 95424234 104040436 352687959 445722133
7 930270239
30648014 170436493 192713000 605640326 685084130 813418340 855589526
6 37957549
438264 14520912 16712092 23287884 36865257 37889750
1 641302595
589150075
4 310373848
21073203 47622817 87338418 236576597
4 485871265
117662929 293028435 376854508 461196367
8 382776560
50051234 58729668 147767645 167625511 190838290 192932501 267092641 351483769
8 700188223
1177306 196199539 260740465 423299597 448562016 496054249 615837021 692427599
5 833356043
25259821 332809779 369224739 445588888 741112122
5 609146828
41978266 49090628 112507144 122925678 568560056
9 305747084
14272388 37499553 56834795 92301148 117312466 140413064 179651814 228528797 233581056
1 297139218
200928603
1 38047955
2564720
5 517374973
7108540 7495637 18443471 348020888 358629628
4 131072576
11739785 57045675 69131755 126565190
10 661591189
30663471 91474244 183447597 196224426 221506451 337675440 505591100 528116789 608105603 658383977
4 549391419
8198859 89834615 131142038 547334495
4 795245986
273127432 463104163 754878150 776101681
9 235118675
17558834 24108109 34344125 41558892 59866657 129605658 159230785 174575291 215711028
3 958821778
364244658 491665305 917140344
9 107714504
8410390 11601693 18928861 29375823 63966468 75829430 81835946 99038322 103594037
