131
3 21
6 16 18
13 24
3 4 6 8 9 10 11 14 18 19 20 21 22
6 31
3 10 18 27 29 31
9 18
3 4 5 7 11 12 16 17 18
10 34
1 2 9 11 12 13 24 27 33 34
1 3
2
10 19
1 2 7 8 9 10 12 14 16 18
9 45
3 6 7 24 25 32 36 38 44
15 16
1 2 3 4 5 6 7 8 9 10 11 12 13 15 16
11 19
2 4 7 8 9 11 12 13 15 16 18
5 22
3 5 7 10 11
1 27
11
13 23
1 2 3 5 6 7 9 10 11 12 13 14 22
3 29
4 15 26
5 5
1 2 3 4 5
1 22
11
7 20
1 3 7 13 14 18 19
15 39
1 2 7 8 11 12 18 20 22 23 24 26 29 33 35
1 31
6
2 36
13 15
11 11
1 2 3 4 5 6 7 8 9 10 11
5 24
8 10 11 13 24
7 40
3 7 20 23 30 34 39
2 11
1 3
4 24
8 14 19 21
3 40
15 24 32
15 29
1 2 4 5 9 10 11 12 15 16 17 18 20 27 28
5 34
10 18 21 26 34
1 34
14
13 26
1 3 4 5 6 8 11 15 17 23 24 25 26
15 32
4 6 7 8 9 10 13 16 17 19 23 25 26 28 30
3 43
7 22 30
2 8
1 3
2 22
13 15
2 41
9 13
12 42
5 10 15 16 19 22 23 25 29 32 35 37
10 37
4 6 16 18 20 21 25 29 33 34
6 34
7 9 11 13 28 31
11 18
2 4 5 6 7 8 10 11 16 17 18
14 16
1 2 3 4 5 6 7 9 11 12 13 14 15 16
3 42
1 9 38
14 17
1 2 3 4 6 7 8 9 10 12 14 15 16 17
2 5
3 5
10 14
1 2 3 4 5 7 8 9 10 12
3 10
1 4 9
4 25
9 15 17 19
7 22
1 3 8 13 15 18 19
12 23
2 4 6 7 10 11 13 15 16 18 20 22
12 29
5 8 11 15 16 17 19 20 24 26 28 29
13 16
1 2 3 4 5 6 7 8 9 10 11 12 16
5 31
3 14 16 19 27
4 34
1 6 9 16
6 20
4 8 13 15 17 19
11 25
1 3 5 6 8 9 11 12 21 23 24
10 38
3 4 12 13 15 16 17 20 24 28
1 18
1
13 34
3 6 9 10 12 14 15 18 19 24 27 29 34
2 27
4 25
8 36
1 8 10 12 14 15 30 36
10 39
3 4 8 15 22 23 26 30 35 39
2 29
11 12
10 38
1 4 7 9 19 21 29 31 32 36
7 20
3 7 8 11 16 18 20
11 34
5 6 8 9 12 13 14 15 21 32 34
13 43
1 2 5 10 12 19 20 26 28 37 40 41 43
4 16
2 9 10 14
9 15
1 2 3 4 5 6 8 9 11
6 17
1 3 5 7 11 17
6 45
12 19 21 22 29 44
3 5
1 2 4
2 31
14 18
4 31
8 21 26 30
15 26
1 2 4 6 8 9 10 11 12 13 22 23 24 25 26
13 45
4 8 12 13 14 21 25 30 32 34 36 38 43
10 28
7 8 13 14 15 17 19 21 23 24
3 41
12 23 28
13 24
1 5 7 9 13 15 16 18 19 20 22 23 24
5 20
2 5 11 15 18
14 37
1 3 7 8 9 10 13 16 18 19 23 25 33 37
8 9
1 2 3 4 5 6 8 9
15 35
4 5 6 7 9 10 11 16 23 26 27 28 29 30 34
7 24
1 6 8 14 19 21 22
3 37
17 22 34
8 21
1 2 3 9 11 12 17 20
10 27
3 4 11 12 14 16 21 25 26 27
15 17
3 4 5 6 7 8 9 10 11 12 13 14 15 16 17
6 11
2 4 6 9 10 11
14 22
1 5 7 8 9 10 11 13 14 15 16 17 19 22
13 29
1 2 5 8 9 12 13 19 20 21 24 28 29
8 33
5 6 9 16 19 21 27 33
11 29
1 2 3 4 5 7 9 12 14 19 24
8 16
1 2 5 7 12 14 15 16
7 9
2 3 4 5 6 7 8
9 22
1 4 5 7 9 10 18 19 21
14 43
3 4 8 13 15 21 23 24 26 29 30 32 39 42
2 5
2 3
7 41
2 8 10 16 18 26 30
1 21
17
11 42
2 16 17 23 24 26 27 35 39 40 41
1 34
8
7 13
1 2 3 5 7 8 12
1 15
7
3 24
2 15 23
1 26
17
1 13
13
8 39
2 4 6 24 25 32 35 37
13 31
2 3 4 6 11 13 16 17 20 23 25 27 29
8 12
1 3 6 8 9 10 11 12
6 29
10 13 14 15 23 25
15 20
1 2 3 5 6 8 9 10 11 12 13 14 17 18 20
12 30
1 4 6 8 11 12 15 18 20 21 23 25
7 44
8 15 28 31 34 39 41
8 32
5 7 9 15 16 20 21 28
8 35
2 8 10 11 15 16 26 33
8 28
2 5 9 22 23 24 25 28
1 38
5
4 24
9 10 16 17
1 43
4
12 39
2 6 12 16 17 21 23 26 27 31 36 38
7 36
1 4 12 18 26 29 31
13 19
2 3 4 5 6 8 9 10 12 13 14 16 17
14 26
5 6 7 12 13 15 16 17 19 21 23 24 25 26
15 31
2 5 7 8 9 11 12 13 17 19 21 23 28 30 31
6 9
2 3 4 5 7 9
7 24
2 5 10 11 18 20 23
5 24
1 4 12 16 17
14 19
1 3 7 8 9 10 11 13 14 15 16 17 18 19
1 10
6
12 43
2 3 7 12 13 21 22 24 28 35 36 41
10 12
1 2 4 5 6 7 9 10 11 12
11 29
1 3 4 8 11 12 18 19 24 26 29
