73
21 358295883
6439976 13056938 24233108 63074363 63760714 65652588 83882674 106002074 120225957 128753513 135715791 139544034 142791634 213764163 265673113 278914195 290015747 294677546 299788588 324288998 329881925
13 671881967
23070100 46684739 60127129 201444613 287232864 298928953 329949797 358272800 527367876 577698515 613300705 637227427 670670277
3 240206574
14245081 225346765 239464892
23 209714635
2181404 3025738 7094885 19532259 20902051 47044438 49890096 52544823 63442869 85831765 93688803 113919573 118217232 138052164 150413901 154685173 160068525 169975062 181714831 184267902 189607822 190948908 200586321
12 821515016
31300006 46867326 159525786 173159866 214675995 271338475 385368981 446041830 556566927 590650963 715790489 737880623
10 569858068
133884621 156165106 198969396 212919874 305159677 328582737 393727698 443821352 483661629 483874975
5 661901963
26692823 134043174 141444820 165395677 493301512
18 513558876
20309592 78159338 95061995 97240453 147309436 206574866 239518060 266997001 277787178 286298566 320413904 321453539 404954245 413809163 427813898 431005141 453975710 454123640
6 276762716
88625173 92856432 118376075 176682126 192284580 217499397
9 369579552
33281887 57969572 63380665 66838252 133314881 149056360 159708245 263939690 337483670
1 335991360
908810
3 933736138
50851441 179246316 794921029
23 390071764
26903639 49425896 60500647 73596270 95641545 108704964 128781864 142922727 154349739 166803857 181643233 198489970 224480851 236477278 272996131 273131307 286451283 294703358 299113413 330790793 332702103 348363563 381961048
11 222483438
1685584 15041746 57609170 63119691 77533806 96196140 105354507 111152009 122860982 137655746 197856446
6 486961874
108822706 170777591 250155646 283798322 333663677 385391203
23 714571496
47588887 54764509 90982027 116933949 128605473 132965537 182499521 267926647 280165540 295786796 300556682 324674422 379448002 379549146 440909678 490559255 540702678 551935739 595747258 620853346 662647819 682785885 689624840
9 189832203
563802 7015028 64503021 80372124 125870030 136012057 143486746 148365613 183459973
24 55176647
779657 1960210 3676804 4071424 9557659 11961720 13213018 13997571 14004227 16086000 16164327 16899570 21437512 27510077 28316900 30845215 30868368 33210440 35300595 38727273 38756589 41686568 49414401 51460601
9 587127188
4113773 35232411 43687965 48158627 72060203 177299058 220312723 371199348 529454722
20 603981568
1469700 32496599 94538786 117504342 124701696 136292855 146953391 152500040 156376352 185631349 246636260 274335845 290717631 363566097 417225956 438357155 480418599 519744651 583702903 598356641
7 856840402
131502985 255440485 283868855 447177956 683972182 685399574 833281887
23 568255662
8891157 13543264 34248655 64762461 119573699 126865761 133161220 145189338 179769213 223258957 245952331 286370126 287715596 302137567 339980807 344774399 392292147 466715946 514125686 522842183 541417124 543832999 567859988
2 952089286
294482604 609520312
12 135944967
23383300 24802052 25820596 29305137 66093712 70580641 75036202 77990452 96164831 112487429 118502920 120707522
24 754609344
95345675 124021045 130170287 137424378 174011036 179470405 224084567 230797854 240436583 312319208 333241173 357233706 476111635 481874661 510660426 525928831 564270212 565990636 595284670 602788599 603187367 620639536 692259003 698935391
24 96457299
4740909 15530777 18858027 21306827 21637694 26315763 45861359 51202951 51568659 55246290 55724675 57993270 60146423 62474665 72416162 79404697 81365364 83256446 84075654 89406913 89846118 91640878 92464984 93350150
7 757424512
364767916 434981732 547031577 552111181 615075542 670165546 706847477
10 996127512
9193900 241291581 296781379 376297335 551659990 590125950 602842096 635209786 881794514 884181998
13 931975195
91792534 192431332 270687474 503114833 552987242 586676772 592674041 616300087 681757083 782538963 839741849 864200495 930604655
21 536771472
28747595 73106362 78544531 118474905 132003810 178700857 194749630 239978338 258471954 270251963 291901051 296999828 315883389 316671494 367062786 375979446 380605132 435029768 448729324 450988977 494537121
1 88210724
41143526
4 705885315
200436514 203186017 280692356 399363030
18 399025839
13214489 15352705 51412751 56361165 62895731 93715960 103750270 105239513 116111829 127496211 150022845 208340554 230746540 276296480 298920264 326429302 356489958 384995352
23 984922661
4144310 21181112 116174212 133193550 143268664 184265947 216651549 263346613 335447752 407672576 449200974 463747924 468314951 491300389 500537258 592373914 692983423 727892569 773427546 786561383 873278073 906789746 954626878
11 669713556
102857377 136642132 190306082 262619024 330206482 469110483 503945897 542802633 548611725 620433559 636363907
6 414041249
87942172 95594846 134823978 194453001 206397913 315353082
10 495710467
34670589 62256192 89667016 174551910 274254954 375011056 377602719 378758189 383330049 408345949
24 562333335
13367664 17686993 40863682 85152327 114129956 129369230 197794473 204764783 208354944 256351697 270712953 281984679 300110408 308072167 330949528 347149083 351547473 370028586 404392138 417638840 420385093 431849030 437389091 454933501
10 969181182
32957655 244390056 303857483 318980779 467387809 755714084 872089552 914593303 917419941 936882302
13 538839499
25991981 62270092 79108518 96771200 126220375 138305783 145649176 194544549 262485056 307270222 352074111 401237694 420423233
8 971342387
51721727 79731250 227574848 307396537 368096073 545480980 756667356 932507971
24 540976498
33636845 46322332 63580078 72041917 76558667 114730159 145572673 149966284 212700903 216177653 221895568 255634359 328863893 331720675 339455742 354553842 376541835 403769905 415533485 443455249 455986724 471544818 484055522 500301089
4 942299324
183898049 372811098 798443586 885722728
8 623348124
12044446 46547571 168052084 220848621 304607869 452306976 510029342 565548376
11 943034126
103598448 182895189 214301057 223618962 256836900 269930642 423227890 425394294 569646744 729616943 736585614
11 270251932
17222138 37474251 39652799 65082357 73284515 90441051 178756236 190297233 196242319 235203665 270151927
5 836114839
121450121 312135666 481132002 671366805 736583602
2 465766643
86973115 405900906
21 986225088
3374956 51630843 87828099 112820986 113735543 272357208 287359293 359868275 369658416 488878250 493801471 507157864 587325489 613180023 646438044 700754232 714832076 791054308 848147277 950309296 962322059
20 20501561
492154 1496301 5983841 6120831 7716991 7879665 9044643 10344158 11254394 11577632 12101181 12819331 13173182 14794150 16001849 17464603 18662300 18954392 20399312 20420715
15 456915252
24039771 49647026 64292902 77338348 85512775 161341446 182565813 188598683 249741935 252346863 263126042 321063433 336251667 344852973 447546350
24 5029669
46256 134001 227756 890094 1838266 1855425 2010595 2135435 2178936 2905163 3081675 3121575 3305144 3863136 3878615 4022461 4256719 4409663 4444180 4509642 4632979 4685079 4892846 4894193
12 668490542
13658856 66059998 116908920 241610737 313293815 394512222 444098624 452812416 534344778 576402281 592541216 621703197
21 788269518
19783841 27133233 29459539 97560527 110656758 149828891 163664400 171398547 200882266 205494549 255798904 257433093 263329674 287731393 294335814 308181350 312786852 334286404 446282324 613553740 615364551
13 44836571
2726604 5993123 8339577 10132923 14599965 20863774 24230709 24722192 27834575 33153688 35883168 36241946 40442736
23 765620709
48039577 89177027 164245720 194124492 219234104 242307850 256212239 260928055 303164496 348312762 349618455 394045384 397508354 453197592 475659468 584422359 597428651 600156420 605573848 608664935 609184964 684012825 706530690
18 835090769
38643228 81696001 85879771 100753385 145995614 151556243 230325130 359630400 387556572 437751139 451693631 641236104 681401855 694031773 771029862 771696295 796829932 805867888
20 238193576
7562294 17646984 42871028 50635185 70346644 86869005 88457735 106911981 111760770 113808068 119065541 123358277 127932461 157701605 178230531 187490762 203873481 214399999 217101086 222507539
23 820987505
8252860 32902478 46017051 107808624 121512708 123985686 134155957 142843004 155079430 217840574 228885318 287420960 342307368 377546159 505517436 523957776 537104685 565401691 603130012 689767977 690282513 712221538 746023764
7 147024934
811369 2827076 3333309 16349515 31742557 50950355 111372180
16 906842847
139459309 146381813 192372139 215976088 300800606 485475049 499083595 517529852 528879144 601975738 647882843 653121774 726757055 827835569 852286195 891749452
20 1738922
6843 57811 119200 245287 344415 378241 381008 565610 702924 747602 765668 956076 966416 1021597 1230318 1334092 1552513 1564482 1716424 1725802
8 894681557
291129625 395874976 403865398 465652765 503761379 620502591 698016522 746806099
18 325740025
20726450 23819389 40564109 41226342 59375799 118581632 136289975 140648878 164008042 165895438 183493143 196986913 227894027 257682318 265135562 268116415 271505686 289421938
17 339357782
1837917 41069998 49942467 69664057 112552229 120446440 207481004 244082361 245557031 248693610 260670218 262973303 284670138 302646232 305759719 330358048 332042911
10 928487126
80220615 349696665 428259622 448718036 453245312 552383108 674692155 800779440 856460897 874369191
19 244350826
34814232 38885621 45000411 50614777 51455834 67966720 69356474 73063721 73857078 109923852 128616063 131605163 176208445 180425158 197020262 204579874 209623054 220902444 237345918
8 573973054
145981633 273548773 293227626 315125058 412980904 507444273 526310995 532381347
12 602980274
87373588 115200936 140791404 158327545 190266491 222222699 240876219 302704745 332844080 380955934 382118196 519877225
15 677259168
944398 17000115 74100581 119605403 172583386 249627927 318796567 338206400 375798959 378024201 425360005 463489438 512863102 630360112 643565158
20 97300570
3495458 4957371 17777052 18936740 24210338 29239779 29873678 32696986 36570197 42015701 43505261 55053923 60534614 66069339 73087717 74589533 76626505 85246004 91345388 92730254
12 304699955
44603901 101152789 115680175 131095878 152718152 166380309 182159517 221257317 269865124 274761679 285405876 286344549
23 167705951
495018 20222276 29180228 33664219 36177604 36476586 37263730 42988999 70563067 75066371 78754059 107954531 113927804 115390400 117396231 121501541 124508396 125144143 133623156 139157606 155910733 157321794 163317866
