47
38 93
4 7 8 11 12 13 18 20 22 24 26 27 31 32 41 42 44 45 46 50 51 55 57 60 62 65 66 71 73 75 78 79 82 83 86 88 92 93
15 89
1 3 4 9 12 38 47 49 52 55 62 65 67 76 77
31 87
4 5 6 9 10 11 13 16 18 19 21 23 28 32 34 35 41 44 47 48 51 59 64 71 75 77 78 79 80 85 86
38 45
1 3 4 5 6 9 10 11 12 13 14 16 17 18 19 21 22 23 24 25 26 27 28 29 30 31 33 34 35 36 37 38 39 40 41 42 44 45
37 61
1 2 3 4 5 7 8 9 10 11 14 20 21 22 25 26 27 29 30 33 35 36 37 39 40 42 43 44 49 50 52 54 55 57 59 60 61
31 86
3 7 14 16 17 21 22 23 25 30 31 32 33 39 45 48 55 57 60 63 67 68 69 72 74 75 76 78 80 82 85
31 44
1 3 5 6 7 9 10 13 15 16 17 18 20 22 23 24 25 27 28 29 31 32 33 35 37 39 40 41 42 43 44
39 120
3 5 6 11 12 20 22 25 26 30 33 34 39 42 47 48 49 50 53 55 58 63 66 69 72 80 88 90 94 95 99 100 102 105 107 110 111 112 115
16 110
2 8 9 19 25 34 49 51 59 60 68 70 74 89 91 104
36 112
2 5 6 7 10 14 15 21 24 27 28 33 37 38 40 45 49 52 56 58 59 62 63 65 66 69 71 73 81 84 91 92 96 100 108 112
36 74
1 4 6 7 10 13 17 18 19 20 21 22 25 27 30 31 33 37 38 39 41 43 44 47 51 54 55 57 60 61 64 66 67 69 71 74
11 70
2 30 40 42 49 58 60 61 64 68 70
18 105
1 4 5 6 21 22 30 31 35 49 64 68 76 78 85 86 99 105
25 82
2 4 6 7 8 13 18 20 21 22 31 36 37 38 39 42 45 56 62 63 64 66 67 69 73
22 66
2 4 7 8 9 10 11 12 13 16 17 18 19 20 30 36 39 40 43 47 65 66
1 68
15
9 109
8 10 45 69 76 94 98 102 109
14 101
1 19 29 46 53 55 58 61 62 70 79 84 90 96
11 48
1 5 8 13 18 24 25 29 34 42 48
35 46
1 2 3 5 8 9 12 13 14 15 17 18 19 20 21 22 23 25 26 27 28 29 30 31 32 33 34 35 36 37 38 40 41 42 45
32 101
1 19 27 30 31 32 33 35 36 38 40 41 42 46 50 57 59 64 67 68 70 72 77 78 82 83 86 87 90 93 94 99
23 104
8 12 19 21 23 33 40 44 48 49 61 64 65 66 68 72 76 79 84 88 94 97 99
25 93
1 3 5 8 12 15 17 21 27 28 29 30 33 36 38 39 47 48 55 69 70 80 85 88 89
5 97
2 7 8 36 60
37 119
1 5 7 11 12 13 17 18 21 24 29 35 36 43 46 47 55 56 60 61 62 66 70 80 82 85 88 92 93 94 96 98 101 102 104 107 118
12 46
1 4 5 10 24 31 33 36 38 44 45 46
40 81
2 5 8 9 10 11 13 14 15 17 20 21 22 23 30 32 34 35 37 40 41 43 46 50 51 52 54 57 59 61 64 66 69 71 73 74 76 77 79 81
2 93
14 45
19 62
1 3 13 14 16 22 23 24 28 33 34 35 36 37 40 45 47 51 59
23 58
1 4 7 11 12 13 15 19 20 22 28 29 34 35 36 41 42 44 49 50 53 55 57
21 100
6 14 15 29 30 32 35 38 47 49 52 53 55 61 62 68 74 79 84 91 99
7 80
5 20 26 47 68 71 80
25 92
3 5 9 13 16 22 23 27 28 33 37 41 42 47 55 57 58 61 70 71 72 76 82 85 88
16 93
1 2 6 7 14 16 17 29 35 50 73 76 77 78 80 91
1 25
3
15 116
6 39 40 59 72 78 80 90 91 94 96 106 112 114 115
26 82
3 7 14 16 18 26 29 30 31 34 36 37 45 48 50 54 55 67 68 69 70 71 72 73 76 79
4 26
5 7 11 24
24 52
3 4 8 10 13 14 15 17 20 21 23 24 25 27 34 36 39 41 42 43 45 46 49 52
29 61
3 5 8 9 11 12 13 15 17 18 21 22 23 24 25 29 30 31 32 33 34 36 40 41 44 52 53 54 59
12 75
4 6 11 28 35 37 43 44 62 63 65 70
2 18
8 12
11 88
2 9 10 59 64 67 72 73 74 75 81
37 102
3 4 5 14 20 21 22 23 26 31 32 35 37 39 43 45 52 54 61 62 64 68 69 70 72 75 76 81 82 83 86 87 88 90 94 99 100
9 60
9 23 24 31 32 33 52 57 58
29 82
7 9 10 12 13 17 19 23 30 35 36 37 41 42 43 45 47 49 51 54 60 65 70 72 74 77 78 81 82
20 81
4 6 11 16 19 31 32 37 39 41 45 47 49 55 59 61 64 67 71 73
