53
1 740
709
20 636
30 48 80 85 120 125 135 138 222 245 246 284 307 530 538 551 565 589 606 619
4 580
253 307 336 443
31 734
11 14 28 54 80 98 108 113 131 202 247 292 305 322 351 397 437 465 496 528 543 549 572 586 615 617 620 632 635 679 706
39 212
17 18 20 29 31 33 49 51 57 64 65 72 77 79 85 86 89 100 104 108 109 110 112 122 125 130 133 142 145 153 154 164 172 174 195 201 206 208 212
22 380
2 3 7 40 51 64 100 115 165 195 198 212 260 270 274 288 294 296 309 317 337 348
23 910
3 168 220 295 310 319 344 360 391 439 451 453 535 548 559 566 610 729 773 818 832 842 895
4 336
96 102 117 239
19 534
20 37 48 85 129 155 206 220 308 317 351 411 433 436 443 451 460 465 467
36 203
1 3 4 8 15 19 22 24 43 45 51 53 56 59 73 82 90 91 95 97 98 105 109 120 121 131 136 144 158 160 163 177 181 186 188 202
30 860
28 35 45 56 89 100 104 143 151 185 202 207 315 347 374 408 483 490 495 499 515 656 699 797 806 814 818 830 833 847
24 465
21 27 55 59 68 70 72 79 87 96 138 140 190 203 206 264 286 316 317 339 405 423 432 456
12 466
9 44 96 112 116 147 154 203 330 377 379 383
22 520
70 81 124 127 206 253 257 271 285 309 315 363 384 392 397 406 416 427 428 441 483 517
2 269
15 206
32 46
1 2 3 4 6 7 8 9 12 13 14 15 16 19 21 24 25 26 27 28 29 30 31 34 35 36 37 38 39 40 41 45
9 302
90 113 164 187 191 230 246 253 267
3 200
30 125 143
29 865
27 48 64 123 177 222 230 253 254 274 290 308 347 387 425 426 478 522 535 585 609 643 682 694 711 720 807 843 849
27 503
5 10 13 16 28 112 157 192 204 283 287 325 362 371 376 382 386 410 430 437 441 442 450 469 471 478 495
1 728
483
22 105
7 12 13 14 16 17 28 49 50 52 54 55 57 59 72 73 80 86 89 93 97 100
38 118
5 8 17 20 22 23 28 29 30 32 33 36 39 44 46 47 52 53 56 60 62 69 73 75 80 81 82 84 86 87 97 103 104 106 108 111 114 118
38 491
35 63 67 71 77 87 103 121 123 156 159 163 167 177 192 203 214 237 246 252 268 284 297 310 324 330 343 346 361 369 395 405 408 418 426 459 473 481
5 976
102 193 276 758 963
11 603
29 87 121 150 232 303 306 446 499 512 596
33 957
1 28 54 72 169 205 299 307 326 340 466 551 553 577 592 614 621 652 659 684 746 770 794 807 811 815 847 857 870 888 898 906 925
33 553
1 44 50 68 129 134 175 179 186 187 212 219 231 236 238 249 261 275 276 304 322 341 357 379 415 442 449 460 467 471 475 483 548
1 325
66
39 781
2 5 54 106 123 142 179 192 258 271 275 315 324 341 343 368 416 417 426 428 433 467 486 488 506 512 563 578 624 669 671 678 699 701 707 717 718 767 773
13 865
89 91 148 155 242 339 465 482 503 517 699 703 786
1 116
113
6 103
4 13 42 50 61 86
6 467
47 213 318 367 397 415
20 661
20 65 179 191 291 300 305 335 393 400 423 431 460 481 496 506 541 573 609 622
4 268
31 122 162 224
35 624
21 32 34 63 65 137 151 153 160 167 171 181 182 184 203 283 293 311 321 333 343 355 358 391 414 427 445 467 480 488 498 502 550 552 605
26 745
4 29 150 154 158 181 183 194 213 309 361 378 530 556 576 617 627 634 636 637 641 667 722 723 739 742
38 523
3 8 11 23 31 34 42 45 47 59 61 72 93 118 137 153 157 166 196 252 290 295 316 327 331 342 349 358 360 384 398 444 446 451 454 478 517 518
39 797
4 24 39 57 58 71 108 151 156 167 170 180 195 206 255 272 300 320 330 349 360 374 384 391 426 430 434 435 488 553 577 579 611 665 677 700 706 707 753
31 938
35 63 130 171 183 196 217 254 274 335 344 460 473 516 567 569 585 611 638 665 679 704 731 738 768 782 831 851 890 910 927
3 958
156 309 734
6 666
37 150 315 392 589 659
3 86
15 22 59
1 405
144
2 681
189 458
35 906
12 74 130 138 200 202 212 243 258 261 266 290 294 315 322 330 344 345 400 433 435 479 492 511 583 591 606 630 636 703 786 820 828 853 874
20 925
17 91 92 107 291 299 332 341 453 459 464 479 516 595 688 731 763 779 832 898
1 708
24
20 410
19 29 53 54 145 174 180 233 256 274 298 330 354 361 367 374 381 382 384 389
17 71
12 14 21 23 24 25 30 37 43 44 46 50 57 63 65 67 70
25 538
19 38 58 80 91 117 125 158 198 202 240 248 260 266 279 289 291 362 378 380 421 506 510 521 525
38 431
7 8 23 28 32 43 44 74 78 84 93 99 151 161 165 168 189 194 213 231 241 257 272 275 288 294 304 309 336 359 378 383 388 394 400 405 406 420
