333
1 11
5
4 10
3 6 7 9
4 15
3 8 12 14
2 13
7 10
1 8
8
1 18
2
3 3
1 2 3
5 13
1 4 8 9 12
4 10
1 4 6 8
2 20
8 20
2 2
1 2
4 17
5 7 9 12
5 7
1 2 3 5 6
2 6
2 6
3 8
6 7 8
3 4
1 2 3
4 18
7 8 14 18
5 11
1 2 5 9 11
1 8
1
4 10
3 5 7 10
4 8
4 5 7 8
1 17
14
4 12
1 3 9 10
2 10
1 8
2 5
2 5
2 2
1 2
5 15
2 4 9 10 12
3 4
2 3 4
1 15
11
3 12
2 5 6
4 15
1 5 13 14
2 18
3 10
1 9
5
4 8
1 3 6 8
5 10
1 2 7 8 10
2 20
12 20
1 2
1
5 15
2 4 6 10 13
2 3
1 3
3 13
5 9 11
4 11
7 8 10 11
4 8
2 3 5 6
2 3
2 3
4 19
4 10 11 16
4 4
1 2 3 4
2 17
7 13
1 5
4
3 11
3 8 10
1 9
4
1 17
15
4 6
1 2 5 6
5 13
6 7 10 11 13
1 13
9
5 10
2 3 5 6 9
1 17
15
3 10
1 6 9
2 16
2 15
3 20
6 10 17
5 16
1 2 4 5 13
5 14
5 8 9 10 13
3 19
1 9 10
1 7
4
3 4
2 3 4
1 4
3
1 12
5
5 11
1 2 4 9 10
3 17
5 6 16
5 8
2 3 4 6 8
2 9
3 7
4 19
3 4 8 10
2 4
3 4
2 8
2 7
4 15
2 3 5 14
1 4
2
3 18
5 12 16
3 8
3 4 8
5 13
1 3 5 6 13
1 8
1
3 11
2 3 10
3 14
7 8 14
2 18
8 16
3 9
4 6 7
2 15
6 9
5 15
1 5 11 13 15
1 17
12
4 5
1 2 4 5
4 20
11 14 17 20
1 4
1
3 13
9 12 13
5 17
1 8 9 12 14
5 11
1 6 7 8 10
1 12
7
5 10
4 6 8 9 10
4 17
1 6 12 14
2 4
2 4
3 16
5 8 15
4 5
1 3 4 5
1 2
2
4 5
1 2 3 4
3 11
2 10 11
2 6
2 5
1 15
7
5 12
2 3 4 5 12
3 8
2 5 7
4 18
9 11 14 16
2 8
2 5
5 5
1 2 3 4 5
5 11
1 3 5 6 10
4 7
1 2 6 7
4 12
2 3 8 9
1 15
10
2 10
3 9
5 7
2 3 4 5 7
3 8
3 5 8
5 8
2 3 4 5 6
4 10
2 5 8 9
2 11
3 11
2 14
5 6
5 12
1 4 5 6 7
1 17
16
5 15
2 3 8 9 14
5 10
4 7 8 9 10
2 7
5 7
3 17
3 6 11
3 5
2 4 5
5 10
2 4 5 6 7
2 11
7 8
2 2
1 2
2 20
2 15
1 3
1
5 7
1 3 4 5 7
4 9
1 2 5 6
5 6
1 3 4 5 6
2 10
3 10
3 4
1 2 3
1 6
4
3 13
3 5 8
5 18
1 4 13 14 17
3 11
5 6 11
1 10
1
4 16
1 10 12 13
3 10
2 5 9
1 16
2
5 9
2 4 6 8 9
4 14
1 6 9 10
2 3
2 3
5 18
2 3 9 11 15
5 8
1 2 3 6 8
3 18
5 10 13
5 16
5 10 12 14 16
4 12
1 2 3 6
2 20
6 11
5 14
2 4 6 11 13
2 14
3 7
1 2
1
3 20
4 8 10
3 6
1 3 6
1 10
7
2 10
1 4
4 20
1 6 9 13
4 15
8 10 12 14
5 19
2 4 7 9 13
3 15
2 10 15
2 11
6 11
5 7
1 4 5 6 7
5 9
1 3 4 7 8
5 10
1 2 4 7 8
3 17
1 3 14
3 19
12 15 19
1 14
2
1 11
11
3 8
2 3 4
4 5
1 2 3 5
4 10
2 3 9 10
1 14
11
2 13
1 6
5 8
3 5 6 7 8
1 19
4
5 11
4 5 6 9 11
1 19
1
4 5
1 3 4 5
5 8
1 3 4 6 7
1 9
1
5 20
2 4 11 12 19
5 10
2 3 5 6 7
1 14
3
3 19
1 7 16
3 6
1 3 5
3 5
1 2 4
1 12
10
2 12
4 10
1 10
8
3 18
3 14 16
1 6
5
3 9
2 3 8
3 4
1 2 3
2 18
1 17
1 13
12
3 10
3 8 10
1 13
5
1 19
16
1 13
8
5 19
1 2 5 13 16
1 7
1
1 15
1
5 7
1 2 4 5 7
3 17
3 7 13
2 17
1 5
3 6
1 2 6
4 17
2 3 4 6
4 19
7 9 12 14
3 17
2 9 15
1 2
1
4 12
2 3 7 11
1 14
1
3 19
1 7 11
4 18
1 11 13 18
4 12
1 2 3 7
4 15
2 7 13 15
2 5
3 5
2 10
6 7
1 12
8
5 12
1 5 8 10 11
1 3
3
1 10
5
3 9
5 7 8
5 12
2 4 5 6 8
4 17
2 6 13 17
4 14
4 5 6 8
4 12
5 7 10 11
3 14
3 11 14
3 7
1 4 5
5 14
2 4 5 6 11
1 9
8
4 13
4 7 9 12
2 14
3 10
3 7
1 4 6
4 17
3 6 16 17
5 5
1 2 3 4 5
1 11
5
3 15
3 5 7
3 16
4 9 12
1 9
4
3 7
2 5 7
5 15
3 4 9 10 14
5 8
2 4 5 7 8
4 13
3 7 8 9
5 13
1 4 5 10 12
1 15
2
4 17
2 3 8 15
4 14
3 9 10 13
5 11
1 2 4 8 11
2 20
1 16
3 19
10 11 12
3 8
1 5 6
4 8
1 2 7 8
3 6
1 2 3
2 11
3 8
3 9
1 7 9
3 16
8 13 14
1 9
7
4 8
1 2 4 5
1 8
5
5 14
1 3 8 10 12
5 18
1 3 9 10 16
4 5
1 2 3 5
4 10
1 4 6 10
3 9
2 3 8
2 18
11 16
5 7
1 2 3 5 6
1 14
5
2 4
1 2
1 4
3
3 7
1 5 6
4 5
1 2 3 4
2 19
10 18
3 17
2 8 11
3 10
3 8 10
2 5
2 5
3 7
3 5 7
3 5
1 4 5
3 4
1 2 3
4 10
1 3 5 8
3 8
4 5 7
4 12
2 5 7 11
3 19
4 7 18
4 6
1 2 3 6
2 8
6 8
2 2
1 2
5 17
1 2 6 7 13
2 18
4 15
4 14
3 9 11 14
3 6
2 4 6
1 8
8
3 16
1 6 8
3 11
1 2 8
2 9
4 6
1 6
1
5 19
2 6 11 16 17
4 16
1 2 4 13
2 7
2 4
2 8
4 7
4 19
1 3 16 18
4 9
1 5 7 9
5 19
4 7 8 13 18
5 12
6 8 10 11 12
2 11
5 9
3 15
3 10 12
3 19
2 5 10
2 18
11 17
4 19
3 6 8 17
2 4
3 4
2 7
2 6
4 5
1 2 4 5
4 17
4 6 7 11
1 14
14
4 13
1 5 6 10
5 14
1 7 9 10 11
4 17
3 12 13 14
1 15
10
3 13
2 11 13
2 20
4 15
5 11
1 2 7 8 11
2 10
6 10
3 17
4 9 17
2 5
2 3
5 19
2 3 9 10 17
3 4
2 3 4
4 9
3 4 5 8
1 3
2
1 13
6
3 7
1 2 4
3 17
4 8 13
