180
10 19
2 5 6 7 11 12 14 15 18 19
1 5
4
5 14
1 4 6 7 10
7 16
3 4 9 10 12 15 16
1 7
7
2 5
1 5
5 12
2 3 4 5 9
3 16
2 4 15
6 8
2 4 5 6 7 8
3 8
1 4 7
9 18
2 3 6 7 11 13 15 17 18
4 19
10 11 14 18
3 7
1 2 5
4 17
2 4 7 9
9 10
1 2 3 4 6 7 8 9 10
6 18
1 5 7 10 17 18
8 10
1 2 3 4 5 7 8 9
4 7
2 4 5 7
9 16
1 3 5 6 9 10 11 12 15
6 16
1 5 7 9 13 14
8 17
4 5 8 9 10 12 13 14
7 7
1 2 3 4 5 6 7
3 5
1 3 5
8 20
4 6 13 14 16 17 19 20
10 14
2 3 4 5 6 10 11 12 13 14
7 20
6 7 8 11 16 17 18
2 5
2 3
7 8
2 3 4 5 6 7 8
3 19
8 14 19
7 8
1 2 3 4 5 7 8
5 8
3 4 5 7 8
9 10
1 2 3 4 5 6 7 8 10
7 19
2 4 6 8 10 13 17
6 6
1 2 3 4 5 6
4 18
4 10 14 18
6 11
1 2 3 7 8 11
2 19
5 18
10 15
1 2 3 6 7 8 9 10 12 15
10 10
1 2 3 4 5 6 7 8 9 10
10 14
1 2 3 6 7 8 9 11 12 14
8 17
1 3 4 6 7 8 11 17
9 11
1 2 3 4 6 7 9 10 11
9 18
1 3 7 8 9 11 12 15 16
7 7
1 2 3 4 5 6 7
8 20
6 8 10 11 13 15 17 19
1 6
3
7 19
1 4 6 7 8 15 19
4 19
6 10 12 15
9 12
1 2 3 4 5 7 8 10 12
6 20
1 4 5 11 12 15
2 13
6 11
8 13
3 5 6 7 8 9 10 13
9 13
2 3 4 5 8 9 11 12 13
2 11
2 5
1 2
2
8 16
3 4 5 9 10 11 15 16
9 12
1 3 4 5 6 7 8 9 12
6 10
3 4 5 6 7 10
8 20
2 7 12 14 16 17 18 19
9 18
1 2 4 6 10 13 15 16 18
10 17
1 2 4 6 8 9 14 15 16 17
9 15
2 3 5 6 8 9 11 13 14
3 7
3 4 7
1 20
13
7 19
4 7 8 10 14 15 19
6 18
3 7 11 13 14 17
5 14
1 5 8 11 13
10 12
1 2 3 4 6 7 8 10 11 12
7 8
1 2 3 4 5 6 7
5 14
2 4 6 10 12
10 12
1 2 3 5 6 7 8 9 10 11
3 20
4 7 13
1 14
4
9 13
1 2 3 4 6 8 9 10 13
10 17
4 5 6 7 9 10 13 15 16 17
7 10
3 4 5 6 7 9 10
7 14
3 7 8 9 10 11 13
9 14
1 2 3 4 5 7 8 10 12
10 18
2 3 5 9 12 14 15 16 17 18
7 12
1 3 5 6 8 9 11
5 20
2 3 13 16 20
1 12
4
8 20
2 4 8 11 12 14 15 16
3 3
1 2 3
7 10
1 2 4 5 7 8 9
10 11
1 2 4 5 6 7 8 9 10 11
10 19
1 6 7 8 9 10 11 15 18 19
8 17
3 4 5 6 9 14 16 17
7 8
1 2 3 5 6 7 8
2 14
4 6
2 19
4 9
4 13
1 9 11 12
4 12
1 7 10 11
1 7
1
4 14
7 8 10 13
2 12
7 9
5 15
1 4 9 10 13
1 11
9
7 8
1 2 3 5 6 7 8
4 8
3 4 5 8
7 13
2 3 7 8 10 11 13
1 10
9
5 19
8 11 14 17 19
3 15
9 10 13
7 19
3 4 9 12 17 18 19
7 20
7 12 13 16 17 18 19
4 10
2 4 6 7
2 4
2 3
7 9
1 3 4 5 6 8 9
3 12
2 3 9
7 11
2 4 5 6 9 10 11
8 9
1 2 3 4 5 6 7 9
5 14
5 6 8 9 12
6 18
4 11 12 13 15 17
1 3
3
10 12
1 2 3 4 5 6 7 9 10 12
8 20
1 5 6 9 14 15 18 20
7 12
1 3 4 5 7 8 11
2 6
5 6
1 6
6
2 14
4 5
1 6
2
9 14
1 2 3 6 9 10 11 12 13
1 14
13
7 11
1 2 3 4 6 7 11
3 12
2 4 10
1 10
1
6 6
1 2 3 4 5 6
1 15
7
1 16
3
1 20
6
6 19
2 3 11 16 17 19
10 16
1 2 3 7 8 9 11 12 13 14
10 13
1 2 4 6 7 9 10 11 12 13
9 9
1 2 3 4 5 6 7 8 9
2 6
2 4
4 15
1 3 9 14
2 10
8 9
1 3
3
10 11
1 3 4 5 6 7 8 9 10 11
8 20
1 3 6 7 11 15 16 19
4 16
2 5 9 16
4 20
6 9 14 20
5 7
1 2 5 6 7
8 20
2 3 4 5 6 8 9 15
3 8
3 6 8
3 10
1 8 10
8 16
2 3 4 10 11 13 14 16
8 20
2 5 7 13 15 16 19 20
1 12
6
4 6
1 2 5 6
1 6
1
2 20
1 17
1 5
3
6 15
1 2 4 8 11 13
2 2
1 2
3 6
4 5 6
6 8
1 3 4 5 6 8
8 15
2 3 4 5 7 8 11 13
7 10
1 3 5 6 8 9 10
2 11
2 9
2 18
10 11
5 18
6 8 12 15 17
7 14
2 3 5 7 8 10 11
8 15
1 2 5 7 9 11 13 15
9 20
2 5 7 8 9 10 13 15 18
2 15
3 15
4 8
2 3 6 7
8 16
2 4 7 9 10 11 12 16
7 12
1 6 7 8 9 11 12
10 19
1 2 4 7 8 9 12 13 16 18
10 19
1 2 3 8 9 10 11 12 17 19
8 20
3 4 6 9 10 12 16 20
2 6
2 3
7 16
2 6 7 10 11 12 14
8 18
2 3 5 8 10 12 14 17
4 18
3 12 13 16
7 8
1 2 3 5 6 7 8
6 9
1 2 3 4 6 7
7 7
1 2 3 4 5 6 7
