300
771 994 744 931
49 331 417 452
714 263 405 194
254 495 137 668
349 674 378 191
299 431 254 19
466 949 643 752
766 575 462 104
996 25 263 681
325 604 596 344
375 539 244 997
928 791 938 479
171 656 899 246
128 276 427 682
407 58 938 620
727 56 142 171
711 316 950 1000
957 393 894 551
296 683 637 176
208 114 699 178
873 204 1000 312
969 406 928 856
515 620 746 202
295 513 438 70
926 868 956 205
388 786 478 703
331 245 186 674
461 85 702 461
439 678 888 582
746 580 744 35
256 414 509 783
436 131 843 372
451 511 108 747
157 463 372 874
690 505 420 306
362 650 361 887
68 843 198 143
766 478 223 162
295 300 251 303
432 34 6 939
322 365 168 845
254 427 579 21
482 299 160 413
392 765 519 327
113 652 776 404
384 507 15 882
339 415 790 58
485 972 881 880
180 701 845 816
665 71 854 94
701 712 501 374
747 950 230 448
609 646 990 92
56 549 653 139
852 860 57 299
113 808 793 338
398 655 260 732
268 277 333 51
779 69 546 594
363 890 499 508
364 129 476 178
849 498 307 767
416 646 115 246
759 245 553 763
633 774 8 986
888 701 25 269
516 830 887 868
379 925 78 216
683 274 279 35
864 379 170 893
273 245 336 736
632 225 106 996
96 554 515 954
371 345 896 557
156 698 742 22
511 168 955 89
289 770 864 856
630 887 382 679
827 413 232 1
480 869 833 349
7 794 89 612
143 614 914 200
189 551 641 166
185 177 905 894
57 965 306 100
210 672 473 949
547 832 180 807
897 30 597 872
348 559 839 338
625 622 269 914
478 378 412 681
234 761 320 588
639 994 807 57
897 636 831 815
281 301 571 865
553 86 120 513
179 304 278 213
325 308 853 292
819 240 620 842
902 47 315 214
30 558 872 981
237 279 967 764
569 841 752 352
985 197 298 221
108 708 463 695
356 948 439 626
5 727 139 189
753 968 472 150
57 38 192 841
237 551 919 829
469 374 522 330
807 731 555 304
117 15 927 459
887 675 530 70
246 596 257 943
15 357 197 915
616 619 570 437
685 113 388 524
983 394 265 125
236 977 587 618
217 863 1000 106
821 405 299 783
598 475 130 593
712 964 492 576
484 875 481 466
823 156 782 386
397 128 543 234
600 874 386 315
263 332 745 253
802 562 490 763
658 69 739 934
468 987 823 558
955 31 693 828
296 964 352 745
325 757 928 896
408 725 1000 877
391 495 422 883
402 749 367 136
778 410 946 735
847 185 333 265
990 990 924 417
819 790 128 665
57 171 372 103
133 997 751 248
362 649 696 633
275 52 930 439
439 980 456 670
65 954 485 50
656 678 698 871
794 195 490 106
157 322 262 380
968 880 553 196
747 509 808 297
487 951 932 765
775 956 778 278
935 515 313 807
882 203 130 657
914 326 623 578
556 439 247 889
676 49 291 577
158 492 235 898
414 225 796 103
716 410 815 38
307 113 837 357
733 57 464 669
965 852 532 197
304 445 232 508
506 838 50 289
382 945 982 824
729 324 523 312
450 558 971 523
916 196 295 684
418 873 230 966
103 593 265 600
944 898 50 271
137 904 106 505
167 922 867 604
171 724 101 565
877 928 362 366
858 57 18 178
127 757 851 137
611 944 141 617
718 514 866 990
989 921 680 289
189 40 664 623
116 298 667 469
327 720 332 684
942 767 510 957
417 785 226 1
61 989 292 209
190 994 694 783
84 766 353 700
466 290 627 538
649 612 858 746
754 444 311 655
206 762 526 238
955 608 803 133
423 278 93 344
97 832 551 138
417 108 513 80
65 80 97 925
788 54 432 784
916 828 365 420
577 673 275 883
370 587 159 348
426 114 915 261
262 572 126 367
702 631 729 475
350 99 774 718
338 934 174 643
939 840 873 222
324 672 274 655
830 97 816 990
824 732 664 540
721 573 154 57
938 916 907 678
546 728 194 500
173 523 546 904
778 984 695 624
733 303 361 829
994 508 355 179
212 661 564 719
995 453 204 215
798 755 479 923
532 399 328 596
360 307 871 709
296 610 741 220
759 51 124 135
384 551 738 261
934 460 807 131
838 978 158 452
491 285 990 145
304 447 354 501
965 673 737 928
731 493 203 995
616 12 959 173
513 854 581 27
906 623 58 700
363 476 246 455
951 237 194 410
0 675 627 411
147 358 515 446
869 371 151 444
471 513 633 431
286 387 174 10
647 914 430 941
730 136 575 780
363 709 887 201
233 809 176 808
631 914 421 651
777 863 117 137
521 516 936 571
238 69 241 621
733 560 496 769
633 814 216 75
98 36 342 680
90 952 250 576
54 91 302 364
655 55 318 855
342 315 672 368
452 908 49 401
848 942 606 979
382 50 934 862
173 988 720 104
764 99 295 116
602 837 314 608
630 730 408 523
451 266 996 372
790 781 418 376
61 933 733 604
660 850 918 702
546 62 664 875
764 451 683 223
238 993 848 40
265 736 654 384
809 447 900 35
963 324 382 966
825 144 215 709
986 918 434 145
46 508 481 434
250 101 704 168
462 728 1 756
71 158 69 361
713 138 31 493
499 184 377 776
944 246 742 927
518 346 731 681
899 712 307 936
365 621 199 81
309 889 917 518
793 854 690 251
892 704 517 108
571 510 768 430
779 135 860 184
655 44 937 87
791 50 598 397
112 161 783 945
672 101 398 293
790 318 329 138
136 801 938 204
