100 10
1 2
1 3
3 4
4 5
3 6
2 7
1 8
5 9
6 10
9 11
3 12
5 13
8 14
13 15
15 16
5 17
10 18
13 19
7 20
11 21
4 22
7 23
19 24
17 25
25 26
19 27
11 28
9 29
18 30
24 31
15 32
18 33
3 34
34 35
34 36
13 37
28 38
20 39
13 40
35 41
32 42
38 43
8 44
26 45
13 46
28 47
17 48
35 49
37 50
8 51
34 52
16 53
33 54
49 55
50 56
51 57
31 58
32 59
24 60
50 61
18 62
23 63
43 64
56 65
1 66
10 67
28 68
9 69
26 70
36 71
64 72
10 73
1 74
18 75
37 76
29 77
40 78
78 79
20 80
77 81
65 82
77 83
75 84
75 85
44 86
10 87
87 88
68 89
73 90
27 91
48 92
50 93
77 94
44 95
20 96
49 97
42 98
83 99
10 100
2 3 2 4 1 3 4 1 5 4 2 4 2 4 3 2 1 5 3 2 4 2 4 1 4 4 4 1 4 1 5 1 4 4 2 5 1 3 5 5 3 5 1 2 1 4 1 4 4 4 2 5 3 4 4 2 1 4 2 5 4 5 5 3 3 4 3 5 4 4 3 3 2 4 3 1 5 5 5 4 4 2 4 4 3 1 3 4 5 4 4 2 4 5 1 3 4 5 5 5
98 60 104 123 71 84 149 83 35 138 103 131 94 12 29 85 32 64 45 138 137 40 37 56 84 96 56 17 112 92 26 150 51 146 14 21 22 85 21 12 126 145 91 135 30 38 38 18 136 30 50 64 93 49 19 125 35 31 104 54 26 58 87 102 10 43 58 104 93 54 115 149 77 129 76 66 22 100 53 125 82 116 127 149 105 41 3 146 70 29 102 28 78 81 41 16 93 101 138 102
22832627
1303122
16981795
75392133
80437408
25235767
47920333
65090479
36133917
2119297
