100 10
1 2
2 3
2 4
2 5
3 6
2 7
2 8
1 9
9 10
9 11
7 12
7 13
11 14
3 15
9 16
6 17
17 18
9 19
10 20
6 21
14 22
11 23
20 24
8 25
13 26
2 27
2 28
11 29
2 30
20 31
13 32
1 33
24 34
30 35
11 36
5 37
35 38
9 39
21 40
8 41
10 42
38 43
35 44
32 45
24 46
36 47
30 48
43 49
48 50
31 51
16 52
45 53
53 54
49 55
53 56
3 57
36 58
44 59
2 60
30 61
8 62
50 63
61 64
35 65
22 66
8 67
42 68
31 69
28 70
3 71
57 72
49 73
62 74
3 75
5 76
42 77
63 78
21 79
51 80
38 81
43 82
46 83
5 84
50 85
59 86
39 87
18 88
22 89
62 90
33 91
22 92
22 93
88 94
66 95
45 96
42 97
7 98
86 99
89 100
3 2 2 4 3 5 2 4 3 3 5 1 2 4 1 2 2 2 1 4 2 2 4 3 5 4 1 3 3 4 3 2 4 2 1 3 5 3 1 2 4 5 5 1 3 3 4 1 3 4 2 5 4 4 5 2 3 5 2 4 2 5 4 4 1 2 5 2 1 4 4 1 1 5 5 5 3 1 3 3 1 2 3 4 2 2 4 5 5 4 5 2 1 3 1 5 1 2 3 4
62 11 135 52 111 129 13 71 50 45 62 53 42 89 90 133 3 108 95 74 76 141 22 24 106 1 94 40 133 119 54 54 13 66 125 13 37 71 5 119 67 135 33 18 128 105 25 0 97 140 29 11 112 143 99 95 142 101 44 4 71 112 138 51 27 46 10 53 132 103 146 75 11 11 86 86 25 115 11 79 44 100 1 94 98 17 86 124 58 45 32 80 10 100 33 132 147 20 24 148
17007761
66856791
25543791
77838998
6103444
83001175
18247267
29387291
7324866
85820669
