50 1
341 851 209
987 252 370
29 672 601
178 603 860
6 431 114
463 588 788
712 956 895
19 575 336
860 760 835
498 737 384
110 78 925
320 755 176
690 784 848
981 653 140
840 659 262
954 812 850
431 523 495
16 233 70
352 92 520
877 280 256
260 390 24
185 400 780
51 89 253
900 760 906
730 599 565
992 243 66
531 364 590
26 380 823
787 422 605
306 298 885
562 249 965
277 124 365
56 175 144
309 765 595
215 495 884
470 176 126
536 398 181
816 114 251
328 901 674
933 206 662
507 458 601
162 735 725
217 481 591
51 791 355
646 696 540
530 165 717
346 391 114
527 898 228
779 225 819
142 849 24
