80 2
737 215 342
858 569 80
231 896 854
392 881 274
150 224 611
247 829 289
953 402 994
376 654 417
670 351 310
584 360 743
545 787 958
887 645 526
657 876 421
510 267 992
784 108 907
84 355 735
373 307 136
57 374 480
164 43 831
474 317 191
216 862 668
864 438 312
80 94 188
501 604 145
183 77 253
89 162 299
824 225 296
650 282 360
130 136 93
651 610 411
842 516 272
200 380 711
512 460 805
390 651 99
536 524 176
479 613 28
468 126 254
765 777 226
124 597 363
218 247 663
629 780 870
901 980 249
301 491 399
106 572 740
205 107 264
71 276 877
791 745 3
44 509 470
961 323 66
13 541 3
367 860 783
236 451 762
175 752 944
574 858 515
313 753 312
577 515 588
454 305 22
147 39 221
617 1000 545
373 704 776
376 70 326
850 997 777
611 171 528
244 745 76
449 748 519
451 15 33
730 159 338
752 306 377
974 613 67
208 986 461
984 51 221
309 901 217
776 202 388
304 136 823
70 586 260
589 36 275
623 766 434
651 208 430
28 181 42
786 389 718
