91 2
674 861 899
186 804 570
499 322 875
826 709 897
89 854 760
655 755 803
908 329 137
466 310 473
822 111 136
183 25 861
592 389 721
180 576 214
440 765 537
314 590 936
901 369 789
661 23 233
463 931 562
290 86 562
453 908 674
279 91 389
140 373 468
861 243 43
75 683 498
302 687 778
237 588 146
26 939 861
950 91 791
512 72 568
764 525 475
127 805 256
206 945 319
675 495 252
408 260 935
907 562 312
374 490 900
521 206 528
381 155 619
862 667 381
429 121 907
595 939 401
541 145 35
551 510 530
803 918 481
738 514 42
740 889 532
639 99 738
857 480 894
165 31 250
547 151 61
453 746 0
544 977 836
579 527 345
799 330 953
279 758 157
12 497 736
234 826 835
663 372 4
556 537 726
496 83 877
248 226 312
248 770 289
83 38 816
118 838 836
70 807 283
227 819 470
653 53 986
487 406 357
181 652 895
908 147 978
474 85 204
787 333 664
75 106 703
581 915 230
107 986 36
390 903 546
861 556 289
536 733 695
894 605 346
788 202 183
455 676 269
659 462 292
13 227 89
716 809 3
946 916 679
672 996 272
908 546 518
196 82 941
891 976 545
927 453 437
110 908 113
69 567 265
