50 2
249 923 499
131 925 821
99 539 115
654 632 750
730 50 156
739 993 658
267 446 200
245 713 758
237 581 39
666 659 82
760 599 5
258 730 620
79 519 850
885 173 481
634 593 531
480 332 213
138 599 659
28 844 61
786 81 642
515 437 992
287 196 590
983 454 9
603 223 219
142 107 82
623 432 675
153 912 6
56 740 295
715 768 139
466 243 911
798 758 37
789 736 233
68 718 377
769 10 601
988 152 398
760 465 830
434 308 432
441 364 171
736 769 630
565 234 873
165 32 321
202 511 747
125 270 464
503 729 165
794 406 7
191 165 473
712 599 781
143 730 145
4 156 914
634 411 839
197 577 871
