60 2
74 34 99
78 86 96
15 99 17
76 55 82
99 96 45
12 33 1
65 11 33
31 73 27
70 52 7
46 46 86
976 3 40
950 87 67
927 35 15
961 54 96
938 5 81
912 14 32
904 46 25
970 2 10
901 70 5
940 1 80
72 64 1000
33 21 929
89 61 932
96 65 962
54 57 991
67 18 981
95 20 900
30 15 983
81 90 900
19 48 993
916 961 906
902 948 966
959 900 943
950 970 943
962 937 907
921 983 934
951 995 981
982 934 959
950 922 924
1000 946 925
954 943 46
986 941 16
970 936 18
914 939 30
925 945 82
976 987 54
973 959 34
937 911 91
903 905 8
927 966 35
72 991 973
10 994 969
35 919 983
86 906 950
51 960 946
66 933 900
28 904 967
95 955 902
69 938 920
43 940 989
