94 2
647 173 930
94 146 219
133 725 671
438 857 425
750 933 417
331 298 294
683 78 569
45 682 550
41 851 479
416 676 662
388 12 525
7 797 672
226 930 396
587 57 253
11 807 876
119 829 864
413 511 942
982 556 313
222 598 163
391 704 530
52 91 542
578 789 29
940 14 959
335 601 16
278 303 513
153 422 341
707 525 853
648 507 98
961 419 386
815 810 781
344 862 872
576 129 351
605 759 365
564 94 657
270 372 650
783 216 71
815 923 286
667 261 793
455 221 902
532 726 711
312 69 263
874 646 82
224 941 842
280 504 936
627 464 998
276 247 213
37 61 827
323 418 87
807 563 999
708 94 725
419 406 484
682 280 820
764 194 761
605 474 955
230 100 419
228 66 666
131 103 417
648 427 835
425 924 87
114 631 182
529 740 588
12 421 558
833 876 753
593 170 917
547 91 17
656 319 83
321 140 878
428 479 995
953 904 918
40 17 238
222 546 979
500 249 89
749 81 655
191 364 826
107 601 917
815 257 926
899 268 756
466 387 234
460 339 829
377 379 536
305 291 82
283 482 21
63 921 793
718 111 156
233 218 447
840 33 394
765 622 663
211 778 49
135 237 78
964 304 148
500 609 439
272 583 611
984 646 531
776 363 642
