68 2
27 516 522
975 953 780
617 769 489
671 264 387
532 533 572
36 665 174
409 701 236
306 680 345
853 647 567
104 824 277
762 541 483
283 516 436
754 132 895
242 493 850
319 24 382
891 751 47
756 159 438
992 156 117
26 699 455
593 803 278
560 254 510
42 227 25
168 981 848
754 223 340
603 232 54
985 123 805
722 569 655
159 560 811
968 586 509
422 869 1
390 118 255
900 160 482
615 19 153
462 773 66
492 65 298
546 740 111
41 462 680
696 621 930
506 278 205
14 390 73
706 781 882
961 370 42
132 676 752
285 828 214
351 320 279
650 556 18
451 597 170
131 292 792
751 798 69
957 502 150
720 898 931
602 858 991
334 681 356
85 966 184
299 7 504
268 347 59
977 798 347
147 929 639
939 370 127
698 326 319
848 45 217
468 647 765
149 981 445
505 756 411
379 745 418
883 12 765
633 990 252
980 136 872
