71 2
442 324 103
440 16 14
739 726 916
613 224 909
808 246 277
790 505 496
824 847 692
772 341 553
569 829 384
82 579 751
556 21 766
659 461 472
673 890 198
278 192 112
877 1000 358
845 789 553
340 302 400
722 73 431
274 332 259
348 104 838
790 660 549
555 9 700
26 372 589
224 651 471
337 527 161
385 61 950
939 401 943
28 814 15
459 778 38
408 126 142
936 916 803
485 160 812
184 877 183
464 101 524
935 128 742
95 203 803
736 141 895
678 169 708
383 318 485
111 726 301
254 662 907
747 837 66
558 20 944
431 174 735
646 800 553
387 585 756
880 10 898
774 688 757
171 762 75
657 873 801
648 817 152
555 563 989
621 811 700
254 242 564
679 578 363
231 655 639
988 534 649
575 999 27
331 169 479
96 516 351
588 164 859
740 719 421
419 29 232
809 975 164
372 653 742
426 885 396
755 562 620
403 136 308
120 157 478
599 254 684
641 842 538
