91 2
776 747 164
872 377 714
342 312 757
757 469 376
255 548 804
259 439 216
561 861 611
230 671 150
925 714 575
535 225 15
645 691 452
809 562 830
213 594 832
660 351 301
36 296 539
530 555 978
436 806 838
737 726 508
578 340 912
152 876 827
858 210 517
310 709 769
830 612 363
351 272 404
342 999 700
881 218 946
859 654 441
386 80 167
585 658 197
496 501 72
13 48 973
220 48 682
990 568 293
42 920 565
136 952 253
836 523 471
471 71 124
603 457 205
770 41 553
967 228 53
730 241 102
392 461 150
73 140 719
57 182 328
312 318 279
566 845 492
36 5 563
852 608 711
747 67 752
299 725 670
43 454 911
145 536 62
986 300 893
704 357 766
722 359 83
692 615 618
183 342 624
747 884 922
457 630 990
899 619 714
569 662 858
169 497 393
922 483 693
815 877 740
580 289 790
353 981 404
662 854 746
285 600 629
897 747 949
886 336 568
599 595 920
456 454 417
540 66 590
232 881 466
663 150 755
452 503 425
856 855 279
292 830 569
611 727 6
250 612 342
508 211 627
427 357 771
534 897 837
123 820 717
280 482 557
725 934 751
841 479 605
119 461 435
688 763 161
694 12 463
726 210 674
