89 2
973 90 726
660 869 27
643 322 6
489 771 815
547 788 324
860 990 413
575 331 131
5 814 54
780 980 976
397 326 806
944 989 897
359 649 765
77 982 777
83 470 237
898 708 25
913 567 705
15 142 35
146 838 539
200 307 209
866 394 225
362 338 213
949 697 552
713 464 533
179 547 694
417 135 401
132 47 968
837 62 800
872 899 328
101 789 635
310 344 29
225 706 57
128 654 444
681 56 909
904 236 145
597 343 971
998 475 708
656 311 770
145 873 358
473 974 146
108 974 491
828 889 887
885 17 541
18 698 287
927 291 213
763 889 556
733 886 30
441 231 31
901 377 905
259 850 568
95 648 232
276 165 120
163 740 137
394 759 525
681 375 817
585 137 705
140 871 280
862 1 512
893 902 579
487 851 118
746 947 767
978 222 622
788 75 362
616 469 811
140 841 185
647 425 13
41 255 574
322 116 575
524 700 476
102 877 327
220 622 964
677 289 185
299 768 952
351 383 420
161 213 951
36 861 375
49 902 631
623 914 437
197 437 136
364 229 704
381 450 15
344 817 305
219 806 72
861 156 145
281 7 358
231 44 218
297 784 811
928 407 724
54 294 161
882 658 390
