60 2
341 910 126
561 424 329
484 888 159
121 52 214
218 364 114
404 110 491
649 257 462
417 881 586
542 683 966
493 659 580
859 1000 179
986 250 604
4 425 181
854 546 924
67 454 978
873 548 87
53 197 344
515 614 224
101 155 597
757 338 255
336 196 945
206 872 195
810 566 620
681 419 856
604 487 309
581 49 548
668 102 745
702 617 48
926 718 894
213 474 231
468 501 117
413 707 680
608 206 245
918 887 665
463 180 842
462 451 891
9 809 993
754 510 299
492 125 708
385 338 181
306 807 372
114 910 769
794 207 975
38 124 551
393 277 421
234 739 562
815 749 370
497 192 570
797 685 386
504 760 724
375 757 220
748 871 820
206 664 26
872 392 841
112 786 117
534 710 857
95 525 295
156 21 487
726 818 862
111 11 622
