85 2
11 203 131
59 455 920
417 888 201
552 254 506
59 598 25
618 90 938
779 838 953
483 341 629
343 630 343
614 487 190
214 498 84
35 248 539
955 355 426
155 598 680
351 657 969
66 965 58
695 743 586
647 225 617
966 258 247
308 872 424
499 776 613
273 811 861
812 455 906
928 300 503
297 651 850
265 718 814
324 412 246
600 749 161
217 715 419
464 22 982
578 211 447
190 484 258
741 986 403
647 913 704
840 901 44
380 165 452
884 179 554
130 780 303
982 997 708
91 150 730
72 728 632
209 609 806
467 349 792
561 686 394
955 216 294
999 286 150
141 169 19
695 990 799
688 972 485
395 62 325
816 825 744
447 724 352
943 191 391
424 442 768
509 396 674
493 394 960
643 225 128
663 921 118
151 608 780
637 694 532
962 509 46
395 646 770
747 278 651
829 703 92
596 211 488
269 704 573
919 37 798
46 700 408
855 541 707
634 177 400
856 830 599
902 224 935
362 662 212
12 490 915
796 776 816
974 735 520
546 653 557
34 389 947
132 244 487
529 568 355
929 424 875
217 15 789
151 377 450
364 80 630
969 876 405
