99 2
705 53 204
980 362 516
923 0 232
682 629 894
677 156 430
881 282 959
949 253 697
6 876 209
694 839 619
200 337 887
570 41 940
774 20 301
981 633 993
903 314 621
796 682 778
916 562 750
874 510 2
260 516 568
469 209 406
88 99 743
665 669 475
295 133 495
596 804 819
278 706 132
590 191 814
57 797 65
807 671 576
500 931 782
67 90 682
164 869 781
597 533 140
71 828 273
257 114 76
75 82 472
207 672 353
712 729 149
777 226 820
42 726 441
515 483 531
196 647 399
667 935 622
497 5 450
770 262 254
536 337 336
698 235 8
50 637 427
891 103 343
710 837 68
841 351 242
371 237 579
460 594 513
82 91 519
222 551 471
476 87 499
502 475 424
200 216 751
628 106 854
971 506 380
730 347 421
972 408 658
550 559 252
754 641 343
963 553 584
433 719 671
622 220 837
45 421 52
796 739 849
340 399 44
410 128 81
832 790 490
489 30 739
431 784 379
464 746 622
48 869 340
409 491 250
936 226 671
678 713 99
526 743 499
571 152 317
652 984 107
832 163 828
570 284 301
639 439 46
260 487 605
290 586 95
541 522 322
902 199 725
1 416 467
500 987 619
507 328 293
614 851 146
131 420 430
432 750 869
168 700 45
774 991 632
559 221 844
881 122 42
605 123 458
762 313 134
