95 2
811 664 694
428 533 905
907 262 676
650 664 660
5 271 307
898 359 865
353 68 558
481 163 224
123 398 184
401 755 11
241 256 676
625 684 899
530 280 852
896 930 515
246 625 476
553 212 835
417 565 904
665 736 66
889 860 154
73 951 600
84 882 856
450 506 229
349 726 509
200 312 128
405 558 443
882 801 655
716 908 911
309 572 646
66 460 195
911 223 145
510 999 717
365 138 223
284 487 949
793 377 951
611 473 508
53 354 999
399 760 906
309 760 477
645 826 628
531 736 541
366 937 229
83 992 368
306 276 545
945 759 613
586 370 85
784 113 439
783 512 889
688 821 648
856 156 163
173 687 590
404 743 526
634 826 517
1 822 483
236 457 242
849 42 302
934 826 415
62 608 928
642 987 438
980 532 594
143 705 971
733 108 714
949 432 539
155 123 51
639 360 508
571 899 240
563 833 65
978 585 364
595 917 40
33 897 572
317 39 967
979 462 765
692 410 888
921 255 10
972 894 60
169 154 960
99 717 482
165 385 66
219 980 984
950 703 570
211 20 609
868 999 761
632 380 861
209 300 115
220 963 9
280 822 854
239 922 261
721 777 646
478 686 625
151 635 18
721 536 38
19 403 727
780 725 797
640 935 787
755 154 749
454 124 261
