89 2
890 544 89
826 583 37
967 514 26
893 499 84
950 487 52
849 405 69
884 562 43
987 505 76
966 419 61
811 476 131
955 517 36
938 554 79
805 580 105
904 417 24
943 421 117
900 490 67
863 485 68
920 561 104
891 574 91
967 506 57
884 494 20
990 573 127
923 430 18
940 454 23
961 523 79
851 543 174
888 563 74
802 468 89
976 511 10
834 521 101
929 541 21
902 421 57
933 439 48
939 414 171
815 493 111
873 541 27
941 583 115
853 593 69
926 446 198
867 467 32
888 525 161
879 525 16
893 496 101
938 559 40
957 535 55
851 562 165
834 429 39
827 499 132
893 481 63
970 595 83
895 411 123
943 464 3
902 504 48
951 429 144
932 420 195
831 553 29
880 490 8
962 506 34
909 589 79
984 467 96
904 455 45
934 551 34
954 547 185
859 528 117
949 554 47
861 507 156
881 403 76
949 546 12
804 591 5
955 425 109
854 410 195
805 513 23
912 470 172
867 498 186
813 463 19
981 529 124
822 427 86
955 540 21
807 594 165
822 413 32
890 533 197
896 488 134
876 592 6
809 506 126
974 490 85
916 440 149
805 574 121
879 503 45
853 459 48
