71 2
807 24 428
955 197 450
921 87 473
842 84 417
993 88 427
963 136 489
826 20 566
868 33 526
813 175 403
952 89 424
980 171 400
830 131 597
904 86 437
873 160 473
853 2 513
942 147 449
861 110 421
987 88 407
990 156 534
967 121 575
919 74 546
869 54 429
906 37 468
931 93 428
844 166 582
845 19 481
867 114 591
826 175 479
960 114 588
935 56 509
833 23 535
863 95 542
931 164 579
911 22 472
845 153 590
926 197 410
917 42 476
948 61 451
936 87 565
998 47 421
933 134 597
875 168 492
806 31 408
878 114 430
869 25 583
831 22 532
907 148 526
910 17 588
827 165 427
800 54 427
949 4 561
993 89 529
801 165 512
831 123 578
966 2 555
898 23 577
825 6 525
965 65 494
992 127 460
971 154 466
814 56 559
879 49 476
857 51 400
813 34 554
990 1 529
962 28 400
992 138 433
814 109 539
974 194 547
802 9 597
989 62 435
