70 2
431 104 858
490 25 848
480 115 882
584 197 913
499 125 971
474 125 991
401 25 903
437 147 887
466 192 987
495 46 885
599 180 868
577 190 958
444 39 990
442 73 975
519 186 826
596 109 853
573 100 854
521 156 844
465 43 910
512 182 957
444 20 909
435 88 838
474 199 882
499 141 924
485 116 996
595 95 944
447 148 870
403 2 991
598 46 808
533 108 872
553 18 917
441 127 952
592 165 978
534 47 829
402 124 914
497 72 861
445 16 861
400 86 816
446 29 967
507 190 900
525 62 853
404 131 846
569 83 839
568 13 925
492 42 879
516 109 977
533 170 974
571 183 974
553 0 973
495 167 832
557 19 909
489 72 913
524 70 882
490 109 802
532 186 895
593 66 811
516 195 896
451 96 925
418 21 820
437 53 929
461 162 970
532 27 895
593 61 985
580 63 869
598 110 863
593 74 979
514 122 830
583 19 852
502 121 903
529 91 987
