59 2
810 67 568
919 196 490
801 72 493
993 112 532
910 118 550
988 42 411
837 41 583
906 86 444
998 82 468
939 119 576
908 187 443
998 149 592
843 21 464
927 174 528
877 168 446
888 78 440
823 18 433
867 7 471
887 113 554
863 64 425
859 3 412
803 63 514
867 13 487
947 56 461
945 183 581
985 12 412
818 53 430
890 76 438
996 144 503
821 183 519
985 47 523
899 58 586
938 61 552
800 80 408
933 27 592
945 172 556
928 157 409
918 127 486
973 169 582
893 165 565
968 138 564
906 124 422
858 175 483
867 114 515
811 66 542
967 199 514
977 97 423
815 25 551
997 143 472
879 161 528
853 129 452
889 36 428
804 46 494
813 124 511
837 44 408
940 21 433
802 185 597
931 51 510
915 136 428
