52 2
427 941 49
410 914 75
580 839 18
537 949 191
569 883 141
482 944 181
551 997 192
457 865 160
443 917 18
582 882 20
583 861 112
459 823 53
477 803 119
468 893 158
561 814 107
543 896 142
487 847 87
400 856 36
418 900 101
438 834 171
502 818 5
508 877 19
427 954 42
586 974 198
493 888 91
436 983 57
475 870 154
463 870 153
517 888 10
488 879 62
445 981 96
464 889 114
507 917 143
505 855 49
548 948 24
405 936 64
511 963 47
465 827 117
427 944 140
441 984 180
404 894 193
547 953 34
597 810 103
437 867 59
436 979 195
505 996 111
445 975 138
426 816 82
437 905 66
582 909 95
417 809 141
472 958 94
