65 2
88 861 549
138 809 426
6 983 586
101 956 502
167 975 583
138 852 432
8 847 401
145 905 414
43 899 524
185 845 554
140 946 442
153 972 580
163 958 539
98 812 592
6 947 560
182 980 498
186 981 506
185 947 452
90 871 447
142 825 584
139 868 524
85 800 478
57 891 593
167 884 491
179 844 450
126 942 432
58 801 570
39 805 556
186 852 598
10 988 492
35 864 583
55 942 468
8 887 477
99 931 444
183 981 575
27 965 454
122 887 512
123 995 504
128 994 442
132 838 404
120 822 440
184 842 447
118 916 555
49 844 538
187 818 515
182 813 443
128 817 527
167 809 599
189 857 535
31 864 414
103 819 485
172 910 486
16 980 469
66 972 568
180 887 507
199 930 490
133 808 537
143 943 478
16 995 517
188 881 489
50 902 505
30 823 523
89 972 455
171 943 419
180 832 504
