58 2
27 972 573
94 904 580
12 904 401
169 938 588
162 973 581
134 821 456
48 998 553
180 950 524
27 885 562
101 894 465
86 867 493
59 847 539
115 848 551
19 988 472
110 921 586
83 929 520
56 883 568
6 959 500
157 921 480
194 939 581
88 984 468
108 923 479
155 826 594
156 898 565
96 884 427
170 957 462
99 877 518
182 978 477
93 810 434
167 991 580
106 811 421
42 842 529
165 836 436
191 954 592
41 933 441
77 996 411
34 866 510
112 943 445
42 929 490
52 910 457
195 931 515
7 860 509
49 896 474
38 841 417
144 834 458
77 997 536
73 907 570
35 947 476
165 956 528
27 824 524
158 933 483
170 808 484
18 977 474
11 836 418
45 924 496
42 894 521
102 881 413
62 962 441
