100 100
12 75
33 56
68 5
30 23
43 56
1 58
58 97
10 49
27 13
52 66
79 84
67 26
12 10
37 61
58 44
22 71
15 87
37 7
64 7
7 45
33 82
2 58
29 78
91 30
80 1
24 49
58 62
72 38
79 50
61 36
1 72
16 91
63 70
14 8
73 7
95 26
73 74
55 37
93 25
17 75
78 93
31 71
51 79
16 11
90 43
80 94
26 49
7 52
29 47
91 58
49 39
18 51
57 40
81 7
4 35
9 24
5 65
99 18
1 54
91 5
85 37
49 32
31 37
33 91
3 83
39 77
37 53
78 89
77 21
37 41
37 59
76 46
27 57
16 92
22 42
14 5
60 61
58 37
81 76
5 15
6 78
12 98
34 89
40 96
29 1
91 12
58 20
100 60
93 19
79 87
88 84
57 58
86 67
48 69
77 83
17 69
70 6
55 4
93 28
32 77 8 89 83 49 98 33 80 93 4 28 79 72 16 18 62 50 92 1 37 23 10 41 95 70 78 2 76 30 35 56 38 53 3 100 94 68 31 36 27 51 66 55 14 29 60 57 81 43 45 52 34 47 63 91 9 17 54 59 65 24 7 39 25 75 90 85 40 44 19 42 15 48 82 11 96 88 20 26 61 69 13 97 5 64 71 73 21 87 58 84 6 86 46 22 67 12 74 99
