100 100
21 60
88 35
69 12
55 58
98 100
36 9
69 33
100 70
43 61
1 87
45 55
52 80
14 48
79 68
9 35
46 15
99 25
15 66
44 43
52 76
50 17
23 80
91 43
35 17
67 20
43 23
100 1
2 13
66 73
83 12
74 97
18 36
15 63
62 3
71 100
57 94
32 62
78 54
33 64
69 19
69 35
66 26
1 79
51 74
44 82
95 96
7 60
1 30
11 5
35 95
81 14
31 29
22 99
75 34
9 1
86 57
84 63
5 53
37 64
59 83
34 79
5 90
25 9
8 94
80 9
47 34
78 29
92 67
28 85
42 10
99 72
81 58
89 85
11 59
66 77
97 27
74 9
16 35
75 93
4 43
25 29
28 100
39 35
13 62
40 19
99 10
49 41
64 49
58 15
34 6
50 21
58 12
9 65
87 56
62 43
20 74
85 38
94 25
24 100
69 89 60 97 82 94 26 17 21 61 49 64 43 33 14 35 81 28 18 76 87 68 56 75 13 70 29 71 100 31 72 63 41 67 27 88 37 77 45 39 95 53 32 46 10 57 78 86 96 2 24 3 52 66 6 79 16 30 5 55 51 92 38 74 1 98 36 84 11 93 20 90 42 19 40 48 7 25 73 99 34 9 83 85 91 4 12 23 54 15 58 62 59 50 8 65 80 22 47 44
