1000 1000
43 253
399 309
707 910
539 228
909 950
362 475
861 814
986 290
434 145
15 627
542 708
653 713
452 25
102 712
800 130
707 515
885 341
242 324
336 924
875 238
161 453
500 662
577 715
494 451
906 10
777 438
120 238
601 806
274 670
295 152
194 126
936 624
470 984
861 399
396 55
968 166
783 506
234 375
466 378
529 916
263 52
465 27
465 872
115 945
283 839
503 283
898 204
373 163
82 8
727 647
52 856
815 947
498 62
573 710
653 657
321 749
606 996
754 113
88 703
401 436
5 791
669 537
114 828
870 527
594 131
734 294
237 219
283 812
197 406
252 800
679 81
917 619
942 34
462 557
106 349
632 822
706 486
569 575
425 664
823 894
865 691
862 403
664 902
70 216
380 147
72 399
739 338
1 254
477 384
82 100
562 619
1 89
525 820
596 422
399 151
653 680
283 363
300 604
217 990
272 733
258 976
651 158
308 148
923 515
180 999
95 897
541 730
473 729
451 28
507 195
995 833
311 176
458 552
280 346
369 33
842 629
610 851
899 760
169 234
151 930
116 70
836 359
800 117
550 647
407 662
1 415
683 986
354 338
739 746
401 172
837 212
720 105
387 86
621 873
487 860
368 747
587 652
821 300
673 711
965 358
289 809
679 992
76 813
664 58
624 469
914 251
284 772
794 940
124 376
383 118
653 306
443 247
750 286
77 770
819 491
316 844
739 915
281 403
413 90
903 7
366 961
259 706
629 535
104 781
182 716
57 923
979 387
853 837
696 730
83 870
983 905
706 570
805 306
601 510
611 496
83 651
799 452
724 214
472 175
779 742
351 903
269 603
407 83
93 513
464 883
134 52
17 281
664 470
157 504
987 419
715 1
291 858
928 889
245 161
974 726
857 583
66 262
701 299
263 565
12 632
29 800
422 532
154 179
11 712
82 350
339 401
446 341
528 364
222 913
111 1
683 3
813 391
589 715
830 888
559 411
958 700
754 249
343 90
553 681
597 427
48 395
471 528
971 319
344 724
561 30
498 907
91 501
399 935
292 442
426 466
752 328
408 686
279 574
399 134
757 274
247 520
992 184
438 625
238 573
134 875
2 406
785 672
966 694
509 30
79 125
123 417
561 35
353 816
217 936
30 629
735 261
555 801
636 676
949 214
551 151
502 247
418 650
785 254
327 797
314 54
389 232
36 148
486 250
843 905
581 911
48 782
65 679
274 533
684 958
796 959
784 155
376 179
832 243
345 567
257 362
562 261
769 365
338 867
142 571
546 283
543 105
926 266
155 579
483 626
53 390
362 631
519 928
9 302
920 171
900 203
492 533
333 933
651 969
185 485
45 725
405 717
997 476
190 484
40 786
218 205
430 360
659 316
644 3
163 637
946 419
833 351
742 407
718 206
956 678
109 253
249 780
401 433
98 984
268 205
930 84
400 921
211 750
954 564
757 92
285 374
285 893
639 289
335 781
382 789
351 532
542 419
288 543
178 786
365 876
608 977
585 193
260 61
473 638
278 228
831 791
389 6
313 465
263 292
980 462
555 365
149 699
609 309
998 163
269 180
855 198
629 223
967 924
937 567
583 661
780 856
125 984
338 633
721 556
612 969
372 733
793 309
517 925
679 848
175 10
665 926
320 765
664 719
134 39
216 67
152 732
229 128
759 899
645 590
656 697
777 875
876 828
580 698
190 811
135 17
215 307
573 752
197 728
142 624
91 636
818 305
273 114
262 332
381 98
484 127
448 435
388 827
249 44
783 989
793 293
914 63
923 856
338 945
516 706
783 378
463 538
779 314
21 686
976 200
105 192
72 714
738 364
859 96
143 140
244 632
520 974
801 460
376 737
983 826
744 546
100 732
811 235
121 674
365 380
420 110
24 152
247 318
719 197
407 20
72 926
540 427
931 571
695 68
974 537
519 459
828 26
62 566
247 610
699 405
871 712
743 829
150 375
903 624
586 769
751 469
109 626
385 6
986 203
541 65
150 52
803 491
921 637
274 382
783 750
666 504
306 499
965 480
605 652
165 362
828 679
50 389
171 797
76 296
25 775
183 788
123 482
639 370
1 994
808 622
780 458
150 781
249 731
948 943
623 890
550 399
779 198
899 71
418 378
758 837
467 142
101 86
554 962
414 161
447 882
227 966
828 856
699 863
109 788
937 671
555 840
149 715
624 694
41 348
298 216
399 655
828 716
725 416
554 992
450 640
611 404
9 742
242 319
704 929
129 53
761 178
643 443
736 838
787 73
308 274
83 59
164 543
521 636
364 265
173 234
486 344
895 904
56 830
352 376
366 646
401 216
621 96
701 945
136 982
200 640
908 968
479 954
864 933
365 750
600 490
827 618
510 185
867 488
954 610
23 314
161 486
439 889
474 28
528 322
308 141
887 665
52 684
13 590
595 853
102 369
583 938
779 32
823 563
468 883
170 545
820 974
321 615
518 387
686 375
399 427
788 478
151 627
893 598
871 732
476 759
562 881
744 683
668 447
17 326
16 765
878 654
745 685
237 279
911 17
199 925
837 119
875 175
733 837
750 753
560 383
833 282
857 457
82 572
858 236
22 445
246 404
483 558
741 679
58 823
618 277
304 210
864 634
892 945
197 986
845 530
890 715
858 694
952 653
409 359
632 168
156 259
570 578
139 326
570 818
74 274
78 489
963 637
149 693
114 678
687 825
462 419
476 755
945 515
741 534
767 326
879 446
307 832
19 753
145 57
616 100
748 468
792 123
403 177
831 815
143 452
114 955
163 489
881 142
310 8
808 96
456 428
276 220
628 124
114 271
531 370
780 806
41 975
296 856
758 877
477 952
991 637
126 706
548 269
359 207
463 311
150 664
843 134
977 281
52 624
708 441
847 520
802 615
547 502
403 155
835 13
780 449
936 539
354 138
372 38
773 660
247 685
338 618
667 532
893 481
709 620
83 582
513 150
544 690
818 13
444 407
375 416
486 838
690 629
811 831
287 489
392 387
662 886
736 174
340 338
319 756
527 702
436 267
396 846
824 598
988 519
660 269
960 922
523 551
78 103
940 763
876 455
57 869
64 338
953 986
568 573
239 821
652 319
861 312
740 64
982 971
709 258
428 132
316 1
959 17
166 189
778 452
715 937
720 797
566 993
482 522
14 584
841 941
60 586
429 675
454 782
17 421
838 137
648 718
48 682
489 324
399 704
58 570
864 322
891 39
190 430
455 159
240 843
366 200
238 255
753 347
254 978
685 591
1 856
151 766
213 479
782 152
574 849
275 587
362 249
613 913
462 473
94 418
909 146
504 716
846 996
124 611
794 366
875 695
482 134
358 379
671 529
318 497
241 695
560 783
816 948
201 672
549 504
498 401
85 800
167 196
583 208
945 413
269 1
389 723
512 787
162 508
376 424
99 375
134 279
83 668
416 779
615 606
734 432
553 47
398 647
834 852
878 808
969 397
658 890
359 932
231 742
780 187
905 386
972 247
244 677
133 225
281 210
714 181
868 574
366 592
854 134
492 585
266 51
829 294
675 843
496 393
898 513
780 315
980 514
556 526
599 171
871 874
113 884
946 75
721 255
937 674
546 329
456 423
491 188
875 85
270 970
580 715
222 295
799 629
973 406
732 134
538 584
981 802
942 573
18 565
230 378
301 837
52 446
864 642
941 557
153 515
925 427
99 221
640 31
534 493
713 960
790 961
465 367
722 663
330 396
635 143
524 635
140 614
950 615
694 229
4 292
816 745
294 740
594 269
297 947
98 97
191 496
658 264
828 606
220 214
224 388
498 679
22 189
874 256
6 945
518 830
764 7
172 970
398 850
771 198
928 954
163 553
132 768
210 809
1000 855
967 698
795 693
306 1
676 446
337 72
757 394
794 808
813 170
649 470
1 28
837 455
895 846
511 863
62 810
540 602
576 388
490 726
781 233
611 365
569 716
346 931
968 296
912 721
512 399
128 323
427 831
904 412
166 106
776 664
262 338
81 215
226 551
856 951
184 160
69 627
933 248
617 154
944 430
520 923
528 629
61 774
918 629
974 37
202 325
911 371
783 604
706 162
178 462
356 771
476 431
186 771
836 996
487 728
295 883
718 835
46 111
410 72
691 361
358 945
395 108
559 822
825 733
689 166
358 144
770 444
253 811
297 507
209 191
518 861
487 437
307 688
597 630
774 753
817 919
676 463
880 966
954 893
632 491
535 964
495 113
692 111
399 641
249 196
535 722
247 49
697 732
856 934
14 423
842 303
251 166
448 606
107 900
368 513
957 978
723 985
164 474
409 122
402 375
286 536
309 557
26 872
476 831
205 253
80 843
538 711
776 42
53 234
759 331
1 440
202 555
703 763
489 361
794 324
420 802
274 837
53 87
517 607
176 505
357 443
57 927
949 593
447 817
76 807
845 974
866 751
164 901
461 486
457 923
455 284
348 632
403 410
588 196
731 95
317 322
798 484
589 342
967 939
762 984
320 448
834 52
159 377
600 133
392 355
573 366
896 740
632 151
804 452
705 699
322 247
112 198
334 558
577 512 371 326 804 834 274 955 757 77 793 946 627 60 888 242 346 607 994 592 883 730 882 472 867 758 284 381 84 116 617 926 600 88 996 144 109 601 983 6 960 731 901 362 166 461 291 301 50 997 333 744 866 506 605 408 972 808 719 853 347 817 759 352 872 169 725 358 552 574 775 717 420 264 3 360 282 220 884 706 822 624 142 970 244 503 112 64 96 502 57 235 816 588 694 384 14 229 138 183 602 317 736 912 598 467 165 611 323 859 338 368 410 35 304 979 123 484 737 33 840 26 114 61 566 268 103 293 13 31 544 146 998 921 424 105 159 8 460 648 932 795 930 913 704 761 747 436 517 873 933 182 318 954 227 456 399 53 205 370 201 656 952 401 71 625 425 697 801 93 614 828 90 474 363 287 394 208 124 236 797 623 41 886 149 878 963 897 975 971 257 160 477 554 417 684 833 519 982 612 898 858 457 546 392 179 228 651 823 488 110 677 951 993 234 465 681 130 66 718 42 305 122 492 986 217 959 275 59 542 890 802 70 188 918 800 865 279 113 458 489 794 216 915 269 615 111 11 186 468 327 749 24 947 569 340 874 967 549 222 989 545 106 1000 895 899 514 609 405 680 170 894 9 583 366 558 861 837 618 2 479 416 908 139 80 735 827 447 980 132 85 904 958 494 300 562 565 218 356 530 511 273 437 319 108 270 359 63 428 382 439 86 581 398 665 72 52 167 586 341 741 189 942 710 854 953 740 232 877 547 308 415 395 427 789 729 576 608 195 48 260 830 887 659 522 733 652 224 812 466 961 595 879 76 561 590 534 845 836 121 785 125 646 172 163 548 129 23 745 803 875 587 995 988 513 27 748 892 463 799 778 351 752 162 118 414 206 643 658 266 87 992 727 515 709 393 207 154 957 239 662 97 210 764 12 104 670 814 815 628 664 212 226 435 75 325 348 309 483 679 696 925 203 496 18 533 501 819 928 174 776 407 564 74 560 204 254 695 314 527 525 647 528 699 509 629 880 17 419 137 973 703 209 230 870 10 738 847 844 19 485 826 567 131 754 191 831 299 342 540 771 454 568 184 584 223 621 672 835 34 16 774 591 906 773 251 78 180 36 127 272 177 198 864 365 669 4 610 715 768 852 422 400 948 253 707 486 471 572 818 418 199 671 337 726 751 396 221 32 330 238 402 259 58 134 753 507 532 499 842 211 720 539 99 237 820 721 56 551 306 246 482 999 296 939 829 115 248 944 55 126 916 194 596 95 49 200 550 334 965 905 320 597 290 37 594 579 345 559 332 231 945 324 523 157 193 120 98 871 51 321 538 101 344 907 39 755 429 728 571 742 920 119 350 43 404 303 810 900 168 940 849 716 369 705 919 312 790 616 531 855 856 508 807 956 922 555 714 700 673 543 516 434 443 215 459 687 140 766 328 756 743 81 233 89 689 712 297 931 876 693 192 298 832 339 575 641 891 176 262 256 455 981 156 322 619 640 791 389 934 638 438 22 917 682 667 29 271 976 21 909 978 289 962 636 15 25 292 451 668 5 657 655 288 128 92 902 406 620 349 825 100 805 767 702 45 357 498 824 245 480 772 676 475 158 893 846 746 213 811 367 267 869 372 520 654 148 391 336 190 987 152 787 62 985 335 553 792 821 464 310 839 450 143 430 769 247 67 155 175 20 449 943 529 556 585 653 386 473 691 977 750 178 675 630 452 521 660 910 442 280 779 117 724 535 634 966 375 102 147 850 841 82 258 711 373 276 563 107 286 649 316 376 94 440 252 991 683 578 722 663 938 46 599 285 54 604 161 541 936 196 1 606 692 379 446 28 582 796 688 633 537 329 713 504 423 580 313 250 798 889 164 650 241 644 278 603 364 409 462 38 526 881 433 622 685 686 354 911 265 937 421 495 73 964 786 765 950 44 557 490 788 678 79 411 968 387 403 388 493 65 145 202 896 69 412 857 478 302 214 524 505 136 83 378 632 255 843 860 68 225 377 782 294 645 481 413 476 661 666 739 851 984 701 783 885 283 197 770 708 784 974 150 862 385 929 261 637 355 500 642 863 277 635 613 924 243 441 432 315 7 135 263 331 380 536 781 141 990 762 431 91 631 487 589 734 914 809 374 969 674 151 593 923 173 497 868 445 219 690 510 806 935 249 361 760 311 732 453 47 240 281 153 491 941 295 397 470 570 838 390 777 353 383 187 949 133 444 30 181 573 307 848 343 448 763 927 40 185 518 698 903 780 813 723 639 171 469 626 426
