1
100
0
0
0
3 2 1 3
3 3 1 2
2 5 4
4 4 1 2 5
1 7
1 7
2 1 2
6 2 9 8 6 1 3
7 11 6 9 1 2 3 8
6 12 7 4 9 8 11
4 3 10 7 5
13 2 7 3 14 11 13 5 6 10 12 9 8 1
13 6 3 5 10 13 14 2 9 7 1 15 8 11
12 15 3 14 5 2 16 9 10 13 7 11 6
0
0
13 1 18 2 9 10 8 5 6 17 15 11 3 12
0
18 7 16 8 5 17 10 18 12 21 15 19 1 6 9 14 20 11 13
0
20 13 3 15 11 12 18 19 9 6 10 14 16 7 17 4 2 8 22 5 1
12 1 5 12 24 16 7 14 21 20 19 2 6
2 2 9
17 9 13 24 3 17 26 12 6 22 20 25 23 5 10 14 7 18
14 10 6 1 27 15 19 12 22 7 2 4 5 26 3
19 14 25 11 3 28 13 5 16 20 6 17 9 10 18 12 8 4 2 15
11 9 20 28 2 3 27 1 24 8 15 13
10 29 14 15 21 11 2 26 28 18 12
11 20 27 14 23 13 19 12 31 15 2 10
21 31 26 12 3 5 23 6 30 1 28 11 10 15 14 20 8 24 32 2 25 17
32 18 32 6 25 20 17 29 21 33 11 1 22 14 3 26 28 9 19 10 15 12 7 23 16 24 30 5 27 2 31 8 4
13 4 14 16 22 34 11 31 5 28 18 3 21 17
9 2 28 32 31 9 10 29 3 21
22 5 13 27 19 12 6 11 16 9 21 18 4 34 7 35 30 3 22 8 15 10 36
10 5 8 30 2 32 29 22 18 10 15
11 36 15 12 10 30 29 23 6 1 2 14
3 20 4 6
13 14 2 11 40 26 25 19 7 24 15 22 18 35
8 36 4 13 20 18 39 22 12
30 12 2 36 26 32 17 16 1 33 39 41 30 11 35 29 37 28 27 18 9 7 22 34 10 24 20 14 4 5 25
41 19 14 8 36 38 2 6 12 30 34 16 24 40 15 17 21 26 37 5 39 28 41 43 11 7 10 42 35 31 3 29 22 20 1 33 13 32 18 23 9 27
24 39 43 6 27 11 41 12 32 24 8 1 22 10 25 26 17 33 15 19 16 38 28 2 4
20 27 36 26 13 15 45 42 33 32 21 38 22 14 30 29 3 9 40 6 28
30 14 36 30 32 24 22 11 15 28 34 41 31 45 8 25 23 33 38 2 26 40 5 10 18 46 6 9 3 29 39
6 17 36 9 14 34 24
37 5 23 38 26 11 41 31 43 15 4 36 33 2 34 32 42 16 18 17 6 29 14 27 19 39 35 7 30 3 20 47 8 24 44 40 28 9
23 18 33 20 5 48 21 32 40 24 1 15 25 9 27 43 13 7 46 31 17 35 36 47
21 46 42 18 3 4 43 11 7 30 31 35 33 26 20 28 8 2 34 19 39 23
36 21 24 34 36 6 32 47 16 23 29 11 7 31 20 4 12 50 43 39 25 41 3 14 49 33 40 1 19 18 28 2 37 22 10 51 17
7 4 21 45 48 27 1 42
26 40 5 38 16 14 10 26 2 41 48 13 46 24 49 47 22 4 19 12 23 17 51 39 6 25 53
8 11 39 21 19 18 10 15 54
24 3 51 9 33 55 10 23 45 53 28 26 30 49 35 11 15 17 19 18 16 54 38 36 27
53 16 51 50 31 3 9 8 25 41 12 54 28 15 14 53 20 29 6 33 30 38 23 2 34 11 40 46 36 44 21 1 4 55 45 19 5 56 48 10 7 49 26 13 37 39 17 27 42 47 18 32 35 22
10 42 49 30 4 38 51 54 6 29 41
9 28 5 58 23 56 34 12 46 19
30 4 42 14 2 10 30 11 25 26 23 21 1 52 46 31 35 22 38 17 39 41 56 15 7 37 47 40 59 49 6
2 44 18
24 57 1 54 36 27 37 49 47 30 20 42 50 40 41 33 38 34 11 56 25 55 35 8 48
58 44 29 48 7 26 47 4 15 3 40 42 54 32 28 62 49 56 10 23 24 18 58 2 14 9 33 39 36 13 20 50 57 8 37 17 52 31 1 55 12 43 61 45 60 46 34 11 53 5 19 51 22 59 30 35 21 25 41
56 50 56 32 42 14 43 60 25 30 62 26 37 31 10 6 61 53 49 55 21 47 51 3 16 54 41 24 63 44 27 20 45 40 2 39 33 5 22 7 4 57 18 8 48 59 34 17 38 13 11 12 35 29 9 19 36
63 36 59 37 11 49 51 1 47 23 53 52 18 21 35 63 27 12 7 61 55 22 56 8 17 24 29 13 4 31 5 41 62 60 39 10 43 46 50 6 42 25 28 3 48 44 33 2 38 58 54 15 57 14 16 26 34 64 20 19 9 45 30 32
55 49 58 26 30 34 31 63 35 45 50 28 27 42 51 15 56 3 23 4 19 32 29 57 17 37 2 8 18 62 59 46 44 11 16 7 41 14 43 24 53 60 13 36 38 33 65 48 39 61 5 6 52 47 64 55
8 45 4 1 28 52 20 9 54
63 39 62 30 21 29 24 26 57 20 60 56 44 66 12 14 51 27 54 1 49 64 28 42 43 32 48 23 61 53 37 17 52 13 41 34 19 6 22 33 25 3 2 58 59 38 35 47 7 55 40 46 15 8 18 67 31 9 10 5 4 63 45 65
46 28 38 15 29 54 41 8 14 37 57 3 13 66 30 56 11 23 26 4 34 51 5 68 52 46 25 39 50 58 20 18 16 42 21 60 49 36 35 45 61 64 59 31 63 67 33
23 52 20 26 32 42 45 5 50 25 63 60 43 10 17 41 54 37 57 38 68 66 4 19
25 6 22 19 55 21 23 11 5 40 17 50 36 14 4 9 28 58 53 43 52 57 1 39 12 63
46 61 40 3 43 68 31 63 37 57 4 30 25 2 44 14 29 42 55 41 49 36 18 48 11 65 70 56 34 15 32 47 46 10 54 17 64 16 35 22 5 9 67 24 53 20 7
58 69 27 45 33 34 65 8 15 26 23 51 18 52 49 43 25 22 6 61 16 68 13 71 31 9 29 54 70 2 55 5 20 3 72 60 38 50 30 35 41 47 56 24 62 12 44 11 63 17 42 64 28 67 48 66 4 40 1
47 38 27 40 3 56 68 23 43 72 15 69 36 16 63 49 48 61 26 37 13 71 62 5 32 11 2 73 35 57 10 33 46 22 17 18 30 70 21 7 28 45 12 20 34 65 31 51
67 10 2 45 72 42 18 41 51 33 21 7 8 38 40 27 56 16 54 30 73 12 25 63 68 55 57 53 43 34 62 26 29 3 70 5 59 60 31 1 46 49 23 15 71 69 11 6 74 28 9 39 4 24 32 58 50 19 66 67 35 20 52 14 48 44 22 36
6 9 28 27 5 63 43
50 11 39 43 74 46 14 19 49 1 52 12 38 71 15 36 57 9 47 5 7 30 61 75 33 59 6 53 31 51 27 72 26 22 70 48 2 44 4 17 25 66 56 35 73 67 40 54 24 64 20
71 12 63 46 38 60 59 5 3 68 8 30 75 40 77 35 58 6 73 24 27 32 42 50 1 49 64 36 4 17 54 39 15 26 61 69 31 20 16 9 41 57 74 21 11 29 67 7 66 45 44 13 18 22 65 25 23 37 53 33 56 55 51 43 52 72 48 47 34 2 19 76
42 11 10 35 57 27 45 78 42 9 1 36 73 24 15 23 48 31 40 33 63 52 50 20 47 14 8 49 13 67 12 62 51 43 60 29 61 25 6 39 75 38 71
40 11 74 56 28 34 63 37 59 43 30 33 21 68 73 5 42 62 53 61 46 29 8 4 69 14 75 58 2 6 72 1 39 49 35 31 54 57 25 38 27
28 69 15 55 9 30 33 12 54 21 51 56 10 60 65 17 32 73 72 25 68 57 8 58 2 20 36 76 52
30 32 14 5 63 12 71 2 74 62 53 70 33 67 19 46 48 47 16 81 50 45 69 36 44 8 51 66 38 21 52
64 34 22 38 14 53 81 61 64 19 41 74 48 25 57 42 46 73 1 23 51 2 7 82 65 75 4 68 29 54 44 36 71 43 39 6 37 12 24 32 56 17 63 77 62 11 80 45 55 47 66 59 18 21 78 26 60 35 16 30 67 8 33 28 72
10 48 49 11 34 56 72 17 83 68 44
27 59 45 52 40 62 60 79 5 70 20 13 39 31 80 35 18 68 15 65 6 58 66 11 21 55 73 24
38 16 83 76 38 49 53 42 1 15 84 67 29 78 2 24 71 44 34 56 11 65 62 28 27 26 8 63 13 22 60 30 77 4 46 79 74 3 21
34 37 19 78 48 64 36 47 28 57 83 22 31 68 46 56 11 35 54 17 27 73 3 43 14 33 16 81 58 71 25 32 44 7 79
24 3 54 74 85 35 65 53 37 13 19 2 8 81 44 29 72 86 68 31 5 69 83 50 6
64 78 30 13 81 42 45 9 37 66 52 63 8 85 7 3 83 32 31 24 26 21 84 40 28 11 20 71 54 67 33 2 86 34 12 65 10 17 35 1 39 38 60 22 41 19 16 80 87 6 75 56 49 70 47 73 29 76 61 23 69 43 27 51 55
10 14 34 58 38 33 44 12 75 65 80
15 89 6 71 28 75 67 16 40 64 56 38 44 49 8 2
0
5 24 32 53 15 29
0
0
0
0
0
0
0
