105 305
1 2 267
2 3 121
1 4 137
1 5 102
4 6 87
5 7 275
7 8 43
8 9 13
7 10 53
7 11 11
8 12 19
11 13 277
13 14 68
11 15 181
12 16 212
15 17 184
14 18 228
17 19 255
18 20 223
20 21 150
19 22 300
21 23 74
19 24 248
23 25 109
24 26 272
25 27 40
25 28 95
26 29 162
26 30 72
26 31 157
31 32 293
28 33 304
33 34 57
31 35 48
33 36 253
35 37 270
36 38 128
38 39 16
35 40 291
39 41 288
39 42 26
40 43 104
39 44 211
40 45 23
42 46 3
42 47 176
45 48 263
47 49 257
47 50 224
47 51 235
50 52 24
49 53 278
50 54 284
54 55 4
51 56 259
56 57 208
57 58 28
57 59 107
56 60 50
57 61 218
59 62 45
59 63 258
60 64 94
63 65 77
64 66 216
64 67 172
67 68 194
66 69 182
67 70 217
70 71 39
71 72 237
70 73 38
70 74 1
74 75 229
72 76 274
74 77 44
74 78 9
75 79 281
77 80 31
77 81 301
79 82 199
80 83 5
83 84 225
82 85 54
83 86 18
82 87 292
84 88 152
86 89 151
85 90 10
90 91 90
91 92 247
92 93 241
90 94 86
92 95 297
92 96 76
96 97 165
96 98 169
96 99 231
97 100 187
100 101 159
99 102 132
101 103 79
99 104 97
102 105 85
105 16 296
14 61 113
50 80 119
101 95 220
70 20 59
13 22 52
24 67 130
105 69 260
24 88 14
84 35 108
31 84 168
82 73 63
104 58 92
54 59 42
103 25 80
39 40 21
17 64 210
2 66 116
13 17 206
20 29 64
104 72 141
6 7 279
91 58 22
33 99 205
1 20 286
88 24 242
67 88 179
43 26 290
34 11 249
19 73 175
52 56 153
103 52 197
1 52 82
15 42 148
68 60 41
16 63 155
19 2 142
31 96 294
40 101 226
85 63 146
38 91 186
45 29 124
84 15 12
102 41 136
53 75 246
76 41 214
19 83 33
90 9 101
66 9 6
1 69 35
33 28 261
41 24 207
55 82 131
50 31 111
45 54 273
4 88 256
14 99 110
91 17 149
78 80 201
97 93 138
25 63 122
80 30 268
97 82 167
1 58 139
69 16 127
96 45 91
93 69 60
105 63 117
97 104 160
33 72 32
9 65 47
69 11 189
97 62 173
41 89 37
59 70 236
75 44 174
37 11 100
89 92 171
23 97 158
102 27 93
23 93 190
52 56 289
41 80 295
48 40 280
85 105 209
56 59 99
66 101 161
63 15 123
44 9 140
63 101 154
49 47 178
30 64 84
44 31 282
53 101 71
13 56 302
89 24 112
104 55 244
71 10 135
22 88 147
10 23 221
18 79 250
78 92 177
46 89 271
45 25 75
79 34 88
2 42 78
73 104 191
73 78 200
50 47 120
87 103 305
70 91 198
58 46 134
98 20 98
84 88 25
41 17 34
56 61 8
48 23 56
24 73 83
28 52 129
59 25 7
33 93 239
68 16 195
97 11 215
51 12 170
35 24 265
99 75 143
55 89 36
27 87 188
91 85 96
82 86 262
23 45 29
12 25 89
51 92 202
6 104 20
19 104 73
68 10 203
98 100 156
83 77 46
90 89 15
27 76 227
10 72 303
30 7 55
3 63 234
11 90 204
88 93 125
99 26 193
52 15 61
31 103 287
81 64 67
61 14 70
80 3 192
56 79 2
48 20 58
37 56 269
89 4 243
75 59 105
69 4 185
101 37 65
89 11 103
95 71 30
61 35 252
88 46 166
88 1 17
44 63 264
104 71 69
44 48 183
100 39 62
38 105 283
8 52 51
2 47 213
97 18 145
105 57 118
103 8 238
25 58 27
58 19 298
40 30 180
49 45 114
43 1 163
79 31 144
91 23 115
70 28 266
24 5 254
81 25 276
69 40 219
4 22 230
50 74 133
61 64 233
13 12 251
41 69 49
75 95 245
38 63 299
14 73 81
47 3 196
18 22 240
86 36 106
47 86 126
1 60 285
9 10 164
26 27 222
25 58 66
41 29 232
