1000
757148
7851001
1413357
16971125
19598369
567226
11749388
4890852
15766291
6239573
13038165
597007
3615545
6051437
12289611
18341523
10427799
17215529
15016434
8544291
3447134
10090227
2426873
16752252
14041605
6221269
9909135
17655784
4970744
1417563
17379061
873981
8670529
835681
16291073
13352031
6923811
14079501
6701607
6546365
7776868
572137
2071041
16629217
6496749
9646417
18840199
19255907
13557677
19268590
10378796
17583463
5450721
12230963
9031779
4328646
13494529
16547831
16998222
4161665
18773941
10724397
13666286
8402971
8581613
11452501
8026285
7903381
19151438
4145360
9920160
8159400
13145006
14295423
10219949
203213
18403181
18734385
9331901
11051111
10710191
7314089
19695685
11511396
7708701
17333277
3301481
10400517
14446253
1551313
19202255
105948
18066085
6137201
8465310
15521105
14160985
3110748
14689271
17042883
8977345
10434686
8129401
1273565
10847795
8513793
10566997
10170279
5449576
4362900
8440002
18570943
7689601
9065045
7401681
6128239
7412023
640414
3589585
7869097
5992803
19460831
9267979
13525721
504717
2676069
6774961
347889
8804733
16672876
1621399
13763105
148239
12515623
17109680
1289133
257989
14363401
6526001
4329608
2342369
11182390
10532866
12946171
8711871
11267489
19854070
4123425
8980027
2118270
5828105
7942657
6140876
16829267
10778793
4418701
1507655
494798
3188885
9071424
13186914
17244835
4476636
7311553
15546031
18713617
516971
11951915
7333037
10953719
5043116
5352806
9856897
18371241
19711629
13902119
1662373
1993265
9069513
15405770
13190751
16936619
860997
15134189
5474073
11804541
17979506
9615219
5370429
10391025
6085236
12727579
16982251
16869479
524737
18987917
11315149
12152311
11859640
1474687
13534711
4703685
430121
6304961
2807552
19683399
133376
2968733
10381357
5218042
10474297
3015466
16129476
1205865
18807493
3205601
403321
14220263
16255901
7245756
7755361
8187633
11426751
1917161
18276681
19540376
16539745
15950717
10256887
5690055
7818885
8976353
8947089
10643601
19821561
2860571
13533551
9453753
14074595
16600877
14671853
3093156
8097499
7270876
19722713
5063961
3267725
3025309
9556358
11592376
10440641
10335433
2239781
12697482
3781818
15212561
4585961
16981445
3003941
18076799
7331701
13243725
8803556
13772401
7787463
9386281
4985669
13084517
14309232
12452851
4308881
15800313
6908701
13010145
15289261
18213201
12651156
17228097
15214483
13881783
2701328
817710
7931713
19487105
17757033
18514986
9302568
10605386
18584989
5647081
4442987
6566657
12931689
8315634
6762317
6473182
10599486
10010817
485151
9221667
14662295
18799676
2506676
17559271
11924685
3260516
14942301
5755580
15265663
3436159
11073109
1574081
13435177
4764301
19846734
13496026
10633605
12544848
7415473
12312137
18595209
13502521
17563001
7818981
15185845
2897841
13830440
10819521
7596651
10477734
13618551
13783843
18727741
8171353
2934266
5115161
7740785
9137988
9955201
15664125
18678245
8417748
11041648
16269961
11416463
5192278
15526846
17046297
4640225
8634529
10562761
14462269
9268951
6985061
9926090
16399813
931524
13483279
19760711
1399361
10692889
19336148
10890065
13743777
18903751
7656526
3460867
17289207
5394433
13073945
13761476
18600041
7724189
6998479
19138216
11039817
13117101
12933461
9222661
11929124
17142305
1162225
10328911
11396804
10869922
12840401
17993476
603205
12924537
17190692
13009368
3634370
18011097
19492481
17306519
5679153
9760741
2089008
9036601
246117
14271689
1195911
6872031
12522538
16755553
6921358
18876863
13937521
3104869
14266276
11025356
14125305
16826761
19315689
4647476
3565833
10280257
18342157
19380218
17268821
14902313
3051876
5636341
9421777
4699117
14918913
18138369
7753111
3767966
5241431
9410876
16618483
12488501
2491709
12775230
8088033
1726097
1258783
11184103
14975569
1646353
11891522
11375053
15536001
19378845
927751
18694305
3755429
17663488
13066023
10743573
17503147
8096281
17398047
14202640
18564403
9941953
19201914
14644046
8437569
7355406
17435123
15543237
2027171
16127875
4592189
5705788
18282536
19906254
852601
6934345
5122156
11897326
15704871
4849057
14872229
13120351
6566617
9849701
9745492
10415086
3114781
18181525
14750965
19407685
1338905
4338391
16808450
705153
18401601
9558836
3534155
19151712
13857136
9898601
11226205
14432701
15529138
954881
3910885
747177
9803657
7283506
158017
8388617
13807943
12623485
7619241
10216903
9268145
18343236
14786447
9965685
46691
2513614
18960009
12199437
15563450
3762773
2851681
6472227
16202705
1690971
14443393
6713631
3647585
2716593
14514935
10821563
14342289
7358741
8986852
1902675
3356989
13882183
3789257
18735447
6163477
1077233
11170226
13639327
3387815
14047341
7663201
11375123
15261697
7496281
9541126
3826055
10915393
5123947
17743629
9751681
15299326
150683
8248801
7745321
1643111
16374601
10051195
19548109
14807445
14627973
18952995
9563626
5472476
544721
6351381
8564921
6409835
12250365
19218482
10534591
6340551
10111751
2423633
3434687
14632949
5029097
10208860
7933176
13423349
2851952
5780081
2785345
16605886
8149697
14774489
15305577
15014513
11485361
9025507
10752174
19380950
6851736
8860926
9993201
4213536
1412625
11538083
9322701
8540236
5166830
98497
12156099
10282169
17131221
10164947
7992321
6185163
9313181
1192137
1056011
2114041
6996013
7338735
11217254
13142976
19372301
12322623
2510773
13580009
19386337
18249855
7761321
12861485
10837407
13445145
4137603
19361671
12704201
1104965
1626685
6441545
17307388
19416827
9690457
10254685
8784987
5337969
6843421
7733793
13948251
8045465
14222014
7718363
15366237
3216389
10581469
10029957
7020047
8395565
6237982
3257361
8314981
12878407
3579660
19133851
13045209
5723851
16273169
10806790
16633156
10593410
14645249
18790761
8234243
11841230
18090541
19836685
6373571
17947452
14010506
6933264
17035021
11636557
15193963
14321761
12759959
11120181
8816939
3608621
11876417
7672995
12575155
9667956
574379
10596751
12163173
15726739
13719629
1924347
18768716
4157376
10514197
5483881
7219841
3304577
16402721
11739011
9776191
19135605
14364097
13702889
931737
1137217
3030505
8728281
11414209
2645708
10904616
3042901
7198177
9041074
764043
13035201
18341461
6403544
1436841
826465
5046581
249976
6978855
6397957
6610773
4701041
17954481
11603266
13109701
5569073
18982291
2152863
7317968
1474090
14825141
12421977
10257781
11516903
852403
548392
17246529
343041
5487137
19843932
1169591
11402505
13048143
7005460
2511841
19892330
13387313
9763933
13751603
9753353
18707901
8339497
14236481
8640337
8786009
5463081
7442021
4550563
8952228
4430591
6370996
12347137
19570685
262583
11606751
12372104
12122596
6082329
9948
3417961
2089545
9391797
4886507
11399241
6843844
205657
2081887
15260225
17327310
17641165
12756335
14425729
10025179
9228166
3769294
17713281
2018037
16241063
17486711
14598103
5807461
2954226
3272894
5119085
18654921
7307618
415651
4332776
12187751
6212046
3902349
856025
5600833
19244405
1160211
15814198
3441696
1326699
9682898
13510369
13807485
18409759
14773677
7006741
3924041
4512582
11944045
3623092
2216311
13838883
18465393
14556177
16343556
12546429
7334931
181025
6415283
11720723
13615471
7462985
7880497
16143961
11659829
15466451
14421240
9800366
435269
13635446
3017603
17747151
5062948
8878891
5599996
18137989
1079873
19038357
1761831
6788156
12195905
17177481
17459116
9067795
17301069
17387289
13588387
16703013
14987881
9642853
1480257
6837683
6792256
1250185
4162209
13651017
5798021
19120216
18116715
17218201
8919324
6820276
1138441
9672378
12754829
16359303
17725721
2023895
16498193
8187725
6701246
11198845
5146863
5442897
17065001
9505055
2452745
17740596
669108
17134313
18231108
8390982
6096483
1287256
17684313
8028981
8739026
6339885
19492433
12222009
11818441
19077441
13609044
8166969
8742065
10206721
7790424
11345478
6739128
18525921
9310011
7166201
10503681
5654876
993369
4146205
19894865
2528201
19019751
2600371
18702881
16887995
5920641
4485841
5263595
6146041
7202403
9581361
18365121
16543801
14388031
17677909
14273809
9197741
16371026
19209633
14918711
18581907
376363
6686977
12060625
10386939
14568501
2551266
9385256
59921
11869822
1542056
1996142
11965957
9752958
12580455
7239000
595881
599193
4554428
9579329
5311431
15810236
14250279
19691977
19452421
4219211
5249481
5268096
11921871
16096788
19247991
4043675
7030371
18752453
620905
15841366
16536471
13404331
10174106
10062570
8364647
7601648
6077911
13322147
11191273
3126437
15363393
4037124
2577961
5597428
5279325
2596874
15258264
7525366
8435346
9211951
11483303
7351613
5385826
9648035
3777079
