55 190
18 24
9 20
23 55
30 35
23 29
15 23
45 51
38 40
17 33
8 20
1 17
5 12
24 32
4 6
13 24
14 54
3 48
48 54
2 49
8 24
15 31
7 39
3 49
40 52
21 24
30 50
27 42
5 49
4 11
3 12
36 51
40 49
7 35
27 53
26 33
2 32
12 28
34 51
36 43
47 50
11 51
14 15
27 50
11 27
4 12
6 15
36 44
3 47
15 38
2 25
25 36
6 8
18 54
8 9
17 47
24 38
35 41
15 45
28 32
5 24
29 54
13 15
7 53
11 26
12 37
13 42
18 31
19 49
39 43
43 53
2 46
34 50
17 34
7 55
19 44
35 44
13 34
8 11
9 33
6 51
4 38
1 50
32 40
23 51
8 45
42 50
15 35
31 51
50 52
31 38
16 44
23 46
5 6
6 48
10 52
42 45
23 42
37 55
5 54
26 55
15 16
9 32
41 46
48 52
11 23
28 39
10 19
30 51
50 53
15 18
34 49
51 55
33 34
16 28
42 46
6 55
1 30
10 25
10 27
33 46
24 33
10 45
37 40
4 33
2 34
31 32
35 53
7 40
17 28
5 51
35 51
25 40
22 47
19 51
16 31
32 53
9 37
40 44
15 55
7 14
30 41
22 37
23 36
32 41
33 35
33 41
7 24
18 51
25 51
1 13
25 27
22 39
2 12
36 46
14 19
8 18
3 11
1 18
14 16
24 27
9 54
48 50
6 40
51 53
14 29
5 47
6 23
30 55
41 53
6 25
12 16
9 39
41 50
18 23
2 18
15 50
7 13
26 30
35 38
1 44
26 35
3 25
6 13
37 38
2 6
3 29
30 44
1 12
2 37
33 42
