36 91
20 27
2 35
20 36
25 28
5 17
19 27
9 10
15 20
5 28
8 17
8 36
1 15
3 19
1 10
15 19
18 26
3 20
2 17
20 26
10 31
3 6
23 30
4 11
1 5
3 12
24 26
25 34
11 29
4 36
23 33
11 31
34 36
26 27
3 13
2 8
5 31
2 27
15 28
22 26
5 36
12 29
4 13
5 6
5 32
7 17
4 33
8 10
3 36
15 18
8 33
11 13
3 16
23 35
17 23
23 24
11 24
25 27
7 13
13 25
20 21
28 31
4 27
13 33
35 36
24 32
12 20
21 23
1 6
10 25
12 23
17 19
13 29
2 16
6 10
18 32
32 35
26 29
11 17
23 34
5 34
2 26
3 5
7 11
3 4
16 28
11 12
5 13
13 18
14 31
20 29
25 32
