999999999804032242 9994884 28 572637239
71979039170638313 0
114780515962904335 1
115483110723555250 1
156452819399867763 0
222171749601325317 1
236785973638970367 0
282465871072116119 0
331087868898817430 0
365272811996063506 0
386654641509453182 1
398435855131419416 1
430779198810391113 1
563496565673246796 0
569706078740139651 0
572301424453356117 0
573367916685048701 0
613049795771438558 0
616301738852691428 1
747921589711196040 1
772487543926529054 0
789859905554393849 1
822368609011916971 1
858219961935516313 0
881323662235862434 0
889133624381067376 1
946696071373647219 1
949657912711580151 0
968678557153741059 1
