10
79 43 40 96 46 73 57 71 66 32 59 39 58 24 62 44 7 6 65 10
73 39 98 47 22 91 14 48 88 7 80 75 28 58 87 28 9 4 33 95
20 67 91 69 38 63 88 71 27 71 7 95 46 22 45 39 49 29 83 53
41 86 48 45 35 37 47 65 6 39 33 14 65 36 70 85 64 55 3 81
39 58 11 29 79 56 90 43 10 58 68 94 2 69 15 9 66 81 21 92
76 88 68 36 7 51 7 89 1 98 54 79 29 96 91 35 28 25 37 75
69 43 90 45 27 64 44 6 83 78 60 42 40 83 35 48 88 32 78 71
16 88 94 89 27 81 70 65 72 77 73 64 82 81 40 84 89 36 84 81
15 64 80 25 97 74 66 51 97 46 8 29 41 75 3 22 46 16 92 83
35 81 19 22 4 5 9 73 39 60 10 9 74 58 97 71 27 23 80 16
22 3 31 33 13 13 32 50 26 11 77 49 89 44 95 56 29 62 56 83
6 77 32 55 84 14 75 26 19 25 62 76 99 85 29 1 4 77 18 34
71 28 25 7 19 34 40 58 7 35 82 37 97 74 35 70 41 90 34 76
8 5 12 54 100 40 17 44 28 71 41 78 13 40 29 89 5 4 75 33
67 79 76 65 88 75 98 83 13 39 31 31 23 77 77 35 76 74 75 85
3 92 60 9 32 3 83 35 66 1 8 81 86 87 19 98 80 52 31 13
68 20 1 65 31 87 38 99 85 82 95 2 17 3 97 88 80 68 5 9
42 97 78 89 66 3 29 91 24 37 83 77 14 71 59 28 93 26 31 56
74 91 89 78 13 52 1 26 56 20 50 31 98 20 6 86 96 50 36 94
77 83 86 82 6 58 39 82 20 51 47 25 94 2 25 93 35 4 47 47
