40
40 34 12 52 45 8 39 42 15 12 61 27 95 94 95 17 16 62 43 16 31 72 71 36 31 21 97 23 82 93 46 95 17 53 40 29 99 89 4 49 14 62 90 30 38 64 81 3 38 71 11 39 40 41 85 94 49 29 31 21 7 44 52 12 5 72 1 4 85 22 48 6 24 96 15 79 78 97 59 31
52 29 85 30 16 28 92 79 5 60 17 14 28 18 95 12 58 23 77 55 64 64 99 73 97 8 22 95 100 78 57 53 50 97 69 99 34 61 31 24 100 89 9 56 60 16 84 97 6 57 50 3 35 45 56 97 25 100 38 80 31 68 98 74 4 99 3 19 91 17 3 84 29 97 77 62 27 36 94 23
59 96 14 20 90 8 88 6 4 37 71 23 27 8 55 86 57 55 79 59 98 19 84 84 31 20 36 28 22 44 2 41 94 74 75 63 90 94 43 93 46 15 45 36 5 13 83 76 63 61 6 33 4 15 98 39 14 58 98 73 68 16 44 44 95 16 29 2 18 73 8 30 10 97 100 92 81 40 39 48
61 48 22 95 71 77 96 94 5 86 4 55 78 14 79 60 30 54 82 63 7 12 12 84 86 25 32 37 50 24 23 19 50 93 69 31 74 78 3 88 30 77 68 61 47 100 92 100 19 75 99 36 27 31 31 100 64 89 14 4 40 81 10 65 11 32 34 75 30 1 82 38 15 23 88 75 87 81 91 32
26 69 37 23 69 71 36 37 38 82 1 14 8 47 9 13 68 73 65 5 77 82 94 12 62 24 83 77 63 98 35 73 82 58 59 58 19 3 64 19 50 99 53 5 89 70 48 20 46 60 59 55 83 17 91 97 13 76 49 67 98 33 37 22 5 55 41 35 41 47 50 64 25 90 14 19 7 99 42 89
79 88 70 87 75 11 96 81 13 54 18 65 53 68 21 72 73 71 3 36 59 15 44 77 47 93 8 62 79 61 100 1 51 58 44 59 85 95 70 13 42 35 62 83 11 67 47 47 20 16 29 23 63 48 3 21 12 13 3 16 36 49 2 51 96 10 8 30 2 30 21 81 20 43 58 33 92 96 22 70
20 16 15 87 2 97 58 34 80 14 84 71 91 98 7 16 73 7 54 15 73 30 89 68 91 66 40 59 69 33 6 66 38 80 18 99 34 98 95 4 15 23 2 29 55 60 100 87 70 87 30 44 87 29 33 82 86 23 82 33 66 1 61 38 50 24 4 85 6 28 67 32 56 14 28 4 24 27 13 57
50 88 100 96 95 2 89 13 3 56 47 3 57 93 41 26 36 84 27 88 67 6 90 9 33 93 24 6 99 51 25 50 7 47 88 2 65 42 79 90 25 95 23 45 96 83 18 4 76 23 98 4 76 92 99 64 72 25 30 30 35 57 5 37 3 36 31 80 70 88 41 12 99 64 86 3 55 21 81 81
6 82 65 69 13 70 83 13 83 14 24 99 13 60 13 98 95 2 4 13 13 56 15 88 66 73 29 46 81 6 78 24 26 49 61 2 51 17 45 63 44 7 27 3 100 29 60 82 87 63 79 29 46 82 55 13 75 68 94 72 70 3 9 58 75 36 56 69 41 20 94 6 60 13 48 53 33 82 23 45
84 85 88 84 2 51 19 64 76 95 95 62 3 83 53 6 47 74 64 85 84 39 42 83 36 52 70 57 79 9 10 46 71 41 75 14 37 97 67 64 38 16 59 85 11 58 99 98 88 76 64 38 19 98 97 2 50 56 73 2 38 57 88 73 31 82 52 23 93 95 84 35 37 75 54 7 90 56 63 10
24 98 72 68 95 26 70 70 7 53 5 58 51 91 58 28 3 46 36 71 53 10 34 49 29 46 32 5 45 58 92 51 61 24 40 55 38 78 1 92 50 18 78 40 65 30 3 72 75 35 57 94 70 100 65 35 38 43 73 76 95 35 83 48 44 6 40 63 27 67 76 71 25 33 73 32 56 2 17 55
54 14 89 100 6 24 36 32 39 83 70 46 1 79 63 50 73 83 20 36 63 15 49 76 23 31 64 42 89 71 10 9 42 55 91 21 69 46 48 81 38 22 30 93 46 42 2 61 4 85 77 70 33 8 49 22 79 43 9 42 55 38 58 38 33 17 83 97 73 51 45 30 9 72 24 63 99 41 17 68
1 77 10 70 26 90 19 50 39 28 47 8 99 6 14 100 45 2 90 24 17 9 10 26 30 48 34 86 35 67 35 83 44 98 70 34 40 91 8 39 77 13 66 36 48 87 70 6 96 88 50 82 82 47 52 18 67 47 59 44 26 49 30 20 92 23 35 83 6 49 8 2 98 55 98 62 59 9 30 66
75 20 49 64 2 66 22 41 17 17 20 7 45 49 67 100 19 31 69 9 77 39 54 78 79 74 47 54 3 49 33 60 22 13 82 52 37 68 18 75 45 94 19 37 91 85 25 49 19 87 18 20 48 5 55 88 2 98 70 65 16 10 36 5 17 37 20 35 90 40 33 66 17 78 2 84 77 96 86 99
26 95 87 1 4 32 91 56 16 34 41 49 55 32 2 32 64 6 70 30 29 78 26 31 54 40 16 51 82 87 87 49 78 47 53 78 72 59 93 41 49 63 10 43 83 16 92 94 15 81 33 87 55 83 51 49 11 13 84 74 34 8 99 36 44 46 7 96 68 26 94 75 5 81 92 67 57 33 58 91
45 10 54 47 51 85 49 29 78 1 20 12 90 21 12 35 64 53 45 4 53 25 54 23 87 40 7 77 16 39 11 38 68 13 82 3 77 2 95 74 66 44 48 23 89 54 47 63 30 12 63 84 14 33 60 81 37 28 8 50 60 82 16 47 38 37 47 77 26 22 78 42 11 85 78 98 40 25 43 27
50 79 21 62 72 33 97 68 25 48 37 56 70 99 65 76 69 95 71 87 1 59 6 37 60 97 84 5 90 24 89 84 88 82 16 60 58 29 1 1 73 85 44 84 81 81 46 30 75 15 45 71 39 55 19 4 26 68 80 64 95 6 1 54 40 12 46 8 12 18 31 47 19 23 72 35 66 64 74 15
73 69 21 75 59 30 20 38 82 86 4 55 36 40 46 92 42 14 13 68 67 63 64 31 8 46 52 27 12 77 13 67 11 40 84 81 50 46 50 28 6 83 47 41 60 68 1 10 13 60 52 70 30 56 71 52 1 97 66 18 11 87 81 29 17 50 88 39 98 17 4 78 87 42 97 32 32 76 10 53
27 54 95 92 18 77 10 11 32 73 30 38 8 86 24 78 63 57 27 75 98 74 31 91 69 52 75 59 11 80 40 37 10 35 78 60 38 31 95 15 42 6 82 93 38 26 82 89 53 57 52 75 87 89 15 35 8 73 19 34 81 46 12 77 39 8 66 5 6 45 98 17 19 60 96 73 30 20 85 39
83 24 87 74 88 87 99 75 76 9 43 2 71 68 2 97 3 77 77 74 91 31 12 84 10 43 50 36 59 47 15 52 57 8 52 87 62 79 48 39 1 79 69 77 4 45 5 15 52 94 81 1 68 70 45 21 81 94 18 44 58 55 24 99 90 27 3 44 23 41 94 94 38 64 91 60 13 26 18 96
95 15 37 81 54 57 97 63 59 34 75 75 73 21 10 72 72 15 8 48 58 38 72 61 69 80 12 83 21 65 5 62 91 35 5 14 68 4 39 11 67 91 9 88 91 80 35 16 5 20 28 63 60 72 31 91 4 43 5 18 25 76 49 65 78 63 5 96 54 83 40 53 3 85 13 15 97 48 15 94
98 48 82 5 32 57 7 73 41 53 24 41 83 66 7 32 23 83 53 18 45 7 7 72 41 40 77 99 57 29 12 52 11 61 78 81 27 73 55 6 26 25 7 25 22 48 63 8 58 55 82 86 72 47 1 84 86 67 11 78 99 40 20 63 72 68 12 17 72 98 36 7 16 36 36 72 43 57 48 25
6 98 38 83 80 47 22 78 62 55 58 31 34 68 19 81 69 81 100 24 91 26 30 87 31 62 65 55 37 21 95 81 25 74 79 93 80 80 34 70 85 92 54 54 54 69 42 78 14 4 62 90 93 48 100 43 19 47 17 7 5 96 92 35 53 41 88 44 65 41 44 59 83 97 79 39 20 39 65 65
51 88 99 71 61 21 79 35 20 95 76 10 65 23 10 89 59 55 85 40 53 74 20 66 44 28 81 65 3 7 96 79 36 67 73 31 16 68 95 38 26 57 83 33 12 57 18 43 63 70 6 25 95 15 84 6 12 99 68 18 39 88 30 31 20 67 26 22 29 97 39 48 96 34 88 49 35 6 75 98
89 92 40 31 24 93 14 48 62 87 61 49 29 71 44 30 21 100 93 16 96 12 32 42 24 30 5 48 33 34 38 98 57 15 73 46 59 43 91 15 80 72 55 78 49 74 69 71 49 8 78 74 86 85 85 32 53 65 57 68 63 14 47 62 51 9 39 99 33 1 2 4 100 33 21 85 1 79 87 27
62 69 2 18 26 25 60 61 86 86 44 19 24 49 62 82 75 10 81 72 56 55 84 22 76 91 38 86 48 17 71 97 82 84 15 45 61 51 50 69 72 98 94 59 100 36 34 11 33 52 75 14 47 62 25 26 42 35 63 5 15 9 48 10 94 89 7 91 82 24 14 81 52 97 39 75 32 77 28 69
48 73 9 25 75 21 56 23 99 38 65 27 24 46 36 17 58 44 41 32 93 78 82 13 44 99 55 6 79 46 43 95 66 30 67 69 91 88 58 34 71 43 61 54 15 8 28 87 26 36 60 85 7 59 99 64 9 35 11 86 85 22 52 66 21 23 82 83 20 80 43 79 10 61 33 27 82 7 99 20
62 75 79 12 95 7 33 75 27 11 10 73 71 30 67 49 75 84 85 53 41 12 14 97 20 31 95 18 11 95 30 83 46 99 67 50 42 44 67 53 14 49 80 33 81 84 76 89 90 88 23 100 66 84 96 56 5 26 90 79 14 97 93 60 77 69 89 68 67 88 41 91 49 66 93 29 10 58 74 69
15 4 86 61 72 13 97 65 13 89 86 15 78 64 80 28 21 68 30 76 63 26 73 36 54 73 93 61 34 92 50 98 50 88 82 90 22 81 28 24 4 30 55 100 11 1 98 83 48 58 72 76 20 87 9 45 56 80 20 57 73 80 51 43 35 12 81 57 45 10 22 32 85 95 50 91 46 63 68 44
32 17 81 18 49 37 34 21 26 93 11 16 52 100 2 29 22 28 20 68 100 4 7 2 94 58 1 25 98 30 69 80 15 2 56 39 19 86 91 49 10 85 4 100 91 23 19 60 38 19 48 37 55 77 58 89 13 76 98 44 72 50 6 46 98 48 57 64 53 5 9 89 90 68 17 84 57 6 97 3
17 98 60 6 3 47 80 86 35 16 48 85 79 99 19 34 53 61 21 20 84 39 4 48 83 57 93 4 38 15 17 10 30 77 8 37 67 41 13 60 52 57 83 85 56 26 51 2 40 23 58 94 74 71 28 34 9 26 32 52 27 8 79 2 80 44 96 56 28 76 48 80 92 86 67 42 37 98 71 59
23 47 66 88 98 5 92 20 84 65 59 32 75 61 82 67 44 58 20 61 25 82 46 77 43 4 69 46 85 52 15 80 70 21 28 8 69 25 44 42 36 15 40 16 6 12 99 40 39 48 68 23 22 73 2 40 61 63 51 27 65 27 62 15 53 69 12 20 50 40 14 11 57 80 17 40 17 27 50 69
71 38 37 61 60 61 49 44 22 90 35 63 87 55 29 52 39 90 62 71 2 49 4 60 79 19 81 68 15 53 2 7 21 16 45 69 62 36 31 78 14 87 52 5 91 96 20 16 94 25 38 41 12 92 74 60 53 89 100 52 97 51 28 78 57 90 70 2 41 32 64 41 4 72 46 56 88 70 82 94
100 94 56 57 12 25 54 95 53 86 54 37 82 75 8 33 31 83 79 12 88 32 87 38 14 22 61 90 18 90 52 31 91 9 13 33 39 73 42 51 45 98 27 73 62 63 9 29 59 4 28 2 87 13 89 5 66 16 69 46 38 27 42 51 25 70 28 76 8 11 46 65 39 17 83 37 78 94 80 93
32 81 14 46 47 81 5 25 34 96 83 31 91 98 87 21 7 76 53 14 47 27 12 72 69 6 19 89 2 1 69 62 64 54 95 87 55 54 36 18 12 12 18 47 53 69 88 57 97 16 4 43 1 14 30 10 92 18 46 46 36 87 95 99 58 22 5 25 16 31 54 93 45 61 37 9 61 42 84 40
19 86 77 59 30 31 88 43 24 29 47 46 86 12 63 5 25 31 95 44 85 45 55 54 77 75 94 17 14 52 97 94 9 74 12 78 77 50 8 80 85 19 64 26 48 32 16 40 66 83 12 8 67 71 30 64 4 2 56 91 13 40 65 78 23 35 98 12 98 36 72 92 39 68 9 35 57 4 92 31
54 99 11 53 92 9 60 44 6 77 16 23 77 53 52 65 69 78 89 45 1 39 72 24 42 47 56 67 57 31 1 26 75 14 45 51 7 27 28 93 22 33 64 49 71 55 91 18 94 27 99 85 87 37 21 12 86 37 10 88 41 5 75 54 82 2 55 22 49 26 27 8 6 26 22 16 2 30 58 94
24 22 3 32 68 34 31 91 46 22 4 100 44 66 43 78 95 53 74 6 29 1 17 92 85 80 92 98 94 31 17 4 29 79 89 82 23 52 26 61 80 21 17 40 22 55 45 75 74 80 21 43 8 8 17 82 34 79 76 27 92 21 15 17 55 37 38 75 36 49 13 43 66 4 33 1 32 99 5 93
30 10 99 66 68 96 76 85 27 82 97 89 51 24 93 88 24 17 20 39 87 56 73 93 70 25 60 10 82 35 38 47 65 21 86 93 44 99 22 30 74 38 11 53 91 16 22 54 61 27 33 43 93 10 86 98 78 9 98 78 51 9 45 86 98 55 2 37 81 15 58 65 44 79 95 19 53 58 95 55
90 63 16 65 74 37 3 43 59 48 60 23 83 23 17 89 60 89 25 66 66 24 73 96 53 36 91 87 49 85 20 90 83 20 44 94 21 55 61 55 13 41 40 67 70 4 63 53 49 19 76 77 80 36 91 54 93 19 41 93 94 85 13 51 8 43 48 98 78 59 59 18 72 70 8 20 93 17 47 41
31 1 44 16 26 57 71 45 48 18 92 41 96 31 13 3 69 84 73 50 34 18 2 10 60 85 59 29 36 48 9 86 11 70 96 28 28 18 14 45 62 70 8 20 59 10 85 41 29 59 4 92 68 39 58 64 45 47 21 14 1 52 28 43 97 44 20 94 55 8 4 31 23 99 77 76 80 86 96 75
10 4 82 58 20 50 67 15 90 91 74 70 23 42 92 5 89 33 44 84 62 50 68 91 58 16 87 98 51 31 23 6 90 74 97 30 7 35 72 89 77 19 42 63 3 3 47 67 51 57 8 20 10 4 63 20 53 63 63 66 23 38 98 4 95 62 7 45 8 19 61 10 88 69 82 76 11 68 87 98
23 38 93 48 6 38 41 67 58 30 79 77 60 86 76 21 43 48 83 92 52 53 16 87 41 30 21 9 3 80 49 17 57 86 9 58 66 5 77 87 99 98 21 5 22 3 38 40 15 56 5 65 26 69 75 15 34 86 55 42 1 56 100 25 28 70 2 76 7 35 40 29 58 50 84 72 14 74 72 86
99 57 62 50 91 60 59 3 12 20 92 23 12 51 53 46 6 38 99 48 48 63 66 48 52 84 56 32 88 90 85 6 39 41 80 66 46 92 11 83 75 34 100 92 69 52 96 99 69 94 84 56 46 94 70 61 53 78 57 11 91 15 6 69 79 6 73 44 23 52 92 82 47 62 19 73 86 62 48 20
39 9 17 62 52 10 37 47 33 85 96 79 79 73 47 70 99 77 64 14 23 5 42 16 84 9 49 90 3 54 14 94 70 73 23 33 38 70 18 59 68 33 35 14 29 57 15 70 91 9 65 19 77 5 4 87 42 74 19 83 51 34 90 69 31 20 28 60 93 46 19 8 58 14 88 58 48 54 51 96
90 100 8 94 57 6 63 48 93 95 40 64 38 9 43 60 74 14 18 5 8 10 5 91 6 19 58 9 8 60 39 45 94 92 13 21 4 75 35 1 41 42 20 37 1 20 14 72 27 57 88 23 8 95 87 99 66 13 65 46 6 52 6 33 77 34 52 51 13 21 27 26 89 76 23 10 23 73 75 64
74 31 22 78 32 16 11 69 4 8 69 52 5 73 57 79 53 94 18 52 77 58 16 10 11 5 97 16 12 6 69 77 15 93 16 85 20 70 10 9 14 80 70 85 6 27 68 91 76 55 86 15 51 85 22 26 17 45 30 33 13 30 57 14 2 47 62 90 33 24 91 74 10 80 69 60 92 46 94 90
39 39 56 50 60 66 56 17 28 99 31 58 13 62 95 76 26 5 97 32 82 57 68 24 21 82 92 100 67 71 68 12 26 8 80 76 31 18 75 64 100 84 47 27 29 37 62 42 69 87 7 31 96 32 70 61 12 84 37 3 56 77 70 84 93 22 86 13 80 28 55 70 85 16 2 93 16 63 79 33
89 8 34 71 50 10 12 50 97 2 71 76 43 40 99 10 56 3 42 69 60 72 63 76 71 99 12 98 71 4 73 92 48 57 9 52 33 57 100 53 89 2 58 67 86 60 84 80 63 98 85 8 70 26 60 42 94 28 25 63 25 53 74 48 60 54 64 46 56 48 55 10 3 26 50 36 68 18 81 79
26 22 65 86 23 91 42 7 66 89 57 57 90 25 27 73 82 10 43 57 79 44 64 28 17 80 76 19 58 97 41 41 36 40 32 19 22 70 68 23 63 20 77 86 31 60 15 2 82 51 35 37 15 27 12 68 10 78 66 64 38 82 17 2 19 12 5 91 7 35 75 15 80 82 91 24 91 82 68 87
36 7 82 82 91 79 67 33 45 24 86 91 3 23 100 69 1 13 12 26 47 23 35 99 35 82 45 53 98 20 15 93 64 19 2 100 7 75 20 80 88 8 75 96 6 86 79 75 59 37 6 41 5 5 87 94 82 2 62 47 77 89 76 4 42 47 58 68 100 100 16 40 21 4 65 83 70 50 42 20
66 10 33 90 6 89 20 100 95 80 90 64 92 26 10 71 54 46 86 32 29 77 47 38 81 21 4 64 28 8 97 14 28 49 3 30 73 95 81 46 52 65 5 34 77 41 38 99 63 57 50 17 47 18 76 50 1 27 1 59 7 59 35 64 78 81 94 93 54 16 71 8 18 61 12 4 74 72 79 83
87 17 30 47 85 31 32 83 27 42 74 20 19 47 13 84 56 96 24 96 94 99 50 21 25 75 97 85 7 62 54 15 24 3 43 27 60 97 35 9 92 9 81 23 57 12 22 78 78 60 88 5 80 60 34 90 57 49 90 47 75 76 15 37 95 38 44 19 67 18 32 25 4 5 8 60 88 6 95 35
63 30 71 33 73 28 78 34 38 5 70 65 26 96 85 86 45 100 76 92 62 21 32 98 43 22 9 8 17 90 24 39 97 70 39 1 84 14 63 10 68 40 81 18 45 9 69 77 28 3 33 71 74 35 31 98 80 4 36 57 27 59 28 9 87 47 38 19 74 2 32 61 58 97 39 100 39 24 31 52
45 93 22 98 74 82 48 22 61 11 63 56 6 70 40 33 72 15 26 48 98 40 14 12 74 58 69 62 65 78 43 19 32 82 60 47 71 33 4 92 84 2 83 70 3 10 36 53 74 8 17 61 28 37 25 35 63 85 97 76 54 20 52 67 8 48 29 100 92 28 55 64 71 90 81 45 97 75 80 78
83 19 6 100 73 88 25 92 64 27 1 82 18 89 58 55 43 69 11 31 73 72 12 81 24 59 92 54 25 85 55 98 56 52 5 39 12 53 89 82 78 20 64 12 66 14 75 44 8 58 57 46 27 28 32 12 68 97 8 42 58 97 89 49 41 38 59 12 89 36 81 51 25 59 62 86 25 10 37 2
54 87 26 87 81 92 39 36 40 15 33 87 24 13 88 46 62 54 22 81 25 6 15 23 86 58 99 84 52 4 97 32 43 68 97 80 100 84 52 90 94 67 99 43 12 55 14 38 39 28 76 57 67 42 81 59 35 91 75 54 94 95 26 42 29 20 47 11 55 89 60 77 91 47 62 64 89 3 87 76
56 8 44 39 36 9 48 91 96 63 39 32 20 100 97 37 46 33 93 43 54 34 54 94 15 51 43 76 60 8 89 53 25 74 42 5 43 13 63 22 43 5 13 54 20 81 14 97 28 45 4 43 54 63 100 12 37 21 5 41 60 38 2 5 89 5 50 74 97 80 59 61 31 75 87 84 25 17 84 73
92 32 82 85 82 41 11 12 23 83 31 45 5 29 30 39 78 43 48 37 57 69 52 19 8 47 16 30 80 41 84 34 22 24 57 84 99 67 78 6 60 79 27 51 52 77 67 15 54 50 80 68 3 9 57 93 5 86 8 16 99 87 74 15 74 11 36 12 60 53 39 85 95 2 73 10 53 83 59 14
3 82 39 90 60 59 63 54 48 4 79 6 86 45 45 25 28 79 59 48 81 27 55 57 98 63 59 88 74 86 38 51 67 53 8 31 39 15 82 83 43 33 98 36 48 78 14 63 95 50 75 66 43 86 78 87 63 9 26 64 65 55 54 23 79 45 7 31 28 73 77 7 47 56 99 39 65 95 16 22
45 96 6 49 1 29 31 35 59 27 27 34 74 60 61 14 91 79 68 38 64 42 5 31 1 94 72 21 42 35 37 29 72 95 46 89 36 100 22 28 2 58 41 33 32 23 59 79 35 75 15 48 39 52 10 18 47 39 84 95 94 62 83 45 34 77 90 70 59 100 25 26 32 86 68 71 27 71 9 79
99 73 52 9 32 94 87 69 82 11 87 26 93 16 54 25 41 3 49 36 59 3 38 6 69 86 24 35 100 77 63 49 75 44 20 89 3 25 61 59 9 57 77 92 40 38 7 78 6 33 10 87 3 15 10 56 61 4 73 93 14 72 1 74 75 61 77 72 44 55 59 5 46 63 14 46 83 19 50 76
94 38 98 63 83 64 64 75 20 42 91 89 17 16 74 33 66 16 9 26 32 79 23 47 88 23 87 85 80 59 3 82 87 88 14 60 8 28 5 56 41 25 79 75 30 17 3 19 86 25 43 27 55 49 55 72 59 10 91 7 50 87 29 72 58 93 23 18 93 81 1 34 26 25 68 15 49 36 27 59
53 12 55 75 40 82 95 40 26 55 89 90 66 77 77 19 86 14 87 21 50 87 35 58 21 17 50 69 92 48 16 26 76 12 74 66 51 29 4 100 59 40 3 92 42 99 98 19 53 23 96 42 80 24 92 63 16 43 17 17 29 5 87 91 64 98 30 84 28 34 62 20 44 83 80 47 61 53 30 43
26 3 1 3 50 78 4 98 65 45 73 59 24 31 19 67 7 38 9 73 17 69 61 43 42 89 81 14 92 77 42 67 57 28 19 45 29 80 35 35 61 32 58 91 64 27 30 53 46 24 33 26 71 51 92 70 9 18 8 68 94 61 65 41 89 80 36 52 76 38 28 17 32 39 81 69 25 68 13 54
77 31 64 29 4 27 64 16 53 21 47 63 32 80 69 22 23 64 21 85 4 65 35 84 42 88 76 57 56 46 71 14 12 89 25 7 19 97 44 82 10 91 100 22 57 59 71 5 28 47 11 22 68 24 26 97 19 85 69 36 96 14 2 72 30 48 49 61 17 14 25 7 48 61 81 56 97 85 66 15
30 55 21 12 36 99 47 40 23 59 63 76 74 23 63 76 81 100 38 93 13 100 27 52 43 52 61 55 37 2 7 47 86 74 71 76 13 26 38 52 10 66 34 10 29 9 9 31 12 47 54 40 55 21 38 88 99 3 57 10 28 74 78 22 28 29 49 24 2 38 1 17 28 49 47 55 69 76 14 93
62 67 79 43 12 45 41 72 59 21 87 61 3 1 7 39 20 20 3 33 88 30 93 64 96 86 80 49 3 25 75 93 48 86 43 64 71 27 29 95 37 73 20 20 29 20 25 28 2 6 34 32 34 34 65 29 92 39 71 5 54 31 99 84 23 90 21 1 37 26 61 98 79 60 81 18 42 70 80 65
10 36 92 23 16 15 43 19 98 89 74 32 3 66 11 85 17 7 61 4 49 97 38 21 94 10 1 93 99 16 62 55 47 51 51 100 63 32 8 3 19 19 35 8 53 79 7 68 83 67 28 15 64 13 100 6 71 66 40 36 83 89 9 81 55 80 58 90 86 13 52 8 11 43 29 38 40 49 18 95
21 20 8 33 81 8 6 64 56 1 82 71 35 77 25 57 60 90 85 80 18 50 78 15 10 75 57 51 1 60 81 71 71 67 63 97 96 69 73 5 82 12 59 70 58 32 68 36 4 36 44 20 82 4 15 83 4 96 29 37 91 16 12 27 21 64 20 93 10 28 73 54 33 41 16 77 68 34 8 28
45 45 52 73 34 74 83 25 85 6 35 22 19 94 30 65 91 59 59 19 38 6 34 98 40 48 27 36 90 16 89 65 24 46 71 86 23 44 29 100 41 32 97 85 8 1 60 13 32 99 60 41 48 66 31 25 41 91 26 11 92 37 89 18 17 71 87 49 80 39 6 53 92 80 33 65 95 85 6 56
50 61 31 2 37 20 4 80 71 92 64 63 100 46 62 84 60 15 15 85 74 86 65 88 53 56 90 48 63 23 3 85 91 13 36 6 93 29 19 55 41 56 5 34 84 5 80 62 85 60 43 21 44 57 15 80 6 73 28 57 28 34 28 57 57 43 80 77 86 19 2 81 17 43 94 21 52 32 21 48
88 68 19 11 54 28 80 17 81 63 88 19 38 58 1 80 74 78 66 90 6 92 37 23 1 36 37 72 7 3 35 20 89 64 47 2 77 32 44 88 8 9 8 32 31 11 49 97 63 4 82 11 81 92 82 72 74 93 95 99 85 80 78 88 75 71 52 26 32 12 14 93 29 56 74 11 16 66 77 72
36 83 56 15 18 29 15 77 17 16 13 91 99 21 64 96 56 67 84 95 68 100 23 55 17 72 52 84 7 46 45 10 97 92 16 34 57 1 40 46 52 74 14 70 96 13 26 33 30 78 57 1 4 5 70 54 28 1 84 62 67 99 100 59 2 70 6 52 31 15 10 61 28 35 86 17 48 36 67 86
7 29 22 24 53 74 40 11 86 63 50 19 29 81 7 26 31 63 79 45 27 32 97 93 17 42 33 29 88 87 1 20 85 60 19 4 6 7 41 90 67 97 28 94 68 41 45 20 87 29 57 25 38 79 41 4 34 68 16 88 23 5 37 82 37 43 68 61 59 56 8 58 10 92 3 35 29 82 59 44
24 29 78 64 31 60 1 6 89 2 57 40 26 58 11 49 55 81 42 35 33 70 6 60 81 20 4 90 39 41 9 19 17 27 77 82 14 75 70 28 29 13 38 99 12 47 2 89 51 99 75 70 3 20 31 99 55 13 81 87 10 56 75 24 85 82 86 7 96 80 52 94 17 4 10 99 18 54 15 13
65 65 49 22 65 30 99 36 55 23 92 38 63 33 32 100 9 16 74 16 4 68 2 11 35 41 92 30 19 73 61 6 25 63 71 63 56 84 57 90 27 89 92 51 69 55 17 62 34 79 59 23 23 38 77 39 73 62 43 6 87 72 89 79 22 84 77 42 15 91 17 58 89 40 58 26 48 91 53 3
78 36 7 61 36 79 100 20 24 21 60 61 43 89 55 68 2 74 87 69 7 22 69 88 86 48 8 75 17 60 29 43 26 79 96 30 75 94 81 99 80 10 56 5 86 26 79 90 75 55 57 37 75 93 63 83 74 69 3 10 40 26 49 48 86 7 88 98 41 91 57 50 21 31 72 81 97 50 64 5
87 92 64 66 60 61 63 27 97 30 60 44 87 57 61 85 6 53 98 42 22 22 91 45 75 6 43 24 91 18 27 80 4 96 79 53 49 17 39 25 91 56 10 43 93 13 64 68 77 1 7 8 32 71 33 27 2 68 73 80 4 37 67 60 79 17 9 76 82 69 13 49 48 11 53 68 79 3 15 85
1 15 13 25 9 51 88 25 2 5 18 100 33 63 17 92 57 61 44 1 16 74 1 90 100 47 5 55 63 19 81 6 13 11 54 14 13 5 7 75 63 37 50 72 49 36 61 61 16 69 71 14 10 38 17 92 94 80 74 81 93 23 63 72 48 36 44 93 91 50 76 35 8 87 97 31 81 84 70 71
