33
45 95 17 53 58 47 52 8 39 5 62 16 48 36 75 52 72 87 89 87 66 86 55 67 84 9 34 33 67 40 8 85 31 29 29 86 100 91 87 34 14 64 33 17 73 22 68 24 54 39 67 62 39 50 21 19 50 79 1 88 77 82 90 94 89 69
33 79 94 48 41 24 79 38 49 5 19 26 20 4 99 67 30 41 30 94 83 96 48 5 59 67 71 58 38 86 69 74 57 41 59 12 96 6 42 37 54 29 58 89 4 13 99 22 63 88 55 54 34 42 2 7 35 32 32 98 34 20 87 88 36 30
69 33 42 38 52 31 67 45 41 59 2 49 31 68 62 8 66 65 60 69 53 18 30 63 68 55 47 8 42 71 55 22 10 3 14 9 1 64 49 36 22 68 84 2 22 30 38 37 39 68 39 49 44 89 76 87 86 5 90 18 30 72 77 8 76 40
96 51 44 26 95 14 75 92 97 94 1 10 72 82 2 35 37 26 95 12 41 93 56 51 66 22 8 94 55 5 69 6 5 80 29 95 27 96 22 30 1 43 7 62 95 23 51 86 100 84 79 44 76 85 16 6 31 84 67 29 69 77 34 47 91 52
89 50 90 42 5 32 60 23 20 82 28 65 30 57 7 4 40 63 89 57 3 98 53 28 8 5 47 94 60 64 60 43 83 72 91 27 13 88 90 20 97 80 3 92 6 83 75 60 20 27 22 28 94 27 57 63 74 15 16 83 33 4 58 6 19 67
16 36 59 14 4 41 85 54 88 79 89 45 34 1 17 60 25 40 63 9 69 71 77 14 81 62 90 26 99 71 6 25 26 32 1 16 96 89 52 39 38 67 97 31 1 43 71 88 94 9 95 31 83 17 2 90 93 91 62 93 94 11 11 98 65 88
28 76 72 66 27 88 69 71 44 44 73 79 49 13 87 96 22 31 94 13 76 52 37 83 11 50 56 87 15 60 20 63 35 39 75 47 58 36 39 72 80 58 13 87 87 86 54 89 15 31 42 7 88 99 53 86 24 1 27 81 53 45 8 26 56 61
57 43 96 15 98 37 86 43 69 4 74 100 59 83 100 59 71 76 20 99 48 87 20 45 37 6 41 72 64 80 90 50 30 80 25 29 27 11 78 88 69 51 29 94 20 42 68 81 61 42 67 52 28 22 49 52 16 71 76 81 93 38 41 29 86 65
85 82 5 9 72 13 61 14 41 40 55 59 70 43 9 42 87 23 54 21 37 100 90 74 93 61 83 87 92 100 54 10 93 87 41 60 96 17 30 55 89 78 84 22 64 2 89 29 64 35 5 49 70 2 42 73 85 3 29 16 44 65 13 11 37 51
35 60 21 10 98 40 69 69 33 54 28 58 31 17 79 52 91 84 34 38 48 62 27 75 32 73 6 48 74 24 28 7 34 24 45 86 63 75 74 23 67 64 35 63 90 7 79 15 16 46 26 39 89 83 16 42 40 41 20 83 87 45 94 18 31 4
27 82 68 46 11 91 9 91 94 48 18 12 96 75 18 58 98 22 63 42 23 38 61 4 3 44 28 38 3 76 70 1 86 81 53 27 65 54 57 32 99 71 3 66 91 16 31 65 2 19 48 17 100 46 38 3 43 4 15 23 85 33 18 87 64 41
42 81 31 14 8 70 3 26 81 23 75 34 92 22 22 2 19 11 96 79 39 58 72 75 37 8 1 13 57 73 75 72 72 27 13 14 82 58 90 30 57 97 97 10 68 94 9 31 32 47 42 15 2 20 22 77 3 25 93 57 52 55 32 99 81 31
4 98 34 79 79 26 78 42 40 23 12 49 1 25 47 27 38 84 89 89 1 41 100 66 36 16 21 34 27 54 67 12 79 23 29 50 16 56 56 57 16 69 16 26 5 53 52 50 57 9 20 71 48 45 48 79 67 3 40 66 52 68 49 10 19 99
6 3 12 94 7 13 66 77 71 5 44 59 71 72 3 51 45 79 21 27 35 4 29 64 53 6 51 47 67 12 7 84 2 9 10 9 15 28 61 70 78 83 39 7 53 64 78 4 50 48 86 80 9 69 26 1 11 3 64 73 93 84 43 98 61 40
96 4 96 17 10 12 24 67 95 1 41 60 77 7 99 31 17 91 66 39 51 54 15 56 31 19 79 9 84 60 3 13 52 93 83 55 24 27 7 82 62 28 23 11 61 76 78 15 92 34 59 48 79 89 53 34 55 69 42 83 6 74 47 60 83 82
34 52 84 40 65 100 69 41 99 69 32 44 97 49 88 75 83 17 75 16 16 24 26 58 24 30 43 4 66 60 57 48 43 95 57 30 22 80 80 96 53 34 25 38 56 76 29 39 42 94 18 90 73 15 90 75 3 2 89 94 7 33 50 47 77 96
71 25 23 95 55 73 85 78 41 70 45 54 35 13 92 8 93 83 32 15 40 20 18 19 92 69 11 33 18 83 60 19 99 93 36 44 50 79 12 89 79 88 2 19 74 35 1 69 3 24 48 31 57 85 37 33 39 32 14 13 73 51 100 56 84 83
61 16 68 23 96 27 80 9 99 28 54 59 13 87 92 32 14 7 99 34 20 24 50 8 20 3 71 96 58 83 78 62 33 42 7 1 91 60 83 32 37 56 38 54 5 56 89 23 13 60 23 14 84 48 22 19 8 47 23 54 36 11 34 51 97 34
37 33 8 72 80 25 36 80 88 84 3 89 5 66 39 22 81 10 95 85 46 3 98 32 7 29 92 18 55 52 69 86 36 47 3 27 8 53 68 88 67 17 53 63 28 55 89 96 57 30 3 55 14 83 8 23 61 32 5 87 82 75 28 80 70 70
45 73 14 11 64 99 46 72 30 89 51 92 74 98 27 30 39 90 31 4 72 52 67 57 63 15 58 71 35 36 16 55 92 3 19 59 69 22 18 86 26 14 78 73 92 81 58 34 31 7 49 45 90 17 15 86 14 20 76 45 29 3 23 26 94 83
6 21 79 84 92 83 61 60 59 80 72 89 48 81 63 100 46 74 48 21 30 72 38 39 51 84 71 80 73 11 69 74 56 22 13 65 54 95 68 69 77 7 93 21 11 64 3 26 52 59 16 62 48 70 24 60 71 12 49 8 94 69 99 44 3 93
84 43 77 94 69 39 1 61 57 18 57 11 92 21 19 1 15 8 77 58 15 47 85 65 70 15 56 97 95 74 42 10 87 15 85 79 62 33 17 47 93 27 80 50 76 42 86 3 72 64 1 18 22 4 56 95 88 92 62 100 38 14 58 62 91 40
6 71 2 62 69 4 80 97 53 52 25 55 5 69 28 62 12 83 7 76 5 31 4 83 96 79 86 85 97 96 60 19 83 18 37 56 15 52 68 3 88 38 74 45 57 35 95 1 50 9 62 89 35 29 61 41 5 29 5 32 27 40 62 19 94 40
3 94 98 99 46 2 29 44 11 9 5 2 4 57 99 59 77 32 70 75 49 46 27 68 73 45 67 58 60 5 62 4 65 72 43 5 57 25 44 86 93 41 74 53 76 59 14 67 9 29 39 87 5 53 16 25 52 70 77 75 10 20 62 87 57 2
12 59 42 77 77 71 38 99 87 8 14 7 96 55 67 49 29 64 48 95 62 32 33 25 58 34 18 58 4 57 93 71 81 64 41 98 96 41 68 89 44 88 60 68 42 40 62 46 25 62 75 63 3 5 52 84 57 43 98 87 22 98 48 49 72 29
81 74 21 34 69 1 14 40 4 79 38 81 82 10 22 6 10 89 32 44 30 49 42 74 75 24 73 58 78 3 24 25 59 8 31 19 3 21 96 32 30 7 45 84 67 35 16 14 12 75 61 56 21 22 30 28 4 9 81 36 63 1 2 48 11 86
56 44 73 79 11 68 23 25 79 83 9 35 84 81 42 50 50 58 59 13 25 32 98 69 66 97 23 91 4 98 96 9 98 72 64 14 58 61 19 48 8 23 12 56 29 16 24 81 67 54 43 12 73 59 29 40 12 61 79 45 2 99 35 20 42 68
30 49 9 74 10 29 56 96 77 68 64 17 21 22 15 83 69 74 16 91 68 43 95 36 53 51 27 56 92 95 88 16 85 78 53 31 87 68 43 50 82 93 28 43 70 5 72 55 69 47 26 42 64 34 43 25 3 10 55 44 94 35 28 20 75 96
33 41 99 67 61 12 97 37 62 46 11 87 57 40 83 38 74 75 61 32 67 22 72 28 19 84 98 12 90 44 82 55 98 35 97 41 81 99 9 54 88 78 79 3 61 55 31 37 76 83 50 26 85 73 24 18 22 46 56 13 74 3 53 58 27 69
35 72 65 15 50 82 9 20 51 10 61 60 90 27 53 61 12 91 95 83 7 96 88 96 7 11 80 70 36 39 28 7 14 36 51 100 57 60 26 83 3 32 30 38 7 84 84 49 35 44 3 59 82 86 66 26 32 9 88 89 20 13 62 98 45 10
36 21 88 28 45 32 54 24 38 3 54 96 30 55 34 60 95 10 3 20 95 10 87 28 10 16 83 32 77 29 22 94 41 7 57 77 26 29 49 14 66 17 51 46 26 56 54 72 72 17 40 47 12 10 39 99 29 46 67 44 91 96 90 43 72 83
71 33 72 4 12 95 34 1 10 72 64 31 95 87 78 82 28 29 40 97 37 67 75 89 22 61 14 92 28 26 10 30 54 23 51 92 30 51 6 62 95 41 9 64 52 30 73 65 31 19 20 23 37 56 22 23 14 99 78 3 53 18 47 15 74 51
92 94 24 41 9 42 11 49 100 35 62 13 73 68 1 50 2 25 50 4 71 84 82 46 6 27 61 31 63 40 79 29 54 61 1 50 33 55 4 88 90 81 9 67 22 97 54 60 1 50 17 14 30 58 55 78 82 52 20 43 25 63 57 93 49 49
30 65 85 82 4 94 66 97 4 16 36 33 27 55 67 34 85 92 47 91 47 91 27 60 65 27 47 74 13 63 2 50 99 11 16 59 2 88 8 43 68 61 30 56 2 17 72 2 19 94 2 1 68 77 56 33 92 22 24 9 50 23 41 37 60 3
88 69 38 76 85 64 21 82 6 18 37 28 28 56 63 89 71 70 52 84 1 91 3 29 3 22 32 73 13 37 100 78 79 34 41 83 32 39 46 86 30 94 31 38 48 6 93 17 66 82 85 44 11 80 40 47 58 23 35 37 30 30 40 79 82 64
29 41 10 76 60 9 88 5 56 85 92 16 8 49 71 87 94 58 30 42 32 54 79 97 51 87 4 8 23 15 61 36 60 14 14 7 38 48 98 91 49 15 14 4 29 62 45 15 39 92 36 80 38 54 27 28 20 87 88 16 23 33 36 49 28 70
4 85 17 63 25 92 72 58 4 72 19 11 22 11 37 19 63 62 35 88 6 56 99 33 18 61 33 70 75 9 43 14 21 49 93 65 1 32 75 61 54 11 15 61 84 87 54 87 39 73 55 95 84 84 38 89 76 95 12 50 22 26 24 32 48 11
46 11 26 70 64 99 83 50 93 19 12 75 100 29 3 92 73 4 97 33 79 3 80 23 58 72 77 5 28 25 54 92 55 32 52 39 57 74 91 36 81 74 91 94 2 91 91 31 54 67 49 83 53 64 10 68 72 100 64 90 81 2 58 14 13 37
39 71 13 33 71 1 62 45 59 97 100 10 96 42 34 63 92 54 16 2 53 34 57 79 50 9 1 33 56 31 55 81 30 86 44 56 42 13 72 21 85 4 94 15 45 42 8 12 49 50 25 26 81 17 30 61 9 13 66 4 5 43 42 13 15 83
99 38 37 56 97 73 85 23 52 8 15 94 13 100 74 26 2 1 71 98 83 1 67 75 38 49 17 73 30 56 8 3 80 85 79 59 39 14 59 10 95 91 1 14 28 64 57 67 45 1 82 12 7 28 61 83 68 2 62 84 55 39 15 66 29 84
4 33 67 3 74 12 45 62 71 95 43 94 4 85 12 87 23 79 67 69 32 33 12 69 38 83 92 22 54 12 5 63 17 27 68 25 64 70 88 3 98 32 52 82 13 100 77 84 53 68 91 53 14 20 87 16 49 23 65 32 82 89 20 18 85 88
71 8 28 12 55 96 85 33 87 51 49 67 31 14 57 74 47 79 68 94 15 37 78 22 72 41 27 12 74 17 97 28 52 99 89 94 82 75 65 31 1 22 36 91 19 79 93 21 94 40 10 89 38 82 53 75 15 42 89 70 47 88 80 55 26 6
24 71 61 67 9 64 54 26 2 13 31 65 36 93 36 39 92 33 91 70 35 22 11 71 100 87 36 71 95 13 2 78 70 56 28 39 25 82 90 84 11 26 12 46 75 71 15 49 9 84 65 100 55 24 91 79 72 47 3 62 28 31 60 7 65 77
28 77 22 56 68 40 31 81 87 24 24 62 81 97 75 29 31 58 69 32 28 63 97 65 70 21 82 80 83 60 42 98 16 44 31 3 57 72 37 84 39 57 27 30 2 24 16 27 74 23 18 22 74 34 7 87 20 64 46 41 32 2 61 11 92 7
37 42 49 35 15 24 28 80 63 20 96 2 90 59 27 59 58 23 44 28 73 3 93 80 14 76 59 36 30 75 16 36 39 97 3 7 87 81 98 60 28 83 96 22 23 20 55 65 87 57 91 91 25 25 1 23 46 83 63 79 97 43 72 38 21 36
12 100 35 23 17 55 91 39 97 4 100 16 57 15 96 18 63 28 89 67 25 82 61 22 97 22 81 75 40 13 16 100 95 71 73 62 22 28 71 60 29 61 62 17 4 32 62 26 91 34 10 67 75 81 95 31 61 2 44 75 80 65 20 24 21 12
26 85 88 47 72 11 21 5 79 40 95 84 27 15 28 43 60 99 13 48 17 44 38 82 16 50 73 70 47 52 82 86 91 53 46 31 67 35 81 31 76 61 75 95 63 31 66 11 91 40 50 20 18 8 33 87 95 62 18 52 3 89 21 34 90 62
42 26 19 88 68 71 65 96 29 29 60 89 36 3 51 65 30 67 66 75 85 76 39 9 47 23 68 50 24 35 7 31 35 19 93 66 99 58 97 68 58 94 29 26 3 30 100 17 85 99 30 46 96 58 18 64 92 63 21 83 64 81 76 66 22 54
36 90 62 12 30 35 4 70 43 53 98 81 14 51 19 42 62 68 88 13 74 18 53 40 34 60 68 70 28 13 29 75 81 15 92 96 35 99 25 49 68 78 31 52 61 96 29 97 4 53 53 60 48 57 47 46 72 82 54 95 71 69 22 6 51 74
6 75 43 48 4 3 84 65 44 90 48 40 22 33 62 6 8 11 44 71 40 33 90 44 31 7 60 82 55 99 66 17 75 16 88 64 73 72 69 2 97 3 13 59 61 32 40 41 29 31 22 57 58 29 32 26 58 83 1 87 34 66 55 14 24 84
4 5 21 72 58 78 7 8 62 20 88 40 93 96 36 48 29 14 96 70 19 40 28 10 4 6 90 15 21 76 25 71 52 20 94 67 84 100 94 41 69 20 11 75 1 67 72 85 3 8 86 40 47 3 81 18 2 9 56 18 56 52 46 71 4 33
62 70 65 29 46 1 64 99 88 71 57 20 70 83 75 93 84 32 18 66 32 47 44 56 90 15 25 5 10 11 8 56 51 63 65 56 50 1 76 97 20 95 64 81 21 73 28 18 94 32 39 62 42 50 40 57 81 70 84 43 58 45 72 73 55 79
46 41 15 16 93 82 48 38 67 37 70 23 72 7 85 57 87 77 39 70 15 35 42 43 68 98 69 21 12 51 17 75 63 52 40 30 39 5 35 98 25 53 81 27 65 40 27 12 20 73 30 84 53 81 48 79 73 39 80 76 64 87 70 45 69 1
2 85 90 7 24 62 82 4 57 42 100 20 18 27 29 93 40 40 17 12 67 12 99 100 67 70 92 1 24 86 46 1 1 14 6 40 41 98 23 94 4 3 37 24 53 95 35 14 57 73 13 8 15 83 95 52 86 14 31 92 45 55 26 99 77 44
2 63 86 41 67 67 83 8 16 96 56 25 57 34 20 72 100 48 84 64 5 52 100 56 27 90 31 22 32 88 65 33 24 46 93 37 23 95 53 53 97 20 24 79 88 59 26 12 77 1 15 64 68 18 93 33 30 97 40 25 84 6 2 57 74 35
44 29 6 59 20 23 32 88 67 55 19 69 55 41 18 96 2 73 80 81 15 45 17 46 51 54 63 55 47 57 94 91 69 65 72 42 5 33 77 59 83 95 58 86 74 48 81 90 11 49 53 41 32 31 81 100 40 3 72 98 61 12 38 94 66 77
78 1 91 36 31 94 58 73 94 72 24 57 79 90 53 6 32 71 53 92 84 97 36 50 27 88 8 43 55 88 14 45 47 71 27 12 52 81 54 71 14 90 60 67 17 51 84 1 5 13 41 51 39 55 81 41 97 72 47 26 70 88 85 89 56 88
97 52 14 20 90 83 23 61 44 39 25 88 8 71 35 34 93 45 14 79 85 58 6 78 15 92 13 99 80 17 88 92 24 96 47 98 83 12 96 19 29 80 40 10 10 94 34 55 65 41 84 1 75 59 48 26 52 49 52 85 81 37 3 7 21 25
45 64 3 85 89 62 54 67 58 25 88 52 95 2 64 48 87 37 98 31 61 69 34 71 89 98 94 9 26 50 80 15 29 30 35 20 3 18 29 12 86 56 64 76 25 46 35 70 14 42 13 57 9 10 88 11 71 53 17 97 92 48 16 37 19 8
96 4 29 29 23 86 38 37 1 25 36 75 14 61 48 5 21 79 23 5 6 51 46 83 76 85 30 10 78 20 55 6 69 24 60 21 52 77 1 14 35 25 41 41 76 4 7 6 19 48 67 30 62 55 41 24 2 33 35 10 98 63 89 19 34 18
27 45 11 26 6 36 30 19 47 33 98 53 5 21 64 76 42 46 18 58 98 20 76 41 28 82 23 51 69 68 67 13 71 86 69 4 79 34 94 82 55 94 23 96 47 10 71 83 11 20 6 37 71 39 100 10 24 70 6 35 99 65 48 97 10 42
45 80 34 6 100 4 28 13 29 86 30 92 19 32 47 97 12 75 5 80 12 10 15 44 31 56 30 10 22 30 59 11 52 18 8 86 42 84 35 24 6 87 60 76 87 29 17 79 82 45 84 4 6 2 30 70 21 77 40 50 72 68 7 49 18 9
25 59 86 38 74 97 82 86 70 82 12 85 89 48 72 18 21 7 44 94 96 91 25 27 91 95 49 95 60 38 35 46 53 77 3 69 40 75 79 76 56 82 15 60 56 59 39 35 94 5 93 79 77 67 46 89 17 51 19 23 30 32 78 36 4 56
49 67 94 11 74 52 89 7 93 30 9 17 63 76 3 82 33 91 30 31 13 4 100 63 1 76 20 98 3 31 66 27 36 43 43 60 86 34 99 2 96 55 25 80 100 16 2 29 61 96 18 38 54 64 69 22 36 10 6 56 8 25 27 79 33 61
64 90 93 48 57 83 14 47 63 30 37 99 98 11 39 52 98 52 49 84 96 38 42 21 21 39 87 3 86 48 18 1 47 37 24 67 22 30 34 22 71 99 79 98 51 12 57 53 25 6 41 96 9 65 57 73 76 66 89 60 5 86 65 27 31 54
99 46 96 59 36 65 62 85 6 21 16 71 2 37 16 6 27 41 96 56 51 70 3 93 21 21 42 53 73 19 85 96 69 43 17 1 28 70 39 38 97 23 95 38 2 50 90 70 2 67 33 7 38 56 11 13 4 37 87 60 30 69 28 39 83 34
