40
1 53368 923195 912567 892318 844297 811138 803633 783835 765450 760075 746175 732407 727601 712331 697505 689574 686428 624844 546431 534238 531653 529829 517183 506011 503544 487283 487044 467816 412209 393239 386102 344704 328655 326256 297560 262385 251974 185134 171428 122476 98812 95461
35 92543 936235 906396 900927 840855 838584 807461 737854 721894 708718 697227 687673 677726 673219 631276 617571 543533 534446 533052 471479 460171 453690 437770 373060 349903 346358 342682 336122 325391 306192 290597 281650 280853 268569 263651 260583 258356 255414 177220 170018 138778 121358
3 47869 903832 883998 784154 771013 759817 753397 748256 745465 722974 715449 707693 647595 626460 584577 579507 573519 572475 560435 460264 439742 418759 411991 380372 374281 334707 282962 279630 273787 258826 245931 234886 231718 209518 192620 184798 160537 155929 150838 100254 87810 62130
6 27072 914480 900287 894610 884512 876486 868872 835885 790732 772834 745288 724290 711357 697461 690045 680813 679808 640193 622933 593633 588521 583281 538410 529788 505647 459217 432513 416038 388445 388388 386015 369152 314651 265269 205127 152882 139956 103352 99213 88112 46986 43804
25 90385 965325 962399 938772 921603 904274 846721 822585 808402 798000 782979 781219 776570 771225 763184 668829 657260 644025 598754 546298 542934 536908 523695 517341 492703 480140 469580 440042 424247 414641 402135 393246 371908 282925 266051 257250 252854 149816 143782 133045 119461 104291
33 74642 920276 917317 838368 797725 699633 658918 627034 615182 578679 538367 510853 499266 475462 449430 440346 434979 410606 406010 405440 403826 400538 389570 378290 363273 337664 325969 316501 302902 287672 286853 264579 253828 213352 198357 192643 173665 165961 161165 145125 139386 80507
23 52641 903982 897822 882688 876957 842447 830281 810312 709806 694874 620740 598402 586468 580619 574980 560751 553598 531474 486651 483681 483246 452423 431241 367537 364382 364018 360781 346557 311363 293668 273528 248847 194190 190174 176831 171119 165912 160633 142199 118924 84469 66633
10 80831 945528 940580 923991 898568 879561 853929 844412 826415 805451 803988 757589 756710 732685 696384 683528 652860 649628 638587 638258 620521 615041 592298 563876 456107 448506 447691 413714 386737 383086 370388 362936 353686 335936 326837 325164 299750 157361 151256 149909 140549 136502
26 55623 931110 901481 859753 832144 763907 750636 739114 708647 707944 671325 665605 626312 612821 609469 604896 548932 510791 489349 479449 478314 476775 473814 444073 398039 381309 341746 338028 304984 303414 273149 226086 138798 133665 128790 119874 111037 111027 106550 85150 82186 61035
39 95521 980970 980835 977605 911281 905119 899264 897838 862706 854736 815568 808917 794985 791729 780488 718359 702057 689365 631337 527812 473862 455289 382691 368550 353764 332115 329289 326226 320862 271817 263976 246570 234634 224423 204307 201875 198999 148547 143944 129261 111739 103900
2 39295 906748 881053 859866 859190 853723 853635 838368 757435 750417 736665 717609 706875 675502 673770 673675 652024 649078 535726 495426 487620 485040 449971 379381 364245 341293 332132 308223 294736 294687 292166 291730 268505 268180 117714 102874 98333 94697 81418 69748 67336 56634
28 36308 924269 812667 803652 795099 766040 765548 755759 736702 708018 697985 688156 680923 672805 665223 644381 640481 630960 573078 528472 525801 468251 447968 436779 434763 414679 367661 346190 342336 338287 310598 304314 297305 282639 264926 252741 240735 145274 112789 103774 62638 60528
11 36233 922662 891212 874908 856513 845206 843498 814665 800050 792364 782900 756983 649191 634260 616282 614134 609977 561085 486514 473222 434760 386022 380622 378745 363275 359299 328111 309851 305250 289871 255255 241712 190289 185433 173048 169175 112769 97545 90622 79572 45472 43847
14 63791 914310 836112 816130 794499 794030 755406 747085 668787 668498 666990 658241 605523 604019 594762 521421 500295 498349 473693 446843 446797 396664 381833 373526 369481 324064 261842 248071 242620 240311 235397 173536 172036 164832 161208 133515 132443 129950 127179 124368 123504 81399
27 51461 905730 898581 892355 864568 855146 806717 791933 765501 749823 738960 737968 675528 662506 660877 640180 621317 619828 600145 585946 585040 477973 460262 422724 416546 402579 336679 294805 280034 273367 258242 244868 236502 225232 175738 125496 101113 96303 83494 78135 65539 60950
16 7058 873674 805830 788812 776917 758027 750852 720160 711495 684276 676109 645142 620642 603095 600269 583330 538368 538321 490768 487985 482918 478839 445004 443903 391248 375460 360813 339217 338719 328728 300647 258246 242978 224119 216553 215811 97222 69169 25370 18799 18047 11244
33 63351 919211 887594 851172 848352 762043 714018 688959 651161 611655 571527 540030 539915 536856 533598 483265 459291 455088 452461 451493 424559 389384 386120 381942 379495 361458 357154 354404 344848 325971 299453 277625 251529 237701 216665 159760 147529 141115 134702 96112 87200 72288
22 58452 864060 816522 762520 758410 729601 729341 701764 685411 645857 638634 635598 629469 612954 606991 544794 501638 482894 478046 477243 457393 442568 431211 430198 406420 378951 360721 355297 346516 329293 299301 250039 213613 208700 207707 202071 148595 106608 100826 88246 72572 63326
19 95569 978346 942385 942044 937309 893371 885096 798832 768751 759893 731067 707797 641930 628598 581352 575662 572707 558769 528400 517993 501228 479498 455508 452366 445527 432685 408771 387534 349597 346775 329249 300666 297106 248152 244717 235452 234378 211919 182800 155741 131151 126577
18 19829 907576 901153 892120 810640 804172 791222 786581 771467 704229 684776 654668 646338 634892 582326 579438 577213 566970 549331 530532 510908 475083 445295 436702 434778 341154 334685 267923 233781 216061 201928 181713 179894 172850 159363 154769 139889 133884 72673 62781 48593 47085
4 72140 959680 921536 915690 915015 852452 823572 793779 792981 788533 771019 716131 673896 673250 668069 657118 647331 633797 622516 588061 582612 540356 537043 486504 484998 483550 471974 470066 444935 427971 352143 335353 321086 314870 307513 288023 257629 237049 236803 227667 209321 194376
20 26207 914341 893800 883146 866125 820988 819230 805981 776191 732378 703412 633514 624324 606298 595067 553840 542430 533406 524962 487052 473398 459511 443363 442051 434167 383387 368223 363206 337269 272777 262575 236520 206698 196553 172350 171566 160230 153135 139667 114224 75786 59806
37 33997 914657 892153 889318 874670 869263 848609 792942 788375 767897 757830 740901 718791 697137 681216 627139 611974 611650 567763 518989 503677 499565 467534 458045 427058 423510 406417 399212 379121 352547 345086 295191 283754 266689 258614 226917 208312 200308 192912 107900 76562 68049
30 35026 918848 910827 873522 873461 859463 855810 741519 694631 693188 618955 595810 576784 572516 567907 520328 515601 475554 471385 460113 457538 446516 421335 413781 406191 392925 380214 363736 345803 344196 309500 302906 296681 267520 258294 223137 185125 154546 116744 72598 46084 42858
5 84159 963141 943580 926630 872786 872248 780401 745176 737572 722124 716507 709086 692710 651464 641007 620623 572755 522163 503991 480359 478616 467928 464988 452100 398668 394705 383600 380610 340401 288039 280289 264695 254985 245036 236244 234934 226406 196517 179737 159722 112855 94552
9 32851 896368 857552 852910 843486 778373 760077 696450 676084 670104 664327 650325 529246 517568 503974 463049 454306 449496 422811 419127 414672 382882 342603 342184 336452 333079 328100 307894 299082 295593 230201 219902 206745 198622 194140 168101 162659 128097 126929 105362 61935 43192
38 54187 939654 931123 894437 866388 854889 851304 845897 838126 834569 821509 756239 731074 726033 718964 716074 683698 680405 668581 595951 572210 530623 516920 514988 466750 456748 326693 319912 301923 264333 233625 189685 168894 163437 127813 113916 109058 102739 99650 93877 81126 63656
2 98502 955348 947357 946459 918949 916106 904146 871209 869000 859944 822847 820587 811580 768198 745593 702127 692990 638764 575805 539064 522647 518204 497735 475965 429808 418852 414905 389294 375154 368250 365014 359898 328273 325824 290791 271571 263132 248888 234419 220517 185769 116060
24 33936 919673 908557 875632 778979 750137 713832 711981 693783 683311 665981 650979 613353 596150 584107 580496 564415 550124 509770 506063 501066 481500 472081 365497 339542 306373 298620 296333 289196 285196 240614 225506 221195 217726 199948 172437 166519 150007 139646 97613 71245 50655
29 98088 943799 921575 903582 889242 885640 878786 872665 838528 811735 735518 718252 684175 675036 673828 617805 617042 606082 596229 543492 518787 512517 478005 443755 440292 433571 411223 406481 405567 394551 387482 359061 352751 351377 283724 272537 250189 241607 164528 163425 127302 108946
0 51030 929979 923148 910878 857418 844183 835650 820334 817192 795986 742561 724008 713677 699809 634389 631051 620916 600382 584832 541170 510877 498726 456899 451439 448389 397644 389164 385169 344137 324019 261624 217228 169107 163132 157858 147024 123544 106791 80292 79402 76277 53914
11 21638 877524 835824 804586 790729 758476 726201 707575 690837 652145 640305 638385 629493 621548 619615 575748 556166 429115 428350 418293 378261 373228 353413 351497 343284 342366 312756 309537 261332 260022 253665 229115 225079 195615 191066 144374 126617 123290 91350 71798 52155 47248
34 69043 933790 929597 919199 897187 858292 855650 854726 843740 821746 800075 779781 760594 723450 712480 652522 640455 633964 628169 614131 591169 566639 545331 536926 506347 473973 468069 452811 397417 336948 333174 319898 315196 303656 278724 265656 259099 250040 171841 144951 144790 105334
23 31427 905803 900837 898984 893709 854732 816661 816353 800334 787279 773525 762909 753452 750465 745989 741322 724836 701383 694891 634184 617811 581316 554129 545202 538640 495631 415708 366420 320977 319420 318630 313948 233669 201585 198630 82478 79442 66000 60446 48973 36271 34820
40 52440 928413 905840 898556 864272 858614 856862 847338 819450 790409 785801 684093 669385 656408 643267 631995 551971 523979 512539 406218 286626 286327 286283 285996 283096 254079 239284 228458 220777 210288 190128 186155 179669 179341 162750 161559 127395 108045 95780 87230 85404 58528
10 42395 914568 898383 891043 861492 856822 825492 824613 797402 788763 772013 753360 729886 641207 604967 603553 594249 591400 589465 585106 583803 548101 534136 523343 507119 450514 442821 412358 407998 346096 327776 319882 297056 295550 287417 235701 156529 129393 90686 75992 60311 55153
21 75118 929723 924489 896407 864317 849542 844349 813508 808878 791239 780012 744656 712727 697254 647412 647274 630039 612967 561562 558341 478582 452705 444160 430802 404783 400640 398970 391287 380586 309785 307469 299734 258386 240661 237068 234937 220959 169674 147437 137171 97280 77347
15 59870 949050 942199 908282 907442 907095 879781 871288 871014 867051 835636 820879 819599 803824 786843 730497 724625 720849 720079 711196 680559 670895 625740 617239 593266 571158 535204 490399 474114 442416 401758 374911 343646 328677 323690 279223 274776 255273 219591 211419 173804 161767
36 63191 913620 912830 897591 853937 843189 840819 838151 833058 749352 738523 708537 701675 686464 676836 675622 668521 651849 621350 581200 527380 492860 486628 463674 453949 439380 426658 414155 396335 359307 341803 307048 273513 216315 206096 194387 192186 187724 116992 106163 98207 90586
13 9053 886443 830945 796718 773732 761701 760145 759887 754453 751709 743856 641226 589138 579571 545389 537137 531915 522609 466607 462955 401078 384343 377491 373178 318881 298733 283754 261471 197166 167745 148176 146621 138984 111416 109670 107515 105378 97054 89817 85867 56975 9811
