50 5
3 3 3 2 3 3 2 1 3 3 2 2 3 2 1 1 3 2 3 2 2 3 2 3 2 2 3 2 2 1 2 2 3 1 3 1 3 1 1 1 2 1 1 2 1 2 3 1 3 3
27 31 -636261829
31 17 -6665320
27 12 -530225641
17 32 -585451310
31 42 -543630281
27 36 -168808060
32 34 -897064069
17 1 -973676355
1 18 -230573548
12 23 97639464
27 3 -289821509
12 22 -348659366
36 38 -572914247
17 9 -332224322
34 45 -687882884
36 29 -132141490
32 24 -796380522
22 35 -941975040
45 28 -387877871
32 25 -389253875
23 5 -738901135
34 15 -911050474
29 8 -333109584
36 37 -722631546
31 46 -89990713
17 49 -162330443
24 6 -343714154
5 43 -411810157
3 4 -600562
28 16 -539308594
5 19 71794485
23 39 -628617480
32 11 -860032523
46 14 -979971550
25 44 -822094935
8 50 -107958255
36 30 -458015950
49 40 -854475953
40 47 -941355446
44 33 -416251709
23 48 -961903261
45 20 -344985655
24 26 -32176976
39 13 -681330366
29 41 -262150787
49 2 -208414616
36 21 -944339939
45 10 -586289653
48 7 -694728119
