50 5
8 6 8 11 3 10 13 5 2 10 7 11 3 12 2 7 1 5 15 8 14 11 13 6 14 11 12 7 2 12 6 8 4 10 6 4 1 7 4 6 11 2 3 10 4 9 5 13 14 4
50 39 -526474037
50 37 266791343
37 15 3768575
50 45 -878622085
50 8 462908410
15 13 -50622480
45 34 338314806
8 33 13819095
50 35 -526493690
13 7 53827744
45 41 260657490
8 44 513264845
44 14 804100137
7 11 917535445
45 49 -580782913
49 1 42061047
45 32 -104425587
41 21 -864820566
15 27 213166214
27 23 327033601
45 40 970623526
41 36 519451772
32 43 987889119
41 4 924093210
49 5 499577052
5 42 -184180340
4 12 221797839
34 30 61019372
4 25 936469830
13 17 258166424
11 18 457537146
33 38 -469716291
50 6 440463215
18 31 298854826
4 47 48713522
15 22 908959015
27 2 576411103
47 29 -583063962
6 28 -700189227
36 16 2427901
11 19 -400734516
21 24 -300815281
2 20 -414469790
40 3 -909438600
12 48 813789460
24 46 987575077
4 9 -448597449
29 26 -651930503
28 10 -97300401
