50 5
5 9 13 2 8 1 12 15 8 13 1 8 1 11 5 8 2 15 15 12 13 6 10 4 3 11 11 1 14 9 14 2 6 14 4 13 12 1 15 14 10 14 2 10 5 12 2 8 5 14
35 34 -164900261
34 17 767268438
34 32 841307908
17 38 381183146
32 42 -713321235
35 49 -19181019
17 5 625760154
49 18 -863832717
18 3 -60093902
32 15 105570225
15 27 -325269422
17 10 -635050809
35 21 -264039211
17 30 80423050
42 44 619038078
34 40 -446267963
18 23 411426810
18 6 -19283864
5 13 154208526
17 16 998426375
10 39 865885134
13 26 93875850
10 1 -866220724
35 8 -893790862
32 12 192062879
8 46 669950788
13 2 525656843
6 41 -280362882
49 28 802382018
3 29 -936833026
21 4 522126900
32 36 -575270370
8 33 -488778989
8 22 -675785584
29 43 635524358
6 45 -467001053
10 31 397060311
5 20 444298324
33 48 495126989
3 50 215496323
1 11 545516079
18 9 689837760
23 14 -709323616
33 19 942497166
4 7 -821619263
36 37 -607431875
42 24 -992294614
16 25 -814714525
37 47 -633833538
