50 5
4 4 10 9 7 8 14 14 1 1 5 2 11 15 3 4 15 5 8 3 2 12 5 9 5 12 8 2 10 14 2 2 3 15 2 14 7 7 12 3 6 10 13 14 1 11 3 12 9 9
2 38 -862568478
38 31 -104037911
38 3 407561221
38 14 985147011
31 10 724502695
3 4 -29399039
2 1 -352062068
31 22 -693232062
22 7 730655052
2 15 958019068
2 39 -201720688
10 34 -35786237
39 30 -650625237
39 42 -581222940
15 45 218948573
31 41 -716371219
4 11 -452191888
15 46 134455944
2 43 560733845
31 19 796065676
11 27 -186484063
45 16 445083725
27 17 -498308351
16 28 197267103
38 9 211728191
27 49 270438750
4 48 -712987094
2 24 -303570362
10 47 -412145535
27 8 -560271502
22 33 753782926
2 6 -506502514
49 32 -74944986
32 50 -67499643
7 35 -340098767
43 23 575990371
30 21 845442002
24 12 -920475638
9 13 214329992
33 29 -241965303
38 40 44580127
3 25 -57925512
48 36 -247323967
43 37 746920153
48 44 -396233832
47 26 890031944
25 20 50316071
46 5 -601139243
15 18 -902100107
