50 5
1 1 1 4 2 4 4 4 6 1 6 2 5 6 1 6 3 4 2 5 4 3 2 2 4 1 2 2 3 5 6 5 6 6 3 3 1 2 3 2 3 6 1 4 2 6 3 2 6 4
9 15 465086438
9 10 -842802029
15 20 261711172
9 3 973687252
9 23 -156300557
15 28 -681025892
9 31 -972432004
23 14 -188382252
3 46 793905760
31 4 -622647023
46 34 800928628
23 43 958090026
31 19 721728674
14 47 561369045
9 25 -437937812
46 16 670743268
14 44 388566775
9 22 -674048868
43 49 286927167
10 32 544869193
4 6 708152631
32 30 915807286
22 24 983331199
44 39 936453457
20 7 -640310684
20 29 -278218550
15 8 -176883927
3 17 -52828402
31 5 -997830736
25 35 485112733
14 48 84128286
31 37 288346737
31 2 432668733
35 42 934149601
7 12 758387670
49 13 148958382
22 27 39168591
30 36 573296443
8 11 -446437107
7 18 673323470
25 45 514810313
15 1 805219615
48 33 -858142248
11 40 -951200143
29 50 -940904546
4 41 334701065
46 21 181316522
7 38 -256092626
9 26 -929477380
