50 5
6 1 5 5 1 1 4 3 5 4 6 6 4 1 1 5 5 4 5 2 6 5 2 5 4 4 3 1 5 3 2 4 1 4 4 2 2 2 4 2 4 2 1 4 2 5 6 3 3 3
6 17 39698046
6 49 -866894192
49 29 -709098249
17 25 -817881171
49 21 -550858538
49 36 -54119629
6 20 -277284318
25 28 -583866091
20 24 -457046242
29 42 -433348681
25 39 -298427888
49 4 -181533776
21 16 -160796246
39 2 -440547584
21 13 -757654378
21 10 -312834747
39 14 -183069372
6 15 -757239135
24 23 -623201674
15 47 -562826864
21 11 -232965648
13 9 -307811052
25 43 -453959081
2 5 -931762861
17 45 -89896655
2 1 -902740733
39 12 -578934985
14 40 -259253331
49 18 78085602
36 35 -26381675
13 26 -892263919
11 37 -483362554
12 3 -87864091
42 50 -764667269
47 27 -118429785
23 38 -190753078
15 33 -327406253
15 7 10009387
40 32 -314785256
47 48 -108011565
5 19 -744672636
28 31 -758970084
36 46 -617464197
19 8 -625090848
32 44 -177841746
50 22 -545165326
22 34 -540960772
49 41 -67878944
19 30 -892713342
