50 5
5 2 3 2 4 1 1 4 6 1 6 1 6 6 4 2 6 3 5 6 4 5 2 4 3 4 2 1 2 5 1 3 3 5 2 3 2 3 1 1 3 1 2 5 5 2 1 2 1 4
34 27 -97207744
27 20 -697314151
20 41 -964362373
20 13 -541965461
34 15 -783149132
41 29 -115739834
15 12 -339982540
34 45 -686755776
41 7 -834684348
12 24 -552995681
41 6 -94580259
41 32 -311505340
34 49 -228793274
27 35 -580758110
7 43 -660812354
27 19 -188904281
7 5 -892960720
34 16 -656247182
43 50 -719421345
16 37 -803341518
6 9 -216960587
27 11 -177628801
7 47 -269013695
27 33 -904198783
7 8 -215531504
13 28 -352503304
7 23 -880266960
27 18 -157110495
41 1 -878557046
16 21 -633646021
24 22 -722701615
47 30 81557212
24 17 -798948310
37 31 -980883932
33 48 -263661402
35 42 -645184149
11 4 -453356461
11 44 -98014618
7 25 -158874261
49 46 -64460910
25 38 -102585023
29 14 -385816180
35 36 -430686970
1 40 28429497
31 10 -711236060
6 3 -550657533
7 39 -852164155
7 26 -248077269
26 2 -78726427
