50 5
3 3 1 1 2 2 1 3 3 2 3 3 2 2 3 2 2 2 1 3 1 2 2 2 1 1 1 1 3 3 2 1 1 3 1 3 3 2 3 2 3 1 2 3 1 2 3 3 2 3
36 35 -720568011
35 44 971040677
35 24 919324322
36 16 457397458
44 42 940579494
35 41 747624064
42 27 -401031277
24 30 -257856881
42 11 691314563
35 20 804663196
11 23 938443404
41 9 950379869
27 34 854702304
41 49 967601261
42 29 572356294
41 26 396190763
34 18 -639959741
18 5 642372573
49 47 -400037130
27 8 698359059
49 46 648346541
18 21 -362770720
44 48 651324206
21 12 660521221
49 19 -434359729
24 25 -420522834
18 37 42904604
46 43 380471207
24 17 -822023945
8 1 38793337
19 6 77261766
8 28 -87750971
17 50 -988453170
50 33 765450432
47 45 243955792
18 40 -347144369
23 14 -677144727
21 7 -985916709
25 2 792632241
30 39 -110507499
28 38 304242961
44 3 764731447
2 32 609037875
44 15 566902635
27 10 199156829
34 13 857433984
49 22 -211341510
19 31 775633969
22 4 -615177890
