50 5
2 1 1 1 2 3 2 2 3 3 2 2 2 2 2 2 3 2 3 3 2 2 2 3 2 3 2 2 1 2 3 1 1 3 1 1 3 2 1 2 2 3 3 3 2 1 3 2 3 2
25 45 943337549
25 4 895178717
25 1 -676883033
25 28 26199259
1 48 369149399
28 11 820725007
25 23 908591850
45 16 -964908038
4 31 340806
48 35 -291145481
16 41 476065226
11 38 401328788
35 47 -600023070
1 21 -288067331
41 17 -627912221
16 26 -605331294
11 50 -744636250
16 37 -410228420
41 49 -295559291
50 27 -589519074
4 14 -508761048
31 40 -437138767
4 30 -834873264
50 43 -118182387
14 9 930946615
9 10 -17781246
48 6 -891880329
35 18 15881473
50 44 -170639309
18 32 -779644589
17 20 373507547
38 36 -124537194
45 2 496138630
31 22 156006171
21 42 -144856497
18 8 781829901
8 5 -703081123
44 19 676671616
50 15 -587815835
43 7 -597990495
21 13 454590309
44 33 712653922
44 46 776183698
25 29 223261388
17 3 -715899168
19 24 221833765
2 39 235694507
19 34 531457935
31 12 580022404
