50 5
2 2 3 1 1 2 2 1 3 2 3 1 2 1 2 3 2 3 2 2 2 2 3 1 2 1 2 3 2 3 2 2 3 2 3 3 3 3 3 2 3 1 1 1 2 1 1 1 2 1
50 26 973647513
26 36 383879655
36 45 554705270
50 39 -668420738
45 18 462652841
39 37 703505203
45 21 270724704
39 44 989851030
45 12 -324422592
12 22 -526199667
26 11 702616443
12 14 -463851759
22 13 -868993823
50 17 887730527
39 23 -818853603
37 30 448195689
50 49 443433834
45 24 671025730
44 29 760139495
17 40 -608253690
24 47 -458860820
11 20 -908291380
37 46 -682750396
36 1 -721822887
49 48 -721408939
11 27 749325395
44 32 630952063
36 8 -27453547
18 7 892465586
30 2 -25679076
18 3 -23283658
3 34 -606841087
44 33 593422172
11 6 -400565062
13 28 -669800632
36 4 -574592522
14 35 729673005
4 43 59734169
6 38 915185129
35 10 -618095216
14 19 644265258
10 16 -703906355
18 25 -665362662
10 41 -819810541
32 42 95130512
37 5 830812841
20 15 705088922
8 9 -388436737
20 31 -483264522
