50 5
3 3 3 2 3 1 1 2 3 1 1 3 3 3 1 3 3 1 1 2 2 3 3 2 3 1 2 2 3 3 1 3 3 1 2 2 2 1 1 2 2 2 3 1 3 2 3 2 2 1
18 8 32889504
8 6 -244336902
6 20 120958583
20 3 -64456873
20 32 -99523230
20 5 988254477
6 10 -707097519
8 37 -301491230
20 15 466326361
15 40 621216470
5 47 826165177
47 4 135412813
47 28 744420152
37 48 469174330
37 46 781056893
10 34 -64997359
5 12 -177095072
5 26 -637177377
28 22 -538367893
40 19 -272557303
8 11 488769985
48 7 904859410
46 30 -314838023
34 25 369235078
10 36 -753621129
32 45 297935855
5 1 -364602083
46 33 -293750819
3 17 -322061967
48 13 402759950
8 16 156494866
33 44 -243105937
26 39 -992743826
19 21 -35368913
17 14 354576243
10 49 711488694
28 2 588120107
10 38 451870416
15 29 634388133
45 31 -485622254
29 41 91451804
21 23 548330374
34 42 334694072
7 50 -720420260
20 35 277426151
20 24 85186867
10 43 -9210602
47 27 -469828749
36 9 -751531091
