50 5
1 1 1 3 3 3 1 1 2 1 2 2 3 1 1 3 1 3 1 2 1 2 2 1 3 1 3 3 1 1 3 3 3 2 2 1 2 3 3 1 2 2 2 3 1 2 2 3 3 1
4 40 756037056
4 23 808494790
40 21 91004542
23 27 455153589
21 25 766870604
4 9 -653895308
9 11 162760472
23 45 867090975
4 5 566101558
27 32 672823931
23 16 244245941
5 6 133748801
16 18 556263956
32 22 256892455
6 33 885731581
16 30 958344623
25 1 611519930
21 49 463961438
30 31 805659645
27 35 237203866
11 17 227415699
16 50 591764652
18 14 566876881
49 24 438499642
24 41 631350526
23 10 301165404
49 28 51903636
10 12 -681548034
33 15 -833327382
31 46 12761050
17 26 632519171
1 42 -454214095
10 48 -799350731
22 39 -36527233
22 29 -471802086
12 19 883454387
11 38 767475610
48 43 992774571
30 2 973143062
24 20 812522916
21 34 -16047008
9 47 286546663
30 7 911962041
23 36 445394186
45 13 -160366913
48 8 895172965
30 3 313460479
43 44 -500429500
4 37 -67687157
