248
1 2
2 3
3 4
4 5
5 6
6 7
7 8
8 9
9 10
10 11
11 12
12 13
13 14
14 15
15 16
16 17
17 18
18 19
19 20
20 21
21 22
22 23
23 24
24 25
25 26
26 27
27 28
28 29
29 30
30 31
31 32
32 33
33 34
34 35
35 36
36 37
37 38
38 39
39 40
40 41
41 42
42 43
43 44
44 45
45 46
46 47
47 48
48 49
49 50
50 51
51 52
52 53
53 54
54 55
55 56
56 57
57 58
58 59
59 60
60 61
61 62
62 63
63 64
64 65
65 66
66 67
67 68
68 69
69 70
70 71
71 72
72 73
73 74
74 75
75 76
76 77
77 78
78 79
79 80
80 81
81 82
82 83
83 84
84 85
85 86
86 87
87 88
88 89
89 90
90 91
91 92
92 93
93 94
94 95
95 96
96 97
97 98
98 99
99 100
100 101
101 102
102 103
103 104
104 105
105 106
106 107
107 108
108 109
109 110
110 111
111 112
112 113
113 114
114 115
115 116
116 117
117 118
118 119
119 120
120 121
121 122
122 123
123 124
124 125
125 126
126 127
127 128
128 129
129 130
130 131
131 132
132 133
133 134
134 135
135 136
136 137
137 138
138 139
139 140
140 141
141 142
142 143
143 144
144 145
145 146
146 147
147 148
148 149
149 150
150 151
151 152
152 153
153 154
154 155
155 156
156 157
157 158
158 159
159 160
160 161
161 162
162 163
163 164
164 165
165 166
166 167
167 168
168 169
169 170
170 171
171 172
172 173
173 174
174 175
175 176
176 177
177 178
178 179
179 180
180 181
181 182
182 183
183 184
184 185
185 186
186 187
187 188
188 189
189 190
190 191
191 192
192 193
193 194
194 195
195 196
196 197
197 198
198 199
199 200
200 201
201 202
202 203
203 204
204 205
205 206
206 207
207 208
208 209
209 210
210 211
211 212
212 213
213 214
214 215
215 216
216 217
217 218
218 219
219 220
220 221
221 222
222 223
223 224
224 225
225 226
226 227
227 228
228 229
229 230
230 231
231 232
232 233
233 234
234 235
235 236
236 237
237 238
238 239
239 240
240 241
241 242
242 243
243 244
244 245
245 246
246 247
247 248
232 221 171 152 222 210 169 93 145 162 126 200 107 66 5 207 167 94 109 168 104 96 170 153 26 64 138 10 247 134 113 150 84 74 69 149 97 44 19 117 108 164 192 44 150 204 152 79 205 1 115 47 16 134 107 222 247 144 120 142 72 227 36 163 115 51 39 180 127 36 27 158 34 243 81 25 125 123 219 41 189 121 176 190 52 72 44 44 70 46 29 84 69 28 150 153 133 106 39 116 208 129 60 57 3 64 242 159 15 103 93 44 193 207 52 54 155 216 51 187 89 161 177 147 84 236 80 121 11 94 127 229 85 180 11 236 127 97 105 127 108 241 94 136 105 34 32 208 21 61 98 100 151 105 36 147 239 248 8 217 19 248 46 240 244 11 209 225 175 192 24 223 53 8 142 53 179 66 59 11 90 159 128 5 104 118 167 244 38 17 56 11 248 239 69 171 55 128 119 136 10 44 79 65 137 244 158 148 25 23 237 95 91 70 86 128 197 129 72 7 63 216 96 119 7 171 154 176 38 74 100 23 144 93 36 77 160 206 213 36 146 58 14 37 183 99 35 229
