2181
1 2
2 3
1 4
2 5
3 6
1 7
5 8
1 9
1 10
1 11
9 12
9 13
4 14
5 15
11 16
16 17
9 18
16 19
18 20
18 21
17 22
15 23
21 24
16 25
23 26
20 27
27 28
20 29
21 30
21 31
24 32
29 33
26 34
30 35
27 36
30 37
32 38
35 39
32 40
39 41
38 42
42 43
38 44
36 45
39 46
44 47
46 48
46 49
49 50
50 51
47 52
43 53
48 54
52 55
55 56
50 57
57 58
52 59
52 60
56 61
54 62
57 63
58 64
55 65
58 66
63 67
62 68
64 69
67 70
68 71
64 72
65 73
67 74
70 75
70 76
70 77
75 78
72 79
76 80
75 81
79 82
76 83
74 84
78 85
77 86
83 87
87 88
87 89
87 90
85 91
88 92
89 93
93 94
92 95
89 96
95 97
88 98
91 99
93 100
98 101
96 102
100 103
99 104
95 105
105 106
106 107
102 108
100 109
102 110
104 111
111 112
111 113
113 114
107 115
107 116
108 117
109 118
116 119
112 120
119 121
117 122
113 123
114 124
117 125
120 126
124 127
120 128
128 129
124 130
126 131
125 132
128 133
128 134
132 135
128 136
128 137
137 138
133 139
133 140
134 141
139 142
135 143
135 144
138 145
137 146
145 147
144 148
141 149
147 150
147 151
144 152
151 153
145 154
148 155
150 156
152 157
148 158
155 159
150 160
152 161
159 162
161 163
155 164
156 165
157 166
163 167
160 168
159 169
166 170
161 171
163 172
164 173
165 174
171 175
167 176
167 177
177 178
172 179
176 180
173 181
179 182
182 183
183 184
176 185
177 186
183 187
178 188
181 189
182 190
188 191
191 192
187 193
186 194
187 195
191 196
189 197
193 198
197 199
195 200
192 201
200 202
198 203
197 204
197 205
196 206
203 207
206 208
199 209
200 210
207 211
207 212
208 213
213 214
207 215
208 216
214 217
209 218
209 219
213 220
211 221
212 222
222 223
220 224
215 225
224 226
218 227
220 228
223 229
220 230
222 231
227 232
231 233
225 234
233 235
229 236
230 237
232 238
229 239
236 240
236 241
236 242
235 243
234 244
235 245
244 246
237 247
238 248
244 249
246 250
248 251
245 252
246 253
246 254
246 255
248 256
249 257
256 258
253 259
256 260
258 261
257 262
259 263
257 264
261 265
256 266
264 267
259 268
262 269
263 270
269 271
267 272
272 273
269 274
272 275
272 276
267 277
273 278
274 279
271 280
274 281
272 282
276 283
281 284
282 285
281 286
278 287
283 288
286 289
287 290
288 291
291 292
287 293
289 294
291 295
291 296
292 297
296 298
293 299
295 300
297 301
292 302
294 303
294 304
298 305
302 306
306 307
307 308
303 309
308 310
307 311
309 312
304 313
306 314
310 315
306 316
308 317
316 318
312 319
311 320
318 321
314 322
319 323
320 324
323 325
316 326
320 327
319 328
327 329
321 330
322 331
331 332
327 333
328 334
327 335
332 336
335 337
332 338
338 339
333 340
337 341
337 342
338 343
341 344
338 345
337 346
345 347
344 348
346 349
346 350
345 351
344 352
344 353
351 354
354 355
350 356
350 357
357 358
356 359
359 360
353 361
361 362
357 363
363 364
364 365
362 366
363 367
359 368
359 369
369 370
363 371
368 372
371 373
371 374
373 375
366 376
368 377
375 378
375 379
375 380
375 381
374 382
381 383
379 384
375 385
380 386
377 387
381 388
388 389
388 390
390 391
391 392
384 393
391 394
386 395
394 396
395 397
388 398
391 399
391 400
398 401
394 402
401 403
399 404
402 405
405 406
400 407
398 408
400 409
406 410
404 411
404 412
412 413
411 414
407 415
413 416
415 417
412 418
410 419
419 420
420 421
421 422
413 423
421 424
418 425
416 426
418 427
418 428
427 429
426 430
422 431
431 432
425 433
429 434
426 435
427 436
432 437
431 438
429 439
434 440
433 441
438 442
437 443
442 444
443 445
444 446
440 447
444 448
448 449
440 450
442 451
443 452
443 453
448 454
447 455
454 456
450 457
452 458
455 459
453 460
458 461
455 462
457 463
456 464
459 465
460 466
459 467
464 468
462 469
463 470
470 471
470 472
467 473
472 474
469 475
475 476
472 477
473 478
470 479
475 480
480 481
472 482
479 483
482 484
481 485
485 486
486 487
484 488
480 489
489 490
490 491
490 492
485 493
487 494
490 495
492 496
488 497
497 498
490 499
497 500
497 501
498 502
496 503
498 504
500 505
499 506
500 507
505 508
501 509
509 510
505 511
505 512
506 513
508 514
511 515
510 516
514 517
514 518
515 519
512 520
513 521
520 522
521 523
518 524
521 525
519 526
520 527
519 528
520 529
526 530
530 531
525 532
531 533
533 534
527 535
526 536
533 537
537 538
530 539
535 540
538 541
540 542
538 543
534 544
541 545
545 546
541 547
539 548
547 549
540 550
541 551
543 552
544 553
544 554
551 555
549 556
551 557
556 558
551 559
550 560
554 561
555 562
554 563
556 564
558 565
560 566
566 567
558 568
563 569
563 570
566 571
564 572
563 573
566 574
569 575
570 576
567 577
571 578
570 579
574 580
575 581
577 582
582 583
577 584
578 585
579 586
577 587
580 588
588 589
586 590
581 591
588 592
589 593
589 594
587 595
588 596
592 597
589 598
597 599
590 600
594 601
594 602
599 603
596 604
602 605
604 606
597 607
607 608
603 609
609 610
602 611
608 612
610 613
612 614
612 615
612 616
614 617
617 618
618 619
618 620
611 621
615 622
615 623
617 624
623 625
620 626
622 627
624 628
628 629
625 630
630 631
631 632
629 633
632 634
631 635
627 636
628 637
635 638
631 639
632 640
638 641
636 642
638 643
635 644
643 645
637 646
644 647
645 648
641 649
643 650
641 651
645 652
646 653
648 654
652 655
655 656
653 657
648 658
650 659
656 660
651 661
654 662
658 663
659 664
656 665
665 666
664 667
666 668
668 669
661 670
670 671
670 672
670 673
672 674
666 675
666 676
674 677
672 678
671 679
679 680
680 681
680 682
681 683
681 684
682 685
685 686
680 687
681 688
681 689
682 690
682 691
686 692
686 693
685 694
694 695
694 696
693 697
691 698
689 699
698 700
692 701
692 702
697 703
703 704
699 705
705 706
698 707
703 708
699 709
703 710
701 711
710 712
707 713
704 714
714 715
706 716
707 717
714 718
710 719
716 720
717 721
717 722
716 723
716 724
721 725
725 726
725 727
719 728
727 729
727 730
727 731
727 732
724 733
733 734
733 735
734 736
727 737
734 738
732 739
734 740
737 741
738 742
736 743
734 744
744 745
745 746
739 747
739 748
746 749
745 750
744 751
746 752
748 753
747 754
746 755
752 756
748 757
750 758
749 759
751 760
755 761
760 762
756 763
755 764
759 765
757 766
765 767
764 768
759 769
766 770
770 771
762 772
771 773
769 774
773 775
774 776
770 777
768 778
769 779
777 780
775 781
774 782
778 783
777 784
783 785
783 786
781 787
778 788
788 789
780 790
786 791
786 792
790 793
787 794
791 795
791 796
796 797
792 798
795 799
797 800
800 801
793 802
796 803
796 804
797 805
805 806
799 807
798 808
801 809
808 810
810 811
808 812
810 813
811 814
807 815
810 816
816 817
811 818
814 819
817 820
817 821
816 822
822 823
821 824
820 825
816 826
822 827
819 828
819 829
827 830
821 831
823 832
828 833
825 834
825 835
828 836
829 837
836 838
830 839
836 840
838 841
833 842
834 843
841 844
843 845
843 846
846 847
840 848
843 849
841 850
845 851
845 852
846 853
847 854
846 855
846 856
853 857
857 858
855 859
852 860
852 861
858 862
860 863
855 864
856 865
859 866
861 867
864 868
861 869
865 870
862 871
862 872
864 873
873 874
872 875
866 876
870 877
876 878
875 879
871 880
877 881
873 882
874 883
883 884
876 885
877 886
879 887
879 888
885 889
881 890
881 891
887 892
886 893
889 894
892 895
895 896
891 897
893 898
898 899
895 900
891 901
900 902
900 903
898 904
899 905
899 906
904 907
901 908
907 909
909 910
910 911
911 912
907 913
913 914
910 915
912 916
911 917
910 918
917 919
919 920
919 921
912 922
913 923
921 924
924 925
923 926
920 927
921 928
923 929
921 930
923 931
930 932
925 933
933 934
933 935
934 936
929 937
934 938
930 939
937 940
933 941
941 942
935 943
941 944
939 945
937 946
943 947
942 948
945 949
949 950
949 951
945 952
948 953
951 954
949 955
955 956
950 957
953 958
957 959
957 960
956 961
953 962
959 963
963 964
964 965
959 966
965 967
967 968
965 969
966 970
962 971
963 972
972 973
966 974
972 975
970 976
971 977
974 978
972 979
979 980
980 981
981 982
974 983
975 984
976 985
980 986
983 987
982 988
988 989
980 990
981 991
983 992
991 993
985 994
992 995
994 996
988 997
993 998
994 999
992 1000
996 1001
999 1002
1002 1003
996 1004
1002 1005
1002 1006
1001 1007
1002 1008
1002 1009
1004 1010
1010 1011
1009 1012
1003 1013
1012 1014
1012 1015
1015 1016
1015 1017
1009 1018
1018 1019
1017 1020
1013 1021
1013 1022
1022 1023
1015 1024
1022 1025
1023 1026
1019 1027
1026 1028
1019 1029
1024 1030
1029 1031
1023 1032
1032 1033
1024 1034
1034 1035
1030 1036
1034 1037
1034 1038
1033 1039
1039 1040
1035 1041
1035 1042
1039 1043
1035 1044
1035 1045
1042 1046
1037 1047
1041 1048
1048 1049
1040 1050
1043 1051
1048 1052
1045 1053
1051 1054
1051 1055
1054 1056
1051 1057
1052 1058
1050 1059
1054 1060
1052 1061
1054 1062
1060 1063
1056 1064
1057 1065
1056 1066
1057 1067
1061 1068
1065 1069
1068 1070
1068 1071
1064 1072
1072 1073
1066 1074
1067 1075
1072 1076
1073 1077
1070 1078
1075 1079
1075 1080
1078 1081
1079 1082
1074 1083
1081 1084
1083 1085
1083 1086
1084 1087
1086 1088
1080 1089
1083 1090
1089 1091
1089 1092
1090 1093
1093 1094
1092 1095
1094 1096
1096 1097
1089 1098
1097 1099
1097 1100
1093 1101
1092 1102
1094 1103
1098 1104
1097 1105
1102 1106
1101 1107
1099 1108
1099 1109
1103 1110
1103 1111
1107 1112
1111 1113
1106 1114
1113 1115
1113 1116
1116 1117
1117 1118
1115 1119
1116 1120
1113 1121
1112 1122
1122 1123
1116 1124
1115 1125
1123 1126
1120 1127
1127 1128
1121 1129
1120 1130
1123 1131
1125 1132
1125 1133
1128 1134
1132 1135
1127 1136
1127 1137
1135 1138
1134 1139
1132 1140
1137 1141
1133 1142
1140 1143
1142 1144
1138 1145
1142 1146
1143 1147
1141 1148
1146 1149
1148 1150
1144 1151
1148 1152
1150 1153
1153 1154
1153 1155
1152 1156
1155 1157
1155 1158
1154 1159
1152 1160
1158 1161
1157 1162
1153 1163
1158 1164
1160 1165
1162 1166
1159 1167
1163 1168
1167 1169
1160 1170
1170 1171
1171 1172
1166 1173
1168 1174
1166 1175
1170 1176
1167 1177
1175 1178
1171 1179
1171 1180
1175 1181
1180 1182
1179 1183
1182 1184
1182 1185
1179 1186
1184 1187
1184 1188
1179 1189
1182 1190
1184 1191
1184 1192
1189 1193
1188 1194
1190 1195
1188 1196
1190 1197
1196 1198
1195 1199
1193 1200
1195 1201
1195 1202
1201 1203
1195 1204
1196 1205
1199 1206
1198 1207
1203 1208
1208 1209
1204 1210
1207 1211
1209 1212
1206 1213
1207 1214
1210 1215
1208 1216
1215 1217
1216 1218
1216 1219
1216 1220
1212 1221
1218 1222
1221 1223
1217 1224
1220 1225
1222 1226
1217 1227
1226 1228
1219 1229
1223 1230
1230 1231
1230 1232
1227 1233
1228 1234
1234 1235
1232 1236
1236 1237
1229 1238
1235 1239
1236 1240
1237 1241
1238 1242
1235 1243
1238 1244
1242 1245
1242 1246
1238 1247
1240 1248
1240 1249
1241 1250
1247 1251
1243 1252
1250 1253
1248 1254
1246 1255
1247 1256
1249 1257
1254 1258
1249 1259
1252 1260
1257 1261
1255 1262
1253 1263
1254 1264
1260 1265
1256 1266
1266 1267
1259 1268
1265 1269
1266 1270
1265 1271
1270 1272
1268 1273
1265 1274
1273 1275
1267 1276
1271 1277
1274 1278
1273 1279
1274 1280
1273 1281
1273 1282
1279 1283
1283 1284
1279 1285
1283 1286
1279 1287
1285 1288
1281 1289
1282 1290
1281 1291
1288 1292
1283 1293
1285 1294
1291 1295
1287 1296
1293 1297
1296 1298
1291 1299
1291 1300
1293 1301
1298 1302
1298 1303
1301 1304
1297 1305
1305 1306
1301 1307
1300 1308
1301 1309
1307 1310
1306 1311
1307 1312
1310 1313
1310 1314
1309 1315
1312 1316
1308 1317
1313 1318
1318 1319
1315 1320
1311 1321
1312 1322
1322 1323
1318 1324
1318 1325
1318 1326
1326 1327
1324 1328
1322 1329
1327 1330
1325 1331
1330 1332
1324 1333
1328 1334
1326 1335
1328 1336
1335 1337
1330 1338
1337 1339
1337 1340
1337 1341
1333 1342
1338 1343
1343 1344
1343 1345
1338 1346
1338 1347
1345 1348
1342 1349
1342 1350
1344 1351
1347 1352
1347 1353
1351 1354
1348 1355
1350 1356
1350 1357
1356 1358
1357 1359
1358 1360
1355 1361
1359 1362
1357 1363
1354 1364
1360 1365
1365 1366
1364 1367
1359 1368
1366 1369
1365 1370
1361 1371
1369 1372
1364 1373
1365 1374
1371 1375
1375 1376
1374 1377
1376 1378
1374 1379
1373 1380
1379 1381
1378 1382
1378 1383
1377 1384
1379 1385
1378 1386
1378 1387
1382 1388
1380 1389
1381 1390
1390 1391
1387 1392
1391 1393
1388 1394
1387 1395
1391 1396
1390 1397
1397 1398
1389 1399
1394 1400
1392 1401
1397 1402
1394 1403
1396 1404
1398 1405
1396 1406
1403 1407
1407 1408
1403 1409
1409 1410
1410 1411
1410 1412
1408 1413
1404 1414
1406 1415
1407 1416
1408 1417
1417 1418
1409 1419
1413 1420
1418 1421
1418 1422
1417 1423
1417 1424
1419 1425
1420 1426
1419 1427
1424 1428
1419 1429
1428 1430
1429 1431
1428 1432
1424 1433
1432 1434
1431 1435
1435 1436
1427 1437
1432 1438
1435 1439
1435 1440
1433 1441
1439 1442
1440 1443
1434 1444
1441 1445
1437 1446
1438 1447
1439 1448
1446 1449
1446 1450
1447 1451
1443 1452
1446 1453
1446 1454
1447 1455
1451 1456
1447 1457
1454 1458
1449 1459
1450 1460
1458 1461
1455 1462
1461 1463
1454 1464
1463 1465
1461 1466
1464 1467
1465 1468
1466 1469
1466 1470
1462 1471
1463 1472
1472 1473
1464 1474
1470 1475
1466 1476
1470 1477
1471 1478
1469 1479
1472 1480
1476 1481
1478 1482
1480 1483
1482 1484
1484 1485
1479 1486
1479 1487
1478 1488
1481 1489
1489 1490
1485 1491
1491 1492
1485 1493
1489 1494
1494 1495
1488 1496
1491 1497
1497 1498
1490 1499
1496 1500
1496 1501
1492 1502
1502 1503
1495 1504
1495 1505
1499 1506
1498 1507
1507 1508
1502 1509
1505 1510
1502 1511
1503 1512
1503 1513
1504 1514
1511 1515
1509 1516
1516 1517
1509 1518
1510 1519
1514 1520
1518 1521
1513 1522
1521 1523
1518 1524
1518 1525
1520 1526
1522 1527
1518 1528
1521 1529
1520 1530
1527 1531
1528 1532
1525 1533
1528 1534
1525 1535
1533 1536
1532 1537
1534 1538
1536 1539
1535 1540
1536 1541
1533 1542
1535 1543
1536 1544
1535 1545
1544 1546
1540 1547
1539 1548
1548 1549
1540 1550
1549 1551
1551 1552
1551 1553
1549 1554
1554 1555
1554 1556
1552 1557
1548 1558
1553 1559
1550 1560
1557 1561
1558 1562
1557 1563
1554 1564
1563 1565
1563 1566
1561 1567
1558 1568
1561 1569
1562 1570
1562 1571
1562 1572
1572 1573
1569 1574
1570 1575
1569 1576
1572 1577
1576 1578
1575 1579
1578 1580
1573 1581
1577 1582
1573 1583
1580 1584
1582 1585
1581 1586
1583 1587
1583 1588
1585 1589
1584 1590
1589 1591
1584 1592
1587 1593
1587 1594
1591 1595
1595 1596
1587 1597
1588 1598
1593 1599
1592 1600
1594 1601
1600 1602
1601 1603
1595 1604
1596 1605
1603 1606
1602 1607
1605 1608
1603 1609
1603 1610
1604 1611
1605 1612
1609 1613
1611 1614
1613 1615
1614 1616
1609 1617
1609 1618
1614 1619
1613 1620
1620 1621
1617 1622
1619 1623
1616 1624
1618 1625
1620 1626
1626 1627
1621 1628
1622 1629
1621 1630
1624 1631
1624 1632
1629 1633
1629 1634
1629 1635
1633 1636
1629 1637
1637 1638
1636 1639
1634 1640
1639 1641
1634 1642
1633 1643
1635 1644
1640 1645
1643 1646
1637 1647
1643 1648
1643 1649
1640 1650
1649 1651
1651 1652
1652 1653
1649 1654
1654 1655
1653 1656
1651 1657
1648 1658
1652 1659
1658 1660
1654 1661
1658 1662
1653 1663
1660 1664
1656 1665
1662 1666
1664 1667
1662 1668
1666 1669
1663 1670
1669 1671
1663 1672
1668 1673
1667 1674
1666 1675
1674 1676
1667 1677
1673 1678
1670 1679
1671 1680
1675 1681
1675 1682
1681 1683
1681 1684
1675 1685
1678 1686
1684 1687
1685 1688
1679 1689
1686 1690
1681 1691
1689 1692
1685 1693
1685 1694
1690 1695
1692 1696
1694 1697
1692 1698
1691 1699
1697 1700
1692 1701
1698 1702
1696 1703
1695 1704
1698 1705
1702 1706
1700 1707
1704 1708
1707 1709
1709 1710
1708 1711
1703 1712
1711 1713
1707 1714
1712 1715
1715 1716
1713 1717
1711 1718
1718 1719
1716 1720
1714 1721
1716 1722
1718 1723
1719 1724
1722 1725
1722 1726
1719 1727
1722 1728
1725 1729
1720 1730
1727 1731
1722 1732
1728 1733
1726 1734
1730 1735
1726 1736
1735 1737
1731 1738
1729 1739
1739 1740
1734 1741
1740 1742
1735 1743
1742 1744
1741 1745
1736 1746
1739 1747
1743 1748
1748 1749
1742 1750
1749 1751
1745 1752
1748 1753
1750 1754
1748 1755
1746 1756
1751 1757
1749 1758
1751 1759
1756 1760
1752 1761
1756 1762
1760 1763
1763 1764
1763 1765
1760 1766
1764 1767
1764 1768
1766 1769
1762 1770
1764 1771
1768 1772
1771 1773
1768 1774
1772 1775
1766 1776
1768 1777
1772 1778
1777 1779
1773 1780
1773 1781
1772 1782
1780 1783
1777 1784
1781 1785
1777 1786
1785 1787
1780 1788
1785 1789
1787 1790
1786 1791
1790 1792
1792 1793
1792 1794
1787 1795
1795 1796
1796 1797
1796 1798
1796 1799
1792 1800
1800 1801
1795 1802
1797 1803
1802 1804
1801 1805
1796 1806
1802 1807
1799 1808
1807 1809
1801 1810
1802 1811
1805 1812
1805 1813
1808 1814
1812 1815
1810 1816
1816 1817
1809 1818
1809 1819
1810 1820
1811 1821
1812 1822
1819 1823
1819 1824
1821 1825
1825 1826
1824 1827
1821 1828
1819 1829
1826 1830
1828 1831
1826 1832
1826 1833
1830 1834
1832 1835
1833 1836
1828 1837
1831 1838
1833 1839
1838 1840
1832 1841
1836 1842
1834 1843
1836 1844
1843 1845
1842 1846
1844 1847
1841 1848
1846 1849
1847 1850
1843 1851
1850 1852
1851 1853
1850 1854
1851 1855
1851 1856
1849 1857
1853 1858
1855 1859
1851 1860
1859 1861
1860 1862
1855 1863
1856 1864
1858 1865
1864 1866
1863 1867
1862 1868
1868 1869
1867 1870
1868 1871
1864 1872
1871 1873
1872 1874
1866 1875
1874 1876
1867 1877
1876 1878
1874 1879
1870 1880
1873 1881
1873 1882
1876 1883
1883 1884
1881 1885
1880 1886
1884 1887
1883 1888
1884 1889
1889 1890
1888 1891
1889 1892
1888 1893
1884 1894
1894 1895
1894 1896
1890 1897
1894 1898
1898 1899
1895 1900
1899 1901
1900 1902
1895 1903
1903 1904
1904 1905
1903 1906
1901 1907
1900 1908
1905 1909
1903 1910
1903 1911
1907 1912
1903 1913
1911 1914
1910 1915
1908 1916
1909 1917
1913 1918
1914 1919
1919 1920
1913 1921
1914 1922
1915 1923
1920 1924
1924 1925
1924 1926
1919 1927
1926 1928
1925 1929
1924 1930
1927 1931
1928 1932
1926 1933
1930 1934
1928 1935
1927 1936
1935 1937
1936 1938
1937 1939
1931 1940
1938 1941
1934 1942
1939 1943
1935 1944
1937 1945
1941 1946
1943 1947
1939 1948
1941 1949
1945 1950
1944 1951
1945 1952
1943 1953
1948 1954
1946 1955
1949 1956
1950 1957
1951 1958
1950 1959
1950 1960
1959 1961
1958 1962
1953 1963
1955 1964
1956 1965
1962 1966
1962 1967
1967 1968
1966 1969
1963 1970
1964 1971
1963 1972
1972 1973
1968 1974
1973 1975
1967 1976
1970 1977
1973 1978
1972 1979
1974 1980
1973 1981
1974 1982
1982 1983
1983 1984
1980 1985
1983 1986
1980 1987
1986 1988
1983 1989
1989 1990
1990 1991
1991 1992
1989 1993
1993 1994
1994 1995
1988 1996
1987 1997
1991 1998
1994 1999
1996 2000
1995 2001
1996 2002
1997 2003
1996 2004
2002 2005
2000 2006
2001 2007
2005 2008
2008 2009
2003 2010
2004 2011
2007 2012
2011 2013
2013 2014
2006 2015
2009 2016
2011 2017
2010 2018
2013 2019
2015 2020
2015 2021
2018 2022
2014 2023
2016 2024
2020 2025
2016 2026
2025 2027
2019 2028
2020 2029
2022 2030
2024 2031
2028 2032
2029 2033
2028 2034
2031 2035
2027 2036
2033 2037
2033 2038
2035 2039
2037 2040
2032 2041
2040 2042
2039 2043
2042 2044
2036 2045
2039 2046
2040 2047
2039 2048
2039 2049
2042 2050
2043 2051
2042 2052
2044 2053
2047 2054
2048 2055
2055 2056
2054 2057
2049 2058
2055 2059
2059 2060
2051 2061
2053 2062
2062 2063
2063 2064
2061 2065
2062 2066
2064 2067
2062 2068
2065 2069
2068 2070
2069 2071
2071 2072
2072 2073
2072 2074
2074 2075
2071 2076
2069 2077
2068 2078
2070 2079
2078 2080
2074 2081
2079 2082
2077 2083
2075 2084
2081 2085
2077 2086
2080 2087
2084 2088
2087 2089
2089 2090
2088 2091
2086 2092
2086 2093
2086 2094
2092 2095
2092 2096
2095 2097
2097 2098
2090 2099
2095 2100
2100 2101
2095 2102
2093 2103
2097 2104
2098 2105
2104 2106
2103 2107
2102 2108
2100 2109
2107 2110
2108 2111
2110 2112
2112 2113
2111 2114
2108 2115
2106 2116
2107 2117
2108 2118
2117 2119
2110 2120
2114 2121
2118 2122
2118 2123
2120 2124
2123 2125
2116 2126
2120 2127
2124 2128
2119 2129
2120 2130
2128 2131
2128 2132
2132 2133
2132 2134
2131 2135
2131 2136
2130 2137
2134 2138
2138 2139
2138 2140
2137 2141
2140 2142
2133 2143
2138 2144
2139 2145
2137 2146
2138 2147
2147 2148
2142 2149
2147 2150
2148 2151
2151 2152
2146 2153
2152 2154
2151 2155
2152 2156
2152 2157
2153 2158
2158 2159
2155 2160
2158 2161
2152 2162
2160 2163
2157 2164
2164 2165
2162 2166
2166 2167
2160 2168
2168 2169
2163 2170
2168 2171
2162 2172
2167 2173
2167 2174
2165 2175
2174 2176
2176 2177
2168 2178
2176 2179
2173 2180
2175 2181
580 2166 292 511 1921 1821 219 1272 1723 1878 1696 1218 1238 1164 2089 732 1073 391 564 625 2180 1719 939 2035 1543 920 1949 133 1147 2023 386 1809 1386 726 39 505 556 1481 1095 771 593 952 21 1920 540 1058 1280 2163 1633 1329 1843 193 1531 1903 1318 898 428 1327 1568 1980 758 2177 1351 1767 1521 821 1036 557 1808 1694 989 37 1735 629 348 1659 1567 705 2016 2065 379 2006 407 2090 848 506 824 274 1761 1495 260 1463 937 1547 841 54 697 358 706 1826 702 1173 672 598 1330 115 1032 1247 1748 931 221 126 1740 65 661 1326 1388 845 1840 1441 1918 938 599 2093 1895 2049 5 990 116 35 1447 774 958 1539 734 184 719 486 121 935 875 362 1363 1322 457 1683 1772 1054 1990 1127 1648 499 837 1583 2020 651 745 735 1931 484 1901 99 1962 2160 1664 479 531 1907 791 679 628 1616 356 1450 2088 1256 1855 2046 215 1611 1842 560 1545 345 431 204 1511 1151 1389 618 650 1360 750 1565 1566 105 884 1165 1149 520 704 25 1154 1027 1470 1452 409 53 1755 470 1858 1085 2116 2005 163 1353 907 1977 478 1427 1348 796 1930 1068 552 572 1615 181 1989 539 1191 1823 212 1401 1231 96 1266 1186 466 546 946 1871 1526 2150 1786 2030 1657 338 2145 1944 776 502 985 1199 1770 1867 548 1141 237 1828 1361 90 354 199 1 1429 66 1344 721 1425 1250 542 382 1419 917 842 1404 1267 327 1744 948 17 1884 13 1299 1251 1746 1003 475 569 668 1837 1465 1377 894 645 551 1729 1273 280 1335 456 1309 100 2007 717 297 1179 746 1662 2077 1537 1667 2018 2041 73 2068 601 2054 461 2101 1024 1117 1286 276 2105 1370 555 1050 1381 708 1112 1548 1248 34 1396 91 1268 1869 342 1754 1873 809 885 498 1709 782 533 673 1409 691 216 1596 590 1017 2120 1291 109 42 639 1502 1034 286 849 1712 984 1499 32 1938 309 1979 930 1203 1731 718 1332 174 699 252 2169 1379 1225 1271 2055 6 494 596 1152 2087 754 1144 1970 1964 545 910 1629 659 1579 525 1310 1810 667 860 490 169 992 1007 2136 1123 1698 1646 1387 1880 1432 488 229 1590 1156 1739 2130 1045 1632 1313 1290 1699 1461 1666 1588 2106 2024 653 515 747 1782 866 1896 1333 1618 991 657 1848 1122 122 1574 1910 1789 678 1794 889 816 2034 2111 608 658 335 612 245 1760 2076 1022 1077 1552 1167 1011 1844 97 347 2151 1060 84 438 610 1591 330 165 471 1950 2095 509 500 1462 299 1771 1597 1108 943 40 1076 703 761 1799 2178 170 1148 1555 1161 1090 2138 1257 988 1180 929 576 1059 108 973 92 1385 1513 206 1303 1506 403 306 2058 682 883 1323 707 1485 1113 18 1529 1264 1652 1402 666 2026 1145 272 64 422 107 2115 1958 1245 974 1741 332 1438 427 764 1276 901 1875 294 2135 1941 1254 742 1988 454 662 2008 247 2072 1542 1817 586 1689 1975 1534 223 357 144 437 497 779 7 487 1030 148 1026 1347 523 2171 962 2175 1340 38 740 75 2059 1025 366 50 1957 2157 2062 565 804 1232 393 818 284 584 1056 395 142 1181 633 1559 462 2039 1785 1670 1730 14 1343 1212 1540 2012 1228 1384 1182 677 1762 1488 1371 1216 1621 1935 1168 83 1106 401 289 143 961 1524 825 863 2036 1053 854 1553 762 1704 77 1407 1458 1205 1146 909 445 1961 966 2075 1751 1158 185 918 467 1998 1984 1934 1031 1129 186 1472 640 975 139 1815 1258 1229 900 857 507 844 859 392 264 912 1640 1089 131 1070 2162 1474 1183 714 681 1049 187 1367 568 295 570 1779 846 1262 2045 262 1811 1160 767 476 1109 777 1776 383 1831 355 1868 1644 453 2037 902 1124 575 2108 1851 160 630 1071 81 1773 1604 1424 268 823 522 429 753 1312 2148 1642 1752 2084 1252 203 1383 1663 1707 1037 2091 1637 128 1650 594 374 559 501 951 503 459 544 1713 238 2052 1453 808 196 239 1302 469 1446 1551 323 768 1460 436 369 908 1541 716 701 971 1575 1886 1126 1600 43 1807 1602 235 1599 829 674 1802 1686 868 532 2152 1138 1819 795 589 1608 1720 1451 1096 78 619 999 2011 249 381 474 2025 547 1856 1966 1717 1006 214 1841 123 692 1778 1904 1352 1293 581 207 2086 1658 9 2051 916 1088 281 1593 2050 373 1999 770 371 447 1726 1672 275 1140 655 1308 794 481 1982 595 1345 1400 95 1765 810 1412 1435 892 562 1985 1398 1418 2079 1626 1846 1847 1638 1968 1214 1585 1468 1609 231 2085 1780 1715 1801 1357 209 1241 179 1654 1769 1647 521 1471 1198 2144 1517 736 1665 1603 604 119 2107 52 1020 2134 1572 617 1259 1829 2140 1693 277 843 159 1444 1645 600 755 136 632 1417 1169 643 919 315 1366 243 290 102 1375 110 1118 1986 1953 563 415 994 326 1369 1684 489 1411 1080 377 1788 890 675 2142 321 1449 1942 1094 1442 1414 587 888 458 29 1083 154 636 423 574 439 28 1722 1100 1927 1336 1974 897 1015 1872 1849 271 22 1798 1287 1530 189 526 1822 1528 1469 1423 1478 138 784 463 325 648 1620 528 1235 1852 2013 1397 835 130 1221 684 2100 1862 1260 1482 899 492 46 1797 1206 2021 435 637 996 739 1016 287 1497 310 1434 965 1263 2053 1484 1643 1775 1605 756 626 957 834 1392 646 390 998 322 1943 410 1928 934 1137 1219 876 903 1244 743 1135 419 874 1628 1136 1854 1512 2081 517 450 1763 664 1956 164 1607 1573 1314 2117 473 426 987 1690 1301 1187 1834 300 304 1133 1711 980 1243 1422 1813 853 1578 2181 1504 737 1382 1865 79 2027 689 397 1967 1281 1201 217 1065 979 1671 1833 1111 687 1193 1350 1415 134 2082 1184 2028 1818 1456 1155 773 344 155 2044 152 1075 1710 1177 361 2147 2098 2092 730 1753 444 1549 1948 89 147 1043 1939 385 132 1356 1624 1728 1190 246 2010 1097 151 518 2042 1997 2164 1001 1359 1814 2141 1812 1675 826 87 880 1832 2173 1061 61 360 878 1376 183 731 337 114 1355 1128 911 2014 351 1208 786 1824 1558 1503 1172 1491 571 291 1211 1582 665 1764 862 1676 2179 464 1890 801 2168 621 1891 1866 1162 1454 1768 839 769 1223 960 656 396 94 877 1496 813 1270 2104 161 814 1520 1459 1195 978 941 1321 1052 2132 1695 1283 158 886 855 759 1436 1337 399 915 1002 715 1936 942 1277 388 852 2159 394 2124 798 190 1965 2066 2070 1473 4 1249 1700 1046 278 230 861 1562 577 182 129 530 258 723 1349 312 353 1724 1055 1078 178 269 1509 408 1570 1850 208 1926 2069 175 925 858 1756 616 1634 192 1048 1289 1215 1557 508 1733 585 293 1947 57 140 1991 1498 2129 772 402 378 955 226 690 1527 1725 947 695 15 1617 449 1791 748 982 2161 1706 1681 1623 1492 1908 1440 766 1315 607 1538 1594 1727 1951 676 1362 733 88 1546 367 1816 197 1240 724 1668 1234 1093 1612 1897 1917 1876 1319 669 1437 1687 1038 120 2155 1139 1102 1993 1317 1906 609 1174 1783 2040 2125 1777 1737 1747 797 305 135 1569 1796 638 1882 2146 1501 1630 967 891 1556 1157 256 8 1428 1721 101 573 1013 1732 496 882 945 1742 1692 1390 259 964 1057 1899 1946 1971 1619 282 722 414 727 320 1861 1084 510 2043 440 752 1166 2064 1368 606 72 411 1586 663 98 153 2 1114 1518 2003 1457 1830 2038 2123 953 1188 1535 1673 2139 781 283 1911 838 1641 788 1909 1925 1923 893 850 188 631 1734 1937 806 1550 1220 986 2063 635 2097 2061 1835 1487 1278 346 150 1413 1416 307 1914 956 76 940 2015 1426 1839 1489 240 296 1328 1929 167 741 1306 1331 1790 963 516 172 1132 1239 1316 519 1018 949 2110 1004 177 1433 59 1300 1393 1035 968 1307 1175 2167 906 1887 713 1246 433 914 308 1533 316 232 1601 19 1063 242 1134 1805 1406 1279 1466 2002 1544 2128 1924 1227 2143 2033 1905 1194 228 611 1297 1576 1439 311 2165 1294 1354 1115 80 1092 1613 1606 1705 765 468 1787 2109 1827 1987 1954 652 1738 1758 936 2029 524 970 1224 2114 819 1682 416 904 372 1082 333 406 339 1288 624 2102 127 1237 2154 1932 504 432 698 712 1800 63 424 847 1885 614 2133 1614 1395 536 1508 1589 783 491 69 10 738 1864 1217 1525 1889 976 1635 106 1563 1226 1233 48 301 1561 451 778 68 1992 1153 1912 1192 1580 1047 602 685 1207 836 2170 1836 195 314 331 627 51 2174 234 1023 1074 1892 553 329 728 24 1697 1510 201 1200 273 623 1116 1564 1119 1107 1197 202 1014 822 775 696 1130 49 1064 865 654 146 350 1677 567 671 981 1774 871 680 1275 1781 389 870 41 1189 527 634 2094 1500 285 255 803 2103 926 1236 1933 1091 74 1952 1679 60 1639 227 2019 1963 2122 2073 1087 1881 1490 1859 56 1204 425 887 1041 380 534 1213 2022 480 1443 649 211 1960 455 1860 1863 1062 1505 27 1044 2149 790 1098 340 873 220 751 1033 833 799 1391 2031 2127 1685 927 1750 923 831 1893 1587 1104 830 1701 578 811 1759 482 205 363 370 313 1972 1853 1631 2067 263 1806 2048 112 1378 1955 448 222 45 944 33 180 224 400 1420 349 760 2099 1265 1019 1338 1688 537 364 1365 1292 1736 1515 103 1150 709 921 1163 1081 67 1592 137 1669 2001 1902 1874 1792 725 924 1101 11 1795 257 660 1373 1261 827 1298 1039 1577 1305 757 720 1845 250 1255 1000 495 446 376 789 200 176 270 244 670 1480 1959 1253 23 1919 881 1888 1120 1285 1222 1021 324 1877 828 1455 113 895 173 412 512 2096 1536 1838 1476 2056 47 1320 1940 1274 1708 1922 1994 554 1282 1131 118 267 543 2118 1399 513 1358 2153 384 1916 254 1012 1196 2137 198 1010 430 1304 686 549 1110 622 1716 483 343 1066 2131 1514 210 1069 477 12 1178 2176 1171 111 867 1051 1651 253 156 820 582 421 20 694 613 1560 1745 266 420 529 36 1405 922 1159 405 2113 191 359 688 932 3 1976 993 1661 700 71 579 969 807 1477 452 404 1507 1067 592 591 279 465 1430 710 896 1703 1008 365 1973 1493 977 86 317 1339 303 1403 117 787 1105 541 485 328 583 1269 840 851 318 2060 1421 647 1125 418 800 1656 1324 1691 1718 2074 1757 1581 417 288 1143 58 149 124 2172 1479 26 31 1898 265 2121 711 141 642 950 1099 1448 2057 615 1230 1793 1625 302 336 905 1636 1653 1554 1325 2071 972 872 166 1610 1029 1380 194 815 1655 1242 605 1883 856 1674 1334 62 1494 460 1341 913 2000 157 763 2083 218 233 248 1103 1820 1978 2017 535 213 1072 241 959 1945 729 1483 558 472 1431 832 954 812 2126 70 2047 1660 82 1519 817 1364 93 1284 1009 1346 30 1486 1464 334 802 561 1467 1915 1825 85 171 493 2078 879 1410 588 1595 1042 1086 1749 442 2119 1995 443 603 1475 319 1680 1766 1743 1005 550 1900 1969 2080 375 597 1981 1803 1202 749 1879 1622 1079 1996 1342 1678 805 1516 538 368 225 683 869 2156 793 2158 1121 1784 145 1374 983 644 1311 933 1185 1523 2009 2112 1627 1894 2004 251 995 1584 1532 620 1394 1870 928 780 1372 104 2032 1295 785 1142 162 1857 1702 413 1296 387 55 341 693 1649 744 1571 1209 298 1522 168 792 1598 1804 864 1408 566 125 441 398 1913 514 44 1040 236 1445 1170 16 434 1028 1176 352 997 1714 1983 1210 641 261
