1487
1 2
1 3
2 4
1 5
3 6
2 7
3 8
6 9
9 10
10 11
1 12
1 13
4 14
5 15
15 16
16 17
15 18
14 19
15 20
18 21
20 22
7 23
15 24
21 25
22 26
15 27
17 28
22 29
19 30
21 31
16 32
19 33
3 34
6 35
4 36
8 37
26 38
2 39
16 40
7 41
23 42
34 43
41 44
2 45
30 46
17 47
8 48
29 49
7 50
47 51
33 52
24 53
14 54
13 55
10 56
10 57
40 58
1 59
37 60
9 61
51 62
4 63
44 64
3 65
15 66
50 67
52 68
5 69
68 70
19 71
12 72
22 73
52 74
28 75
3 76
44 77
58 78
15 79
71 80
47 81
2 82
60 83
41 84
40 85
40 86
78 87
13 88
4 89
89 90
58 91
16 92
75 93
54 94
17 95
69 96
73 97
50 98
22 99
74 100
80 101
97 102
35 103
39 104
4 105
5 106
35 107
87 108
25 109
22 110
42 111
58 112
8 113
42 114
87 115
50 116
55 117
66 118
19 119
25 120
45 121
95 122
116 123
84 124
23 125
33 126
7 127
5 128
37 129
89 130
38 131
14 132
29 133
49 134
53 135
131 136
71 137
97 138
97 139
48 140
104 141
58 142
56 143
81 144
88 145
9 146
14 147
62 148
39 149
3 150
100 151
9 152
20 153
22 154
40 155
104 156
21 157
69 158
120 159
148 160
152 161
92 162
5 163
11 164
97 165
162 166
23 167
162 168
81 169
87 170
36 171
162 172
93 173
145 174
47 175
65 176
109 177
54 178
64 179
138 180
34 181
161 182
45 183
45 184
113 185
65 186
184 187
66 188
29 189
8 190
36 191
12 192
160 193
120 194
33 195
173 196
63 197
97 198
186 199
153 200
194 201
80 202
142 203
95 204
97 205
115 206
90 207
90 208
185 209
70 210
30 211
93 212
47 213
68 214
75 215
96 216
108 217
216 218
74 219
15 220
80 221
22 222
6 223
42 224
191 225
44 226
94 227
206 228
143 229
192 230
150 231
19 232
224 233
26 234
27 235
107 236
223 237
75 238
77 239
81 240
219 241
145 242
74 243
134 244
215 245
158 246
131 247
47 248
22 249
62 250
227 251
60 252
49 253
253 254
245 255
234 256
117 257
63 258
6 259
49 260
214 261
214 262
111 263
208 264
85 265
155 266
105 267
222 268
227 269
92 270
91 271
56 272
20 273
135 274
114 275
143 276
256 277
137 278
253 279
79 280
174 281
20 282
60 283
159 284
128 285
100 286
88 287
126 288
128 289
245 290
81 291
217 292
34 293
123 294
195 295
147 296
280 297
64 298
203 299
56 300
217 301
5 302
199 303
12 304
34 305
62 306
113 307
105 308
280 309
24 310
145 311
48 312
20 313
69 314
263 315
150 316
245 317
58 318
59 319
187 320
290 321
1 322
71 323
162 324
305 325
145 326
290 327
302 328
161 329
225 330
315 331
116 332
9 333
76 334
229 335
57 336
71 337
64 338
203 339
293 340
2 341
1 342
40 343
297 344
128 345
26 346
204 347
48 348
25 349
234 350
166 351
232 352
282 353
113 354
115 355
353 356
47 357
331 358
310 359
172 360
105 361
296 362
358 363
291 364
268 365
29 366
35 367
329 368
66 369
243 370
45 371
74 372
267 373
184 374
49 375
209 376
331 377
3 378
64 379
195 380
183 381
162 382
109 383
21 384
296 385
325 386
61 387
7 388
246 389
209 390
370 391
77 392
374 393
109 394
89 395
342 396
297 397
229 398
310 399
25 400
291 401
217 402
228 403
203 404
273 405
308 406
74 407
216 408
132 409
106 410
52 411
192 412
131 413
260 414
285 415
39 416
204 417
326 418
319 419
409 420
272 421
376 422
102 423
242 424
226 425
27 426
336 427
344 428
341 429
235 430
369 431
415 432
267 433
293 434
353 435
74 436
302 437
244 438
359 439
66 440
155 441
84 442
376 443
33 444
94 445
380 446
409 447
301 448
71 449
182 450
330 451
34 452
416 453
77 454
275 455
230 456
269 457
297 458
77 459
27 460
186 461
130 462
112 463
178 464
185 465
89 466
145 467
373 468
297 469
246 470
357 471
89 472
72 473
243 474
30 475
364 476
234 477
71 478
303 479
159 480
248 481
454 482
131 483
394 484
322 485
351 486
83 487
324 488
333 489
475 490
74 491
208 492
382 493
294 494
463 495
357 496
141 497
451 498
55 499
90 500
175 501
189 502
253 503
60 504
244 505
157 506
341 507
186 508
441 509
306 510
183 511
159 512
319 513
508 514
472 515
252 516
251 517
245 518
508 519
133 520
44 521
209 522
302 523
349 524
508 525
270 526
4 527
147 528
487 529
3 530
244 531
134 532
230 533
184 534
293 535
38 536
278 537
270 538
240 539
68 540
318 541
471 542
466 543
537 544
221 545
97 546
202 547
218 548
501 549
315 550
366 551
339 552
361 553
339 554
218 555
33 556
292 557
135 558
102 559
316 560
152 561
447 562
6 563
118 564
56 565
227 566
241 567
387 568
278 569
554 570
361 571
517 572
262 573
521 574
411 575
248 576
464 577
252 578
61 579
477 580
502 581
337 582
271 583
552 584
452 585
373 586
476 587
243 588
303 589
60 590
412 591
92 592
191 593
353 594
593 595
80 596
208 597
369 598
594 599
459 600
444 601
296 602
438 603
15 604
35 605
335 606
90 607
37 608
250 609
285 610
165 611
146 612
22 613
584 614
287 615
59 616
406 617
268 618
227 619
334 620
236 621
535 622
453 623
32 624
188 625
443 626
490 627
400 628
102 629
182 630
109 631
88 632
545 633
349 634
42 635
395 636
479 637
597 638
440 639
128 640
186 641
48 642
412 643
171 644
103 645
623 646
239 647
468 648
78 649
485 650
44 651
432 652
111 653
163 654
589 655
471 656
47 657
541 658
550 659
284 660
151 661
156 662
596 663
258 664
204 665
193 666
470 667
95 668
525 669
139 670
391 671
349 672
145 673
401 674
362 675
427 676
279 677
134 678
131 679
115 680
532 681
451 682
421 683
289 684
332 685
198 686
96 687
49 688
281 689
490 690
509 691
248 692
526 693
320 694
481 695
366 696
109 697
378 698
214 699
690 700
278 701
609 702
197 703
171 704
510 705
381 706
359 707
687 708
281 709
594 710
336 711
123 712
336 713
169 714
618 715
456 716
615 717
610 718
347 719
248 720
24 721
482 722
397 723
204 724
431 725
193 726
665 727
177 728
44 729
292 730
463 731
546 732
89 733
50 734
469 735
569 736
97 737
452 738
468 739
279 740
177 741
11 742
586 743
565 744
218 745
186 746
278 747
484 748
521 749
47 750
488 751
129 752
254 753
51 754
329 755
415 756
14 757
583 758
125 759
123 760
202 761
600 762
261 763
57 764
749 765
673 766
488 767
247 768
410 769
79 770
99 771
544 772
123 773
236 774
531 775
250 776
59 777
69 778
23 779
446 780
557 781
304 782
138 783
602 784
267 785
445 786
351 787
407 788
724 789
626 790
393 791
28 792
766 793
421 794
496 795
168 796
253 797
182 798
37 799
565 800
41 801
253 802
122 803
150 804
644 805
554 806
373 807
142 808
674 809
551 810
391 811
76 812
120 813
71 814
340 815
785 816
413 817
72 818
36 819
645 820
444 821
526 822
287 823
138 824
416 825
622 826
205 827
21 828
714 829
810 830
771 831
494 832
399 833
298 834
76 835
669 836
631 837
546 838
354 839
793 840
295 841
280 842
672 843
87 844
584 845
643 846
612 847
160 848
566 849
770 850
381 851
760 852
110 853
697 854
166 855
222 856
680 857
360 858
265 859
142 860
546 861
698 862
481 863
698 864
107 865
2 866
394 867
842 868
672 869
599 870
350 871
762 872
563 873
99 874
270 875
304 876
775 877
17 878
104 879
639 880
389 881
768 882
170 883
522 884
814 885
598 886
307 887
266 888
767 889
424 890
776 891
82 892
352 893
468 894
164 895
815 896
349 897
797 898
704 899
760 900
796 901
540 902
82 903
697 904
509 905
621 906
287 907
599 908
592 909
171 910
9 911
400 912
283 913
656 914
551 915
577 916
173 917
914 918
124 919
258 920
172 921
307 922
816 923
667 924
672 925
2 926
812 927
171 928
294 929
496 930
557 931
138 932
466 933
861 934
840 935
889 936
525 937
72 938
332 939
859 940
819 941
118 942
939 943
31 944
86 945
780 946
771 947
640 948
850 949
609 950
657 951
153 952
215 953
197 954
278 955
78 956
58 957
314 958
860 959
762 960
836 961
177 962
28 963
610 964
14 965
305 966
547 967
143 968
715 969
236 970
417 971
966 972
225 973
965 974
557 975
367 976
40 977
900 978
877 979
72 980
661 981
709 982
979 983
104 984
24 985
501 986
125 987
163 988
595 989
932 990
102 991
373 992
825 993
722 994
853 995
5 996
972 997
930 998
353 999
444 1000
63 1001
465 1002
681 1003
617 1004
537 1005
705 1006
616 1007
267 1008
704 1009
363 1010
561 1011
519 1012
506 1013
936 1014
593 1015
70 1016
760 1017
310 1018
817 1019
432 1020
842 1021
164 1022
420 1023
58 1024
388 1025
347 1026
604 1027
989 1028
552 1029
93 1030
496 1031
236 1032
58 1033
270 1034
919 1035
130 1036
375 1037
517 1038
207 1039
452 1040
174 1041
599 1042
589 1043
772 1044
174 1045
290 1046
761 1047
110 1048
22 1049
307 1050
436 1051
734 1052
191 1053
867 1054
219 1055
166 1056
486 1057
1020 1058
939 1059
655 1060
795 1061
810 1062
266 1063
882 1064
195 1065
521 1066
571 1067
323 1068
435 1069
84 1070
879 1071
547 1072
979 1073
280 1074
630 1075
537 1076
1056 1077
186 1078
631 1079
370 1080
402 1081
691 1082
936 1083
264 1084
666 1085
1072 1086
242 1087
269 1088
286 1089
1048 1090
193 1091
415 1092
924 1093
755 1094
1009 1095
514 1096
154 1097
108 1098
7 1099
244 1100
9 1101
41 1102
915 1103
585 1104
1070 1105
538 1106
127 1107
314 1108
544 1109
728 1110
1104 1111
1091 1112
900 1113
718 1114
607 1115
1095 1116
28 1117
437 1118
641 1119
470 1120
683 1121
737 1122
45 1123
435 1124
971 1125
147 1126
641 1127
140 1128
176 1129
323 1130
549 1131
538 1132
822 1133
570 1134
234 1135
110 1136
159 1137
158 1138
474 1139
371 1140
206 1141
201 1142
431 1143
336 1144
1021 1145
246 1146
593 1147
328 1148
84 1149
20 1150
1105 1151
241 1152
400 1153
522 1154
979 1155
927 1156
721 1157
327 1158
853 1159
226 1160
244 1161
218 1162
936 1163
148 1164
153 1165
528 1166
36 1167
238 1168
118 1169
900 1170
191 1171
588 1172
1007 1173
545 1174
1158 1175
249 1176
532 1177
1066 1178
56 1179
566 1180
878 1181
183 1182
872 1183
1043 1184
554 1185
805 1186
504 1187
80 1188
332 1189
670 1190
1107 1191
351 1192
102 1193
807 1194
1085 1195
477 1196
1179 1197
989 1198
1145 1199
1130 1200
964 1201
520 1202
395 1203
162 1204
242 1205
485 1206
585 1207
35 1208
57 1209
907 1210
1081 1211
822 1212
167 1213
892 1214
358 1215
322 1216
667 1217
442 1218
192 1219
126 1220
126 1221
408 1222
1104 1223
299 1224
1054 1225
180 1226
135 1227
740 1228
206 1229
688 1230
1084 1231
1199 1232
712 1233
1094 1234
122 1235
363 1236
175 1237
1153 1238
1067 1239
437 1240
804 1241
712 1242
119 1243
110 1244
573 1245
799 1246
744 1247
164 1248
1218 1249
172 1250
521 1251
738 1252
291 1253
489 1254
362 1255
605 1256
197 1257
317 1258
202 1259
950 1260
528 1261
780 1262
387 1263
972 1264
146 1265
889 1266
955 1267
770 1268
442 1269
957 1270
1264 1271
1058 1272
110 1273
460 1274
970 1275
1126 1276
1074 1277
690 1278
185 1279
340 1280
767 1281
451 1282
168 1283
791 1284
1053 1285
429 1286
881 1287
1214 1288
73 1289
1066 1290
1236 1291
126 1292
736 1293
79 1294
1261 1295
238 1296
866 1297
16 1298
133 1299
895 1300
1196 1301
249 1302
239 1303
1232 1304
486 1305
683 1306
177 1307
1040 1308
993 1309
486 1310
507 1311
937 1312
1106 1313
944 1314
716 1315
18 1316
58 1317
806 1318
335 1319
641 1320
988 1321
679 1322
984 1323
1087 1324
890 1325
520 1326
1045 1327
312 1328
1049 1329
489 1330
628 1331
1292 1332
840 1333
1333 1334
49 1335
193 1336
1276 1337
227 1338
620 1339
1013 1340
447 1341
778 1342
238 1343
1188 1344
1340 1345
1020 1346
324 1347
1157 1348
1273 1349
884 1350
734 1351
465 1352
1142 1353
1272 1354
858 1355
1149 1356
763 1357
472 1358
939 1359
326 1360
1221 1361
1077 1362
1290 1363
611 1364
794 1365
423 1366
930 1367
941 1368
761 1369
742 1370
1091 1371
25 1372
466 1373
776 1374
540 1375
1117 1376
956 1377
475 1378
770 1379
1251 1380
258 1381
1058 1382
1172 1383
1094 1384
453 1385
1167 1386
1193 1387
607 1388
618 1389
58 1390
203 1391
62 1392
200 1393
1229 1394
629 1395
1341 1396
706 1397
922 1398
402 1399
1051 1400
1059 1401
1257 1402
1275 1403
1138 1404
368 1405
600 1406
839 1407
323 1408
1362 1409
132 1410
244 1411
669 1412
162 1413
1316 1414
608 1415
142 1416
1219 1417
505 1418
1109 1419
1371 1420
1043 1421
914 1422
1062 1423
872 1424
1122 1425
95 1426
503 1427
1099 1428
149 1429
615 1430
8 1431
109 1432
1292 1433
31 1434
1341 1435
1431 1436
657 1437
676 1438
243 1439
383 1440
1119 1441
630 1442
848 1443
684 1444
711 1445
295 1446
684 1447
776 1448
559 1449
1358 1450
1253 1451
1279 1452
1322 1453
252 1454
718 1455
664 1456
625 1457
1407 1458
40 1459
791 1460
450 1461
1260 1462
233 1463
692 1464
371 1465
1125 1466
1229 1467
342 1468
775 1469
143 1470
1399 1471
1251 1472
641 1473
115 1474
1333 1475
358 1476
1419 1477
1307 1478
997 1479
1080 1480
881 1481
463 1482
372 1483
130 1484
932 1485
1423 1486
211 1487
1487 1486 1103 1485 1452 855 499 1154 895 1222 383 192 235 1484 1192 868 555 159 1483 1279 773 262 473 882 1426 1112 641 1338 699 1482 1080 380 130 713 832 1128 409 48 506 1085 1210 139 853 759 967 398 659 910 1040 197 816 405 595 1439 1468 1256 1349 1446 349 1408 845 90 1012 494 274 368 403 5 1073 250 195 1394 388 909 696 1277 1402 127 825 1279 1035 185 337 635 259 225 1301 1368 1332 945 681 1054 977 1476 1106 632 29 939 819 421 778 1269 878 454 375 343 268 996 302 218 844 1283 697 405 1181 48 33 1471 693 255 889 387 144 767 888 877 1354 846 277 287 667 1196 830 1377 397 464 1186 56 633 987 1122 1376 657 1089 1023 320 562 491 1212 703 410 182 362 1269 1404 246 1275 593 317 1419 475 1018 410 1416 1152 455 895 826 11 445 1483 949 1415 1272 203 813 1356 1045 537 1006 645 769 1155 481 1297 1129 1067 672 1014 1274 966 803 190 1276 509 65 75 1465 57 984 169 261 1025 692 332 558 1127 617 1379 558 1481 1236 511 1115 174 617 552 1011 143 365 372 745 482 319 543 201 410 1374 587 273 1309 461 115 235 1223 323 1400 1387 1365 451 446 214 1467 315 1025 1004 168 1206 1277 1100 151 316 580 1062 463 1402 973 23 1136 270 423 240 32 1058 700 433 704 557 1391 696 1478 1032 633 569 366 1099 39 138 791 608 452 363 1380 607 942 1002 377 1177 436 707 1380 636 207 1116 424 1287 534 994 534 1253 256 393 1439 55 1016 250 1183 748 999 1293 549 1074 504 459 1314 928 1153 1096 870 1237 758 6 816 1388 295 1390 821 374 498 656 893 668 778 842 457 432 490 307 513 1479 1451 1370 582 393 661 79 83 807 1192 668 1165 29 389 569 349 1284 1162 716 1380 461 47 1030 643 1360 1221 1305 672 672 379 94 909 461 323 76 1098 818 427 933 886 1474 586 22 414 638 992 308 1091 949 403 724 268 989 1326 907 124 43 1282 827 1298 766 904 605 458 1177 1062 361 322 140 521 166 1266 1084 523 1292 705 1401 1235 8 1076 571 1360 842 557 1131 866 406 1007 762 715 1429 1439 819 802 1242 55 1007 1212 448 1325 501 444 1090 1403 646 810 601 1305 1048 1131 773 1361 561 93 1218 633 159 983 1189 718 233 763 720 372 719 15 142 872 191 1189 204 901 1292 922 798 1472 1450 1257 19 1321 951 834 465 1414 1429 1478 73 433 326 1019 618 920 1065 1119 716 228 620 199 945 828 795 33 1040 465 301 1339 1052 392 1478 1449 81 1454 1210 408 140 918 391 198 135 1319 914 308 300 582 1406 1484 632 113 463 1463 358 1206 188 1241 1010 11 1156 1209 489 1481 475 1251 1372 868 278 15 626 827 992 1017 1276 304 1139 1169 458 1264 840 179 886 677 299 945 699 1249 157 817 259 954 219 1134 934 451 997 307 74 205 1179 1149 1444 653 503 61 393 239 344 75 1217 446 544 1363 628 1241 62 132 1480 754 1225 611 37 196 1227 673 1012 629 1305 1339 1065 233 934 1105 499 30 871 766 273 1000 716 717 1256 1388 211 380 453 805 1293 734 675 614 650 1204 1420 586 426 493 850 872 980 1186 470 1483 1021 1318 396 1395 961 573 678 979 1429 1115 919 1305 847 1284 885 132 955 1427 599 400 335 29 98 685 75 93 725 1358 1085 923 585 199 6 468 367 1291 1124 1441 1476 327 548 609 321 532 719 905 1021 1346 691 562 879 1180 791 590 122 258 934 362 867 943 1374 354 233 1 853 155 1409 945 392 1084 1051 133 104 1405 1178 906 834 486 1398 642 444 66 804 1040 722 322 1421 777 796 522 1339 1351 1364 723 55 50 530 483 177 1204 491 1178 706 605 805 1459 686 1119 997 1265 1224 205 209 1263 1430 816 697 1298 832 743 369 31 936 1443 698 294 636 1109 739 29 307 256 346 821 202 19 612 224 510 86 789 1397 919 632 30 1346 669 361 1014 950 1147 1409 530 1143 1429 71 662 195 1078 792 1304 443 1425 434 415 588 837 1288 124 1397 873 1015 1165 693 1121 1194 1284 589 955 458 536 1240 639 1331 393 278 1391 450 726 240 417 1235 789 292 1445 1474 998 787 1108 1364 101 1390 467 1274 440 281 826 995 1260 371 202 792 1106 1148 720 443 829 1406 1110 1268 692 177 739 171 677 1231 1311 1357 1011 563 661 181 46 1091 1057 989 1281 1454 721 736 1224 969 950 885 267 1198 1148 107 956 617 702 66 1462 1082 1131 1160 1070 342 592 1141 863 274 856 534 392 1270 1276 620 237 996 1400 960 1274 893 1172 255 1286 317 417 198 322 499 390 1370 1461 1334 641 503 479 655 62 289 908 501 79 1092 636 1321 1293 452 1407 89 303 989 1412 201 211 1447 56 625 1098 651 796 279 466 1177 161 678 1348 336 269 903 779 32 8 58 1110 17 1325 695 1399 719 20 1406 1107 1476 194 550 558 952 1444 832 138 1341 445 899 1043 1266 169 310 800 1192 656 1031 602 1152 110 1126 853 390 472 112 219 228 176 346 1313 1466 535 614 122 1431 1456 191 494 880 1467 156 804 379 1066 1352 1183 973 1419 1319 587 467 87 1084 440 482 101 504 954 809 19 962 124 343 1054 394 1391 859 381 549 216 522 53 419 1416 242 1226 693 1433 101 1277 335 78 309 394 404 1396 345 1207 1270 864 1102 732 33 882 20 196 60 908 293 230 836 833 253 53 970 238 1143 115 1010 758 878 65 1103 72 305 1164 1099 509 1331 1355 150 171 124 294 340 1424 1312 1049 1207 932 747 1132 140 555 1436 581 1317 365 511 343 514 1119 975 966 713 32 1411 107 662 507 407 1366 1055 429 982 51 90 680 351 515 972 1033 302 735 418 796 918 1024 801 481 11 174 385 186 1044 898 982 898 383 440 1045 1264 422 627 299 374 1208 963 470 777 870 133 901 668 1450 780 602 1266 342 660 80 814 99 671 376 1464 244 1388 251 697 1044 1080 1128 1053 1359 1285 247 352 816 1285 1183 708 484 1384 1044 784 742 175 1210 396 906 256 259 49 898 1468 355 964 769 892 293 259 101 890 160 1394 183 1013 354 419 210 603 711 1114 1333 1453 142 723 833 822 1225 1035 1220 409 456 1388 1158 723 1395 931 232 1055 1103 478 1368 284 1373 397 1169 694 1387 807 1215 85 1398 1087 1033 170 1276 108 1132 208 1174 1400 994 565 233 493 1443 1037 273 291 826 276 1362 973 122 1095 822 960 1280 1090 1200 255 1101 811 236 1109 451 666 1473 1150 1267 55 1468 1414 268 1319 361 673 282 564 1316 1232 223 148 1125 1039 402 815 521 1414 501 1420 736 422 203 978 1393 389 129 1393 899 555 646 832 1088 782 521 689 180 555 1158 481 1080 1197 671 603 558 351 16 1223 941 81 145 968 648 1484 196 168 156 943 654 860 1153 643 500 1405 450 919 87 701 574 322 1222 370 916 888 1162 150 1262 1117 248 1355 1003 1296 250 492 557 750 1478 990 579 276 1302 546 805 868 232 577 190 150 274 691 881 191 818 1349 466 779 1027 441 315 1369 562 1338 1238 355 695 765 1121 1251 1310 275 1088 511 1291 558 1447 688 908 468 720 1269 1235 1369 437 394 240 252 1029 18 858 1246 805 667 528 317 677 163 1299 1007 309 359 35 411 1325 749 1098 831 283 1050 723 1208 1021 1055 1191 579 188 1049 1260 896 813 630 1300 1345 1299 1171 1044 16 1229 364 675 549 372 1216 861 1142 1046 90 1480
