500
3573111 -5235622 3578463 -5394836
8898999 -8414445 9079149 -8456297
5224512 5109880 5375410 4946378
-893404 6879485 -870406 6857101
-631714 5603861 -601296 5584947
7922133 5022909 8010951 5015627
2330440 -9322507 2334576 -9410861
-5777764 -7101279 -5605658 -7255301
-691959 -4232472 -576081 -4297512
-2208724 6060038 -2118042 5960458
-6651310 9044756 -6604986 8907278
-7353103 9296009 -7227555 9186167
-2403065 -6432127 -2230097 -6438883
-5478343 7463829 -5374173 7380431
2770082 8088752 2897628 7962376
7993563 8647267 7999097 8553623
7279607 5940357 7341421 5832737
-3604969 -476305 -3457707 -609463
-3614753 -4210612 -3597571 -4360068
1176076 -4555011 1208824 -4722987
3404739 5006485 3516945 4985827
-1515238 -5205815 -1441400 -5273869
16396 -7905291 186786 -8004087
-144311 4415948 -53871 4307432
8599623 -3348848 8715069 -3354698
-500288 9669575 -482144 9575841
-876965 4698378 -708547 4537320
4151457 -8797114 4238643 -8856176
-7881155 -6912138 -7802659 -7111728
-4010596 -5967617 -3964758 -5985639
-2369673 4204051 -2191911 4181733
2556610 -5853881 2699116 -5950465
7303063 9215563 7415379 9100677
-177305 4319432 -90117 4229856
3098391 -8024830 3177165 -8109296
4445072 -7430076 4573360 -7468314
5121224 -7535676 5177690 -7672288
2840715 7134198 2920183 7125684
-1511391 -222351 -1337075 -232195
9532066 -4247900 9533948 -4441622
-9283852 6668771 -9181674 6577361
-518603 7902528 -393027 7820938
1542000 6329180 1678400 6211332
-3735429 1098987 -3619881 1097013
-9972173 8178429 -9829953 8107719
7290642 6890724 7321222 6754154
-4094972 3036559 -4021242 2853979
5197830 3551948 5267128 3491470
3055591 167234 3084173 13558
-5892262 1677965 -5705120 1554171
7399980 -4344134 7469266 -4485258
3707437 8049133 3865629 8042767
8185466 4657956 8384742 4570024
-9873006 -6248682 -9823146 -6367644
-6777594 5771036 -6613440 5606976
702168 3939240 721350 3891864
7608315 -1824309 7615613 -1884889
-2002518 2449591 -1871304 2433885
-1027925 2628899 -915555 2478651
2641964 -5321844 2753234 -5465490
-1648115 -3521324 -1552453 -3703428
1395172 2840275 1396270 2718327
-5956603 -1060836 -5793331 -1206128
4346192 -8961691 4445254 -9129001
-2500423 5039471 -2308085 4962237
-7088311 2432594 -6955951 2247384
-9339215 1414145 -9148877 1259803
5432206 -6506356 5480778 -6552058
-1312848 -434405 -1165190 -444859
2960717 -6064907 3061641 -6162377
9264557 9658957 9279331 9624957
-8190378 8775212 -7999002 8647548
5146497 1392171 5313097 1216861
-8431092 -8487146 -8362986 -8513200
2895916 231306 2904828 87910
-9638665 -5426994 -9572383 -5580920
4600189 4937041 4610739 4791617
6021229 6204333 6182241 6066091
-3773404 -4369835 -3644980 -4450289
4548023 7483806 4726605 7284324
9429186 714800 9566086 659950
-6590724 2614632 -6501962 2519812
-2066451 -1032013 -2014527 -1150807
-9533799 943675 -9393271 775947
-2308298 -230103 -2258430 -330375
-9729874 641653 -9655920 513873
-4053076 -7894445 -3905002 -8000241
6998466 3878479 7112932 3756895
3830245 -7559733 3980767 -7755393
1543842 9849069 1548978 9799103
-8003609 -375954 -7846163 -400188
3960326 -6357225 4153572 -6379103
6886127 -542999 6994311 -671511
4880842 4008330 4964334 3912492
-6118830 8508709 -6000320 8393653
-2467853 6579129 -2360871 6485445
-8042205 -1031074 -7994729 -1184572
-8500130 9168043 -8411154 9037531
398980 -1779556 591812 -1863688
9222548 -4359722 9333952 -4400494
-7996646 2028088 -7939344 2004942
-4979679 8985812 -4789851 8803472
-9582339 9595815 -9485705 9529799
9698282 3421999 9896800 3263415
2554623 -9261647 2701843 -9319103
-3455447 -5602714 -3378703 -5618358
-1010690 -2694063 -891406 -2876403
1395848 -8945681 1509026 -8966633
-55113 -9058229 -3069 -9081271
-5313113 1138801 -5158915 1011791
-7283036 -1830915 -7167206 -1981943
6393258 6648953 6476512 6541235
3790834 -2829781 3851302 -3006017
-9178617 1423656 -9061239 1307740
-4882932 474119 -4866894 427633
-6818229 -4285711 -6692687 -4386677
872571 -6383663 912023 -6557869
5338139 -9435526 5416769 -9485338
-110867 -5143692 42331 -5260996
4531195 4886744 4716631 4696430
4930543 303701 4953555 271707
-3558132 6525685 -3453312 6369161
6779306 6147666 6826784 6029248
5565489 -5182379 5624783 -5329477
6164598 1505878 6194462 1471314
-9467689 -5958457 -9357689 -6140567
-3302942 540817 -3227224 364337
-3139754 -2484182 -2957346 -2539324
-626370 -2126448 -507040 -2263646
7273276 8978582 7404798 8968294
-6872498 -5691563 -6855474 -5889949
-8716493 -8932100 -8551009 -9050482
-2732071 -1638454 -2540975 -1689930
-247038 7596721 -180182 7447281
5033093 7203209 5034109 7044661
140116 -7340762 287828 -7497338
2590551 6556676 2642205 6509464
9710158 -779453 9792102 -818549
-7570179 4010034 -7480261 3901030
2054327 3698951 2091095 3551023
743400 -3436144 771282 -3516770
-654907 -1967075 -631301 -1974591
3452100 3185554 3611374 3135698
9099535 6825488 9257339 6713054
-5370927 6888990 -5191807 6862578
3998926 -6279734 4123638 -6315500
-8108824 6029451 -8031334 5838663
-863150 930941 -809346 768967
7282953 7919999 7381365 7751381
6571325 -6701597 6653421 -6846453
-2637533 9263748 -2499591 9202610
4107804 7095001 4198418 6917743
-1653581 5850174 -1543675 5832758
-3833202 1633280 -3739904 1632922
-875201 -2866253 -784191 -2974149
6716315 1318450 6896611 1199986
6804409 971557 6988971 879213
-4251404 -1625819 -4212892 -1783253
2689756 8124951 2719560 8055305
50318 -5323577 131288 -5348839
-51480 -9047172 97374 -9126514
9294919 5465557 9449089 5424567
-8130122 1158057 -7980012 969139
-8826392 8888237 -8770118 8772259
1369244 -8331494 1429114 -8488916
9871226 6144575 9888838 5993327
-7673392 -1514978 -7635876 -1551228
-2359918 2292613 -2210056 2103487
7243185 -8705052 7310357 -8714528
-2909194 1442516 -2776088 1426982
1724605 4676138 1819769 4566726
3361198 -4037626 3543300 -4166858
746762 -8234625 829822 -8289109
-8075730 3557594 -7980978 3480296
-6560281 -4645964 -6508441 -4834958
-9545229 -3410286 -9385585 -3423010
-4635574 -2131575 -4484002 -2166057
-2237439 2789001 -2158945 2698011
7984915 1887355 8076965 1810623
329191 4043840 406879 3859778
-3871162 805340 -3763404 716778
-3435959 5355813 -3323205 5171881
8166464 5180656 8297384 5160024
5924188 -2984881 5995232 -3127105
-2437308 -5366428 -2270532 -5409874
7509645 -4963036 7527777 -5042416
-7670804 7047870 -7515106 6953334
-4683343 -5230659 -4554755 -5410069
-7291408 -3024635 -7136796 -3121959
2567682 -5659273 2692290 -5712247
-6420544 -1011073 -6359276 -1055861
-9574283 5490379 -9538105 5348383
-8546614 -502895 -8376036 -524571
-370648 2786247 -342422 2638835
-6794502 4463080 -6692624 4286524
-6451798 2256605 -6296812 2254937
-2438980 -7507591 -2427484 -7665669
3838851 -6157110 4023223 -6212682
-8918665 -3702534 -8805041 -3749006
2954998 484032 2997772 417078
9542436 7734515 9559240 7645761
5420935 5072440 5467283 4942380
-3312197 -3648126 -3115617 -3736038
-3270375 -3940517 -3097129 -4110967
6458993 8375020 6512157 8199582
3446460 -3007902 3638530 -3192044
-3487176 137721 -3408964 -30505
9638376 -2658922 9726952 -2833914
-754301 3357657 -631359 3231409
-9302012 9210253 -9200370 9092703
-7208373 -9463528 -7103399 -9578818
-6665301 4594003 -6482099 4557313
8883390 -1165127 8888656 -1359309
-2744625 8141974 -2601797 8120900
4632641 6035863 4668361 5918015
6267241 2577534 6414081 2490858
4930140 8323521 5102446 8259193
-6932300 8812147 -6888272 8695343
940078 -7621551 993396 -7672427
-2628780 -6977437 -2550010 -7117475
-9247692 -2721585 -9061464 -2810407
9242438 2158656 9308776 2057006
4699470 6114389 4809430 5917827
-2913398 -8492924 -2853216 -8629228
-3614151 1784571 -3480755 1677511
-555193 -2276976 -491555 -2282442
-8787655 -8665542 -8779437 -8850788
-4922652 -6140578 -4884538 -6313110
3890399 -2376822 4058097 -2471796
-5024380 -7264163 -4871760 -7386835
-3615076 3229101 -3504046 3039609
-8552271 3678239 -8386437 3504529
-7587379 -9090129 -7528757 -9191979
-9146106 -9796235 -9061350 -9943009
3781524 3548631 3901570 3462861
-6838583 -5799552 -6807991 -5944350
-6092533 1167851 -5950473 1118379
-9787500 6165017 -9672730 6013035
6797988 8896638 6845006 8788538
8335748 6408969 8389136 6364619
-5260067 -3988711 -5130897 -4040873
-1552798 9637224 -1481062 9508070
6288799 -3731236 6317101 -3752822
-9164814 -8430312 -9146090 -8549326
3151000 -1318421 3195312 -1433695
4344983 5696580 4532473 5590742
9263050 2953427 9273434 2908717
-9486019 -8283907 -9381707 -8305775
7822666 -7971614 7958400 -7999078
7603463 -7914772 7717085 -7981028
9491621 -7920939 9629061 -8004867
7502016 5966609 7671982 5920865
-9688731 -7910546 -9514359 -8100260
730395 -7024468 779215 -7102462
-2413688 8016172 -2250286 7953522
3288953 -2443986 3398985 -2566368
-900771 -2093515 -780333 -2181237
-8755940 4990910 -8590480 4842516
-2498075 366386 -2469907 173784
-5341199 7724471 -5335147 7560691
2383070 -5284682 2493736 -5423996
4409571 2695166 4604673 2583450
-1286332 -1402981 -1133048 -1538247
-764176 741344 -688580 677988
-2865512 -4790196 -2725132 -4964996
9682559 -6556425 9712009 -6662481
-227775 -398790 -128013 -471886
5382345 -6598720 5389731 -6698292
-9630321 -8937455 -9487845 -9024439
-3103534 -1956442 -2948688 -2123898
-3484103 2891402 -3315745 2754536
7880823 -1895006 7980081 -2004606
8524301 1927978 8566967 1770972
5763067 -8601283 5959863 -8655175
9409801 -7773282 9420383 -7892426
-5889276 7088469 -5850594 6891931
2797786 1232176 2804868 1149084
-4176192 -2705898 -4106624 -2749492
4129924 -6812868 4167510 -6936142
1963453 9523530 2064751 9475890
-6653357 3432639 -6596275 3256331
-3737203 -3782923 -3596873 -3796881
1565304 6040259 1744102 5936061
-306882 7438164 -275254 7334650
-5655587 2994006 -5635251 2794914
3502707 6765679 3519425 6684045
2415781 -552819 2595921 -598173
2033768 -6829196 2094352 -6882422
-4149508 -907628 -4102142 -916060
5611906 7665954 5744616 7541960
4814953 6378487 4976613 6186889
1748644 7859544 1820300 7712024
-3046832 9100746 -2984956 8998482
1574183 -4233346 1637783 -4419212
4971622 -9065808 5164760 -9208276
-5950111 -5606951 -5862101 -5639427
-3334011 5795530 -3158833 5672160
-6561807 -8367744 -6496995 -8430998
6900452 4810624 7060538 4708874
3112416 1139467 3305348 1044679
-1597062 -8171463 -1526990 -8282759
7059294 8009320 7066852 7869504
-2589067 -6918993 -2532873 -7073223
-8135558 -5781395 -8036500 -5850481
112012 2308075 289944 2290013
5186539 -8344166 5238245 -8352590
2009729 -3117341 2076407 -3258115
-2995592 -7507953 -2879064 -7621521
-1803770 5004846 -1639086 4865544
-7013366 -1527502 -6999802 -1726080
9161750 -5704205 9329018 -5770055
-2139220 -9522399 -2041562 -9538695
-2910841 2050452 -2804853 1859104
-7317975 -9448631 -7149095 -9570519
-6600503 1983752 -6596787 1889988
8320982 -726444 8443644 -767384
6817117 7599298 6864897 7509028
4121803 3438845 4130155 3252717
8121732 -8404489 8313904 -8545315
-8323761 1797889 -8244303 1787545
-5545183 -5646742 -5538683 -5724120
9303204 888343 9489890 798189
1705958 -9233210 1813212 -9399448
-4250405 5199844 -4133939 5107562
-6960089 -2667884 -6783277 -2867454
-9901947 -578282 -9881147 -729186
-8310101 161747 -8291433 112579
-95126 4136049 -27838 4081809
5876468 685293 6028122 594531
2399179 -2984844 2446603 -3159358
-5247828 2633627 -5235956 2478949
-7941133 -9711342 -7795689 -9835534
4252770 -6561033 4394372 -6737039
2543996 -7714676 2544010 -7730922
-9613112 -1743393 -9425356 -1744623
9455867 -1537567 9610339 -1653553
-5500420 4824693 -5307514 4713157
-2915601 1539351 -2824333 1514459
-9258607 -9775879 -9236357 -9904093
-3385250 8495784 -3281514 8359582
9393960 6891348 9446898 6748998
-3232131 551323 -3160367 441177
-7719670 9169865 -7685312 9011513
-293813 6741819 -291579 6659891
1734676 3453533 1738732 3378371
2533066 5728549 2556110 5536971
6370436 -4584789 6395818 -4753869
1034717 -6262318 1196457 -6290872
-1760654 -4323359 -1635944 -4433391
9509812 -1631425 9550932 -1686685
-574964 -9115671 -522684 -9293629
3456539 9195379 3522063 9039087
-4321510 4358682 -4206338 4196426
9550994 -3524827 9688942 -3658795
-6355187 -3995015 -6212559 -4166503
-6227585 9388531 -6041005 9285065
1953247 1585870 2063111 1478346
-2430119 -4760374 -2243013 -4912774
-441867 6192505 -380981 6095961
1712722 8738395 1909604 8736649
7311564 6515824 7336200 6383482
-1588527 6139168 -1488379 6064636
-9823459 2542200 -9765995 2483950
8641616 560576 8764338 407112
5963536 2117751 5997076 2044487
2744258 -8252446 2786558 -8300800
-3303702 -5933297 -3226408 -5959777
6365864 -8208965 6512320 -8230223
-4332324 -6487365 -4224058 -6640709
837476 -3644215 895342 -3766143
6821182 -8887489 6995300 -8971231
9741970 2667802 9831484 2501100
-2914568 911954 -2881758 829168
334264 5392168 522546 5314350
-2328403 4637576 -2317971 4531630
-3489307 3127714 -3419111 2945070
-9070698 -7104790 -8965412 -7189536
1246812 -8305064 1431268 -8412102
1682092 -2647260 1733226 -2746632
-5470280 -4416131 -5301114 -4416139
9837497 915872 9930469 753692
-1444584 3506357 -1263664 3346507
7413639 2404513 7465801 2253427
-1838379 111872 -1713021 37120
1163127 6821914 1336169 6725662
-5012028 -4144426 -4977422 -4302076
-1277105 -8213782 -1104479 -8384036
6926465 6207192 7038341 6007928
-8586651 69727 -8505869 69269
773857 4725069 961439 4557077
5536913 -2753554 5584727 -2808318
1544306 8663791 1680532 8559083
3121221 2191957 3218187 2095223
-2442812 3255209 -2335090 3058409
-4148303 -2365582 -4120483 -2433272
-6255728 6984903 -6216156 6959493
6746941 5505918 6915399 5336756
8817556 -6616703 8823848 -6764561
8457054 -9714180 8503362 -9752434
-4944807 -1431923 -4815427 -1440603
-3541689 1555021 -3362699 1533073
-3890201 -1681261 -3865985 -1828315
-3866228 -7009980 -3758600 -7107668
-1958219 -8509957 -1788825 -8558429
-8731298 -8205644 -8730374 -8365152
4549087 -5769932 4586673 -5799200
-9293606 4986757 -9285694 4953509
-3242956 -5015513 -3127142 -5209223
357266 8910405 545814 8780067
3874791 -7523775 3919963 -7528539
-5230908 663253 -5140386 613327
-5118088 6191353 -5029870 6109701
-1367576 313361 -1322180 241393
8168653 -838320 8367157 -887550
-3060304 4821948 -2982684 4632390
5648069 -2128210 5697869 -2174018
-9430994 -2429952 -9392656 -2452446
8583522 -953105 8651132 -1082549
1672732 7494930 1773094 7426100
4796090 4250971 4954908 4201801
7457870 3998761 7533568 3799785
5357924 4847339 5436702 4723089
-3415966 -6354005 -3325254 -6537049
6183447 9815990 6202975 9719928
-1954197 8130881 -1790011 7946001
-1329032 -6724994 -1291554 -6849568
-4262150 6321445 -4147264 6216305
5784871 -7029953 5890453 -7051641
-7905902 -5586219 -7740694 -5604153
-5250434 2723401 -5066760 2700773
2601305 -9623813 2747051 -9753087
-8725502 -8325267 -8691208 -8483223
-6097226 4710079 -5945358 4546065
5729809 5690980 5783593 5641254
-8914482 -4225390 -8794316 -4342656
4146343 9584685 4184875 9539411
-4529783 -1760762 -4476701 -1870848
6187327 -274187 6337271 -437319
7898139 3311199 8014129 3126281
-2681582 6196652 -2647624 6185590
2999349 -9347015 3139745 -9527045
2031354 -5885442 2123596 -6043132
-2750286 -933572 -2727914 -1019606
-7673831 -632317 -7591999 -716995
-6657850 7060670 -6581386 6967930
-2141266 -4173765 -1980888 -4295425
9112577 -7556253 9256133 -7724141
4436824 -4276556 4507564 -4402958
7934601 2125763 8051331 2099487
2576225 65846 2660215 33280
2832390 -8949729 2876926 -9009657
-5561380 3621530 -5472478 3620998
-2983912 2350983 -2981268 2206647
-5577061 -4111653 -5552905 -4143759
9555050 -2996677 9678288 -3046847
1547967 5515639 1724441 5428459
-5873303 -193832 -5827679 -326834
-4375996 7488421 -4185910 7371319
7511117 -3968121 7626643 -4037791
9334255 -156925 9472997 -354549
8207293 2788626 8297981 2721444
-6201903 8791097 -6129447 8790229
1104365 5593739 1261767 5471359
3525188 1284160 3667220 1091380
1818634 -1344306 1938790 -1454560
8937247 -353849 9022439 -358185
8034260 -6485888 8107192 -6576192
-9815342 -8441370 -9699752 -8459334
3609405 7183179 3623817 7132609
6466253 3974 6503037 -133004
-6010666 3656705 -6009604 3585375
-5665491 7673085 -5521951 7571191
-1734996 -7654389 -1602276 -7854341
6517075 1433217 6655435 1412177
-8816077 1874504 -8708091 1830770
4325219 4547199 4434653 4490111
-821513 8993435 -659121 8971105
2150206 3342454 2239230 3208754
365133 -2289420 505443 -2389904
-9822420 5762324 -9818040 5591792
4440705 -6169898 4458707 -6307618
-857384 9096187 -706862 9022701
-9743050 6797 -9663356 -164833
3623466 9471562 3804448 9381968
-2133957 9977531 -2116547 9870423
-7898398 -1734057 -7842472 -1884435
1343579 -8271640 1407815 -8279830
5007267 -7104884 5169689 -7183452
1615781 8762289 1794049 8732585
-3315228 -7571644 -3287252 -7621436
6220445 9328960 6265729 9298572
-4862584 6838847 -4797996 6657107
-2243413 -171894 -2154103 -237794
-7572674 -6493761 -7393078 -6598857
7400281 -4037796 7515509 -4151416
4885204 -9259601 5077610 -9272767
-4015532 -4131339 -3954218 -4242757
1813655 -1861094 1904577 -1941230
-7715926 -8833710 -7667426 -9010766
-9395371 9099065 -9356465 9036977
