500
-1427914 -2913994 -1427906 -2914010
-9158002 -1343843 -9157994 -1343861
535520 -9432093 535538 -9432099
-70481 -8217191 -70479 -8217211
-6155925 -6040745 -6155905 -6040759
-7760834 -7189552 -7760826 -7189566
2069288 -620305 2069294 -620313
1696668 -9539740 1696674 -9539760
-1483741 -4504597 -1483737 -4504599
-1747092 -2554162 -1747088 -2554182
-6255629 2196982 -6255623 2196978
-5428845 -2249385 -5428827 -2249389
-1275726 -4573876 -1275708 -4573880
556195 -6729743 556215 -6729755
-4610971 218158 -4610967 218140
-4061268 -4031799 -4061250 -4031803
-19511 1749418 -19499 1749410
-4041267 1098165 -4041253 1098155
-6415006 -3912230 -6414988 -3912250
443112 -7582818 443132 -7582834
1259486 -8890023 1259496 -8890035
-2065977 -671219 -2065959 -671221
-7240163 -8631675 -7240153 -8631677
-5579790 -2822102 -5579780 -2822122
-3098957 -645708 -3098955 -645718
-4005080 -9156445 -4005074 -9156465
792048 2009148 792064 2009142
-4964926 -3702045 -4964920 -3702065
-8048207 2163481 -8048189 2163465
1018799 -7368041 1018813 -7368053
-2270845 -4150610 -2270837 -4150612
-1133057 -370406 -1133041 -370424
-8904319 774755 -8904299 774749
-1336352 -9256435 -1336336 -9256443
-1526677 2339136 -1526661 2339124
-6874019 -1715867 -6874003 -1715881
-7557847 -7671523 -7557831 -7671541
1015365 -9158061 1015371 -9158075
-9504169 1429448 -9504157 1429428
-9425019 -2323323 -9425017 -2323343
2324512 -4536494 2324530 -4536498
815180 -7465671 815200 -7465687
2191738 -3522014 2191752 -3522018
-7023366 -8885600 -7023346 -8885616
-5881964 -3099193 -5881952 -3099209
-7680164 -240968 -7680144 -240984
1007996 315513 1008014 315509
-4749996 -7113141 -4749984 -7113159
-453808 -1402816 -453804 -1402826
-9078024 -2784802 -9078022 -2784818
-2829946 -2902842 -2829940 -2902856
-5708873 -4002894 -5708859 -4002914
-8410414 -4167370 -8410394 -4167372
120254 -4165343 120258 -4165355
-3954843 1995891 -3954825 1995873
-6549515 -2983652 -6549511 -2983654
-6649812 -9178669 -6649808 -9178673
-8419830 -3404348 -8419822 -3404362
1223465 -3618401 1223479 -3618413
-6686727 -4473679 -6686719 -4473681
-7333324 -2006442 -7333312 -2006456
-2956294 -1766497 -2956288 -1766507
-46998 1741065 -46994 1741057
-8113388 1675749 -8113380 1675729
-676409 -7396276 -676393 -7396296
431231 -9498132 431249 -9498134
1236586 715081 1236602 715075
-780189 -8093018 -780179 -8093034
-1064599 -4916852 -1064589 -4916872
-9517664 -7604680 -9517648 -7604696
-5047929 -7122249 -5047915 -7122259
-3779662 2241922 -3779644 2241906
-9331471 -6159916 -9331453 -6159936
-8380198 -1860322 -8380182 -1860332
-9145576 302658 -9145564 302654
1411180 -335326 1411190 -335330
-2887735 848858 -2887729 848850
-8115574 2296237 -8115564 2296219
-3512066 -196939 -3512054 -196951
2126887 -730250 2126899 -730258
-6943913 -1877394 -6943893 -1877408
-6801291 520725 -6801281 520719
-8298937 -5404311 -8298925 -5404331
-6223696 1450746 -6223686 1450732
-8311229 -8014551 -8311223 -8014567
-5685455 -5307547 -5685453 -5307555
-583280 -7807075 -583262 -7807095
-7660499 -6605252 -7660479 -6605270
1422740 2065173 1422756 2065153
-261564 -277727 -261554 -277731
-5065062 -1653899 -5065060 -1653909
204255 2169132 204259 2169128
-9316507 840134 -9316495 840126
895295 -7484625 895311 -7484643
-993407 -7063581 -993401 -7063591
-4319419 -2392486 -4319407 -2392498
-7235870 -4406820 -7235850 -4406834
-2645452 -601073 -2645444 -601081
-7191527 685366 -7191515 685346
-6694003 340600 -6693995 340582
-2366241 908638 -2366229 908634
-7415187 -7506109 -7415173 -7506121
-9444817 -4695577 -9444809 -4695591
-711760 -134385 -711756 -134403
-892868 -7801263 -892860 -7801271
-3113331 -3245339 -3113321 -3245349
-4262690 -521265 -4262686 -521279
235527 -9192446 235539 -9192454
-6865277 -1515643 -6865261 -1515645
-2470570 -2371076 -2470566 -2371088
738693 466921 738713 466915
-8470528 -6421434 -8470518 -6421446
-8006548 -5283189 -8006528 -5283209
-2990552 -1893158 -2990542 -1893178
-3498126 -827353 -3498106 -827373
-5983661 -8692075 -5983641 -8692093
1793645 1048951 1793653 1048949
-3822146 -7425975 -3822140 -7425991
-1034488 -1854768 -1034480 -1854786
-6434974 -6848560 -6434964 -6848564
-7048695 -255169 -7048683 -255185
1274715 -1930133 1274717 -1930153
-2956481 -3294581 -2956469 -3294601
1727948 -7865337 1727964 -7865349
-3256972 43499 -3256964 43491
-2371462 -8994187 -2371444 -8994191
-4011142 -3650567 -4011134 -3650575
-4931809 -7577456 -4931789 -7577468
-9121041 -4485503 -9121025 -4485523
-4355191 -1068160 -4355173 -1068164
-4233283 1941700 -4233275 1941686
-1578310 -1251654 -1578296 -1251666
-9050884 -1546709 -9050870 -1546711
1474618 1524967 1474634 1524959
-7088825 1838520 -7088809 1838516
1703012 -7775203 1703022 -7775209
-2133924 -1743773 -2133908 -1743787
2300377 -9335460 2300389 -9335462
-9136455 -1186713 -9136439 -1186729
-5885800 -50474 -5885786 -50494
-1253004 -2788349 -1253000 -2788359
-2149523 -7368100 -2149505 -7368104
-2028033 -4015872 -2028023 -4015880
-9038288 -7209720 -9038280 -7209730
-2171939 -3319584 -2171931 -3319592
-609840 1132029 -609838 1132013
-5555615 -6648229 -5555603 -6648243
1364429 -3362659 1364433 -3362669
-8868735 -2412018 -8868731 -2412038
-5029718 111903 -5029706 111887
-747896 820297 -747884 820279
-2678889 -7837211 -2678883 -7837217
-1650173 -7019724 -1650155 -7019744
-3828871 -1371187 -3828863 -1371201
-8608535 -2935607 -8608531 -2935619
-5486464 -6769732 -5486450 -6769742
-7460181 -1250018 -7460167 -1250036
1705991 -6889124 1706001 -6889142
-9576143 -1341191 -9576123 -1341199
-3888785 302483 -3888781 302463
-7118897 -8053320 -7118883 -8053334
-1672769 -8768031 -1672767 -8768037
457180 -6269101 457192 -6269121
-4832443 -5613338 -4832439 -5613358
1134387 -6977045 1134395 -6977049
-2396484 -5759052 -2396474 -5759066
-6443632 -14251 -6443624 -14255
-7955523 -836543 -7955509 -836551
-3158471 1990815 -3158469 1990807
-4706486 -2072492 -4706470 -2072508
-7014846 -3306011 -7014838 -3306031
335088 -404035 335098 -404039
-871972 -4608791 -871956 -4608795
409786 -499804 409798 -499814
-4779374 -3907556 -4779368 -3907572
-744654 -3308125 -744644 -3308135
-5224750 -1940742 -5224748 -1940760
-4970508 -6880458 -4970498 -6880460
2303313 -7531471 2303323 -7531473
2000644 2184998 2000656 2184980
1504427 -7189138 1504443 -7189158
1870751 1609618 1870769 1609612
-136954 728521 -136940 728515
-4737978 1303536 -4737974 1303522
-3564032 -856885 -3564022 -856893
-5257384 -6247523 -5257382 -6247529
-574653 -1631711 -574649 -1631713
125060 -8614052 125072 -8614054
-8272940 -4818009 -8272934 -4818015
-1400462 890662 -1400460 890656
-6071141 2072111 -6071133 2072099
-7668439 -2690056 -7668425 -2690076
-7522747 -1014330 -7522733 -1014332
-425840 1910261 -425828 1910247
-1076011 -1726332 -1076007 -1726346
-7585117 -3916626 -7585107 -3916632
-8560280 -4883948 -8560272 -4883960
-574273 -5266745 -574265 -5266761
-5861514 1639013 -5861508 1639011
-5685442 2031120 -5685430 2031104
-7020973 -5115526 -7020955 -5115534
-3648206 -9016649 -3648190 -9016661
-9223130 -6516131 -9223112 -6516147
-202077 -4286894 -202075 -4286898
-454537 -40847 -454521 -40857
-1482627 238617 -1482617 238605
-4176689 -9370332 -4176675 -9370352
-5807184 -4804076 -5807170 -4804084
-531290 1895783 -531278 1895773
-746353 -7390012 -746337 -7390014
-391570 -2643500 -391568 -2643512
-125531 773999 -125511 773987
-6821597 567244 -6821581 567236
-8687987 -4980587 -8687983 -4980601
-3295570 -6795347 -3295568 -6795365
-8084596 -7614434 -8084586 -7614454
-3062860 -8918735 -3062850 -8918755
-2041749 -7749625 -2041743 -7749641
-5287179 -8473732 -5287175 -8473736
223382 -6206051 223398 -6206057
-6680300 -7906139 -6680288 -7906143
-7304769 -1409578 -7304757 -1409592
-6267938 -7864378 -6267918 -7864386
2007179 -470389 2007193 -470391
-8359982 2196869 -8359980 2196861
-2629959 -2357762 -2629951 -2357764
1557988 -525689 1558002 -525699
-684134 -224216 -684120 -224232
-5423861 80982 -5423847 80962
-7700099 -4545959 -7700087 -4545961
-7684267 -7021638 -7684247 -7021650
-6018299 -2257970 -6018293 -2257978
-9177268 -3386404 -9177262 -3386424
-9153400 -4111932 -9153380 -4111944
250121 95917 250127 95901
-7682463 -328854 -7682455 -328866
-933162 2264996 -933158 2264992
-372485 1656113 -372469 1656105
-6476294 -6132021 -6476280 -6132027
-6452588 -6078118 -6452574 -6078124
-3430344 -3241198 -3430338 -3241208
-3787682 -3775590 -3787664 -3775606
-1365714 -9559862 -1365706 -9559868
-136248 -2078123 -136230 -2078139
-4936404 -5204666 -4936386 -5204670
-2761926 -2470441 -2761924 -2470451
-3943548 -5937404 -3943530 -5937410
-7750585 -3859817 -7750569 -3859837
2134356 184367 2134374 184349
-610682 -2259499 -610680 -2259515
-2948491 -6228259 -2948473 -6228275
-2024534 -5308104 -2024520 -5308112
985659 -8939900 985667 -8939904
-5036542 -5484073 -5036534 -5484077
-9564762 -5658512 -9564758 -5658520
-9026713 -643757 -9026695 -643759
-8865166 -4694733 -8865148 -4694753
-9367935 -3845219 -9367923 -3845239
-4954852 -6836733 -4954834 -6836753
-8127367 -3031706 -8127365 -3031712
-8114716 -2447065 -8114708 -2447081
591660 -4046056 591674 -4046074
-9176292 -6244349 -9176280 -6244359
-1983398 -3345904 -1983380 -3345906
-1222374 145891 -1222358 145889
-564649 -3706601 -564647 -3706619
-5782030 -1634570 -5782028 -1634578
-1784006 -5458365 -1783992 -5458371
-7461039 -5053666 -7461025 -5053668
-3285248 -6847298 -3285246 -6847318
-7994015 1499731 -7994007 1499723
-2630762 -624367 -2630742 -624369
1560023 -8767827 1560033 -8767837
-9088104 -4010791 -9088088 -4010801
-5034920 -3881251 -5034910 -3881269
-8038876 -763367 -8038856 -763373
-1790394 -7353335 -1790378 -7353351
-5206447 -2775085 -5206435 -2775101
-182472 -4505809 -182460 -4505817
-1355583 -5073746 -1355569 -5073760
-5875183 -870748 -5875163 -870754
970895 -1992864 970909 -1992870
-7020846 -4930919 -7020828 -4930923
-4646459 -7383354 -4646439 -7383374
-7939453 -7904080 -7939433 -7904098
-7779255 -5328436 -7779253 -5328444
1552694 -5793675 1552696 -5793693
-7253003 1846307 -7252997 1846289
-4842623 -154654 -4842617 -154660
-4569281 608169 -4569279 608151
-7645828 -4504964 -7645818 -4504982
-5981620 1928471 -5981608 1928461
-4419612 -9502865 -4419592 -9502883
-910057 -9166080 -910043 -9166092
-1964569 -5303771 -1964567 -5303791
-1640627 -7029532 -1640615 -7029542
-4443334 -788178 -4443316 -788194
-5488900 -6829716 -5488888 -6829732
-4271343 821447 -4271337 821443
-7568463 -7797859 -7568451 -7797879
-7855241 -5537388 -7855239 -5537396
-374895 -2875870 -374887 -2875888
-6853596 140370 -6853576 140362
-2706808 -4106826 -2706804 -4106846
1969762 -4028883 1969774 -4028889
-8448843 -2552814 -8448837 -2552820
-9305439 -3955187 -9305437 -3955201
-5085331 -7677355 -5085311 -7677365
-2956863 -2218518 -2956849 -2218520
-7243751 -3301705 -7243749 -3301721
-5636574 -7134742 -5636554 -7134746
-5214327 -6992210 -5214309 -6992222
-9126316 -4221701 -9126296 -4221715
-1947325 -5243654 -1947309 -5243660
-7947356 -7157348 -7947338 -7157366
1463059 -827951 1463065 -827969
-5648349 -8831646 -5648329 -8831658
-9556876 -3817023 -9556868 -3817027
-9284536 1962308 -9284532 1962296
-2239607 -5640737 -2239599 -5640739
2082615 -9029215 2082619 -9029231
1782094 -2583766 1782110 -2583786
-1444061 1534562 -1444041 1534550
-6825349 -6654474 -6825341 -6654494
-3596264 -3549876 -3596246 -3549886
-5714847 -7002636 -5714845 -7002650
-8401553 -49531 -8401537 -49543
-9027836 -1150397 -9027822 -1150415
-678815 -8130920 -678811 -8130940
-964927 978033 -964921 978017
-3971511 2344632 -3971503 2344626
-8894375 -1108167 -8894355 -1108173
-8338938 -1795000 -8338930 -1795020
-9455849 -7513186 -9455841 -7513196
-4543047 -9436052 -4543029 -9436066
-6868541 -515462 -6868537 -515470
-4003901 -8625405 -4003891 -8625419
-5485739 -8018967 -5485725 -8018973
-1229578 -6405074 -1229564 -6405086
795857 -2976395 795865 -2976399
-7213441 -7788676 -7213433 -7788686
85361 -8751597 85365 -8751601
-7729737 -17672 -7729729 -17688
-7504349 696158 -7504331 696152
-2053070 155791 -2053050 155779
2229010 1942838 2229020 1942820
-5861626 837069 -5861614 837057
-1277258 -4626398 -1277242 -4626414
-7932572 -1687283 -7932566 -1687289
-9350953 1636378 -9350949 1636362
1007456 -33807 1007462 -33827
-8265513 582717 -8265497 582701
1896790 -1427419 1896802 -1427427
-2739589 1523416 -2739571 1523398
-4458774 1324541 -4458762 1324535
-4650898 -6838437 -4650878 -6838453
-8291904 -3557187 -8291888 -3557201
-1199949 -4175722 -1199939 -4175730
-4384310 -5576737 -4384300 -5576749
-5644898 368131 -5644894 368111
-1476540 -1861713 -1476536 -1861731
-4941361 -819061 -4941353 -819075
-7296867 -2998438 -7296855 -2998450
103662 -4699919 103664 -4699929
-7583975 -8235935 -7583971 -8235949
-2453854 2130755 -2453836 2130739
847232 -2121871 847246 -2121879
-2026472 -6750509 -2026458 -6750529
-7409836 -8636092 -7409820 -8636096
-2693227 -8460672 -2693207 -8460688
-4811075 -6764626 -4811065 -6764636
-1937575 -3858006 -1937563 -3858012
-8224824 -3401469 -8224822 -3401479
-6099474 -5862428 -6099466 -5862442
-8560034 394756 -8560020 394754
-7923327 357819 -7923321 357799
-8640241 -1883574 -8640221 -1883594
-6180928 -186246 -6180926 -186248
-7882314 2223711 -7882304 2223699
-5261255 -8502352 -5261251 -8502372
-5209816 -1716768 -5209800 -1716782
-8309268 955251 -8309248 955237
-4821823 -1747314 -4821809 -1747330
-8919460 -4972528 -8919448 -4972530
1082981 -3255924 1082983 -3255936
-8194396 -1726202 -8194390 -1726218
589336 -7356112 589354 -7356126
-2946146 -1340480 -2946138 -1340494
-3319653 -6160031 -3319641 -6160049
-7141940 -8118148 -7141938 -8118166
-8810532 -1197801 -8810516 -1197815
-4865268 1917894 -4865248 1917882
-4869684 -8254947 -4869676 -8254965
-9479273 -4243496 -9479265 -4243514
1359762 -3043138 1359778 -3043142
-1637851 60570 -1637835 60558
-4048585 -208338 -4048565 -208340
2122932 -3390062 2122936 -3390064
-8374622 -828829 -8374620 -828845
-8003520 -4904103 -8003506 -4904115
1846366 -9227697 1846368 -9227709
-6074667 2114520 -6074657 2114518
-4489827 -1641719 -4489825 -1641725
1394112 -7747613 1394130 -7747631
-503776 374445 -503770 374441
-3185172 1169657 -3185154 1169641
-787354 274438 -787350 274434
-8316919 -1972980 -8316911 -1972986
-7982720 -6845177 -7982716 -6845179
1636799 -3078263 1636801 -3078279
2152529 -4570653 2152547 -4570657
-9334034 -5185085 -9334022 -5185095
-222306 -5082076 -222294 -5082088
-9108792 -3686293 -9108776 -3686295
-93457 -3591170 -93453 -3591184
-7760351 -4251359 -7760341 -4251363
-5008003 -4085290 -5007985 -4085292
-503699 -9576447 -503687 -9576455
-751044 -4626511 -751024 -4626527
-152695 -746025 -152687 -746031
-8722532 -4162422 -8722530 -4162434
184084 -7915397 184096 -7915417
-2135038 -2035099 -2135018 -2035119
2053421 328322 2053427 328304
1238307 640347 1238317 640335
-7791054 -1718958 -7791046 -1718978
-6120989 -2813296 -6120981 -2813316
-8254520 -4667740 -8254502 -4667746
-5266662 388983 -5266652 388973
-6539216 -9543536 -6539210 -9543552
-7237275 -2528276 -7237261 -2528278
366394 1604590 366398 1604572
-3432325 -7374085 -3432311 -7374099
763617 -2053742 763633 -2053756
1796597 1515894 1796617 1515874
-5067765 -9590146 -5067757 -9590166
-5843464 -2925880 -5843462 -2925898
-1100036 -7260303 -1100028 -7260311
-3610347 -6485656 -3610339 -6485676
-1367095 489075 -1367087 489073
-5690872 -928549 -5690870 -928559
-326432 2094507 -326420 2094489
-101881 623143 -101861 623141
-4101944 1483103 -4101930 1483099
1792709 -3102554 1792727 -3102572
936760 -7655328 936766 -7655348
-8687603 -7928632 -8687593 -7928640
1552524 -1844625 1552528 -1844637
-745311 -8922959 -745293 -8922969
-7984849 -6513300 -7984831 -6513316
-317576 -3325056 -317572 -3325062
-7037760 -2481916 -7037748 -2481936
1599578 -4388382 1599594 -4388396
-3197964 -5266940 -3197948 -5266954
-530909 -4370705 -530901 -4370715
-8652171 -5636336 -8652151 -5636350
-6352634 -2634666 -6352618 -2634680
-1864007 -6982179 -1864003 -6982183
1838752 -1125966 1838770 -1125976
2219074 -7328751 2219078 -7328761
606721 -4015436 606725 -4015438
-6427418 1409847 -6427408 1409837
-1805910 -2029925 -1805902 -2029941
-6043303 -1149833 -6043287 -1149847
-9507104 2268809 -9507102 2268799
224733 -7210182 224747 -7210184
-6260324 -7040540 -6260312 -7040552
-8236846 -3820261 -8236840 -3820281
-1110789 -5009107 -1110781 -5009109
-9476555 402281 -9476537 402261
-9091982 -6056011 -9091974 -6056017
-2241480 -42852 -2241460 -42860
-5052915 -3975843 -5052911 -3975855
-8956867 950561 -8956849 950551
-7365090 -25106 -7365074 -25122
-3220056 -8703515 -3220054 -8703533
-4440418 -8468703 -4440406 -8468707
-6607579 -8219162 -6607577 -8219180
-919022 -9417282 -919016 -9417294
-5893892 -7964373 -5893878 -7964383
-4194396 1236255 -4194382 1236249
-6666587 -8867010 -6666585 -8867022
-4137163 -9139837 -4137157 -9139849
-1240395 528558 -1240375 528550
-122504 335102 -122500 335098
-9287392 -8298181 -9287388 -8298197
-1066930 -2204445 -1066924 -2204457
1696104 -5426420 1696112 -5426426
-7860662 2017006 -7860658 2016998
-4096926 1201868 -4096908 1201856
-6251943 -5572340 -6251925 -5572352
-7906414 1504855 -7906394 1504845
-1338867 1869614 -1338859 1869612
-8447114 -556355 -8447112 -556367
-8322347 -4630743 -8322335 -4630763
-3319731 -6649593 -3319725 -6649603
-1323611 -7540887 -1323603 -7540905
1786226 -3194821 1786234 -3194831
-40368 -9254357 -40360 -9254371
1058024 -4475203 1058026 -4475219
