500
-32895 10287105
1 1
-51360 12828640
-78 559922
-32385 10207615
-121278 19638722
-253 959747
-39902 11320098
-8777 5351223
-50721 12749279
-77027 15682973
-29890 9810110
-81809 16158191
-13861 6706139
-20099 8059901
-11628 6148372
-15930 7184070
-73152 15286848
-13202 6546798
-85905 16554095
-37128 10922872
-31374 10048626
-26106 9173894
-55 479945
-11025 5988975
-41041 11478959
-2775 3037225
-120295 19559705
-34979 10605021
-7260 4872740
-16652 7343348
-70876 15049124
-56616 13463384
-2774 3037226
-22155 8457845
-87571 16712429
-94395 17345605
-10731 5909269
-10153 5749847
-26105 9173895
-103284 18136716
-18145 7661855
-32896 10287104
-11935 6228065
-44551 11955449
-80199 15999801
-5885 4394115
-1080 1918920
-94394 17345606
-54614 13225386
-7021 4792979
-75466 15524534
-23870 8776130
-30381 9889619
-22154 8457846
-81810 16158190
-3403 3356597
-31878 10128122
-85078 16474922
-90951 17029049
-57970 13622030
-10730 5909270
-1175 1998825
-9591 5590409
-33411 10366589
-25200 9014800
-14196 6785804
-5459 4234541
-91806 17108194
-30875 9969125
-17019 7422981
-107880 18532120
-88409 16791591
-52650 12987350
-62127 14097873
-69377 14890623
-21735 8378265
-5253 4154747
-10440 5829560
-67896 14732104
0 80000
-4850 3995150
-36584 10843416
-59339 13780661
-62834 14177166
-299 1039701
-79400 15920600
-12880 6467120
-64261 14335739
-96141 17503859
-55278 13304722
-109746 18690254
-11325 6068675
-15931 7184069
-111628 18848372
-59340 13780660
-46359 12193641
-82621 16237379
-2627 2957373
-57969 13622031
-136 719864
-100576 17899424
-73919 15366081
-2484 2877516
-20909 8219091
-6554 4633446
-11934 6228066
-22577 8537423
-77028 15682972
-79401 15920599
-3 159997
-41616 11558384
-989 1839011
-55277 13304723
-61424 14018576
-17390 7502610
-24309 8855691
-102378 18057622
-80200 15999800
-27494 9412506
-666 1519334
-11324 6068676
-17020 7422980
-110685 18769315
-53300 13066700
-36046 10763954
-36045 10763955
-60030 13859970
-70124 14969876
-527 1359473
-1596 2318404
-34980 10605020
-92664 17187336
-108811 18611189
-77815 15762185
-24753 8935247
-14878 6945122
-5252 4154748
-119316 19480684
-6328 4553672
-28441 9571559
-1275 2078725
-45753 12114247
-19305 7900695
-3402 3356598
-121277 19638723
-27966 9492034
-76244 15603756
-3740 3516260
-5049 4074951
-95265 17424735
-66429 14573571
-8256 5191744
-14535 6865465
-42195 11637805
-106030 18373970
-18144 7661856
-405 1199595
-9870 5670130
-33929 10446071
-12879 6467121
-464 1279536
-23435 8696565
-8515 5271485
-4095 3675905
-7259 4872741
-57291 13542709
-52649 12987351
-46360 12193640
-105 639895
-15224 7024776
-12245 6307755
-64979 14415021
-115439 19164561
-105111 18294889
-87570 16712430
-31375 10048625
-13529 6626471
-1378 2158622
-50720 12749280
-75465 15524535
-64260 14335740
-595 1439405
-902 1759098
-72390 15207610
-105110 18294890
-113525 19006475
-99681 17820319
-55945 13384055
-96140 17503860
-100575 17899425
-350 1119650
-13203 6546797
-135 719865
-46971 12273029
-118341 19401659
-48205 12431795
-72389 15207611
-53956 13146044
-9045 5430955
-116403 19243597
-15225 7024775
-23004 8616996
-19701 7980299
-25651 9094349
-53955 13146045
-77814 15762186
-38781 11161219
-67895 14732105
-13860 6706140
-114480 19085520
-67160 14652840
-68635 14811365
0 0
-45752 12114248
-81002 16078998
-112575 18927425
-17391 7502609
-5050 4074950
-106029 18373971
-252 959748
-122265 19717735
-3570 3436430
-1829 2478171
-4655 3915345
-10439 5829561
-70875 15049125
-38780 11161220
-48204 12431796
-1595 2318405
-106952 18453048
-43364 11796636
-27495 9412505
-115440 19164560
-123256 19796744
-6555 4633445
-33410 10366590
-819 1679181
-42777 11717223
-118340 19401660
-2080 2637920
-594 1439406
-66430 14573570
-1485 2238515
-9315 5510685
-85904 16554096
-45150 12034850
-171 799829
-16289 7263711
-71630 15128370
-117370 19322630
-52003 12907997
-62128 14097872
-24752 8935248
-68634 14811366
-3240 3276760
-3741 3516259
-1830 2478170
-10 239990
-29402 9730598
-90100 16949900
-62835 14177165
-36 399964
1 80001
-31877 10128123
-8514 5271486
-43365 11796635
-4277 3755723
-97902 17662098
-3239 3276761
-109745 18690255
-36585 10843415
-4851 3995149
-21321 8298679
-40470 11399530
-20503 8139497
-41040 11478960
-2925 3117075
-21 319979
-30380 9889620
-465 1279535
-110684 18769316
-120294 19559706
-6105 4473895
-93527 17266473
-5670 4314330
-16653 7343347
-406 1199594
-90950 17029050
-17765 7582235
-8255 5191745
-34453 10525547
-1710 2398290
-26565 9253435
-3080 3196920
-49455 12590545
-27027 9332973
-97020 17582980
-23005 8616995
-52002 12907998
-210 879790
-73920 15366080
-47585 12352415
-101475 17978525
-106953 18453047
-98790 17741210
-4465 3835535
-6785 4713215
-2926 3117074
-65702 14494298
-528 1359472
-3915 3596085
-82620 16237380
-85077 16474923
-35 399965
-29889 9810111
-114481 19085519
-53301 13066699
-7749 5032251
-108810 18611190
-28919 9651081
-7502 4952498
-104 639896
-820 1679180
-1377 2158623
-14877 6945123
-351 1119649
-58653 13701347
-5886 4394114
-12560 6387440
-1081 1918919
-71631 15128369
-990 1839010
-16290 7263710
-18528 7741472
-11627 6148373
-20100 8059900
-102377 18057623
-76245 15603755
-2346 2797654
-209 879791
-42194 11637806
-50086 12669914
-15575 7104425
-51359 12828641
-30876 9969124
-48828 12511172
-81003 16078997
-63546 14256454
-93528 17266472
-27965 9492035
-74690 15445310
-47586 12352414
-41615 11558385
-18914 7821086
-42778 11717222
-1711 2398289
-116402 19243598
-6104 4473896
-19700 7980300
-8778 5351222
-39339 11240661
-70125 14969875
-54615 13225385
-10152 5749848
-14534 6865466
-69378 14890622
-20910 8219090
-2345 2797655
-49454 12590546
-104195 18215805
-60031 13859969
-740 1599260
-43955 11876045
-18915 7821085
-83435 16316565
-34452 10525548
-5671 4314329
-117369 19322631
-4656 3915344
-107879 18532121
-2211 2717789
-23871 8776129
-6327 4553673
-5460 4234540
-22578 8537422
-26564 9253436
-24310 8855690
-38226 11081774
-19306 7900694
-74691 15445309
-86735 16633265
-29403 9730597
-25199 9014801
-12246 6307754
-101474 17978526
-9044 5430956
-45149 12034851
-4464 3835536
-92665 17187335
-50085 12669915
-97903 17662097
-123255 19796745
-98789 17741211
-67161 14652839
-7503 4952497
-61425 14018575
-90099 16949901
-7750 5032250
-86736 16633264
-1952 2558048
-99680 17820320
-17766 7582234
-37675 11002325
-88410 16791590
-15576 7104424
-40469 11399531
-18527 7741473
-111627 18848373
-77 559923
-64980 14415020
-97019 17582981
-55944 13384056
-44550 11955450
-33930 10446070
-2079 2637921
-60726 13939274
-21736 8378264
-63545 14256455
-1176 1998824
-43956 11876044
-9 239991
-122264 19717736
-4278 3755722
-37674 11002326
-78606 15841394
-2 159998
-39903 11320097
-60725 13939275
-9316 5510684
-1484 2238516
-20 319980
-32384 10207616
-58652 13701348
-9590 5590410
-1953 2558047
-103285 18136715
-35511 10684489
-73153 15286847
-28440 9571560
-37127 10922873
-46970 12273030
-741 1599259
-113526 19006474
-12561 6387439
-56615 13463385
-23436 8696564
-11026 5988974
-25650 9094350
-3081 3196919
-170 799830
-48827 12511173
-39340 11240660
-13530 6626470
-2485 2877515
-119315 19480685
-7020 4792980
-38225 11081775
-1274 2078726
-2210 2717790
-21320 8298680
-89252 16870748
-57290 13542710
-8000 5112000
-91805 17108195
-2628 2957372
-8001 5111999
-54 479946
-83436 16316564
-3916 3596084
-20502 8139498
-78605 15841395
-903 1759097
-28920 9651080
-6786 4713214
-300 1039700
-665 1519335
-112574 18927426
-84254 16395746
-14195 6785805
-84255 16395745
-65703 14494297
-27028 9332972
-9869 5670131
-104196 18215804
-89253 16870747
-3569 3436431
-4094 3675906
-95266 17424734
-35510 10684490
