1000
2073 1092
332 5277
8211 6651
8623 9232
896 7500
2989 4169
5410 6933
14 2617
7342 9492
3885 7257
2913 9282
257 9963
5792 9824
6755 2711
8023 3780
346 6947
9480 1966
1597 8530
4178 3230
2552 1611
9351 4570
401 1386
6008 3023
7634 9029
8290 9550
1948 6900
5477 8941
3138 3788
3568 5573
1820 3925
6872 224
6622 2152
3830 5511
8305 2869
9522 9694
9007 4766
6118 861
9915 4967
7836 5921
505 181
909 210
9167 6139
5283 7626
1495 2717
2800 3344
614 2457
2676 5937
4542 1415
1200 7165
4279 3742
3961 2417
6658 2416
6659 4257
4939 8080
6419 9713
4701 9569
9729 5177
7187 5796
8273 4659
8255 3102
9803 6729
2159 2127
2069 4664
4675 5232
237 2700
6687 2021
7396 7844
9098 3312
1438 7495
3283 1536
3557 9798
2836 5334
3847 112
1300 2938
852 5753
623 2711
3664 6037
2978 934
1302 9874
3520 4104
9987 7312
9453 7946
5921 1468
6997 482
210 5420
7390 4924
234 6134
8838 778
4603 9227
3318 7925
7933 5078
9121 8379
7391 1584
9292 9111
2479 3794
4606 3578
8636 7922
854 3577
9735 1498
1258 1781
7565 1768
6807 9820
3045 2314
1513 5413
534 8125
3841 5802
6376 7908
2249 2548
5631 3408
1725 498
8725 7198
6734 5343
785 6152
9891 505
34 7494
7019 9566
4982 3097
4299 7630
4080 8511
2734 4438
1922 9322
1570 266
7256 3002
5967 7147
4407 5792
135 2134
7438 2200
7487 5760
7800 7474
1884 8188
2160 9820
7721 1421
9314 7689
1629 2931
8263 2233
9983 1376
1152 7370
665 7452
4724 6237
7098 4757
7904 4538
8030 6442
6565 3686
9431 7642
9039 7465
6240 1035
2261 1158
4145 5767
7478 3862
4862 3120
439 6343
7748 3756
4486 6097
7428 7900
7859 6851
2339 6620
6267 2178
8414 3295
7651 7565
6670 4693
991 2392
2294 3294
3717 5677
6683 5767
5479 241
6455 8883
6877 6845
4391 5746
10 7706
7956 1180
7454 4971
5851 9220
4713 8037
1041 5464
1688 6694
1178 814
6449 335
8856 7850
9899 4394
7560 2766
1203 9325
8767 7073
3009 5463
594 2571
1941 9037
9937 2179
9510 2651
2340 5363
9305 1842
4811 8358
293 2110
2608 7448
3102 6264
1085 6810
4683 8958
898 6326
1619 7594
1829 6999
1047 4003
6717 129
1465 7964
2148 3820
5579 5125
7946 4863
7202 85
9967 5667
5109 8908
5932 8702
6604 97
4114 9278
8090 8586
978 1611
5212 6865
2184 1526
7388 2881
7662 6994
4470 3209
3527 5444
3820 1588
5812 5218
5897 9905
8702 7336
4192 564
4463 7595
5264 3550
2288 3808
8858 271
6269 232
6200 1333
8694 3154
8309 701
1889 6396
4245 6965
3980 5728
5247 7009
1731 302
6869 5995
5863 9038
8048 6991
6114 3552
8005 5499
3203 7748
757 6919
4289 9981
7291 1425
185 2109
9917 5347
5550 5968
6145 5497
1387 9842
3753 5149
2098 1095
4483 5859
3894 897
3092 1483
4085 127
2307 2350
6690 8112
9172 7960
1368 8376
7481 4125
4063 3387
8747 2257
5678 2835
4829 3531
1126 1279
5192 6619
543 184
6602 2523
6592 8569
3278 8523
9010 249
526 1654
7834 2493
8471 8865
3618 8873
6353 2256
6873 8136
1697 7675
6057 5490
1383 951
5774 7051
2759 4770
5421 9129
1473 5975
5901 3737
503 3231
5549 499
3169 2086
4846 9331
8411 5848
1564 7038
501 6809
8389 650
4601 8607
8679 4920
9671 2860
4678 6913
8221 5719
7441 6230
1121 9640
8034 7762
9222 4599
8443 3909
3972 1283
7383 8542
7905 1257
4046 1317
3651 6225
9811 5372
967 9314
4830 5460
8010 8833
5995 8096
75 4698
9777 4287
2878 8794
412 6995
990 1011
1936 1638
465 1633
1282 1875
772 381
3388 5314
8360 5809
8420 5053
5268 5645
2124 1700
7941 9202
9099 3045
1680 4035
7244 8463
2700 3383
884 7441
2518 5352
568 5362
9940 1864
8754 9979
7344 2227
2044 536
6902 7457
3457 3411
4652 6616
7077 4937
3659 4499
9231 2675
3693 2126
866 3850
7545 9581
5798 6432
9707 9830
5914 3870
1165 1837
551 4103
1208 7760
9646 384
8959 7662
2727 5771
6540 9071
4188 5010
301 3546
751 1148
9774 8422
8616 5450
8401 5747
138 3011
4359 4183
834 1244
9529 5466
5529 7261
9662 8815
6224 9873
6238 3407
8894 1779
1706 7100
8132 7390
422 8713
1217 8626
5465 5120
415 5389
24 9686
3172 5467
1650 1501
5068 7805
3176 2279
5559 2865
1170 9048
6167 6071
7490 8038
4155 9511
7070 4177
5768 6460
6260 6245
6108 9690
9063 3233
8502 4581
8178 7104
9617 8080
5265 8837
8149 4899
994 2322
7209 4145
8164 1349
2432 5596
9327 174
6166 9926
6025 764
5603 9921
3609 2415
7507 309
1845 5636
1666 8475
4572 9979
8526 4157
5332 4170
4980 3035
7050 4109
2395 5956
350 8261
8787 6313
6848 9106
5269 5740
507 4301
3497 179
8474 1880
5498 9725
7442 8959
8794 831
5314 8141
3498 8061
7685 8132
62 6795
9216 5900
6137 8462
7988 8659
6801 4168
8361 2128
4387 6154
5830 4780
5615 1360
6883 9581
1370 967
4597 2161
4287 8293
5619 7077
2237 9536
4541 7068
532 4681
2714 9338
7360 7362
6425 5819
8452 2966
5964 4838
7208 5905
3670 1103
480 7524
7409 6926
4508 3057
3578 8052
2144 8910
996 5748
9364 2809
142 2832
409 3493
2546 6622
5911 1907
9791 4510
7239 5985
5594 4624
5592 9162
9694 2443
2597 3010
8960 7959
7101 3134
7198 7933
5464 3488
3371 7349
1289 3589
2733 4853
4369 796
1631 7833
5977 9312
3126 903
8699 6090
9037 3381
8042 8425
1994 3173
1539 4107
7700 4646
7867 125
766 1791
5988 9650
6009 8886
3361 621
5113 1606
1603 8988
3563 4161
5097 5920
6040 6120
7043 1462
3140 6678
4845 904
971 9790
3069 4708
7189 1675
5462 9226
3396 9794
5236 4317
5177 2691
608 9072
5334 1774
6289 110
2255 93
8091 3001
6643 6260
3148 1521
7525 6935
974 426
5543 4924
9494 1054
4902 754
4417 703
981 3313
7587 1087
1128 6071
6502 1693
6582 5299
8246 9974
9721 4140
3305 9688
2909 7169
3218 9329
6332 1946
5835 9857
8860 9134
592 1483
6880 4838
7371 1345
4667 1381
5470 2586
622 87
918 4454
7882 4272
2741 5141
4216 5199
4761 9408
162 135
2802 7932
3727 2494
9249 1805
7191 3095
3141 952
7054 379
6109 3000
228 1743
6679 2476
2884 7530
4935 4024
4334 4013
1510 4194
6221 3588
1261 160
7241 6104
7751 8057
5824 286
7577 1017
2251 9639
9923 4382
1676 2383
7650 8471
5972 4162
8505 5474
7357 6292
5722 7703
2129 2819
6524 3667
9323 5044
4861 4151
2672 5064
6590 69
3606 2180
2660 8766
4348 1689
8120 6201
9422 3379
8642 6871
9765 5809
77 7096
9598 7089
7436 8108
3740 2946
7071 8870
5159 6644
5639 9457
516 8851
4695 5112
617 7394
6573 230
8066 8908
8901 5000
5793 5098
8436 4022
4955 1906
955 1875
8842 6530
9124 3909
6748 9972
475 4018
3522 8081
3146 8594
457 5837
268 4659
1767 5580
5997 356
572 1368
4640 1874
9595 8951
8304 1275
7819 2481
289 7216
3925 7858
4465 2900
1633 167
9518 9028
2651 2470
9517 3605
2569 7119
7673 2153
3262 7883
5874 3290
5378 9755
4746 8681
1700 9645
6899 9411
2514 6877
3603 6858
7940 8313
2936 6488
2444 2364
15 4816
6344 5040
1307 4976
6159 4925
6367 1001
9663 2057
1566 9189
1265 3027
1270 1069
6766 2447
3340 752
7880 8057
3631 7567
7516 1977
2468 6697
5207 8299
9226 5578
1542 5484
5680 1185
5253 5843
4030 622
4164 9135
4492 2938
8002 1072
2440 3425
780 4764
9737 3669
9152 723
3043 1147
6157 9085
5222 1543
2107 530
4769 9244
4022 5983
380 9942
1996 4205
5538 4180
4879 222
6182 1556
9471 5907
8369 7989
4591 1459
1084 1975
1604 6418
5813 9198
5544 8873
6054 5444
903 9251
597 9884
2667 3848
251 4088
1022 9969
947 7093
9120 8058
8973 3302
2634 5983
1202 7826
6264 1044
4906 9387
1186 1868
367 4246
1772 703
9477 448
9215 9631
6768 7655
1912 161
3263 4446
9514 3651
2934 437
4586 7488
4032 4399
5052 7554
895 1560
8669 7747
848 2334
381 1810
8085 4011
7985 7142
6155 4511
5303 9674
8666 5966
6756 2918
3927 7331
1184 473
491 6026
6052 6408
1456 4426
822 1745
1443 9059
7001 2594
8350 1340
3150 7004
7456 5016
7528 9117
8608 3339
7575 5885
379 3429
5200 7885
8644 9495
3130 4041
6948 5892
4985 949
8862 8124
51 915
8325 2897
191 1850
3648 8642
3331 5207
707 6000
6864 8269
9274 9675
4126 4819
4670 1316
3832 1195
8646 1524
581 3340
8591 7554
1326 6466
7287 6547
1222 7207
6234 9633
5110 4945
7610 8622
2202 607
7164 8168
6341 9650
2029 97
6125 6825
6802 2164
340 6253
430 4335
1377 4983
178 5987
7938 4913
7349 5360
1248 2952
7102 819
8117 5544
3450 8058
4812 152
6095 9370
9990 4554
2408 6424
1695 9116
9177 2227
9881 5236
6010 5471
8512 8767
1432 8093
6300 7427
1172 2787
5647 5423
5892 3464
7661 9418
2153 5489
4170 3446
5783 8965
7162 7995
3184 4069
7088 6379
1598 2306
1440 7892
2898 2284
8473 6739
1480 848
6474 3488
620 7192
3786 7002
7434 681
297 395
4778 5750
9942 9877
65 7220
322 3001
5555 8033
8590 6406
1526 712
302 9890
2929 5628
8094 5856
7330 4053
9271 1363
4785 4907
9732 7131
1352 8940
5663 7494
7193 5810
3466 6287
9520 9513
7424 616
8597 9345
8146 1852
1653 1198
1817 7970
4529 7119
9395 1686
5202 7541
5456 2250
8708 6049
5016 2869
7083 7544
8123 1453
4869 3971
1241 3285
1621 2361
3227 7039
3576 4048
2652 6138
9804 866
8396 1684
2329 4896
846 2532
3288 98
2885 7698
6011 8032
9272 3204
5576 4046
6448 423
4953 3728
124 1804
2057 7446
6640 6173
6394 4168
7950 3777
2332 9182
7084 6187
8818 8650
671 9409
5769 3441
2574 6689
6723 4806
8057 7588
5266 6412
6480 798
4273 8102
767 8603
4825 7827
7350 9412
2868 7526
2620 8358
8479 8127
6587 9838
5383 3133
6023 7518
9075 9233
7519 1680
8441 6832
7887 392
4534 7677
6906 1042
2368 7768
47 1487
1386 5576
6974 7060
1488 3763
458 7713
7764 9625
331 6701
5199 9561
4888 7425
6737 1027
9066 1352
636 9819
3315 6398
9235 2262
6381 1745
5276 388
652 5701
7232 258
4726 6050
6763 5682
8394 7728
9268 1818
3235 6780
3344 356
5244 7219
3152 5961
2361 6064
1749 4397
3783 9956
3157 8980
7857 2991
2778 865
6477 1815
4462 8002
3678 8586
3423 1979
9644 1398
7250 7325
6347 4217
3018 5895
2192 5026
7838 4140
8503 7489
660 8088
7403 2782
6871 9938
2576 5536
5051 5144
6250 8025
8191 4289
7459 9967
1848 2605
9664 4971
3353 2823
5505 2590
6195 5273
4071 3960
126 4008
6578 7935
9877 6336
5045 986
4979 2794
9992 5686
5450 7267
8584 5208
9331 7275
552 2804
6016 314
3057 9089
437 205
3509 4021
2033 7322
8112 2835
3732 3751
7961 8541
4631 4794
9437 7949
4156 7189
7515 6989
8349 3542
8201 6178
3672 2028
8033 2541
5407 7027
5634 2410
4728 4930
4307 8555
8158 6732
2891 9824
6743 9229
3953 9129
6141 2855
1786 7616
7852 358
5135 4408
7366 6855
6445 6240
222 5687
8481 7629
4894 2091
1550 5713
2392 6518
1093 6055
2880 2075
8126 6731
372 1252
2443 7886
7003 4176
2945 5792
4447 4610
