500
885666510 734983986
-424293612 -179088282
414788592 -811721478
134096724 -375895327
-239903682 638504694
651283895 864304452
741572139 541230302
751551430 -285821361
-85101937 -235358123
604569542 -867495884
945209378 843821446
168932339 246525510
-180380485 -635861138
-122745084 -5862131
-468316395 -632865633
-814564406 -525556669
-278095925 49798869
337084776 235002066
498182851 59041794
-62304718 970956949
701071225 667103868
-815502544 -982825800
560263477 -105551134
527792488 -357425220
-667407597 649024919
-285598399 14803333
39182703 -554243187
-691151261 -457595971
198476001 257592160
666463549 -935649810
285542390 339366728
-335058778 -268665665
-159095079 -458743466
-113052527 948795961
939339660 637768558
716356673 443425690
-347144926 -381835596
913213750 838790957
-308717293 -7465736
418592123 -342118827
273405311 496877434
167027214 -152898018
-94935017 368620430
-522569309 -195582696
-814893807 462108399
-258843237 -779168997
-981191720 233730824
-198922049 929959859
-425719234 -120252016
378368733 -236176196
496429082 239452638
471634720 -319659272
-788712111 -17805875
497550211 792176187
374657189 713487419
-394329439 -788408561
501332377 116984415
846241353 -695070745
-691013099 243527113
-62540812 603829400
685288084 297769959
528424446 -992992586
-740631892 598679887
956752233 -820924600
486672124 573861732
366705796 357296164
573624218 -992230497
-531540314 -281255231
-37458163 615117025
-331408146 -588135450
439310449 763503794
-620184545 508375462
-16271571 -14023401
-972973065 -230085107
-730206675 440497362
149590915 278078196
845577616 182254305
954573038 57888764
207432038 -226148198
-642802810 80415402
-544279274 -791633891
187056203 554792419
-166889784 -255866338
915576635 732714510
422763038 -518015464
-601386951 -836207224
-927971338 986980798
-434834352 469030482
98161528 268660448
-225922883 710653165
438892142 934464557
276556300 -410027868
227114385 -17879332
178139528 -666570887
640872625 -383434592
239592867 -10281168
-468305739 178296693
280027449 260396689
561952108 877483968
-690771995 191597206
-616813276 364189266
-754604777 -46795035
-615724219 -691692647
-365553443 342877541
-679306782 952669438
741365277 519274443
-510147826 309677607
-385238912 982305684
-427448037 -29512989
-600703099 -506117716
467232900 911858714
-108691743 284078089
307717732 470851916
-231054186 190216457
682251090 -464468491
-281075587 450891474
-373894479 620497116
178296819 -504641493
-78343269 885221103
387816580 677854047
276726197 560547524
811047254 -958369113
792827768 642829787
-177149795 302946709
-890350936 -522930757
108908350 -475867008
-14579023 -937451016
-796750123 -921123682
-568949903 573890309
18544641 559620326
-24502844 -126891134
8918729 860757814
313882477 691414780
-752017154 -688952600
541170091 -769943504
-35750625 -742668276
-791772812 535904313
-739264599 -277321364
-748233879 516410312
897331640 802386127
99138939 -712136351
-278331856 -686133883
944453442 961526785
-942159147 -556644674
-344263233 -349026979
-842174440 689904425
660880502 917617535
-764081645 178171350
618157114 537818980
942914153 -62571514
722216271 688540735
-360269599 347189986
-624087429 242445704
722915869 376680022
-180281293 -271593990
-181905977 -683056508
631156182 761849844
-455481784 -71149744
-310496903 504863792
-994248722 269975363
147796475 -796810700
-86972207 553677202
-554161935 -262957612
717017961 -568972222
-951113092 -132242947
-788150238 588234919
33850281 -641157465
-802895978 175531826
-148258815 543375632
341754015 757716976
-433125592 759163458
695838932 -4309081
-607826378 873484033
850382878 532220440
782846191 329560884
-787171576 -517956010
-586326516 -168294564
-856751983 -675803089
-675428329 811155961
-560312437 361429168
-78172967 -56631207
-560104801 781656850
682475829 -360820997
-67872990 -870129827
-383408336 -300900488
803646983 -939757685
-897816418 -345380714
-191827139 681707258
-109584906 -778046435
-392303394 -141953942
-977574441 -246567546
546512987 -547886490
-724009389 512031875
690376655 165930250
-920769802 -266373408
-825711966 -317893373
852286968 234797603
-105638245 67489910
43078375 656086944
136923523 -92692182
145586048 577488046
-726108950 -118889777
989030890 -410648696
48585711 611472508
-613961445 -957629709
795749820 -70420218
460905570 102954239
-561661984 -951070284
-245585808 -658360669
823573504 -550581368
-701456683 675577234
327104660 612922376
743558256 -691046061
-497418715 -199652288
-158305768 -604238471
347644368 -386967754
-305637222 974552799
739443928 -864108178
56374523 -570261805
130750375 -800575278
447176912 408630050
29214333 -61680456
75612650 150227480
-578068298 435694483
-377484032 -879420447
887965400 -782197599
913755094 524298447
-501122614 803343921
196804271 401785474
597726650 -759817805
732594521 727285382
121124874 63442720
600593717 856698718
-599481716 103534764
-906711792 911358566
588283078 -721826571
-182428760 347937913
-364553935 -422061617
-416545805 603932520
265430032 -82398221
-924088561 -674268184
-260040392 -172257463
-986964476 -726322319
-488501448 -101134090
-456948101 -637040592
88429386 804696225
-373828973 243941164
775679845 -560311610
-45245410 -78640351
639374006 -133373258
-504734970 659498022
-117126982 -695257383
-122487435 879727869
-745939635 -692044284
-235133065 9811491
-324241505 -898050278
-518728378 13656127
10352944 -77073362
904832491 766905660
-715556651 -864378428
-410897353 912127579
-563621143 144614040
142522197 -16647746
59668274 -493295505
438196063 -433446337
-917463837 63498363
177756349 -761260093
-929278054 679675262
-373454353 17415839
-338730388 328191303
-335696797 901712426
662330255 341458588
926288178 -984639579
937143275 -161372300
554824469 778794394
43173211 -640546621
-272426753 -365738889
-796513817 -270416389
-659594987 628639497
832271265 -10662171
956504664 -492083990
-812326725 176546722
-57088835 325073099
-782869704 -374878398
-571352643 674596271
-338298764 228020171
-243653025 577698906
-339396444 -56961106
549965441 662195003
-514985247 -291758210
-885198005 827590819
556067408 123418144
-635578278 -212817582
-975312326 279841671
333861795 -575309648
-578257287 91082605
755524473 -19249846
-499077779 -916892060
421626878 -927049294
-190285115 -702387185
784249262 -585764622
-963090253 -450197357
-53895830 530921880
396566974 -453059162
-294336022 829261796
-968015045 10257898
-801189207 353490417
-132929083 196523140
786854295 -257418111
-818773934 -434860707
395108520 426398870
-263106760 -160433997
960936147 -330507628
970676016 -679239937
837431845 -499589804
-971841652 -147807235
963258455 830209750
545593966 40948693
369162074 -33848151
-935770877 -342629387
876975507 -834100258
-740937605 -574987214
297723460 -250935989
-46572302 2252377
610933371 457237317
-81924952 938457485
483358971 -745108378
286210374 813654366
243127359 880162630
-305969269 -349810043
341366652 -252089457
-706146025 -939457765
685087940 574079346
412480051 -703490421
162262783 516110554
134667942 411605958
860287942 75155027
-136852198 -863697404
-61323125 621895922
468937209 -726492020
212960119 -116305046
-951540863 901441200
-962231532 477178543
598171448 860338198
143058257 620745761
715056719 709880289
-704345013 585523657
-868211169 -203962976
100484705 -98286547
-253607913 -54473635
858347542 200771758
-124549292 -160690046
-267551275 -246383318
418385739 314486920
-455304477 -602435112
-49801723 -572500714
-270905774 333722557
600324439 607961990
-963717209 -355732089
-205217726 666057541
-979083062 638865881
-319523118 -164963941
17115101 -422188371
-86851494 360529455
-587224292 921319910
-221953216 -606752032
-574421002 875660712
185013106 523202712
635125784 -526268895
-865694446 423618605
627906978 -879355115
-776479855 730208229
-301182258 -909367056
-662185393 437326057
340493887 630802844
115856514 -723737632
197179351 656427016
-783388553 714708184
-655825632 -723539843
-12824693 576218773
657306849 969353381
148199645 316880086
960721381 -865608691
-86993901 -344861177
-111959765 705066331
450173137 867216607
545999916 -950649078
-428981785 457221511
882352427 171447866
-67437207 187984416
131379284 325266868
-156990437 -416997297
182367263 -251921553
-633874242 -460106903
-285555933 -500052135
-571080103 182378032
391177814 -645261865
-896829935 -751778854
-197902189 -819675258
762108400 -217297153
72018753 -207588486
-922441392 711817089
-724262468 -362569590
-663569480 -575894285
460951234 -105558456
-286145587 971779193
-563182862 -143221190
-496354250 -190938788
-643678041 998127597
354737744 296617836
-247269611 927456223
164956909 -346719774
569795961 786471099
60769880 -996479356
734003407 17762682
540622803 -535828813
581064485 699889292
-78730889 588691354
-712771352 830163151
-472175050 -119826376
162025486 460559982
49384540 527404604
-460725957 835177283
-991824365 -964134450
-764310459 -75425089
-649157454 -46319623
533485132 -290316621
101392737 -783191957
965368631 181344445
246117839 -398607713
864547064 630356053
681968255 -116477950
680448717 44319736
-954235287 -256210592
-957982512 593480370
168543879 -176313703
-755669910 -973754866
-240264532 754534641
949597588 -80352483
414196230 406774457
670460286 -128495303
926709463 993000669
-457753671 178952706
-458370080 369672246
-664527798 -107177571
-685439937 647448744
-927114638 -830051887
848548070 345094837
910322092 -711366845
-76566715 -897399637
143549933 250010490
-942330839 892807454
-202875476 -395351603
278335611 -915983722
546468176 250737230
-832090362 333842364
-173693756 -330334569
-290394144 190839542
703948532 65960947
623899623 -374238329
556878954 814128844
-911918865 -419040101
-280947296 943527633
-767773856 578594552
-377753418 305617100
358035325 -405214602
-135320358 -48371859
-125370342 -52794083
830974332 -272744603
910013965 -597948868
205055650 41860015
97384559 -500673123
645434894 597112385
-480028410 675548545
574196485 -91729283
-164569652 -423643212
-360307866 -49900635
969524540 556256997
248738535 -542971085
-550869663 633891392
379714956 -230377939
374668490 -409993806
-514548326 763124225
-467852304 -369478609
-453114446 324827949
265673926 610042762
111588016 614743111
-291148608 133596116
-703909053 -677239751
984264460 74455672
738558690 738620921
188322505 -238071091
827818990 825389611
-895109899 114548778
164695357 287770932
-149303866 -418191643
-25759216 296390508
411754164 -859065552
-896682528 127680474
-766353448 603318717
