500
530 361
453 655
155 825
842 625
397 785
968 61
136 100
709 970
383 56
981 947
431 141
693 434
936 618
304 722
831 52
603 83
648 994
39 755
440 583
721 998
43 242
990 277
285 64
243 785
55 649
714 611
737 276
178 952
98 678
940 913
284 379
129 111
266 196
473 872
742 640
850 4
294 79
765 372
866 417
836 538
783 491
356 458
37 716
516 579
889 36
172 10
289 875
479 252
815 291
953 740
70 740
124 348
420 559
436 962
119 656
116 506
393 723
250 756
123 310
457 956
77 63
509 585
496 51
586 386
660 603
268 352
766 264
118 157
840 961
921 116
861 976
394 422
745 222
965 701
893 270
950 752
295 673
271 773
651 883
967 610
937 733
691 35
531 79
107 647
817 741
99 354
287 544
499 998
128 149
541 47
451 237
126 906
585 869
303 222
445 681
209 333
964 586
591 399
525 715
226 589
892 597
416 65
973 244
939 839
163 117
81 304
302 289
917 157
482 612
657 256
683 75
613 652
51 666
421 39
234 419
26 748
396 904
372 400
814 115
359 37
329 279
732 392
68 789
175 24
753 75
631 27
769 483
848 193
537 767
548 181
340 713
144 840
506 665
413 946
466 824
775 615
763 77
388 473
938 425
570 56
793 845
171 452
795 769
846 66
337 187
782 192
35 326
941 906
847 491
310 988
174 483
513 26
109 277
639 147
703 184
521 897
810 15
127 810
222 348
905 549
390 183
565 862
865 105
668 734
636 804
342 342
121 852
404 915
559 360
53 636
131 343
414 926
700 894
229 274
919 909
218 582
485 484
522 734
182 421
533 965
735 486
190 920
177 194
523 632
253 690
925 154
837 570
797 715
507 506
101 551
606 942
526 307
832 340
740 29
424 683
418 466
744 790
796 790
94 449
153 543
87 524
236 375
41 826
195 905
213 475
184 891
187 934
219 181
884 981
402 123
133 577
267 10
92 766
233 727
334 861
787 271
705 545
296 421
196 443
970 319
6 648
584 532
97 71
64 620
248 830
655 478
821 209
826 411
24 575
459 549
417 489
511 626
566 902
640 872
391 218
339 435
546 750
5 763
293 949
483 942
366 597
743 541
315 387
283 484
569 159
357 971
403 49
422 792
200 700
72 125
148 623
647 94
862 1
704 971
19 990
785 252
492 533
984 297
191 105
500 119
490 275
151 878
21 368
989 818
587 535
368 498
476 269
117 540
505 993
374 769
478 215
608 489
387 948
145 25
447 917
399 884
135 448
798 747
576 832
908 476
106 525
364 138
534 982
781 122
114 148
260 464
206 155
677 174
12 578
882 118
306 1000
592 673
488 282
183 424
320 14
983 323
197 380
36 403
361 48
85 775
604 192
83 916
180 539
933 873
733 527
855 228
903 445
670 995
642 84
680 475
807 581
412 490
910 123
935 652
863 116
593 245
341 662
448 493
231 246
111 339
454 173
44 424
902 215
40 636
906 139
975 658
748 929
780 268
575 735
378 829
873 532
857 753
727 368
23 1000
142 119
804 426
346 290
401 572
552 726
514 696
650 241
270 292
728 553
881 683
255 140
245 312
380 205
225 618
312 449
913 726
618 29
706 838
282 910
377 229
808 787
696 936
689 442
816 836
348 913
671 672
405 944
799 339
527 557
924 888
654 458
331 408
290 468
324 318
927 519
870 48
708 982
645 538
317 871
594 728
980 803
547 957
273 30
774 753
856 151
549 30
167 968
839 548
617 842
789 684
543 452
130 757
318 469
194 884
907 377
355 112
900 294
344 327
802 387
215 361
385 171
428 598
411 229
140 39
169 54
949 803
971 572
656 254
539 560
962 251
291 761
750 343
335 663
875 239
653 51
623 813
277 441
909 106
843 546
845 575
564 136
803 762
326 988
60 371
438 708
217 93
911 981
354 827
301 895
262 886
880 241
66 752
0 791
288 78
945 396
544 377
52 821
791 83
887 345
186 815
458 793
29 570
386 193
25 696
627 587
469 996
33 125
263 290
524 141
17 168
472 405
644 648
674 412
760 245
998 120
891 69
321 197
232 430
985 67
773 311
281 686
731 628
406 531
193 528
825 699
550 478
309 657
806 724
450 545
878 808
916 59
112 350
932 86
481 247
518 480
138 488
977 677
84 605
382 412
3 292
7 825
896 687
609 934
638 20
738 434
790 528
86 594
853 494
918 771
279 809
157 724
495 868
819 800
398 21
553 459
432 357
716 148
772 699
34 562
120 486
202 497
10 26
203 274
501 824
327 626
827 562
