1000
3
54113854 17504812 85524967 295045887
482737278 529821270 404283983 637440378
3
376506429 353425976 288470772 396239708
96145310 43986238 31824315 179443785
3
358058487 394061955 76839487 816586706
787992357 584885046 854961786 1000000007
2
457970062 199889346 414911992 1000000007
903111156 857518258 605225609 909872131
2
541068678 522261826 38246588 608655050
648510883 290663870 304954775 818467211
1
117894264 639962656 351307515 776574220
374229502 225842956 74857163 646537631
1
574836574 661536880 836402001 1000000007
296559 576483650 28042052 628075130
4
119405342 39238279 61016572 194350367
344901755 151749053 112182381 968722096
2
128547688 637891299 543048618 810890657
477232797 660565089 560798195 699383107
3
221306847 495418456 737477202 761603739
232487568 689003211 899991827 1000000007
4
24300437 747279134 896702215 999375892
684261890 247533988 642540573 721174115
2
372534371 252118652 233009141 378414092
470525827 857219876 644006150 1000000007
2
613734652 395706441 452005565 1000000007
536997 83645916 241824240 378261880
2
737666191 530092274 848021644 1000000007
819076099 493160094 114613907 955220119
2
270229195 66122547 123067990 546708784
57555551 20003834 97493845 107455497
4
387715054 521584144 760934735 1000000007
513817777 416178240 164805447 757194508
1
486254976 603391905 825351909 868448753
397653025 192312217 820437201 932772766
2
325808955 432070046 649663330 738527625
557880606 119871694 452346805 879647384
4
869858087 104271611 832646007 980684747
73850975 154174876 66100373 846331275
1
429989213 641358004 593907473 732388628
768893806 476621854 271044507 939257545
2
364942167 340611443 137876823 608514766
517964127 268659228 338637563 643703777
3
45311847 10458820 122435757 572206744
90471304 147863121 89806671 207798065
4
166394477 314809994 233093665 496314762
122008431 26023382 257480665 733546967
2
65292330 413497678 451617442 607778609
229351963 125168818 487875252 817900627
2
330467971 542856120 274731622 661950459
7049379 441776103 297980372 857168686
4
282751802 467170648 756910395 988942377
801023707 445864322 879647020 901077290
3
386992193 525382270 397410621 635614296
524954876 361066421 347792697 628785597
2
470182578 196767966 660907811 834472135
78532653 282823420 871844161 910998969
1
599601970 267793742 810495904 927819287
303357580 579678727 557986281 961835151
3
123677065 293031200 495285909 571962109
290410238 514348444 741257063 856001660
2
12370927 6961984 127212185 494567934
212700803 419337544 516138963 828721617
2
273707292 260095840 68227701 506075876
583310008 41200180 416070890 921333077
1
222023536 583964171 688015480 886651829
377214175 279849815 965846202 984456034
2
414206058 461630768 320101974 906273272
739150801 746483872 703411122 758060229
1
46491197 188505613 332925048 337603228
419644394 804097242 792398794 969007709
1
535737935 521808609 308915370 773556594
9795581 558513150 726728326 1000000007
4
572547675 200444933 285862920 628916741
634073157 64352008 478383596 979680330
2
806552268 272879257 601855675 860892588
74477555 837617322 642745253 962007996
4
463084352 719521154 356374126 1000000007
572973957 815136457 278924962 887499502
3
597878653 197195085 452348075 725683631
434897604 686368326 692242605 750159477
4
254352353 611791666 72340194 888240493
214477616 285803238 13036951 313608930
4
760524588 249640140 864537247 873641392
416541684 755331436 311619935 985169867
4
279145286 172887616 254749479 848632697
323067635 507145032 273917080 525248744
1
406626321 888348184 594115982 1000000007
709382959 150156307 289207400 844544669
2
721281403 571926663 366016022 771140993
109488287 373821214 69937847 595558184
4
98386546 167541303 629896001 686468189
567171351 380123501 468702866 612797246
2
8057699 652694721 645943016 653483319
493439279 411389343 177268663 516201235
1
278015422 638482382 202432068 877192404
195796825 590781458 548464492 1000000007
3
241985743 203651666 284764869 638873917
623351476 440462370 702089660 813375215
4
639218612 227183997 791747055 949335423
980514960 694560968 787818497 1000000007
2
292508464 24824771 398962493 405863115
189605746 433690303 654530312 673646345
3
177025539 68171572 225591880 691164576
868887409 48434297 459665190 937799387
2
210295128 196380945 412231827 750475068
179711925 161360519 438974292 568192006
3
123360010 286595382 54359884 821643863
881870435 555886811 78843012 896352312
4
438795637 34996438 866740970 983716609
609012803 752259434 222032799 905949336
1
775004615 683178929 94276752 885142093
545797437 722145661 195034558 968049524
1
331692258 159266436 517531471 974964767
280473994 598954850 149821955 755842750
4
932186455 72816005 83855952 1000000007
434691555 531135739 241631138 1000000007
3
730620166 352942534 168327186 756207557
639382388 569326994 196247035 899270023
3
461230571 367055279 301178389 921212176
576441510 934521799 376302784 1000000007
2
448007597 855653766 375021330 973534275
483531419 152805016 566475529 656336754
4
24004764 260991228 583605035 592863438
427994138 128214837 333880813 981446938
3
774636207 519973628 584443030 797819911
394471203 299027351 201177579 440148903
2
527440405 738245500 336036231 949901732
617341233 23397013 303719654 1000000007
4
96167902 760107306 350716280 933553605
910531642 260918432 707588826 952591147
1
33202916 67434858 480128478 560414322
767844225 5051342 585094942 862432163
1
260743003 620228848 541697204 635037988
718614950 565064263 56519285 843610366
2
4804173 603337901 318074193 638220799
167679291 66081481 25469197 361238174
4
113142953 183841070 11995572 425285302
572795571 164420289 255232386 902601179
1
607604555 730233474 746981151 800194290
325258868 887433579 288014640 999187102
1
248289793 187386392 225277529 256762436
687579997 52976085 36267801 703432486
2
596675259 705163176 447607968 991086740
263228460 148776953 73120588 810123539
4
38522786 45309766 245916131 428614002
143539810 102654659 405895988 411881389
3
76206802 367311630 499850363 710595368
157107111 311755432 378978327 753267573
1
766080756 364266691 896642126 989099348
123531721 60588447 312447292 328773326
3
880235384 415724424 118525757 1000000007
181273639 141368367 252424770 413815580
2
436812688 623154452 79746275 853706287
596226716 678500296 110782585 780929656
2
172568625 797681420 480602910 854481791
133129924 128853705 23040133 222608694
1
60171174 65179356 393250327 518459382
266911941 182458848 33305287 956356813
4
127891196 85129543 79382900 129633121
71120703 507159775 164537837 863596874
2
760915190 201176371 90533697 1000000007
453543011 331485461 29047280 754807857
2
143674781 183307214 614823620 918390960
827630340 245443477 911744352 950940980
2
235036705 86602418 326938387 681266203
92939186 63559328 190374802 420268630
3
196432560 60754122 125186457 886750853
57849392 610063101 195759230 752442627
2
769223435 275415882 925258972 959069061
413946466 461710148 729500720 963379238
1
458720136 318989818 436567688 966856588
753904711 708470521 496852632 945276485
2
397938115 464500747 400453119 752108372
501076105 380060718 526029944 740722950
2
385840232 18464455 222360096 499245199
540973646 607946230 82891779 698296868
3
550477789 525821536 103924406 699045392
405624997 203142030 226109261 816603920
1
225330692 699941429 414921161 953926651
782118502 447267450 674254839 1000000007
4
176363901 312394567 135784786 841266825
68384728 695730750 469742012 711038478
1
144651395 208799091 253988717 563866219
65128487 121106005 337591697 362683688
4
713241899 48930298 538726929 834105749
584423657 470208930 636827589 961323629
1
54258778 225857368 210219085 425021709
56541444 306446584 102460350 408053469
3
542670243 216046858 27004896 775143568
627744454 148248850 260136234 980802580
2
515847932 581907871 31698267 893134895
322904542 4809024 141170591 512438380
1
312816306 644892099 580830622 759748099
386778298 401183111 21522973 416620286
2
659025124 791154386 183375498 928788475
754420264 804748228 272184474 916124178
1
953197910 828629970 404923270 968136918
190464520 278652122 268121267 504927927
3
34925132 47941932 25597338 242640852
156996322 418207087 664644848 859850594
4
80409978 46698122 198165649 756850228
298518105 232052817 700015027 949924265
3
59807228 886561893 247518337 959156736
287246941 134297121 183713146 763904979
1
593554594 323959045 714077409 875460982
178802525 743249293 663079440 857491458
4
227585088 361806612 241356068 582244531
29810930 223517331 718564232 936942063
2
912627916 706431401 36364679 983073821
381918259 356049021 341242018 955585091
1
598504672 903231380 35829633 934308196
447735738 324366393 212957092 983437440
4
102487690 108685584 573751723 600999779
789713523 537498171 530565514 851921753
3
620476161 646642765 744773646 838863765
159296044 218942670 892491594 897193975
4
426891721 648346016 715411095 831521366
233438936 110608648 645725515 741507207
4
475790157 169554441 175154818 761767563
563354786 776500777 462984425 815390150
3
32740071 723500784 10395297 749802059
111858036 506013852 707307559 734292872
1
505399902 574577416 219728595 588985463
640379178 216757621 214351835 1000000007
4
404051346 335515876 1985323 451449169
346208395 320822749 335850901 684281938
1
505896835 526756265 506211489 556126141
461632986 181110665 535861782 547947220
2
229695240 494784542 848395276 859036599
139205669 277272976 258680354 575594333
1
766025536 64973507 88674064 793671025
433209447 393158124 204777777 533154309
3
93442107 274215293 521176068 733929071
122723232 673473565 487777363 872877488
2
847435952 786737383 179602745 996738936
359534566 165629804 88319663 785905809
1
49931580 269915052 145248910 920480382
908371721 401214575 458793118 1000000007
1
527065222 256269612 102235103 820465870
36028133 109349269 107291462 524641477
4
14019945 127981678 4817948 185522843
343537178 758908794 693338130 870556556
3
244056322 3879080 485566843 1000000007
211792574 408271162 121144628 1000000007
3
634473181 133963484 307488761 772100029
586218904 213090860 2569492 887999980
4
309879111 600920310 21051977 741424904
768393639 530925348 327171967 841312549
1
201648679 270189598 558879338 785907695
804625322 189348504 139723503 865727393
3
917889937 749860836 154993830 960649902
175579976 85388504 10217930 237713127
1
292365829 270289581 107788838 700345095
828023616 909243346 692778744 1000000007
4
548695728 305714261 418726666 725910305
348918009 303481199 81652956 399973298
2
157277531 469473225 451800183 544555233
240981330 345833779 426020925 714804965
4
131312092 591822446 574549505 649553871
153302071 923175031 470327683 1000000007
4
344085272 340732706 379529144 475156879
684504043 531814983 23757013 935501064
4
784315992 50984001 278958470 966701095
544394460 450991025 718520153 924722242
2
7577223 89565149 109714591 439518180
453433470 50048291 448446876 845640819
3
260155228 83128213 682228326 921010603
506339976 733816022 808231842 854488446
2
240025952 557943004 459369587 714145640
362817306 308968672 419011594 471834517
4
284078132 584732418 550131873 978214223
276736908 320023648 454231419 639085432
1
524879293 668722390 245136064 984078225
160365661 575246130 358910309 781230418
2
659449882 190119955 506972157 684755972
332314385 241229153 135112824 473728718
2
80744292 654044272 567286566 860275738
480704308 8601166 51544366 962086581
1
606972297 549527540 217876856 789053191
161895608 250183804 201422417 781266726
3
335156126 166480762 81817024 352141338
283339662 331430716 760493162 891765631
2
429253081 450914256 653163481 712005775
180436409 720116468 31131588 1000000007
1
141176202 561797771 449500748 617558913
533379151 445469741 29077484 823558972
4
284521853 169317783 421124685 464104866
643377801 564775282 944778036 1000000007
1
441316865 59943818 268571602 727377159
457691745 23018097 132978413 791633538
2
253808090 394489658 865494983 963691747
310682102 551757923 268646364 564886153
3
670413196 649854663 288892210 686966862
639406920 345941813 27587377 963910785
2
779399754 132344554 63555167 954155990
33466277 14069535 509098732 528243138
4
201331913 234048414 199340449 555707727
276907636 208581621 241219493 817787633
4
142060614 242907708 431541236 887494709
185739570 159564256 631591504 658144999
4
2731381 707536925 621268250 857654353
156337846 133189109 517307972 754941847
3
93546058 404705820 57080631 836631960
791448374 540887554 398724514 815029509
3
336958586 200185984 370687525 448005069
355304155 729930963 870760555 1000000007
2
824169786 264914025 517277908 868088412
968281637 141821518 961311306 1000000007
3
262437901 246832514 663568708 687520149
232880611 313325406 265090303 351795403
1
660732932 357399489 9747751 984307006
264620865 281260675 196613502 424945782
2
129956575 62866222 520162268 558393823
33573061 284115275 724168044 949648905
4
46509657 121971 237112825 336717191
898820854 973343618 256734272 1000000007
3
223249619 28206793 261772972 705641880
499967298 461921456 61464007 985456585
3
105728617 445493451 515234868 625811525
396769427 509488966 589813747 618123695
2
338575854 116783396 301384740 415033711
322226809 505222719 232696590 649431991
4
319197200 303826620 350726169 647032483
341144681 186658444 384031954 774530375
1
65011985 310838955 651208741 919529821
816389965 700333838 803271631 817936513
4
148940213 238238359 440117884 508530118
154933858 167401118 123334152 190684426
4
969539969 513633839 282198240 1000000007
548782687 314331010 586286555 844708378
1
141934169 32255606 454431892 610795882
110914245 275148897 270079115 559648366
2
421521985 438586437 218313826 511226929
160629711 70061582 142004403 207246663
2
189216037 605315284 138624568 889012133
230648748 229078179 108633522 406178503
1
650329067 733372611 1650758 747476145
187548530 50157069 222198402 491623161
1
933598151 940854470 731283761 960719725
997080297 267795958 382835237 1000000007
1
315187194 252852555 38744892 516702759
364576438 39053821 440286628 785413442
1
614839092 162388288 166442427 993074910
248013230 87120993 309616180 476409102
1
826685007 773792647 861863672 943711041
276403974 199053678 341196593 355885291
1
251729186 243071563 667798956 712303204
162090458 271995279 323887976 976488797
3
876788531 685561226 901341401 1000000007
27910925 246607471 9578439 298737969
2
263998248 912185809 626375702 921390884
490799547 328618269 473536778 956672628
1
147809932 173474351 123113588 348452003
501797216 549670224 38495139 603189266
1
316340707 689117232 27896915 937734496
194445374 281830065 572460017 888344402
1
587128937 904628157 923550030 1000000007
419333726 515045236 460049087 549192172
2
254945947 728262216 133622550 883245971
509927035 455440821 706233281 861956851
4
442768872 647688602 796827853 893970445
862295971 715222068 95485461 911221106
3
123034915 415530181 181339538 557713746
649763187 334158155 242096712 807954027
2
664327690 206621444 183462168 676343133
144278658 512324390 228501091 575136669
3
432232863 96089417 664478543 686884388
469749241 315660399 598193441 748852546
1
102640292 25370325 410964231 633861953
327031787 717188781 648748853 733715434
2
83315458 164744384 68311978 672273599
661484852 841212678 243492483 875990047
1
44783828 458863264 503986722 1000000007
711875184 468035466 645410138 1000000007
3
12229774 328667394 10611642 375974491
590034530 715550451 388848056 913648386
2
39261855 150578904 192662823 273883734
661577961 464339206 893559536 922865001
2
895869360 327528269 819517385 947903282
175359040 687154315 717303167 733954787
4
345873734 576696259 264371814 1000000007
669427809 342474335 452490493 694379036
2
136974657 672558831 433918784 937348115
486735253 269774008 725853470 936426362
3
274279156 2328608 86582164 945207168
540134777 101272815 179450161 570710175
2
257797905 561614705 74971989 839682588
539209167 428085797 127492222 549870808
4
250512776 214128035 221328312 306750860
552849927 705413930 969797214 1000000007
4
429924458 534093410 314782209 729339060
547710308 531078231 503955184 863382936
4
81872901 440248259 337769049 647495982
774532905 307031370 274266737 826657662
3
488193419 140251544 109660749 590883822
9027579 610214022 449312848 748546846
1
59647475 216559225 237014289 598199246
389728243 355550211 297517881 427892780
1
781830113 607489494 438333511 1000000007
324183638 425169033 142892745 992048122
3
275097685 461731143 368826745 499898890
315382919 677409859 113761404 785214995
1
299741769 86138009 177659634 346837496
28403617 90898583 57559647 738253578
4
34327419 116692000 117741159 369070849
560889583 419351549 725915727 768557319
4
139525308 133674976 300484985 991705439
794211311 752294274 455731483 869884804
4
263916383 289691842 187074944 809551885
778259582 717806379 551190571 1000000007
3
803475860 214434801 50148627 952365075
303507391 83044030 379851019 1000000007
2
331046753 936299 567389670 581036635
278908877 44849685 19024920 764271439
1
47274308 88531877 792120932 966701551
209532223 397012486 707166602 736467732
3
328931264 528964971 282849971 891201376
52757801 614105883 60795513 679225013
3
762655201 82233427 450428588 1000000007
361057891 346296902 483946599 770944891
2
436233474 409258192 40133824 577121711
518849241 646594424 627003508 939278452
2
556641137 721722882 159948960 755479837
352319120 311098970 72523023 686219082
3
846364949 9422626 37631547 968554955
570100674 540217671 61788381 787242613
3
197985587 151026973 628092632 792109782
581477945 360420400 58473554 1000000007
4
565639295 932879618 939965908 974944274
17728720 677531864 182702328 708333061
2
712216832 346563647 512466991 992278909
687516439 629869109 556412004 851193612
3
101760120 115207811 124468442 244818593
672489788 172889994 72547722 1000000007
3
229100254 78807247 384408196 521738654
124353690 4925561 138307322 251116641
4
451042812 36427752 530933913 781024118
742179761 423893394 415037705 928377222
1
618568396 797506517 421550185 941752400
363354156 241958566 627310044 873243312
4
433154401 764288535 768328074 957050757
128274036 728899762 296610598 932347022
2
614757345 574299612 504156296 850833624
416868026 128735131 616650712 748053322
1
50105069 615014815 479202066 864814085
30094787 236515570 23816191 352942259
1
287841533 227960177 465620670 716094779
60856290 488041776 117956229 880809765
2
287855884 586398248 29085235 600289075
545773511 43520978 525985250 575023661
4
252704472 419685725 53775554 659541999
687196879 547393926 524686264 747686388
4
19018168 252317223 12634468 710735146
606703310 528677771 631763124 764386972
2
319643073 885851761 353930830 917497752
375371564 71104485 317090048 1000000007
2
755673293 435917793 445669141 797825155
215834387 360819878 539034313 705756099
4
975317745 893145884 815390712 1000000007
629587039 232671524 422775787 750377803
1
276890126 507461786 421935104 622822936
743015703 33827320 889573477 898936178
3
159365329 189403495 631774162 1000000007
148199320 80465108 611920780 718583801
4
229859454 27638313 296562486 601971451
947676088 575424931 480991670 1000000007
3
366459970 305277367 132633769 621112904
220907051 725026875 324147975 991642391
3
806137847 164619968 674430168 870379292
392084887 805500563 726266313 891352645
1
212872008 508245618 19896300 928044130
421483319 149533453 412445552 445788233
4
43057575 334759583 522978881 772067360
694551829 458069500 40206587 797720372
3
224308282 493761271 285124127 724037545
165356644 597432171 98852206 790482806
4
559031732 266645558 154802459 964177968
504806831 472208508 275811159 733072692
3
116799836 267406696 525133326 623001267
537460282 2847826 637996385 993415570
3
82125500 312402827 723407 363267935
23831315 377537193 933681306 938207950
4
629090775 288854492 575984108 674222374
117220898 558906559 117227086 577700320
1
154709015 350428204 130949102 402048785
161029247 186472746 372586966 960939440
1
794666204 731176881 175744588 972607200
540528908 615629207 84982490 774539037
4
214836205 311173150 274561115 494593466
920855327 965697326 135527912 966512873
4
224920148 376314179 482290645 993551033
148275295 821250784 655278926 936141662
2
140207679 626858652 217271547 779881648
392089783 369279452 932154778 939898366
3
106635631 89422851 552661033 723510661
668849497 205650682 73290049 995265789
4
487518410 198840200 473398526 832139862
338565853 755021429 703225413 849720180
4
808266772 524161325 459924566 953427539
492452538 644089136 10435819 674671647
1
159481044 45980533 500229198 752369560
277907634 79533107 306626549 715669604
2
446435921 747622496 299822038 851238040
305130191 140863439 416785116 497098298
3
286979951 289147799 14852742 715908655
720069620 414528896 711895037 975457841
2
759038303 506553930 896617053 959660749
622946916 183905875 225605968 683624883
3
517307401 992322165 565092559 1000000007
84431949 885036456 340521865 998664993
2
246431614 801389345 359339441 920860197
98508357 86647328 627305512 870281467
3
382758115 437344226 787131043 888160493
365925667 803924539 149641030 866861632
1
116217526 689277643 705783802 748637608
79550109 252353697 242050709 529752631
3
188706192 786660914 489776597 890093246
98573425 532443009 594526709 726242538
1
604936634 425761259 212643395 686128385
58907654 299828448 25891840 456612225
1
790199190 147921267 801406120 897540725
223915988 295342128 383334938 867884135
2
470294790 826851436 494913525 868182759
562730165 396136631 645469002 987849535
1
759878046 127136091 955830404 971883109
325356550 44884886 548649447 726931259
3
239245705 62047960 151048880 301254402
568503585 341982445 561950949 739867604
1
186537087 377746062 111968365 884661127
456959718 249696084 424228423 496033509
2
480134079 420170945 473588807 519430597
725907708 439678065 149362638 747765956
1
183874120 714155213 186301266 735684579
256552596 327040860 303815102 847309125
3
357735272 232800055 243541361 514072642
574446293 523826386 648674420 763977513
4
384941719 382778043 389510500 1000000007
283931769 404048132 617768139 650768898
4
191043767 286183104 73585439 548454003
384959336 121571550 217633721 388666777
2
94514982 147411230 552480286 994246944
299992019 62881171 674210768 792429340
1
937000593 660477431 778036720 992133623
215290898 497067903 440680427 574799730
4
443037573 659714878 755136604 1000000007
537016613 635625819 762870775 962739129
3
383783798 676498184 589117258 721730491
212711245 505268569 302094690 889668486
1
960252598 378540841 317471460 968485273
73269303 670948813 699303551 802006718
2
536739529 403148268 835240897 891860685
572895547 332247547 22819174 585411617
1
619055462 169533951 875349558 945775578
293157975 402295605 360765328 405701525
1
27196422 227431741 19030462 307612708
223763840 229067305 243229611 600981135
2
832737562 107317469 170958758 1000000007
145799010 169973595 457065922 722489955
3
627055577 383545886 476668890 1000000007
2493061 730144613 758681327 779417227
3
558665432 46764094 175029552 989548327
334101610 302941737 454100830 747046515
4
683569747 378773194 508374656 728938652
266727809 445961633 463882627 465612460
1
42549665 515719509 92024658 766820352
346577139 75249359 818753716 889393649
3
306537363 973934874 663961400 1000000007
342285082 274367638 148348318 916204026
2
433716914 177948992 152915621 620374159
90508660 103866681 76563678 480085363
3
767396896 145557244 31825275 792166943
469453719 376093111 434957953 811362360
1
258207762 606778291 229393509 760858617
365857776 456468925 799340910 1000000007
2
383858480 240312348 767929721 1000000007
498307734 395172331 390423035 498685553
4
394000947 435354158 122854369 743445916
111572174 433487462 49542251 872280744
1
341968720 465802574 89289585 476339518
656977468 658549108 425545135 662743562
1
302990731 252872941 470670747 568234914
433554608 85829784 161357503 582307821
1
328111460 651201550 422094509 902987362
142688795 322342570 153373854 838468410
1
790476562 403031874 358060291 861589562
133248761 62383849 20924803 206996689
2
281374075 791161033 918663434 955137371
415106922 804482206 886081759 955774318
3
734568497 626340270 899997481 965102175
170413701 452739845 104675018 631857522
3
123649250 120667602 412613081 820324012
225750099 299571527 139531842 449837333
4
779876259 272889233 595089612 935589439
751031596 538867974 328115462 781575336
2
901843225 928299118 407400437 1000000007
381906349 89181429 300784707 610381528
4
128020572 732278071 605150437 1000000007
133298081 474737587 388535793 888186089
2
108108368 104607033 193604921 256008921
97269272 399891452 115747879 929595092
3
358561884 349531919 15927915 736416441
691725789 782508345 538200820 928231617
2
413933162 205771217 237640376 634370096
223295094 441629414 346695315 465839989
1
188589501 706793414 40962653 928954044
295783629 284852489 92358945 479908450
4
124730397 302904540 38558396 366656534
835334093 917274028 429010745 961272040
4
96001930 115338714 130956228 383072936
582389032 133488290 596297490 828276478
2
386069448 384385215 326150001 693389992
801474937 117165800 582685120 856558225
1
367316528 72367836 215155904 427349617
767591258 96415528 532984160 960877238
4
534301688 481609567 546429525 943249198
590959185 200095871 182560337 803251380
4
828173444 56302006 66127819 897425343
523593628 259659143 538592697 1000000007
1
192022883 659428311 911641645 977028553
542992053 196903250 503719566 612328887
1
78965600 236707591 133092485 914575647
308963503 14289119 294950389 413946896
3
349898110 631897621 686685131 874964127
100433351 400553464 102052364 655094884
2
615973472 567517178 268179848 1000000007
631776416 551979744 569645630 893530819
2
177166922 96570662 262860537 436260780
299092731 402204267 125942583 904725556
1
810705059 660909688 781044270 857185860
122425211 534103943 643016768 889362603
1
955361370 589083144 914016101 1000000007
877728064 805198836 253404116 929084297
1
505420608 519257991 151507235 981974867
14114342 259139784 460791961 553415339
4
505026889 475909064 728989318 965756398
281175955 77873644 129101803 975590048
4
670284603 173829666 346392755 860365183
520004649 154973262 332707117 633347340
3
39825857 382557802 453311763 597192993
456323331 559278636 239791504 697728333
4
106700390 958237474 670955571 1000000007
184342398 536493381 23548939 1000000007
1
242169690 902261802 54386898 1000000007
925534011 885497981 2975563 975852030
2
927238615 814717531 484836109 1000000007
19979154 130581103 111094524 306491424
4
34941841 522509740 620007294 1000000007
237921367 250116072 859045599 863572135
2
153683622 738052683 130099732 857199346
712734805 34919060 623573314 1000000007
2
724860350 571882266 465253276 767942362
411692254 416955387 630044027 935255284
3
732905189 786880910 404337834 827678863
250500554 326706845 920430754 1000000007
2
235904418 4426799 186825421 245682273
544423603 645532616 409351111 762842533
3
355330598 7976235 130323746 643742091
704208410 151733168 995950 922650877
4
551215822 739757571 411593980 982933376
489666933 622340647 271577010 935401630
2
949869371 858413709 143876823 992407990
113294156 377173486 41322669 753874224
3
271221809 138315941 16669857 421177152
153174915 102625761 446205942 852445612
1
373529021 245418046 714111096 840478021
139238590 298148065 23883670 391918310
1
354518243 226128883 209751209 355072240
558885614 493549404 432774464 572920961
1
619539648 886559152 561825649 987437569
100709965 225536807 2448737 293408653
4
663602766 513476343 371927339 696903923
327465780 326222729 527748869 554603045
2
198339225 435734833 186376015 908189746
29037305 370825977 345014501 935966336
3
276777250 481621672 414946725 559188058
370588108 402615712 173569047 700569947
3
300337288 97038476 667614896 868249679
606312956 462954465 385317197 831861477
1
553962814 833852440 429693615 873448529
314930116 500441839 552986805 704959543
4
207707579 788697681 338600882 966228262
303345426 624185151 683841256 713590857
2
615521256 154113050 468599880 801822914
109746898 688633982 351146513 795770478
1
122135028 273387640 737230857 1000000007
504321718 289904592 84953587 719798151
2
516677963 921722367 880415773 929798240
575832926 562395759 519804626 1000000007
4
597442532 43780004 392152638 605204619
414230145 308168948 505624706 845367535
3
873558340 302537779 873791283 917073097
152746808 205151161 140693408 403518147
4
157137201 375538282 471679769 668685062
610083523 448357316 320715143 719771170
2
285702060 651178434 123682775 761097252
829004485 11230648 589773201 936263403
1
552740614 397576589 406870088 625089842
591494053 59073747 77039590 608477742
3
456968583 57710966 614889010 686895339
190951541 305883039 462275766 1000000007
2
339123625 314316258 237689443 382893614
501155706 111523783 462911489 820076259
1
825685750 611724783 41093977 904897145
991125640 843050986 147155485 1000000007
1
312711269 619000928 443093420 731180419
110982546 164820946 42195461 304724201
4
479016858 626256017 696761337 860266805
582766385 455421004 671269367 757798955
4
427286614 835866697 722788413 859597552
271585461 310158222 7972917 792374423
2
170316132 386702337 465172600 521894502
715418527 205037215 533647587 987840880
1
271923984 285631294 394813054 579617065
539396373 69156625 560045780 727838150
3
152872660 10361489 154736963 491563469
932318133 388598562 885423038 1000000007
2
584506875 67014171 437835354 683964124
323896164 151510677 225681940 564484634
1
309241192 523047994 600235279 758597304
106264296 458180658 475076902 931788831
2
60911288 213218715 941128131 1000000007
315426234 8572044 62196104 331567758
3
327231729 662172287 111843520 914812961
868359125 693207027 655821186 890087228
4
615809434 198176905 149093617 951686430
181649127 741253033 813885163 1000000007
3
175088432 295492447 77940120 395378384
163344656 309759695 8496289 556077920
4
315316389 245046497 935952107 976845669
535713085 9411409 640345333 727454638
4
595528859 89759084 97485920 886268908
443858944 409897718 284318469 625049110
3
808677663 363094842 289255855 911113223
870250917 406685977 153786150 1000000007
2
598952004 875823013 658718057 912444881
293429269 577071483 662180148 966557935
1
385528304 53668471 102243480 628957896
274820814 201599238 401547820 477800483
3
113132707 392965092 65070936 820591732
58404560 635219105 771340854 1000000007
3
241011343 625066707 351504519 782255425
752765419 8741933 928822375 938698826
2
623546707 588551887 49718480 741565501
277350657 110149404 566018425 692064331
4
32152732 82224876 447636258 472154484
240947917 214910534 557458376 568541458
3
271923781 770624314 986878404 1000000007
600576880 595669709 304009375 825066785
2
422923552 295864857 624095332 627342403
87290739 515414049 135937568 622553831
4
192493630 91350247 260507261 422059390
410890302 2572013 501196884 897296596
2
502264912 347231336 533178791 683213095
64466139 498597896 102473179 939514253
3
482786730 64339590 434264785 679526171
77787206 1470518 917504355 932485854
1
814973331 855095789 667121190 987671909
498790884 233478613 553035533 693066451
1
901222546 683771632 360725917 909386762
674207949 838284202 306188197 911681586
4
483789807 325383613 490163451 963270648
20485985 85610228 57613022 315142112
3
161525962 96415825 899415284 1000000007
693101955 29686794 595800387 977238646
2
248030367 250300843 889354323 912863312
582784961 15379603 435499746 996984260
2
818484418 496920590 453026459 930627522
727512496 226899475 744874082 930310904
4
242025795 282862672 73176828 582929676
411966422 28216695 581240679 737313902
3
425875149 309305102 150341145 558538648
187218074 798981789 226897477 896503204
3
614413456 98349371 664218983 969220766
414758987 115039253 541364568 839184939
4
716293141 823784725 840288955 896260057
599943896 130025488 240093870 614519892
1
357290214 288213413 297033480 545740324
529024992 527524520 455256290 721741390
4
530531524 578539049 120185512 742473838
321706053 388150829 391007111 406590606
1
359203431 360343788 587723880 745744190
569383053 673673037 506981941 825538635
2
432928927 244213435 895356224 921049308
265008968 45953209 215944053 795746598
4
168306014 234634945 220869747 521312294
62236386 367834076 103142116 601411493
3
312393395 410063708 172152914 480273960
285111977 287174635 110736376 395922942
3
7011543 219243084 88960739 1000000007
557770129 700320866 695677790 850962831
2
16586062 419754849 76647315 670099254
708710625 582395934 711538859 894687547
3
192006089 12565063 541443462 984846533
666730107 549548616 55904091 1000000007
4
53672983 352325785 281683848 971232338
41135038 506850921 723106127 956489341
2
215454517 460736389 210082061 612424169
122482893 374513222 744231059 902332955
3
465114963 446483063 341067517 495610240
494109915 684888335 516311013 878831637
1
257585160 276524489 338036792 793940671
163928280 229558416 235325935 516101125
2
149165739 195947435 32491581 949042851
47045964 182954362 381495513 854838389
4
560720694 470902311 248196047 996742325
397495436 722016555 656065298 901350702
4
204619360 815107435 94300909 898796206
789013728 505868403 449757222 908780315
1
105605211 689927332 538306518 961181953
892690534 131997582 490129442 972548601
4
325349766 698252836 740130160 1000000007
202134461 519776967 332164691 837416373
3
177332415 344590407 870037909 909752998
966107507 650440584 480430782 1000000007
1
220623880 176732303 518621934 552929328
122483347 178335530 314306063 364892984
3
35407280 13793463 240892896 304802483
331521341 2816833 601178486 962990937
4
814356894 614040719 594303926 906391915
610522475 670708757 871722589 1000000007
2
653151175 103295825 491755463 688382777
460429139 333675903 682307436 766294137
3
90029333 136722075 315588514 377144645
653557947 438764614 471409098 719019279
2
621478779 592095005 190601640 886631824
829888978 870842591 71001571 960631327
2
488404183 176074779 36602250 641222586
744365650 121467557 88670491 989682262
4
606558337 537624874 41808117 675954694
195960194 625482789 531588976 903438731
3
655749024 52379059 125385825 740466095
917029264 229698772 318914640 1000000007
2
722032904 356676802 678259974 1000000007
359835685 528082764 472623414 649110176
1
504640996 64672952 928717723 954867080
1594104 850695907 802261422 872660246
2
713287089 117567379 981319971 1000000007
408621113 220541738 413213198 840752670
3
328406499 495395505 430948261 998573239
153009174 596049332 61544650 971974209
3
289479103 211125370 67363978 310956891
181320018 222692681 477854097 1000000007
2
853832730 128388226 388953261 886302110
644477024 761603799 626477746 1000000007
1
138287179 257175755 427815173 811609423
447999486 376386485 747379416 896982851
2
636276346 487839286 416648026 793601116
66354651 345387445 569550010 854983063
4
170648325 267901439 155981762 478841553
149312316 117906618 181530601 991149016
3
224331031 142069809 168847601 714848002
451606576 322019841 460717172 508973567
3
321793145 473592504 492969414 650060189
310008067 342632632 115319941 362653750
4
14167077 117956587 48213659 526063921
17552949 75327716 78964088 374711324
4
71306963 117707258 369403321 440416420
390117889 561281261 18281592 706010329
4
565358951 121338160 170873388 994921833
459313655 317792261 203617652 735660326
2
306938112 212041295 213731842 749609606
137041422 688843508 161394127 926435895
1
653426483 771203521 659922783 932990512
231546007 325269193 244916297 488308153
1
968844652 386220078 724441255 988465195
55668039 728111956 66748613 1000000007
1
125083975 452266383 866599917 909018013
450937122 297874187 588562337 633172160
4
176743958 520104479 120773282 765710612
243040574 993404249 971769905 1000000007
4
887445968 132950730 918204828 962811327
509906131 121008844 218482311 964260581
4
487101484 28435626 209706743 860613289
562353035 1720507 475236146 733647933
3
197472730 97093697 216046009 385146756
788624142 437944120 204710516 861496229
3
480498457 473318158 895652547 996888112
193397452 400294365 79425332 868797476
3
468819718 423418245 152568144 1000000007
420382770 411318943 50507948 1000000007
1
304405308 558066487 707518644 760087143
26232969 139991036 213602136 290419711
4
545628424 158870138 60151776 550174508
15378852 483164706 279192384 1000000007
1
169115136 591074244 497509006 747823362
205828718 196415787 292329815 810158086
1
95237897 324613053 483017320 899486943
689487281 398757476 644047145 900285235
4
620495113 343807221 744156451 790768563
669042629 524907223 477429865 877923865
3
36871062 25712120 266081073 650360533
98891027 50144532 91562631 186273016
2
286060745 250371333 584737064 656178692
350527495 264152059 193429067 374278560
4
348797109 21976021 6710746 928552172
657974162 854541855 627156362 875716042
1
303880772 400039679 228154772 979989977
997372444 885116922 783926307 998201498
4
190694399 561400466 756345723 979213419
99884352 231338022 166776730 772807043
1
550393667 577585699 697270978 850244985
773263657 626837996 334401358 982657632
3
73359578 541804233 175869226 542895091
95887507 128620455 246323409 550744889
1
359493011 269428105 265385916 461599980
443055267 921174662 845275294 1000000007
3
492856189 140851814 96177974 606853942
314007997 13653024 108230726 591088806
4
405996592 291866225 390007171 427179219
197310996 406671789 117804166 486741811
3
542246497 662315133 202457793 843492929
687724883 658525099 514559454 926467948
4
987436536 902321478 271751238 1000000007
303618433 569833418 20359710 631704142
2
313635387 153457976 442124625 852946033
507073056 435031337 189629448 670120210
2
123342032 30240663 413430837 525608641
322807211 728944424 186102815 909259305
4
75510283 1717435 202687832 297486923
662089840 448365999 438695322 813950834
1
183900163 70959121 402404009 930733883
343321698 267638989 40815512 790695017
3
163631141 449837902 385925283 984884254
275568115 29123674 66869641 444822101
3
612911026 287944564 652652132 779855380
382200849 185130807 383135372 914419654
4
384918270 758999132 85462322 986815351
462073717 837791852 4365039 921754447
4
226013844 775476174 834224438 896507986
536988603 55196255 108388975 856197393
3
354971543 159521992 375718707 587512039
680257700 884479226 195878760 943329390
3
233691094 362789276 58938556 521390756
263894290 458647205 120113937 592944230
4
58833396 377513968 425020809 481399484
304437655 876321826 945897281 1000000007
3
913552587 740302104 398394790 1000000007
353824089 398717697 321296584 733992265
1
77659746 339439223 163017275 401944128
34697841 578863238 742125 662152989
2
875732806 8581680 254463255 882283238
585715887 641369477 698067168 877420496
2
46870800 656954016 151175108 671695656
194713595 749600589 91814254 833110491
1
622067550 284319607 418421879 741276392
31450850 734242717 277695245 797101807
2
241076433 41876897 380491244 664685482
66793 325429726 552289380 635429865
2
797231283 864203187 325901651 877634926
670581265 73696895 80172662 765480325
1
351747886 63245555 430387587 594778652
876234139 125786018 49899853 1000000007
4
67617729 259104754 360942128 1000000007
617999228 378235189 437352288 653205660
3
159103078 794272882 275218637 833838144
256376913 307973951 508623492 508894114
2
531572020 660956947 110146351 780867293
585717142 245418644 593615840 1000000007
4
89520770 630958777 515963576 682450077
115597018 191838542 268445489 734873107
3
662947032 851952037 647081174 861772043
748826550 122676132 67327519 807356732
1
629472691 120005242 899586574 919666778
664863372 276404266 679164080 880439061
4
157452674 637935014 342591522 1000000007
419700453 12901708 299090027 998245514
1
10285476 580877720 576213412 701636830
498811679 536758926 379148360 616582953
4
136556660 186793264 3995458 505794533
522271130 478822761 769351810 902418048
4
598412322 74933389 522385543 706722648
723053056 393071420 360003322 731650870
1
155778973 195465868 407079569 982080201
867585137 848952882 829174807 921642417
3
134543644 486645735 651394417 875380843
825175461 513392088 473571439 913219263
3
35698975 953350664 676656068 961549071
504580142 267533404 474330894 788206446
4
459960134 24278999 656350138 684306221
151042163 192737603 581640426 604895670
2
567408799 598562189 347254846 748139871
800964594 43242314 6728613 968528454
3
378421683 754286482 394110237 975114008
55507036 467218540 406363331 796791557
4
565163800 490761221 445955017 883912186
812588777 756809120 198094823 953635747
2
558288157 97110506 692876117 1000000007
370416336 171222718 75111438 668032474
1
609629169 442504167 441863026 1000000007
205176221 264030644 113817597 323562458
3
64640617 52512664 114375641 274766419
342597814 635453769 405179466 666210786
1
80894301 943542738 529911143 963849986
480235523 269820772 573901494 640304447
2
609756162 720085945 816905013 955849910
2299470 259706672 143298964 627685754
3
720984713 622300693 520275554 1000000007
538811039 632194638 728410626 773094084
3
27593983 473179121 380458269 699223838
498986649 473190275 645623346 686144887
1
324378546 201021739 218229144 691148994
321991712 357874322 196986335 398925149
3
39282085 90744547 556464593 599210665
24018550 84467249 129307270 345119923
1
529201723 432130340 693713869 786772058
417635186 343041476 242277466 882950912
4
702468198 694023664 664618182 927149787
44015111 224262491 11299741 973417957
1
251573755 428707510 564123630 831544632
238306931 229315904 414388665 963930956
4
99022517 621391382 561350599 780899899
762594022 567699671 107812315 789150879
4
205270958 883031264 22568287 1000000007
376682258 140521124 111551070 439053164
1
386696824 396866792 780576598 954326199
190525688 584732936 67431570 986138087
1
584685971 460019296 612226436 651649093
314720907 541375157 226616747 661822655
1
237560455 650166189 652021180 844744347
545741128 314809510 811943008 963502062
2
714461739 830559221 491584564 1000000007
320498073 38107734 908459123 925164842
4
280626722 280707087 428014189 817876035
245774691 297675182 603681775 930546176
4
348436461 472595493 585685198 813031420
70806991 556870666 197737720 751559539
1
104131505 288565616 71241827 978734239
226151756 59947186 134129879 405042218
3
670796162 451670057 274693560 701337932
43210791 200227480 97581511 947368265
3
501452066 161887273 60379969 718305588
200860972 54621361 460759076 647313762
4
282694723 710847690 346350164 989061581
611339134 581168862 240783011 800627497
4
41174494 250812941 49624593 628296971
578738743 603781057 341740065 1000000007
2
828296386 809271582 419654909 873459529
8325318 141557922 89117967 191193826
2
633219375 17269776 59922867 722379638
199399206 50740215 83098693 205818590
2
116541591 795964591 32169434 881777018
280600636 2018588 545031585 805125160
3
295182620 224440679 255800841 607989241
282487675 616324180 167691302 822307070
4
771001074 237203178 9675734 795061261
158740844 314605971 25804120 567101837
2
216851735 153128773 64345184 355264946
756274883 50552606 26573719 963773722
2
695136624 828518615 950666907 969550271
462670282 709269922 199365942 895493647
3
521911143 243288692 277062682 812640790
20712606 46559225 724879815 844249847
4
92600235 671803760 274579278 908387140
380843086 284854361 39666915 747722335
4
10478648 251849731 3619936 553417556
783106861 957341587 103475836 1000000007
2
60482941 272107392 63634242 653633216
417890504 87762320 213842424 810038990
4
387989026 249312098 394131189 824656341
813283314 88073397 682095735 936716050
4
629147235 315691811 217436868 857778823
109806663 44335623 261143958 380784211
3
89055296 738262403 107560547 987424225
154244623 473229540 550005448 598727176
2
606259118 328543389 474389526 679361911
222739971 592268519 240639373 807701857
1
194030747 43644411 85942016 486634996
107601823 103324210 69411747 752800018
3
547204200 763604494 110612327 1000000007
692885527 197657688 496063696 833555466
1
302456336 435575935 455509756 609939125
27847215 643227965 492679569 711660974
3
249169459 213885212 3927205 865868026
212302117 505435164 589159401 751291189
1
960469979 514265841 151373252 1000000007
114124749 907608389 498637379 1000000007
1
190201616 265305639 584779710 721342821
13304338 690726814 761570568 893301177
4
39984104 515581611 111633740 981832465
432077533 76839266 687970665 722398867
2
520022706 645587896 752837803 828661455
595145852 665890627 643364683 988040593
3
427482738 775030246 322908933 975664647
202387334 347024206 96663175 821698641
3
583212978 493357321 339637039 590665097
979005396 452053687 344508668 1000000007
4
215180542 674247276 568207138 891716998
607623150 879470023 499766052 956621003
2
792953115 82549715 235336831 846204237
102759056 362062747 214396561 669105053
3
299624829 4191954 122576293 504731486
45260103 209672329 84774728 837921292
3
118536291 168709354 14093209 248558557
565088991 131089257 177051177 989862576
3
505234598 75417138 535675538 899088477
420969964 537894248 563733970 652936938
3
514653837 108787534 308823182 614394358
527187462 368748419 161190370 945381913
3
113527238 377038014 431677004 863292855
238690746 95464871 90947778 564447665
3
342751464 276639434 838688404 938632662
390916970 561204608 134562508 605016171
1
316933645 385384670 178635647 830145878
375148719 147413605 358925926 404109252
1
351871541 231388179 349646346 988940855
707709685 668145864 406057820 724804718
3
121411316 871845626 949112734 975038911
480028363 23803233 312370026 827967608
2
794407125 994342923 717443861 1000000007
261084250 195187173 444591183 976574127
2
337827937 379874442 306116636 446103938
577572108 1194141 538471714 966974763
2
645978294 382216395 537476177 787987132
317868360 529857690 414451415 792895580
2
92414042 140469021 123265994 217472179
165954037 272102803 307927942 634584089
1
596128044 225954738 432433085 601975756
149009414 10422661 418691188 1000000007
4
568995486 386350561 388184750 942522535
909766087 358063371 907495601 991283960
1
183207176 104136217 709742126 877418072
451185921 665926650 442581847 844090474
2
311237835 573032674 411185152 874393052
783943251 401391248 94612244 796552485
2
518305351 274130510 607950652 969018241
500743698 449887778 612572781 644029393
3
722001675 662772603 252843544 974777274
155795642 108161138 11560289 373846876
3
718889068 162827561 559578814 936919516
169512417 808881656 890592264 898692686
2
590788372 13317349 448890909 977085690
294613678 242344390 226338852 396982127
4
394169152 68497377 157276299 413091129
416422898 117252167 444972363 688992280
3
65827166 734398552 63995670 801910484
885340636 552496873 587148322 935594589
1
751032477 114102751 789054269 1000000007
772161807 51633533 356180557 838481492
2
188633486 572206548 390056260 966218588
637458890 395959812 270174263 688643504
3
348540386 247825009 225194286 362503485
121202963 67758654 16754983 291018599
2
804162694 605325845 874029822 1000000007
279400161 414490714 423742761 817631997
3
361434341 12980377 8952499 425651454
324158686 916285945 223470109 948742491
4
272453728 291297439 298296460 376992779
281686185 452416581 408213710 527385048
1
536533003 272463819 488056802 937717283
86800916 295957653 497528210 614046444
2
988095615 110739466 397735070 1000000007
163403278 236383062 739318191 815702131
2
690667515 422593549 46552220 904148186
631470897 557065349 809372432 998977602
4
402240551 729023426 223215259 970310284
597334687 421499535 614833385 644898113
3
200323915 364290612 385800839 461712402
120421066 710240277 1555138 998712544
4
257712649 214641288 110043578 755527759
227909717 395041938 389698357 521631859
3
270241170 409539008 227203670 762091486
689884962 443741035 142101826 1000000007
4
574518988 97993348 98372431 716184475
343642754 387751621 411114493 421700194
3
338167938 864459034 242301478 873533314
698998377 90771030 165036293 954182695
2
73549953 500049961 515900884 988314542
106414039 612144688 527948758 670064090
1
436761001 634746373 804166534 854978839
857244505 463005077 627835628 1000000007
1
142654089 190238022 204597804 960776367
99009409 213494717 322660385 701228605
1
329397778 144112948 267215446 573101765
233170115 142113713 75981931 906059492
3
275725367 86430117 470507193 920422882
408069605 277111956 624793208 640195103
3
692477335 870954309 499795119 912989975
367357899 207613317 95815024 396424794
2
114800631 43874305 288870952 1000000007
795296432 624809425 321461835 877716882
1
742064271 804489887 43543968 986719681
791502606 811649155 602502739 919123022
2
117912852 553577675 346975293 665851304
703522166 93667232 195347219 737142626
3
83992874 44588835 57335272 506294582
791426613 703863660 168349418 980314269
3
444951771 867502148 454743952 977113058
431706864 33413891 227494507 679424668
2
379033943 59839172 402460483 689552503
263218865 667356474 129893162 772839689
1
362741323 189188491 117614596 520562280
209387529 649374535 907350694 997694484
1
738036422 192523914 975006602 981059801
83056732 762708109 139105707 791109869
2
7139984 436688030 814662821 881543285
314170047 674662215 331447042 898996594
1
269671488 366856579 530142376 1000000007
207045724 10240254 345717571 877290899
2
480808573 702402644 371523216 1000000007
614546242 67777008 395782396 891740845
1
80684507 324042287 655706199 670407032
553291276 334000695 575214187 958385585
2
8301399 341695350 280651551 533287171
584766597 572716881 515415273 662168025
2
521107139 747543855 269464478 782887946
170343445 177400890 84162961 516827738
1
307986541 161330625 295821958 472802057
129942357 308219309 421702419 715590853
4
941964526 702307532 273345164 951967897
506662108 409551620 341813395 826741432
1
739174441 408966997 672317577 786353281
892801909 205351074 73620344 961903065
3
598582228 557844014 285852011 766590161
51890459 19274097 172124692 949967513
4
524796674 193684417 590076988 613778833
680557184 623810003 454309319 928677529
1
307922688 290435815 107527275 967266739
172073087 587153450 756908059 1000000007
4
61506706 470178241 335951816 653644657
757264933 275953762 922164142 1000000007
4
742500492 238350101 207368957 812207662
596788654 239372511 820340197 925342623
1
50602358 10142395 122481003 500510686
136691563 288642662 630920955 952090165
3
812424791 221613233 783490836 827594860
143902884 529904606 412664415 756901588
1
12618969 326231311 416330237 544889522
25645384 163393003 707869120 798650322
1
366776691 325749396 10658737 687408811
327211396 479168297 398100143 483063585
1
647560847 271201069 707492118 792056687
23802741 191239286 156345254 265620722
2
897600133 728766951 293774822 946816247
241989184 105197095 57143293 402909946
2
663356691 532961969 382732136 811796794
819894591 492498331 506720774 939969117
2
288044343 419483283 402071714 1000000007
378101663 156226795 9859932 849293693
3
68610215 28968066 128007326 202637563
765844961 699711329 281214900 934956100
3
58501955 218830013 323138878 529361753
449034887 247155267 852635837 880626041
2
628635832 895348727 192858815 1000000007
771570794 13950706 597197729 906313619
3
590343873 338666425 237833459 591241750
574432836 706881290 234886279 724984590
2
199668973 631691125 135929036 719297999
92490988 45127601 67910184 249938830
1
198076330 674637921 253222812 984050893
716408561 535335251 424666938 946181815
1
644584709 797288238 394775351 1000000007
806127317 902232516 781489285 952210853
2
96156027 120512001 471209144 569012132
199651683 493907523 209395126 1000000007
2
737867282 25476410 389319706 804612478
761098875 466078498 418525382 996929788
1
572484809 89166866 2423869 629546682
177568577 674078463 204618543 675551256
4
805236784 737697325 435277857 931911435
651378353 20552602 917062764 994385088
1
35759504 87151807 278860910 686404021
617184335 669881775 633193520 776949852
1
228561084 184729776 343889612 608102126
187280794 474294032 446325718 652857614
3
683350234 907327002 324129634 928406774
279557308 735880719 716242203 746645476
2
107021455 135107392 359734292 457807906
401994183 217161469 72742903 728942509
4
68506404 739427820 877697139 1000000007
74123838 32872422 585856013 816367416
3
393987432 924112193 857559768 1000000007
541368723 401311043 209139789 591262483
2
353270803 92324360 418388374 828117493
575278837 681155942 116748818 695769429
2
607649216 854523378 991666551 1000000007
351738244 706424079 815412711 928241626
4
687370226 175007049 162037197 828546952
445475597 446380925 99749242 448897848
4
8055766 422371189 891891809 960597885
757627576 598060037 478845129 857244438
4
262460996 139880758 305886624 497158339
173749588 216777863 60293820 263773316
3
386840312 23602622 329435934 601658261
431239336 272115618 23369256 749847842
4
431097610 594676421 313462194 817734431
419964997 16286869 137732164 992483808
1
17110552 164787604 404666593 674559041
726286186 577561119 816452884 1000000007
4
288476995 303654378 85990729 389867249
113620462 824533640 409261649 826395112
1
84670301 186307279 364174077 449443783
475940101 250454147 962951196 1000000007
1
784233160 386225658 456529788 897912548
822193727 370147303 5758816 873081418
3
371804430 802920707 291047218 899311558
563716656 894247206 352815627 969679328
1
620008663 232148555 574583349 768365615
756571189 767609452 169775924 778452723
3
167308254 568188257 80445767 961558238
152544172 227254225 466830607 531054830
1
370218833 776486716 8348003 1000000007
724102292 431322742 130367770 814399227
1
15608922 776919676 595001782 945410558
710333610 465152835 23908857 852839190
2
249324672 53016167 319623701 374647808
536420010 306063011 185976922 578852631
3
668625418 3942239 546563615 694629963
238764252 405285215 403249593 514991693
1
611175642 227461980 159023924 861706703
594678538 182230519 992478414 1000000007
1
644990399 576706679 223688986 913228148
573269032 176609111 46914934 714624762
1
385307551 693114089 585781062 812103130
563321020 733460129 198793790 847396378
4
502949296 603571351 625312352 711055598
50729129 236362503 151328832 774117321
4
505329051 97162280 344338796 688732341
180504835 155045593 305117741 1000000007
2
185210412 204771003 106367995 510462877
231990818 222810429 330068671 700672137
1
154732594 184662063 630640181 674154280
697017547 382573903 546014955 762130071
4
494886371 93226717 526270493 950027037
37698343 562083394 138787137 1000000007
1
338524512 505630792 690331295 738963155
123402726 371773864 189417310 616278770
2
320558002 694474792 621474959 806940129
117002575 271665758 168322424 606378261
2
57982092 103143654 157480525 237576262
472562767 932258348 796015880 1000000007
1
145346177 176966278 628200884 645423093
719803911 451377918 486605289 756348346
1
331092296 191643286 958845794 964408324
200069433 302077537 409977627 447302425
3
318264218 729039696 715410602 927180132
484473445 219219327 184236174 633140949
3
716597863 711091196 164206362 717945406
713576504 587608409 761740864 914690741
3
740035533 671220734 680061936 888314340
415725229 112376882 39564913 606509310
3
394787284 198167822 35646944 816861577
48928922 148682951 118399292 585294949
3
7018642 496456265 47567879 919127877
317101587 32546826 177334772 875215302
3
48698370 432389506 714034040 892169458
83131854 332136164 365170291 487766120
1
590807365 728489037 368721796 845646130
525554987 549994655 281674758 604657269
1
423093424 463490192 397118134 532463273
979566787 561166906 155375558 1000000007
3
406777520 884132237 415383996 996682763
344202773 548573836 395135286 865622533
4
433460893 152379144 702198829 881929676
559743708 274818821 456812696 869779424
3
453488671 571068847 688430159 857919669
716560585 240161191 727879167 755348922
1
181626869 297383417 40000962 891032293
531199506 502395944 482376128 717718602
1
395700246 526448269 259188896 548384006
436576873 182375975 294423288 895609464
2
593166241 220679723 785070448 880592769
566836794 428024819 232524620 673577359
2
119306498 96807961 263027316 682871163
368908818 826181783 925058512 1000000007
3
703782120 181411683 585352780 734856434
506940133 675476490 722135115 775726477
3
129400550 9825521 249368009 556169593
186659451 94326181 67558930 230540808
2
253675430 22843434 488800928 625398732
559716115 896896978 495460832 950474704
3
611573155 211882369 223064134 829623025
832986059 931058352 285515774 989960432
3
464339911 306807282 433951431 1000000007
57232223 245482067 64031611 442544978
3
231138772 170582371 220486366 1000000007
63552495 38462881 168917393 472583315
3
356054282 201276597 455216000 561839776
83538598 87449617 51185180 837901261
2
533588975 28151849 873711884 905414548
34436377 891249284 684303645 899054479
1
61552518 235761440 826395598 966134229
583476435 630620102 94823309 806082688
1
245294180 596176909 162416415 980828366
75193886 492240383 236715524 950937049
4
564437370 205212607 23445233 966205690
297365199 289118497 830092305 937481062
2
423020152 551071564 254608574 569804985
395470065 673387643 323609984 992333201
1
299364205 751382780 171860995 844223697
531886897 246943269 600165023 829739240
4
503816647 76127969 123974413 624070593
421227282 661269219 776251287 910489530
4
164171139 314587625 11747478 421308735
340143174 866946757 486435979 884334517
3
786582525 622831280 189955015 861170216
74445595 70664797 263997225 405445744
1
572201856 945649588 681139176 1000000007
647551766 786539393 376358757 1000000007
2
571448224 511198879 264792609 729882001
134779563 88552894 220810045 661637980
4
785649442 392708483 873033847 988858525
167545193 162327669 555791045 922162472
4
977625591 161533744 52976976 1000000007
378737459 143671035 60650866 453739964
3
356267417 411722420 223947226 467912190
520479340 679975534 304567582 847193057
4
358959107 43753453 379653366 390041101
167333243 852307396 55986925 873539526
3
408254897 76583715 73005218 538402665
284027467 594726448 606863898 669467408
3
201762977 123272576 92801701 225295152
51004562 324014099 28058884 432221694
3
583839858 856113438 421698083 1000000007
54301458 456560612 492307912 669203990
3
254645228 218459625 778613526 806805748
107968877 454641137 460358126 792106665
4
74454910 591154781 649767223 802865195
16411928 212268082 382774263 702220881
1
258677057 26003136 372114041 503619987
301981699 77288151 348907392 1000000007
2
293716683 406748851 247834122 758612082
204853238 39737541 54108149 489086950
4
804894701 484124792 411760471 949317595
540553136 670243379 566381786 976571495
1
414946243 29985424 796798638 984017644
135448116 19958438 183461611 387000805
3
46399995 193105781 377165736 488690201
261097276 642953429 725674568 928802229
3
195254890 98242341 359761195 656610487
16876380 292815728 463023050 568659335
1
951386175 536073241 303645453 1000000007
252776061 520670235 75821217 580424008
2
782694125 322210423 290679867 783141528
555009999 681765456 410319202 804629845
3
62914504 234256946 911444248 921232652
512902464 632324909 848195206 955012495
1
422693655 160990249 492726886 565079509
924188058 228732916 197751209 991420011
1
863047290 113095383 579405847 899102559
465209145 614582887 48860047 700342360
3
167538767 201395650 220055621 971204695
731781823 793193356 189014085 985726508
3
579725438 649676288 307740529 924364247
797940499 511944233 962617838 1000000007
1
29653425 891509217 830718234 970467340
92309654 65752306 167113489 271772261
1
703925300 688117829 822518183 872403641
476699308 20627111 200785699 952132771
3
175420269 110254492 271424268 502836940
391098577 237236203 443323989 666380403
4
713579150 193699793 23875982 830471078
162287780 276584636 438519648 718826841
1
171375226 83611157 169817870 173145359
645521659 881571726 895253615 944189998
1
896766062 5265343 211781402 947937673
607755084 170342567 42759839 817272266
2
388839966 70352919 590176936 810161597
514687009 273832264 216865174 592867737
3
837122500 129545266 639565257 864990845
250145303 446137626 599133200 602261358
1
474342791 71517996 138194670 484088508
26370891 284281432 177324591 368814526
1
493634172 57531138 825751968 1000000007
741805142 523417009 750421785 937483189
2
81546677 256877773 372507346 892146117
509029485 234500485 553771489 576752351
1
336342416 178055634 319542144 840217967
49908451 395205082 596850373 890757200
4
321833072 60175429 871083086 991235420
222081494 230851139 65527351 286420459
4
105189305 186690585 159001982 232268692
542162629 747097158 424219080 801791508
1
321313496 66833781 206448953 724856906
881966079 23534395 596713706 974817315
2
23737877 102145474 817223173 828559828
516474896 392538918 449340929 670175030
3
166812170 426867523 668201953 867959515
39689925 616490845 458138937 995003670
3
819631071 739277472 700399918 972942955
635624086 284293036 124412241 689036774
1
904053427 497813840 23171825 1000000007
359355156 259840902 319467643 404194947
1
79678289 166658525 696173736 953724259
849503779 75086140 281955037 915157465
1
573746165 547008079 140842105 692184119
142743528 221518761 547147152 766599189
2
133314755 769561384 171472634 786786543
438885440 672596193 203364892 786150577
4
365499552 187272043 424015089 593528602
157759588 172980950 222974507 303654102
1
889773402 827134008 233361524 898466440
15209813 595445795 525869806 943834784
4
146229813 490280166 613431963 1000000007
40500898 685276404 743869870 889673811
3
688493761 520978153 206575607 1000000007
548842257 156563112 470214181 562057410
4
236938478 723238518 271573708 915925782
509673323 875111427 720099370 908791053
2
353012386 251801652 412764859 633462299
843073462 324613047 470030338 862125013
3
712688943 623950030 150992330 783601239
546888205 208157109 513707432 813089056
2
92718549 237665696 95314207 892012638
432582535 414729239 271940211 465561428
1
234134849 679772533 1086640 837026074
103532392 537641191 350561403 973590623
2
154212891 212847405 755818302 996939244
577434038 113633340 160433654 756462842
1
59991072 98760923 257999479 338696875
252302603 197652597 173469066 776545702
2
378122425 325316655 146115242 622268361
347123155 263962264 231223416 636867087
1
731606671 745455545 32779161 875340105
522850416 278081028 105161583 766139919
1
633486632 145420680 795405083 953037439
314894017 346847442 329499787 968679902
2
76746081 290530276 238053933 465091520
358949096 23398380 871497816 971764309
4
407028072 150899335 191000443 788438800
163557733 184585590 17612763 303099833
2
458922125 209817083 645008657 812500169
56870949 747431984 380811562 791904783
4
285624544 86239918 322004712 408664428
801795896 75944445 32395781 827805236
3
448711544 777498247 66171028 849067509
607399081 12516482 352029064 648874950
1
141985388 502880362 327907272 866482553
825924083 258973787 244310146 856134080
2
147687036 234815450 109435506 815293921
389559083 220555480 194691212 444595863
1
21273586 193156180 142994407 218968241
537339020 617733579 138450634 1000000007
2
424372385 166529200 547792289 581727990
821833652 335001181 358227443 951761251
4
649058807 825445431 265624165 858669727
151113035 532522284 233637409 698140487
4
541344020 751904738 537609542 895633221
373521357 418263819 446573194 486711782
4
301827694 336307803 322254989 566017479
29992514 101609220 193606018 996579898
1
229659551 57117468 521129705 640775549
763185099 9985623 524070704 820914978
4
5336001 701074601 463890138 751499923
546041129 582539937 520579002 693727376
2
162999377 174606633 79044304 480952492
863965860 920856826 720685923 976187783
4
19824096 463793688 344026678 999838220
537717489 786853236 444762823 1000000007
3
593304934 324635028 625159338 902760302
164848434 271574795 362148078 517936416
4
352394625 60489089 520366841 704916231
8816894 305352 11156147 17704101
4
413398862 601560350 461727767 769533233
118781641 809417243 669687189 1000000007
4
273852038 98238617 249629082 559156857
261138608 422301218 389896707 817463164
3
634582328 464973976 628543151 975869640
187141646 74204623 229700582 399146794
4
52434583 77900585 473714853 478345862
271588892 364272295 866134871 956786863
1
623360492 668618773 257237385 914051114
215961558 659563605 540406842 782696163
4
357543409 28770026 95238949 611964433
232875194 263873780 525853503 855164420
2
785234348 18992665 705228455 1000000007
610318258 391482563 157981788 896796288
4
9097998 82561869 401119549 414195339
29891403 148071606 117490633 405934507
4
296536266 118908102 779318008 784352699
103761026 152408778 372282327 477149829
4
408388601 660571499 645442821 1000000007
370032769 554588264 526643079 766642311
2
596606802 383925076 258066771 713973504
213626974 255194651 419113448 923115619
2
38418920 427907735 26928052 467799195
382464596 655681835 466316321 859483255
4
130411294 563130527 571404330 954500891
228254802 665557798 198099383 968980827
3
172385286 77323732 172626153 758013807
211507727 183588848 889748253 1000000007
3
304684977 11579031 240455853 758352097
263972278 530974625 352717475 784638959
4
607819980 314209821 146146380 682839413
377905416 19969567 505000849 939009546
4
365948884 723321086 484156736 895095436
279567336 22050325 28487891 661016145
1
693719228 451072413 730723114 987233765
261293901 163779558 511989139 618894921
4
198294723 629554677 317124309 718033615
171270547 127215830 193997114 812255409
3
563037172 528547941 661418159 1000000007
692353140 593722646 507580252 789149525
4
196692160 60764220 254142292 269973377
986694078 777263399 553093841 1000000007
4
552371328 942892445 316358132 1000000007
355125951 331854125 5448388 383786003
1
249734715 380739473 218673411 692362635
919671842 809293947 328618730 958747140
1
196324144 94050659 58639199 269404070
151913972 67698897 275860297 631307880
1
294174442 748051003 388424278 773074784
384020718 26019847 118370983 1000000007
3
703798778 218618314 401074343 716233315
468490825 36551077 704393352 813064971
3
54839494 248271805 426346349 867287200
363980156 290906091 576133315 846822654
4
180139246 356942413 372590403 498366373
17907625 487766484 23003172 683967784
3
597282871 191982697 560895228 886188035
350523217 760474167 284943161 928187821
3
842145759 495645290 829411150 962717746
238988924 536486433 373114395 922571091
2
836438833 800346942 150291137 1000000007
546758979 949751330 542354133 983426202
1
12453068 293350247 968303913 989997448
248742952 100998014 207920440 493869272
4
600086266 732182308 310836897 834039479
280676598 112448134 276143608 904825205
4
325933687 288444179 764198687 902399520
292832656 471682183 26944248 494707883
4
61356341 112495568 231964977 359151073
595406059 768164960 43860386 771236165
4
600546179 746143097 580328062 808762709
384440748 14710957 981511232 991069845
4
521468886 543692945 97841142 891892075
21346167 90128631 530430371 561030830
3
71353086 397170857 327383062 771438724
886309739 352914348 163637528 990137650
4
329564238 391267246 32394622 637086718
448830353 105319880 447468638 540517621
2
644150436 61788106 510200774 672162163
581132602 364931684 189883712 825357890
3
563245649 253742957 843568930 847863140
160288787 288816551 228306938 781841349
2
328415103 292521359 264542620 748629000
376551698 100549946 362196847 887091160
2
11107204 398093471 757122338 765449771
325920398 764017653 174060876 787212280
1
344791462 816155574 93277340 956740143
837934630 23432845 723047065 849888860
4
769861260 441748428 174865317 1000000007
264835303 151085101 255962067 709423160
3
426583530 276783863 16821380 525262562
25072995 278380029 123236268 744691303
3
757652311 655044522 336934840 929492526
265404328 86229013 182918400 912621380
2
283474552 302317890 440503816 505083532
234754495 214532710 736477297 749651873
3
69827422 39395931 103537209 908803933
773173512 367985644 747983935 818299011
4
848824801 155148295 92716931 880467580
234454407 327388800 154718745 387112817
3
35833687 258727839 794397269 816132084
89978677 206113666 416938022 755499787
4
410247 493016732 810064506 941979720
258265961 567236095 809791705 847160640
2
436123133 666576960 448337216 896682103
584173185 566045069 286363626 763535634
4
291435982 778410373 677960654 833334315
55454249 382471544 410170343 599173264
1
798456758 273199475 704331482 892612960
319829001 34676470 448606693 838604639
2
954006234 141064716 703594389 954676375
919277402 564798726 155305875 942426109
2
570656951 551129421 928226632 1000000007
530700790 391618504 314094281 543005415
4
820330067 174151759 606488704 900704171
455681931 507365478 541002867 624094775
2
62966872 768879384 620875556 842732557
263914271 734892642 270481269 931995084
1
139374249 324908982 236585292 364344258
616875005 208278914 610530434 945462715
2
350750107 830468166 627598585 967174643
920804107 204047339 773886337 995200371
4
139279969 150699136 602106419 774256323
564240025 173560385 176414753 982491814
3
609991978 353974864 220660373 610213717
314957048 703994711 124579032 941640854
1
74044246 790043621 398651305 1000000007
86927804 361479995 115760491 496362423
1
187515775 672012868 543684826 1000000007
860354728 985089073 234284159 999656531
3
98306338 357360404 116121034 396982670
731055051 675707071 277943899 849277414
4
288515408 90324924 60946262 442740602
480883410 735557783 844148874 966458520
1
325710619 700697188 265308206 759357782
84803763 114386080 13926613 899417917
1
217408801 437187356 555070020 873643707
840267842 820790119 38522854 973684277
4
525776221 320497523 741866775 796056023
287457362 899821873 320104704 1000000007
4
275042745 764459760 757804418 929006150
497430183 322799387 330204192 800589995
1
839282540 374918230 570655057 957778757
415975141 808707721 394714353 962784480
4
621513188 684144552 835130568 865756886
462496141 537179507 372824591 803907269
3
565561392 422335316 266410897 729816591
2760810 200346784 500170439 511617570
1
525104594 153824675 231730640 832016395
174124140 415877750 28018258 960573370
1
689406961 586354987 757195634 839667046
661364288 276025009 178629029 891056768
1
611004598 823373424 341198520 945684244
219652153 422175327 504291958 864236593
3
508672274 48383809 503316940 687474970
486052261 722522222 237520658 755659125
1
787557141 826764026 544511052 1000000007
139881358 38849511 829037329 857493951
1
216356880 662013086 410390768 970834733
205628364 291801416 120830758 345834879
1
513623578 633638142 524500421 875230166
579777194 46519708 359803036 884040899
1
260557636 577030396 857454450 887163671
224892086 184924224 5730538 301554377
2
454828849 489549700 129208044 502680509
468250941 681943394 299979355 692891282
3
40167261 738735519 760974535 780816814
868653270 635356210 743251887 896233974
4
431550523 121633831 20442935 599337034
292391603 196120744 716198650 918573776
1
530458513 221899504 442620233 907503574
439363564 768550038 196831892 843855031
2
204219724 884163202 7208785 954442370
266853849 259863202 262982178 815274059
2
453419883 404583861 287371154 847905920
454091565 535795284 93848550 848107431
4
295400805 551905153 303459263 781575281
743906537 644130148 288118191 924379026
3
88691479 418357840 220921301 587789378
308629724 688247397 92118254 880405426
1
349881167 147012999 822505289 977214302
770091166 761157783 476453934 796484660
4
441166099 197820680 694732446 755493154
338627170 204812375 232575532 769175091
3
317745474 414822554 433712858 735711572
660754106 255307287 58267117 972332199
4
835051479 169204649 209636223 848156254
853085811 297002593 23234666 990475458
1
116628736 121813921 94122894 247413253
61693058 142967930 878900933 1000000007
2
231293948 395287563 493121384 516718763
216492416 302244158 311021332 620941030
2
780880466 475908359 558464043 824450562
443013973 436667256 366639519 650567890
4
736781093 925088516 948216130 1000000007
232477146 593149425 91631516 636563968
4
249490521 893988666 99406354 999870024
546506996 80944752 8897803 781485245
1
262752570 545428520 408562182 587869668
227418643 105675565 70024876 904611013
3
874352400 58160765 633694333 932531608
962876629 989285874 725317623 990239573
3
153283019 379474822 287418233 737635491
29674183 293237724 158071126 512712987
3
749792144 752491269 729423128 932094381
273169913 352697079 822778863 842897357
2
379074186 140071731 252887440 402057769
31910869 168163864 562879298 754065875
1
166948709 69033371 367763987 684398453
189267999 281145647 258731472 426986190
4
246770310 111636027 210682927 507941978
30683031 403774180 383050746 476649792
1
254057912 354935465 510543681 1000000007
824881139 624080845 125648062 862707051
1
602956619 341387344 103761652 636123254
283726122 257134311 241495671 538555541
1
404066706 45512797 381421180 432756375
136911085 17111528 255496233 881167122
2
130815920 134304823 55302401 644811194
9458125 392354846 304832308 411606171
4
633755600 489826149 141780028 664013704
98411059 240227483 220610737 430987162
4
559043204 10149115 221624727 613642875
540141563 76277768 546993069 805401399
2
118802850 439545722 505530906 536888237
451685350 323020175 376146367 470739064
3
196606014 505340434 411137959 916832234
157218677 323475660 567500059 818287976
3
170507521 589833374 54917672 772012828
566084539 431295804 147894268 870524301
4
195691955 723125478 178797177 1000000007
89333398 337642582 757277893 933401278
3
340622407 207226496 376812236 913042249
476065153 625168972 326140556 950396369
4
466018410 509675075 81048375 963883051
606667065 36209077 856702650 870279355
3
503123151 84292869 310580553 789563477
297485665 477133265 670087645 940931861
1
233568774 490258763 70864867 600045078
214799535 213450152 84036121 222935445
1
92865693 247209149 284224860 498644417
228592358 257952218 193546018 548843930
4
672567640 765846832 686197892 806021702
795882220 382374399 844228907 886849145
3
852356712 553821197 483046627 934845359
674820723 757165178 826819788 996862713
3
791148256 150038280 27075014 794792355
46357188 21255502 108195258 200971105
4
108911660 451803393 522412015 565237442
663932129 638025716 553318949 668158591
1
773449736 581804823 722224098 809490274
5079243 722761308 237176416 841297150
4
339715903 755960371 263288805 972082579
89566007 236027882 537967530 1000000007
1
376261546 477252328 338736941 866763483
160482301 413519972 489898982 605286855
1
465058184 486495255 242149504 940388575
59205983 643904856 607846886 723403313
1
39363432 38917121 24154435 703718858
811819501 652449941 359146126 942241786
2
54577916 690012271 432575657 908517968
3523230 393927017 462453717 487829490
1
296614724 305165901 433869337 707229311
487121640 397429901 939834037 1000000007
3
251812527 485397230 238016919 770966642
93345180 135286213 105044539 220326176
3
758867527 460440917 29517245 793199682
851866694 715737572 402545325 910959629
2
96855723 307142423 389321656 718073898
103806119 308133546 13794861 683319032
3
120290045 368952161 442832265 535643477
942047269 900461098 620038352 1000000007
3
6235694 474403683 251110846 826432342
656603355 210348775 367586178 954259378
3
751022734 549618119 715859127 1000000007
731436180 796086179 205598974 1000000007
2
176357784 813752114 644885964 959416252
85689747 316976734 231758078 456366739
1
85806185 215403814 906323879 999137965
826762802 411500562 540172625 1000000007
3
773919842 308368884 44562651 788574900
347246031 16949040 307908133 1000000007
4
382357685 585603613 422763874 597885287
571576567 728318458 475042095 961455392
4
681616653 708674237 358397095 753035842
510332061 488040521 60243934 703033598
3
284853015 352660525 75818 442095478
760609818 72475419 952905275 955843501
2
96880820 188512366 492756944 623911928
857707153 622472088 774179636 929354751
3
611019388 734068650 655097120 789296035
904831299 401545464 325581593 962053765
2
396349576 961260772 885729976 1000000007
808341315 553940840 283841912 982811607
1
473148124 337205197 186414595 584325919
423217922 197438153 337026473 426607491
3
363405187 400130781 265073872 854489448
353221764 503475026 545344411 769947719
1
621377283 245100017 315829572 780784456
203977348 391666984 508895111 549425155
1
578146077 532237645 347070465 858764272
637102890 475791774 563399642 1000000007
1
141271654 549749672 204307810 802141757
236632079 40518206 809907496 905878936
4
221361144 584747254 88575699 850838352
673681159 286608000 493136788 790947832
4
167626913 200247067 158457376 524224463
82552326 140215700 784444127 1000000007
2
162194457 622800676 199093131 740397495
522300202 296671654 857331736 880565379
3
70501811 33739175 32163215 156869088
834486844 465427222 268241849 873698183
3
638822215 129807627 539935571 751291278
17986814 457408458 531835573 835517160
1
959079810 838462011 802250067 1000000007
169469765 314387468 658088370 872688198
1
565870367 80242945 632720890 692734225
10330058 759196128 69395699 766154661
4
66731589 183593178 176526391 216362666
160329856 351865222 737983774 1000000007
3
116636887 41514360 269553128 831710876
498817042 523482212 433230439 828452790
2
117047609 763964327 674956374 870569110
368229703 244161911 366396791 903241095
4
193042601 838777223 720933357 891188762
560143871 53985162 636132897 877240832
2
715829557 473842925 467716496 895889621
24465068 287366332 119366653 437018608
4
229678259 172276874 465349581 826645046
304157480 417052450 237882021 573454231
4
455485187 181273345 435249431 692765922
433070269 301665048 41601414 977143486
3
239930825 116883663 505222702 612391869
58833068 399994272 127930510 586773171
1
86768245 424420703 188369745 610992039
532046297 910547382 503743057 988012333
3
426542877 497361209 339681148 504794537
133889369 178410165 39657970 691918045
2
701174299 462863545 244752369 1000000007
697211734 502519167 542232552 876497557
3
564842976 561382783 986981354 991111428
388920449 101075595 418323867 933419760
4
508000419 367008350 761897998 785697982
307903078 733850136 674656960 809208015
1
666550145 76186093 587369126 695358765
151405003 160886450 603611133 751568797
2
560668032 850399987 53919008 966234601
287911128 168544025 337662354 780459161
1
197385404 851309124 13535960 1000000007
387111689 458413279 752084790 928586230
2
378417490 98569176 227484577 465602270
712887421 344040541 971159663 1000000007
2
48093452 325291169 511545138 1000000007
377265680 211830593 55306933 471371490
4
322537004 822082453 364123172 939671780
377899295 453782156 624295424 831143738
4
646420369 227400488 53166247 719291507
134690308 601490654 728673323 853754520
4
568784460 804042528 676295448 812992754
124249139 253083734 119037764 308728838
4
946613799 965023392 940532531 1000000007
450496340 289095161 41693137 515248423
3
756422279 918409880 878571214 978403652
536977820 758965819 25366725 879422789
1
704117695 739546258 378159076 851696573
592646199 722019490 450704011 732920616
3
116824173 64591702 471775028 666710561
205637692 651361905 687378156 794960373
1
191926767 174820214 355381100 386738150
93666089 587829874 796184368 889187076
4
327188137 18879762 458724427 576615773
400120057 124484614 586264047 718846636
3
446034343 593095378 217042086 825648704
519695378 48755902 948265200 952766139
3
44300918 56179037 172386091 228663950
609019579 249874088 941782886 998208546
1
55050544 222583540 258881276 358375745
476608317 417841296 151351379 699999987
1
141799498 219032271 573267395 626247535
162084847 441488405 1202759 442045377
4
631300855 433259091 129523617 653070308
61845757 122052877 619106008 827864345
4
209589594 220395615 140822269 221365667
706837873 616188309 584036467 929081254
4
58902957 511112540 454345798 872579046
431883748 504548264 282102938 824039824
1
641998356 871537408 66060509 921275968
101583137 212199787 752329490 949569517
1
509098456 157912254 391677843 959812261
371503878 371850667 96182056 915494373
4
410127213 802568526 142702509 1000000007
26367971 84188750 34514821 606705957
3
394093902 628037124 238233290 710990924
677879461 7306736 617547404 908897038
1
755567334 217464332 722127806 773458775
607555907 317836586 281157092 615999576
3
270387852 433090084 780610149 1000000007
59084043 402629648 520160457 1000000007
4
633126992 511829681 499713691 1000000007
327058248 485671595 349339887 1000000007
3
636899608 676322828 95899312 998177624
489129434 852978719 180869700 909518771
1
429373076 102181351 7463015 715067196
149895461 64438904 75583073 835680277
4
728959238 463882071 268462706 768867320
551469970 196941491 366380851 769538626
4
12641454 206593346 171393575 1000000007
167992589 269872304 60399283 827149929
3
371097404 208256442 451316610 609397484
899292855 419046168 354624755 929250182
3
712588703 380490692 290054118 1000000007
91250668 304860124 749963680 778078192
3
824794490 3445601 478450500 998011633
661315294 755435339 285058940 873845292
2
418465641 439397643 837426933 923219444
877785321 904892407 808785195 916178964
3
418581899 606859629 656782329 667109216
314290913 297115478 766036670 1000000007
3
317324806 141225689 782184557 1000000007
176085835 45442150 227742305 244153004
1
402376638 270925936 236252508 421269045
166548231 323663325 752308465 854596569
1
178312616 157347900 191067542 397444009
731677864 279284693 430966459 954039542
4
425092181 279742122 684871837 849092357
483067300 398595151 262492285 737938338
1
244908630 160372796 127865713 487845729
185348898 29443372 99025288 324897138
4
726533145 861780812 707836042 976651498
153466405 763139045 841423257 1000000007
2
855739270 455983698 271541410 1000000007
292962148 136071920 797406588 951942944
4
810245272 590319257 723742966 884224302
566189581 681249448 458915100 882541901
1
82742573 835252407 829658017 987782777
425640210 163306333 399998499 588127721
4
52232070 292169715 240841258 723016699
177473395 306804063 185959348 540990470
4
598632567 146225637 763793918 922091501
782621414 50452755 236814136 925816572
3
197141511 409220378 27122637 945588818
48122903 190892701 21867213 282258409
1
753957064 930729833 136406261 933573776
104393330 935019094 45440228 994561867
4
428547671 579541961 72167610 650028259
80412161 690972723 678404052 1000000007
3
396703755 123088240 281299462 674780571
97495497 490494324 280672297 909347608
