12
180
31 11 13 32 33 15 14 19 35 32 30 6 22 22 14 13 23 32 27 35 5 6 7 20 1 28 9 14 32 8 7 7 20 9 4 16 13 29 30 26 31 33 33 16 33 24 13 6 21 10 17 28 12 16 23 9 22 18 12 10 14 25 2 5 16 18 4 3 32 25 28 28 13 11 24 19 32 3 5 21 20 25 8 4 20 4 1 2 6 25 7 9 26 17 17 23 23 18 17 7 8 15 30 12 19 32 21 33 34 9 2 14 13 7 16 32 14 3 24 1 8 15 24 21 19 26 12 10 17 3 7 34 13 15 1 4 13 7 6 1 8 30 3 22 25 12 25 11 19 17 4 17 14 25 8 5 8 33 18 29 15 12 22 26 31 34 2 35 17 30 22 6 15 1 26 12 34 8 30 14
23 3 13 18 16 4 25 32 6 14 19 34 33 10 17 17 28 35 35 16 20 1 20 33 13 15 12 1 32 8 16 16 4 14 1 13 34 32 7 30 33 7 26 18 22 32 25 30 9 8 8 14 29 32 22 6 7 9 15 1 32 17 23 8 23 30 2 4 13 3 35 15 5 2 31 18 12 15 26 22 21 5 2 14 7 14 33 28 18 4 7 9 33 20 3 24 8 21 27 12 12 7 26 13 3 16 19 4 24 5 5 3 12 25 6 6 25 7 11 17 4 8 32 14 25 11 30 19 28 22 28 32 8 10 12 25 24 22 6 34 26 20 8 2 25 17 19 10 22 17 29 34 30 6 13 9 30 17 26 33 17 31 12 24 13 31 21 23 14 9 15 14 11 21 7 19 15 1 1 13
153
37 34 31 21 33 39 14 18 26 19 34 8 17 19 14 38 2 17 6 1 5 26 30 5 22 14 28 40 21 18 18 7 39 9 5 39 27 31 32 29 37 5 26 14 30 40 27 32 18 10 3 7 16 32 4 9 14 2 11 26 27 5 11 1 3 4 17 25 39 35 1 17 10 27 8 37 13 26 31 2 35 7 23 6 14 34 15 37 40 2 40 21 27 29 2 36 18 12 28 12 37 36 24 6 33 22 28 11 6 31 26 37 23 9 16 4 14 24 17 26 21 22 11 16 29 32 31 38 27 15 13 31 6 24 37 18 27 28 30 11 25 33 2 31 13 23 8 4 31 3 18 30 20
6 2 6 25 17 18 24 19 27 37 3 23 21 34 39 16 2 18 39 14 8 26 17 18 29 4 38 28 31 34 34 16 15 26 21 7 2 24 11 25 32 13 22 40 31 6 33 1 31 5 31 21 13 23 27 31 10 27 26 32 19 11 29 30 17 18 15 29 16 31 37 37 7 2 30 27 40 35 38 37 14 9 14 14 40 11 27 8 14 26 26 12 4 37 26 21 11 4 1 18 12 18 27 28 5 33 36 37 1 27 10 26 2 3 5 6 3 33 5 40 8 17 17 11 39 30 24 4 31 13 9 37 9 28 6 18 20 35 23 39 36 32 5 2 7 28 14 22 32 31 30 14 22
198
16 36 10 15 16 10 28 32 17 6 24 6 29 13 22 25 35 28 14 22 8 2 20 3 3 10 20 25 29 34 15 36 6 35 8 35 10 10 7 18 32 28 9 27 23 27 26 14 20 15 10 4 29 6 28 7 5 36 26 28 22 28 7 36 22 29 36 23 26 6 20 25 10 14 16 28 23 9 27 31 19 33 15 30 25 22 22 11 22 11 10 7 33 18 18 27 4 24 34 24 17 26 11 3 10 29 33 1 25 7 7 28 25 12 15 13 3 19 7 24 30 10 36 11 3 13 3 23 33 11 7 8 22 15 29 6 17 4 28 31 18 34 17 18 9 35 32 11 35 7 22 29 31 33 5 14 15 23 18 2 24 18 14 29 10 32 13 1 29 12 30 21 5 13 34 32 7 23 1 14 18 8 11 6 31 32 8 27 21 14 4 34 29 10 28 6 27 13
15 1 18 32 29 6 16 15 18 26 14 7 18 5 25 13 24 22 28 34 5 4 35 28 36 20 14 8 24 29 12 35 36 13 27 36 3 34 25 11 3 13 25 14 28 19 33 21 8 24 3 24 11 8 31 29 22 7 22 2 25 22 15 28 20 30 14 28 27 17 32 28 33 10 22 29 7 1 15 10 23 6 20 6 21 23 30 17 7 28 32 7 8 34 34 23 17 2 10 10 12 20 11 1 7 4 15 35 16 3 27 10 4 36 19 32 16 29 10 29 22 27 17 33 14 36 10 29 18 29 30 27 31 26 7 10 14 13 28 8 32 6 23 9 15 13 10 10 28 14 33 22 18 7 27 6 26 29 35 11 13 25 22 31 7 4 3 34 10 10 11 11 33 24 5 18 6 6 11 32 35 28 31 23 18 7 36 22 26 9 29 23 25 18 15 9 3 6
179
15 27 31 37 45 16 34 37 31 28 4 16 31 24 30 12 39 45 9 19 8 13 16 18 33 37 26 8 24 4 12 23 43 21 33 6 20 43 30 46 24 3 29 4 17 24 6 14 13 14 45 2 19 7 13 30 5 12 34 26 30 22 24 43 25 35 22 32 13 18 7 13 6 29 20 18 19 2 11 49 28 45 48 36 43 19 9 42 9 15 34 12 12 37 33 40 30 44 8 39 41 1 27 20 17 7 48 22 9 45 4 10 14 8 44 29 48 13 36 15 4 1 14 22 12 2 6 30 2 14 11 33 47 12 22 30 10 15 33 28 48 14 21 7 10 22 46 27 26 1 48 21 47 38 42 11 42 43 12 24 15 25 26 32 23 4 30 47 40 30 2 31 45 17 36 21 44 30 35
12 26 8 4 2 28 6 49 2 15 30 10 22 7 4 12 45 18 28 19 20 31 21 5 37 20 10 30 6 31 46 30 36 38 48 3 30 30 12 17 30 11 9 18 6 42 45 8 24 48 36 43 37 42 12 34 27 42 46 31 12 15 24 23 18 22 14 33 43 9 9 29 16 8 37 27 39 2 8 30 35 24 14 12 25 7 4 17 22 23 19 45 4 37 48 12 26 43 21 10 40 43 48 44 1 32 29 43 35 24 22 13 22 6 34 36 15 24 31 24 20 14 21 17 1 44 47 19 15 7 34 40 13 13 13 45 4 33 13 12 30 47 2 33 45 15 16 1 19 39 47 44 9 14 21 29 4 22 30 11 30 48 28 32 45 25 41 33 7 11 16 2 26 14 27 33 13 26 14
186
16 44 31 30 40 26 20 2 30 13 36 40 14 28 4 9 29 43 40 7 31 41 38 24 22 10 42 37 33 17 16 39 38 10 22 30 16 10 3 37 6 42 33 43 26 20 36 33 3 2 21 13 11 29 39 17 22 15 29 26 5 37 34 26 31 30 4 14 28 38 42 40 1 24 22 26 21 33 20 10 24 27 44 12 6 10 4 39 36 18 23 12 8 6 16 9 28 31 9 8 31 20 8 17 39 16 30 7 16 31 7 40 36 40 35 33 1 12 32 19 22 38 25 16 34 5 12 18 8 33 10 31 17 19 10 15 17 8 1 14 30 2 33 35 31 43 41 22 23 8 23 19 12 3 18 17 16 33 20 4 31 5 41 3 7 31 6 7 38 34 20 21 16 42 38 40 2 35 18 5 16 4 21 21 28 17
35 42 43 35 22 38 31 43 19 2 7 5 7 36 16 13 38 41 33 37 20 41 40 38 11 26 38 14 16 31 28 21 21 42 10 20 44 14 15 2 20 28 31 39 22 39 36 24 31 28 12 1 43 16 6 17 17 8 10 34 31 31 16 7 23 2 10 4 21 15 36 16 17 40 1 25 30 27 3 33 16 12 39 39 22 30 21 33 16 9 24 19 7 23 40 41 16 6 17 31 44 12 33 17 21 12 30 3 36 5 4 4 26 23 2 7 34 40 8 28 18 31 4 40 17 37 10 26 40 33 35 30 8 38 33 30 10 8 5 22 13 9 8 26 20 17 10 6 29 9 3 3 4 12 26 29 16 38 32 42 40 1 33 14 10 18 20 20 31 18 16 31 19 8 37 6 18 24 22 34 30 33 5 42 22 29
190
6 10 25 43 14 44 4 10 24 11 43 34 1 32 28 30 24 25 40 13 18 37 23 18 7 43 2 20 18 3 23 47 20 43 41 2 33 3 14 47 33 1 47 47 33 46 27 27 32 40 36 20 34 46 16 11 32 23 41 41 38 43 30 41 36 24 48 41 46 14 38 29 12 36 25 12 11 33 8 1 41 3 22 27 45 12 7 29 45 15 7 31 37 8 3 11 23 33 45 33 38 46 12 19 25 34 26 41 15 39 36 47 37 11 46 34 1 29 44 23 43 20 42 4 14 40 5 21 44 39 48 24 39 34 16 17 41 13 48 23 13 2 14 5 19 15 44 42 32 19 48 25 27 37 20 10 2 45 39 7 19 41 26 16 35 10 3 24 43 36 29 5 21 33 38 36 19 47 1 34 25 29 18 4 14 18 36 48 31 23
36 23 33 43 44 48 37 46 12 23 11 16 18 2 48 7 37 14 24 47 32 2 47 10 48 33 32 8 13 21 29 20 15 41 27 47 3 24 18 44 34 29 30 3 38 12 13 30 42 10 48 31 41 10 16 20 29 16 19 1 11 4 44 33 11 31 19 43 1 41 24 4 3 14 8 19 34 36 12 1 7 46 27 36 5 25 41 23 18 43 34 25 29 36 45 23 17 18 15 7 27 19 18 2 14 40 47 21 39 39 47 35 11 46 33 48 40 26 14 39 23 15 38 22 27 23 26 34 29 44 25 33 38 43 7 33 14 13 2 36 39 47 45 25 3 11 41 45 32 40 24 34 43 34 41 6 37 5 33 25 37 10 32 38 5 24 12 43 23 36 42 41 25 20 3 1 46 4 19 45 28 46 36 1 14 41 41 20 20 43
189
38 25 32 29 15 13 1 16 3 33 28 31 22 35 34 12 24 19 12 10 12 16 28 25 20 24 29 13 30 16 23 29 31 20 8 36 36 28 1 21 37 33 30 38 29 13 9 1 6 26 32 35 28 11 3 24 32 25 3 5 18 31 32 4 4 15 5 31 34 2 30 9 32 33 17 29 10 26 11 19 11 26 1 22 33 27 8 38 28 34 16 5 29 8 1 19 1 16 3 24 4 26 16 25 2 33 20 32 1 5 11 28 22 10 22 27 23 32 15 5 26 23 4 19 2 32 15 10 15 6 26 17 37 33 15 27 31 1 31 32 20 5 3 25 24 8 38 23 16 1 11 21 8 30 27 7 33 16 19 25 23 28 13 28 15 5 34 1 34 20 10 2 9 18 38 28 17 12 21 38 17 6 16 33 26 31 29 36 10
5 12 4 16 33 11 11 3 15 32 38 17 5 4 28 22 11 15 15 4 20 18 33 32 38 12 29 17 5 30 35 8 6 9 16 36 16 13 32 15 13 10 12 27 32 33 9 27 15 38 10 37 33 25 21 10 32 8 24 13 9 25 28 26 31 11 10 33 16 22 28 7 36 25 29 31 29 19 28 29 3 3 6 8 2 34 5 1 23 15 25 23 16 29 26 1 31 27 28 1 1 32 20 28 38 22 16 20 1 2 38 16 32 20 15 26 5 10 29 8 38 34 17 26 23 8 34 1 26 4 28 27 17 31 1 36 33 1 11 3 23 24 1 1 16 31 26 26 3 5 32 10 23 2 30 12 19 5 20 24 19 16 30 37 30 28 2 34 19 24 24 21 31 29 33 21 31 34 25 6 32 28 22 13 18 35 19 33 25
158
12 31 31 38 22 29 6 27 29 30 31 4 38 4 29 30 14 15 29 3 30 32 7 7 1 34 35 19 2 24 17 17 23 14 30 5 37 8 35 10 35 13 10 5 7 11 15 11 28 2 9 17 32 39 18 31 17 17 4 2 14 36 19 25 27 33 32 11 23 28 9 27 7 2 36 18 8 20 28 20 34 32 27 24 19 16 9 36 37 21 13 3 17 10 6 27 30 31 20 32 13 12 38 3 37 29 19 17 33 2 23 4 36 2 5 16 22 18 29 27 33 30 34 16 10 11 22 25 3 32 33 28 19 12 34 31 6 19 2 18 28 37 38 4 20 31 19 3 27 11 17 12 11 11 35 21 18 6
27 32 14 6 39 1 18 10 34 30 31 7 23 17 27 19 25 10 36 16 29 32 33 27 18 6 25 11 30 4 17 17 28 35 10 17 15 5 7 4 3 23 30 4 3 23 2 20 15 2 24 2 21 24 31 31 22 2 11 11 38 7 19 2 9 27 27 38 33 30 7 34 37 12 34 30 14 32 36 38 16 17 12 18 29 20 3 32 12 19 35 32 36 29 17 4 31 27 3 28 5 20 29 37 6 32 29 20 11 35 27 28 8 18 17 37 31 33 22 13 3 11 8 35 19 18 10 13 9 22 21 11 11 6 31 38 28 33 28 31 36 5 13 30 19 2 19 14 29 4 37 16 9 19 34 12 2 17
174
29 19 14 17 24 5 36 15 8 16 31 37 28 12 33 7 16 20 30 4 12 19 28 22 16 1 12 39 10 4 32 20 3 22 25 35 17 31 12 33 4 24 6 37 14 24 35 8 30 5 29 30 1 18 22 13 12 34 24 3 23 33 38 13 20 18 36 35 32 4 39 2 30 14 23 36 34 13 13 14 34 15 2 38 3 18 19 5 32 15 24 17 26 5 16 26 34 39 24 15 2 3 19 35 18 36 34 28 10 10 26 22 8 31 35 30 23 29 20 30 31 9 11 3 28 30 3 32 25 14 30 2 28 20 1 2 27 28 29 21 29 2 37 14 32 1 11 34 37 9 23 25 19 26 22 4 21 36 25 19 14 25 7 38 6 11 17 8 23 32 9 19 2 19
3 5 37 14 23 24 20 6 13 3 32 2 8 30 26 19 11 9 38 4 27 24 28 15 38 33 12 18 14 3 30 3 4 25 22 2 34 12 33 30 23 30 35 36 8 4 14 18 19 19 31 35 33 10 13 13 12 26 28 28 2 5 10 12 29 19 20 37 36 16 37 36 25 21 35 15 26 17 30 16 34 31 22 32 2 35 16 38 14 32 28 32 30 4 22 31 16 34 3 17 9 24 36 14 39 9 34 5 30 10 7 19 36 6 25 32 29 20 28 19 8 1 20 29 22 1 7 12 34 28 3 25 25 34 13 1 11 22 31 4 32 11 19 5 23 29 39 8 35 29 37 39 21 2 2 19 18 17 23 24 14 30 24 26 17 14 23 20 15 18 15 1 24 2
196
25 1 11 11 9 7 7 44 37 32 36 19 40 6 9 26 35 35 37 35 14 3 40 31 37 6 2 43 25 24 30 20 12 36 43 45 23 13 44 9 10 14 11 15 21 20 38 5 16 40 33 19 45 1 6 42 8 32 43 4 31 26 34 38 6 40 26 4 43 38 44 37 11 34 39 16 8 28 41 3 34 37 36 5 14 4 12 1 6 22 39 45 4 14 36 28 17 31 41 35 28 8 32 8 44 18 33 11 1 26 1 18 8 12 17 1 4 6 21 5 33 32 15 43 42 12 45 17 7 27 21 32 4 40 40 12 20 30 5 38 15 43 4 22 25 32 26 30 35 7 26 20 8 13 38 19 10 41 4 26 39 32 1 27 22 13 37 17 20 7 8 9 37 11 19 45 25 15 6 10 41 30 14 1 24 12 25 8 2 7 40 1 2 2 21 19
19 6 17 8 13 4 7 31 37 7 37 11 43 32 33 11 25 37 5 15 1 15 18 4 8 44 35 26 7 1 36 24 30 30 19 40 11 4 19 38 25 25 2 40 26 14 34 10 36 33 12 32 3 1 9 11 40 37 1 15 40 11 10 43 40 21 44 35 6 26 9 1 14 22 45 35 21 6 6 25 39 4 41 41 42 17 2 20 32 43 8 17 40 4 39 43 7 27 37 1 12 36 26 45 31 24 38 9 16 15 13 2 38 17 1 8 45 8 1 18 20 38 5 12 27 26 14 37 12 37 40 6 23 28 20 2 13 43 34 38 12 30 4 6 41 4 28 8 33 35 8 26 14 19 28 45 6 32 9 36 5 21 12 22 45 20 32 21 43 30 22 3 16 19 14 41 42 39 35 20 10 1 44 7 7 4 26 32 8 44 25 32 34 5 31 11
174
22 17 13 12 18 10 16 20 8 39 23 34 13 23 23 32 37 21 22 11 3 24 27 29 6 11 12 2 14 29 29 35 3 27 16 6 6 25 24 27 6 13 36 16 29 28 27 23 1 19 18 35 3 15 15 7 3 37 2 14 2 3 30 12 14 29 29 11 18 33 9 7 35 19 4 27 36 34 9 18 3 1 16 15 18 23 38 4 6 31 34 31 36 25 10 1 31 31 36 13 35 25 5 15 38 1 38 34 9 8 33 17 27 23 32 23 30 23 39 7 40 10 5 36 36 39 23 2 38 2 13 12 27 1 27 19 23 32 34 22 36 6 28 4 18 22 35 27 25 23 2 37 40 21 18 38 18 37 15 39 36 21 9 22 1 1 12 12 6 31 24 29 38 37
13 18 36 23 7 22 3 36 4 9 15 19 38 38 40 2 14 23 2 11 3 9 2 12 39 15 7 29 31 21 8 23 13 16 29 18 1 3 24 14 19 36 40 1 8 10 3 35 6 12 32 1 31 29 5 34 38 17 3 23 25 35 25 34 29 34 1 22 1 31 30 24 15 34 27 13 15 3 28 15 18 6 22 39 28 37 11 6 12 33 35 4 27 23 27 16 20 10 34 27 27 18 1 2 23 39 11 22 5 37 19 2 10 29 22 29 18 1 36 2 27 23 17 6 9 32 37 23 30 27 12 23 25 21 9 13 16 13 23 16 27 23 37 6 32 12 37 31 39 18 7 12 6 18 36 14 38 35 25 4 6 24 36 35 36 27 29 33 21 36 18 31 38 38
165
31 15 32 46 43 41 26 18 11 22 32 25 27 26 23 44 6 25 21 19 12 40 25 43 32 22 26 36 10 24 29 26 33 33 45 30 28 15 4 31 27 34 5 29 13 18 33 12 38 19 9 38 13 13 40 46 38 38 10 20 41 40 45 41 39 36 47 38 48 19 45 45 2 10 47 30 20 24 17 23 35 5 8 16 23 7 12 4 43 23 20 24 1 42 21 23 10 16 19 8 29 48 11 1 6 5 38 19 36 40 15 36 39 15 8 32 40 33 40 39 45 31 23 24 20 37 46 34 40 25 9 31 7 49 2 26 48 29 30 16 8 19 5 3 34 33 32 37 37 20 49 27 10 41 12 10 47 9 42 13 34 8 37 31 13
43 31 38 23 16 38 12 5 19 47 25 45 22 8 20 40 10 10 43 33 44 8 27 30 21 31 29 32 24 41 37 20 31 32 47 43 5 20 42 12 33 40 33 8 3 19 39 16 2 20 34 34 38 29 4 27 23 5 24 15 26 28 19 19 40 13 26 30 4 7 9 48 49 46 12 11 40 10 25 26 1 46 34 30 10 34 36 45 29 19 47 15 24 41 45 13 32 38 15 46 45 26 26 37 35 36 42 13 13 49 23 39 24 32 32 6 40 7 40 23 31 12 36 31 48 37 15 16 41 6 13 1 20 10 38 39 41 23 38 2 11 45 37 21 10 18 9 5 17 18 22 36 25 40 9 33 8 48 29 33 23 8 19 27 25
