67
72
10 64 50 28 58 60 70 26 14 61 37 6 9 62 72 23 1 35 43 56 19 52 45 8 25 5 7 38 13 46 4 48 31 2 71 67 30 63 27 36 57 55 34 16 11 47 21 3 32 67 69 24 54 12 53 66 39 51 33 44 29 18 65 20 40 22 41 59 17 15 49 68
20 61 67 3 45 25 58 13 30 11 53 57 60 56 52 63 59 47 26 1 44 28 68 65 54 50 41 17 43 55 71 36 64 19 70 46 72 23 27 5 48 21 14 37 69 16 33 29 62 10 38 66 7 24 4 12 32 39 6 51 40 18 9 49 31 2 15 34 67 8 35 22
61
34 20 42 50 18 8 26 38 30 37 33 22 6 1 59 41 5 23 17 4 32 25 11 60 29 39 49 16 27 40 35 57 10 24 31 9 61 48 21 43 46 12 45 56 55 44 51 54 19 38 13 15 52 28 53 23 47 36 14 2 58
57 47 43 9 13 46 40 4 44 60 50 51 10 38 31 55 61 58 21 27 52 25 49 45 26 18 37 42 36 54 39 34 23 1 6 5 28 35 14 22 53 56 17 23 8 33 30 32 19 29 15 24 48 20 16 12 38 11 2 59 41
50
8 46 26 2 38 5 43 31 19 11 21 10 4 35 17 41 32 34 22 7 27 48 37 29 1 36 42 18 20 9 28 40 48 44 47 50 33 16 45 39 6 3 24 30 12 15 25 49 23 38
47 34 20 48 22 2 33 11 31 21 41 49 16 43 15 36 4 1 17 38 7 46 28 25 44 50 27 32 26 48 29 9 24 40 23 12 35 18 6 37 3 39 8 45 38 42 5 10 19 30
57
38 31 45 47 10 7 9 35 11 1 23 17 32 3 56 16 50 53 34 28 43 5 41 18 19 55 36 15 26 2 32 51 24 33 42 37 14 4 8 22 27 13 21 40 12 49 30 25 6 46 48 29 44 57 54 11 52
32 1 50 51 49 24 8 32 5 36 25 55 17 47 38 42 14 2 27 6 7 56 11 46 31 29 57 45 41 54 44 22 33 15 18 26 13 43 3 16 21 19 9 37 53 34 52 30 40 11 10 23 12 48 4 35 28
73
36 35 3 72 24 31 60 9 62 40 10 69 25 57 28 15 18 4 50 11 26 17 7 54 16 46 67 19 38 13 12 65 44 22 61 45 34 20 70 73 14 49 53 29 37 30 2 8 3 23 6 41 63 71 1 48 64 27 51 47 32 43 58 59 55 39 33 52 21 5 66 56 68
61 62 58 38 27 49 63 73 4 3 67 15 66 18 5 45 56 36 46 9 55 17 10 28 40 3 22 57 20 8 60 37 41 7 54 44 13 43 53 71 12 65 11 34 51 64 29 1 19 72 24 25 2 39 50 59 26 21 35 68 69 31 16 14 32 47 48 30 33 70 23 52 6
74
66 67 10 74 38 5 69 64 52 29 53 50 59 20 21 55 11 44 73 1 63 13 62 37 14 49 12 3 24 25 6 26 45 18 48 35 33 15 34 9 68 46 19 17 51 26 23 61 60 27 2 16 70 41 70 8 7 57 65 47 4 56 31 54 72 28 71 30 40 36 39 58 32 43
64 70 38 27 36 14 61 6 33 69 49 63 29 65 59 34 50 20 26 52 53 73 57 28 62 43 13 24 21 5 37 15 2 66 7 25 23 35 1 40 51 30 3 47 68 56 8 4 72 58 26 60 10 74 19 70 46 16 44 12 48 17 39 55 18 9 11 71 45 41 54 67 32 31
87
48 46 68 62 81 28 47 31 3 23 60 10 50 71 65 70 38 56 20 74 63 16 4 85 72 11 79 15 21 54 22 67 87 13 19 55 44 75 58 7 40 29 83 37 76 42 35 14 2 25 17 82 13 6 66 53 41 34 59 30 52 80 86 36 64 77 18 27 45 43 8 67 5 69 51 33 12 61 24 57 26 49 32 39 78 84 9
21 26 62 8 32 17 27 43 13 11 7 48 24 39 28 74 45 36 75 53 31 42 76 34 64 2 9 29 66 67 46 25 23 49 16 65 69 63 80 61 47 56 58 3 70 84 86 19 14 68 38 35 15 78 40 57 67 37 83 18 6 12 52 51 85 72 41 82 5 55 44 50 77 13 20 10 71 22 60 87 81 30 4 54 59 33 79
79
58 68 44 26 9 70 50 20 22 4 60 42 5 47 21 33 51 23 29 34 6 67 71 75 38 63 49 76 54 39 43 25 45 41 56 2 57 40 15 72 23 27 59 78 30 12 55 13 35 11 16 66 37 1 14 17 77 7 36 74 22 10 69 62 65 28 64 48 8 79 18 31 52 24 73 3 61 53 19
53 4 34 38 72 6 57 33 41 30 39 22 24 73 79 12 9 14 3 19 23 69 16 29 54 47 25 18 61 45 1 70 44 20 55 76 37 77 7 74 63 10 56 64 40 43 28 27 67 68 35 42 51 65 8 22 48 71 21 23 66 59 75 31 60 50 58 78 13 15 2 11 26 17 52 49 5 62 36
61
34 59 44 37 49 50 12 22 26 9 17 35 19 40 43 61 6 39 18 5 53 10 46 3 11 45 55 1 18 57 38 21 24 47 56 33 7 11 60 23 25 36 32 8 4 58 52 28 29 54 14 2 31 13 48 30 16 41 20 42 27
4 43 50 39 46 12 47 11 27 49 30 36 44 19 48 25 23 14 41 61 7 17 40 28 54 56 18 22 10 29 57 26 45 60 31 58 20 53 59 13 18 37 5 11 35 33 38 21 2 34 32 52 9 42 55 24 1 6 3 8 16
88
25 66 31 60 10 18 87 77 64 13 8 19 82 46 3 84 73 38 55 45 30 26 33 9 54 29 12 81 32 72 2 1 37 79 16 21 61 22 4 5 28 6 7 63 23 86 68 78 39 56 70 69 54 44 59 71 43 75 11 58 42 62 50 35 14 15 41 80 57 83 27 85 34 49 36 76 20 88 74 24 52 48 40 17 53 67 65 47
7 44 70 74 81 60 30 26 29 71 82 78 45 64 8 48 34 43 31 22 16 58 15 36 2 4 86 84 65 28 69 66 59 47 32 23 52 21 10 85 5 33 24 67 79 55 19 83 72 39 61 27 20 42 3 13 14 63 38 9 56 68 80 75 57 11 35 77 76 17 50 49 53 73 88 6 54 62 87 12 1 40 25 18 46 37 54 41
54
46 45 37 21 6 8 11 22 33 16 47 32 3 17 13 27 38 49 42 7 36 50 19 18 10 48 24 20 13 29 39 54 15 1 35 31 25 26 4 43 28 30 23 40 14 2 51 44 34 12 53 9 41 11
33 21 43 41 11 16 14 48 22 19 17 28 44 40 6 2 18 8 12 13 24 31 46 53 9 26 10 1 23 4 20 32 15 30 38 7 47 3 50 45 11 49 25 36 54 51 13 34 29 27 37 42 39 35
75
51 36 4 62 22 38 3 8 20 46 29 66 5 15 75 53 68 37 70 55 58 61 14 18 26 7 56 52 73 30 2 72 25 71 67 17 60 41 35 39 24 27 1 11 59 29 16 6 48 31 43 45 65 33 54 28 40 42 34 10 63 12 47 75 49 32 23 21 9 13 19 44 57 74 64
44 5 36 48 28 46 29 75 60 71 68 30 53 10 16 34 26 39 4 31 20 13 58 72 3 57 49 11 24 67 2 42 38 54 59 56 43 66 52 17 23 25 32 12 40 41 37 65 64 18 63 1 8 51 14 6 75 33 19 45 7 62 35 74 22 27 9 61 29 47 21 73 15 70 55
98
92 54 98 78 15 86 66 42 82 29 91 48 65 83 40 35 80 14 75 72 49 85 34 62 32 4 57 47 74 5 90 24 53 96 7 8 2 33 11 6 41 36 67 26 44 21 10 60 52 61 20 28 50 45 84 81 37 51 93 22 56 55 27 23 9 70 19 69 33 38 64 89 16 13 79 97 31 63 71 17 58 46 73 94 76 68 12 95 30 88 77 18 43 39 25 59 1 87
31 41 77 79 11 81 60 8 10 64 7 88 15 65 82 42 27 74 97 49 36 25 16 6 62 78 19 92 59 43 51 89 85 70 94 91 35 95 98 29 87 2 69 23 96 5 53 4 22 44 80 9 55 66 26 76 84 93 63 57 71 40 32 68 17 37 72 20 14 83 33 52 67 28 54 33 13 45 24 50 18 56 47 58 21 1 39 30 75 90 61 38 73 46 12 48 86 34
75
16 5 21 32 37 18 47 65 1 56 48 49 70 30 62 68 20 50 24 2 36 14 60 23 55 17 74 40 8 33 34 25 7 43 4 44 10 3 38 51 19 22 35 12 45 52 61 6 29 26 11 59 67 46 28 41 53 15 66 13 64 69 72 57 75 39 58 31 54 34 9 73 71 27 42
19 57 24 53 50 5 64 8 48 51 44 15 33 17 10 68 75 69 70 60 54 72 56 66 58 6 11 52 18 20 28 37 22 46 62 2 29 61 40 26 36 21 14 1 4 41 55 3 71 47 9 35 12 13 25 7 67 42 34 59 30 49 45 16 32 74 43 27 31 65 34 73 23 39 38
88
32 83 22 45 43 30 81 46 76 54 29 69 84 21 24 34 80 16 5 48 67 50 8 6 77 31 73 74 59 33 25 71 30 57 47 87 55 23 44 19 18 64 52 75 66 63 61 15 88 36 68 85 37 27 4 28 17 3 14 78 86 70 2 82 60 65 13 41 11 53 10 39 20 40 79 42 12 56 35 38 1 7 51 49 58 9 72 62
28 44 34 85 31 82 10 25 62 41 13 19 60 43 24 57 39 36 30 40 80 47 55 70 54 11 79 65 84 46 69 27 6 8 51 9 59 1 45 74 29 58 21 16 42 18 52 73 7 71 72 15 38 30 61 17 48 68 83 56 23 32 37 3 88 5 78 67 49 14 33 77 63 22 53 86 20 50 12 87 75 4 76 2 64 66 81 35
74
12 11 30 50 53 65 17 41 74 42 69 5 29 49 23 6 18 8 24 1 64 3 31 38 15 52 47 71 56 44 55 66 9 14 36 61 4 16 67 48 57 45 70 22 26 33 35 32 34 46 73 21 7 29 39 2 9 19 54 25 27 43 58 28 13 20 37 63 40 10 62 51 59 72
69 42 7 57 74 12 23 36 54 2 73 53 22 70 39 35 45 31 21 15 44 32 72 10 3 62 50 5 64 20 25 55 9 17 67 4 18 9 41 24 51 16 49 28 59 52 56 43 65 58 66 33 47 1 26 29 71 61 40 19 38 29 63 13 30 14 27 48 46 11 6 37 34 8
60
13 42 31 44 12 24 50 48 15 18 37 58 26 46 14 52 56 40 41 30 60 53 27 4 39 6 38 54 23 7 21 33 28 32 11 35 19 57 8 20 5 43 28 49 2 59 1 3 9 25 22 34 10 55 17 36 47 45 16 51
38 55 25 28 15 54 36 13 3 43 28 26 21 27 47 19 32 49 1 24 11 9 39 42 44 53 34 35 37 52 8 48 22 51 45 46 10 18 2 14 16 41 50 33 23 17 5 60 12 30 31 57 58 6 40 4 7 56 20 59
88
49 54 47 29 42 2 14 66 23 44 26 25 64 56 77 65 15 86 52 76 76 58 22 81 13 68 79 87 70 5 45 34 39 17 60 48 21 27 35 9 12 11 18 24 85 32 37 19 78 31 38 72 57 62 7 51 3 67 1 63 43 46 36 10 55 8 59 30 74 69 28 80 71 82 88 50 16 73 75 41 83 61 53 40 6 4 84 33
49 44 32 41 80 13 51 73 34 58 35 5 14 30 67 1 69 62 83 50 43 87 39 9 42 70 79 76 56 72 61 27 40 16 76 45 10 53 64 71 85 17 19 29 65 78 57 31 23 59 7 54 47 6 66 18 74 11 63 81 60 36 25 38 3 22 8 77 84 82 24 2 88 15 48 12 37 55 21 52 4 46 33 86 68 28 26 75
80
53 32 46 56 73 30 17 20 25 38 42 3 33 35 5 19 26 75 11 4 9 72 63 22 79 57 80 1 76 14 41 67 55 62 65 8 13 36 78 29 50 54 45 16 18 37 40 2 77 70 44 15 69 48 7 28 71 49 67 74 59 51 39 12 34 10 68 21 6 43 64 27 66 64 23 58 61 31 24 52
61 5 30 20 9 19 35 3 56 67 16 44 39 33 38 55 74 65 22 14 6 8 36 62 13 26 66 46 64 63 11 18 73 76 52 50 23 57 41 7 12 45 2 21 68 17 69 78 40 15 72 43 77 48 29 49 53 51 75 24 79 59 28 4 31 25 71 42 64 70 1 34 27 54 80 10 37 58 67 32
61
40 50 7 25 48 24 45 34 28 41 49 15 53 13 2 59 19 21 31 11 34 37 60 6 8 44 12 42 22 47 38 20 18 51 17 16 52 3 57 54 4 61 46 1 29 14 36 58 39 35 43 33 32 56 27 10 30 9 26 5 23
3 5 1 41 57 42 12 13 14 61 59 29 10 27 26 34 36 6 11 22 39 30 9 21 52 25 58 34 7 19 56 33 16 17 37 60 38 40 46 54 35 28 51 32 53 45 4 20 23 24 8 43 2 18 49 47 48 44 15 50 31
99
21 8 56 57 62 82 26 96 14 60 86 98 67 32 3 64 97 69 79 40 45 85 12 72 80 22 92 50 42 93 89 11 75 78 16 70 61 53 66 4 99 17 18 37 68 49 84 5 39 7 14 34 65 31 94 58 23 1 15 76 73 13 91 55 41 59 6 95 43 48 83 46 20 33 90 9 87 19 25 38 27 54 2 47 24 29 30 28 52 77 36 74 81 10 35 63 44 88 51
73 54 88 89 58 36 97 50 42 24 37 64 94 56 15 46 45 78 51 87 61 17 3 32 13 75 65 39 76 95 66 16 74 21 99 9 59 27 18 26 35 5 12 25 92 62 48 11 40 81 82 57 90 6 14 33 23 85 67 69 14 1 72 8 83 43 53 80 47 2 84 28 19 31 34 49 52 10 29 55 79 98 77 22 44 30 4 38 7 41 60 20 86 63 68 93 96 70 91
65
51 45 19 33 30 21 5 4 60 58 16 65 36 8 35 24 39 55 27 43 1 9 64 41 23 46 15 56 49 63 38 7 54 12 61 25 48 62 22 20 37 50 29 17 40 59 58 53 10 52 28 32 18 13 57 14 31 26 42 34 2 11 3 47 6
62 12 17 37 57 29 36 6 15 30 43 4 42 2 41 9 23 38 20 31 1 13 58 56 5 7 16 21 45 3 49 61 11 26 65 51 19 59 58 46 28 34 8 63 52 50 32 10 27 53 35 48 47 64 40 24 54 22 55 39 60 18 33 14 25
54
50 19 44 17 47 33 21 5 34 53 31 8 49 54 9 45 17 37 22 16 25 48 52 13 23 11 35 43 1 2 24 18 38 10 20 40 43 4 12 7 28 3 15 30 51 14 26 32 39 29 27 6 41 42
1 42 52 23 18 26 39 43 17 31 2 6 43 41 22 44 47 49 53 48 7 21 16 5 37 27 4 50 12 9 33 11 19 13 40 32 17 14 45 29 51 30 8 54 10 34 15 35 28 3 24 38 25 20
100
62 16 4 15 94 28 7 93 65 78 27 66 25 86 56 88 42 73 8 49 90 39 96 85 67 64 9 50 38 77 33 100 54 45 8 55 70 87 72 21 51 14 32 53 91 79 46 29 37 60 34 69 51 59 12 13 76 84 18 5 1 98 57 95 80 47 99 26 3 44 52 23 68 71 17 43 58 41 75 10 22 97 48 81 6 74 92 31 19 30 24 83 63 2 61 36 40 82 35 89
35 36 84 67 8 80 82 95 21 43 46 30 65 98 29 90 97 55 70 32 66 40 51 64 33 71 17 72 92 23 69 38 77 19 78 59 50 26 99 79 7 15 39 85 42 61 87 34 51 31 63 76 2 16 14 10 8 13 28 25 48 68 12 24 88 75 41 62 27 96 22 81 60 83 86 44 74 49 94 100 37 4 52 18 47 91 54 6 9 89 45 73 93 3 53 57 56 5 58 1
99
17 44 14 50 26 67 45 75 2 22 43 73 92 16 8 63 11 69 65 51 81 18 90 70 47 84 34 33 40 71 74 77 42 76 93 3 60 59 30 56 72 83 15 4 53 91 48 6 88 98 49 85 23 1 46 62 5 55 78 80 99 41 27 95 28 54 57 31 61 79 39 25 13 97 64 96 20 86 24 52 12 19 77 10 89 82 87 36 7 68 37 29 35 66 94 32 51 38 58
40 33 92 45 88 83 62 93 30 77 10 84 66 27 38 48 97 31 75 79 90 91 6 74 32 67 65 51 89 8 81 49 52 4 42 98 15 12 50 25 63 64 68 94 22 3 78 82 96 80 46 86 17 54 19 43 76 55 37 59 51 99 72 34 23 73 56 58 29 44 7 47 1 24 11 57 77 14 85 41 2 20 61 70 28 71 69 35 53 39 36 13 5 18 60 87 26 95 16
88
52 40 86 38 7 20 59 33 14 31 2 75 29 43 65 61 4 41 46 69 76 36 80 48 3 81 12 25 19 8 21 50 9 79 58 51 6 87 77 35 1 68 49 88 27 44 56 11 82 83 67 28 22 72 37 10 60 62 16 39 73 70 84 54 85 24 53 57 47 32 63 55 63 30 17 66 42 5 15 23 18 45 78 26 34 64 13 71
71 73 19 44 36 7 69 43 80 87 63 1 68 23 28 21 35 60 34 3 12 50 18 6 47 51 59 10 78 88 70 54 4 62 15 77 81 53 41 56 26 11 16 29 83 22 57 58 42 2 63 61 5 9 37 64 17 27 14 31 8 39 72 67 84 86 49 20 38 13 55 30 66 76 46 48 25 65 79 32 85 40 52 82 75 45 24 33
66
20 15 35 8 21 57 40 32 64 45 38 43 50 42 19 4 27 60 31 65 58 11 39 16 2 29 3 28 37 63 1 5 53 22 6 12 61 36 44 26 30 54 14 47 59 62 55 18 51 48 25 10 7 33 13 17 9 34 46 10 56 23 13 66 41 52
10 27 60 5 20 14 28 22 53 31 23 36 18 58 45 39 9 62 66 55 17 38 2 29 12 21 37 11 13 26 6 51 30 52 43 8 64 32 35 65 54 42 3 40 47 33 57 7 19 41 48 46 15 1 56 50 10 16 59 34 4 25 13 61 44 63
66
24 30 37 5 18 31 57 33 32 41 23 39 48 29 12 43 45 13 53 65 54 7 16 28 8 44 40 1 46 20 59 9 22 26 27 21 25 60 58 15 6 2 51 47 49 63 62 38 42 11 14 19 34 17 64 56 55 35 10 50 22 52 5 4 61 36
34 61 35 43 32 25 22 52 14 44 18 8 54 17 55 6 2 7 10 9 15 47 5 38 65 51 4 27 50 45 12 63 64 21 16 26 30 49 60 19 42 58 40 37 33 36 56 48 20 39 24 1 62 28 11 29 23 53 41 57 46 22 5 31 59 13
100
70 57 29 34 41 76 6 93 2 30 84 90 78 21 3 38 95 64 75 10 66 68 71 63 48 46 77 80 56 58 24 73 35 47 62 1 72 100 83 50 89 99 55 32 5 45 12 74 67 40 33 28 14 43 60 94 98 52 23 44 7 58 86 17 87 15 25 61 81 85 42 97 16 13 54 37 79 8 91 20 100 31 18 92 96 82 4 26 19 51 65 9 27 53 22 49 39 69 11 36
42 62 91 24 94 95 81 49 13 43 32 52 56 79 3 9 11 99 16 36 20 60 84 48 100 34 73 93 70 98 54 58 53 6 68 46 90 67 7 80 22 78 26 75 1 61 92 51 66 65 37 33 83 44 87 19 30 96 85 69 72 82 86 38 28 5 77 12 8 97 41 15 31 14 25 74 89 18 21 64 58 4 39 45 63 71 10 2 47 100 23 57 76 29 35 40 27 50 17 55
60
48 22 45 28 59 56 47 6 40 1 21 13 20 44 52 33 49 18 10 38 7 30 16 3 53 42 8 37 2 58 11 29 31 5 27 57 15 4 39 2 19 17 51 35 54 36 14 23 46 24 50 32 55 41 9 25 60 43 34 26
31 22 14 41 24 37 35 17 18 27 8 30 48 23 5 53 54 4 43 47 7 34 29 20 26 46 40 25 56 32 51 13 2 19 2 44 60 58 45 11 50 16 3 52 21 57 42 39 28 36 33 9 10 6 1 49 59 55 15 38
82
73 37 42 10 3 40 50 68 23 15 67 24 38 20 1 39 20 44 18 59 75 52 65 17 4 82 36 9 80 57 32 13 54 14 19 71 6 47 56 29 2 26 46 45 78 43 35 25 60 76 28 41 22 58 21 64 49 51 11 63 7 77 72 66 61 74 8 30 69 34 70 5 31 81 12 55 27 16 53 33 62 48
46 28 62 73 48 45 21 65 1 53 80 42 13 11 6 10 12 29 44 60 71 24 20 22 9 57 37 43 82 3 69 19 50 15 74 5 8 35 52 66 38 23 17 81 2 72 77 33 25 56 47 16 54 78 67 36 51 55 4 75 68 41 61 31 58 20 63 76 64 27 40 30 14 18 49 70 39 26 34 7 59 32
97
19 3 1 15 63 50 88 17 76 69 72 51 36 54 89 14 67 2 71 77 33 95 32 10 57 93 85 29 6 30 53 62 96 25 83 42 28 46 12 52 82 64 7 16 20 81 4 55 38 59 23 79 94 68 70 11 27 47 21 92 75 45 86 80 65 87 22 66 24 13 8 60 35 91 61 9 90 18 78 56 74 73 39 40 84 37 5 26 58 44 48 43 74 34 97 49 41
62 32 67 20 90 14 82 96 85 6 12 8 36 27 74 65 64 2 3 76 24 34 29 89 60 75 55 17 87 43 70 30 19 10 40 28 84 33 56 92 42 78 5 81 95 16 15 38 23 4 93 97 74 58 11 37 94 21 72 80 73 61 18 83 1 54 48 91 68 69 9 77 57 45 39 53 7 47 50 66 79 52 88 86 26 51 63 41 71 35 49 59 46 13 44 22 25
91
54 60 11 72 55 87 31 85 3 13 52 41 29 82 14 6 57 17 62 51 83 19 61 81 25 69 35 75 90 58 79 36 89 63 66 53 39 7 50 43 80 48 84 56 21 27 78 20 86 2 76 68 33 91 10 12 38 1 26 49 40 67 8 44 19 30 9 18 34 74 23 64 22 15 4 65 47 46 88 37 42 71 77 32 59 16 5 73 24 28 45
74 14 89 47 41 35 44 39 50 69 83 91 62 85 1 71 6 67 61 7 25 28 52 48 59 11 33 20 78 26 57 56 2 16 90 38 77 30 43 84 75 82 63 40 24 87 23 5 46 65 68 21 34 10 72 29 8 19 32 66 88 76 27 18 60 53 58 37 9 73 80 19 79 45 4 64 36 54 31 42 86 51 15 3 12 49 22 17 13 81 55
52
36 44 46 42 12 23 14 4 33 37 21 39 29 13 16 1 28 19 6 51 8 49 5 7 28 38 26 30 45 10 43 34 22 35 2 47 32 11 48 20 15 3 40 18 24 9 50 17 25 41 27 52
48 49 13 10 18 40 35 21 2 27 7 42 50 43 11 47 30 44 41 15 34 16 22 5 39 28 52 32 3 9 25 26 8 33 38 28 12 19 36 29 46 24 37 14 45 1 17 20 4 23 6 51
73
69 14 27 71 13 23 16 36 57 64 43 6 11 29 4 17 73 49 18 48 1 8 56 35 24 67 65 39 55 12 32 62 37 7 45 60 52 63 72 26 66 34 42 58 26 72 59 3 40 2 68 38 15 41 50 54 19 47 10 9 21 46 30 53 20 31 25 5 70 44 61 51 22
63 55 44 50 49 26 70 9 34 64 72 46 21 17 23 73 32 39 68 25 69 56 26 10 53 24 7 51 16 18 11 1 61 27 4 41 19 2 8 67 30 36 71 59 40 45 65 66 22 35 5 60 20 12 14 72 54 52 3 15 13 29 57 47 38 37 43 58 42 6 48 62 31
84
62 28 20 65 4 72 21 76 74 52 61 78 56 45 18 11 19 57 6 77 36 67 40 42 46 53 44 2 25 83 37 7 35 27 34 64 9 75 16 49 15 32 5 17 73 24 69 38 66 3 12 29 41 79 71 26 22 68 59 47 1 13 55 8 51 14 60 58 70 39 81 30 84 48 23 10 82 43 33 31 80 54 49 63
10 34 79 19 66 9 32 46 20 40 23 80 83 36 1 28 49 67 14 5 35 52 41 8 2 65 60 55 42 7 16 84 57 71 75 69 38 51 31 12 47 76 58 59 33 37 62 24 68 43 81 4 54 78 48 49 77 56 29 3 6 63 70 17 21 73 15 64 26 72 18 30 11 74 13 25 53 22 61 45 44 27 39 82
60
19 36 15 10 17 30 54 21 56 11 45 31 26 59 39 51 60 14 57 9 52 3 6 16 58 50 25 53 46 18 8 1 4 20 49 35 43 2 24 7 47 42 23 27 44 22 5 33 48 12 38 40 28 34 13 55 32 29 41 42
31 20 55 17 24 59 54 9 53 18 48 33 7 12 34 43 5 21 2 4 30 60 41 35 42 23 28 42 22 57 38 1 39 56 36 40 49 25 3 19 47 50 26 15 27 16 6 46 51 8 13 58 45 14 32 11 52 10 44 29
84
31 63 16 75 68 64 7 49 77 34 66 3 30 32 67 6 61 39 57 84 48 74 17 42 9 44 60 19 33 38 23 20 54 27 17 52 13 76 24 15 22 43 51 12 37 72 71 79 56 78 81 55 53 40 21 18 8 41 5 47 29 50 80 65 4 45 62 82 58 26 17 83 70 2 59 10 1 11 73 35 46 69 36 28
84 68 66 3 6 27 12 49 82 1 23 26 13 39 28 10 4 8 69 29 18 71 79 22 11 30 67 50 16 62 54 47 20 81 65 38 59 58 64 44 73 36 15 78 83 72 31 21 51 17 9 2 70 55 34 48 52 37 17 17 45 60 5 33 35 57 46 7 63 56 75 41 80 32 43 61 40 42 77 74 19 76 53 24
60
33 21 56 30 52 6 37 3 10 40 45 47 19 18 5 44 59 25 22 55 42 53 58 32 51 17 34 16 11 50 39 24 27 38 23 36 28 4 2 14 29 41 60 20 54 26 35 9 1 15 57 12 37 8 7 43 46 13 31 48
1 53 30 56 32 26 55 11 50 3 44 19 24 57 35 38 58 51 39 54 25 5 46 28 42 18 52 10 22 17 47 21 2 27 37 9 33 14 13 34 41 36 60 40 29 59 12 16 4 31 45 48 6 15 23 7 43 20 37 8
68
19 31 47 4 28 44 29 8 27 66 53 63 60 55 10 15 5 17 40 41 49 2 16 7 11 3 35 22 54 12 45 24 65 25 46 50 1 18 39 32 51 52 36 33 64 34 20 9 57 59 6 62 30 56 67 26 14 37 34 33 68 38 48 42 61 43 21 13
15 33 54 43 10 9 63 41 3 22 60 35 46 18 51 44 55 37 4 6 20 47 28 61 14 11 16 50 31 66 39 32 1 40 67 12 68 62 13 56 59 57 30 7 53 36 34 29 34 27 33 19 52 24 8 21 17 5 64 42 25 2 38 49 26 65 48 45
66
61 21 24 11 7 45 63 39 42 64 50 15 30 23 51 66 10 56 27 38 65 43 28 60 36 57 17 54 32 12 44 5 6 52 22 37 31 40 29 8 1 20 46 25 58 32 14 2 32 55 9 35 33 16 13 41 62 4 48 49 3 18 34 26 19 47
62 12 57 15 23 52 33 40 50 49 10 22 60 64 32 25 28 21 31 3 16 11 8 44 34 58 7 13 1 45 47 27 39 24 5 55 63 48 32 29 41 51 35 9 65 54 38 2 20 56 18 66 30 4 19 6 46 32 17 43 26 42 14 61 37 36
58
34 45 2 4 51 57 17 16 54 25 7 22 9 26 18 49 58 8 41 33 32 31 55 42 36 5 3 24 43 23 23 46 37 52 12 30 40 1 38 44 20 19 13 21 29 53 39 14 11 28 47 15 6 48 56 27 35 35
16 53 19 33 2 25 21 29 43 37 57 45 15 23 1 31 9 3 56 39 6 58 34 35 36 54 35 18 49 55 12 52 11 48 27 23 40 4 47 46 5 32 14 42 28 41 38 22 30 24 20 13 7 26 51 44 8 17
61
27 41 7 5 56 55 33 57 49 45 42 34 18 8 59 9 60 24 10 22 61 12 28 26 30 44 52 3 25 58 47 2 54 6 14 35 31 50 19 17 15 21 38 32 46 2 48 10 39 16 36 4 13 43 20 37 29 1 11 51 53
22 57 15 50 43 26 46 61 28 8 6 32 31 38 2 3 24 12 55 60 56 21 10 19 45 44 52 53 35 37 42 59 29 33 51 7 48 47 5 16 9 39 13 58 2 17 54 11 1 36 34 25 10 41 30 18 14 4 27 49 20
81
41 43 20 1 76 7 3 48 81 4 74 42 75 12 71 34 10 33 39 55 62 70 27 5 78 19 22 14 40 26 37 32 16 36 31 57 64 66 13 18 80 38 44 30 46 61 2 29 69 47 15 72 28 68 52 65 50 54 59 45 63 23 38 51 67 6 79 58 60 49 17 9 53 11 35 24 56 73 8 77 21
4 17 11 10 19 35 76 67 8 53 33 9 57 32 39 43 80 72 42 29 27 30 41 26 5 44 22 59 74 75 69 7 45 24 12 20 49 18 1 65 60 68 62 47 13 70 50 15 54 21 23 81 38 3 63 6 78 71 66 31 77 37 56 46 38 16 48 28 52 36 79 14 2 61 51 40 55 73 34 58 64
85
66 37 33 44 25 35 29 52 58 1 71 65 30 41 81 10 78 20 13 83 46 56 55 63 50 77 68 19 24 62 32 5 69 72 67 27 2 53 74 11 73 31 3 8 47 26 16 15 23 80 64 60 79 70 45 75 76 48 34 6 7 22 59 28 2 43 9 18 51 12 4 49 39 57 54 82 40 36 17 38 21 42 84 14 85
80 31 40 19 21 44 20 55 26 69 74 65 29 66 59 42 36 75 48 3 71 38 33 78 17 8 25 4 49 82 18 34 52 5 72 43 35 51 64 63 39 68 73 79 58 56 47 10 84 23 24 9 53 32 50 2 76 45 67 13 77 1 85 37 12 16 7 83 70 46 30 41 14 2 27 81 60 57 28 11 15 22 62 6 54
99
84 78 75 3 97 28 21 66 65 62 40 7 10 61 56 16 96 11 70 91 69 14 31 22 59 89 17 51 47 49 8 34 42 4 33 81 5 71 6 93 19 67 53 45 95 82 64 50 74 57 88 83 79 80 86 15 9 68 85 92 58 38 90 41 4 52 98 29 2 48 72 87 30 1 54 94 24 39 44 73 35 43 99 20 26 60 32 55 76 77 36 63 27 23 25 12 46 13 37
36 26 41 79 35 27 30 67 98 10 44 97 86 74 40 78 80 14 28 99 83 94 55 32 71 24 31 63 84 89 58 15 60 38 39 5 68 12 34 8 88 21 75 96 3 52 4 53 17 4 93 51 59 70 77 7 64 85 9 6 82 66 87 43 29 23 47 90 76 81 25 61 22 73 19 20 46 72 48 49 92 1 16 91 50 54 37 42 2 33 65 95 69 11 45 56 62 13 57
68
18 27 24 53 41 14 7 42 37 51 20 9 22 54 17 26 36 32 50 4 52 63 10 65 43 39 28 15 58 56 2 40 16 29 45 12 31 40 19 49 33 6 34 47 1 55 66 25 61 48 57 11 64 30 46 23 60 8 38 67 5 3 68 62 59 35 57 44
50 62 12 7 65 22 5 53 34 48 54 31 57 39 56 60 6 52 8 63 55 20 42 44 41 10 43 64 66 40 19 1 4 29 30 14 24 58 27 36 38 26 25 17 46 57 59 9 3 16 61 35 40 37 67 45 11 18 2 68 23 28 47 15 32 51 49 33
73
36 68 33 37 28 2 54 11 41 12 43 31 55 32 60 34 15 4 64 48 5 1 19 10 73 22 44 26 67 47 49 71 61 9 30 52 38 51 23 39 45 3 58 42 27 66 17 56 8 6 7 59 65 46 50 18 72 69 57 40 16 14 25 63 70 62 29 53 29 35 24 13 20
63 32 64 22 5 61 31 6 16 51 1 26 54 29 27 2 38 37 14 3 18 35 55 67 71 13 69 29 68 24 10 12 47 48 20 44 41 53 25 45 62 9 40 59 65 52 36 39 57 49 7 56 72 30 4 23 66 34 50 60 46 73 8 42 58 11 43 17 33 19 70 15 28
89
42 66 26 75 88 8 5 15 70 36 41 6 40 49 3 61 77 31 2 50 59 83 30 34 55 19 85 24 67 35 84 10 65 25 53 87 79 76 64 72 1 22 56 43 86 62 63 44 69 51 74 12 23 80 21 27 52 48 33 13 46 14 17 19 54 28 20 81 29 39 9 68 73 47 60 82 71 32 58 4 16 38 7 11 57 45 89 37 78
47 68 15 6 32 49 14 83 57 73 25 8 26 38 62 39 50 22 51 29 2 82 66 76 48 16 46 7 30 80 10 70 13 54 72 65 9 24 40 75 56 58 3 87 67 77 55 69 84 45 41 4 1 60 27 11 85 59 88 61 63 64 71 86 36 44 81 12 23 19 20 78 5 43 17 37 19 79 74 34 21 42 53 35 33 28 31 52 89
82
22 15 4 79 32 61 30 9 75 50 55 64 70 28 53 24 3 77 5 20 41 57 58 60 34 72 68 19 66 27 33 56 47 26 71 38 40 11 62 49 29 74 80 37 31 14 13 46 81 43 6 36 76 82 42 52 44 78 16 21 2 12 59 54 48 25 69 51 18 67 65 35 60 10 1 45 7 8 23 73 39 17
42 77 49 62 75 55 47 81 3 76 32 41 28 5 82 17 73 14 50 69 29 18 58 65 43 48 11 70 44 10 60 31 40 12 24 19 21 67 23 30 4 34 7 53 60 26 37 54 1 36 57 80 15 79 66 72 8 2 56 61 27 64 39 52 25 74 59 78 13 38 35 16 20 45 33 9 46 71 22 51 68 6
78
8 67 27 57 53 20 11 49 39 52 71 72 61 55 25 9 44 10 76 66 2 64 22 77 46 40 36 28 32 29 78 62 15 43 16 56 41 19 17 13 12 35 51 37 59 33 47 50 14 24 7 63 21 18 48 68 42 23 75 70 69 38 73 1 30 60 4 31 74 54 45 5 3 6 65 34 58 26
6 39 75 14 48 77 71 76 54 50 33 49 57 26 72 62 30 23 45 34 9 25 64 73 65 24 70 43 19 44 66 58 7 20 40 67 36 5 31 74 15 56 61 2 52 3 38 47 8 22 1 27 17 21 63 55 10 18 68 32 53 11 60 13 4 16 59 51 12 69 28 42 41 46 35 37 78 29
74
19 67 44 20 1 6 64 55 69 28 9 57 21 5 8 22 47 13 45 18 12 11 4 3 65 31 40 74 34 26 71 73 16 61 49 70 42 2 46 52 68 72 63 38 54 60 35 41 18 23 30 37 62 32 59 36 17 33 7 66 24 39 7 25 15 58 10 43 50 14 27 48 51 29
29 54 52 51 41 5 31 38 12 67 26 18 18 62 4 69 60 10 30 59 57 27 61 63 43 20 1 47 8 23 17 45 48 13 65 7 33 50 11 42 64 74 66 35 34 15 28 24 21 73 14 70 36 68 40 9 39 46 55 16 71 58 3 6 7 25 72 44 49 32 19 22 2 37
95
58 63 1 18 64 35 22 69 79 12 73 11 90 48 95 56 85 52 51 9 25 37 42 28 81 16 36 65 7 78 87 93 89 40 34 21 57 44 72 88 47 86 13 66 62 41 49 10 39 71 76 18 20 26 30 8 82 2 61 45 4 59 15 23 54 31 24 29 50 92 33 94 53 5 19 70 77 32 84 3 14 27 74 91 67 52 38 55 17 68 46 6 75 80 83
90 88 93 45 12 3 64 18 92 15 78 56 65 38 21 37 80 49 91 14 19 53 11 9 35 34 1 4 17 7 33 36 59 71 94 89 6 63 67 62 41 72 87 79 50 23 57 16 20 76 48 73 24 84 28 68 13 51 26 27 85 77 61 29 52 42 46 66 82 39 47 70 86 18 5 44 25 31 54 52 81 8 32 10 83 30 75 58 69 2 55 22 95 40 74
64
26 55 15 54 52 27 11 53 27 16 51 8 33 23 10 58 43 2 24 18 19 36 29 64 25 5 50 28 49 1 56 20 39 62 60 57 21 37 17 44 40 9 22 63 14 30 32 31 13 6 48 35 41 38 34 7 61 47 46 59 12 4 45 3
53 28 56 55 26 44 35 62 5 48 36 2 50 10 13 12 52 58 40 30 64 45 22 25 38 29 41 39 27 24 33 7 9 31 54 18 21 1 63 23 37 27 61 14 3 49 15 20 34 8 32 60 19 59 46 16 6 11 17 47 51 57 4 43
89
58 5 47 9 20 3 76 73 32 89 63 18 62 38 53 82 25 24 80 79 30 4 52 87 85 14 21 81 2 17 11 27 12 34 36 71 7 46 44 33 77 6 29 74 59 22 64 1 28 68 86 19 72 54 88 13 78 15 16 10 39 40 60 49 69 51 84 42 83 37 56 65 61 75 33 50 57 26 41 70 31 45 66 23 55 43 35 48 8
47 38 35 3 24 50 20 31 29 59 44 69 30 70 41 53 73 56 12 84 55 21 79 19 65 36 6 82 1 80 7 9 25 33 27 33 77 63 28 45 85 86 46 74 22 14 26 16 52 2 15 54 23 60 87 10 34 76 62 58 49 11 88 89 43 66 48 13 78 57 37 18 5 4 75 39 8 40 42 81 72 64 32 17 83 71 61 51 68
90
74 56 58 16 44 31 3 71 24 72 67 55 69 17 47 29 88 81 70 87 19 35 33 89 43 54 21 53 80 46 82 49 83 20 61 59 62 23 4 13 40 7 10 75 78 66 90 41 18 63 16 57 26 2 1 84 57 45 11 50 64 6 42 34 14 39 5 12 51 86 77 85 15 76 60 52 32 65 8 9 68 22 25 48 37 28 79 73 27 36
89 71 78 23 61 80 66 85 39 64 40 21 33 57 83 72 59 65 43 15 84 77 27 73 76 10 58 60 62 7 32 87 75 34 88 35 29 47 13 41 5 37 67 4 36 3 63 49 53 31 51 26 48 50 42 56 8 52 12 90 16 44 70 28 68 6 54 86 57 82 18 79 45 11 24 20 19 81 17 22 14 69 9 46 55 74 16 1 25 2
60
51 13 51 56 42 33 47 9 57 46 58 50 19 6 24 52 37 55 10 53 31 15 20 12 41 54 48 39 2 27 4 18 23 35 22 1 59 60 40 44 49 17 5 3 16 11 7 30 25 14 26 36 32 45 8 29 34 28 43 3
41 19 28 60 29 58 47 49 6 9 25 16 7 56 27 54 12 33 40 34 45 36 42 57 18 43 39 35 10 22 26 44 15 30 51 53 50 32 51 52 23 37 24 14 11 1 20 4 55 8 3 48 59 13 2 5 46 17 31 3
64
58 16 62 23 49 47 35 5 19 9 13 10 46 4 56 54 39 25 53 55 22 41 61 55 14 48 63 59 29 7 8 45 31 28 33 42 44 40 57 18 11 20 64 13 15 17 1 50 52 27 24 21 3 43 60 6 26 51 37 36 2 30 38 34
19 43 62 38 1 30 36 20 25 29 57 60 53 55 26 40 47 9 51 10 31 13 45 39 37 11 22 2 28 58 34 54 7 3 41 23 50 52 15 61 46 21 13 27 63 24 4 64 14 56 42 48 17 6 44 49 5 16 33 35 18 8 55 59
95
40 1 53 10 74 14 85 6 46 9 11 69 47 64 48 60 1 47 57 81 51 19 61 31 45 58 79 52 82 50 54 35 89 33 4 17 65 80 26 91 95 2 42 63 73 25 29 90 15 20 94 49 38 3 83 88 30 66 5 39 72 18 76 41 37 8 62 70 78 67 34 28 23 44 71 92 93 36 84 24 75 22 68 16 7 27 12 86 77 59 43 55 56 87 32
11 58 26 84 65 42 64 47 80 53 38 18 75 19 25 73 41 12 31 94 77 68 79 95 28 69 59 82 27 14 61 15 6 89 91 40 16 5 81 36 34 20 78 88 57 87 51 3 55 70 50 85 72 30 1 8 22 63 54 47 67 2 52 32 49 39 37 46 9 86 62 93 7 66 60 10 33 71 48 43 56 35 92 4 17 90 83 44 74 24 45 1 23 29 76
72
32 44 72 9 70 7 69 23 67 43 14 18 16 40 2 64 35 54 59 27 56 49 45 53 38 66 62 17 22 37 8 28 57 15 10 33 42 1 3 39 36 68 65 41 11 26 48 50 29 47 25 31 13 34 69 21 61 12 58 4 14 30 71 24 55 19 46 60 52 51 6 5
30 48 39 35 17 36 41 8 26 23 40 58 62 28 3 68 22 55 25 29 61 11 65 18 69 21 45 4 64 10 71 60 44 1 51 24 70 7 16 15 32 67 46 14 37 9 47 13 2 50 14 19 66 31 42 72 54 43 69 53 6 34 33 5 12 57 49 38 56 59 52 27
80
53 21 55 36 27 23 44 37 14 79 38 17 67 69 64 43 30 42 58 29 65 71 62 45 54 9 47 39 48 18 63 56 80 66 34 28 33 2 19 13 75 25 11 7 15 4 51 49 6 76 1 60 30 46 12 24 77 52 26 22 35 50 68 20 77 16 10 5 72 3 70 61 41 40 74 57 78 73 32 59
14 30 7 56 47 61 42 68 55 20 51 18 9 13 71 19 72 27 62 66 73 38 54 76 22 48 6 10 43 39 77 21 34 12 67 3 23 40 11 37 53 74 1 46 80 33 77 24 16 2 75 63 5 70 29 26 79 57 69 28 78 4 36 44 30 52 35 32 59 15 65 45 25 17 50 41 58 60 49 64
77
74 35 23 64 3 50 72 6 7 53 73 19 24 36 45 65 1 48 30 2 51 71 52 57 68 58 32 10 16 71 70 43 55 18 56 49 14 22 33 63 29 15 20 31 5 75 26 25 11 61 77 34 54 38 47 69 60 40 44 59 21 46 37 12 28 4 17 41 39 76 13 66 67 9 62 27 8
14 50 60 11 20 16 31 13 24 22 73 3 36 57 69 77 43 5 29 28 35 65 46 64 76 53 41 70 56 18 15 39 71 1 17 74 48 52 61 4 67 23 9 7 19 63 44 75 25 54 71 55 12 6 21 2 72 45 49 26 8 62 47 10 30 58 66 33 32 34 59 68 38 51 37 27 40
94
67 31 51 7 9 78 49 36 93 70 68 33 84 35 6 66 26 53 65 59 24 40 29 8 89 21 34 48 12 42 32 88 23 86 27 10 74 39 87 91 45 17 11 52 54 85 94 83 41 77 22 25 3 38 63 61 55 92 2 16 73 44 18 75 80 19 28 76 58 81 43 50 20 57 8 62 79 60 30 90 15 14 13 72 56 1 71 69 1 37 5 4 46 82
17 81 71 68 40 42 38 30 86 44 25 80 77 94 5 46 63 55 18 43 8 19 50 23 48 24 34 67 20 58 70 89 10 91 56 90 92 26 1 15 65 33 52 45 75 22 41 61 2 74 35 51 9 13 3 69 12 14 16 53 66 54 11 57 59 21 62 82 4 79 83 1 36 78 73 87 6 27 72 76 28 49 8 60 7 37 32 84 93 39 88 85 31 29
65
33 18 17 65 51 3 44 58 25 34 10 56 57 12 54 59 9 21 23 4 43 39 52 35 42 38 23 63 6 60 14 27 50 41 22 15 5 32 33 29 7 37 26 24 2 49 30 8 16 45 36 62 48 31 13 40 55 20 53 1 28 47 11 46 64
52 11 9 29 42 41 4 12 10 20 37 43 47 48 5 28 33 18 3 58 46 50 40 65 32 16 39 23 6 53 64 26 49 34 1 24 17 2 44 35 27 14 33 57 38 51 13 8 7 54 31 21 22 63 45 15 30 60 23 62 55 36 56 25 59
90
12 75 74 23 54 30 61 8 78 42 25 22 26 62 3 79 38 6 58 67 40 47 57 16 9 4 81 50 45 36 20 43 7 1 33 49 82 55 64 13 2 53 15 39 17 14 71 72 21 31 77 46 35 19 34 76 37 10 65 27 44 69 56 60 83 19 51 63 18 59 88 52 29 89 86 28 68 48 32 87 85 24 66 84 70 41 80 73 5 11
73 17 26 28 6 48 51 79 2 11 55 8 68 24 35 25 40 61 27 21 66 87 16 63 81 14 59 64 5 82 83 50 70 84 36 77 18 74 56 15 37 29 45 13 85 49 3 43 58 71 23 67 62 34 30 38 20 54 19 88 60 22 86 12 76 78 7 32 53 75 33 65 9 80 4 31 57 89 47 39 46 72 10 44 1 19 42 69 41 52
65
35 41 43 62 15 19 45 40 39 8 57 52 29 46 24 51 10 12 22 4 60 48 58 47 27 14 31 59 38 65 11 50 49 54 37 20 16 7 21 28 6 9 64 30 56 1 5 55 26 17 33 25 22 23 42 2 18 44 61 34 63 13 32 36 3
10 36 45 60 40 15 30 35 39 42 6 8 61 47 14 46 12 31 49 5 57 23 3 22 51 52 50 29 17 33 34 25 48 55 7 28 9 2 44 65 63 26 4 20 22 13 58 32 56 38 24 16 19 59 64 18 43 21 11 62 41 37 1 27 54
73
43 11 35 71 59 49 5 47 63 30 54 26 50 29 55 56 73 28 69 13 41 53 44 62 68 64 7 57 42 34 19 16 8 15 39 12 52 25 65 37 21 57 45 58 4 32 22 17 46 9 23 51 72 31 66 18 6 67 60 14 1 33 38 27 40 70 36 48 3 24 2 61 10
29 10 28 8 64 54 72 38 39 42 12 30 19 27 36 11 32 2 14 5 22 31 24 73 56 57 59 25 1 50 40 16 47 3 23 18 6 60 67 61 52 26 70 43 66 33 69 48 49 57 9 13 35 46 58 34 15 65 41 21 37 71 55 45 17 4 68 44 62 7 63 53 51
