1000
47 72 65
66 12 78
66 68 58
37 53 30
38 53 19
59 11 36
4 22 65
22 87 45
44 78 27
55 24 68
87 29 57
51 98 37
1 88 91
75 65 48
60 79 58
75 1 99
57 97 70
62 65 60
85 8 31
78 91 83
30 29 16
88 90 50
44 46 37
27 5 86
48 52 24
62 49 45
99 60 9
1 62 49
10 34 94
45 57 59
99 60 94
7 80 94
17 80 58
87 29 68
61 24 16
78 15 11
12 57 41
97 94 23
66 28 100
82 95 62
4 52 30
74 49 78
45 98 6
49 66 29
46 59 19
3 30 68
46 46 76
66 93 4
55 18 99
74 1 97
3 23 42
20 93 13
62 7 2
85 61 36
2 34 12
2 30 71
59 50 20
12 12 58
64 76 80
57 65 4
87 78 54
41 68 49
69 16 49
98 65 26
42 11 90
35 1 2
31 53 64
11 2 97
41 38 85
81 77 80
59 69 36
53 57 60
99 14 23
40 30 5
75 23 38
58 75 28
70 16 15
74 44 91
27 19 96
73 71 98
67 31 39
61 2 20
3 46 68
15 55 94
61 24 52
34 11 71
14 13 86
65 51 10
67 37 91
40 41 78
84 24 6
45 47 65
18 90 39
49 86 74
83 61 39
68 67 35
8 72 18
83 26 25
61 58 18
55 17 77
20 39 66
9 17 77
70 86 55
17 29 45
80 35 43
96 93 78
74 16 62
52 37 8
70 81 99
28 87 16
55 34 84
69 13 71
52 17 81
81 85 52
76 28 91
10 95 36
42 94 28
24 28 77
34 29 9
33 49 20
90 79 35
5 59 65
76 14 46
59 74 83
82 61 67
81 76 25
36 29 68
95 18 88
34 95 23
93 98 41
85 81 36
74 7 37
16 65 26
55 73 97
89 41 31
80 35 57
55 20 12
87 49 45
65 27 98
99 82 48
35 86 56
15 59 5
48 56 99
34 93 16
34 94 39
13 57 15
4 94 52
28 81 29
32 20 61
70 49 90
48 40 13
76 83 55
65 86 71
92 51 77
65 47 10
70 19 20
43 15 71
37 9 88
93 2 20
55 92 7
8 66 87
61 69 59
46 97 78
65 91 51
14 42 62
59 57 68
26 12 91
45 53 2
47 83 96
47 73 25
8 82 40
56 85 31
6 87 4
78 32 37
79 49 37
94 78 57
95 59 90
46 76 74
27 10 99
86 78 56
39 37 5
41 94 41
33 21 91
65 66 66
87 52 54
31 68 3
11 13 60
12 94 61
63 56 44
91 52 20
92 89 47
9 14 97
50 37 60
1 19 8
17 38 72
90 19 39
46 13 6
38 90 20
86 13 34
91 2 93
48 67 79
26 51 68
49 56 29
43 53 80
98 8 11
39 2 9
24 12 13
65 12 19
5 61 52
63 66 72
65 82 50
53 26 56
54 77 41
15 19 16
25 16 29
50 63 20
77 99 69
67 44 30
46 17 39
31 34 28
7 97 50
20 78 67
87 82 51
44 56 28
9 82 73
89 66 1
36 79 66
1 1 78
83 89 66
99 39 25
74 32 50
88 2 11
70 25 70
12 61 15
99 35 48
53 63 21
21 32 53
53 43 31
82 96 17
66 27 72
71 10 61
6 14 4
37 6 12
76 90 36
18 35 64
8 46 74
93 24 71
28 39 31
92 76 79
69 71 67
67 71 85
85 21 12
40 9 71
37 41 75
27 80 55
21 53 55
90 35 78
92 62 3
58 51 57
71 23 47
73 25 100
23 58 61
50 6 50
94 32 13
73 54 56
4 7 12
27 66 7
27 27 4
99 79 67
65 36 43
25 20 51
95 4 85
28 44 8
17 8 54
68 54 85
19 4 96
88 5 31
5 8 51
6 100 35
39 93 22
31 61 86
90 2 65
72 43 17
45 41 93
87 65 72
27 30 78
86 72 5
80 17 52
29 61 77
70 52 81
5 24 81
32 22 39
79 71 73
96 17 12
11 25 71
31 29 78
76 79 31
5 81 77
6 71 8
31 36 1
4 28 8
92 60 5
82 43 45
9 87 68
66 56 8
53 28 74
10 29 82
48 80 64
59 44 37
16 29 79
42 11 71
75 80 74
100 8 42
44 93 71
45 26 92
97 49 88
89 57 93
47 51 7
13 69 95
55 74 6
98 34 9
28 22 25
18 28 5
68 67 24
93 11 91
34 73 34
97 46 69
20 89 70
69 98 16
17 12 49
88 54 20
37 36 62
45 27 68
13 6 54
18 46 35
81 96 8
88 98 36
5 58 87
83 44 54
62 70 77
3 25 24
45 32 32
41 12 81
59 69 56
25 58 39
15 59 93
100 66 18
71 23 58
21 12 12
80 55 50
19 66 9
18 48 80
27 100 71
16 40 61
20 68 92
62 79 62
58 90 87
7 74 93
27 97 49
17 62 3
17 7 34
32 40 1
31 80 37
38 45 39
14 7 9
85 30 95
65 1 90
51 81 41
1 1 58
19 38 15
70 81 52
100 50 79
78 91 63
40 56 2
95 39 71
34 36 5
13 30 83
16 66 1
43 11 54
39 47 77
75 61 88
34 89 30
23 20 82
61 30 76
55 61 81
17 62 36
19 58 68
29 73 31
52 21 2
33 75 34
77 28 52
5 63 5
87 84 45
22 17 51
97 71 41
81 12 62
63 96 32
8 95 59
65 46 36
44 54 76
44 51 96
6 11 100
41 12 2
100 82 7
33 45 80
21 87 44
91 64 62
84 88 61
81 76 61
75 19 26
23 16 29
38 54 60
4 100 72
17 35 74
61 34 40
78 26 31
51 61 18
99 16 50
41 7 97
15 3 59
62 33 40
89 41 68
88 88 83
25 6 78
86 34 75
52 39 100
8 12 37
67 76 7
45 74 100
40 1 59
54 49 3
23 61 31
91 96 38
32 3 86
65 28 50
8 83 72
37 29 57
78 26 71
88 82 34
78 24 79
54 94 64
51 66 88
88 52 16
47 23 89
96 100 36
46 50 57
23 35 31
68 61 93
3 37 16
85 89 70
15 27 25
74 22 57
86 40 5
44 39 53
51 38 64
84 19 20
89 14 27
67 17 95
11 17 22
24 25 44
93 83 32
65 98 79
92 87 76
56 87 57
99 64 39
78 16 75
65 25 74
55 99 17
74 15 16
47 56 25
56 42 48
44 25 29
56 53 18
34 12 28
60 44 22
51 24 5
4 27 95
81 37 93
94 96 89
52 70 71
77 17 97
69 37 33
14 37 48
63 33 95
31 4 77
62 55 85
48 82 22
84 26 30
93 35 60
18 71 5
99 56 25
62 55 4
81 3 69
7 70 72
85 79 1
99 99 6
19 3 3
93 14 46
27 34 45
77 8 60
92 18 51
25 19 85
67 90 74
34 4 46
19 85 70
99 22 77
48 36 1
89 96 96
100 16 52
91 98 83
52 56 53
25 100 46
83 9 59
64 46 5
20 78 85
8 17 40
39 86 30
65 56 100
53 44 19
50 98 38
59 64 38
4 9 42
9 81 4
43 14 76
97 2 78
26 3 27
37 91 59
33 62 46
86 7 74
20 91 52
100 55 35
6 99 89
35 29 22
56 34 86
55 24 21
97 21 37
67 41 65
96 9 15
44 50 83
77 48 39
50 37 68
11 54 79
63 52 65
8 98 46
30 19 25
2 64 55
68 87 25
85 64 81
9 38 94
82 40 30
50 88 87
69 73 54
33 85 68
35 82 17
8 80 19
8 20 25
3 44 11
65 43 69
27 10 31
89 19 50
75 45 69
36 50 79
41 27 73
1 20 58
89 14 91
70 91 74
31 66 92
22 61 38
36 42 45
66 47 84
22 83 32
55 13 52
63 32 80
74 36 21
22 6 57
34 78 14
33 39 42
7 62 84
58 73 15
12 70 96
86 39 79
47 28 48
64 77 35
46 59 59
15 93 79
93 16 17
59 37 13
66 36 29
60 14 72
68 47 59
61 83 9
7 25 98
56 2 28
24 31 42
58 37 15
49 12 17
61 32 42
45 12 62
27 49 11
21 45 57
88 19 90
47 90 90
2 60 35
52 84 66
74 25 56
45 48 43
91 39 6
58 99 40
24 66 82
16 94 99
87 55 76
98 87 78
81 40 99
10 30 5
3 71 32
22 33 69
32 90 93
25 62 35
42 68 40
19 80 66
38 93 25
24 31 53
48 53 8
25 27 22
66 38 14
44 12 55
85 3 46
61 42 21
60 91 27
80 23 3
84 76 18
40 69 44
38 92 92
36 35 92
82 69 48
33 15 43
61 43 11
69 2 72
83 41 80
52 98 87
97 13 16
46 58 21
91 84 31
41 10 14
11 11 32
41 79 28
97 57 83
54 96 3
76 66 1
81 17 70
36 94 44
76 68 26
76 64 64
97 67 46
85 51 29
48 78 35
90 89 88
86 56 89
32 24 79
82 71 39
7 60 8
94 41 99
96 69 53
62 69 93
53 33 44
79 68 93
24 60 50
28 33 34
77 22 35
10 40 16
1 92 50
80 62 1
8 26 40
81 81 19
15 49 47
12 23 30
35 52 72
49 51 25
79 40 72
89 77 77
87 46 20
61 34 54
60 29 55
64 66 45
99 4 65
17 33 95
87 31 4
27 83 66
96 79 42
96 16 98
23 29 86
32 69 91
75 72 89
18 64 53
47 74 15
17 98 33
12 42 24
41 60 71
59 44 9
37 68 82
92 44 8
68 1 5
26 63 67
64 17 81
56 28 92
69 11 62
50 78 24
90 60 37
57 62 34
39 80 20
39 97 84
51 19 70
11 29 11
65 25 12
97 49 23
27 40 77
89 89 47
45 54 62
34 7 68
13 74 2
37 98 7
57 21 75
75 17 74
75 67 26
69 14 30
54 58 3
88 95 85
83 70 61
3 35 24
100 74 98
75 32 99
68 15 97
53 11 64
46 59 4
83 67 88
33 99 60
43 3 78
38 69 25
21 70 35
79 98 15
96 6 9
99 92 22
10 33 22
43 34 4
26 20 40
49 100 60
36 63 4
73 97 90
10 96 23
21 20 44
73 80 82
17 8 61
5 78 12
30 41 8
11 69 19
89 43 11
74 86 53
55 42 10
16 18 99
55 84 57
25 27 18
24 17 71
4 92 73
67 93 34
83 27 34
36 40 65
32 85 33
57 66 51
72 26 89
94 30 3
15 22 51
43 96 78
44 29 82
75 38 75
33 16 3
87 61 95
96 95 54
46 43 79
87 90 42
52 66 31
94 69 51
49 21 51
33 28 96
37 17 30
86 31 79
56 7 20
91 97 39
72 32 72
91 48 58
39 36 22
91 37 3
32 10 11
98 47 51
51 94 36
98 22 32
81 54 68
66 56 6
74 6 54
6 37 5
82 38 72
5 11 1
24 87 51
79 98 14
6 20 10
68 80 15
7 63 98
93 79 97
12 3 8
78 9 100
95 58 35
66 31 35
11 79 52
54 66 83
20 30 83
80 68 41
68 49 35
44 59 18
34 20 45
66 75 17
83 59 28
76 20 67
23 83 22
64 38 64
99 95 18
95 58 62
40 10 39
41 67 56
51 100 34
78 7 90
53 78 99
83 49 62
76 48 12
20 20 96
39 24 14
67 47 82
71 35 41
44 7 90
30 10 47
5 41 71
66 61 71
54 48 53
38 61 85
55 85 47
52 62 16
79 18 40
23 55 86
48 44 58
7 96 47
46 100 3
52 5 34
61 88 45
98 4 84
12 35 91
24 32 38
53 61 43
2 16 44
93 13 16
88 14 96
59 97 56
46 60 85
35 93 66
25 76 57
48 20 86
64 56 43
99 38 59
74 92 65
62 54 45
64 83 73
72 31 42
47 89 82
70 39 45
43 54 59
40 57 38
43 59 53
41 78 10
82 93 21
88 71 68
31 21 85
5 98 4
48 94 39
4 53 23
1 48 37
78 69 59
67 97 4
35 7 44
2 22 81
3 39 32
79 67 71
70 91 100
53 34 69
61 94 43
18 84 4
99 40 22
6 65 24
93 33 33
13 55 3
38 49 22
62 19 73
81 40 74
44 68 81
14 7 14
92 30 75
77 15 66
94 59 12
94 8 91
42 94 1
40 31 3
84 27 73
97 9 100
57 79 53
30 52 34
58 4 6
57 49 18
68 48 89
88 88 62
67 57 74
40 55 89
49 2 75
26 25 19
51 81 99
81 76 75
11 22 29
16 83 39
60 47 85
57 51 69
31 26 93
58 18 40
14 35 83
56 57 45
2 68 18
83 9 24
72 38 95
67 46 48
48 99 17
29 14 43
5 31 100
70 100 59
10 36 91
94 11 76
45 39 78
95 1 77
73 4 26
2 49 34
18 28 49
51 18 19
46 77 51
13 85 91
92 94 33
9 97 67
87 68 87
75 73 55
42 51 59
81 61 22
95 61 9
79 88 76
49 85 76
47 83 34
53 74 23
33 14 65
59 43 59
95 61 69
14 35 95
76 86 43
78 51 19
71 27 47
26 74 97
28 59 17
58 70 44
98 26 95
60 10 40
80 52 34
91 81 80
72 26 57
100 9 79
51 25 50
42 74 75
52 82 83
50 77 82
67 5 86
89 28 88
5 83 49
43 6 94
78 3 13
100 14 79
74 41 58
27 65 77
32 72 46
50 65 58
66 78 26
73 77 93
43 46 24
25 25 86
95 38 4
41 86 85
38 54 13
48 12 89
86 49 98
35 87 34
95 70 55
86 10 76
