1818
-5457 6997
6066 -16947
5651 -19028
349 -11714
4056 -2232
10187 11524
257 -5503
-940 -4814
-19200 -1294
-17575 9337
6765 11501
-7915 -17394
-11833 13174
4105 -10531
-10147 -64
18062 12602
-16270 -8783
12850 11931
19718 2274
-18322 -19685
11762 -6701
14747 5019
3524 -16480
14342 -10350
11528 -8492
4082 -12511
1740 9033
9576 10918
15573 -13010
-5818 -8862
-12082 2556
-1984 7742
1408 15515
4379 -18156
-16408 15056
-13560 -3746
-17265 18884
11429 5393
-15626 -14627
-12829 -4079
18107 -25
-14537 3311
15777 -14501
19244 -8857
-13930 -18585
-10220 18896
4399 17926
-15384 -566
6117 -10742
-9464 3694
-6736 4921
-13989 -702
-6663 -13716
-3152 8067
-17135 4564
18280 -17263
12812 -300
8648 -1652
8677 -7530
7139 4541
-2056 -1746
-4252 19308
-12663 -17839
-2480 -10152
-14045 12698
-17140 2439
9309 -752
-5059 -17423
4624 -3251
-10510 11327
2943 -6187
8605 5007
3222 512
18018 4617
8883 -10705
6597 -7347
-7607 -18005
9259 -1016
19141 14497
-10641 -14315
14878 -8864
19124 15423
-18897 10518
-12044 -8156
2526 -15944
12857 14191
-9425 -11495
-9546 -2752
-9782 19806
-5107 -17498
-9328 13980
-15652 223
-6087 11310
14702 -13078
-12250 -2601
-17141 -17771
-14054 -15434
6956 -4919
3773 -7083
8514 4143
-19081 13635
3506 -1952
-5261 2202
11400 -2907
-1909 14489
-10198 -12614
16117 -10412
-2169 -14000
-4126 -10528
18971 17469
-9512 8241
16859 -13661
17147 -10650
-1358 -19204
-6172 -8681
18830 19555
-12764 17044
-7286 -10620
-17243 -18675
-6374 835
8902 -14449
-14618 17387
-1704 10750
-16858 5285
3987 -2873
-3401 9472
-19527 1189
11871 8465
4468 -12438
-4261 -10620
12069 15144
17666 -4564
4596 -6412
8975 -2374
4324 -6315
15520 6849
-19971 3378
-4274 13168
-17031 7353
12921 9991
9242 -16236
7228 -2260
13971 -17174
2435 4519
-16186 -17449
11529 -13597
-14303 -15384
-3587 -1549
4327 -17613
-8240 6515
-4843 -17209
4966 11877
11478 4720
-15936 -11869
7156 -4499
-113 -8319
-17089 -13564
-3905 5068
2753 16690
-16445 835
-1164 -12153
-18779 -10385
-5610 -13637
5049 -18919
-7321 6211
-10904 -12978
12649 12593
17865 -15787
-16156 -6472
10103 4279
-1365 16274
18235 16914
-14059 -12221
-8998 15227
440 -14434
-262 -19582
-16087 -11171
19980 -16638
-14217 6926
-19198 9500
655 -19781
18115 -15271
-17999 8508
-18226 -7569
3339 13077
-19060 9855
-7454 3417
12466 18972
-2116 1451
9331 11822
11694 -8906
14916 5517
-115 13447
-6438 -7060
14474 -17233
-18199 16719
-2558 -7558
8411 -12774
-12571 10597
-338 12792
-7492 -13897
-18748 10528
-7904 -12451
9645 8314
10408 -13653
14671 -14618
-2473 -7153
6996 -15525
-17308 12353
3108 -14063
-10791 -15198
15252 282
-4914 9010
2873 2221
16620 -5353
4189 159
3833 995
6249 4168
17635 1860
-9953 -5784
9237 -6447
4802 15418
-17999 1832
-3408 7169
-2703 -17613
127 -6097
-5009 -4345
-19446 7386
-257 18092
-6520 8441
-5962 -10408
-2778 -3324
-5020 10737
-6962 8716
-3662 -141
-5075 17687
6922 11872
5536 -8117
-13268 12303
7958 13439
-10539 -19383
-11700 17093
-12340 -1303
6613 8405
7667 -19753
19984 19378
-17905 10399
-17148 16667
-1668 -3508
-4382 -15114
4405 -11813
-19915 10092
4670 2424
-15209 -2723
2780 -12040
-3429 -18843
19965 2118
17616 -6368
9737 -5567
-19226 -17064
7826 -18550
-16749 -13486
3858 5702
-19087 5050
-18761 -9718
975 7848
-10717 -10786
4268 1010
-14670 -8606
17297 -14602
10390 -15177
10163 -16935
-17911 15277
-11188 7655
-3849 12569
-15500 13382
-6740 9136
-19750 -12207
15623 -17662
4726 -5843
17412 -1921
18738 1442
8962 12234
13041 5963
837 -14896
3113 -14119
6509 12673
-8821 1129
-12574 -798
-18199 -11310
-1134 -5988
-7210 -11603
-2004 -7377
10261 -513
10865 -12220
3308 4294
7410 16627
1345 -7913
18993 244
-19794 7811
13460 15154
-19825 10602
11702 -610
-11218 3586
4610 -18941
-6136 -9054
-13584 -11252
7141 12757
8650 -6999
-15979 -2448
16904 7762
-3643 -13710
12088 6729
-7206 -7932
9847 -6190
-17140 6628
-13956 -19632
-13801 -1733
-12003 6525
-16271 -17821
888 -19907
-6370 796
-15413 -18026
12467 14187
-17635 -16918
-19761 18894
9856 9098
7143 -7031
-1060 17723
-8240 16685
16105 -18274
14552 17138
15115 2117
9893 -9061
4988 -1566
-17637 2846
15941 4064
-3544 -11563
15836 1819
-9549 14020
15653 -15697
-13251 13211
4034 -6300
-14649 -886
-6046 2415
-11458 13023
-5951 15714
2320 -17846
12551 -5370
6796 753
-6494 -18590
-3600 3318
-3832 -16870
-19501 16218
14132 17735
-7710 16248
-15754 -4713
-8710 -1718
18299 -15411
-5790 19012
5850 -1255
1659 -1880
6109 10507
-2417 19959
11229 17050
-15804 -2754
5193 -10713
13685 -14455
-19720 13406
5002 13018
13063 3699
17447 -10498
-15521 -11861
4247 12802
8765 4251
3061 1529
13067 752
10575 -7330
3278 17754
-16240 10684
-11875 17211
11252 7992
-5773 -18652
8232 -14639
-14148 931
-2948 -15879
-4736 -174
9503 -12909
-2547 7904
-12560 16194
-19144 15432
-11258 2155
-8565 12743
-16386 -16184
-1908 -3505
-15858 -8473
-4277 14153
11250 6687
-16214 1624
8520 -15996
-4490 -2473
8732 -16057
16527 -10517
-12756 -18446
3250 2949
-12135 8705
2024 -1824
294 -4336
-19441 -4066
-13833 -13825
15045 -11515
-10671 -18433
-8535 754
1007 2551
4993 15091
10966 16686
5135 -15244
-6176 14939
18808 -1636
-5695 -650
-19547 18281
-2542 8191
5026 -19098
-8592 -1021
19676 -12143
14559 2074
4114 -16085
-1043 11854
4969 -11609
14406 -359
-13591 -15786
-13801 18282
1278 881
10064 17709
-3856 -16498
9909 -3055
-9808 12570
13507 -3525
19984 -9685
-6372 5474
10711 -18694
17159 -4086
-4532 2971
11882 -16159
3768 13899
-2223 -204
-97 -9904
-10140 -1400
-16880 14659
5720 -8105
-6982 -11859
-13359 -2219
3503 9570
-12038 -5441
2532 -3369
-19381 2181
-5771 16856
8921 12478
14509 13946
-18463 11364
-18387 -13873
16109 -7360
-1277 -13688
17983 6797
7594 3668
3600 7696
12111 -13417
5000 -2257
10691 -15444
-3674 -15271
-53 5119
6615 -1429
-10609 8474
-2213 15025
12131 11566
8137 -16298
14019 -3477
15801 12676
-16287 -10292
-9000 -15544
-11493 3177
-1366 16735
6655 -15747
-1994 -15859
10301 8717
16034 2097
3841 -7307
-14904 2056
10719 -13084
-2071 -2251
6111 4654
-17939 2753
-17199 -3875
15710 -16246
-10702 -13819
-1228 -18894
16805 -4311
2765 -18602
8613 5738
18036 -1069
13187 -4097
18357 -359
-8431 -99
18144 10215
-10183 -6113
-10738 -11114
-16693 -9137
-8652 4226
-12945 13882
18557 12669
11902 -17170
-19907 9994
10798 959
-2375 13848
336 6439
16347 -4255
-7448 12106
-11609 12814
18125 12511
-7805 -17503
-8030 8591
-17298 -11986
-3323 -18503
-16317 17451
-13899 8829
-2884 -16911
-11991 -10818
15424 5163
-17643 3869
-14054 3845
-18673 11832
4276 -12285
18203 16558
12326 9924
15210 19462
7380 2534
14074 275
6204 -15980
9327 -8922
9603 15041
-1695 -10118
16946 -8413
12352 -3245
8531 12370
908 -2347
-15761 13150
3620 -19605
16337 -10861
16585 9683
5166 -1604
-556 11938
9298 -4912
-5639 6690
114 16643
6786 -15036
-16532 -14280
-8809 -14568
16134 -3381
10290 12475
12461 19869
-5444 -17030
6332 -14764
-8105 11599
-7535 18753
-19832 5834
15385 -6680
-15749 18309
-13686 10018
4050 -12320
3005 9970
-16399 10904
14121 -2211
-11737 18821
-16992 -9515
2078 -2374
3307 -554
16914 -3790
-4621 -2546
-16535 16270
-6287 -10875
9118 8989
12372 -647
-14416 10266
-4097 -9682
-6507 -12914
8672 11128
1630 10683
13397 -248
-6128 -15379
14528 2435
17541 9613
10372 -18231
-4362 16525
17015 -3933
726 19053
-3702 8600
-11283 4026
4417 -16026
-8657 2279
-6569 -13090
-12980 15425
-19969 -16035
-2209 -5295
1138 -4796
-3998 9453
-12304 -13480
19492 8680
-18100 15765
6918 1555
17834 15731
19931 -2006
11370 -10334
5781 7725
-10603 -4849
-12101 -15298
14510 -12986
-19292 19198
-3828 -5296
1051 16092
-7048 -5518
-16922 18264
18692 9097
2057 609
-2122 17584
-4680 1427
5902 13405
17348 13056
-14861 -980
9250 -4818
173 7120
-6930 -7085
9458 14164
8694 -14258
18168 7249
5316 -14092
10754 9031
10094 -13013
-131 -13137
491 14884
17299 -11171
-12528 1385
18942 -14356
-7705 -8651
10959 -15897
17205 14171
16704 -14726
11040 651
1106 -12112
5149 11077
4906 -16082
10224 -3964
7399 -1613
10081 6200
-5930 -9747
2316 -5607
13585 19762
15436 -252
-19480 7924
13266 -11579
15790 -5242
-15998 -11835
-499 9441
14166 14932
12211 1761
-12920 -3996
-11408 -1117
-8831 14778
17295 5591
-1195 9877
-10916 -17695
4744 11652
-10610 13015
769 10330
16056 -14163
-9584 6828
13351 13381
-12006 16177
14583 -16143
8919 -14324
-9837 14022
13213 -19677
-9231 -14123
-10115 -6543
19122 -2627
-3924 -4424
-11096 -19743
4083 14343
-5918 17197
10538 14265
16769 -10821
-18403 -10801
7391 -5947
18572 -9180
13042 -12726
-6362 14168
2376 15550
-17983 9799
15386 -14149
-6339 -4858
2737 13749
6569 5355
-8596 12431
2868 -2713
-16450 7923
-17632 14186
19571 8121
3165 10062
12337 -18323
13056 2971
-1827 1803
-19683 1723
-17457 13449
9955 -14475
12803 8810
-3328 4789
17965 -2539
5855 -9581
-4506 17933
6953 -5638
-6931 18182
-12762 -13878
-19656 -3818
-9912 -11549
3305 -16900
-939 -2797
8855 -2360
-1987 -17762
-11334 -8522
-2609 7732
247 4974
3715 4647
-18835 5759
-1884 -13062
-10388 8652
1411 17464
3082 -13305
3285 -16454
-13330 4135
18205 -16670
-1503 -6289
14462 4255
14403 -14690
846 -605
-15359 -901
8520 -2428
3630 -7881
-3641 13893
-2997 -3305
-13105 -17266
19402 11496
-8665 -18308
19488 -19212
-1310 6657
15104 -2249
-11074 -2827
3485 702
4410 -10524
-18071 -6711
9282 -17861
7309 11754
-11085 951
14122 -1252
-2289 -4511
-17119 -3306
14998 3240
351 15973
6182 -716
11175 -7716
19800 8751
5247 3503
-3239 -1644
12661 -4819
9394 -19911
-10428 -9557
6078 -7756
-14177 -12000
17466 -10681
14181 -10774
-3247 6514
-15630 -11659
7306 -307
8926 -838
-5752 -11909
-1888 -6965
970 15954
9598 11749
-17343 18448
-7769 -3576
-3204 -13021
14854 6373
15022 3400
-1161 13522
639 6984
10417 7608
-9098 1345
-6724 16878
-16482 -10260
-9630 -1294
-15178 -16078
-8295 -4048
15721 4771
-10225 -5564
19214 6551
13816 -1337
7056 -19196
6453 19049
-7391 2546
-6305 -19987
18870 3618
11797 12895
-19988 -4882
-3631 -4755
195 -11542
-13468 -17738
-2224 8586
14752 -16156
6410 19514
7533 16039
-1166 15234
10213 5114
-10029 -6302
-1043 3307
9437 -5031
-15492 -2073
7189 -11215
16884 -18333
13682 -740
3968 1063
-1870 -3846
-3430 -9667
-3329 10964
-16289 -8127
-5808 3529
-18899 -7456
-1922 -2848
-1650 -16372
1592 1057
-16125 8722
8322 -13843
-18789 12934
17388 19045
-116 7996
16654 -756
-6363 6359
-5530 -13132
7344 -13746
-18378 -16876
10227 15609
18281 -8054
4245 -7044
-13883 14437
-2659 -19676
19497 12205
-18774 -4663
5615 4148
-19169 -4806
16665 2497
-11518 -12589
17801 19710
7349 11886
13510 18156
7474 14373
-11242 -15787
-11027 1832
-11202 -5021
-7185 12092
-15173 18656
-5862 -3528
11922 -15981
18438 -19022
-15857 -677
4203 3622
16000 -1667
6269 12955
-356 19616
19145 13232
8561 -11469
-15084 5092
7159 8215
769 13586
10291 19064
10022 17712
19363 9426
-3778 14995
-9221 -18290
-3702 5515
-5117 10645
-18193 18884
-1662 -16972
-19618 -7675
19362 10699
-3349 7402
-235 16127
-7974 -11885
-12270 -12234
14633 15100
-12649 -9514
-12119 -9299
8311 16826
6899 -2010
2564 15747
5446 -4160
-8918 -16952
-16056 16784
18418 -1721
15540 3959
-9184 -8423
16557 -15093
7726 -18326
17449 3157
-15804 3238
-11044 12134
11638 4181
18662 -14138
15184 1701
-17751 18899
-14284 -18260
3977 2048
12818 -1788
3441 -4921
6221 -1481
6053 18711
10081 14521
-3500 -2430
-6857 14316
-15498 8631
-18532 1388
-5754 4277
-18484 6525
-110 -13143
-18435 -14610
-1740 573
12121 10648
-7552 -12219
5288 17081
6718 -15502
-4478 -19155
-9953 3907
-2512 -9439
2965 16190
-10029 809
-3263 -18001
-7531 2015
7728 19708
19883 4442
-16968 3283
2322 -13331
-8394 14497
4848 15978
14934 -1577
14479 2857
14675 11240
12667 -2171
1828 -1051
7211 16035
-12483 -18880
-8286 -14718
-5260 14839
-9573 19826
-16135 15905
18368 -10905
-19884 -17733
-15878 1138
-3150 -7020
-10879 9844
7630 -3243
3629 919
-15922 -9993
-11132 -4164
10755 -11350
-2509 -1297
19559 -16302
-3835 11198
-1383 14437
-13169 -14611
6169 17787
12014 -1394
-9964 -4758
-15658 3258
4041 8011
-19314 -10807
17258 8962
9508 19236
-10783 2691
17272 -14538
-16847 12208
-4654 17630
-918 13516
-8770 -10118
6147 11507
8473 -7259
14775 1921
3945 -12319
-13894 16982
-6839 16004
644 18115
9417 1689
-4224 18007
-7095 15634
13883 187
-18362 13253
1642 -3753
4722 12270
-15761 -12302
1917 -9451
14370 -2103
-10329 -19777
18851 2769
10558 9682
-3597 9117
1681 -2222
2548 4224
10244 -3753
-11844 -8857
14041 -4782
4664 10960
18332 -12164
-3884 3897
5549 11368
-14837 -9927
-13808 -19390
-13656 -18584
12370 18665
1779 -12786
-5307 9456
-13791 -3514
-12542 -8865
-3840 -15643
3302 -13078
14356 18981
-1019 13049
6279 13822
9722 -1587
14699 -1959
-13776 7521
7511 -11044
11953 -12618
-2030 19647
-12957 16128
-10649 -211
7769 877
11085 -2866
2757 -1200
-9963 -3169
2842 -2530
19061 -5645
2267 13102
10412 13396
-16244 -14030
4785 9635
-12841 1557
-9603 4207
-12174 -10414
-12282 2414
-7836 -4304
-16342 -6601
14246 19149
975 -3728
2960 -16890
-8804 -15908
16310 -9242
7301 -862
1653 16296
-13387 -9091
1230 -7351
-17308 -2564
-13089 -10873
8099 -4410
4411 -10644
-1887 -14128
18895 12464
-1224 -17714
6492 -15011
-18529 -908
6557 -1875
477 19260
9825 12118
18997 -15258
6284 -7659
4637 -2040
-19399 -8944
2028 14306
-19007 5426
15247 11759
-8321 -9426
-15661 -1005
-9288 11056
-11857 -15924
1984 -15928
-13820 -12915
-15656 -3603
9452 -17978
6197 -19281
10370 3978
-16896 -9395
19338 19251
19599 -11617
5129 -5617
-11751 -19539
-16000 -18863
-3622 6226
-5859 -12330
-4854 14580
18131 -7599
-4117 -837
10105 17849
-18371 -11897
19616 14553
-5878 -13092
18036 8098
1158 -15566
-18853 -950
-13967 2533
16228 10340
-19708 -8403
7084 10079
12713 -4934
14578 3680
-17290 18173
-2761 12678
-10039 -14535
-7608 15015
-2057 -15809
13544 12646
-225 -17024
9398 12703
-13296 19544
18298 -17173
-7870 4784
-10355 -13751
-8232 4440
-18125 -4872
6708 -3120
13057 12512
15861 17458
19552 11104
14084 -16831
-15698 2445
2488 -5705
308 6764
12993 12326
-14538 -8620
-2141 17661
-17020 11823
-10065 -8256
5034 -1500
155 -11659
-12314 -18777
-8415 -14261
-1075 -17760
-11437 6022
-14550 -5743
14010 4281
-4226 -14381
19809 -12314
11564 -5157
-13560 -10094
-13697 -7525
-2661 -14330
1449 -1787
19174 12351
15504 18055
197 -6540
-14008 10976
14006 7261
16288 -1207
-4769 15633
-11975 -5261
-9651 13237
14111 19202
7078 19567
-12460 -14864
-8752 -15147
-8196 19667
14103 -5105
12879 -11820
8963 11440
10721 -12253
18865 -18146
-19997 12456
-19408 -18196
-16 -5096
-6173 -4339
11464 -6896
6980 14961
-3275 -12610
-4141 -8190
-12897 -12683
-16951 -17148
-12077 -12657
-2689 -19432
7580 -18618
16282 -3285
-5440 7699
-6368 -82
8506 -15847
5627 18328
-16811 17015
-8151 6622
-2057 -18710
-12961 -17018
-14555 -19234
-15868 -18092
18864 9727
-4109 8625
19051 10563
7661 -15987
1017 19658
-14814 -6618
-11275 -6223
-5534 3813
-4249 3094
-11246 -8240
15521 19923
6606 9748
-15195 -8519
4377 -16483
-18795 11333
8658 -3645
-14001 9564
-334 -9896
8109 2876
10015 5802
-16195 18942
-12449 -17099
12620 16351
9209 -5908
-8718 1465
-14879 -15530
13646 3793
-1251 18133
-15992 18270
-10276 -15321
-13454 3799
-6056 2658
-17281 9945
2927 13124
-18067 1761
7448 -947
1006 15195
-9823 8148
9423 3144
-14339 7191
13339 -14378
-746 -13929
5705 19800
16041 11267
16957 2426
-5843 -1597
14627 17410
-19073 18678
-7190 -15605
-6834 4776
15072 -12336
13389 5923
-9392 -28
17477 -17935
-19289 -12846
-12473 6898
-261 19246
-13423 -11075
6152 3356
-16856 -6672
9766 10275
-9056 -10649
12270 -17119
583 7383
19032 1075
10755 3571
5950 12980
-6456 17116
-2838 -170
17610 -8611
8938 18743
13735 -18016
-12189 -6294
12333 15505
5581 -14840
6102 -14755
11647 11474
-15165 -16832
-13445 12324
-15713 18818
15298 17102
1350 2936
17029 16284
9329 9179
10820 3359
-3507 -19909
-2685 -12290
-4897 15317
13080 -19181
-11414 12805
-6249 -9824
-19883 17278
15875 12306
13196 -4438
-7407 -9141
-16192 -10068
-19595 11039
13571 5923
15522 6278
14671 -12187
242 2368
16886 13512
-9137 7139
-809 -7562
2981 -12468
9341 -13560
-19041 6749
-17133 2773
4409 -4671
-5616 16458
15194 352
-12100 5080
19471 -14656
-14777 10865
3961 273
-12722 9414
-6783 4710
17977 -1399
2093 -12212
-8224 -1838
-17150 -5479
18041 -10647
-13587 -3224
-7450 9182
19003 -15478
-17297 4417
12450 -2605
8746 -16254
-11021 -1706
8168 7263
17719 2915
-19736 16125
-16061 14983
19636 -12076
-9679 6540
-13858 4044
12526 10756
10358 -13279
-16252 -14407
-3306 -15851
-9808 -10439
7046 3458
9754 -6755
1366 -5229
12563 10969
-8669 -17662
18194 14995
-5694 8977
-15955 -14143
3815 -13084
-19999 8419
11741 5833
-10973 -10601
11615 -18832
1245 12474
1350 7107
552 1241
-8286 16849
1784 -8567
19323 -12235
7956 -17273
569 14494
-19208 4715
-2199 -17800
-4536 15226
-8800 2402
-19796 15475
4268 -18712
-9725 716
-10517 -9894
-6877 16084
9948 -7323
3864 11277
2635 -19427
5070 -6870
3348 14646
8433 -1489
-1507 1036
-15224 5094
7038 19044
12419 4361
9914 -1440
-18450 1699
4137 895
8752 17764
4432 7200
-3038 -13567
-12748 9652
-14247 -19988
18032 -9983
-19236 19412
-217 4120
19176 -19194
4483 -2183
-8340 12001
13899 13405
2800 -7636
1044 -7378
7979 -18334
16530 -5876
-18933 3153
9981 -5225
2656 6510
-17596 12550
3088 19742
1959 -16446
-19537 7864
-6745 -4500
5917 -18841
-10588 6396
13125 -18282
14959 -15074
-15636 -1675
-582 11089
-4340 5942
-15174 -8333
-17958 19889
1200 -3447
-14758 16925
-17296 19750
5185 4777
-19535 -12520
3956 -7089
-18907 -12988
-3388 -836
-17371 6006
19896 769
-14187 4018
-19424 -15303
-3467 -4838
-14588 16876
-5723 -2752
4282 -16873
9581 -15477
3203 9812
-17190 -18550
-14742 -11282
-836 -6671
-14889 15236
-14669 -10778
943 12295
10129 1910
2568 10927
-557 -2632
-16407 4276
17421 5975
-18627 -15989
19948 -9601
-11525 -9705
-7600 -13634
16016 6719
8842 -13364
-881 -5228
14535 12511
-13134 16822
18736 -15022
17399 14843
-6910 15494
-4688 7520
-10935 9382
-3669 -847
8946 573
18269 -3559
18054 -9221
11826 7758
-18599 16136
-13335 15799
12045 8206
-2296 -1786
9376 -16198
14828 -8018
3083 -12980
13128 10718
19830 -19359
17416 7537
1074 -7060
-10196 15763
-6187 -55
-10270 -5495
15357 18637
-2450 -14381
15066 4180
-18566 -4932
1322 15104
-17675 13957
-13689 -15561
-12479 7633
1940 934
-19159 5162
2235 -6450
-1005 1158
8772 3268
-14879 -14792
13435 -1249
8072 -12844
-18663 14202
11001 -3065
-8887 3546
-2209 9778
-2306 14613
10515 -19345
2951 -4922
16749 -12145
10467 4892
-1473 -160
-2801 3243
-4065 -13056
-17415 -5009
19926 -10002
-7167 12968
-6211 -13302
17840 -19874
9995 -6999
-680 -17199
-8773 -7953
2115 -15922
13710 -14869
-8971 -9767
-19279 -5397
-5422 -8655
34 -12677
10165 125
12721 2643
11788 -8425
-2251 -15821
-16864 -1166
16762 10747
13671 5372
-14823 -12462
16231 1772
-16778 8080
-3854 7464
8106 1300
-10674 2756
5050 -13954
-15156 -972
-9911 -6569
-2723 2073
12816 9239
-11981 -9167
-13913 -2428
4837 -5974
-18227 8038
18813 -5184
-9338 -9910
14660 -13482
7090 -7364
2688 -16350
-4858 15691
4758 -19706
-6723 -4255
-2399 -4077
-11421 -6135
7252 -5062
-6456 3447
-7594 9107
-19114 -4195
-11309 -3971
-11236 -16173
-995 -1929
17420 -626
17258 3388
6259 5981
-14173 -18855
15624 11466
884 2373
16163 -14383
-11215 18781
-16356 16569
-3627 13933
17094 -15986
6746 -19314
-6651 6891
-4251 -12563
-13704 -678
8141 16252
-16828 463
-18043 -1990
13164 6037
5615 -8778
-1219 -13175
366 -2690
-16729 -10230
19878 1136
11341 15875
13584 -3123
-8897 -9099
7021 19176
19388 910
-10696 -2286
-18321 11224
7217 4887
-15847 -14231
-10702 17528
-6221 15638
18939 14511
-4793 12453
-15531 1668
-1312 8983
-12766 -8394
16081 -591
-12265 10122
-1125 15193
1703 -13599
14875 -12344
7977 12256
7116 -13421
1229 -615
11763 13021
-14837 -6062
2512 -7812
-12156 -2098
16493 16091
-18308 -8240
-16482 -5727
-9012 14320
7463 -1354
12347 11913
14963 -13875
2900 14119
-1927 4391
-15344 9702
1894 13615
-11329 -8384
13391 -10108
14320 9693
3716 -11953
-7654 -14278
12149 -14778
-12282 8661
9154 -11536
264 12896
11122 2964
-4302 17595
-5306 -17659
12403 -19563
7151 -15296
6424 -9175
13089 19884
-9237 -18249
18220 17810
-15934 5012
-16288 1653
3054 18011
14197 -1817
11104 -9363
-1511 8687
13205 -16786
19046 5297
4530 5759
4093 -19115
-9667 6966
14479 -537
13127 -19735
-13052 18586
15190 -18320
15488 6458
-9239 18700
-1405 -11433
7610 -11297
16698 -12181
-4549 -4711
-12879 16869
13601 15468
10227 13670
7088 -2704
3737 -3576
-6297 16868
9773 222
-4966 17186
10769 13022
7882 -12385
6157 16895
11701 -9833
2953 9017
11622 -549
-19507 13885
-12206 19553
-1483 8505
-7143 -11712
11654 -10395
10188 -14587
-12489 -1681
7594 -19358
18196 -4517
-10506 17581
16721 -15945
-5804 -10989
878 -3381
10660 16845
-19620 -19892
906 -3597
-13051 -8967
-5436 -1154
797 9892
10304 2919
14619 12984
1996 16620
6597 16010
2823 4021
8354 -7479
-10390 -970
15807 -10821
18122 3944
16995 7641
-6321 13654
13272 11187
-1601 -15650
-7460 -15523
12859 10839
-15220 15307
8441 6427
5765 6655
11902 16153
-19984 16883
12730 12467
-13842 13926
12412 -15239
-3147 4834
9354 -2804
-14257 737
-4460 -1252
2614 7232
-12664 2441
-8064 -1620
-6805 -14496
-12769 2957
-610 -17753
6925 -17030
-16904 19364
-5582 16524
-3508 18535
-12430 -17030
-16484 -3288
18176 -5249
1207 3611
-3707 -7628
10085 15414
18470 10708
-12891 7553
5682 18663
-14309 13946
-19624 12586
-15771 4476
14520 -896
15168 -10405
-1513 -8683
-7510 -4059
7524 3184
15889 -16069
-170 14017
-6290 13629
-6705 -9237
11237 11515
-10548 11715
-15893 -4445
-15672 -10482
-7309 -17047
-16354 -4746
-259 12050
17948 -8965
-18412 -18264
-19597 10735
16385 -6236
-9717 -17729
-4985 -13916
12737 -5333
19194 14597
18734 -6673
7945 -9084
16415 -9178
4161 5008
16774 17817
15977 -16544
-13982 -2544
-4440 -134
-7404 -7561
19729 4045
5441 -11564
14503 4282
-2568 13800
17404 4373
-12773 -625
-8339 14477
-17423 14932
2901 17271
-339 -13434
-4820 3105
2677 -3051
12320 -12299
-9209 -176
-15862 -2264
656 12590
-15636 15739
-15934 2186
-5031 -2683
-11812 -19455
12781 -11631
-14324 -13523
17012 -9238
-10815 -9655
6586 15728
-2767 -13512
15327 18262
13275 -10905
-495 10362
-12845 -7510
16376 -19062
15943 -15501
-11620 -2869
4064 -13607
9616 -10665
1002 -10358
12354 15924
-14023 3960
