1643
-15980 5784
6304 -6858
13176 17927
-6410 -7782
10252 -4406
-14990 6281
743 7150
-13596 -1894
-16382 -15520
-8549 7495
5068 -15385
7016 8380
3340 3966
13084 -18844
14817 5594
8356 12823
-4817 -15293
16750 -250
7685 4774
-16063 10955
-4247 12600
9636 -17701
6159 12696
-10933 453
8825 -7020
-11052 -9523
-19507 -4175
-16339 12299
11353 -4066
-2878 -19266
10050 7605
6400 -844
18817 -7092
14262 -2876
-5856 8938
-7002 -13908
-18680 13343
-16630 -2683
-15067 -18645
5302 -5138
-4725 -10043
-10844 232
10212 -9766
14228 -19815
-18767 5448
1026 19906
16237 18113
-421 -9745
1635 -15996
-8847 -13402
-8956 -6830
18743 -12395
14513 -8294
14075 12065
-19352 2758
-18279 -16022
-19223 5963
-16923 10568
-2928 -15645
-5128 -11036
6976 6279
14904 -19934
-16069 -139
-17226 -12712
-9725 -14054
4080 -9755
11677 4042
18844 -4493
-2248 9442
-4185 -18918
6581 -15683
13931 9571
19788 -11846
10253 -19054
4759 8473
-10445 1584
9743 5590
-1600 5696
16090 11658
12531 -11723
4936 -17646
-16780 -17641
-13050 -11261
-8977 -466
10654 4835
-7164 1993
11076 10670
14508 -12422
-6346 3246
18049 7381
15994 -13686
1235 -9702
19110 19739
588 -2095
-14135 -8674
14905 -4768
-12835 -9080
-1419 7473
-9835 -9128
8564 -10849
2310 -4093
-7685 -15541
-8632 3091
2365 -5873
11522 -6670
4329 12004
3366 -15313
1974 11752
19836 -4762
6493 17877
56 13529
-1946 17110
16127 9038
5245 -7024
-8266 -1580
-8779 13678
7575 -18188
-4950 6185
-6311 -19361
-15999 -2246
-8101 -8555
-17439 3704
5960 17392
9137 15121
-2858 -6313
-394 -7599
-15831 19971
-1053 -9575
19538 -4012
-9535 -19820
11043 -17449
14161 6254
-19114 -6105
11000 -8001
-4908 10863
3871 8634
-10424 -8870
-7176 -17177
5376 -15068
11916 -5284
-266 -13509
-7681 -17723
12996 -1467
3375 13262
-6047 -5066
-7343 13265
9345 -8328
5552 -5460
8564 -6992
-18064 16065
-5666 19836
19735 763
-2421 -15669
8537 -9781
-16167 14361
-15080 15515
15623 -16982
-12804 9287
11415 -8619
15881 1297
-14311 11767
-15996 156
-8792 11677
6166 -14149
18220 -19867
-15809 2308
-3612 8904
-15350 -7933
-1779 10373
-3062 -14780
-11077 3072
-16351 11482
-15999 -4958
-7682 -18542
11977 1384
-10261 -3811
3732 -8861
466 16406
17540 13845
-16081 14668
12438 -9945
4464 -10494
15157 9524
16381 -15159
-10118 12338
-19338 2791
-13838 -10603
-15083 -13445
-14127 -363
-7357 -11946
-10917 -3998
9606 -19243
16742 17487
-10167 10882
4193 6145
12977 -8372
-9425 -6562
4944 -9486
9365 -19385
-4635 -13949
-16769 5540
-16446 -17625
12423 17007
-18247 8054
-14488 -10414
-7215 -7001
9837 -10155
-4943 -7562
4529 4696
6505 -17270
9235 13290
17553 14320
-10654 -11795
-9609 14958
10316 4923
9500 -14578
999 -8289
8642 -5079
4646 -19602
-18410 -4507
-19844 -12501
-10362 -6849
4250 18374
19402 -11149
-19018 -3708
13061 14317
9185 2574
-8518 -14212
10368 14211
12412 8986
1497 -17332
-2391 15105
-14450 8198
3390 19501
-1987 -10047
2907 17792
12540 -5070
4727 -9036
10135 7067
-16339 -14584
3929 3531
15104 -12670
5264 13778
-10963 6842
4796 2346
-6771 -6676
16672 -11054
-5789 19217
16469 -7539
-8312 7385
-16265 -12787
12879 -8881
-15313 -12862
-19698 8722
3951 19680
1256 17763
-12244 15096
-19392 12672
-3666 9526
-17240 4928
-2306 -16011
-7573 797
12257 18993
-8618 3719
5939 -4009
3919 -3370
-19178 5392
-19481 8199
-6869 -13760
2609 9361
-15956 -19733
691 14254
-3527 -5882
-18611 7669
18729 -4978
-14294 -13062
-15020 14789
-16200 -14648
11045 -19945
-10147 -5758
19901 18164
13477 8144
13675 8184
13838 -12513
7067 -19838
14455 7665
6565 -489
13986 -3816
-2230 -11777
10093 -19959
14392 -19405
14334 16844
-18931 -14003
14344 -4040
4818 14770
6550 -4812
8663 -4954
1173 -19271
13527 6153
-2238 -18934
7899 2046
-7123 -8447
17213 -12878
-2413 -5138
2857 -9039
11001 -8427
7431 -13109
-348 -12432
6612 19672
-17986 -9430
17 -1839
3910 13644
-2974 -10665
15944 15412
-5058 -13410
-19793 -16904
-8227 -5709
11358 7026
4726 2537
-8574 -14269
11651 5381
14091 -18053
-4084 -11191
11727 16940
5423 14330
-4749 5073
19369 -18688
6782 14073
-9929 19302
18024 3273
19254 -1719
-8647 -1699
8790 -5082
-275 11085
-6027 -17619
-13661 15614
-15175 19749
-6644 1919
-13336 13432
17586 -9340
-358 -19188
18889 14529
10537 5257
16185 8769
14366 -18450
17396 2718
-1476 -14508
-4316 4512
19574 14746
-12490 -8646
-19565 14719
-10603 18897
-13008 10599
16064 18723
17380 -18827
17933 -18587
16835 13868
-7410 6005
-9893 18485
15997 7232
-10673 6171
-2033 -5107
4164 13395
7369 -16591
-500 10322
3876 -5609
-11547 11822
-12292 -14508
16034 4042
15709 -12686
-12224 4348
-14830 13790
-9485 -1701
-12488 18157
-17038 -15760
19509 2043
-13092 -18284
13783 14563
-1752 532
-1326 9593
-13502 7494
-16410 12313
2117 1053
4517 -902
-4579 -10416
9419 -13259
7687 9003
15326 19499
9829 -563
-13148 -19181
6480 -17242
11458 14882
18267 19946
-17454 -12097
11371 -1340
6085 6279
9523 -2832
-11340 12820
-10811 13428
5541 5949
-2085 4701
6519 -12641
-18851 -931
9743 -10052
-19231 19255
-11345 -6909
4803 1931
6641 -11461
-13731 -12796
-3231 -3557
857 15663
-8302 -12652
-11986 4132
-14882 -12640
13819 -12877
-19147 -15108
-19525 19122
-4539 12739
-2924 -17160
13916 -16539
-18556 -14325
8351 10786
-23 7157
-11744 -461
18633 18824
5772 10760
-535 2383
-15363 -13997
137 14804
3420 -16345
-3316 3476
-6627 17715
1451 2691
-12254 -16894
-4677 6647
11449 14272
-10287 -10001
4997 -15384
-13702 15522
-3946 -3083
-12561 6929
2096 -16201
-857 10572
-14749 12712
3754 12867
17221 8316
16537 -6361
19617 -1923
16330 -4240
8902 -464
11730 1896
-18283 -5842
-17925 -16841
15217 5666
-9953 9179
-17689 -2284
8680 -955
11605 -4255
4459 -5346
14816 -13797
11149 12316
19726 -13572
12702 -2104
2431 4358
6636 19244
19133 -7084
13000 -17979
10583 5637
-10934 -13785
10661 -7335
13004 8299
-18026 -16655
-6061 11714
18915 5231
7121 12913
11056 -10997
14185 -13095
-805 -16664
-13725 -4621
481 -14282
-6021 -14412
-2395 -14234
-18716 9105
1936 14465
-3404 3375
422 -14756
-19828 -12668
14483 -4755
12818 5963
5722 -5684
14009 5673
2634 15008
-2566 13549
-3225 10797
-14255 1802
-2202 -4846
-7911 -15085
10023 -1790
1550 2397
-2638 4748
-1277 475
3159 11343
-6545 9855
18719 -12530
-16633 -7971
-1799 16683
17989 -17714
-2483 15063
8501 -12477
-4253 13530
-7035 18595
18460 7997
13344 14121
-16474 -207
-17755 5580
-15690 5393
7430 -10811
4988 -15612
19203 -17168
15005 14106
845 -5474
14073 7293
-7739 12146
-12587 9453
273 5393
12643 6583
17029 13965
-18891 18101
1291 -1751
-6534 1801
-11460 17468
-10432 -16811
9272 -16590
-7303 -16142
-2820 8056
15647 -7814
-14895 -19965
-4129 5007
-11177 4981
8487 -3076
-16343 10683
7160 14347
1801 -638
11796 870
10211 -1660
1419 -6656
-804 14692
4562 17371
7579 522
14871 5768
14218 -6585
-12158 1490
-19107 -14557
-12952 16548
8860 11349
3230 6111
-2993 13671
-19550 3715
-11891 -16587
5319 -15008
15486 -4313
-14589 -8915
-13081 -8009
-6052 -19792
6165 -1216
-18929 -11810
-9506 -3713
468 -18417
-7042 2443
8227 -11128
7732 -12161
-784 -1146
947 12409
215 246
4422 -12449
17870 18039
5785 587
3356 -11294
-4328 -2695
3007 -2546
14689 9077
19780 2608
-5818 12677
6690 -365
-9987 7878
-2649 -7106
7371 -16499
-18558 -17325
12835 -1419
213 -4141
-5064 -2466
1815 19966
6957 -7230
10304 19422
-10272 2597
11067 -15011
1767 -3957
18537 -1852
5700 -8809
9557 16346
6583 2931
-3855 -12038
-18688 14441
-3738 -2303
-10476 -2972
-6667 -15296
-3751 13997
-2881 616
-13393 12997
-16540 6327
-18751 -17938
17390 -15480
10063 -3825
17906 10062
1984 15357
9923 -8370
17005 19449
-6986 10948
12622 -13646
-6052 6837
-11325 -19821
18529 -15015
-14758 13851
-4679 -8177
-6843 -7150
850 -1918
401 -15088
74 -13459
-3687 -3710
-14440 -7275
5933 -4276
-5951 117
7067 14136
-4801 -15042
-10402 -7107
9752 2817
7657 -10944
-4575 15453
-17907 18032
-6217 2695
-94 -14209
-6189 -1698
-4157 -11327
11329 -4200
-13993 18211
-11481 -6552
10601 8174
-7845 -358
-6715 16958
289 7362
7913 6527
-12985 17875
-2245 155
-13016 10594
-13415 14178
-9584 -12878
-3255 -7503
17146 3197
17282 -10487
300 -414
15911 -14405
-1900 10379
-11718 16614
15678 -2988
-14275 -15834
-6481 -13759
-4888 -3548
-10665 -10689
-6838 10594
372 -15811
18765 11602
4814 -3751
-5921 -9745
-2997 -19282
11866 17669
12544 -8708
-13280 12102
17082 19619
5038 -17450
2511 -16574
-5992 -9396
3076 -1004
17692 -5323
3292 18284
8232 4342
19129 -13792
5785 3544
4298 -11783
-6996 -19554
-2294 -2081
8147 3762
16328 -11241
9465 11051
-12562 6658
-4804 -19581
6927 -14037
9918 16837
-10353 2166
14345 8977
-14047 -5156
12627 -14615
-11254 13117
-12355 2238
3342 -1464
-8297 1922
-715 17288
12590 -2797
-7366 -812
-14026 13229
7657 -17481
16404 7536
-2485 -9562
-12291 -1314
-5046 -7832
11387 -4856
16363 7763
-9500 -1802
-196 -7399
11295 15086
16687 -17325
1045 4218
-14742 11120
2122 9058
-678 -5308
11352 -8826
12617 14028
-2815 6955
5058 19435
-19552 5955
-16629 5909
15074 9932
-199 -12009
-17557 10304
4287 14165
7248 -9421
11845 11239
-13542 7984
-1462 6606
18212 -15885
-11980 7864
-3997 7157
2983 -15678
6442 200
-18702 -12785
19054 -4652
3354 -2345
5739 16306
-8398 -12150
-8078 4207
-2695 -9524
-8870 17860
-18697 1837
-19001 7374
-10583 13288
-1566 7235
-13179 -15906
16697 18225
-14410 -3718
16316 -3967
15824 -4201
1695 9719
-9333 7076
-9594 -14552
-18715 -4578
17174 -15311
16211 -17718
-11143 -6446
-19347 4747
-4329 -5927
9466 -9928
-9248 -17252
-18428 -8913
-15624 14019
-6912 10474
-7013 -1567
15525 -9979
9601 -15392
11997 -10186
851 -1185
-1950 2238
16457 12446
-16849 -3862
-5022 18020
7254 -12607
-5944 18421
3408 -5322
3709 -11332
-10942 -2773
-8686 -8374
-18481 -19217
-8716 -8516
9484 6744
-3226 9042
-14274 -2870
-8700 3876
16609 -10293
-14641 -16255
-18188 -2155
145 18421
-987 13481
14011 17719
4393 -13471
-2446 -11540
-1796 -8686
-8440 -1596
-19212 8888
9286 7438
2255 -10555
2808 1008
15270 1233
11965 -15324
-15513 19761
15912 3666
13534 -17503
9916 -18699
-13743 -8169
3713 -1828
-15165 -6730
-12955 -3547
16542 -7342
4103 11999
8037 14241
-8437 -13582
1072 -18974
-13370 -15684
12058 4307
4202 -1469
-17244 4200
19190 -5729
14508 -19389
-7280 13138
-17177 456
19175 -5109
2059 351
9229 -10333
13400 19746
-12837 17282
15118 -13260
9618 -12688
-17633 13082
8360 14681
-5373 -16698
6685 -14782
19210 12780
-14214 16
-6454 4016
-216 11709
-4443 -17451
-1829 3666
19964 -3119
16877 7686
13038 -3058
-13136 -11918
7967 -9449
-7927 9105
8415 12967
18399 12932
18838 7121
-19601 7864
-3515 10340
-5282 -15871
-15225 16663
14462 -5800
-2231 -13472
18238 -1717
11815 -10159
-12582 -9312
13101 4092
16835 5219
-13745 -19617
6780 -15486
-8709 -8527
12393 -5563
-9153 -17693
17776 -19847
-5554 -14952
-15496 -11751
-18140 17242
-15719 3398
9806 8760
8610 -9283
18785 5384
15633 -15179
19523 12445
14265 -1003
-12651 17336
1346 -5577
2209 -1010
-12669 -5874
14652 -6239
15218 -16686
5996 10947
-1426 9925
-12413 -12865
16086 -18304
4539 -14421
-11873 -13147
14936 -225
-8167 -11406
13210 -3565
-18422 -8922
19099 -18263
-16920 15618
1611 5480
15850 -16763
-4942 -1807
19060 -17105
-12039 -11186
-10622 -18608
-2844 -7336
-16957 3201
-2087 -6682
-10000 9664
10275 -5010
-10897 7061
-16628 -11731
8736 -13854
6512 -10550
-14345 9967
-18533 -2425
18725 -1022
-5909 -16505
875 14337
-12312 930
-12835 801
10031 -10831
-15516 -5561
13244 9124
-5422 19790
9165 -6108
-12829 6740
9001 6914
6078 -15444
-5223 8617
1480 16760
13984 -6719
-10449 14869
-2903 6645
16734 -5680
12111 19657
18564 11660
1987 17771
-12732 -8010
9335 -962
-2969 -12188
-4280 6924
-18248 11042
12268 -5463
17698 17039
-13211 -14169
-3054 4612
-10403 -16071
-13508 2382
2158 -14733
-7440 12519
-15406 -10196
-1906 -5348
-13584 -4284
-7622 12852
14099 7169
10274 11196
-4453 -6951
-13824 7639
271 -8879
-13333 -3523
-18820 -947
3155 -19986
-15750 -1741
12946 -12439
1601 14936
-17594 -54
11693 14470
1210 -19954
-6926 -5603
-13306 -3662
1497 14913
-3815 17052
13030 -13898
-1667 7082
9490 1439
-17133 12958
-15732 14490
6505 16332
9851 18556
-659 5785
4324 13417
19002 -17994
-13659 3716
9373 8152
4582 -4529
8620 -4195
-5002 4653
-18308 -4228
1364 13035
-2336 -15168
-14901 16424
15572 15175
-8135 14278
259 6213
-13930 -2553
-2567 -5159
2607 19255
-2089 -13891
-1401 7911
4089 10232
-4911 -852
-970 665
15482 14638
-5950 -19456
14385 -3087
-5104 1421
7077 11517
-6443 -7774
492 15043
11496 11225
-6836 -11433
1348 -12986
-16996 9121
1195 14953
10826 -17112
-2860 -5774
-87 5765
-19230 -9547
10923 6913
5522 15620
-12883 -5309
-12773 -4854
-14871 3643
858 -8272
14660 -18604
18479 -5730
-11064 17152
-4510 -17731
-11435 -3682
16133 4522
591 8563
-13797 -17893
19923 3239
-7706 -16897
-19278 -17543
-3298 11580
-4890 -5943
9527 -11362
19618 15188
-6637 17675
-4241 -5007
-10677 15474
-785 16408
-18833 10403
10556 13562
-833 -10664
1564 14221
16359 -18251
17335 -6420
15131 5119
-2204 16565
-6250 15863
8603 -2275
12752 4471
-13406 16955
-7114 -18933
18227 -12004
-6668 8260
-2687 14957
7424 -2964
-14548 16249
8302 -13190
10778 -6560
10355 6872
-8962 -4637
15626 1320
16912 -3505
-6321 7568
12424 -13304
18122 6664
-6001 -11521
19376 -14042
-11019 -6353
3858 -666
-19798 -994
-4633 -11954
14329 -15412
1172 2584
3130 -9404
4597 -19970
16449 19725
-8972 1152
-639 -5208
-16254 -18885
-13984 109
15321 15507
10758 -15082
-9421 -17100
-19340 -1840
18402 11823
-15453 -2393
-3431 -4129
-17773 -9935
-18139 -8786
6404 -9446
-18738 -17890
16750 7974
-9148 -16613
-16824 17440
5219 -9977
-5579 -1827
-16571 -4168
19784 -17268
6280 -4566
-18613 160
10730 -1062
-10894 -6997
16297 -2334
-260 -18482
-15271 -1082
15108 -19826
-1255 14472
14020 -3064
-18992 7267
-6035 12248
-14385 4831
19826 -15951
-19399 -9396
-2821 -2270
-12188 -17085
-15349 -797
4508 -10509
17711 -2512
3473 19564
-12575 13505
13429 8465
-17806 -9343
-18366 -19477
12554 -7740
16974 1541
6764 14903
-9705 16627
5100 12254
-13735 13521
18790 9046
16801 -13496
-16873 19252
-8282 8678
9988 5761
16834 18870
-12733 -10923
-2966 3494
-4594 -18479
-14870 -14498
16962 3134
10727 -5814
-9937 -15377
-14818 18396
-9258 -2109
19882 18782
-11684 11218
-17890 -10969
17121 12450
18729 1625
15639 8137
15409 15927
-9574 1381
6835 17689
17336 8606
-19201 18362
9352 -7462
18140 -11770
-1899 -7375
-3488 -13065
8700 5466
6599 10441
-12637 -17908
5900 2041
-1044 10565
7336 -1825
-12315 -16472
-17322 -1212
15358 -214
-14061 -3012
15304 -6170
2734 -19864
3255 -884
13371 17161
8068 7858
1666 7581
-1484 -14305
-4084 15856
-644 19662
9336 7677
-13808 -12034
-1289 8381
-4836 -13470
-12386 17279
-9694 17725
17132 11800
-404 15938
-17660 -11982
19280 -2276
-1004 11602
-19625 -10049
1305 -16456
5818 -12415
-15258 13396
-2245 10443
8499 -18225
19889 7302
10758 -15448
-15549 -6180
-13282 -12844
8085 -5700
-3024 11791
-7076 3514
13184 7206
-18510 -11106
-1375 -10771
-12298 15291
1147 -8294
18451 -3121
7551 7330
17786 19222
12099 -13773
6765 -9968
9475 -149
-1001 17864
11945 8968
14154 1127
14433 924
-1139 -15334
9892 3662
-15399 -17676
11841 60
17526 -12532
-15107 13124
-7525 -13533
9036 18195
-13011 -497
-9293 19107
6231 -13059
15549 -4627
-6012 17231
17510 18545
-14508 -16213
11690 -1889
18176 8550
-15165 3056
-5259 141
-247 -5787
12645 -12984
-4918 -4403
-4265 -9381
-18570 -18566
-8225 4446
-13457 -5945
12689 -10129
-8698 -13244
19808 475
-14891 -18335
-19798 -19865
-6385 -19570
15802 -428
10426 -18077
-13284 -12313
15784 1489
-19651 -6997
-2436 8319
9351 19697
11592 6108
8961 2923
19352 6144
3096 -19186
18405 4585
-2010 -10329
10753 -18698
-13940 -19714
-5010 6035
-9997 -14804
-17665 5380
10663 10372
6226 1142
3699 -2868
-6220 1628
3738 -3942
-5166 14429
10841 19369
3615 2740
12936 -607
3538 -8274
-17159 -7635
8791 13530
-12893 -3471
-17717 -3575
11568 7855
16246 -17748
4839 -19218
-4878 -9623
8106 16016
-9905 -10271
-6713 7658
-7796 4248
16956 -9784
-14097 -15688
-14650 14082
2838 18567
9793 8026
-4376 -17779
-18481 -345
-3014 -1640
17790 4185
13860 4390
-11413 -1528
7451 14753
-17772 -11867
-17331 -12567
3307 15128
4048 11658
-8881 -2898
-9289 -1876
-1820 -5683
13158 -2120
-2822 16629
4558 -12645
-10649 -12440
5209 15631
18660 19383
-13931 15259
-510 14507
353 -17657
6565 4023
6711 10519
6858 -2011
-6279 -18052
2293 6811
11687 -4608
7619 4606
-15336 -5702
-16403 -16152
-14738 -14867
2783 -9752
1895 18386
-5158 -5675
10387 19558
-13705 2063
17229 -613
13757 17699
-4569 -6630
-6903 4577
16863 11012
-2757 1434
5711 13963
5695 7835
13375 10292
-13855 11666
-18309 6799
-17586 10391
-17477 9004
-15493 12613
-4660 -4793
10718 18928
-18548 -17071
7108 -19324
-5972 -1318
-18514 -10709
7113 -10260
-6673 -7566
-2045 12708
-19980 -12246
14611 10973
-1839 4962
2306 -14538
3936 18993
19828 -19212
-7103 2378
-4706 7748
1578 -17694
5625 16215
14124 -3455
857 12935
-18854 7492
-8214 5946
5184 -7434
-540 12063
-13272 -5231
-11298 13018
17602 -15116
3294 9936
7980 8443
7094 5604
18985 4036
-17841 19363
17167 -292
9255 19842
-4363 -19550
19050 -19154
16609 18232
-16771 -792
17562 -8742
7540 1639
1854 -16306
-11706 12137
-9070 -14196
16002 3589
-1121 16760
-7769 961
-1241 9737
6662 5854
-3635 17922
-5189 -17716
5322 -4085
17749 -14969
5952 4109
-16641 7198
12531 -13078
1274 -17522
9816 -487
-17780 2510
9702 -11432
10867 -4360
14927 11560
-136 -8632
12108 -15772
5927 -6430
-12818 -2708
-15632 -18255
14074 5699
13251 -7601
18908 5479
3618 4538
-6575 -14445
7321 13226
19240 10994
-5862 -19147
-14160 7833
14624 13474
-14292 12818
12243 -5717
18058 -18534
6199 8090
8429 -5568
-7070 -8757
11328 -17618
-14016 14527
16643 1834
-4893 -3763
8303 -7643
3904 -14224
528 -17542
-12657 -3501
-5163 -10230
871 1106
9771 9752
887 5837
-9350 4036
-15132 1014
7743 -3797
-6488 10734
-14937 -6227
-6053 18529
5305 -5815
-1614 2771
-6049 14299
-14126 -19961
19564 7030
-18658 841
-3231 10716
-17115 8313
10393 10390
826 -15219
-337 -10336
10695 7389
-1561 13757
-1147 13078
10662 2833
-1466 -11627
-13093 12150
-9522 4387
-15755 -8806
-4895 -1894
14739 -9654
-7492 -17127
14255 14873
15469 474
-7722 -10873
15464 11220
-9406 13355
-14422 209
11953 -8831
17611 -8685
-2485 3053
11590 711
12287 -7968
-14937 14645
-15681 2657
13350 -16056
18660 -12208
17934 18912
-7666 -16424
1826 10229
-7721 -3941
-5260 -19063
1442 -11896
-7822 -3239
16466 4636
13150 -7301
15513 -15033
11694 15706
-2774 -10285
-6103 15376
-2627 -9465
1081 -5073
18295 -16363
11470 17866
8927 -3614
15566 17183
-6305 -3240
14384 2221
-12583 12044
-13834 322
-19369 -12396
-2417 11112
6344 -18902
10676 5748
-4108 9783
1358 11151
-2539 6931
16476 -7494
19597 -9758
-5463 -10377
9102 9954
12372 -15536
-17368 -18957
1093 8815
15134 -11880
18611 15445
-19199 5987
6996 -7997
-13106 4936
1593 -12004
17929 11606
2453 14226
2580 -15285
-6946 1267
-16881 -14827
3853 -11143
-4026 1505
14268 19377
-6989 -757
-18371 -7828
10693 -8684
16320 -11573
-6176 16672
1557 -15860
-14708 -13143
-3157 18716
14114 13106
-13915 11952
-6543 5986
-11113 5328
-15685 -9721
16598 -1977
13345 -8783
7389 -19800
6103 -17281
15762 2512
230 19708
3294 11544
7837 -10523
-11095 -13095
18250 6600
-2051 -11478
3006 -2833
8725 -12027
-3365 15308
-19998 -14228
3694 5193
17537 -5216
-9402 -6406
-3301 3177
17206 -2390
-12523 6679
-12879 -4209
2913 -17626
3269 -3162
-14276 -3887
5619 -146
17654 18990
-2113 -18886
3607 18853
7983 5764
1005 5547
10917 19059
-7016 -2755
3086 11897
-14487 18789
8255 17350
13985 15979
1826 4588
18633 11077
-11189 -13788
7475 13451
-17362 8226
10704 -2753
16257 -8991
49 10369
-18322 -3129
-6804 18646
-5536 19863
-7823 2181
-12339 555
-2567 18731
-4052 -17052
-11571 18544
2151 12788
-3191 15822
11975 -13638
-17646 12444
-16045 -5234
-9393 -1168
13084 17040
-8904 4910
19002 3035
-5595 -9395
15493 18558
-2912 5211
5726 -10456
13735 -17990
7251 6085
-10911 6238
191 -7525
-7336 3700
9353 19298
8401 -13650
-5316 -7591
-13536 -5679
-457 -6265
8687 18802
-5686 -12582
-5159 -5957
18941 -12389
18531 -6413
-17798 516
-4590 4836
19727 -8432
-4453 1681
