202
7712 8006
7061 5151
7042 5648
6678 6438
6317 5458
6059 6865
5961 6359
5737 6582
5652 8116
5534 8511
5441 8740
5383 6591
5353 6949
5179 9463
5048 8393
5040 7166
4804 6848
4702 7324
4630 5983
4553 5243
4238 8581
4115 5462
4084 7836
4076 8750
4015 7738
4001 7981
3945 9486
3730 5060
3543 9931
3496 6899
3435 9120
3372 9769
3209 6363
3202 9384
3160 9958
3115 8432
3104 6483
2852 7953
2823 8824
2728 7125
2719 5334
2655 6923
2596 7011
2546 6965
2528 9074
2443 6510
2392 8622
2211 6762
2083 7123
2044 5283
2043 5611
1907 9827
1888 9558
1860 6272
1714 9967
1524 6359
1408 6773
1391 9306
1187 9931
1099 9493
928 9363
880 6237
809 8310
749 6573
721 6132
568 9208
403 7206
347 7236
147 6305
133 8493
4 8903
0 5000
13 4155
135 3308
158 449
203 741
248 2605
388 776
881 4804
890 3397
965 1777
967 1854
1029 3212
1170 1452
1171 2696
1348 4326
1424 3479
1465 535
1486 4647
1504 1846
1522 3832
1595 2159
1802 2374
2051 3959
2215 478
2334 3849
2396 944
2488 1760
2594 633
2751 372
2757 3530
2885 733
2941 350
2983 953
3007 4109
3015 100
3168 4213
3235 4515
3277 563
3304 1167
3358 1203
3419 894
3441 3178
3681 1511
3702 1316
3754 982
3823 2025
3882 4625
4326 1232
4329 1527
4332 3363
4481 437
4620 254
4694 2567
4707 3471
4818 3580
4957 3797
4998 3417
5074 3513
5178 1728
5237 247
5338 1306
5367 2689
5455 2040
5460 3670
5530 3413
5556 4856
5598 3132
5628 2841
5844 2554
6021 4815
6043 3817
6084 2340
6170 4137
6359 332
6965 945
7145 4879
7148 3892
7202 749
7309 4964
7344 62
7442 3026
7925 3424
8016 2985
8271 3305
8295 1789
8404 3307
8483 1036
8540 3418
8551 1734
8685 1975
8888 355
8926 2215
8988 3583
9057 4272
9296 4798
9528 4403
9697 2270
9834 277
9854 4680
9916 2455
9966 4685
10000 5000
9876 7183
9774 7478
9735 6279
9620 7057
9556 7722
9432 9036
9327 6377
9261 5441
9161 9775
9146 9382
8893 5398
8723 9648
8677 5529
8635 5211
8606 6616
8522 9106
8458 5070
8316 7675
8121 7989
8115 6829
7989 9146
7912 8039
7866 8569
7852 9118
7841 5804
7793 7962
7743 9058
7725 6194
7725 7620
