100
0 7 11 10
46 0 21 94
85 39 0 32
77 27 77 0
0 4 74 87
20 0 55 81
50 92 0 65
47 69 56 0
0 64 34 4
3 0 46 59
40 48 0 54
67 21 71 0
0 22 30 29
3 0 22 41
22 17 0 65
65 46 65 0
0 86 71 23
57 0 53 94
67 97 0 46
75 45 46 0
0 57 20 96
51 0 91 94
59 83 0 67
31 62 35 0
0 63 64 65
45 0 84 58
59 44 0 72
92 71 92 0
0 58 62 84
28 0 41 89
21 78 0 34
98 61 39 0
0 38 90 64
71 0 66 64
83 78 0 75
52 39 93 0
0 26 62 65
46 0 87 79
9 100 0 43
92 1 24 0
0 95 13 7
73 0 83 6
34 75 0 29
87 13 96 0
0 66 17 34
31 0 26 7
54 91 0 97
4 7 46 0
0 46 22 31
86 0 3 10
14 8 0 3
5 93 2 0
0 47 32 16
20 0 94 23
66 88 0 0
49 75 5 0
0 31 19 4
0 0 44 78
80 95 0 95
14 36 43 0
0 62 3 39
57 0 70 98
77 94 0 5
33 96 51 0
0 79 90 19
60 0 28 11
84 87 0 40
13 3 57 0
0 100 16 66
74 0 99 50
62 65 0 41
18 43 33 0
0 33 77 53
83 0 2 89
71 17 0 85
7 32 4 0
0 16 20 21
12 0 58 81
29 65 0 90
4 31 29 0
0 91 56 9
32 0 10 75
29 79 0 79
90 46 32 0
0 87 54 35
67 0 96 0
19 4 0 49
52 20 14 0
0 65 92 11
30 0 13 12
2 23 0 96
29 13 27 0
0 3 66 85
59 0 58 39
68 82 0 48
27 87 97 0
0 26 93 55
54 0 65 2
74 75 0 6
53 67 74 0
0 23 12 84
61 0 46 2
66 15 0 78
46 37 88 0
0 47 39 2
87 0 52 12
13 39 0 25
99 86 2 0
0 57 7 52
81 0 62 59
26 75 0 78
9 0 36 0
0 3 47 39
92 0 9 28
96 62 0 24
14 73 47 0
0 50 91 59
17 0 96 44
50 15 0 32
15 15 10 0
0 78 42 82
50 0 27 88
13 3 0 79
84 60 99 0
0 5 92 90
63 0 37 45
58 18 0 47
34 61 67 0
0 61 92 93
53 0 62 87
37 50 0 29
20 62 76 0
0 33 70 54
89 0 86 89
10 74 0 93
73 12 9 0
0 45 22 69
18 0 53 8
11 87 0 82
4 16 37 0
0 49 29 90
85 0 87 42
56 22 0 67
36 14 19 0
0 69 96 54
12 0 42 66
31 91 0 65
32 21 20 0
0 59 90 30
51 0 45 100
97 73 0 93
18 59 56 0
0 92 3 76
49 0 94 23
50 65 0 6
61 35 51 0
0 32 90 93
52 0 90 82
60 46 0 70
42 91 95 0
0 84 10 97
92 0 28 68
79 24 0 51
85 48 81 0
0 1 40 59
67 0 91 59
83 22 0 12
2 51 27 0
0 93 72 77
49 0 27 12
49 71 0 98
25 35 95 0
0 75 74 24
62 0 78 17
1 78 0 86
55 61 32 0
0 65 72 22
59 0 91 26
97 9 0 44
0 62 68 0
0 85 84 8
96 0 75 62
86 42 0 58
34 64 58 0
0 3 10 78
96 0 44 22
97 96 0 100
51 32 86 0
0 80 100 92
17 0 6 20
63 48 0 59
86 37 19 0
0 1 36 71
59 0 0 46
4 68 0 48
72 56 26 0
0 86 39 63
83 0 17 61
88 68 0 91
38 9 33 0
0 40 38 42
82 0 39 83
82 50 0 66
11 65 81 0
0 26 50 76
67 0 19 64
80 11 0 39
5 29 58 0
0 71 29 66
35 0 7 14
14 86 0 100
48 46 27 0
0 40 45 9
42 0 58 46
21 63 0 56
37 59 17 0
0 91 56 81
27 0 34 41
20 12 0 30
60 24 96 0
0 86 47 23
45 0 17 17
29 34 0 70
81 48 51 0
0 95 43 35
92 0 76 64
74 88 0 93
41 95 51 0
0 96 91 90
80 0 96 91
37 68 0 79
81 85 9 0
0 47 39 50
61 0 22 33
45 56 0 61
11 23 40 0
0 48 16 3
13 0 44 21
45 9 0 93
97 83 55 0
0 1 69 41
30 0 76 49
69 36 0 60
81 19 46 0
0 40 25 63
12 0 18 100
26 42 0 32
18 53 46 0
0 32 11 43
24 0 31 90
30 93 0 78
5 43 47 0
0 82 98 78
7 0 18 22
8 55 0 56
99 34 16 0
0 41 66 73
14 0 43 82
98 90 0 78
50 29 6 0
0 50 98 60
62 0 79 40
69 79 0 76
11 75 65 0
0 68 85 63
51 0 88 58
21 52 0 49
67 57 5 0
0 13 57 75
16 0 15 87
64 22 0 9
50 39 58 0
0 90 1 32
13 0 85 44
28 22 0 3
18 54 85 0
0 11 43 83
59 0 6 60
30 8 0 61
17 71 3 0
0 17 89 64
69 0 7 6
25 69 0 0
66 43 87 0
0 67 30 17
47 0 62 0
16 69 0 14
31 13 59 0
0 27 6 78
27 0 80 48
43 79 0 82
50 91 67 0
0 64 99 86
20 0 65 13
19 80 0 26
22 48 25 0
0 38 43 55
18 0 54 16
50 40 0 38
12 71 12 0
0 60 34 36
67 0 97 62
35 29 0 53
89 17 89 0
0 70 84 13
3 0 77 70
96 25 0 27
24 50 74 0
0 5 82 17
80 0 3 95
33 89 0 92
60 69 6 0
0 94 98 28
18 0 76 40
4 88 0 25
13 17 81 0
0 88 69 23
97 0 11 87
59 80 0 37
26 20 41 0
0 89 35 66
72 0 8 52
53 85 0 92
4 58 38 0
0 84 15 81
89 0 93 34
2 27 0 53
42 33 68 0
0 93 50 75
67 0 95 25
55 98 0 16
88 21 100 0
0 57 58 44
49 0 60 78
32 78 0 24
74 60 56 0
0 24 96 60
73 0 43 39
9 21 0 47
77 80 60 0
0 28 98 78
83 0 84 73
16 87 0 39
26 68 38 0
0 12 1 100
3 0 25 40
7 40 0 68
32 92 85 0
0 43 56 9
53 0 60 91
2 36 0 74
73 16 27 0
0 19 20 77
98 0 48 92
8 81 0 75
57 35 82 0
0 10 63 61
100 0 30 19
72 38 0 29
25 79 90 0
0 42 75 78
89 0 50 67
52 30 0 82
27 71 7 0
0 33 85 31
17 0 79 93
50 55 0 15
58 50 50 0
0 60 48 36
27 0 30 28
7 68 0 67
11 77 69 0
0 86 0 6
49 0 90 55
51 29 0 65
34 12 46 0
0 65 46 66
100 0 63 74
8 90 0 58
94 89 28 0
0 35 3 3
61 0 5 16
83 18 0 26
41 30 68 0
0 6 78 18
82 0 37 97
13 82 0 71
69 11 86 0
0 85 17 55
90 0 17 4
39 65 0 84
34 60 6 0
0 71 45 97
43 0 87 12
77 46 0 13
77 100 44 0
0 46 81 35
61 0 36 65
76 19 0 3
5 43 55 0
