100
0 29 47 48
16 0 24 90
5 10 0 17
31 64 26 0
0 51 82 3
58 0 62 58
49 63 0 73
24 51 11 0
0 62 29 97
2 0 89 34
66 52 0 60
48 92 14 0
0 84 33 12
8 0 49 79
48 13 0 84
7 43 30 0
0 88 11 63
83 0 66 26
74 18 0 77
8 69 4 0
0 62 89 24
18 0 74 58
93 74 0 56
36 71 45 0
0 54 17 20
97 0 76 12
68 88 0 40
89 45 82 0
0 63 64 79
25 0 39 19
45 67 0 36
65 84 9 0
0 64 89 69
28 0 44 31
1 37 0 43
28 34 4 0
0 54 32 48
38 0 90 53
22 84 0 50
14 21 84 0
0 3 25 98
20 0 38 14
1 97 0 48
43 21 72 0
0 55 29 17
52 0 72 57
52 53 0 10
75 8 36 0
0 91 12 4
10 0 84 13
97 66 0 67
46 19 64 0
0 62 90 19
77 0 8 24
2 17 0 43
49 84 73 0
0 15 95 38
44 0 41 46
0 82 0 63
26 7 79 0
0 4 97 74
22 0 22 43
55 56 0 15
10 25 77 0
0 28 63 60
19 0 48 15
13 74 0 92
57 82 16 0
0 92 56 65
92 0 11 91
60 72 0 50
46 58 28 0
0 6 25 6
57 0 14 13
27 92 0 0
90 76 78 0
0 2 83 46
55 0 67 11
95 96 0 76
64 90 72 0
0 25 64 29
41 0 67 49
95 66 0 82
25 0 37 0
0 78 37 10
95 0 41 51
28 80 0 37
10 70 53 0
0 95 47 94
41 0 66 38
80 45 0 100
37 83 13 0
0 25 62 47
48 0 74 39
26 37 0 50
78 49 87 0
0 67 88 93
45 0 86 77
74 46 0 86
54 25 62 0
0 67 64 10
34 0 20 8
63 93 0 34
53 99 14 0
0 79 35 37
35 0 64 34
35 80 0 52
31 46 31 0
0 31 64 95
58 0 31 29
76 67 0 25
47 63 99 0
0 13 14 49
10 0 83 21
99 72 0 54
5 100 17 0
0 2 78 24
87 0 33 11
12 59 0 58
85 36 72 0
0 11 16 77
45 0 83 8
40 4 0 10
17 83 46 0
0 9 29 92
4 0 76 40
28 37 0 95
45 41 8 0
0 66 14 92
78 0 44 55
20 20 0 32
49 19 55 0
0 93 100 8
12 0 68 28
10 37 0 22
43 95 25 0
0 13 6 7
71 0 100 94
22 21 0 71
81 41 37 0
0 31 94 64
61 0 14 72
91 10 0 17
95 16 28 0
0 41 27 52
22 0 21 17
97 56 0 7
88 57 74 0
0 85 78 36
53 0 55 74
87 94 0 47
88 72 90 0
0 62 46 94
99 0 67 23
39 34 0 87
60 16 35 0
0 63 81 64
68 0 100 65
37 27 0 72
67 50 98 0
0 17 62 82
60 0 15 37
50 4 0 4
47 64 37 0
0 44 48 89
3 0 79 18
88 1 0 10
23 57 74 0
0 16 98 54
72 0 80 74
13 47 0 64
5 76 91 0
0 83 47 45
13 0 40 83
13 61 0 21
82 30 61 0
0 46 73 44
47 0 96 54
47 95 0 80
85 4 94 0
0 18 90 84
83 0 40 7
4 29 0 65
46 61 46 0
0 60 71 22
38 0 17 82
34 100 0 2
100 56 94 0
0 36 74 87
33 0 58 37
37 51 0 63
57 84 80 0
0 11 63 83
56 0 43 17
74 94 0 13
46 91 76 0
0 85 58 46
60 0 73 49
26 69 0 66
90 75 22 0
0 100 18 64
4 0 11 70
85 97 0 39
27 18 81 0
0 51 32 25
14 0 1 4
56 91 0 27
40 40 3 0
0 0 94 2
94 0 16 73
38 81 0 39
1 5 27 0
0 42 40 11
53 0 30 0
87 12 0 66
65 25 61 0
0 96 91 53
14 0 54 64
18 9 0 18
84 90 99 0
0 100 85 90
44 0 76 55
84 6 0 32
52 88 84 0
0 25 3 36
8 0 98 62
40 89 0 20
28 7 50 0
0 88 39 33
39 0 66 35
77 2 0 51
26 90 88 0
0 88 89 27
24 0 14 98
83 99 0 63
19 91 40 0
0 30 83 10
55 0 44 64
70 87 0 63
59 78 46 0
0 79 17 78
21 0 60 12
28 66 0 43
78 20 71 0
0 30 28 54
92 0 86 76
25 43 0 88
16 72 99 0
0 34 9 56
41 0 73 18
84 30 0 92
76 50 2 0
0 40 51 45
98 0 39 15
15 49 0 86
85 57 52 0
0 76 1 62
43 0 70 91
25 2 0 96
1 90 77 0
0 88 64 40
47 0 90 61
74 13 0 78
22 14 6 0
0 56 35 10
70 0 3 25
31 80 0 9
7 42 44 0
0 49 90 40
62 0 77 20
62 94 0 35
80 7 61 0
0 59 74 97
31 0 69 85
100 88 0 7
65 98 65 0
0 83 51 57
66 0 60 85
20 15 0 73
78 65 89 0
0 21 42 94
37 0 72 69
51 79 0 14
57 70 23 0
0 38 20 95
45 0 45 67
7 86 0 51
77 35 9 0
0 31 70 91
88 0 60 56
36 89 0 24
61 70 8 0
0 83 8 80
37 0 8 23
50 12 0 70
15 23 23 0
0 91 62 41
72 0 30 90
24 56 0 31
98 48 3 0
0 66 44 39
15 0 67 66
62 73 0 5
74 12 56 0
0 93 47 32
42 0 13 13
24 62 0 54
72 57 12 0
0 88 16 3
45 0 16 49
57 42 0 85
66 88 54 0
0 76 14 100
48 0 60 86
81 53 0 16
99 9 92 0
0 23 30 56
25 0 35 77
71 85 0 19
27 66 0 0
0 42 46 11
21 0 64 40
71 53 0 92
38 17 28 0
0 48 1 75
13 0 19 28
8 98 0 20
82 18 63 0
0 36 69 49
11 0 56 90
36 9 0 49
56 63 55 0
0 42 61 93
29 0 39 5
74 86 0 13
2 71 79 0
0 46 83 90
54 0 1 92
33 89 0 47
5 83 80 0
0 22 79 8
69 0 62 6
64 2 0 6
92 12 40 0
0 17 31 46
45 0 64 84
68 45 0 10
30 82 24 0
0 65 30 35
12 0 80 53
3 24 0 2
14 97 52 0
0 40 18 64
34 0 28 7
41 45 0 65
48 97 67 0
0 20 79 41
97 0 81 80
89 38 0 20
2 88 34 0
0 93 2 67
5 0 79 78
37 70 0 18
38 69 76 0
0 26 3 17
89 0 5 92
66 97 0 77
16 45 34 0
0 56 92 85
33 0 44 90
38 91 0 87
17 46 58 0
0 56 78 88
29 0 96 66
86 80 0 69
40 10 68 0
0 33 73 97
85 0 0 36
43 64 0 14
34 1 0 0
0 74 59 88
51 0 80 89
74 67 0 25
1 88 0 0
0 16 80 71
6 0 42 42
71 80 0 28
99 48 71 0
0 72 26 62
58 0 96 37
51 92 0 66
74 54 62 0
0 95 100 12
49 0 67 41
54 63 0 69
48 77 85 0
0 7 68 99
85 0 25 29
71 20 0 49
53 40 31 0
