100
0 92 87 100
98 0 19 33
86 81 0 12
41 73 21 0
0 3 52 52
9 0 13 16
40 60 0 74
57 52 26 0
0 25 40 80
87 0 42 42
54 11 0 80
66 62 51 0
0 10 26 73
31 0 4 25
12 10 0 24
32 88 97 0
0 36 39 88
32 0 20 79
15 2 0 34
90 29 28 0
0 73 30 7
1 0 82 79
38 35 0 17
88 82 42 0
0 76 92 57
19 0 81 35
71 55 0 20
21 51 90 0
0 15 88 16
99 0 74 54
44 28 0 14
77 6 66 0
0 24 55 22
22 0 10 14
100 37 0 0
83 40 86 0
0 93 51 58
67 0 96 97
92 6 0 85
21 15 58 0
0 71 42 1
9 0 73 95
13 11 0 42
32 82 10 0
0 84 99 38
84 0 5 100
3 24 0 28
65 64 89 0
0 1 20 3
85 0 95 67
17 39 0 16
53 35 13 0
0 49 12 27
30 0 25 28
12 38 0 16
71 49 17 0
0 82 10 57
62 0 0 22
24 81 0 39
51 12 37 0
0 26 46 79
38 0 18 86
92 12 0 0
35 7 49 0
0 47 94 36
50 0 59 12
8 73 0 60
27 1 89 0
0 93 67 8
96 0 70 79
43 91 0 1
22 35 37 0
0 77 12 0
5 0 27 95
26 79 0 51
88 76 10 0
0 74 46 36
56 0 6 83
17 79 0 48
71 50 50 0
0 32 0 99
58 0 11 74
62 40 0 29
99 25 37 0
0 57 43 48
26 0 79 6
44 17 0 11
95 47 2 0
0 97 15 61
30 0 69 18
37 99 0 93
0 17 87 0
0 46 44 67
18 0 2 29
55 67 0 57
31 50 49 0
0 88 68 89
37 0 64 77
83 91 0 37
79 97 98 0
0 10 83 63
34 0 45 94
16 59 0 84
94 30 62 0
0 16 45 41
80 0 71 18
81 95 0 89
92 87 87 0
0 68 96 15
95 0 34 82
4 67 0 24
47 50 27 0
0 69 64 90
39 0 60 80
22 17 0 16
35 3 72 0
0 85 9 99
21 0 43 35
31 99 0 84
40 10 18 0
0 33 33 12
16 0 38 9
63 5 0 64
5 60 60 0
0 50 91 65
94 0 85 12
83 17 0 90
39 64 70 0
0 53 21 58
56 0 87 99
66 61 0 19
22 24 25 0
0 37 15 24
57 0 51 59
8 98 0 98
39 81 68 0
0 14 27 92
26 0 93 39
26 64 0 36
55 60 12 0
0 46 66 31
95 0 23 71
73 47 0 37
19 1 42 0
0 48 18 36
65 0 93 16
65 8 0 22
76 64 66 0
0 4 14 35
53 0 72 11
68 24 0 77
87 56 56 0
0 52 91 5
91 0 87 22
22 12 0 63
90 76 72 0
0 95 80 38
20 0 31 35
29 15 0 12
70 88 68 0
0 75 57 55
42 0 100 30
69 93 0 21
65 7 57 0
0 11 64 3
36 0 3 32
98 45 0 33
39 68 51 0
0 81 86 8
86 0 46 1
7 73 0 94
98 22 20 0
0 29 81 9
93 0 56 53
5 0 0 77
96 27 49 0
0 69 71 59
11 0 36 97
59 89 0 84
99 67 37 0
0 42 13 57
24 0 19 79
81 15 0 95
4 45 23 0
0 84 25 23
28 0 37 0
15 6 0 28
54 64 81 0
0 77 48 85
35 0 78 43
82 99 0 76
69 16 40 0
0 6 1 11
65 0 64 67
60 22 0 18
26 70 44 0
0 16 18 97
37 0 12 21
70 38 0 59
26 10 15 0
0 19 3 79
19 0 65 96
45 39 0 46
95 2 33 0
0 91 3 57
0 0 40 100
36 89 0 60
58 100 39 0
0 6 3 4
10 0 2 65
39 53 0 35
58 79 35 0
0 10 82 54
90 0 9 3
50 97 0 2
33 94 1 0
0 99 87 67
75 0 8 86
0 40 0 92
13 63 55 0
0 13 42 66
3 0 93 1
87 15 0 72
84 81 4 0
0 79 29 57
31 0 44 47
71 8 0 90
66 15 91 0
0 8 31 32
74 0 57 59
63 5 0 5
96 83 59 0
0 10 23 20
74 0 66 79
27 71 0 79
77 72 31 0
0 25 30 36
5 0 16 44
74 94 0 92
76 58 93 0
0 40 56 63
0 0 38 77
15 46 0 94
25 36 98 0
0 18 76 74
91 0 73 93
67 22 0 7
100 29 32 0
0 22 66 4
99 0 64 1
80 96 0 13
24 13 60 0
0 58 66 34
29 0 7 55
31 36 0 99
42 39 31 0
0 44 62 54
85 0 8 26
26 27 0 92
63 59 83 0
0 41 19 58
84 0 68 51
8 3 0 96
18 60 27 0
0 72 74 94
65 0 6 61
91 32 0 0
13 65 59 0
0 5 28 15
84 0 100 2
17 9 0 28
49 67 3 0
0 70 43 26
32 0 82 92
71 35 0 40
27 90 29 0
0 53 6 32
83 0 69 78
95 1 0 67
30 88 56 0
0 43 53 41
95 0 47 10
11 79 0 50
60 22 34 0
0 16 9 88
19 0 5 17
95 29 0 15
75 3 27 0
0 11 42 30
5 0 62 29
17 91 0 50
13 58 32 0
0 71 26 6
40 0 50 9
54 56 0 54
53 70 15 0
0 80 94 28
72 0 88 81
94 64 0 77
90 31 40 0
0 12 69 2
24 0 0 64
5 43 0 21
100 85 53 0
0 43 6 29
19 0 33 38
60 84 0 79
100 36 13 0
0 41 9 29
80 0 74 58
77 65 0 28
36 1 85 0
0 83 27 48
71 0 15 26
11 56 0 51
61 79 64 0
0 53 26 17
11 0 66 17
50 61 0 87
74 66 65 0
0 68 91 69
7 0 72 58
31 11 0 49
41 8 10 0
0 78 100 47
16 0 27 5
5 31 0 16
3 13 87 0
0 16 33 60
55 0 71 72
32 21 0 99
99 59 99 0
0 23 17 5
24 0 14 66
45 59 0 60
41 92 6 0
0 40 42 96
49 0 13 2
88 96 0 56
23 8 81 0
0 67 99 56
71 0 16 25
40 78 0 95
81 84 55 0
0 79 24 95
95 0 86 20
44 5 0 87
71 73 18 0
0 83 38 91
44 0 91 77
33 8 0 82
71 30 49 0
0 63 6 76
1 0 2 84
90 88 0 61
76 81 100 0
0 64 69 46
69 0 85 29
50 10 0 91
64 60 40 0
0 72 26 86
64 0 56 84
12 51 0 11
77 88 13 0
0 100 74 70
96 0 23 54
50 18 0 94
38 17 73 0
0 74 89 92
36 0 85 100
37 46 0 73
82 22 55 0
0 47 43 87
35 0 27 30
42 14 0 0
36 62 17 0
0 43 60 27
73 0 92 70
47 95 0 73
38 28 73 0
0 42 37 56
82 0 75 80
10 19 0 33
12 36 26 0
0 62 10 88
92 0 86 35
61 17 0 48
10 5 4 0
0 79 38 35
19 0 4 66
21 42 0 80
87 4 80 0
0 32 87 3
32 0 54 86
63 5 0 80
93 7 17 0
0 82 4 70
17 0 92 87
100 21 0 90
87 2 49 0
