100
0 70 9 44
76 0 77 36
11 65 0 44
50 53 2 0
0 4 13 56
83 0 28 44
10 63 0 42
77 69 53 0
0 93 25 57
21 0 28 55
100 52 0 86
87 72 67 0
0 25 69 86
54 0 38 35
65 96 0 28
52 100 60 0
0 66 18 96
39 0 96 38
75 90 0 82
60 50 79 0
0 99 12 93
47 0 17 33
19 88 0 43
8 70 50 0
0 20 53 80
83 0 54 59
36 79 0 84
19 41 95 0
0 89 81 93
93 0 86 26
85 35 0 1
96 2 51 0
0 53 70 17
55 0 19 37
1 6 0 92
5 97 82 0
0 39 15 0
80 0 66 7
4 65 0 97
1 19 22 0
0 91 57 47
29 0 8 3
93 24 0 32
63 2 16 0
0 24 14 94
21 0 4 82
100 48 0 28
25 26 81 0
0 68 31 42
29 0 97 0
79 14 0 90
73 32 40 0
0 29 87 53
100 0 7 41
52 37 0 73
20 36 52 0
0 86 14 55
6 0 48 52
63 100 0 3
84 41 49 0
0 17 19 21
44 0 79 60
51 82 0 65
11 41 25 0
0 60 5 56
28 0 75 29
57 22 0 82
65 83 43 0
0 21 22 4
81 0 58 6
80 70 0 92
59 88 39 0
0 6 13 38
29 0 40 28
14 24 0 89
77 21 91 0
0 25 13 32
40 0 46 1
19 47 0 24
29 55 28 0
0 81 32 32
69 0 43 40
50 59 0 38
26 84 14 0
0 94 20 97
75 0 72 9
83 32 0 9
13 97 28 0
0 26 16 5
35 0 96 99
46 98 0 84
40 94 8 0
0 36 81 13
81 0 90 43
94 95 0 53
46 15 83 0
0 87 46 36
15 0 79 89
68 44 0 16
67 89 22 0
0 65 2 56
29 0 40 27
98 55 0 90
98 26 27 0
0 51 56 48
68 0 65 78
7 25 0 31
58 91 45 0
0 40 64 37
67 0 71 27
32 64 0 94
29 29 91 0
0 26 31 31
80 0 26 60
82 38 0 98
5 86 13 0
0 54 98 18
1 0 34 94
74 89 0 77
82 43 50 0
0 77 74 39
8 0 31 11
86 5 0 14
79 38 22 0
0 21 48 100
86 0 99 40
19 69 0 59
20 14 46 0
0 19 3 5
65 0 51 20
52 0 0 11
65 87 50 0
0 90 54 98
24 0 100 81
77 76 0 84
91 40 25 0
0 13 92 32
94 0 35 94
2 82 0 72
10 43 82 0
0 35 10 96
88 0 1 72
33 71 0 68
69 99 84 0
0 16 57 92
85 0 26 42
46 87 0 30
26 98 41 0
0 26 35 78
30 0 27 0
49 22 0 46
33 64 15 0
0 32 74 94
89 0 2 30
99 57 0 62
76 77 23 0
0 14 85 44
28 0 15 25
73 64 0 76
36 2 39 0
0 52 66 69
92 0 69 64
4 91 0 54
11 28 93 0
0 40 18 16
3 0 45 56
31 79 0 0
5 95 77 0
0 27 94 69
33 0 66 18
28 8 0 97
81 69 15 0
0 33 39 31
2 0 89 11
43 75 0 41
25 42 9 0
0 44 30 83
62 0 31 25
19 48 0 20
3 36 34 0
0 87 46 57
72 0 63 87
72 98 0 34
34 81 41 0
0 98 44 10
43 0 86 67
19 3 0 91
91 29 78 0
0 29 62 94
3 0 21 82
47 30 0 3
0 53 46 0
0 3 83 29
66 0 92 78
20 23 0 6
53 43 52 0
0 38 4 16
38 0 82 45
62 61 0 82
86 35 48 0
0 46 56 42
69 0 48 5
88 9 0 98
70 7 35 0
0 70 36 58
89 0 94 100
65 94 0 34
3 41 6 0
0 92 46 23
57 0 31 81
2 59 0 43
33 38 63 0
0 78 42 18
68 0 88 31
2 44 0 99
66 5 92 0
0 39 8 5
21 0 82 84
26 59 0 31
85 92 19 0
0 85 5 99
98 0 16 45
27 30 0 1
45 85 15 0
0 81 53 39
5 0 72 7
41 63 0 7
6 85 69 0
0 40 41 53
4 0 14 31
19 25 0 39
58 16 59 0
0 49 76 66
37 0 1 8
65 50 0 90
84 92 85 0
0 21 45 96
71 0 99 44
98 24 0 93
69 97 96 0
0 85 88 47
19 0 90 68
69 3 0 65
0 26 38 0
0 7 69 69
100 0 7 72
85 28 0 35
72 86 41 0
0 100 62 49
47 0 9 68
95 96 0 96
32 2 4 0
0 54 71 55
100 0 41 42
4 88 0 45
90 52 34 0
0 48 81 30
4 0 61 69
34 74 0 25
48 7 63 0
0 43 71 97
77 0 18 43
65 73 0 44
14 99 56 0
0 22 73 34
37 0 76 95
95 41 0 13
45 53 75 0
0 36 7 97
51 0 0 9
19 94 0 46
1 18 78 0
0 57 13 28
39 0 38 80
59 66 0 21
62 35 70 0
0 10 79 65
72 0 80 10
41 28 0 35
46 74 21 0
0 47 54 25
87 0 42 79
16 84 0 13
94 37 33 0
0 39 51 28
35 0 59 91
1 6 0 63
17 19 30 0
0 48 64 76
7 0 94 96
79 87 0 33
2 84 3 0
0 99 24 10
87 0 0 36
25 1 0 0
58 70 77 0
0 15 32 25
59 0 85 30
5 74 0 22
89 27 94 0
0 48 35 85
8 0 46 13
99 99 0 92
48 52 61 0
0 30 59 86
21 0 44 21
80 59 0 26
75 27 25 0
0 49 5 58
32 0 31 67
43 76 0 39
34 37 54 0
0 51 55 85
33 0 40 63
91 26 0 83
32 50 19 0
0 52 18 28
17 0 84 55
55 62 0 22
80 44 68 0
0 55 35 20
12 0 72 1
85 85 0 89
37 45 91 0
0 27 100 28
7 0 50 29
9 29 0 31
25 60 98 0
0 97 80 59
46 0 53 43
5 44 0 12
41 96 52 0
0 74 21 3
40 0 94 85
5 42 0 41
88 89 47 0
0 12 7 42
76 0 66 59
67 30 0 51
76 19 54 0
0 97 72 70
58 0 23 55
11 49 0 100
65 80 5 0
0 30 56 23
18 0 31 53
86 97 0 70
96 77 67 0
0 58 82 70
32 0 30 100
39 35 0 10
59 40 71 0
0 96 56 6
24 0 11 22
42 54 0 72
83 85 90 0
0 1 95 68
3 0 22 82
77 36 0 51
51 11 98 0
0 0 0 28
17 0 90 57
17 26 0 2
89 17 56 0
0 51 9 87
5 0 42 5
8 99 0 13
72 78 87 0
0 20 94 21
100 0 18 90
5 72 0 68
71 38 60 0
0 72 90 66
90 0 62 40
11 41 0 41
23 69 1 0
0 35 38 60
58 0 44 72
47 65 0 35
12 61 94 0
0 60 12 100
15 0 97 70
38 40 0 92
90 87 81 0
0 37 25 95
51 0 35 6
14 95 0 34
99 86 0 0
0 11 20 81
54 0 69 7
30 38 0 20
33 98 79 0
0 20 56 8
62 0 48 54
84 21 0 23
57 3 63 0
0 91 44 70
56 0 10 31
86 69 0 88
92 57 71 0
