999
671188642
15275036
229349346
408091565
221134934
401438804
168105872
18382754
3470528
617607309
131091639
248248947
382435258
100948182
169592835
249936689
39046757
278316692
46707524
104752706
354042094
297130439
327649142
569450738
527419902
199926482
297564968
715940042
132052958
321194506
39328555
203272886
40609662
274582625
975174818
46741128
648209747
166779902
540501938
183978218
48101858
102840554
576271289
136517285
248939777
54757770
131411882
19533155
123483422
273237942
40283876
336594326
305419058
46553957
555721922
239010416
153140036
318243026
138870126
32340467
25167242
262073404
201697477
88003842
627562057
671558474
60911201
39430314
410455620
491543012
235224446
172907282
380848770
300394467
290771682
280370000
28537268
172490584
222144255
443646478
368301094
512140719
18264377
82615072
805551242
224385416
70360013
98784290
88911470
215392127
805347980
401086178
142534926
138364994
50331676
148023206
441061404
5427450
437807934
14594114
93119990
326190626
210933738
120608206
26093962
411134333
431584076
93887102
450546950
163968953
293681102
419401544
66286872
437050860
341455369
256970018
509522360
701620532
205290290
821681720
810356946
135826634
384073987
23001842
243303322
442999944
235056336
358985954
471305522
178062946
377493111
247261955
17120082
499805612
113059233
537280514
29446672
845390270
22503274
32298026
22441376
67345057
96929583
1157063
114159062
424673218
501928418
404962834
88416644
725685742
426567707
760556126
14042560
104906169
237787888
482431862
301961778
37636370
75156832
463682520
189818332
279799436
16912352
36571595
31499752
188727519
589050674
764554874
685883186
74070362
468663734
299009878
453850262
85955266
613546986
236979551
555301485
428152562
453727232
8109944
90628672
124343342
357003572
79086050
336537350
133142770
504658688
208033927
222743978
308902874
402515726
151897400
373325624
65019494
390919514
89367077
769008746
281909553
505869086
443485982
292939856
705843112
144035466
18903181
236948
27619230
369464852
130536297
80006
110483387
58941621
69922158
27762737
730150676
8459838
307342703
220417064
63938877
277772772
20538368
444740402
14134298
44829283
407449253
172553810
549821007
151804622
19292090
775427618
79150997
233839802
280162390
38524082
145733842
406804630
268487864
167907630
418926212
668651402
939824108
353110646
10804466
815256894
431268851
55328
193108482
230848422
17054342
252749705
10328330
226989767
88695462
36836764
2264210
100430402
230332844
32392570
193819730
6378284
96762558
419814796
534187784
222101960
241178082
71493374
54469667
607475222
233051600
570242
76503312
757768547
121090818
431236186
591021356
827610989
8163738
223427102
274958502
239329317
78725782
99970661
68560967
300185430
9289722
690134192
281976346
248260162
411245746
58553264
372702154
38554446
251671702
431863038
983689082
14972818
47209736
166179002
150881390
1319202
20050618
155054574
223607039
407229851
480638636
93322467
532096532
384302414
100393874
183130828
157978384
19243794
262655498
67067771
3410024
789851150
275165867
174187142
438460814
134839850
157868154
277203678
849196026
203760092
539354
67791982
555871625
90155470
47602502
213016226
5138685
61376078
49796116
6825386
158630810
124137950
212068594
637087052
161283422
43498672
586718517
141127989
23897925
435127072
309713552
421675754
396346250
486643090
136704552
494766729
99129044
666472049
57963572
581541062
527264921
73142302
464496034
41230674
235103656
17332208
68584052
639255332
64833682
398088602
50124986
252433650
231897127
3170958
230231828
181190
54205566
70881215
138945782
139865558
939743249
193309802
513982592
195218483
164136762
341106835
400734374
460031807
30157097
379655668
336504257
454069514
197092715
143375780
976577449
351052407
323624792
197359342
587569622
427454122
122703284
809462405
3515780
707764175
89302502
305931050
500017074
250368312
587748370
35500502
373649600
160714325
13103480
338550536
147232437
309948050
64994006
396790082
16733452
892093734
272806822
20320514
269224387
7562498
103915324
149841317
500142414
370378142
590859502
49107202
542433980
36097959
320908418
34726362
100382690
68997692
286959908
172143612
507589022
888966758
545637972
408047917
185573584
199571694
122914318
95520721
49281618
316111697
53637752
58642168
624360063
268138808
222715782
122323106
117147998
822311856
32290040
296153796
398140739
148433768
557168537
523248602
9242352
185299895
167009447
137053013
55657154
389623258
220723202
58432068
111570062
252269543
721758234
25108835
145994564
40936953
115795054
44113697
673312882
428711367
338532902
755081582
687979238
326671434
32564375
50035110
4370738
398728304
240642002
245329042
62657902
933066074
265313444
659041924
744856142
145600002
8376326
102003266
52374947
836818985
573097114
61748898
817854482
717786551
60173752
324762832
150305122
26554338
418775159
126571922
80796648
290970668
586721060
194383799
374344962
744942
123527786
422103772
332552250
424254458
60171762
825845699
710249594
48770318
435137749
222104543
69270518
587306477
93191802
91623679
447135946
9521166
109028525
135855722
256426832
86883422
295594388
277635938
1097824
452148776
80122632
588643887
334564295
377782584
37661192
320958332
247109044
657593152
38459874
22881298
170158640
500602810
39521997
269199361
300913286
1569682
70956137
243078354
143830745
144927722
342425129
491194117
464523113
75177426
147461708
24625002
17750725
21855810
105810122
146827128
372622507
240751675
67617492
207333502
570761469
75087812
227789207
516229118
203087363
283160109
942657707
35240870
750313802
341999118
14954402
171051826
79536877
5164962
822955553
88933385
286769377
71777742
210204668
540330116
916808322
185215069
248073224
55090077
664930782
401661052
139697482
590562962
458922570
21768429
43035204
53938843
215118890
76070312
291973506
612101936
12033842
464865782
491952107
536857007
401257250
266524712
314753378
347209172
2436854
142765297
248358047
39641492
20456095
75772622
416708474
534174818
181797797
1163377
293572102
583742774
26026362
30706337
46784936
81944570
388662905
28611522
262746450
232533971
152793172
250115049
15405258
684800867
312042187
222928664
14813686
30849940
180798872
718659922
22628622
310594562
585566114
672055724
95951377
78251406
354269402
902469522
126475208
129681290
126340580
10056692
2455808
120802384
278409593
331018942
243876530
589529528
148623911
171383130
549317422
77762504
26442202
719749802
273472082
67776172
142115034
9522492
192032522
75050354
524555202
498938784
219418262
628404954
17865398
679940882
116145762
413592603
39697082
80579302
378267752
616585256
563384952
148861082
462232626
527499057
276996400
164911792
67714670
549182990
324226014
774074678
221555021
607735010
244309360
100639559
267964282
408674624
257476375
108090546
135062129
13353221
290464132
101238840
362054372
459779804
151931704
880602688
279090632
70980738
409541665
384509180
58129172
63645306
417867251
590655108
77946362
623414045
677496327
467443030
451185130
789753330
369667892
442361441
4011558
107006444
50888242
760915417
632434427
35911280
92666852
87709702
18360596
246916985
209273330
95031290
423323999
304256747
17393213
144105572
373606466
473639446
102987906
164533529
246562378
30689896
27228962
249714038
702411404
980326067
534205440
513271618
138070326
537555332
104362052
63565533
690258312
3350377
676939874
87833902
696549401
232546471
684602871
53750654
18509735
504724992
214842413
7151510
19705090
33351140
344954806
529481268
148404134
267658250
190129490
252010144
540272194
80268626
15044702
984648326
477388562
477267824
276131402
2157752
202873932
180708562
898029962
521827712
268553952
103060850
12796730
373524692
447748758
99086682
191795526
118495038
24638357
249343726
352878194
252529211
148583094
46329611
23091842
120227237
737907272
162563151
446284173
120256537
666211019
670122242
77420576
196793339
118597442
109709042
414058114
41160722
5568536
375998962
476472768
38101787
43591682
455882582
173923580
265598357
679435198
88066750
186309499
41136752
160927570
298659344
105370178
193035835
7122212
59501120
314946863
757227689
21215222
73833632
25200377
630265046
237686996
197083364
142217189
805632100
785153990
128625228
439325762
127199068
70134122
55591760
413620230
541648956
148694308
192495557
3383291
576638498
551345277
231822502
146581940
189677594
290175698
120961142
89751452
112332633
429489973
536885930
788582657
527074366
277916240
20551598
135169967
577835546
19820194
236465860
9359770
169823356
187290886
548619682
224270360
40302114
138687786
487469714
10456679
172318834
249215330
110205870
48193067
124899698
913868777
204235379
617370203
16694832
238863296
967947026
297434622
22440918
86843627
115253186
132593346
128348346
31989890
209010866
489641258
977290274
35722
462484825
90150494
238404776
35576057
645332484
7715308
425930042
692335394
107283935
78911510
86426042
366853187
306105826
18311502
111924690
167604659
678692846
16924064
88832396
71098641
461706386
293360702
543394226
140282
135645794
707436936
71794487
450888740
61523652
254308602
137486733
361540046
35466048
66920888
327420767
987484378
114415298
176992166
914548324
582630375
20622180
38445818
930045314
72117542
204307898
54640280
324778068
405895452
84875864
57113807
222701754
394954918
35984300
599506517
162260359
103604402
571745558
141602002
86292810
288044616
19702220
442784777
711952
34423862
33246809
271279742
498194550
444581534
501149698
640651802
367001663
746772258
286339902
32981826
312088592
88214682
280824623
7987637
265149054
55426802
352144682
170884410
4718114
579236422
285364418
640687105
717160514
319933910
108495349
89662790
553095656
24146700
13599200
