999
173543723
253038228
475506998
256119194
194782106
11632728
449212461
269388329
54521799
175829138
610965467
136288016
657756898
121836034
283961380
132902756
195606437
116368826
22368546
618318676
125950224
381327470
311458682
67498414
424662182
34714702
58913558
120449702
49282322
304005998
726508550
497567072
244929834
70343512
449198642
216130934
53251795
591948506
594609542
792591395
35166998
459098724
108372299
178663817
128077917
404248837
157843730
10365414
513459194
55796738
95049202
171352022
301671804
460966352
474421642
719684142
105289573
104439662
217436377
359515484
135901090
16909155
490246850
248335514
21327095
142875188
379172807
706210622
165209809
48160023
223980374
616862822
168791493
132087530
2801093
6405204
35590658
109402302
123155210
517530350
418306361
236495350
171500142
148407204
51485667
578382143
41493984
572180
647360762
439713410
367536113
81908192
68162243
111277091
57135795
551982302
363101652
138602220
380540807
284080138
321462402
42096192
436729237
41133948
326497322
862862446
365812310
33800354
450316098
630297602
839397594
114731606
157167270
298997372
7699554
599107403
349061954
141910937
431980922
63970868
816904898
459921520
408854630
63209538
248545650
521033810
107077698
75085357
28960612
397996061
72386362
123143842
256246442
340494222
421634141
526400454
694394430
108947898
64367650
911714498
14157236
51328445
700260626
67779002
153058429
157882664
162508502
98103854
195567542
79242374
429308388
143324904
266396182
73318006
532234739
275540960
676484914
7764600
92658890
457700700
494229722
181734338
191713802
147536666
256633097
142229252
653606291
157331078
167009342
254463310
6755664
525723442
26497924
414037590
111893168
33206799
39920447
124635170
10426552
60753726
4101388
439633896
631832327
25065538
47614792
151793402
17667652
549856274
445201151
39332180
62126972
111579842
24888162
17116812
666198752
110494469
476846897
167911491
183178298
242396162
365182811
133635218
818142002
153479006
368329986
180742262
1711752
30530502
170943437
18399542
182236292
59240258
359928197
464047490
416071793
111907623
221613172
272856722
617174802
86009402
778048735
277662764
609763862
289470354
78736990
33116706
12334852
428881034
166021347
199406072
144765610
296095551
168918118
58052000
442005137
90927567
111303626
392460002
210784686
640537328
265856002
132753698
228168132
609994002
36200952
51466466
91060686
219288764
297168995
135452487
31431863
589415570
120810517
628169951
704362906
346547994
174082973
61802842
289072968
14488830
10675156
260082496
189419573
35224572
30468986
699799110
662838206
485475702
338077488
747356
284987914
239704922
2716322
61849334
279970814
28984671
171598367
465267362
807873302
858728954
11214161
31630900
252973010
317616806
185404382
559665097
106329706
29822171
765473274
139824390
93000415
176227900
302952192
202683980
15729090
71387533
798812552
359473502
80188229
79980973
464205002
239319362
507835344
209870817
104100414
4740977
176157324
66570098
130791242
400604570
215845602
35031521
34999227
551195002
761454908
803188388
287934590
157517752
143343790
7276075
54952048
4254527
716525798
454876823
616150694
140948487
36236738
160952690
20388370
169853843
106062140
54455318
178406471
141566757
89183583
261865067
30624604
40320737
392375108
398553257
28695512
53388502
294279587
646930082
227957628
69702790
144697506
4846844
249473371
53054993
722785948
212764814
160159790
621357922
19238658
14746638
387068892
59176334
178509697
664508350
27297690
37170434
66575962
495926430
247957452
637196002
2969474
205549418
286220254
53942513
295309217
978305666
494211524
312466938
225090125
102249170
383945102
977877662
189741539
548715677
64491522
263216540
38498077
323819273
530299906
525292062
928502626
600348978
7692038
584708334
454111989
45371354
48470945
41289170
127022231
164742722
236741450
537014122
708612302
423962924
334498992
839004662
1144597
100307702
9661452
217774122
336012778
48352313
640644927
204021702
104001722
79129312
225486182
19517462
24720002
363320652
118021360
483416276
61985502
957251918
552116822
159638442
121702475
153992247
2758142
232682186
138208198
452794602
663488635
476374572
176272781
484132202
254847362
360343325
582496895
14358609
708500236
75954734
263810042
631543577
56583074
342539294
142396256
145638528
89568871
22517255
922985194
105168102
814394306
245758346
338166
12262260
143229088
496562387
30099742
27490532
172682998
173688972
187280225
79523424
135420612
121864430
184985138
190839252
182811512
387795258
30330552
81238038
53485644
22719829
273010538
123610902
343932234
826567417
77981983
237061925
239196791
518486930
955468676
455502962
18764443
191257355
578144377
188149744
825981697
616261354
380860482
170232092
371632466
68874806
361940627
643317684
300113147
291281657
931081113
120491657
794778782
269355785
325781546
32368877
532812902
54876627
306951675
230705162
4780397
33042602
85434162
188451463
182782833
623291489
89871135
30588690
568646102
203245022
263588876
262665730
55158798
20841464
174084296
698293232
405434908
201449117
135450856
114354854
580347352
639150793
34300670
55158258
44984882
739801166
23348549
508156118
185391985
106485632
40197692
39405386
60443842
279727658
60398146
319589030
123350522
29115947
582544292
64783480
583087442
3098762
271627589
770270452
290885954
82477046
11502406
173772924
636903542
249235032
76173482
25708034
617705272
173287082
816600169
12923106
261275690
350087640
51590306
166184636
134082335
474700094
363528724
43206954
227412014
105019790
354786772
534314566
34218722
18461346
100567469
394899707
70809650
21863058
160391170
703276141
643918758
357831927
2880350
167395827
490439004
644847960
191517482
25184860
196595206
53288795
775205997
612957818
55917006
663430502
406980848
411853334
528295562
102141047
756290882
2881340
62476772
322629661
836512340
52357622
83243603
10550942
277196094
312134078
257511980
748335085
155186600
96307293
454656602
238678484
204088565
710277131
287926898
343740917
83254354
179311134
15335168
192909700
232230704
131516851
862511772
333737657
165781541
89397457
47152883
370825301
16022874
40849859
407638324
581558129
914122112
214549880
26066042
182436962
65866880
433986093
169694927
261873178
295619978
16680062
435552580
536409502
3990402
30456202
369918252
317502252
853851228
153287682
541042805
367526922
173999716
25256408
44912360
205255250
60691677
499282382
35081419
178122520
319237690
198500786
333965313
44719930
204719916
14588642
310521770
227651078
230654634
369193112
563767892
244084654
18415150
226140374
27376002
40102376
17309867
276127997
65279272
860810546
57666866
87380459
883777982
391641447
583682
207886982
287982056
75863468
104537903
835280182
112315352
228223598
805375664
31488767
394466108
85493135
212731090
16324803
647425015
521427904
119352032
462986834
65681443
135135684
37388802
143133555
66450834
121848995
131265906
374494678
145959277
586298034
105724424
32595740
28966926
161644584
580590971
925427890
63572342
4148627
8295874
211629856
76568546
411176338
686122637
129322290
59317592
60636788
205067952
431221832
573324015
422799262
125726710
265248254
5806694
400427612
257452931
89486786
706647298
49470966
476195202
139097630
2777142
15728735
16641722
474732826
110313614
29947727
286382027
38184970
263403142
183246718
147135098
67994214
342662882
444318878
280687706
196045943
675513522
37769474
282538157
485758838
160121109
874180454
13310102
6108986
501481242
30633973
379944918
182025173
607527338
3824896
390107622
130510605
388595906
522150248
12690467
662480908
86632442
318944090
267846341
997141037
627888887
262293725
893441469
539760002
73853798
17088360
21638990
33199028
878424627
35597120
503106287
854461680
31126594
405483106
237181272
172491516
530662825
930914084
488908274
24662871
701379265
422553112
226879382
642329867
28278711
342558274
115413051
82371350
7149346
47136507
79977162
324012998
425266970
138041895
67959572
143798735
336767009
131959004
545940288
503312691
591244502
624070850
711689810
537830349
422211470
826064442
149106179
2834220
8745482
240424868
101849606
55711686
238673062
627804647
78058538
314127576
390694322
653506772
159684877
3163344
13962760
283410042
322330066
215679944
514809614
738797762
287226634
134130450
5388762
392878082
776867168
60749348
72019010
289366352
397352114
397850402
443088427
709356818
174195256
116098424
195684711
65213983
893814456
276712504
553480160
301842642
461363028
179958368
269511842
664562896
262857906
50817697
646804709
128477179
223722382
394148702
262397283
277382610
163751992
117437308
62590856
3479114
212545
366526420
162299776
340586032
281076710
68221682
289503002
228689596
214442210
141906866
791832621
295242492
153267022
751009478
372907302
277985054
411817122
27437624
146485419
81437930
296389994
470562158
67762058
242052298
347467550
125473474
377185259
20188338
101847446
402574667
6492188
317331632
32857652
591982666
289834036
694172111
583304834
378988667
95474802
331966482
225073577
71739092
8639246
347466798
181327403
288078188
209126150
349429502
886732752
196868102
68767947
379389982
271547812
4994843
628900139
270335060
38981090
137312156
397978445
86681267
27316676
54350635
179658118
501756872
292221037
747328682
2812271
442061732
252465020
314483426
136661871
386818070
14474946
97650932
298278352
27641723
24337515
123067037
432329012
62608563
14078006
556817510
527113712
564559236
394924430
123510152
883178402
231986120
84108377
494511999
252107452
945755024
493234302
268408573
214067702
543872281
93847062
79144550
717409568
138972871
399673661
124927168
1836487
66629047
379029358
128985318
185963342
340024205
267583682
453967578
651271552
14457302
172632348
