996 5940 996
1 7 8890
1 8 9481
1 9 6280
1 10 273
1 11 7371
1 12 7396
2 7 9342
2 8 6802
2 9 2267
2 10 7730
2 11 3231
2 12 5402
3 7 6050
3 8 7603
3 9 5337
3 10 8551
3 11 401
3 12 1530
4 7 7362
4 8 5779
4 9 2336
4 10 8185
4 11 3105
4 12 2771
5 7 8802
5 8 6208
5 9 1524
5 10 9853
5 11 8241
5 12 534
6 7 1048
6 8 3576
6 9 4298
6 10 6463
6 11 8038
6 12 8621
7 13 6737
7 14 8020
7 15 5748
7 16 1461
7 17 737
7 18 7061
8 13 9545
8 14 365
8 15 2405
8 16 8280
8 17 8816
8 18 271
9 13 1944
9 14 4972
9 15 6572
9 16 6886
9 17 1352
9 18 3162
10 13 2811
10 14 7931
10 15 2394
10 16 1944
10 17 1467
10 18 9326
11 13 2100
11 14 3531
11 15 1985
11 16 5342
11 17 1686
11 18 2901
12 13 4503
12 14 177
12 15 3411
12 16 8586
12 17 5500
12 18 1789
13 19 3695
13 20 710
13 21 9938
13 22 3096
13 23 1169
13 24 2782
14 19 3229
14 20 2666
14 21 6945
14 22 8662
14 23 9728
14 24 4320
15 19 6570
15 20 3301
15 21 9260
15 22 7471
15 23 437
15 24 8599
16 19 6111
16 20 4910
16 21 4773
16 22 1611
16 23 7664
16 24 3220
17 19 9994
17 20 9296
17 21 7042
17 22 3934
17 23 7394
17 24 6502
18 19 6258
18 20 2198
18 21 9041
18 22 8719
18 23 2611
18 24 2699
19 25 8398
19 26 3427
19 27 5821
19 28 894
19 29 1059
19 30 5779
20 25 2030
20 26 2891
20 27 2412
20 28 193
20 29 1407
20 30 3395
21 25 1755
21 26 467
21 27 126
21 28 9542
21 29 9851
21 30 515
22 25 5192
22 26 7374
22 27 7894
22 28 3130
22 29 7885
22 30 8212
23 25 7419
23 26 4220
23 27 8006
23 28 5248
23 29 1837
23 30 1573
24 25 9165
24 26 5392
24 27 5103
24 28 4067
24 29 913
24 30 247
25 31 4381
25 32 5607
25 33 5412
25 34 1354
25 35 1372
25 36 1463
26 31 5321
26 32 4480
26 33 6890
26 34 7880
26 35 1513
26 36 2499
27 31 3031
27 32 9729
27 33 2315
27 34 3221
27 35 2664
27 36 1546
28 31 3568
28 32 5126
28 33 5530
28 34 2571
28 35 4387
28 36 2458
29 31 4143
29 32 9193
29 33 2163
29 34 3097
29 35 2259
29 36 7090
30 31 2999
30 32 1561
30 33 386
30 34 2140
30 35 6687
30 36 9217
31 37 7274
31 38 3417
31 39 2426
31 40 5560
31 41 8969
31 42 4249
32 37 4216
32 38 850
32 39 8592
32 40 1017
32 41 8550
32 42 1965
33 37 6621
33 38 929
33 39 5265
33 40 3788
33 41 6189
33 42 4590
34 37 4291
34 38 6916
34 39 5336
34 40 1063
34 41 4988
34 42 2484
35 37 6486
35 38 3676
35 39 3603
35 40 3359
35 41 6343
35 42 4845
36 37 4292
36 38 1525
36 39 1509
36 40 2460
36 41 4559
36 42 4836
37 43 8819
37 44 7690
37 45 3321
37 46 8742
37 47 8557
37 48 9409
38 43 8117
38 44 8895
38 45 2167
38 46 1674
38 47 6412
38 48 2303
39 43 2054
39 44 217
39 45 5181
39 46 3302
39 47 8135
39 48 1733
40 43 4884
40 44 2656
40 45 3300
40 46 7221
40 47 1292
40 48 7677
41 43 1311
41 44 3315
41 45 6307
41 46 8785
41 47 1079
41 48 5297
42 43 7995
42 44 6832
42 45 4125
42 46 5471
42 47 1131
42 48 4009
43 49 9683
43 50 6350
43 51 1414
43 52 4082
43 53 8532
43 54 2902
44 49 5758
44 50 7953
44 51 1808
44 52 1185
44 53 5515
44 54 1570
45 49 7196
45 50 4778
45 51 5198
45 52 6208
45 53 9350
45 54 8205
46 49 1682
46 50 4687
46 51 1433
46 52 5796
46 53 8083
46 54 7636
47 49 935
47 50 767
47 51 5882
47 52 2481
47 53 9554
47 54 5664
48 49 650
48 50 3664
48 51 4087
48 52 9607
48 53 6908
48 54 3221
49 55 7801
49 56 724
49 57 4764
49 58 6928
49 59 5365
49 60 5505
50 55 4510
50 56 5714
50 57 5396
50 58 6395
50 59 873
50 60 4520
51 55 9508
51 56 8101
51 57 742
51 58 3017
51 59 136
51 60 8018
52 55 4994
52 56 3622
52 57 7199
52 58 3896
52 59 7124
52 60 6626
53 55 7229
53 56 1638
53 57 5725
53 58 7617
53 59 4618
53 60 7353
54 55 4242
54 56 7348
54 57 5922
54 58 812
54 59 7279
54 60 5584
55 61 6929
55 62 1566
55 63 8002
55 64 4449
55 65 7700
55 66 5414
56 61 1879
56 62 401
56 63 165
56 64 2970
56 65 8487
56 66 2984
57 61 6484
57 62 2352
57 63 7309
57 64 5048
57 65 5494
57 66 9655
58 61 1518
58 62 3880
58 63 6012
58 64 4225
58 65 1737
58 66 746
59 61 5347
59 62 4984
59 63 6628
59 64 7548
59 65 3709
59 66 6706
60 61 6752
60 62 3053
60 63 237
60 64 7391
60 65 5327
60 66 2591
61 67 6565
61 68 3716
61 69 8113
61 70 7544
61 71 5740
61 72 732
62 67 4463
62 68 9523
62 69 4113
62 70 4200
62 71 2589
62 72 189
63 67 9639
63 68 297
63 69 9722
63 70 408
63 71 9587
63 72 7205
64 67 9448
64 68 2581
64 69 2672
64 70 436
64 71 4530
64 72 2801
65 67 9012
65 68 6422
65 69 7888
65 70 7521
65 71 5596
65 72 3007
66 67 2075
66 68 4669
66 69 9228
66 70 4008
66 71 9794
66 72 8637
67 73 9993
67 74 3856
67 75 5788
67 76 9682
67 77 6420
67 78 5318
68 73 1767
68 74 7285
68 75 1082
68 76 2584
68 77 6556
68 78 236
69 73 4851
69 74 1035
69 75 7504
69 76 2647
69 77 256
69 78 7575
70 73 4932
70 74 7013
70 75 4004
70 76 1912
70 77 9267
70 78 4241
71 73 8521
71 74 8039
71 75 1028
71 76 6056
71 77 8729
71 78 139
72 73 7284
72 74 3922
72 75 3076
72 76 5897
72 77 7012
72 78 4949
73 79 8603
73 80 2930
73 81 2955
73 82 7649
73 83 4401
73 84 2732
74 79 9848
74 80 6068
74 81 8650
74 82 8148
74 83 3765
74 84 4455
75 79 5801
75 80 5483
75 81 3963
75 82 83
75 83 3386
75 84 6736
76 79 6673
76 80 834
76 81 2665
76 82 4774
76 83 9701
76 84 9295
77 79 2769
77 80 8029
77 81 597
77 82 4786
77 83 8035
77 84 1550
78 79 329
78 80 649
78 81 8387
78 82 2118
78 83 3573
78 84 2365
79 85 2522
79 86 1817
79 87 379
79 88 177
79 89 8209
79 90 8524
80 85 3080
80 86 3933
80 87 2760
80 88 9648
80 89 8549
80 90 50
81 85 7833
81 86 2126
81 87 9960
81 88 2375
81 89 5451
81 90 4730
82 85 9515
82 86 9014
82 87 8434
82 88 2985
82 89 3818
82 90 9411
83 85 6508
83 86 31
83 87 893
83 88 8817
83 89 4305
83 90 2695
84 85 922
84 86 9477
84 87 3611
84 88 361
84 89 9943
84 90 4663
85 91 7263
85 92 805
85 93 7366
85 94 7204
85 95 4976
85 96 9358
86 91 1727
86 92 6593
86 93 1992
86 94 7367
86 95 9106
86 96 92
87 91 2938
87 92 2861
87 93 4633
87 94 2929
87 95 9741
87 96 4011
88 91 3034
88 92 6555
88 93 5769
88 94 4252
88 95 8004
88 96 3627
89 91 4220
89 92 8749
89 93 2615
89 94 6469
89 95 7616
89 96 443
90 91 2468
90 92 4230
90 93 285
90 94 4650
90 95 8750
90 96 4561
91 97 9820
91 98 9117
91 99 5967
91 100 2343
91 101 3698
91 102 4328
92 97 8383
92 98 4558
92 99 5657
92 100 1104
92 101 976
92 102 5326
93 97 8954
93 98 5689
93 99 3776
93 100 4888
93 101 2413
93 102 921
94 97 6311
94 98 5176
94 99 309
94 100 365
94 101 4874
94 102 5530
95 97 7533
95 98 2928
95 99 1587
95 100 5739
95 101 4313
95 102 8122
96 97 7683
96 98 3911
96 99 5675
96 100 8900
96 101 96
96 102 2435
97 103 3375
97 104 2333
97 105 5354
97 106 6710
97 107 2191
97 108 2883
98 103 2448
98 104 2115
98 105 492
98 106 9567
98 107 259
98 108 9763
99 103 189
99 104 945
99 105 1899
99 106 27
99 107 3807
99 108 5980
100 103 9477
100 104 8331
100 105 67
100 106 5366
100 107 2925
100 108 596
101 103 2965
101 104 7894
101 105 3182
101 106 6673
101 107 1337
101 108 9884
102 103 3165
102 104 7549
102 105 8599
102 106 7196
102 107 7193
102 108 1603
103 109 4849
103 110 46
103 111 5363
103 112 776
103 113 6355
103 114 8349
104 109 8865
104 110 4245
104 111 1536
104 112 8409
104 113 2188
104 114 1400
105 109 2953
105 110 8446
105 111 4947
105 112 8024
105 113 9610
105 114 4832
106 109 925
106 110 9092
106 111 7759
106 112 1425
106 113 6580
106 114 6573
107 109 2265
107 110 31
107 111 3360
107 112 640
107 113 6585
107 114 1499
108 109 3298
108 110 8075
108 111 3650
108 112 1431
108 113 1498
108 114 4897
109 115 7830
109 116 2734
109 117 5483
109 118 9944
109 119 2757
109 120 2843
110 115 181
110 116 2634
110 117 4573
110 118 2993
110 119 8117
110 120 4877
111 115 7546
111 116 5705
111 117 9336
111 118 5020
111 119 5824
111 120 5957
112 115 2633
112 116 1970
112 117 7384
112 118 7282
112 119 1610
112 120 1623
113 115 8102
113 116 6600
113 117 4908
113 118 9723
113 119 8056
113 120 1979
114 115 9020
114 116 7222
114 117 8562
114 118 8880
114 119 1020
114 120 8624
115 121 2296
115 122 6179
115 123 9241
115 124 9548
115 125 5602
115 126 4054
116 121 826
116 122 2069
116 123 2629
116 124 4289
116 125 1157
116 126 9178
117 121 6971
117 122 5377
117 123 3507
117 124 9716
117 125 6695
117 126 8676
118 121 3457
118 122 2846
118 123 4634
118 124 293
118 125 7615
118 126 9608
119 121 5063
119 122 7312
119 123 5698
119 124 5395
119 125 8383
119 126 4016
120 121 6656
120 122 8538
120 123 2564
120 124 3122
120 125 9859
120 126 5966
121 127 8668
121 128 6582
121 129 5228
121 130 2483
121 131 2140
121 132 3897
122 127 66
122 128 7098
122 129 2580
122 130 5845
122 131 6104
122 132 8916
123 127 439
123 128 6391
123 129 6286
123 130 6763
123 131 6215
123 132 8166
124 127 2421
124 128 1805
124 129 403
124 130 2318
124 131 1888
124 132 2573
125 127 8687
125 128 4498
125 129 9376
125 130 4776
125 131 3582
125 132 3982
126 127 76
126 128 3702
126 129 4399
126 130 3920
126 131 9355
126 132 7275
127 133 4476
127 134 3965
127 135 4994
127 136 1420
127 137 1737
127 138 5081
128 133 9035
128 134 3944
128 135 6099
128 136 3275
128 137 7353
128 138 3236
129 133 2726
129 134 3889
129 135 1625
129 136 4947
129 137 7179
129 138 8666
130 133 9108
130 134 87
130 135 8642
130 136 3489
130 137 7635
130 138 7703
131 133 3653
131 134 883
131 135 5682
131 136 6740
131 137 2062
131 138 2871
132 133 8506
132 134 3809
132 135 5813
132 136 8068
132 137 6270
132 138 2876
133 139 8835
133 140 2371
133 141 5509
133 142 6900
133 143 946
133 144 7708
134 139 6830
134 140 4304
134 141 9808
134 142 518
134 143 1910
134 144 8956
135 139 2941
135 140 688
135 141 7466
135 142 8288
135 143 6379
135 144 9453
136 139 2663
136 140 803
136 141 2368
136 142 9433
136 143 366
136 144 617
137 139 9074
137 140 1203
137 141 8300
137 142 2265
137 143 2034
137 144 6596
138 139 1990
138 140 8366
138 141 4933
138 142 9515
138 143 6285
138 144 3800
139 145 8717
139 146 412
139 147 4185
139 148 2200
139 149 9207
139 150 8473
140 145 4512
140 146 2666
140 147 600
140 148 5682
140 149 8084
140 150 5910
141 145 6076
141 146 2608
141 147 2594
141 148 4750
141 149 6618
141 150 9854
142 145 1874
142 146 9915
142 147 3230
142 148 5732
142 149 7209
142 150 6170
143 145 3354
143 146 8710
143 147 5393
143 148 5751
143 149 2453
143 150 1272
144 145 863
144 146 2303
144 147 9380
144 148 2429
144 149 2350
144 150 5602
145 151 8457
145 152 9428
145 153 1612
145 154 2427
145 155 1610
145 156 6116
146 151 5616
146 152 1195
146 153 5712
146 154 1867
146 155 7258
146 156 3372
147 151 2331
147 152 3774
147 153 3829
147 154 3908
147 155 1001
147 156 2601
148 151 4582
148 152 1633
148 153 3706
148 154 535
148 155 9894
148 156 5218
149 151 6199
149 152 8988
149 153 7909
149 154 2390
149 155 143
149 156 3342
150 151 9351
150 152 6862
150 153 5963
150 154 2111
150 155 4483
150 156 3222
151 157 8416
151 158 5657
151 159 4886
151 160 3316
151 161 1282
151 162 636
152 157 6871
152 158 1680
152 159 4733
152 160 7759
152 161 2415
152 162 6102
153 157 5585
153 158 3330
153 159 2307
153 160 5818
153 161 2236
153 162 3841
154 157 6678
154 158 5711
154 159 7364
154 160 1928
154 161 4864
154 162 6770
155 157 2816
155 158 794
155 159 2790
155 160 9097
155 161 1385
155 162 5965
156 157 1329
156 158 1938
156 159 9988
156 160 978
156 161 6477
156 162 2473
157 163 5616
157 164 9057
157 165 6472
157 166 7272
157 167 9841
157 168 5001
158 163 2456
158 164 2488
158 165 3679
158 166 42
158 167 3777
158 168 9480
159 163 5342
159 164 9074
159 165 3196
159 166 1695
159 167 2868
159 168 662
160 163 9456
160 164 3826
160 165 9837
160 166 8882
160 167 1981
160 168 4349
161 163 6703
161 164 4810
161 165 1589
161 166 2518
161 167 6761
161 168 201
162 163 1058
162 164 8054
162 165 3539
162 166 1125
162 167 3953
162 168 6491
163 169 5082
163 170 2156
163 171 6548
163 172 4922
163 173 8757
163 174 4667
164 169 5681
164 170 6836
164 171 7376
164 172 3248
164 173 1680
164 174 3915
165 169 9936
165 170 2794
165 171 436
165 172 8950
165 173 8180
165 174 8647
166 169 1744
166 170 9587
166 171 3959
166 172 452
166 173 8913
166 174 6070
167 169 9349
167 170 698
167 171 8167
167 172 7117
167 173 3886
167 174 1930
168 169 8362
168 170 1162
168 171 5434
168 172 5257
168 173 8885
168 174 1056
169 175 7872
169 176 2165
169 177 1888
169 178 9974
169 179 7911
169 180 377
170 175 6522
170 176 4185
170 177 4466
170 178 1621
170 179 6961
170 180 8344
171 175 5973
171 176 9638
171 177 3196
171 178 8407
171 179 9452
171 180 8980
172 175 8755
172 176 3192
172 177 756
172 178 1036
172 179 8871
172 180 4156
173 175 9831
173 176 2729
173 177 4568
173 178 4675
173 179 1019
173 180 7041
174 175 3891
174 176 7682
174 177 8300
174 178 2476
174 179 8944
174 180 8571
175 181 7466
175 182 9263
175 183 4714
175 184 2172
175 185 538
175 186 3492
176 181 3535
176 182 34
176 183 1447
176 184 2704
176 185 1020
176 186 5036
177 181 1699
177 182 9217
177 183 5089
177 184 7317
177 185 9860
177 186 3922
178 181 7017
178 182 1102
178 183 8354
178 184 5711
178 185 5658
178 186 3565
179 181 279
179 182 9276
179 183 1825
179 184 1532
179 185 4285
179 186 6372
180 181 307
180 182 965
180 183 5930
180 184 4017
180 185 2810
180 186 7272
181 187 1845
181 188 45
181 189 1318
181 190 2787
181 191 7586
181 192 5840
182 187 2268
182 188 4218
182 189 8418
182 190 9376
182 191 6890
182 192 4550
183 187 7855
183 188 7020
183 189 47
183 190 4520
183 191 4165
183 192 2695
184 187 925
184 188 1419
184 189 4690
184 190 5821
184 191 7843
184 192 1235
185 187 98
185 188 6774
185 189 5073
185 190 7702
185 191 6061
185 192 1027
186 187 3458
186 188 5778
186 189 3558
186 190 7332
186 191 6971
186 192 5691
187 193 6716
187 194 4646
187 195 7693
187 196 9256
187 197 2570
187 198 8809
188 193 3956
188 194 452
188 195 4829
188 196 9436
188 197 8353
188 198 5024
189 193 4246
189 194 6650
189 195 6166
189 196 923
189 197 6305
189 198 1875
190 193 1173
190 194 2616
190 195 4112
190 196 1266
190 197 4045
190 198 2864
191 193 1203
191 194 8004
191 195 1504
191 196 6880
191 197 496
191 198 7711
192 193 187
192 194 2442
192 195 9554
192 196 4291
192 197 249
192 198 936
193 199 7621
193 200 9785
193 201 5593
193 202 4855
193 203 684
193 204 4958
194 199 1193
194 200 5719
194 201 5235
194 202 1
194 203 4592
194 204 4983
195 199 3357
195 200 7241
195 201 7839
195 202 520
195 203 3538
195 204 7554
196 199 9467
196 200 678
196 201 6467
196 202 9977
196 203 6266
196 204 6035
197 199 8952
197 200 1177
197 201 6813
197 202 3307
197 203 6994
197 204 8095
198 199 7003
198 200 5623
198 201 1836
198 202 6555
198 203 3707
198 204 5990
199 205 6363
199 206 8363
199 207 2978
199 208 8574
199 209 6611
199 210 3857
200 205 6296
200 206 2148
200 207 4098
200 208 6316
200 209 3188
200 210 5794
201 205 3848
201 206 2947
201 207 3725
201 208 8400
201 209 4312
201 210 5313
202 205 4655
202 206 9590
202 207 4760
202 208 1055
202 209 712
202 210 5642
203 205 4809
203 206 8377
203 207 4123
203 208 2933
203 209 4386
203 210 6875
204 205 6150
204 206 7013
204 207 6324
204 208 5042
204 209 3162
204 210 1255
205 211 8003
205 212 7022
205 213 9856
205 214 2531
205 215 2092
205 216 3394
206 211 4995
206 212 8215
206 213 9499
206 214 2896
206 215 5758
206 216 6288
207 211 7451
207 212 2041
207 213 324
207 214 3341
207 215 7588
207 216 6258
208 211 4034
208 212 71
208 213 8586
208 214 6452
208 215 8367
208 216 3981
209 211 9719
209 212 8528
209 213 2559
209 214 5862
209 215 9209
209 216 8031
210 211 667
210 212 7170
210 213 2630
210 214 9043
210 215 503
210 216 907
211 217 8680
211 218 4454
211 219 6523
211 220 2154
211 221 2493
211 222 5104
212 217 8639
212 218 50
212 219 9016
212 220 3489
212 221 4787
212 222 1964
213 217 8506
213 218 7077
213 219 8039
213 220 5574
213 221 5869
213 222 9982
214 217 1656
214 218 6533
214 219 165
214 220 1366
214 221 2823
214 222 4546
215 217 4556
215 218 7903
215 219 355
215 220 8871
215 221 1072
215 222 6042
216 217 9302
216 218 3206
216 219 3476
216 220 5915
216 221 8370
216 222 7783
217 223 7993
217 224 5942
217 225 2375
217 226 7585
217 227 9985
217 228 8524
218 223 9865
218 224 3329
218 225 3975
218 226 772
218 227 3454
218 228 2178
219 223 3546
219 224 8753
219 225 4400
219 226 5464
219 227 8083
219 228 813
220 223 4914
220 224 8133
220 225 5706
220 226 2676
220 227 5434
220 228 792
221 223 6962
221 224 2849
221 225 9131
221 226 5489
221 227 2752
221 228 2907
222 223 5256
222 224 8301
222 225 5577
222 226 6476
222 227 6223
222 228 1964
223 229 7946
223 230 5461
223 231 1382
223 232 6374
223 233 7395
223 234 9803
224 229 1757
224 230 9919
224 231 991
224 232 7252
224 233 9177
224 234 7546
225 229 4051
225 230 2765
225 231 1963
225 232 7801
225 233 6384
225 234 7113
226 229 2050
226 230 7565
226 231 5746
226 232 7129
226 233 9654
226 234 1605
227 229 8574
227 230 1225
227 231 5853
227 232 1902
227 233 2185
227 234 8467
228 229 5105
228 230 813
228 231 6026
228 232 8741
228 233 940
228 234 2642
229 235 2843
229 236 4060
229 237 1002
229 238 4986
229 239 5928
229 240 1968
230 235 9031
230 236 9124
230 237 4303
230 238 9885
230 239 8756
230 240 1847
231 235 1552
231 236 7524
231 237 6001
231 238 6787
231 239 5051
231 240 2365
232 235 1098
232 236 4157
232 237 8458
232 238 8137
232 239 7448
232 240 8612
233 235 5559
233 236 3663
233 237 5579
233 238 2814
233 239 7079
233 240 540
234 235 8069
234 236 834
234 237 3218
234 238 1709
234 239 7846
234 240 9033
235 241 3592
235 242 2151
235 243 9181
235 244 4572
235 245 4014
235 246 2416
236 241 5655
236 242 4056
236 243 8235
236 244 8065
236 245 3379
236 246 5949
237 241 5061
237 242 1707
237 243 2089
237 244 4418
237 245 5876
237 246 527
238 241 2527
238 242 9506
238 243 6101
238 244 8518
238 245 3464
238 246 2319
239 241 6198
239 242 2546
239 243 9115
239 244 9004
239 245 5706
239 246 1971
240 241 6302
240 242 4690
240 243 255
240 244 8903
240 245 7907
240 246 7348
241 247 2561
241 248 3687
241 249 5638
241 250 8450
241 251 4473
241 252 826
242 247 5113
242 248 4787
242 249 1525
242 250 8971
242 251 6878
242 252 636
243 247 3050
243 248 8324
243 249 5814
243 250 7211
243 251 5702
243 252 2442
244 247 3282
244 248 8371
244 249 5933
244 250 1584
244 251 6317
244 252 8873
245 247 9801
245 248 1079
245 249 6703
245 250 988
245 251 6609
245 252 7691
246 247 1186
246 248 6739
246 249 3721
246 250 6346
246 251 791
246 252 6750
247 253 3763
247 254 9104
247 255 8514
247 256 6823
247 257 8078
247 258 7673
248 253 2976
248 254 7834
248 255 3791
248 256 936
248 257 3039
248 258 9929
249 253 1170
249 254 3011
249 255 9058
249 256 6445
249 257 6095
249 258 1402
250 253 9745
250 254 8065
250 255 6404
250 256 5059
250 257 810
250 258 1558
251 253 6728
251 254 5840
251 255 7350
251 256 6313
251 257 1763
251 258 3253
252 253 9880
252 254 4075
252 255 1792
252 256 2595
252 257 7973
252 258 2433
253 259 2333
253 260 4800
253 261 5147
253 262 9735
253 263 4759
253 264 6050
254 259 117
254 260 6328
254 261 4445
254 262 8710
254 263 4860
254 264 5775
255 259 9457
255 260 8445
255 261 3729
255 262 2759
255 263 8896
255 264 7114
256 259 1452
256 260 7500
256 261 5138
256 262 7014
256 263 2056
256 264 1680
257 259 5109
257 260 4672
257 261 8849
257 262 9142
257 263 6939
257 264 6644
258 259 7670
258 260 5160
258 261 5554
258 262 155
258 263 9900
258 264 3782
259 265 4475
259 266 5769
259 267 6167
259 268 2629
259 269 9692
259 270 2386
260 265 1993
260 266 4241
260 267 482
260 268 8928
260 269 3012
260 270 2787
261 265 7592
261 266 2212
261 267 129
261 268 4651
261 269 9280
261 270 1266
262 265 4016
262 266 9810
262 267 2188
262 268 8776
262 269 4151
262 270 9916
263 265 6772
263 266 7198
263 267 347
263 268 2553
263 269 5747
263 270 8319
264 265 9165
264 266 4922
264 267 9395
264 268 7706
264 269 9360
264 270 476
265 271 7893
265 272 5429
265 273 338
265 274 4475
265 275 6084
265 276 7683
266 271 5144
266 272 88
266 273 3561
266 274 2952
266 275 6975
266 276 7785
267 271 5583
267 272 2080
267 273 6125
267 274 2022
267 275 1896
267 276 2198
268 271 3992
268 272 1302
268 273 7061
268 274 4251
268 275 4938
268 276 4059
269 271 9472
269 272 492
269 273 3325
269 274 1655
269 275 1337
269 276 4747
270 271 7668
270 272 2693
270 273 3793
270 274 8575
270 275 550
270 276 89
271 277 1472
271 278 2085
271 279 5616
271 280 7194
271 281 5048
271 282 5544
272 277 2191
272 278 8071
272 279 9285
272 280 6280
272 281 2215
272 282 6456
273 277 274
273 278 1043
273 279 135
273 280 2823
273 281 6457
273 282 2943
274 277 6027
274 278 5030
274 279 8680
274 280 7799
274 281 6424
274 282 382
275 277 3359
275 278 1149
275 279 9146
275 280 4438
275 281 225
275 282 8855
276 277 6782
276 278 8220
276 279 6368
276 280 1323
276 281 7331
276 282 955
277 283 4717
277 284 4383
277 285 2991
277 286 9153
277 287 8087
277 288 5857
278 283 1487
278 284 1989
278 285 5161
278 286 3472
278 287 9260
278 288 3210
279 283 3580
279 284 1590
279 285 8147
279 286 3984
279 287 7057
279 288 4416
280 283 4189
280 284 6154
280 285 1787
280 286 8289
280 287 9325
280 288 7007
281 283 4560
281 284 734
281 285 1245
281 286 6932
281 287 838
281 288 8011
282 283 8313
282 284 5904
282 285 9393
282 286 8737
282 287 5421
282 288 2281
283 289 4480
283 290 4047
283 291 8960
283 292 7548
283 293 7164
283 294 1930
284 289 5560
284 290 6978
284 291 2363
284 292 7296
284 293 6860
284 294 6841
285 289 947
285 290 3891
285 291 6460
285 292 5868
285 293 7170
285 294 1761
286 289 8765
286 290 3861
286 291 6876
286 292 9850
286 293 6934
286 294 2128
287 289 5312
287 290 4438
287 291 7914
287 292 3159
287 293 7463
287 294 4592
288 289 3177
288 290 4536
288 291 5064
288 292 472
288 293 251
288 294 2708
289 295 6672
289 296 4199
289 297 272
289 298 6264
289 299 2298
289 300 2044
290 295 5032
290 296 3194
290 297 9639
290 298 8108
290 299 8812
290 300 4827
291 295 882
291 296 6720
291 297 5326
291 298 1457
291 299 5761
291 300 4158
292 295 3891
292 296 4657
292 297 5672
292 298 5043
292 299 7872
292 300 3889
293 295 7772
293 296 2548
293 297 743
293 298 2730
293 299 1027
293 300 760
294 295 7778
294 296 4864
294 297 857
294 298 2636
294 299 2544
294 300 6857
295 301 2096
295 302 9150
295 303 2248
295 304 9966
295 305 2985
295 306 6506
296 301 7291
296 302 8169
296 303 5373
296 304 2187
296 305 2595
296 306 1340
297 301 6662
297 302 6707
297 303 7069
297 304 4620
297 305 1339
297 306 619
298 301 8288
298 302 4343
298 303 7803
298 304 6596
298 305 1885
298 306 4423
299 301 6239
299 302 3489
299 303 431
299 304 7603
299 305 7143
299 306 7224
300 301 9439
300 302 8386
300 303 1315
300 304 5670
300 305 9310
300 306 6473
301 307 4086
301 308 5576
301 309 3024
301 310 718
301 311 285
301 312 4291
302 307 2991
302 308 7319
302 309 7375
302 310 4808
302 311 4432
302 312 7472
303 307 6120
303 308 3316
303 309 2027
303 310 7604
303 311 9672
303 312 7777
304 307 2215
304 308 2189
304 309 4940
304 310 604
304 311 5324
304 312 1039
305 307 5423
305 308 5937
305 309 147
305 310 8836
305 311 825
305 312 1275
306 307 821
306 308 1453
306 309 7425
306 310 5111
306 311 7260
306 312 3848
307 313 5705
307 314 8942
307 315 8678
307 316 9534
307 317 2995
307 318 1365
308 313 9001
308 314 3243
308 315 7193
308 316 4063
308 317 1314
308 318 9524
309 313 2009
309 314 6760
309 315 451
309 316 7345
309 317 775
309 318 6882
310 313 5501
310 314 3148
310 315 9595
310 316 2272
310 317 2325
310 318 726
311 313 400
311 314 5248
311 315 8532
311 316 8742
311 317 6424
311 318 9512
312 313 2519
312 314 8795
312 315 9161
312 316 8860
312 317 6171
312 318 7325
313 319 6953
313 320 730
313 321 5102
313 322 6757
313 323 698
313 324 491
314 319 9800
314 320 7332
314 321 5727
314 322 1239
314 323 907
314 324 7697
315 319 8185
315 320 4744
315 321 4127
315 322 6613
315 323 2073
315 324 9048
316 319 7515
316 320 7960
316 321 2159
316 322 6266
316 323 5718
316 324 2923
317 319 6576
317 320 4773
317 321 8550
317 322 2776
317 323 3315
317 324 7356
318 319 9686
318 320 382
318 321 9845
318 322 1726
318 323 3248
318 324 9868
319 325 1542
319 326 6697
319 327 2156
319 328 8054
319 329 8172
319 330 5471
320 325 8867
320 326 3138
320 327 7571
320 328 505
320 329 6783
320 330 3101
321 325 86
321 326 3608
321 327 3574
321 328 6809
321 329 3835
321 330 9067
322 325 9155
322 326 2108
322 327 6221
322 328 7
322 329 8633
322 330 4052
323 325 4200
323 326 8420
323 327 4299
323 328 8861
323 329 9557
323 330 7318
324 325 6744
324 326 2651
324 327 4544
324 328 1169
324 329 145
324 330 7952
325 331 7518
325 332 479
325 333 3173
325 334 5612
325 335 8281
325 336 2351
326 331 5994
326 332 6374
326 333 2820
326 334 1313
326 335 6942
326 336 1539
327 331 703
327 332 7992
327 333 9237
327 334 3836
327 335 5323
327 336 3260
328 331 1196
328 332 1714
328 333 6794
328 334 5118
328 335 5748
328 336 1882
329 331 3280
329 332 1363
329 333 7442
329 334 6658
329 335 2213
329 336 198
330 331 4379
330 332 5235
330 333 2747
330 334 5508
330 335 7238
330 336 6157
331 337 1987
331 338 8764
331 339 2551
331 340 4873
331 341 2513
331 342 6552
332 337 4131
332 338 5382
332 339 2430
332 340 6732
332 341 2716
332 342 5745
333 337 3679
333 338 7911
333 339 5023
333 340 6482
333 341 2529
333 342 9570
334 337 6308
334 338 2167
334 339 5382
334 340 415
334 341 7636
334 342 1623
335 337 355
335 338 9903
335 339 8877
335 340 5240
335 341 5322
335 342 3773
336 337 1057
336 338 9143
336 339 6285
336 340 9334
336 341 7275
336 342 5513
337 343 6831
337 344 2418
337 345 7822
337 346 3745
337 347 8507
337 348 3737
338 343 1591
338 344 1565
338 345 731
338 346 3545
338 347 5467
338 348 7632
339 343 5254
339 344 7175
339 345 8178
339 346 8510
339 347 1310
339 348 9198
340 343 1143
340 344 6816
340 345 5476
340 346 7517
340 347 3570
340 348 2953
341 343 3155
341 344 400
341 345 4208
341 346 7189
341 347 760
341 348 702
342 343 2074
342 344 5291
342 345 5094
342 346 2333
342 347 6617
342 348 7011
343 349 1463
343 350 3225
343 351 7407
343 352 5248
343 353 7637
343 354 6377
344 349 5506
344 350 8364
344 351 9375
344 352 5533
344 353 1621
344 354 3948
345 349 2691
345 350 9642
345 351 3623
345 352 2783
345 353 528
345 354 5279
346 349 5865
346 350 5919
346 351 9424
346 352 2174
346 353 8020
346 354 6514
347 349 8920
347 350 3756
347 351 9680
347 352 2370
347 353 4756
347 354 6790
348 349 7908
348 350 995
348 351 1799
348 352 1351
348 353 9201
348 354 7874
349 355 3862
349 356 8689
349 357 7037
349 358 9192
349 359 273
349 360 7592
350 355 1329
350 356 4684
350 357 7900
350 358 1183
350 359 2271
350 360 8393
351 355 2342
351 356 5854
351 357 260
351 358 4662
351 359 8845
351 360 834
352 355 8537
352 356 7085
352 357 3985
352 358 2069
352 359 8264
352 360 736
353 355 5909
353 356 7850
353 357 3332
353 358 8488
353 359 3010
353 360 3466
354 355 7885
354 356 6267
354 357 6392
354 358 6616
354 359 845
354 360 4015
355 361 4709
355 362 6364
355 363 3484
355 364 707
355 365 5625
355 366 1905
356 361 429
356 362 643
356 363 1568
356 364 2212
356 365 1660
356 366 122
357 361 3671
357 362 1998
357 363 4139
357 364 7409
357 365 1145
357 366 4891
358 361 6916
358 362 7746
358 363 2773
358 364 2839
358 365 149
358 366 3457
359 361 59
359 362 9896
359 363 1495
359 364 2356
359 365 5824
359 366 6741
360 361 5231
360 362 9601
360 363 3284
360 364 8847
360 365 3502
360 366 20
361 367 2377
361 368 3283
361 369 8512
361 370 2106
361 371 5286
361 372 8527
362 367 1587
362 368 4974
362 369 3735
362 370 8122
362 371 4022
362 372 6620
363 367 5174
363 368 3041
363 369 3576
363 370 46
363 371 8468
363 372 6884
364 367 7761
364 368 7004
364 369 9130
364 370 4424
364 371 9732
364 372 1640
365 367 8952
365 368 3835
365 369 3548
365 370 6893
365 371 7272
365 372 185
366 367 1845
366 368 6936
366 369 4047
366 370 8366
366 371 1864
366 372 7042
367 373 7467
367 374 760
367 375 9768
367 376 1974
367 377 7621
367 378 4082
368 373 8757
368 374 4465
368 375 914
368 376 9633
368 377 8006
368 378 2290
369 373 7591
369 374 7383
369 375 3771
369 376 4212
369 377 5431
369 378 3102
370 373 1458
370 374 2814
370 375 2923
370 376 2369
370 377 6290
370 378 4965
371 373 9361
371 374 3624
371 375 398
371 376 9780
371 377 3130
371 378 8034
372 373 3576
372 374 4622
372 375 9149
372 376 2051
372 377 1405
372 378 2831
373 379 4348
373 380 9769
373 381 6913
373 382 7576
373 383 9066
373 384 8588
374 379 4982
374 380 2041
374 381 2877
374 382 658
374 383 1072
374 384 9739
375 379 6547
375 380 6308
375 381 7954
375 382 6184
375 383 9856
375 384 2066
376 379 2323
376 380 3851
376 381 3053
376 382 8868
376 383 95
376 384 174
377 379 1125
377 380 7748
377 381 4079
377 382 679
377 383 4944
377 384 5027
378 379 6549
378 380 2012
378 381 8971
378 382 632
378 383 9475
378 384 3023
379 385 6387
379 386 316
379 387 9397
379 388 799
379 389 3210
379 390 5081
380 385 3792
380 386 4071
380 387 1506
380 388 7974
380 389 2440
380 390 5590
381 385 7262
381 386 6152
381 387 2924
381 388 1546
381 389 4019
381 390 7604
382 385 4572
382 386 2301
382 387 3567
382 388 9473
382 389 1958
382 390 8377
383 385 9463
383 386 6763
383 387 6913
383 388 364
383 389 4950
383 390 2125
384 385 6739
384 386 5118
384 387 9415
384 388 8164
384 389 4139
384 390 8284
385 391 6037
385 392 6438
385 393 6938
385 394 5984
385 395 7384
385 396 4978
386 391 9952
386 392 5572
386 393 4589
386 394 3533
386 395 4730
386 396 4005
387 391 1948
387 392 983
387 393 8674
387 394 3196
387 395 3682
387 396 9578
388 391 7131
388 392 2675
388 393 2143
388 394 5798
388 395 8533
388 396 2056
389 391 4899
389 392 6990
389 393 3271
389 394 8307
389 395 1519
389 396 1375
390 391 7845
390 392 6269
390 393 1138
390 394 9242
390 395 2078
390 396 417
391 397 3705
391 398 2958
391 399 15
391 400 9599
391 401 2490
391 402 3754
392 397 9226
392 398 8378
392 399 6418
392 400 2052
392 401 7118
392 402 1549
393 397 3603
393 398 4022
393 399 7173
393 400 5938
393 401 7018
393 402 7174
394 397 8399
394 398 9820
394 399 5279
394 400 4406
394 401 5700
394 402 1202
395 397 8335
395 398 2967
395 399 1821
395 400 4203
395 401 8351
395 402 8257
396 397 1574
396 398 4002
396 399 5984
396 400 3439
396 401 9340
396 402 1048
397 403 6461
397 404 1668
397 405 4929
397 406 7865
397 407 7982
397 408 6179
398 403 1693
398 404 6704
398 405 9551
398 406 9205
398 407 3584
398 408 5879
399 403 2024
399 404 1329
399 405 2323
399 406 2211
399 407 7949
399 408 4757
400 403 3763
400 404 9546
400 405 5500
400 406 9496
400 407 5061
400 408 3034
401 403 2145
401 404 1111
401 405 9728
401 406 1048
401 407 4973
401 408 2076
402 403 4032
402 404 8147
402 405 6790
402 406 813
402 407 5508
402 408 665
403 409 7933
403 410 5975
403 411 7798
403 412 2864
403 413 4562
403 414 7997
404 409 4915
404 410 8094
404 411 1804
404 412 3338
404 413 8338
404 414 1036
405 409 6309
405 410 6420
405 411 1838
405 412 588
405 413 3297
405 414 1254
406 409 9005
406 410 5288
406 411 5567
406 412 9451
406 413 9094
406 414 7598
407 409 8364
407 410 3280
407 411 1097
407 412 6635
407 413 1067
407 414 9678
408 409 2459
408 410 2618
408 411 7790
408 412 1572
408 413 9128
408 414 2418
409 415 2198
409 416 1716
409 417 3422
409 418 7507
409 419 6353
409 420 1177
410 415 2266
410 416 9875
410 417 463
410 418 4890
410 419 7313
410 420 6792
411 415 6125
411 416 4051
411 417 9893
411 418 7256
411 419 5525
411 420 383
412 415 8697
412 416 768
412 417 6866
412 418 8550
412 419 4709
412 420 3208
413 415 6349
413 416 9912
413 417 8676
413 418 7053
413 419 4510
413 420 7375
414 415 4029
414 416 1820
414 417 435
414 418 531
414 419 8290
414 420 9350
415 421 8665
415 422 3022
415 423 5937
415 424 8267
415 425 2522
415 426 277
416 421 7675
416 422 8218
416 423 9683
416 424 9646
416 425 6079
416 426 7375
417 421 9030
417 422 3040
417 423 7154
417 424 3652
417 425 2593
417 426 6780
418 421 2588
418 422 1944
418 423 467
418 424 8952
418 425 7536
418 426 2984
419 421 513
419 422 4541
419 423 1421
419 424 2452
419 425 142
419 426 1425
420 421 2187
420 422 7448
420 423 1805
420 424 2019
420 425 7906
420 426 9249
421 427 8205
421 428 3405
421 429 9643
421 430 859
421 431 5323
421 432 9728
422 427 6120
422 428 629
422 429 1081
422 430 6478
422 431 5663
422 432 9590
423 427 4182
423 428 5085
423 429 5478
423 430 3885
423 431 1323
423 432 5173
424 427 1109
424 428 1326
424 429 55
424 430 7284
424 431 1053
424 432 5054
425 427 1236
425 428 8893
425 429 5648
425 430 3680
425 431 6886
425 432 6409
426 427 4794
426 428 1435
426 429 6071
426 430 7819
426 431 5757
426 432 8958
427 433 973
427 434 6249
427 435 554
427 436 6477
427 437 3687
427 438 7861
428 433 242
428 434 2931
428 435 7575
428 436 1921
428 437 1805
428 438 8094
429 433 8184
429 434 7415
429 435 2311
429 436 7825
429 437 1332
429 438 8973
430 433 7781
430 434 6458
430 435 9935
430 436 4341
430 437 3493
430 438 2608
431 433 8211
431 434 6936
431 435 8056
431 436 827
431 437 5772
431 438 6764
432 433 1056
432 434 9191
432 435 4672
432 436 5427
432 437 2757
432 438 6501
433 439 2363
433 440 2644
433 441 9485
433 442 1616
433 443 8069
433 444 8347
434 439 1432
434 440 2230
434 441 1478
434 442 6848
434 443 2570
434 444 5131
435 439 9740
435 440 4014
435 441 2935
435 442 2222
435 443 9899
435 444 7791
436 439 3782
436 440 5972
436 441 9095
436 442 477
436 443 7005
436 444 5955
437 439 8093
437 440 3334
437 441 1228
437 442 5368
437 443 9474
437 444 9005
438 439 1466
438 440 6487
438 441 3332
438 442 4091
438 443 4095
438 444 7041
439 445 4518
439 446 6121
439 447 6480
439 448 6167
439 449 808
439 450 4446
440 445 8922
440 446 2884
440 447 5606
440 448 7359
440 449 8020
440 450 1415
441 445 4425
441 446 5772
441 447 2644
441 448 8610
441 449 405
441 450 2862
442 445 5321
442 446 4408
442 447 263
442 448 1595
442 449 6924
442 450 3747
443 445 1703
443 446 4878
443 447 4542
443 448 9377
443 449 4082
443 450 3579
444 445 3553
444 446 4161
444 447 1479
444 448 5374
444 449 4927
444 450 3225
445 451 1856
445 452 5075
445 453 1226
445 454 4002
445 455 8246
445 456 2105
446 451 5009
446 452 533
446 453 4883
446 454 3227
446 455 3098
446 456 4865
447 451 6746
447 452 4129
447 453 6702
447 454 4205
447 455 1390
447 456 4943
448 451 2443
448 452 8583
448 453 9708
448 454 9225
448 455 2669
448 456 6610
449 451 751
449 452 6654
449 453 7157
449 454 3849
449 455 1092
449 456 2587
450 451 5292
450 452 783
450 453 3422
450 454 6747
450 455 138
450 456 871
451 457 1281
451 458 5437
451 459 9477
451 460 563
451 461 5794
451 462 7892
452 457 7218
452 458 3658
452 459 5824
452 460 8579
452 461 5367
452 462 5532
453 457 8343
453 458 3155
453 459 1577
453 460 8852
453 461 7895
453 462 7944
454 457 8000
454 458 5902
454 459 3386
454 460 7901
454 461 8207
454 462 8382
455 457 1632
455 458 9094
455 459 262
455 460 7039
455 461 5045
455 462 4731
456 457 9506
456 458 6970
456 459 867
456 460 6629
456 461 5768
456 462 7457
457 463 8850
457 464 3939
457 465 406
457 466 8911
457 467 3245
457 468 8067
458 463 9651
458 464 5983
458 465 3475
458 466 7437
458 467 7135
458 468 888
459 463 4780
459 464 9136
459 465 3039
459 466 6215
459 467 4658
459 468 8342
460 463 9912
460 464 542
460 465 5710
460 466 7121
460 467 7765
460 468 5211
461 463 8067
461 464 7208
461 465 6809
461 466 7370
461 467 7824
461 468 9452
462 463 8697
462 464 1503
462 465 2252
462 466 6699
462 467 2606
462 468 8827
463 469 2136
463 470 1694
463 471 6256
463 472 8964
463 473 9536
463 474 6216
464 469 331
464 470 5706
464 471 7137
464 472 3243
464 473 5097
464 474 4005
465 469 9739
465 470 7654
465 471 759
465 472 4779
465 473 3346
465 474 8256
466 469 9702
466 470 6716
466 471 5222
466 472 4077
466 473 4191
466 474 5890
467 469 7299
467 470 9592
467 471 3175
467 472 9219
467 473 7779
467 474 6678
468 469 7197
468 470 4150
468 471 5598
468 472 989
468 473 8102
468 474 3835
469 475 3034
469 476 7327
469 477 8443
469 478 2960
469 479 200
469 480 2217
470 475 4274
470 476 8193
470 477 765
470 478 619
470 479 1298
470 480 9300
471 475 4855
471 476 7009
471 477 4476
471 478 5130
471 479 7076
471 480 5883
472 475 5562
472 476 8185
472 477 6313
472 478 3951
472 479 2539
472 480 9553
473 475 7753
473 476 9175
473 477 3040
473 478 2398
473 479 5202
473 480 610
474 475 9483
474 476 1823
474 477 5122
474 478 4035
474 479 9522
474 480 7161
475 481 9311
475 482 2679
475 483 7231
475 484 8882
475 485 3694
475 486 8455
476 481 6349
476 482 839
476 483 232
476 484 1333
476 485 5204
476 486 4556
477 481 3897
477 482 1829
477 483 5993
477 484 3840
477 485 4204
477 486 1327
478 481 1735
478 482 3841
478 483 8046
478 484 9041
478 485 979
478 486 9734
479 481 1992
479 482 9896
479 483 9526
479 484 9323
479 485 3642
479 486 3383
480 481 3185
480 482 1867
480 483 9726
480 484 1433
480 485 6033
480 486 2189
481 487 4212
481 488 595
481 489 4800
481 490 4326
481 491 6202
481 492 6569
482 487 5851
482 488 5581
482 489 7463
482 490 8386
482 491 7512
482 492 2291
483 487 3515
483 488 7058
483 489 8777
483 490 8288
483 491 9056
483 492 3376
484 487 422
484 488 5543
484 489 2536
484 490 2706
484 491 8612
484 492 3745
485 487 5681
485 488 3718
485 489 4463
485 490 3547
485 491 363
485 492 5141
486 487 4029
486 488 766
486 489 7972
486 490 9863
486 491 2849
486 492 7862
487 493 5465
487 494 4603
487 495 3154
487 496 5714
487 497 8803
487 498 9122
488 493 8366
488 494 1846
488 495 50
488 496 7923
488 497 4901
488 498 7184
489 493 4237
489 494 5371
489 495 5200
489 496 2890
489 497 7545
489 498 3366
490 493 2200
490 494 8664
490 495 9953
490 496 1607
490 497 5641
490 498 5290
491 493 7985
491 494 4347
491 495 7452
491 496 917
491 497 1006
491 498 7748
492 493 5116
492 494 8984
492 495 1664
492 496 2867
492 497 4872
492 498 9234
493 499 8017
493 500 4104
493 501 2153
493 502 2350
493 503 7
493 504 1058
494 499 4129
494 500 1545
494 501 5760
494 502 5755
494 503 4593
494 504 5193
495 499 881
495 500 2422
495 501 1448
495 502 7767
495 503 7452
495 504 3273
496 499 1304
496 500 7432
496 501 4230
496 502 4680
496 503 4093
496 504 8028
497 499 9359
497 500 6425
497 501 3403
497 502 4130
497 503 2264
497 504 7059
498 499 2439
498 500 9974
498 501 6330
498 502 663
498 503 4366
498 504 6350
499 505 6706
499 506 767
499 507 5184
499 508 1859
499 509 4149
499 510 5926
500 505 5532
500 506 2080
500 507 6131
500 508 9456
500 509 9953
500 510 5351
501 505 4855
501 506 335
501 507 104
501 508 666
501 509 5131
501 510 7695
502 505 8664
502 506 3442
502 507 5642
502 508 4450
502 509 547
502 510 4005
503 505 1070
503 506 7648
503 507 2909
503 508 850
503 509 4875
503 510 3809
504 505 4602
504 506 3570
504 507 6543
504 508 3372
504 509 4001
504 510 7440
505 511 5630
505 512 6714
505 513 7028
505 514 2979
505 515 1891
505 516 4443
506 511 2610
506 512 1581
506 513 3208
506 514 3818
506 515 7583
506 516 1986
507 511 1011
507 512 411
507 513 1279
507 514 9924
507 515 3501
507 516 8443
508 511 2781
508 512 9312
508 513 8420
508 514 9579
508 515 8789
508 516 6698
509 511 8058
509 512 8510
509 513 1004
509 514 7917
509 515 7886
509 516 5236
510 511 2982
510 512 4191
510 513 9900
510 514 872
510 515 1899
510 516 6046
511 517 4534
511 518 8135
511 519 8398
511 520 4094
511 521 6075
511 522 6869
512 517 1789
512 518 4866
512 519 1601
512 520 8927
512 521 7770
512 522 8818
513 517 221
513 518 6890
513 519 2584
513 520 5918
513 521 7893
513 522 3932
514 517 9117
514 518 5734
514 519 4475
514 520 1416
514 521 8159
514 522 7785
515 517 7366
515 518 2861
515 519 4321
515 520 3205
515 521 9394
515 522 8933
516 517 7249
516 518 8908
516 519 4544
516 520 5998
516 521 7265
516 522 727
517 523 7804
517 524 9219
517 525 6342
517 526 4745
517 527 5622
517 528 4353
518 523 1460
518 524 6351
518 525 5780
518 526 4486
518 527 5688
518 528 1453
519 523 6863
519 524 742
519 525 4539
519 526 7077
519 527 4944
519 528 2624
520 523 6239
520 524 109
520 525 4472
520 526 2566
520 527 8636
520 528 4144
521 523 8737
521 524 710
521 525 1951
521 526 8193
521 527 7104
521 528 4390
522 523 993
522 524 6161
522 525 8336
522 526 8116
522 527 9133
522 528 4483
523 529 1696
523 530 1704
523 531 1236
523 532 7280
523 533 6013
523 534 5415
524 529 4434
524 530 8298
524 531 3387
524 532 5115
524 533 1564
524 534 7520
525 529 3823
525 530 307
525 531 8566
525 532 2920
525 533 6604
525 534 4522
526 529 8995
526 530 9401
526 531 714
526 532 2349
526 533 7810
526 534 1019
527 529 5747
527 530 9575
527 531 8980
527 532 8950
527 533 1486
527 534 3798
528 529 3153
528 530 5863
528 531 2039
528 532 704
528 533 3535
528 534 2743
529 535 914
529 536 7472
529 537 1659
529 538 9241
529 539 1578
529 540 9932
530 535 5216
530 536 3753
530 537 4253
530 538 8732
530 539 3422
530 540 2029
531 535 3883
531 536 3691
531 537 8296
531 538 2038
531 539 9786
531 540 6164
532 535 7358
532 536 5970
532 537 2098
532 538 138
532 539 5602
532 540 17
533 535 2975
533 536 5134
533 537 3730
533 538 2768
533 539 9101
533 540 2555
534 535 8533
534 536 4466
534 537 1134
534 538 9786
534 539 165
534 540 5202
535 541 9141
535 542 3650
535 543 6690
535 544 353
535 545 5859
535 546 7488
536 541 2806
536 542 4514
536 543 3291
536 544 7599
536 545 9920
536 546 8799
537 541 486
537 542 2286
537 543 9427
537 544 6301
537 545 2675
537 546 3078
538 541 5965
538 542 9810
538 543 2892
538 544 365
538 545 4461
538 546 5645
539 541 7651
539 542 9520
539 543 6047
539 544 5665
539 545 3115
539 546 3529
540 541 268
540 542 5959
540 543 1280
540 544 3427
540 545 3585
540 546 1182
541 547 2947
541 548 4920
541 549 5492
541 550 4794
541 551 7395
541 552 1901
542 547 705
542 548 6327
542 549 3223
542 550 8398
542 551 1070
542 552 8771
543 547 6507
543 548 8119
543 549 859
543 550 1086
543 551 3963
543 552 2985
544 547 6653
544 548 7283
544 549 6811
544 550 8455
544 551 26
544 552 7112
545 547 7102
545 548 1549
545 549 6883
545 550 8330
545 551 334
545 552 4383
546 547 1962
546 548 8763
546 549 5604
546 550 6437
546 551 6349
546 552 1067
547 553 8662
547 554 6289
547 555 2273
547 556 7399
547 557 8591
547 558 1077
548 553 5668
548 554 9050
548 555 5618
548 556 6034
548 557 1443
548 558 4873
549 553 7420
549 554 1562
549 555 7080
549 556 7270
549 557 8315
549 558 198
550 553 8613
550 554 4133
550 555 8788
550 556 4095
550 557 744
550 558 5882
551 553 2023
551 554 4466
551 555 986
551 556 8170
551 557 5615
551 558 3446
552 553 4553
552 554 5456
552 555 4229
552 556 1324
552 557 4035
552 558 6624
553 559 5624
553 560 9870
553 561 9845
553 562 6933
553 563 8424
553 564 5324
554 559 2155
554 560 6646
554 561 918
554 562 5969
554 563 5994
554 564 5645
555 559 4667
555 560 566
555 561 9312
555 562 9247
555 563 7508
555 564 293
556 559 6048
556 560 9770
556 561 9565
556 562 2616
556 563 8104
556 564 3434
557 559 1949
557 560 1825
557 561 212
557 562 5358
557 563 2873
557 564 4053
558 559 6838
558 560 4978
558 561 1618
558 562 9996
558 563 3693
558 564 2195
559 565 8496
559 566 8932
559 567 6745
559 568 6014
559 569 7593
559 570 3515
560 565 9245
560 566 5838
560 567 7622
560 568 4121
560 569 7653
560 570 2265
561 565 5954
561 566 1955
561 567 7777
561 568 5231
561 569 4013
561 570 1958
562 565 286
562 566 9988
562 567 4851
562 568 597
562 569 9064
562 570 6264
563 565 2048
563 566 3022
563 567 7205
563 568 6430
563 569 1996
563 570 2784
564 565 5524
564 566 6280
564 567 805
564 568 4477
564 569 5390
564 570 931
565 571 3462
565 572 5087
565 573 2016
565 574 2803
565 575 1944
565 576 884
566 571 1428
566 572 1712
566 573 9883
566 574 5841
566 575 5867
566 576 9897
567 571 924
567 572 3620
567 573 8376
567 574 360
567 575 8780
567 576 1353
568 571 8311
568 572 8566
568 573 5910
568 574 536
568 575 7826
568 576 9124
569 571 2182
569 572 1854
569 573 288
569 574 3384
569 575 1287
569 576 3604
570 571 4030
570 572 679
570 573 7839
570 574 9001
570 575 9783
570 576 7735
571 577 230
571 578 3492
571 579 855
571 580 7964
571 581 8454
571 582 3015
572 577 9268
572 578 6130
572 579 4526
572 580 7100
572 581 200
572 582 8055
573 577 6069
573 578 683
573 579 6493
573 580 4692
573 581 4243
573 582 5266
574 577 2922
574 578 8553
574 579 663
574 580 2703
574 581 4232
574 582 345
575 577 5285
575 578 8025
575 579 7964
575 580 8162
575 581 6935
575 582 2460
576 577 1965
576 578 6117
576 579 8168
576 580 8212
576 581 1698
576 582 1272
577 583 2436
577 584 4832
577 585 2752
577 586 562
577 587 3239
577 588 6809
578 583 6114
578 584 647
578 585 2744
578 586 6261
578 587 6630
578 588 3171
579 583 447
579 584 2349
579 585 4262
579 586 4029
579 587 5876
579 588 253
580 583 3934
580 584 700
580 585 3925
580 586 3904
580 587 7131
580 588 3439
581 583 549
581 584 6622
581 585 2309
581 586 3814
581 587 5006
581 588 240
582 583 1485
582 584 6766
582 585 5332
582 586 5248
582 587 6356
582 588 6795
583 589 9517
583 590 2258
583 591 1759
583 592 3684
583 593 9606
583 594 7018
584 589 2640
584 590 8091
584 591 8891
584 592 1387
584 593 5658
584 594 3600
585 589 714
585 590 5185
585 591 1831
585 592 8528
585 593 8427
585 594 1734
586 589 2191
586 590 4428
586 591 8838
586 592 5831
586 593 1704
586 594 6204
587 589 4683
587 590 831
587 591 6588
587 592 1672
587 593 9920
587 594 326
588 589 5289
588 590 5767
588 591 9222
588 592 5455
588 593 514
588 594 7631
589 595 5781
589 596 5884
589 597 8409
589 598 9063
589 599 3258
589 600 5119
590 595 6456
590 596 6091
590 597 2990
590 598 7651
590 599 5023
590 600 6361
591 595 1728
591 596 4899
591 597 4071
591 598 7509
591 599 8439
591 600 86
592 595 594
592 596 2927
592 597 8731
592 598 4789
592 599 1825
592 600 266
593 595 6256
593 596 4112
593 597 4742
593 598 543
593 599 8506
593 600 9096
594 595 9360
594 596 9878
594 597 7399
594 598 2292
594 599 8808
594 600 7495
595 601 4252
595 602 5679
595 603 3697
595 604 319
595 605 8643
595 606 6597
596 601 9700
596 602 728
596 603 749
596 604 7254
596 605 7900
596 606 6063
597 601 7746
597 602 3250
597 603 4271
597 604 395
597 605 1813
597 606 7476
598 601 373
598 602 2462
598 603 248
598 604 4833
598 605 1289
598 606 9
599 601 4660
599 602 8018
599 603 4378
599 604 1723
599 605 3306
599 606 4809
600 601 3838
600 602 5439
600 603 4874
600 604 467
600 605 373
600 606 5048
601 607 5247
601 608 4515
601 609 3558
601 610 878
601 611 8900
601 612 208
602 607 3183
602 608 7326
602 609 3261
602 610 8861
602 611 5956
602 612 3267
603 607 8856
603 608 1168
603 609 3878
603 610 527
603 611 4718
603 612 4597
604 607 9025
604 608 8512
604 609 7491
604 610 2857
604 611 5525
604 612 4375
605 607 7461
605 608 6493
605 609 4474
605 610 2618
605 611 2086
605 612 4635
606 607 2438
606 608 5828
606 609 3769
606 610 566
606 611 7813
606 612 6117
607 613 1308
607 614 3346
607 615 2557
607 616 5241
607 617 2095
607 618 8087
608 613 3443
608 614 6029
608 615 1319
608 616 3149
608 617 675
608 618 5398
609 613 1219
609 614 2121
609 615 799
609 616 2214
609 617 397
609 618 254
610 613 5804
610 614 4685
610 615 5355
610 616 837
610 617 4856
610 618 9388
611 613 8555
611 614 1723
611 615 8785
611 616 6284
611 617 4735
611 618 160
612 613 4600
612 614 2967
612 615 9459
612 616 7715
612 617 6638
612 618 2570
613 619 8899
613 620 6913
613 621 9861
613 622 551
613 623 6886
613 624 2406
614 619 4563
614 620 9636
614 621 4299
614 622 3881
614 623 8001
614 624 322
615 619 7307
615 620 2440
615 621 1723
615 622 4405
615 623 3450
615 624 1995
616 619 6948
616 620 85
616 621 6878
616 622 1257
616 623 922
616 624 5375
617 619 7861
617 620 5782
617 621 6617
617 622 4509
617 623 4773
617 624 5354
618 619 1520
618 620 8501
618 621 1362
618 622 79
618 623 6545
618 624 352
619 625 5987
619 626 1627
619 627 9109
619 628 6236
619 629 6180
619 630 2488
620 625 1016
620 626 6306
620 627 3177
620 628 6871
620 629 9180
620 630 3652
621 625 4863
621 626 4241
621 627 505
621 628 5062
621 629 898
621 630 371
622 625 1652
622 626 4216
622 627 4464
622 628 3034
622 629 5211
622 630 7908
623 625 3611
623 626 2904
623 627 3588
623 628 5796
623 629 4100
623 630 5373
624 625 612
624 626 6251
624 627 8061
624 628 8238
624 629 7177
624 630 2580
625 631 8506
625 632 2507
625 633 4278
625 634 7889
625 635 3869
625 636 7448
626 631 7751
626 632 577
626 633 5114
626 634 9339
626 635 2309
626 636 4005
627 631 6000
627 632 8792
627 633 7391
627 634 322
627 635 8467
627 636 9279
628 631 2128
628 632 341
628 633 1230
628 634 9845
628 635 9317
628 636 3581
629 631 6524
629 632 8630
629 633 5302
629 634 4439
629 635 9611
629 636 174
630 631 7241
630 632 1099
630 633 8512
630 634 9500
630 635 2082
630 636 4602
631 637 9843
631 638 3044
631 639 8223
631 640 4686
631 641 5498
631 642 5934
632 637 2437
632 638 8956
632 639 2379
632 640 5805
632 641 4170
632 642 7302
633 637 8048
633 638 6356
633 639 217
633 640 7093
633 641 7561
633 642 6598
634 637 5021
634 638 7799
634 639 1632
634 640 4049
634 641 8004
634 642 4651
635 637 3414
635 638 950
635 639 8493
635 640 5104
635 641 7594
635 642 7659
636 637 244
636 638 4736
636 639 809
636 640 2025
636 641 5783
636 642 7822
637 643 8740
637 644 1231
637 645 2203
637 646 2486
637 647 5004
637 648 5632
638 643 4861
638 644 3172
638 645 9756
638 646 423
638 647 615
638 648 3087
639 643 6615
639 644 9252
639 645 1938
639 646 3861
639 647 8779
639 648 5761
640 643 3764
640 644 6174
640 645 8251
640 646 8661
640 647 93
640 648 6481
641 643 9137
641 644 7914
641 645 8852
641 646 8886
641 647 5079
641 648 4903
642 643 627
642 644 3704
642 645 6870
642 646 527
642 647 9709
642 648 3025
643 649 7757
643 650 202
643 651 9967
643 652 3562
643 653 8880
643 654 946
644 649 8878
644 650 5217
644 651 3021
644 652 6948
644 653 2594
644 654 5759
645 649 6165
645 650 7127
645 651 8517
645 652 6420
645 653 8168
645 654 5497
646 649 784
646 650 1011
646 651 1293
646 652 4863
646 653 4353
646 654 705
647 649 5745
647 650 6968
647 651 5094
647 652 1475
647 653 9382
647 654 9920
648 649 5825
648 650 1836
648 651 7835
648 652 1280
648 653 3812
648 654 1065
649 655 1617
649 656 8805
649 657 4995
649 658 3282
649 659 3064
649 660 5738
650 655 1479
650 656 7269
650 657 5961
650 658 6914
650 659 5131
650 660 2163
651 655 2345
651 656 7477
651 657 6352
651 658 5302
651 659 3998
651 660 3972
652 655 9248
652 656 9642
652 657 2567
652 658 6706
652 659 608
652 660 5139
653 655 3272
653 656 2231
653 657 5155
653 658 7449
653 659 6253
653 660 6951
654 655 3306
654 656 887
654 657 2358
654 658 3521
654 659 2065
654 660 5214
655 661 426
655 662 4592
655 663 8630
655 664 9676
655 665 901
655 666 843
656 661 9306
656 662 7247
656 663 5298
656 664 9588
656 665 1033
656 666 5365
657 661 1202
657 662 2503
657 663 1591
657 664 968
657 665 9608
657 666 7608
658 661 5686
658 662 7442
658 663 4732
658 664 5277
658 665 3101
658 666 6169
659 661 7058
659 662 5794
659 663 3266
659 664 225
659 665 7269
659 666 1643
660 661 6174
660 662 431
660 663 709
660 664 3466
660 665 1729
660 666 2076
661 667 504
661 668 7752
661 669 7698
661 670 7035
661 671 9091
661 672 3474
662 667 6144
662 668 481
662 669 2364
662 670 9851
662 671 4262
662 672 7958
663 667 609
663 668 9404
663 669 6134
663 670 5996
663 671 9652
663 672 12
664 667 2116
664 668 2401
664 669 7936
664 670 7425
664 671 3935
664 672 4625
665 667 7662
665 668 6278
665 669 6006
665 670 7225
665 671 680
665 672 6800
666 667 9982
666 668 9345
666 669 4023
666 670 1434
666 671 2251
666 672 9635
667 673 5541
667 674 3687
667 675 1826
667 676 2528
667 677 130
667 678 958
668 673 1044
668 674 9676
668 675 9430
668 676 3651
668 677 9401
668 678 7982
669 673 8523
669 674 9048
669 675 1192
669 676 9985
669 677 8245
669 678 2896
670 673 7393
670 674 1772
670 675 2051
670 676 1766
670 677 5667
670 678 9238
671 673 9775
671 674 4956
671 675 3695
671 676 9852
671 677 4956
671 678 1066
672 673 8809
672 674 7705
672 675 9671
672 676 5291
672 677 892
672 678 7570
673 679 1129
673 680 9631
673 681 745
673 682 6334
673 683 6973
673 684 6897
674 679 3237
674 680 2308
674 681 9556
674 682 7650
674 683 2416
674 684 3304
675 679 6911
675 680 4910
675 681 8396
675 682 4219
675 683 4953
675 684 7960
676 679 439
676 680 6749
676 681 2107
676 682 8714
676 683 321
676 684 6895
677 679 365
677 680 7864
677 681 2282
677 682 3989
677 683 219
677 684 3117
678 679 5174
678 680 3904
678 681 797
678 682 7731
678 683 8064
678 684 1165
679 685 6548
679 686 430
679 687 6933
679 688 4579
679 689 9630
679 690 3915
680 685 9546
680 686 9705
680 687 4860
680 688 1499
680 689 7880
680 690 1942
681 685 6090
681 686 995
681 687 8184
681 688 576
681 689 8903
681 690 769
682 685 2760
682 686 1586
682 687 1762
682 688 9717
682 689 3394
682 690 3278
683 685 8751
683 686 3570
683 687 8589
683 688 6151
683 689 9781
683 690 1483
684 685 5397
684 686 918
684 687 1241
684 688 1506
684 689 5410
684 690 123
685 691 2831
685 692 6779
685 693 2518
685 694 956
685 695 6621
685 696 164
686 691 8002
686 692 9045
686 693 2173
686 694 3612
686 695 6947
686 696 3567
687 691 1390
687 692 1460
687 693 898
687 694 640
687 695 8649
687 696 5317
688 691 2398
688 692 2324
688 693 2116
688 694 9150
688 695 6316
688 696 5843
689 691 3720
689 692 5780
689 693 3550
689 694 6698
689 695 2597
689 696 9136
690 691 7270
690 692 2475
690 693 6860
690 694 3394
690 695 418
690 696 2392
691 697 3093
691 698 5710
691 699 3139
691 700 9121
691 701 6519
691 702 8886
692 697 6181
692 698 5154
692 699 8767
692 700 318
692 701 6294
692 702 314
693 697 9585
693 698 7442
693 699 8378
693 700 4863
693 701 6881
693 702 726
694 697 273
694 698 199
694 699 39
694 700 7865
694 701 906
694 702 4965
695 697 6898
695 698 6097
695 699 558
695 700 6534
695 701 8070
695 702 3632
696 697 1498
696 698 4686
696 699 1948
696 700 8262
696 701 5731
696 702 7834
697 703 7475
697 704 3847
697 705 4498
697 706 5510
697 707 4180
697 708 3331
698 703 4646
698 704 5992
698 705 3335
698 706 3714
698 707 1068
698 708 9546
699 703 1534
699 704 8753
699 705 1366
699 706 111
699 707 6270
699 708 8134
700 703 295
700 704 7033
700 705 8347
700 706 3868
700 707 5661
700 708 2522
701 703 7926
701 704 2601
701 705 7769
701 706 9432
701 707 9268
701 708 7514
702 703 7056
702 704 8675
702 705 9203
702 706 5280
702 707 9128
702 708 7467
703 709 2452
703 710 7707
703 711 6633
703 712 7118
703 713 9770
703 714 6056
704 709 8070
704 710 8828
704 711 9402
704 712 7336
704 713 5961
704 714 7125
705 709 831
705 710 803
705 711 8237
705 712 8410
705 713 8051
705 714 4487
706 709 2822
706 710 2026
706 711 4788
706 712 719
706 713 2563
706 714 8905
707 709 9162
707 710 2420
707 711 415
707 712 1916
707 713 6252
707 714 564
708 709 167
708 710 4073
708 711 5775
708 712 7740
708 713 5795
708 714 3565
709 715 3939
709 716 9286
709 717 9178
709 718 4086
709 719 6450
709 720 2740
710 715 8333
710 716 9769
710 717 876
710 718 3009
710 719 5262
710 720 1325
711 715 5424
711 716 9787
711 717 8266
711 718 7439
711 719 7929
711 720 9662
712 715 5396
712 716 4127
712 717 212
712 718 90
712 719 8308
712 720 8778
713 715 7593
713 716 6149
713 717 8899
713 718 9920
713 719 5279
713 720 496
714 715 5259
714 716 3213
714 717 4325
714 718 1910
714 719 9063
714 720 22
715 721 7705
715 722 7440
715 723 7689
715 724 7413
715 725 2462
715 726 1132
716 721 1388
716 722 7020
716 723 1624
716 724 5540
716 725 6892
716 726 1244
717 721 1561
717 722 9892
717 723 9865
717 724 1397
717 725 9258
717 726 3005
718 721 3766
718 722 8243
718 723 931
718 724 165
718 725 2479
718 726 2802
719 721 6980
719 722 6271
719 723 8455
719 724 1286
719 725 6664
719 726 5932
720 721 267
720 722 6447
720 723 2436
720 724 9091
720 725 5428
720 726 228
721 727 3561
721 728 7840
721 729 1061
721 730 9639
721 731 1301
721 732 4906
722 727 7987
722 728 7201
722 729 7210
722 730 8518
722 731 4461
722 732 4893
723 727 1788
723 728 116
723 729 251
723 730 4448
723 731 347
723 732 8277
724 727 9609
724 728 7465
724 729 9317
724 730 9473
724 731 2479
724 732 2806
725 727 8989
725 728 957
725 729 7386
725 730 4723
725 731 8555
725 732 8691
726 727 103
726 728 3289
726 729 2489
726 730 6692
726 731 42
726 732 1744
727 733 2478
727 734 7648
727 735 5616
727 736 6798
727 737 8720
727 738 8826
728 733 6445
728 734 5692
728 735 264
728 736 9846
728 737 7725
728 738 6417
729 733 8253
729 734 5596
729 735 5719
729 736 7347
729 737 9041
729 738 6183
730 733 4857
730 734 6119
730 735 4254
730 736 2827
730 737 6714
730 738 9340
731 733 2937
731 734 8085
731 735 2753
731 736 3769
731 737 6757
731 738 4015
732 733 8685
732 734 760
732 735 8354
732 736 1248
732 737 5792
732 738 5956
733 739 7387
733 740 6140
733 741 1172
733 742 3540
733 743 591
733 744 1938
734 739 1511
734 740 6410
734 741 6239
734 742 6639
734 743 2552
734 744 9717
735 739 3754
735 740 7494
735 741 6136
735 742 1908
735 743 6003
735 744 9145
736 739 9102
736 740 7609
736 741 1049
736 742 3458
736 743 2221
736 744 5400
737 739 9029
737 740 1245
737 741 1920
737 742 9065
737 743 3216
737 744 3237
738 739 1769
738 740 7788
738 741 5967
738 742 6744
738 743 8999
738 744 4539
739 745 5752
739 746 4455
739 747 1407
739 748 2739
739 749 1872
739 750 383
740 745 1138
740 746 2757
740 747 872
740 748 3515
740 749 6377
740 750 8431
741 745 9836
741 746 684
741 747 9026
741 748 9378
741 749 5744
741 750 9793
742 745 9986
742 746 9664
742 747 1270
742 748 6709
742 749 6837
742 750 8166
743 745 1126
743 746 9512
743 747 5793
743 748 7941
743 749 7796
743 750 103
744 745 6570
744 746 5106
744 747 504
744 748 7516
744 749 3477
744 750 4587
745 751 5395
745 752 7448
745 753 9436
745 754 520
745 755 6004
745 756 3376
746 751 4033
746 752 5737
746 753 5780
746 754 4598
746 755 1179
746 756 1940
747 751 3860
747 752 5464
747 753 7219
747 754 6326
747 755 5598
747 756 3202
748 751 984
748 752 7654
748 753 4587
748 754 7411
748 755 4174
748 756 177
749 751 8965
749 752 1634
749 753 2164
749 754 3565
749 755 2546
749 756 8956
750 751 5591
750 752 7052
750 753 8033
750 754 7998
750 755 5242
750 756 6866
751 757 2105
751 758 6048
751 759 6848
751 760 1131
751 761 2569
751 762 2493
752 757 8439
752 758 3806
752 759 5731
752 760 518
752 761 1588
752 762 7866
753 757 6467
753 758 8266
753 759 1268
753 760 5519
753 761 6478
753 762 7368
754 757 6458
754 758 7528
754 759 2684
754 760 9677
754 761 1198
754 762 4241
755 757 1924
755 758 3980
755 759 4606
755 760 5033
755 761 7052
755 762 5639
756 757 8255
756 758 7340
756 759 5185
756 760 9113
756 761 9685
756 762 876
757 763 2482
757 764 5576
757 765 8944
757 766 2245
757 767 9673
757 768 1015
758 763 1324
758 764 5949
758 765 3454
758 766 1613
758 767 516
758 768 3870
759 763 4818
759 764 5549
759 765 5706
759 766 5793
759 767 2215
759 768 5044
760 763 3418
760 764 6056
760 765 7012
760 766 7508
760 767 1943
760 768 4128
761 763 3472
761 764 7172
761 765 8795
761 766 2711
761 767 5836
761 768 3764
762 763 3078
762 764 6757
762 765 5032
762 766 4956
762 767 7405
762 768 5565
763 769 4627
763 770 8159
763 771 1239
763 772 634
763 773 4665
763 774 9217
764 769 8542
764 770 8779
764 771 9924
764 772 6284
764 773 1722
764 774 9580
765 769 6482
765 770 7392
765 771 7754
765 772 4145
765 773 710
765 774 4328
766 769 6416
766 770 8378
766 771 4478
766 772 2039
766 773 7611
766 774 7717
767 769 7696
767 770 6961
767 771 5083
767 772 6452
767 773 6097
767 774 1777
768 769 8913
768 770 5694
768 771 4560
768 772 8303
768 773 6920
768 774 2118
769 775 4858
769 776 5695
769 777 4977
769 778 2270
769 779 174
769 780 9505
770 775 9569
770 776 2424
770 777 7909
770 778 438
770 779 8630
770 780 4141
771 775 7586
771 776 6762
771 777 9495
771 778 5144
771 779 9785
771 780 1271
772 775 7181
772 776 8930
772 777 8291
772 778 132
772 779 1063
772 780 3863
773 775 3827
773 776 6929
773 777 821
773 778 154
773 779 3637
773 780 2743
774 775 5461
774 776 3889
774 777 1770
774 778 4073
774 779 88
774 780 104
775 781 3365
775 782 4992
775 783 8711
775 784 6032
775 785 5823
775 786 225
776 781 5995
776 782 6376
776 783 3967
776 784 6436
776 785 5843
776 786 4540
777 781 7636
777 782 1022
777 783 3142
777 784 2811
777 785 6116
777 786 1578
778 781 4487
778 782 8505
778 783 9081
778 784 164
778 785 432
778 786 9256
779 781 3251
779 782 5421
779 783 4905
779 784 3100
779 785 6745
779 786 9628
780 781 4491
780 782 2844
780 783 4398
780 784 7526
780 785 5034
780 786 6104
781 787 1567
781 788 570
781 789 1728
781 790 8195
781 791 8736
781 792 7155
782 787 8937
782 788 224
782 789 8343
782 790 8626
782 791 5869
782 792 384
783 787 8898
783 788 640
783 789 9527
783 790 8286
783 791 727
783 792 3672
784 787 9669
784 788 1785
784 789 9099
784 790 7643
784 791 6108
784 792 1568
785 787 2912
785 788 7307
785 789 5122
785 790 6931
785 791 5721
785 792 7087
786 787 3647
786 788 4338
786 789 5046
786 790 4276
786 791 1985
786 792 7375
787 793 7112
787 794 3471
787 795 1026
787 796 9004
787 797 5170
787 798 3057
788 793 630
788 794 703
788 795 1341
788 796 6986
788 797 6175
788 798 3611
789 793 1525
789 794 3168
789 795 5207
789 796 7201
789 797 4689
789 798 7407
790 793 4406
790 794 5684
790 795 4492
790 796 1850
790 797 914
790 798 2980
791 793 4396
791 794 9857
791 795 7736
791 796 7049
791 797 3590
791 798 2219
792 793 5255
792 794 9104
792 795 9495
792 796 102
792 797 1026
792 798 5910
793 799 8919
793 800 614
793 801 5855
793 802 1523
793 803 7681
793 804 7819
794 799 5202
794 800 2951
794 801 9457
794 802 2289
794 803 8658
794 804 8860
795 799 1172
795 800 7849
795 801 912
795 802 8482
795 803 658
795 804 6531
796 799 4803
796 800 8269
796 801 8976
796 802 2775
796 803 3529
796 804 3105
797 799 779
797 800 915
797 801 4280
797 802 3789
797 803 8686
797 804 4194
798 799 749
798 800 378
798 801 6176
798 802 4592
798 803 9151
798 804 4105
799 805 427
799 806 5037
799 807 9779
799 808 1606
799 809 8903
799 810 9801
800 805 4397
800 806 3536
800 807 4276
800 808 1031
800 809 7494
800 810 4428
801 805 6049
801 806 8818
801 807 8011
801 808 8256
801 809 2421
801 810 5478
802 805 9594
802 806 6289
802 807 6380
802 808 5754
802 809 6261
802 810 6284
803 805 3574
803 806 6256
803 807 3219
803 808 4582
803 809 6068
803 810 71
804 805 5808
804 806 5520
804 807 8968
804 808 4781
804 809 5879
804 810 4319
805 811 7129
805 812 4569
805 813 9273
805 814 5943
805 815 7602
805 816 2491
806 811 5102
806 812 2449
806 813 7825
806 814 1410
806 815 9848
806 816 1535
807 811 3334
807 812 9547
807 813 3273
807 814 6342
807 815 2390
807 816 5609
808 811 6220
808 812 9010
808 813 7483
808 814 7218
808 815 7793
808 816 5393
809 811 831
809 812 272
809 813 8945
809 814 5315
809 815 3008
809 816 3405
810 811 2954
810 812 7424
810 813 4958
810 814 2739
810 815 8347
810 816 6726
811 817 824
811 818 9236
811 819 1143
811 820 4538
811 821 648
811 822 8631
812 817 3243
812 818 1768
812 819 8506
812 820 2353
812 821 7204
812 822 9829
813 817 3889
813 818 5683
813 819 3871
813 820 6646
813 821 2294
813 822 2323
814 817 1465
814 818 5291
814 819 7449
814 820 2913
814 821 2841
814 822 6051
815 817 2768
815 818 4068
815 819 5512
815 820 4872
815 821 3819
815 822 327
816 817 7115
816 818 7688
816 819 6899
816 820 491
816 821 2521
816 822 1466
817 823 5954
817 824 5298
817 825 9302
817 826 9201
817 827 2379
817 828 5677
818 823 4954
818 824 263
818 825 625
818 826 5260
818 827 6365
818 828 8141
819 823 8768
819 824 9433
819 825 2077
819 826 4405
819 827 3549
819 828 446
820 823 5792
820 824 4538
820 825 4341
820 826 9124
820 827 5123
820 828 4893
821 823 7770
821 824 2161
821 825 555
821 826 9642
821 827 3098
821 828 3326
822 823 43
822 824 7178
822 825 1921
822 826 8390
822 827 8366
822 828 3511
823 829 3878
823 830 8622
823 831 4260
823 832 2988
823 833 6339
823 834 777
824 829 1012
824 830 6376
824 831 6333
824 832 7421
824 833 4298
824 834 8671
825 829 8810
825 830 5101
825 831 6186
825 832 5210
825 833 1625
825 834 7386
826 829 5920
826 830 7209
826 831 4019
826 832 5551
826 833 2864
826 834 7225
827 829 123
827 830 2051
827 831 6772
827 832 9181
827 833 8547
827 834 4844
828 829 3171
828 830 6883
828 831 8649
828 832 7906
828 833 9007
828 834 1989
829 835 2196
829 836 4232
829 837 3932
829 838 7025
829 839 4715
829 840 1876
830 835 4820
830 836 9087
830 837 6140
830 838 42
830 839 5940
830 840 5813
831 835 2466
831 836 1518
831 837 5405
831 838 6302
831 839 9267
831 840 9888
832 835 9965
832 836 3574
832 837 7491
832 838 7747
832 839 7987
832 840 6840
833 835 2032
833 836 1645
833 837 5822
833 838 8263
833 839 6482
833 840 1658
834 835 7601
834 836 151
834 837 9638
834 838 4266
834 839 7546
834 840 265
835 841 3125
835 842 7870
835 843 3555
835 844 5413
835 845 4461
835 846 9010
836 841 7185
836 842 5976
836 843 2812
836 844 379
836 845 7877
836 846 1179
837 841 3303
837 842 5480
837 843 1869
837 844 3621
837 845 9381
837 846 1001
838 841 6975
838 842 3115
838 843 5741
838 844 5903
838 845 2970
838 846 6524
839 841 370
839 842 2292
839 843 3774
839 844 8593
839 845 1335
839 846 7417
840 841 1038
840 842 8533
840 843 1898
840 844 8602
840 845 1056
840 846 8173
841 847 4287
841 848 1399
841 849 7728
841 850 8764
841 851 2546
841 852 9082
842 847 5187
842 848 7452
842 849 6376
842 850 2884
842 851 8882
842 852 9624
843 847 155
843 848 7580
843 849 4718
843 850 9179
843 851 4834
843 852 5512
844 847 4988
844 848 2015
844 849 8260
844 850 1118
844 851 4594
844 852 5479
845 847 2317
845 848 508
845 849 7887
845 850 5994
845 851 1303
845 852 7578
846 847 8528
846 848 9939
846 849 808
846 850 3498
846 851 4203
846 852 8373
847 853 5386
847 854 9696
847 855 835
847 856 8155
847 857 3620
847 858 3315
848 853 366
848 854 1823
848 855 4282
848 856 3096
848 857 9215
848 858 5660
849 853 5406
849 854 6835
849 855 2048
849 856 6442
849 857 8895
849 858 2597
850 853 7126
850 854 3051
850 855 1651
850 856 2008
850 857 3688
850 858 1325
851 853 4148
851 854 7572
851 855 6727
851 856 1015
851 857 1992
851 858 1527
852 853 6500
852 854 9745
852 855 3925
852 856 8973
852 857 2605
852 858 3740
853 859 1608
853 860 1180
853 861 2010
853 862 7501
853 863 8147
853 864 3632
854 859 4640
854 860 7682
854 861 6490
854 862 3222
854 863 2852
854 864 6502
855 859 4978
855 860 4111
855 861 4291
855 862 2508
855 863 8140
855 864 2799
856 859 8323
856 860 2471
856 861 3977
856 862 7416
856 863 6748
856 864 8889
857 859 9752
857 860 5364
857 861 5789
857 862 2889
857 863 1000
857 864 6367
858 859 3411
858 860 7399
858 861 188
858 862 7135
858 863 6873
858 864 1587
859 865 3671
859 866 3561
859 867 5615
859 868 8221
859 869 6910
859 870 9048
860 865 6986
860 866 1421
860 867 8775
860 868 2441
860 869 6923
860 870 5547
861 865 867
861 866 1401
861 867 3566
861 868 3245
861 869 7855
861 870 1117
862 865 8100
862 866 9325
862 867 3438
862 868 30
862 869 1532
862 870 32
863 865 1443
863 866 8618
863 867 5125
863 868 9443
863 869 5735
863 870 7908
864 865 3744
864 866 7329
864 867 8345
864 868 465
864 869 2953
864 870 6009
865 871 4946
865 872 8109
865 873 8566
865 874 401
865 875 3355
865 876 8150
866 871 4424
866 872 3214
866 873 1508
866 874 3471
866 875 1139
866 876 3134
867 871 1632
867 872 3454
867 873 9634
867 874 8425
867 875 1204
867 876 9400
868 871 4110
868 872 5746
868 873 8975
868 874 4667
868 875 677
868 876 8051
869 871 5031
869 872 7032
869 873 9438
869 874 2919
869 875 5252
869 876 5279
870 871 6845
870 872 4111
870 873 8068
870 874 8875
870 875 938
870 876 1521
871 877 4220
871 878 647
871 879 463
871 880 2442
871 881 258
871 882 9309
872 877 8968
872 878 3472
872 879 7209
872 880 3559
872 881 5455
872 882 3995
873 877 618
873 878 7281
873 879 583
873 880 2461
873 881 9912
873 882 4561
874 877 1460
874 878 6893
874 879 3738
874 880 1679
874 881 6759
874 882 3662
875 877 8026
875 878 3697
875 879 3657
875 880 2801
875 881 6117
875 882 8384
876 877 5474
876 878 1703
876 879 4410
876 880 4773
876 881 3315
876 882 966
877 883 2451
877 884 986
877 885 7921
877 886 9975
877 887 4483
877 888 7258
878 883 9663
878 884 3734
878 885 470
878 886 5576
878 887 5762
878 888 7400
879 883 7349
879 884 5667
879 885 5766
879 886 4588
879 887 5468
879 888 3380
880 883 6992
880 884 2143
880 885 9717
880 886 9412
880 887 3024
880 888 6595
881 883 6811
881 884 5130
881 885 4283
881 886 9351
881 887 5011
881 888 4097
882 883 5517
882 884 6833
882 885 8013
882 886 7596
882 887 8656
882 888 2242
883 889 5404
883 890 1063
883 891 6908
883 892 8853
883 893 2454
883 894 242
884 889 2134
884 890 5352
884 891 9196
884 892 6081
884 893 9271
884 894 8622
885 889 9887
885 890 5349
885 891 9039
885 892 4889
885 893 5365
885 894 6770
886 889 5806
886 890 1741
886 891 8867
886 892 1246
886 893 5346
886 894 8470
887 889 6830
887 890 8777
887 891 5965
887 892 6622
887 893 5722
887 894 7603
888 889 9380
888 890 1693
888 891 6531
888 892 6410
888 893 9738
888 894 7018
889 895 7372
889 896 4622
889 897 6505
889 898 8211
889 899 4397
889 900 4315
890 895 8811
890 896 1452
890 897 1990
890 898 1920
890 899 218
890 900 631
891 895 8594
891 896 5821
891 897 6702
891 898 7973
891 899 3272
891 900 4633
892 895 2779
892 896 3248
892 897 3005
892 898 1914
892 899 3325
892 900 7150
893 895 7417
893 896 2913
893 897 8028
893 898 1264
893 899 7378
893 900 7117
894 895 9299
894 896 1210
894 897 8400
894 898 6131
894 899 992
894 900 6290
895 901 8347
895 902 4758
895 903 9468
895 904 478
895 905 5187
895 906 6814
896 901 8446
896 902 6824
896 903 8662
896 904 1576
896 905 7248
896 906 6841
897 901 6144
897 902 5395
897 903 5918
897 904 9837
897 905 2821
897 906 3885
898 901 6359
898 902 1389
898 903 4441
898 904 3015
898 905 5039
898 906 1413
899 901 2347
899 902 3682
899 903 2017
899 904 4262
899 905 7754
899 906 3123
900 901 8830
900 902 2542
900 903 3965
900 904 8421
900 905 3196
900 906 9372
901 907 4115
901 908 9348
901 909 9986
901 910 5230
901 911 1638
901 912 1316
902 907 9658
902 908 3634
902 909 5495
902 910 3592
902 911 5511
902 912 9920
903 907 8946
903 908 4673
903 909 549
903 910 3720
903 911 2924
903 912 262
904 907 4750
904 908 1369
904 909 9562
904 910 5644
904 911 3481
904 912 4987
905 907 4065
905 908 6264
905 909 9636
905 910 169
905 911 3107
905 912 1478
906 907 1523
906 908 4122
906 909 8518
906 910 652
906 911 3585
906 912 5831
907 913 8712
907 914 6515
907 915 6912
907 916 2478
907 917 9047
907 918 194
908 913 4207
908 914 747
908 915 4456
908 916 8791
908 917 428
908 918 5176
909 913 5818
909 914 1741
909 915 7818
909 916 1441
909 917 8932
909 918 9991
910 913 4314
910 914 2148
910 915 8395
910 916 1585
910 917 2014
910 918 2438
911 913 8519
911 914 4835
911 915 9334
911 916 1548
911 917 2842
911 918 6031
912 913 8944
912 914 4154
912 915 6369
912 916 6918
912 917 7501
912 918 7119
913 919 1185
913 920 5372
913 921 9940
913 922 6887
913 923 6980
913 924 7149
914 919 7229
914 920 6347
914 921 6801
914 922 4701
914 923 9832
914 924 6967
915 919 3719
915 920 1903
915 921 6078
915 922 5835
915 923 6688
915 924 3288
916 919 718
916 920 9235
916 921 4072
916 922 357
916 923 9750
916 924 8074
917 919 8937
917 920 3635
917 921 75
917 922 6049
917 923 1473
917 924 1890
918 919 59
918 920 2324
918 921 9630
918 922 1660
918 923 2758
918 924 1153
919 925 7070
919 926 9438
919 927 7326
919 928 1520
919 929 395
919 930 205
920 925 9769
920 926 909
920 927 8254
920 928 1148
920 929 3344
920 930 3744
921 925 2225
921 926 4560
921 927 8294
921 928 3681
921 929 810
921 930 9036
922 925 8188
922 926 9498
922 927 4325
922 928 4699
922 929 2890
922 930 3127
923 925 1140
923 926 6052
923 927 5260
923 928 9362
923 929 3439
923 930 8033
924 925 3026
924 926 6196
924 927 4798
924 928 2999
924 929 274
924 930 2822
925 931 4826
925 932 9864
925 933 4660
925 934 3322
925 935 2449
925 936 4917
926 931 9387
926 932 2291
926 933 2923
926 934 2388
926 935 233
926 936 5980
927 931 4154
927 932 364
927 933 9634
927 934 5192
927 935 4818
927 936 4406
928 931 8959
928 932 4384
928 933 7801
928 934 1602
928 935 3851
928 936 8262
929 931 4125
929 932 4308
929 933 5354
929 934 928
929 935 5293
929 936 6790
930 931 1191
930 932 4112
930 933 2967
930 934 9471
930 935 9615
930 936 108
931 937 7556
931 938 9207
931 939 2098
931 940 6740
931 941 2947
931 942 4420
932 937 5984
932 938 8455
932 939 7169
932 940 4305
932 941 4815
932 942 8061
933 937 4203
933 938 1749
933 939 3679
933 940 9160
933 941 5780
933 942 192
934 937 87
934 938 8050
934 939 7391
934 940 7812
934 941 5324
934 942 1143
935 937 1241
935 938 9231
935 939 4282
935 940 5272
935 941 2406
935 942 8595
936 937 2887
936 938 5126
936 939 7885
936 940 8078
936 941 2398
936 942 7411
937 943 387
937 944 2080
937 945 2023
937 946 4201
937 947 4441
937 948 5807
938 943 1409
938 944 28
938 945 1181
938 946 198
938 947 4732
938 948 8
939 943 3908
939 944 6583
939 945 5780
939 946 1390
939 947 6318
939 948 1863
940 943 3519
940 944 8021
940 945 5253
940 946 9271
940 947 3855
940 948 9403
941 943 2848
941 944 7341
941 945 1817
941 946 9530
941 947 4423
941 948 9470
942 943 4266
942 944 450
942 945 5041
942 946 7355
942 947 8999
942 948 2285
943 949 8187
943 950 3611
943 951 1208
943 952 7505
943 953 8042
943 954 2512
944 949 4833
944 950 6323
944 951 5725
944 952 6989
944 953 5414
944 954 7034
945 949 5727
945 950 8653
945 951 8398
945 952 5843
945 953 5060
945 954 5131
946 949 13
946 950 6003
946 951 6530
946 952 4730
946 953 5252
946 954 2901
947 949 2803
947 950 3661
947 951 8095
947 952 2296
947 953 9094
947 954 3178
948 949 6334
948 950 8889
948 951 8769
948 952 6110
948 953 430
948 954 9588
949 955 9006
949 956 1054
949 957 1382
949 958 2482
949 959 4841
949 960 7239
950 955 436
950 956 5125
950 957 6610
950 958 4534
950 959 6423
950 960 5753
951 955 9347
951 956 6592
951 957 7451
951 958 2279
951 959 6107
951 960 6988
952 955 4650
952 956 4613
952 957 8010
952 958 8249
952 959 4787
952 960 3916
953 955 9871
953 956 6786
953 957 5646
953 958 5711
953 959 1398
953 960 3041
954 955 9374
954 956 9059
954 957 7649
954 958 4636
954 959 3353
954 960 1841
955 961 3455
955 962 7888
955 963 1479
955 964 5454
955 965 4049
955 966 2921
956 961 2453
956 962 703
956 963 622
956 964 6205
956 965 8942
956 966 7706
957 961 4751
957 962 8466
957 963 2881
957 964 9350
957 965 6155
957 966 1254
958 961 7917
958 962 5076
958 963 8741
958 964 1751
958 965 3713
958 966 4723
959 961 846
959 962 7557
959 963 5295
959 964 5138
959 965 8301
959 966 629
960 961 1674
960 962 5924
960 963 8010
960 964 8089
960 965 4622
960 966 559
961 967 2107
961 968 2905
961 969 4036
961 970 8555
961 971 6013
961 972 4833
962 967 3783
962 968 1071
962 969 9695
962 970 9406
962 971 5466
962 972 356
963 967 2259
963 968 8779
963 969 24
963 970 5350
963 971 3794
963 972 8715
964 967 8266
964 968 3648
964 969 4142
964 970 8047
964 971 9330
964 972 1753
965 967 4272
965 968 7585
965 969 9665
965 970 7881
965 971 3231
965 972 2825
966 967 2532
966 968 2626
966 969 4448
966 970 6441
966 971 6841
966 972 7903
967 973 1733
967 974 9224
967 975 8054
967 976 9470
967 977 4449
967 978 1092
968 973 9044
968 974 778
968 975 9334
968 976 3555
968 977 9496
968 978 4876
969 973 701
969 974 2274
969 975 5543
969 976 754
969 977 782
969 978 688
970 973 9155
970 974 3756
970 975 7867
970 976 7658
970 977 8026
970 978 377
971 973 24
971 974 9673
971 975 9777
971 976 7473
971 977 3962
971 978 1498
972 973 2965
972 974 3608
972 975 7072
972 976 4631
972 977 7220
972 978 1357
973 979 1466
973 980 7380
973 981 6625
973 982 7991
973 983 1021
973 984 9112
974 979 7932
974 980 3377
974 981 4813
974 982 9943
974 983 1261
974 984 9832
975 979 4886
975 980 304
975 981 3206
975 982 2790
975 983 1536
975 984 5548
976 979 8400
976 980 8283
976 981 9905
976 982 1116
976 983 3680
976 984 5918
977 979 9474
977 980 4376
977 981 373
977 982 2287
977 983 8549
977 984 2570
978 979 2010
978 980 1646
978 981 7836
978 982 6564
978 983 7972
978 984 489
979 985 6478
979 986 5899
979 987 3263
979 988 3362
979 989 7570
979 990 2720
980 985 3876
980 986 5374
980 987 1016
980 988 1655
980 989 64
980 990 8521
981 985 4631
981 986 2429
981 987 8224
981 988 2790
981 989 2844
981 990 5213
982 985 9396
982 986 5559
982 987 4943
982 988 5242
982 989 8335
982 990 225
983 985 2582
983 986 5538
983 987 480
983 988 9614
983 989 5697
983 990 7240
984 985 3412
984 986 1755
984 987 3125
984 988 2448
984 989 1916
984 990 2078
985 991 8883
985 992 8416
985 993 4233
985 994 5616
985 995 1578
985 996 5311
986 991 3796
986 992 3099
986 993 2332
986 994 5497
986 995 2436
986 996 2210
987 991 2142
987 992 7392
987 993 4073
987 994 938
987 995 433
987 996 5252
988 991 6202
988 992 5696
988 993 4592
988 994 8109
988 995 3872
988 996 4906
989 991 8953
989 992 2445
989 993 8113
989 994 1082
989 995 9606
989 996 1520
990 991 5646
990 992 9055
990 993 8795
990 994 7350
990 995 6353
990 996 5884
1 1
2 1
3 1
4 1
5 1
6 1
7 1
8 1
9 1
10 1
11 1
12 1
13 1
14 1
15 1
16 1
17 1
18 1
19 1
20 1
21 1
22 1
23 1
24 1
25 1
26 1
27 1
28 1
29 1
30 1
31 1
32 1
33 1
34 1
35 1
36 1
37 1
38 1
39 1
40 1
41 1
42 1
43 1
44 1
45 1
46 1
47 1
48 1
49 1
50 1
51 1
52 1
53 1
54 1
55 1
56 1
57 1
58 1
59 1
60 1
61 1
62 1
63 1
64 1
65 1
66 1
67 1
68 1
69 1
70 1
71 1
72 1
73 1
74 1
75 1
76 1
77 1
78 1
79 1
80 1
81 1
82 1
83 1
84 1
85 1
86 1
87 1
88 1
89 1
90 1
91 1
92 1
93 1
94 1
95 1
96 1
97 1
98 1
99 1
100 1
101 1
102 1
103 1
104 1
105 1
106 1
107 1
108 1
109 1
110 1
111 1
112 1
113 1
114 1
115 1
116 1
117 1
118 1
119 1
120 1
121 1
122 1
123 1
124 1
125 1
126 1
127 1
128 1
129 1
130 1
131 1
132 1
133 1
134 1
135 1
136 1
137 1
138 1
139 1
140 1
141 1
142 1
143 1
144 1
145 2
146 2
147 2
148 2
149 2
150 2
151 2
152 2
153 2
154 2
155 2
156 2
157 2
158 2
159 2
160 2
161 2
162 2
163 2
164 2
165 2
166 2
167 2
168 2
169 2
170 2
171 2
172 2
173 2
174 2
175 2
176 2
177 2
178 2
179 2
180 2
181 2
182 2
183 2
184 2
185 2
186 2
187 2
188 2
189 2
190 2
191 2
192 2
193 2
194 2
195 2
196 2
197 2
198 2
199 2
200 2
201 2
202 2
203 2
204 2
205 2
206 2
207 2
208 2
209 2
210 2
211 2
212 2
213 2
214 2
215 2
216 2
217 2
218 2
219 2
220 2
221 2
222 2
223 2
224 2
225 2
226 2
227 2
228 2
229 2
230 2
231 2
232 2
233 2
234 2
235 2
236 2
237 2
238 2
239 2
240 2
241 2
242 2
243 2
244 2
245 2
246 2
247 2
248 2
249 2
250 2
251 2
252 2
253 2
254 2
255 2
256 2
257 2
258 2
259 2
260 2
261 2
262 2
263 2
264 2
265 2
266 2
267 2
268 2
269 2
270 2
271 2
272 2
273 2
274 2
275 2
276 2
277 2
278 2
279 2
280 2
281 2
282 2
283 2
284 2
285 2
286 2
287 2
288 2
289 3
290 3
291 3
292 3
293 3
294 3
295 3
296 3
297 3
298 3
299 3
300 3
301 3
302 3
303 3
304 3
305 3
306 3
307 3
308 3
309 3
310 3
311 3
312 3
313 3
314 3
315 3
316 3
317 3
318 3
319 3
320 3
321 3
322 3
323 3
324 3
325 3
326 3
327 3
328 3
329 3
330 3
331 3
332 3
333 3
334 3
335 3
336 3
337 3
338 3
339 3
340 3
341 3
342 3
343 3
344 3
345 3
346 3
347 3
348 3
349 3
350 3
351 3
352 3
353 3
354 3
355 3
356 3
357 3
358 3
359 3
360 3
361 3
362 3
363 3
364 3
365 3
366 3
367 3
368 3
369 3
370 3
371 3
372 3
373 3
374 3
375 3
376 3
377 3
378 3
379 3
380 3
381 3
382 3
383 3
384 3
385 3
386 3
387 3
388 3
389 3
390 3
391 3
392 3
393 3
394 3
395 3
396 3
397 3
398 3
399 3
400 3
401 3
402 3
403 3
404 3
405 3
406 3
407 3
408 3
409 3
410 3
411 3
412 3
413 3
414 3
415 3
416 3
417 3
418 3
419 3
420 3
421 3
422 3
423 3
424 3
425 3
426 3
427 3
428 3
429 3
430 3
431 3
432 3
433 4
434 4
435 4
436 4
437 4
438 4
439 4
440 4
441 4
442 4
443 4
444 4
445 4
446 4
447 4
448 4
449 4
450 4
451 4
452 4
453 4
454 4
455 4
456 4
457 4
458 4
459 4
460 4
461 4
462 4
463 4
464 4
465 4
466 4
467 4
468 4
469 4
470 4
471 4
472 4
473 4
474 4
475 4
476 4
477 4
478 4
479 4
480 4
481 4
482 4
483 4
484 4
485 4
486 4
487 4
488 4
489 4
490 4
491 4
492 4
493 4
494 4
495 4
496 4
497 4
498 4
499 4
500 4
501 4
502 4
503 4
504 4
505 4
506 4
507 4
508 4
509 4
510 4
511 4
512 4
513 4
514 4
515 4
516 4
517 4
518 4
519 4
520 4
521 4
522 4
523 4
524 4
525 4
526 4
527 4
528 4
529 4
530 4
531 4
532 4
533 4
534 4
535 4
536 4
537 4
538 4
539 4
540 4
541 4
542 4
543 4
544 4
545 4
546 4
547 4
548 4
549 4
550 4
551 4
552 4
553 4
554 4
555 4
556 4
557 4
558 4
559 4
560 4
561 4
562 4
563 4
564 4
565 4
566 4
567 4
568 4
569 4
570 4
571 4
572 4
573 4
574 4
575 4
576 4
577 5
578 5
579 5
580 5
581 5
582 5
583 5
584 5
585 5
586 5
587 5
588 5
589 5
590 5
591 5
592 5
593 5
594 5
595 5
596 5
597 5
598 5
599 5
600 5
601 5
602 5
603 5
604 5
605 5
606 5
607 5
608 5
609 5
610 5
611 5
612 5
613 5
614 5
615 5
616 5
617 5
618 5
619 5
620 5
621 5
622 5
623 5
624 5
625 5
626 5
627 5
628 5
629 5
630 5
631 5
632 5
633 5
634 5
635 5
636 5
637 5
638 5
639 5
640 5
641 5
642 5
643 5
644 5
645 5
646 5
647 5
648 5
649 5
650 5
651 5
652 5
653 5
654 5
655 5
656 5
657 5
658 5
659 5
660 5
661 5
662 5
663 5
664 5
665 5
666 5
667 5
668 5
669 5
670 5
671 5
672 5
673 5
674 5
675 5
676 5
677 5
678 5
679 5
680 5
681 5
682 5
683 5
684 5
685 5
686 5
687 5
688 5
689 5
690 5
691 5
692 5
693 5
694 5
695 5
696 5
697 5
698 5
699 5
700 5
701 5
702 5
703 5
704 5
705 5
706 5
707 5
708 5
709 5
710 5
711 5
712 5
713 5
714 5
715 5
716 5
717 5
718 5
719 5
720 5
721 6
722 6
723 6
724 6
725 6
726 6
727 6
728 6
729 6
730 6
731 6
732 6
733 6
734 6
735 6
736 6
737 6
738 6
739 6
740 6
741 6
742 6
743 6
744 6
745 6
746 6
747 6
748 6
749 6
750 6
751 6
752 6
753 6
754 6
755 6
756 6
757 6
758 6
759 6
760 6
761 6
762 6
763 6
764 6
765 6
766 6
767 6
768 6
769 6
770 6
771 6
772 6
773 6
774 6
775 6
776 6
777 6
778 6
779 6
780 6
781 6
782 6
783 6
784 6
785 6
786 6
787 6
788 6
789 6
790 6
791 6
792 6
793 6
794 6
795 6
796 6
797 6
798 6
799 6
800 6
801 6
802 6
803 6
804 6
805 6
806 6
807 6
808 6
809 6
810 6
811 6
812 6
813 6
814 6
815 6
816 6
817 6
818 6
819 6
820 6
821 6
822 6
823 6
824 6
825 6
826 6
827 6
828 6
829 6
830 6
831 6
832 6
833 6
834 6
835 6
836 6
837 6
838 6
839 6
840 6
841 6
842 6
843 6
844 6
845 6
846 6
847 6
848 6
849 6
850 6
851 6
852 6
853 6
854 6
855 6
856 6
857 6
858 6
859 6
860 6
861 6
862 6
863 6
864 6
865 7
866 7
867 7
868 7
869 7
870 7
871 7
872 7
873 7
874 7
875 7
876 7
877 7
878 7
879 7
880 7
881 7
882 7
883 7
884 7
885 7
886 7
887 7
888 7
889 7
890 7
891 7
892 7
893 7
894 7
895 7
896 7
897 7
898 7
899 7
900 7
901 7
902 7
903 7
904 7
905 7
906 7
907 7
908 7
909 7
910 7
911 7
912 7
913 7
914 7
915 7
916 7
917 7
918 7
919 7
920 7
921 7
922 7
923 7
924 7
925 7
926 7
927 7
928 7
929 7
930 7
931 7
932 7
933 7
934 7
935 7
936 7
937 7
938 7
939 7
940 7
941 7
942 7
943 7
944 7
945 7
946 7
947 7
948 7
949 7
950 7
951 7
952 7
953 7
954 7
955 7
956 7
957 7
958 7
959 7
960 7
961 7
962 7
963 7
964 7
965 7
966 7
967 7
968 7
969 7
970 7
971 7
972 7
973 7
974 7
975 7
976 7
977 7
978 7
979 7
980 7
981 7
982 7
983 7
984 7
985 7
986 7
987 7
988 7
989 7
990 7
991 7
992 7
993 7
994 7
995 7
996 7
