10 1000 5000
3 1 5 8 9 2 1 2 8 1
3 53
1 14
6 32
4 39
3 29
9 15
2 52
2 57
3 46
6 42
1 2
1 29
2 17
10 35
4 44
2 6
3 22
5 15
3 45
10 18
9 33
6 44
6 19
9 13
5 34
1 45
6 35
6 30
10 30
6 10
7 40
4 42
5 50
3 21
1 52
6 39
3 4
9 48
6 12
10 51
9 16
3 9
8 52
5 39
6 52
4 48
6 20
6 31
6 36
2 2
10 12
10 32
2 8
10 50
2 24
7 28
2 51
6 33
7 42
9 36
5 46
5 12
4 5
8 7
2 11
10 47
2 14
7 49
6 37
7 46
2 55
3 10
8 30
6 18
10 44
1 57
1 17
2 29
8 46
7 9
8 17
3 17
9 9
4 27
8 38
10 20
8 37
9 25
7 24
6 21
2 38
10 57
5 10
8 11
1 44
4 16
1 32
5 27
3 42
6 49
6 16
1 43
10 49
2 32
2 23
10 28
5 37
10 31
7 17
6 17
5 58
9 31
10 43
10 54
9 40
1 9
2 1
10 23
9 46
4 59
5 24
2 41
1 47
10 4
6 56
7 25
4 35
6 11
3 27
5 17
8 3
3 51
5 47
7 48
10 9
2 0
4 4
6 40
10 58
3 14
4 25
7 35
3 48
1 11
2 39
5 26
6 46
10 55
2 50
4 7
9 21
6 4
8 35
6 6
1 21
1 46
2 48
4 22
9 11
2 7
1 28
10 27
10 52
4 57
4 23
10 24
6 43
4 47
1 31
2 5
2 26
2 59
7 5
7 20
1 39
9 37
3 50
8 31
1 54
3 56
1 15
1 41
8 12
6 25
2 10
5 31
10 26
9 1
5 51
2 9
4 12
4 10
7 26
1 22
2 33
5 55
9 24
7 19
9 26
2 13
8 16
10 41
5 40
2 20
3 38
8 26
5 4
6 3
2 36
8 45
10 15
3 59
8 49
9 12
4 33
6 9
8 55
5 52
7 8
6 50
7 16
3 13
2 34
10 40
3 12
8 51
5 59
4 24
5 16
1 10
7 0
7 45
8 22
4 40
5 38
8 54
6 13
10 33
1 36
8 0
8 58
5 18
8 28
6 27
4 18
8 33
9 38
10 19
9 22
7 37
4 55
7 53
10 37
3 23
4 26
1 6
10 0
1 27
3 31
9 54
5 0
8 57
1 50
3 41
9 57
3 25
4 29
9 14
5 25
6 0
6 28
10 16
5 57
3 32
2 27
9 18
2 46
10 22
5 30
5 20
8 29
6 5
9 6
5 54
8 47
4 37
8 25
3 20
3 11
2 58
2 18
10 39
8 42
9 49
7 44
6 59
1 40
5 2
6 15
4 43
1 59
3 47
8 6
7 32
5 41
10 48
3 58
10 10
7 58
1 51
9 34
7 2
3 49
4 6
8 59
5 32
8 43
2 28
3 35
3 16
8 21
6 23
10 29
5 44
1 56
7 57
6 41
1 48
10 5
4 31
2 37
8 2
9 47
8 39
9 17
5 19
8 40
6 53
7 41
1 30
2 30
4 49
1 53
5 23
4 0
2 43
5 3
10 21
7 12
7 27
6 57
10 42
7 47
1 34
8 18
7 43
1 35
7 33
10 13
10 17
5 22
2 19
5 11
1 1
7 13
4 38
4 28
4 32
10 34
5 36
7 7
7 54
2 45
1 8
1 55
5 29
3 6
2 44
8 5
9 20
5 1
4 45
8 24
1 58
5 13
3 18
8 19
6 55
4 15
4 3
7 4
4 52
9 43
6 24
2 31
2 49
5 6
6 51
9 23
3 7
9 41
1 25
5 45
8 20
4 9
1 33
2 42
8 32
10 38
4 46
3 37
3 30
7 3
9 30
7 10
1 7
8 44
9 8
9 42
3 8
1 18
5 8
6 1
4 56
3 36
1 5
3 15
6 48
5 33
3 44
6 2
6 38
3 55
4 41
4 2
6 58
5 53
3 28
3 2
1 42
7 56
9 51
1 37
3 57
7 14
7 21
7 15
1 24
2 53
5 21
4 19
2 35
10 36
8 23
9 50
3 19
9 55
10 53
10 1
4 50
7 51
4 21
9 45
4 36
1 3
7 11
9 3
9 52
3 33
3 5
8 36
1 38
10 45
5 42
7 1
4 17
7 30
2 4
5 35
1 23
2 22
6 34
4 34
5 49
7 38
7 55
10 3
5 5
2 21
7 6
9 32
4 20
7 22
8 15
10 59
5 56
5 14
7 29
4 11
10 11
3 40
2 16
8 1
7 50
2 15
5 7
8 10
10 25
6 14
9 0
4 54
4 1
8 56
9 56
9 58
8 34
2 12
5 28
7 39
1 13
1 0
4 51
9 19
3 3
9 44
9 59
9 35
8 27
1 26
4 58
10 56
9 5
10 14
2 25
8 14
3 39
7 34
6 8
9 10
3 34
1 20
9 2
8 8
3 24
4 13
9 39
8 53
4 53
4 14
6 29
6 26
6 47
9 27
2 47
1 16
4 8
2 3
10 2
3 43
7 59
7 18
2 54
10 7
1 4
3 0
5 48
8 13
5 43
9 53
6 7
7 52
4 30
7 36
10 6
1 49
5 9
7 23
8 48
3 52
9 7
1 12
8 41
2 40
3 54
10 8
9 29
8 9
1 19
2 56
9 28
10 46
6 45
3 26
6 54
9 4
8 50
7 31
6 22
8 4
3 1
3 53
1 14
6 32
4 39
3 29
9 15
2 52
2 57
3 46
6 42
1 2
1 29
2 17
10 35
4 44
2 6
3 22
5 15
3 45
10 18
9 33
6 44
6 19
9 13
5 34
1 45
6 35
6 30
10 30
6 10
7 40
4 42
5 50
3 21
1 52
6 39
3 4
9 48
6 12
10 51
9 16
3 9
8 52
5 39
6 52
4 48
6 20
6 31
6 36
2 2
10 12
10 32
2 8
10 50
2 24
7 28
2 51
6 33
7 42
9 36
5 46
5 12
4 5
8 7
2 11
10 47
2 14
7 49
6 37
7 46
2 55
3 10
8 30
6 18
10 44
1 57
1 17
2 29
8 46
7 9
8 17
3 17
9 9
4 27
8 38
10 20
8 37
9 25
7 24
6 21
2 38
10 57
5 10
8 11
1 44
4 16
1 32
5 27
3 42
6 49
6 16
1 43
10 49
2 32
2 23
10 28
5 37
10 31
7 17
6 17
5 58
9 31
10 43
10 54
9 40
1 9
2 1
10 23
9 46
4 59
5 24
2 41
1 47
10 4
6 56
7 25
4 35
6 11
3 27
5 17
8 3
3 51
5 47
7 48
10 9
2 0
4 4
6 40
10 58
3 14
4 25
7 35
3 48
1 11
2 39
5 26
6 46
10 55
2 50
4 7
9 21
6 4
8 35
6 6
1 21
1 46
2 48
4 22
9 11
2 7
1 28
10 27
10 52
4 57
4 23
10 24
6 43
4 47
1 31
2 5
2 26
2 59
7 5
7 20
1 39
9 37
3 50
8 31
1 54
3 56
1 15
1 41
8 12
6 25
2 10
5 31
10 26
9 1
5 51
2 9
4 12
4 10
7 26
1 22
2 33
5 55
9 24
7 19
9 26
2 13
8 16
10 41
5 40
2 20
3 38
8 26
5 4
6 3
2 36
8 45
10 15
3 59
8 49
9 12
4 33
6 9
8 55
5 52
7 8
6 50
7 16
3 13
2 34
10 40
3 12
8 51
5 59
4 24
5 16
1 10
7 0
7 45
8 22
4 40
5 38
8 54
6 13
10 33
1 36
8 0
8 58
5 18
8 28
6 27
4 18
8 33
9 38
10 19
9 22
7 37
4 55
7 53
10 37
3 23
4 26
1 6
10 0
1 27
3 31
9 54
5 0
8 57
1 50
3 41
9 57
3 25
4 29
9 14
5 25
6 0
6 28
10 16
5 57
3 32
2 27
9 18
2 46
10 22
5 30
5 20
8 29
6 5
9 6
5 54
8 47
4 37
8 25
3 20
3 11
2 58
2 18
10 39
8 42
9 49
7 44
6 59
1 40
5 2
6 15
4 43
1 59
3 47
8 6
7 32
5 41
10 48
3 58
10 10
7 58
1 51
9 34
7 2
3 49
4 6
8 59
5 32
8 43
2 28
3 35
3 16
8 21
6 23
10 29
5 44
1 56
7 57
6 41
1 48
10 5
4 31
2 37
8 2
9 47
8 39
9 17
5 19
8 40
6 53
7 41
1 30
2 30
4 49
1 53
5 23
4 0
2 43
5 3
10 21
7 12
7 27
6 57
10 42
7 47
1 34
8 18
7 43
1 35
7 33
10 13
10 17
5 22
2 19
5 11
1 1
7 13
4 38
4 28
4 32
10 34
5 36
7 7
7 54
2 45
1 8
1 55
5 29
3 6
2 44
8 5
9 20
5 1
4 45
8 24
1 58
5 13
3 18
8 19
6 55
4 15
4 3
7 4
4 52
9 43
6 24
2 31
2 49
5 6
6 51
9 23
3 7
9 41
1 25
5 45
8 20
4 9
1 33
2 42
8 32
10 38
4 46
3 37
3 30
7 3
9 30
7 10
1 7
8 44
9 8
9 42
3 8
1 18
5 8
6 1
4 56
3 36
1 5
3 15
6 48
5 33
3 44
6 2
6 38
3 55
4 41
4 2
6 58
5 53
3 28
3 2
1 42
7 56
9 51
1 37
3 57
7 14
7 21
7 15
1 24
2 53
5 21
4 19
2 35
10 36
8 23
9 50
3 19
9 55
10 53
10 1
4 50
7 51
4 21
9 45
4 36
1 3
7 11
9 3
9 52
3 33
3 5
8 36
1 38
10 45
5 42
7 1
4 17
7 30
2 4
5 35
1 23
2 22
6 34
4 34
5 49
7 38
7 55
10 3
5 5
2 21
7 6
9 32
4 20
7 22
8 15
10 59
5 56
5 14
7 29
4 11
10 11
3 40
2 16
8 1
7 50
2 15
5 7
8 10
10 25
6 14
9 0
4 54
4 1
8 56
9 56
9 58
8 34
2 12
5 28
7 39
1 13
1 0
4 51
9 19
3 3
9 44
9 59
9 35
8 27
1 26
4 58
10 56
9 5
10 14
2 25
8 14
3 39
7 34
6 8
9 10
3 34
1 20
9 2
8 8
3 24
4 13
9 39
8 53
4 53
4 14
6 29
6 26
6 47
9 27
2 47
1 16
4 8
2 3
10 2
3 43
7 59
7 18
2 54
10 7
1 4
3 0
5 48
8 13
5 43
9 53
6 7
7 52
4 30
7 36
10 6
1 49
5 9
7 23
8 48
3 52
9 7
1 12
8 41
2 40
3 54
10 8
9 29
8 9
1 19
2 56
9 28
10 46
6 45
3 26
6 54
9 4
8 50
7 31
6 22
8 4
3 1
3 53
1 14
6 32
4 39
3 29
9 15
2 52
2 57
3 46
6 42
1 2
1 29
2 17
10 35
4 44
2 6
3 22
5 15
3 45
10 18
9 33
6 44
6 19
9 13
5 34
1 45
6 35
6 30
10 30
6 10
7 40
4 42
5 50
3 21
1 52
6 39
3 4
9 48
6 12
10 51
9 16
3 9
8 52
5 39
6 52
4 48
6 20
6 31
6 36
2 2
10 12
10 32
2 8
10 50
2 24
7 28
2 51
6 33
7 42
9 36
5 46
5 12
4 5
8 7
2 11
10 47
2 14
7 49
6 37
7 46
2 55
3 10
8 30
6 18
10 44
1 57
1 17
2 29
8 46
7 9
8 17
3 17
9 9
4 27
8 38
10 20
8 37
9 25
7 24
6 21
2 38
10 57
5 10
8 11
1 44
4 16
1 32
5 27
3 42
6 49
6 16
1 43
10 49
2 32
2 23
10 28
5 37
10 31
7 17
6 17
5 58
9 31
10 43
10 54
9 40
1 9
2 1
10 23
9 46
4 59
5 24
2 41
1 47
10 4
6 56
7 25
4 35
6 11
3 27
5 17
8 3
3 51
5 47
7 48
10 9
2 0
4 4
6 40
10 58
3 14
4 25
7 35
3 48
1 11
2 39
5 26
6 46
10 55
2 50
4 7
9 21
6 4
8 35
6 6
1 21
1 46
2 48
4 22
9 11
2 7
1 28
10 27
10 52
4 57
4 23
10 24
6 43
4 47
1 31
2 5
2 26
2 59
7 5
7 20
1 39
9 37
3 50
8 31
1 54
3 56
1 15
1 41
8 12
6 25
2 10
5 31
10 26
9 1
5 51
2 9
4 12
4 10
7 26
1 22
2 33
5 55
9 24
7 19
9 26
2 13
8 16
10 41
5 40
2 20
3 38
8 26
5 4
6 3
2 36
8 45
10 15
3 59
8 49
9 12
4 33
6 9
8 55
5 52
7 8
6 50
7 16
3 13
2 34
10 40
3 12
8 51
5 59
4 24
5 16
1 10
7 0
7 45
8 22
4 40
5 38
8 54
6 13
10 33
1 36
8 0
8 58
5 18
8 28
6 27
4 18
8 33
9 38
10 19
9 22
7 37
4 55
7 53
10 37
3 23
4 26
1 6
10 0
1 27
3 31
9 54
5 0
8 57
1 50
3 41
9 57
3 25
4 29
9 14
5 25
6 0
6 28
10 16
5 57
3 32
2 27
9 18
2 46
10 22
5 30
5 20
8 29
6 5
9 6
5 54
8 47
4 37
8 25
3 20
3 11
2 58
2 18
10 39
8 42
9 49
7 44
6 59
1 40
5 2
6 15
4 43
1 59
3 47
8 6
7 32
5 41
10 48
3 58
10 10
7 58
1 51
9 34
7 2
3 49
4 6
8 59
5 32
8 43
2 28
3 35
3 16
8 21
6 23
10 29
5 44
1 56
7 57
6 41
1 48
10 5
4 31
2 37
8 2
9 47
8 39
9 17
5 19
8 40
6 53
7 41
1 30
2 30
4 49
1 53
5 23
4 0
2 43
5 3
10 21
7 12
7 27
6 57
10 42
7 47
1 34
8 18
7 43
1 35
7 33
10 13
10 17
5 22
2 19
5 11
1 1
7 13
4 38
4 28
4 32
10 34
5 36
7 7
7 54
2 45
1 8
1 55
5 29
3 6
2 44
8 5
9 20
5 1
4 45
8 24
1 58
5 13
3 18
8 19
6 55
4 15
4 3
7 4
4 52
9 43
6 24
2 31
2 49
5 6
6 51
9 23
3 7
9 41
1 25
5 45
8 20
4 9
1 33
2 42
8 32
10 38
4 46
3 37
3 30
7 3
9 30
7 10
1 7
8 44
9 8
9 42
3 8
1 18
5 8
6 1
4 56
3 36
1 5
3 15
6 48
5 33
3 44
6 2
6 38
3 55
4 41
4 2
6 58
5 53
3 28
3 2
1 42
7 56
9 51
1 37
3 57
7 14
7 21
7 15
1 24
2 53
5 21
4 19
2 35
10 36
8 23
9 50
3 19
9 55
10 53
10 1
4 50
7 51
4 21
9 45
4 36
1 3
7 11
9 3
9 52
3 33
3 5
8 36
1 38
10 45
5 42
7 1
4 17
7 30
2 4
5 35
1 23
2 22
6 34
4 34
5 49
7 38
7 55
10 3
5 5
2 21
7 6
9 32
4 20
7 22
8 15
10 59
5 56
5 14
7 29
4 11
10 11
3 40
2 16
8 1
7 50
2 15
5 7
8 10
10 25
6 14
9 0
4 54
4 1
8 56
9 56
9 58
8 34
2 12
5 28
7 39
1 13
1 0
4 51
9 19
3 3
9 44
9 59
9 35
8 27
1 26
4 58
10 56
9 5
10 14
2 25
8 14
3 39
7 34
6 8
9 10
3 34
1 20
9 2
8 8
3 24
4 13
9 39
8 53
4 53
4 14
6 29
6 26
6 47
9 27
2 47
1 16
4 8
2 3
10 2
3 43
7 59
7 18
2 54
10 7
1 4
3 0
5 48
8 13
5 43
9 53
6 7
7 52
4 30
7 36
10 6
1 49
5 9
7 23
8 48
3 52
9 7
1 12
8 41
2 40
3 54
10 8
9 29
8 9
1 19
2 56
9 28
10 46
6 45
3 26
6 54
9 4
8 50
7 31
6 22
8 4
3 1
3 53
1 14
6 32
4 39
3 29
9 15
2 52
2 57
3 46
6 42
1 2
1 29
2 17
10 35
4 44
2 6
3 22
5 15
3 45
10 18
9 33
6 44
6 19
9 13
5 34
1 45
6 35
6 30
10 30
6 10
7 40
4 42
5 50
3 21
1 52
6 39
3 4
9 48
6 12
10 51
9 16
3 9
8 52
5 39
6 52
4 48
6 20
6 31
6 36
2 2
10 12
10 32
2 8
10 50
2 24
7 28
2 51
6 33
7 42
9 36
5 46
5 12
4 5
8 7
2 11
10 47
2 14
7 49
6 37
7 46
2 55
3 10
8 30
6 18
10 44
1 57
1 17
2 29
8 46
7 9
8 17
3 17
9 9
4 27
8 38
10 20
8 37
9 25
7 24
6 21
2 38
10 57
5 10
8 11
1 44
4 16
1 32
5 27
3 42
6 49
6 16
1 43
10 49
2 32
2 23
10 28
5 37
10 31
7 17
6 17
5 58
9 31
10 43
10 54
9 40
1 9
2 1
10 23
9 46
4 59
5 24
2 41
1 47
10 4
6 56
7 25
4 35
6 11
3 27
5 17
8 3
3 51
5 47
7 48
10 9
2 0
4 4
6 40
10 58
3 14
4 25
7 35
3 48
1 11
2 39
5 26
6 46
10 55
2 50
4 7
9 21
6 4
8 35
6 6
1 21
1 46
2 48
4 22
9 11
2 7
1 28
10 27
10 52
4 57
4 23
10 24
6 43
4 47
1 31
2 5
2 26
2 59
7 5
7 20
1 39
9 37
3 50
8 31
1 54
3 56
1 15
1 41
8 12
6 25
2 10
5 31
10 26
9 1
5 51
2 9
4 12
4 10
7 26
1 22
2 33
5 55
9 24
7 19
9 26
2 13
8 16
10 41
5 40
2 20
3 38
8 26
5 4
6 3
2 36
8 45
10 15
3 59
8 49
9 12
4 33
6 9
8 55
5 52
7 8
6 50
7 16
3 13
2 34
10 40
3 12
8 51
5 59
4 24
5 16
1 10
7 0
7 45
8 22
4 40
5 38
8 54
6 13
10 33
1 36
8 0
8 58
5 18
8 28
6 27
4 18
8 33
9 38
10 19
9 22
7 37
4 55
7 53
10 37
3 23
4 26
1 6
10 0
1 27
3 31
9 54
5 0
8 57
1 50
3 41
9 57
3 25
4 29
9 14
5 25
6 0
6 28
10 16
5 57
3 32
2 27
9 18
2 46
10 22
5 30
5 20
8 29
6 5
9 6
5 54
8 47
4 37
8 25
3 20
3 11
2 58
2 18
10 39
8 42
9 49
7 44
6 59
1 40
5 2
6 15
4 43
1 59
3 47
8 6
7 32
5 41
10 48
3 58
10 10
7 58
1 51
9 34
7 2
3 49
4 6
8 59
5 32
8 43
2 28
3 35
3 16
8 21
6 23
10 29
5 44
1 56
7 57
6 41
1 48
10 5
4 31
2 37
8 2
9 47
8 39
9 17
5 19
8 40
6 53
7 41
1 30
2 30
4 49
1 53
5 23
4 0
2 43
5 3
10 21
7 12
7 27
6 57
10 42
7 47
1 34
8 18
7 43
1 35
7 33
10 13
10 17
5 22
2 19
5 11
1 1
7 13
4 38
4 28
4 32
10 34
5 36
7 7
7 54
2 45
1 8
1 55
5 29
3 6
2 44
8 5
9 20
5 1
4 45
8 24
1 58
5 13
3 18
8 19
6 55
4 15
4 3
7 4
4 52
9 43
6 24
2 31
2 49
5 6
6 51
9 23
3 7
9 41
1 25
5 45
8 20
4 9
1 33
2 42
8 32
10 38
4 46
3 37
3 30
7 3
9 30
7 10
1 7
8 44
9 8
9 42
3 8
1 18
5 8
6 1
4 56
3 36
1 5
3 15
6 48
5 33
3 44
6 2
6 38
3 55
4 41
4 2
6 58
5 53
3 28
3 2
1 42
7 56
9 51
1 37
3 57
7 14
7 21
7 15
1 24
2 53
5 21
4 19
2 35
10 36
8 23
9 50
3 19
9 55
10 53
10 1
4 50
7 51
4 21
9 45
4 36
1 3
7 11
9 3
9 52
3 33
3 5
8 36
1 38
10 45
5 42
7 1
4 17
7 30
2 4
5 35
1 23
2 22
6 34
4 34
5 49
7 38
7 55
10 3
5 5
2 21
7 6
9 32
4 20
7 22
8 15
10 59
5 56
5 14
7 29
4 11
10 11
3 40
2 16
8 1
7 50
2 15
5 7
8 10
10 25
6 14
9 0
4 54
4 1
8 56
9 56
9 58
8 34
2 12
5 28
7 39
1 13
1 0
4 51
9 19
3 3
9 44
9 59
9 35
8 27
1 26
4 58
10 56
9 5
10 14
2 25
8 14
3 39
7 34
6 8
9 10
3 34
1 20
9 2
8 8
3 24
4 13
9 39
8 53
4 53
4 14
6 29
6 26
6 47
9 27
2 47
1 16
4 8
2 3
10 2
3 43
7 59
7 18
2 54
10 7
1 4
3 0
5 48
8 13
5 43
9 53
6 7
7 52
4 30
7 36
10 6
1 49
5 9
7 23
8 48
3 52
9 7
1 12
8 41
2 40
3 54
10 8
9 29
8 9
1 19
2 56
9 28
10 46
6 45
3 26
6 54
9 4
8 50
7 31
6 22
8 4
3 1
3 53
1 14
6 32
4 39
3 29
9 15
2 52
2 57
3 46
6 42
1 2
1 29
2 17
10 35
4 44
2 6
3 22
5 15
3 45
10 18
9 33
6 44
6 19
9 13
5 34
1 45
6 35
6 30
10 30
6 10
7 40
4 42
5 50
3 21
1 52
6 39
3 4
9 48
6 12
10 51
9 16
3 9
8 52
5 39
6 52
4 48
6 20
6 31
6 36
2 2
10 12
10 32
2 8
10 50
2 24
7 28
2 51
6 33
7 42
9 36
5 46
5 12
4 5
8 7
2 11
10 47
2 14
7 49
6 37
7 46
2 55
3 10
8 30
6 18
10 44
1 57
1 17
2 29
8 46
7 9
8 17
3 17
9 9
4 27
8 38
10 20
8 37
9 25
7 24
6 21
2 38
10 57
5 10
8 11
1 44
4 16
1 32
5 27
3 42
6 49
6 16
1 43
10 49
2 32
2 23
10 28
5 37
10 31
7 17
6 17
5 58
9 31
10 43
10 54
9 40
1 9
2 1
10 23
9 46
4 59
5 24
2 41
1 47
10 4
6 56
7 25
4 35
6 11
3 27
5 17
8 3
3 51
5 47
7 48
10 9
2 0
4 4
6 40
10 58
3 14
4 25
7 35
3 48
1 11
2 39
5 26
6 46
10 55
2 50
4 7
9 21
6 4
8 35
6 6
1 21
1 46
2 48
4 22
9 11
2 7
1 28
10 27
10 52
4 57
4 23
10 24
6 43
4 47
1 31
2 5
2 26
2 59
7 5
7 20
1 39
9 37
3 50
8 31
1 54
3 56
1 15
1 41
8 12
6 25
2 10
5 31
10 26
9 1
5 51
2 9
4 12
4 10
7 26
1 22
2 33
5 55
9 24
7 19
9 26
2 13
8 16
10 41
5 40
2 20
3 38
8 26
5 4
6 3
2 36
8 45
10 15
3 59
8 49
9 12
4 33
6 9
8 55
5 52
7 8
6 50
7 16
3 13
2 34
10 40
3 12
8 51
5 59
4 24
5 16
1 10
7 0
7 45
8 22
4 40
5 38
8 54
6 13
10 33
1 36
8 0
8 58
5 18
8 28
6 27
4 18
8 33
9 38
10 19
9 22
7 37
4 55
7 53
10 37
3 23
4 26
1 6
10 0
1 27
3 31
9 54
5 0
8 57
1 50
3 41
9 57
3 25
4 29
9 14
5 25
6 0
6 28
10 16
5 57
3 32
2 27
9 18
2 46
10 22
5 30
5 20
8 29
6 5
9 6
5 54
8 47
4 37
8 25
3 20
3 11
2 58
2 18
10 39
8 42
9 49
7 44
6 59
1 40
5 2
6 15
4 43
1 59
3 47
8 6
7 32
5 41
10 48
3 58
10 10
7 58
1 51
9 34
7 2
3 49
4 6
8 59
5 32
8 43
2 28
3 35
3 16
8 21
6 23
10 29
5 44
1 56
7 57
6 41
1 48
10 5
4 31
2 37
8 2
9 47
8 39
9 17
5 19
8 40
6 53
7 41
1 30
2 30
4 49
1 53
5 23
4 0
2 43
5 3
10 21
7 12
7 27
6 57
10 42
7 47
1 34
8 18
7 43
1 35
7 33
10 13
10 17
5 22
2 19
5 11
1 1
7 13
4 38
4 28
4 32
10 34
5 36
7 7
7 54
2 45
1 8
1 55
5 29
3 6
2 44
8 5
9 20
5 1
4 45
8 24
1 58
5 13
3 18
8 19
6 55
4 15
4 3
7 4
4 52
9 43
6 24
2 31
2 49
5 6
6 51
9 23
3 7
9 41
1 25
5 45
8 20
4 9
1 33
2 42
8 32
10 38
4 46
3 37
3 30
7 3
9 30
7 10
1 7
8 44
9 8
9 42
3 8
1 18
5 8
6 1
4 56
3 36
1 5
3 15
6 48
5 33
3 44
6 2
6 38
3 55
4 41
4 2
6 58
5 53
3 28
3 2
1 42
7 56
9 51
1 37
3 57
7 14
7 21
7 15
1 24
2 53
5 21
4 19
2 35
10 36
8 23
9 50
3 19
9 55
10 53
10 1
4 50
7 51
4 21
9 45
4 36
1 3
7 11
9 3
9 52
3 33
3 5
8 36
1 38
10 45
5 42
7 1
4 17
7 30
2 4
5 35
1 23
2 22
6 34
4 34
5 49
7 38
7 55
10 3
5 5
2 21
7 6
9 32
4 20
7 22
8 15
10 59
5 56
5 14
7 29
4 11
10 11
3 40
2 16
8 1
7 50
2 15
5 7
8 10
10 25
6 14
9 0
4 54
4 1
8 56
9 56
9 58
8 34
2 12
5 28
7 39
1 13
1 0
4 51
9 19
3 3
9 44
9 59
9 35
8 27
1 26
4 58
10 56
9 5
10 14
2 25
8 14
3 39
7 34
6 8
9 10
3 34
1 20
9 2
8 8
3 24
4 13
9 39
8 53
4 53
4 14
6 29
6 26
6 47
9 27
2 47
1 16
4 8
2 3
10 2
3 43
7 59
7 18
2 54
10 7
1 4
3 0
5 48
8 13
5 43
9 53
6 7
7 52
4 30
7 36
10 6
1 49
5 9
7 23
8 48
3 52
9 7
1 12
8 41
2 40
3 54
10 8
9 29
8 9
1 19
2 56
9 28
10 46
6 45
3 26
6 54
9 4
8 50
7 31
6 22
8 4
3 1
3 53
1 14
6 32
4 39
3 29
9 15
2 52
2 57
3 46
6 42
1 2
1 29
2 17
10 35
4 44
2 6
3 22
5 15
3 45
10 18
9 33
6 44
6 19
9 13
5 34
1 45
6 35
6 30
10 30
6 10
7 40
4 42
5 50
3 21
1 52
6 39
3 4
9 48
6 12
10 51
9 16
3 9
8 52
5 39
6 52
4 48
6 20
6 31
6 36
2 2
10 12
10 32
2 8
10 50
2 24
7 28
2 51
6 33
7 42
9 36
5 46
5 12
4 5
8 7
2 11
10 47
2 14
7 49
6 37
7 46
2 55
3 10
8 30
6 18
10 44
1 57
1 17
2 29
8 46
7 9
8 17
3 17
9 9
4 27
8 38
10 20
8 37
9 25
7 24
6 21
2 38
10 57
5 10
8 11
1 44
4 16
1 32
5 27
3 42
6 49
6 16
1 43
10 49
2 32
2 23
10 28
5 37
10 31
7 17
6 17
5 58
9 31
10 43
10 54
9 40
1 9
2 1
10 23
9 46
4 59
5 24
2 41
1 47
10 4
6 56
7 25
4 35
6 11
3 27
5 17
8 3
3 51
5 47
7 48
10 9
2 0
4 4
6 40
10 58
3 14
4 25
7 35
3 48
1 11
2 39
5 26
6 46
10 55
2 50
4 7
9 21
6 4
8 35
6 6
1 21
1 46
2 48
4 22
9 11
2 7
1 28
10 27
10 52
4 57
4 23
10 24
6 43
4 47
1 31
2 5
2 26
2 59
7 5
7 20
1 39
9 37
3 50
8 31
1 54
3 56
1 15
1 41
8 12
6 25
2 10
5 31
10 26
9 1
5 51
2 9
4 12
4 10
7 26
1 22
2 33
5 55
9 24
7 19
9 26
2 13
8 16
10 41
5 40
2 20
3 38
8 26
5 4
6 3
2 36
8 45
10 15
3 59
8 49
9 12
4 33
6 9
8 55
5 52
7 8
6 50
7 16
3 13
2 34
10 40
3 12
8 51
5 59
4 24
5 16
1 10
7 0
7 45
8 22
4 40
5 38
8 54
6 13
10 33
1 36
8 0
8 58
5 18
8 28
6 27
4 18
8 33
9 38
10 19
9 22
7 37
4 55
7 53
10 37
3 23
4 26
1 6
10 0
1 27
3 31
9 54
5 0
8 57
1 50
3 41
9 57
3 25
4 29
9 14
5 25
6 0
6 28
10 16
5 57
3 32
2 27
9 18
2 46
10 22
5 30
5 20
8 29
6 5
9 6
5 54
8 47
4 37
8 25
3 20
3 11
2 58
2 18
10 39
8 42
9 49
7 44
6 59
1 40
5 2
6 15
4 43
1 59
3 47
8 6
7 32
5 41
10 48
3 58
10 10
7 58
1 51
9 34
7 2
3 49
4 6
8 59
5 32
8 43
2 28
3 35
3 16
8 21
6 23
10 29
5 44
1 56
7 57
6 41
1 48
10 5
4 31
2 37
8 2
9 47
8 39
9 17
5 19
8 40
6 53
7 41
1 30
2 30
4 49
1 53
5 23
4 0
2 43
5 3
10 21
7 12
7 27
6 57
10 42
7 47
1 34
8 18
7 43
1 35
7 33
10 13
10 17
5 22
2 19
5 11
1 1
7 13
4 38
4 28
4 32
10 34
5 36
7 7
7 54
2 45
1 8
1 55
5 29
3 6
2 44
8 5
9 20
5 1
4 45
8 24
1 58
5 13
3 18
8 19
6 55
4 15
4 3
7 4
4 52
9 43
6 24
2 31
2 49
5 6
6 51
9 23
3 7
9 41
1 25
5 45
8 20
4 9
1 33
2 42
8 32
10 38
4 46
3 37
3 30
7 3
9 30
7 10
1 7
8 44
9 8
9 42
3 8
1 18
5 8
6 1
4 56
3 36
1 5
3 15
6 48
5 33
3 44
6 2
6 38
3 55
4 41
4 2
6 58
5 53
3 28
3 2
1 42
7 56
9 51
1 37
3 57
7 14
7 21
7 15
1 24
2 53
5 21
4 19
2 35
10 36
8 23
9 50
3 19
9 55
10 53
10 1
4 50
7 51
4 21
9 45
4 36
1 3
7 11
9 3
9 52
3 33
3 5
8 36
1 38
10 45
5 42
7 1
4 17
7 30
2 4
5 35
1 23
2 22
6 34
4 34
5 49
7 38
7 55
10 3
5 5
2 21
7 6
9 32
4 20
7 22
8 15
10 59
5 56
5 14
7 29
4 11
10 11
3 40
2 16
8 1
7 50
2 15
5 7
8 10
10 25
6 14
9 0
4 54
4 1
8 56
9 56
9 58
8 34
2 12
5 28
7 39
1 13
1 0
4 51
9 19
3 3
9 44
9 59
9 35
8 27
1 26
4 58
10 56
9 5
10 14
2 25
8 14
3 39
7 34
6 8
9 10
3 34
1 20
9 2
8 8
3 24
4 13
9 39
8 53
4 53
4 14
6 29
6 26
6 47
9 27
2 47
1 16
4 8
2 3
10 2
3 43
7 59
7 18
2 54
10 7
1 4
3 0
5 48
8 13
5 43
9 53
6 7
7 52
4 30
7 36
10 6
1 49
5 9
7 23
8 48
3 52
9 7
1 12
8 41
2 40
3 54
10 8
9 29
8 9
1 19
2 56
9 28
10 46
6 45
3 26
6 54
9 4
8 50
7 31
6 22
8 4
3 1
3 53
1 14
6 32
4 39
3 29
9 15
2 52
2 57
3 46
6 42
1 2
1 29
2 17
10 35
4 44
2 6
3 22
5 15
3 45
10 18
9 33
6 44
6 19
9 13
5 34
1 45
6 35
6 30
10 30
6 10
7 40
4 42
5 50
3 21
1 52
6 39
3 4
9 48
6 12
10 51
9 16
3 9
8 52
5 39
6 52
4 48
6 20
6 31
6 36
2 2
10 12
10 32
2 8
10 50
2 24
7 28
2 51
6 33
7 42
9 36
5 46
5 12
4 5
8 7
2 11
10 47
2 14
7 49
6 37
7 46
2 55
3 10
8 30
6 18
10 44
1 57
1 17
2 29
8 46
7 9
8 17
3 17
9 9
4 27
8 38
10 20
8 37
9 25
7 24
6 21
2 38
10 57
5 10
8 11
1 44
4 16
1 32
5 27
3 42
6 49
6 16
1 43
10 49
2 32
2 23
10 28
5 37
10 31
7 17
6 17
5 58
9 31
10 43
10 54
9 40
1 9
2 1
10 23
9 46
4 59
5 24
2 41
1 47
10 4
6 56
7 25
4 35
6 11
3 27
5 17
8 3
3 51
5 47
7 48
10 9
2 0
4 4
6 40
10 58
3 14
4 25
7 35
3 48
1 11
2 39
5 26
6 46
10 55
2 50
4 7
9 21
6 4
8 35
6 6
1 21
1 46
2 48
4 22
9 11
2 7
1 28
10 27
10 52
4 57
4 23
10 24
6 43
4 47
1 31
2 5
2 26
2 59
7 5
7 20
1 39
9 37
3 50
8 31
1 54
3 56
1 15
1 41
8 12
6 25
2 10
5 31
10 26
9 1
5 51
2 9
4 12
4 10
7 26
1 22
2 33
5 55
9 24
7 19
9 26
2 13
8 16
10 41
5 40
2 20
3 38
8 26
5 4
6 3
2 36
8 45
10 15
3 59
8 49
9 12
4 33
6 9
8 55
5 52
7 8
6 50
7 16
3 13
2 34
10 40
3 12
8 51
5 59
4 24
5 16
1 10
7 0
7 45
8 22
4 40
5 38
8 54
6 13
10 33
1 36
8 0
8 58
5 18
8 28
6 27
4 18
8 33
9 38
10 19
9 22
7 37
4 55
7 53
10 37
3 23
4 26
1 6
10 0
1 27
3 31
9 54
5 0
8 57
1 50
3 41
9 57
3 25
4 29
9 14
5 25
6 0
6 28
10 16
5 57
3 32
2 27
9 18
2 46
10 22
5 30
5 20
8 29
6 5
9 6
5 54
8 47
4 37
8 25
3 20
3 11
2 58
2 18
10 39
8 42
9 49
7 44
6 59
1 40
5 2
6 15
4 43
1 59
3 47
8 6
7 32
5 41
10 48
3 58
10 10
7 58
1 51
9 34
7 2
3 49
4 6
8 59
5 32
8 43
2 28
3 35
3 16
8 21
6 23
10 29
5 44
1 56
7 57
6 41
1 48
10 5
4 31
2 37
8 2
9 47
8 39
9 17
5 19
8 40
6 53
7 41
1 30
2 30
4 49
1 53
5 23
4 0
2 43
5 3
10 21
7 12
7 27
6 57
10 42
7 47
1 34
8 18
7 43
1 35
7 33
10 13
10 17
5 22
2 19
5 11
1 1
7 13
4 38
4 28
4 32
10 34
5 36
7 7
7 54
2 45
1 8
1 55
5 29
3 6
2 44
8 5
9 20
5 1
4 45
8 24
1 58
5 13
3 18
8 19
6 55
4 15
4 3
7 4
4 52
9 43
6 24
2 31
2 49
5 6
6 51
9 23
3 7
9 41
1 25
5 45
8 20
4 9
1 33
2 42
8 32
10 38
4 46
3 37
3 30
7 3
9 30
7 10
1 7
8 44
9 8
9 42
3 8
1 18
5 8
6 1
4 56
3 36
1 5
3 15
6 48
5 33
3 44
6 2
6 38
3 55
4 41
4 2
6 58
5 53
3 28
3 2
1 42
7 56
9 51
1 37
3 57
7 14
7 21
7 15
1 24
2 53
5 21
4 19
2 35
10 36
8 23
9 50
3 19
9 55
10 53
10 1
4 50
7 51
4 21
9 45
4 36
1 3
7 11
9 3
9 52
3 33
3 5
8 36
1 38
10 45
5 42
7 1
4 17
7 30
2 4
5 35
1 23
2 22
6 34
4 34
5 49
7 38
7 55
10 3
5 5
2 21
7 6
9 32
4 20
7 22
8 15
10 59
5 56
5 14
7 29
4 11
10 11
3 40
2 16
8 1
7 50
2 15
5 7
8 10
10 25
6 14
9 0
4 54
4 1
8 56
9 56
9 58
8 34
2 12
5 28
7 39
1 13
1 0
4 51
9 19
3 3
9 44
9 59
9 35
8 27
1 26
4 58
10 56
9 5
10 14
2 25
8 14
3 39
7 34
6 8
9 10
3 34
1 20
9 2
8 8
3 24
4 13
9 39
8 53
4 53
4 14
6 29
6 26
6 47
9 27
2 47
1 16
4 8
2 3
10 2
3 43
7 59
7 18
2 54
10 7
1 4
3 0
5 48
8 13
5 43
9 53
6 7
7 52
4 30
7 36
10 6
1 49
5 9
7 23
8 48
3 52
9 7
1 12
8 41
2 40
3 54
10 8
9 29
8 9
1 19
2 56
9 28
10 46
6 45
3 26
6 54
9 4
8 50
7 31
6 22
8 4
3 1
3 53
1 14
6 32
4 39
3 29
9 15
2 52
2 57
3 46
6 42
1 2
1 29
2 17
10 35
4 44
2 6
3 22
5 15
3 45
10 18
9 33
6 44
6 19
9 13
5 34
1 45
6 35
6 30
10 30
6 10
7 40
4 42
5 50
3 21
1 52
6 39
3 4
9 48
6 12
10 51
9 16
3 9
8 52
5 39
6 52
4 48
6 20
6 31
6 36
2 2
10 12
10 32
2 8
10 50
2 24
7 28
2 51
6 33
7 42
9 36
5 46
5 12
4 5
8 7
2 11
10 47
2 14
7 49
6 37
7 46
2 55
3 10
8 30
6 18
10 44
1 57
1 17
2 29
8 46
7 9
8 17
3 17
9 9
4 27
8 38
10 20
8 37
9 25
7 24
6 21
2 38
10 57
5 10
8 11
1 44
4 16
1 32
5 27
3 42
6 49
6 16
1 43
10 49
2 32
2 23
10 28
5 37
10 31
7 17
6 17
5 58
9 31
10 43
10 54
9 40
1 9
2 1
10 23
9 46
4 59
5 24
2 41
1 47
10 4
6 56
7 25
4 35
6 11
3 27
5 17
8 3
3 51
5 47
7 48
10 9
2 0
4 4
6 40
10 58
3 14
4 25
7 35
3 48
1 11
2 39
5 26
6 46
10 55
2 50
4 7
9 21
6 4
8 35
6 6
1 21
1 46
2 48
4 22
9 11
2 7
1 28
10 27
10 52
4 57
4 23
10 24
6 43
4 47
1 31
2 5
2 26
2 59
7 5
7 20
1 39
9 37
3 50
8 31
1 54
3 56
1 15
1 41
8 12
6 25
2 10
5 31
10 26
9 1
5 51
2 9
4 12
4 10
7 26
1 22
2 33
5 55
9 24
7 19
9 26
2 13
8 16
10 41
5 40
2 20
3 38
8 26
5 4
6 3
2 36
8 45
10 15
3 59
8 49
9 12
4 33
6 9
8 55
5 52
7 8
6 50
7 16
3 13
2 34
10 40
3 12
8 51
5 59
4 24
5 16
1 10
7 0
7 45
8 22
4 40
5 38
8 54
6 13
10 33
1 36
8 0
8 58
5 18
8 28
6 27
4 18
8 33
9 38
10 19
9 22
7 37
4 55
7 53
10 37
3 23
4 26
1 6
10 0
1 27
3 31
9 54
5 0
8 57
1 50
3 41
9 57
3 25
4 29
9 14
5 25
6 0
6 28
10 16
5 57
3 32
2 27
9 18
2 46
10 22
5 30
5 20
8 29
6 5
9 6
5 54
8 47
4 37
8 25
3 20
3 11
2 58
2 18
10 39
8 42
9 49
7 44
6 59
1 40
5 2
6 15
4 43
1 59
3 47
8 6
7 32
5 41
10 48
3 58
10 10
7 58
1 51
9 34
7 2
3 49
4 6
8 59
5 32
8 43
2 28
3 35
3 16
8 21
6 23
10 29
5 44
1 56
7 57
6 41
1 48
10 5
4 31
2 37
8 2
9 47
8 39
9 17
5 19
8 40
6 53
7 41
1 30
2 30
4 49
1 53
5 23
4 0
2 43
5 3
10 21
7 12
7 27
6 57
10 42
7 47
1 34
8 18
7 43
1 35
7 33
10 13
10 17
5 22
2 19
5 11
1 1
7 13
4 38
4 28
4 32
10 34
5 36
7 7
7 54
2 45
1 8
1 55
5 29
3 6
2 44
8 5
9 20
5 1
4 45
8 24
1 58
5 13
3 18
8 19
6 55
4 15
4 3
7 4
4 52
9 43
6 24
2 31
2 49
5 6
6 51
9 23
3 7
9 41
1 25
5 45
8 20
4 9
1 33
2 42
8 32
10 38
4 46
3 37
3 30
7 3
9 30
7 10
1 7
8 44
9 8
9 42
3 8
1 18
5 8
6 1
4 56
3 36
1 5
3 15
6 48
5 33
3 44
6 2
6 38
3 55
4 41
4 2
6 58
5 53
3 28
3 2
1 42
7 56
9 51
1 37
3 57
7 14
7 21
7 15
1 24
2 53
5 21
4 19
2 35
10 36
8 23
9 50
3 19
9 55
10 53
10 1
4 50
7 51
4 21
9 45
4 36
1 3
7 11
9 3
9 52
3 33
3 5
8 36
1 38
10 45
5 42
7 1
4 17
7 30
2 4
5 35
1 23
2 22
6 34
4 34
5 49
7 38
7 55
10 3
5 5
2 21
7 6
9 32
4 20
7 22
8 15
10 59
5 56
5 14
7 29
4 11
10 11
3 40
2 16
8 1
7 50
2 15
5 7
8 10
10 25
6 14
9 0
4 54
4 1
8 56
9 56
9 58
8 34
2 12
5 28
7 39
1 13
1 0
4 51
9 19
3 3
9 44
9 59
9 35
8 27
1 26
4 58
10 56
9 5
10 14
2 25
8 14
3 39
7 34
6 8
9 10
3 34
1 20
9 2
8 8
3 24
4 13
9 39
8 53
4 53
4 14
6 29
6 26
6 47
9 27
2 47
1 16
4 8
2 3
10 2
3 43
7 59
7 18
2 54
10 7
1 4
3 0
5 48
8 13
5 43
9 53
6 7
7 52
4 30
7 36
10 6
1 49
5 9
7 23
8 48
3 52
9 7
1 12
8 41
2 40
3 54
10 8
9 29
8 9
1 19
2 56
9 28
10 46
6 45
3 26
6 54
9 4
8 50
7 31
6 22
8 4
3 1
3 53
1 14
6 32
4 39
3 29
9 15
2 52
2 57
3 46
6 42
1 2
1 29
2 17
10 35
4 44
2 6
3 22
5 15
3 45
10 18
9 33
6 44
6 19
9 13
5 34
1 45
6 35
6 30
10 30
6 10
7 40
4 42
5 50
3 21
1 52
6 39
3 4
9 48
6 12
10 51
9 16
3 9
8 52
5 39
6 52
4 48
6 20
6 31
6 36
2 2
10 12
10 32
2 8
10 50
2 24
7 28
2 51
6 33
7 42
9 36
5 46
5 12
4 5
8 7
2 11
10 47
2 14
7 49
6 37
7 46
2 55
3 10
8 30
6 18
10 44
1 57
1 17
2 29
8 46
7 9
8 17
3 17
9 9
4 27
8 38
10 20
8 37
9 25
7 24
6 21
2 38
10 57
5 10
8 11
1 44
4 16
1 32
5 27
3 42
6 49
6 16
1 43
10 49
2 32
2 23
10 28
5 37
10 31
7 17
6 17
5 58
9 31
10 43
10 54
9 40
1 9
2 1
10 23
9 46
4 59
5 24
2 41
1 47
10 4
6 56
7 25
4 35
6 11
3 27
5 17
8 3
3 51
5 47
7 48
10 9
2 0
4 4
6 40
10 58
3 14
4 25
7 35
3 48
1 11
2 39
5 26
6 46
10 55
2 50
4 7
9 21
6 4
8 35
6 6
1 21
1 46
2 48
4 22
9 11
2 7
1 28
10 27
10 52
4 57
4 23
10 24
6 43
4 47
1 31
2 5
2 26
2 59
7 5
7 20
1 39
9 37
3 50
8 31
1 54
3 56
1 15
1 41
8 12
6 25
2 10
5 31
10 26
9 1
5 51
2 9
4 12
4 10
7 26
1 22
2 33
5 55
9 24
7 19
9 26
2 13
