400 100
1011010011110101111111001011101110111111111111011111101111111101110111010111010110101001001100000111
1111111100011110110110010011001110111111010101101101111001111011101010110011111011101011111111101011
1010110111110101011110110101101110001111100110100011011100001111100100111111001111011110100101011011
1111000111110111010110111010101101010111101100111111101110101010111111111011111111100110010000111111
0101011111010010011111011111101101011001011111111110011111111111110101011101100011101001111110011100
0111111010111111100101101110111110111100110011101001001110111110101111110101101100010111010111011011
1111111100001111011000111010011110111011011011101001000111101111001101100100001111110100101111111110
0001111011111011101000111100011111000101110110101110101111100110101111101111111011110111011001111100
1010101111101101111110111011101001011110011111010011111111011011111111011111001010111101100110111011
1110010111100100100111111010000011111111010011011110111101111010110000101111110001100001111010011110
1100111110111101100111101111011111101011110011111101111010100010010111010011111011011001111101111010
0111100111111111111011101111101110101010100100011010101100111111100011010000111000111101111111011101
1111011111101101111110111011110010001001111011111111100111101101110101011011111111110110011111110110
1111001111110111011111011111011101111101111100001111101111111110110110111101110001111111110111101110
1111110111110101011111011111011101111000111100111110111110010100101101111101111111011111111111111110
1110101110111110100001111111010111010101111110101001000010101111100111011111100011110101101111111010
0111111111011111100111111110100111111110110111111100101111011111110111110110111101101110010011001001
1001000100110001010011111111011111110010111011111111111011111111110011001110111111010100111101111100
1101100111111001001110111101001101100011111101010000111111101011111110000011000110111111101101111111
1011000110111101111111011111100101111110111011001101011101111011010101011000110111110110110101111101
1001001110001111111101111111110111011011101111101110111010111111111110110111111100111110111010000011
0110111110010111100111011101011101111100011111110111111010101111111000011111111111010110011100110110
1001111110111111111101001011110101111001110101100110101110111111011010110110011010100010000001110111
1000100101111111011010111101110101101011100111001111111111100100111110111111101111101011101101001100
0010111001111011100101101111110011111111011110110110110100011111001111111011101111111111101010001100
1011011111100111111100111101100011101110100010111011111010101110111111101111001011100111110001111111
1111010110110111110111110110111011110110111001111110111010100111111110110101001000011111101110111111
1011101111100100101011010011111101000001011111111111011111001010010111110111010111011111110100111110
1111110110000001011001101110011111111110010101011010011101101111111101001010101111111110101110001010
0101111111111100101111101011011110111111111011011011001100101111000110111010001010110111110111100101
0111111111111111101101100110111000111011101111011110111111111001110110111111101111111101110001011111
1111101110111101111011111001000001011110111111111111011001010111101101001011110111111000001111111111
1101100111110011011101101001011111101111111000011110010111111101110011110101100110110111101101001100
0111111110001111111001010101111111111100111100111111101011111111101111010101110100001011110000000011
0111111101111101000101001111111011101110101010100111110100111111111111111110111101101010101011110010
0110011101110101110001101001011100111011111110111001010101111101111110011110101101110011000111110111
1101111111111111111110101101101100101010111100000011011111101111111001110011110111010110110011001011
1111111111111111110111110110111000000111101101010111101011000111101111110101101111001101110000111001
1101011001101111000101111011010010010111011110011011100011110111000100011110011110111111101110011110
1110111111111110101000110011010111101110001101111101100011111101110101001111101010111111111101101111
1101111100101111101111011010011100111111110110011101111000001110111111111011001110101110011100010101
0100110101011101011111111111100001111111111101011110101111111111011101011101111001110111111101110111
0111101111001111000100110111101111011011011011011110101110110010110010101111111001011110111110101101
0111111011100010111101110110111111101001110110110101110110111110101101010111111011101111111111100111
1110011110011101011100011111001011000101111110111111111100111111101010011110001010101111110110111000
1011110111111111001111111111111010111000110111001110110101101111011011111111111011111111001011111111
1101111101001110001011001111110001011101111101110110110101111111110111111111110101110101100100110110
0111111110101111010011010001111011111111111101110111111011101111111101110111101111110111101110111110
1111111111111111110111111111111111000011111001101101111111111010111110111101101000111111111111001101
1001111010011111101111100001100110001110110001101110111110111011111111011111101111101010101100111101
1111101011101001001111111011111101101101100111111111011111111101110111111111101000101111001011100111
1111101101011010101011011111111101101111111100101111111011111101010011011101010110111111110111111011
0101111110101011101101111111101111011011110111011011011010111011001111101001110011101011111001111111
1111101011011011101110111100100111011111111101101011101101011101001101100111011110111011001111101111
0100011010001111011110111111111111111111110100110011110111110001101110110111000010000011101111101111
1101110010111011111100111000011111001111000101111101110110001011101110101011101001010011011011001111
1101100001110111110111101111101001101101111011001011111111110110111111011111101011101111110101011101
1111011111111111111111110110100111001111111101111100111011111111101111110111011110111111111111111110
0010011111011111110011100010111110110010110110101100110100010110110110011001111011011110101011101111
1101100110111011111011100100111011111010101011101111111001101111111100110101001001111100111011101001
0110111101110101111010111101111111011111110101010111011111110111110001111100111110010111001111111111
1011011101111001111100111100110010111111011101011100111101110000110011101110101100111011111011101111
0100001111001011111101111111010111010110010011011011111111111011110111111100110101111111101011011101
1011111100111011101100101010110011010101101111101111110000010111100111000111011011111101110111101100
0001111010010110101111001001111111011001010110110010110111100001111111011111111110111110110110011111
1110111111110101001101111011110111111101001011101100011101111111110111111110111011111111011111110111
0111111110110100011001111111001011011111100000011111011101001111100111101111101000010111101110110111
0101101101111101011110110111110111011100111101111011110110111001011011110111011111010111111011111001
1111101011000111101101010011011111110111100111101001111111110101011110100100100111011111001011011110
0100110111101101100111111101111111111111011111110111011111110110100010101110111011100101001101111111
0000111110111111101111111100110110111110101110111111111111111101110111111111001111101111000110010101
1011110110000101010111101111111111011101101111111011111111110110111011111111101111001110011001000111
1111000010110011110100101110011110111101101011101101111111111001001110010010101111010111001111011010
1111010111111111110011111001001100101111101110101011101111011011000111111000111000111011010001111111
1111101101111111101111110011110111111111111011111110110101010011101011101100000111111011011111100100
0001101110111011101001101101001000010111110111111100101011001101011111100111110010111001101100111111
1111110111011011011010110010011101110111000110010111111011101111011110110101010111011001111001110111
0101111101011100110011101001110010111111010110111011111110110111011010011011111111111111111111111100
1101010110101110110111100101110111000111011111110011001111111111111100101111111101101111011011111111
1100111110111110011100111111100110110010111110010101111101111111001111111010011111101111100111100111
0100101111110111101011101100011110101011111111110001011110111111110111101010000001111101100111001110
0110101101001111111111111101110011111110111001011111111111111110001111101101001011101011111000011101
0010001111111101101011111111101011001111111111111001010110101100011111110001101110111011110011110010
1000101111111001101101011111101101010010111011111010111110011111110101101011111111001001111111010111
0110011100110111111110110101011111101111111111101101111101110100111111011100011111011011100011111100
0011111111011111001111111111011111101011011010110111011111111111111111110010010110111110111101101101
1110001111110011110000111011101101110100110111111011100110011111001111100011011110111111010110111110
1001111011111111000101001101101010111101101100111110111001010011111110111111110111111111111110110101
1010010001011101011101111110111110110111111111011111101110010011101101110111101010101100101111111101
0111110110001011111110110110111101001111111001111010111111111101000011011110111011001110010000111110
1111011111101110110111111001110110101111011111110001101011101010010010001010001011101111111110111011
1111111110100101001010111011011011110010110110011010011101111111110111101111110110110101111101110111
1010111111000010010010100010110100111111111010111110001011000111111111010111110011001011111111100101
1111111110111010110111011111110010000110011100111111001010111111001111010111100110011011011111001101
0010101101101110101111110111111110111001111101001011111011110001110101111111111111111011110110111100
0111001110111011001111110111111111111101101100110111101100010110110011111101001011011100011110001010
1111110001010101111110011010101110110101111111100001001111010111111011001111001110111111001111111111
1010000111110010111111011001111111111110111111111111111010011100011111111110101111111100001111011010
0101101111111101001011011110010100110100110111101101111111111001110111100110010110000110111110110001
0110001011101100110111001001011101011111111111111001110000111000110111101111011001111001110101111011
1111001111010011011110111110110101100101100111011100100111101110111111110101111101111111100110111011
0111111001011110110110111111101110101111110111111110111111001111111101011110111100111111111110100110
1101111111111011111011000011111111101001011000110110111111101111100101101110111110111111110101111011
1111011001111011111010101010111111101010100010111111111101101000111011100111111111110100101010101111
1000110110111111111110111001011101111111100111100111011010111110111101001111010111111010010110100011
0110111001101011010001111101010110110111111111011011101111110111110111110101111011111101001011101101
0011110101111101011111011011011000111111110111101110111111101110111010011100010111011010101110111111
1011111111011110011010101010011101011111100111111110111101011001111011011110000111010111011110001101
1011110100111010011011111101101001111101101111111110101111100100111111111101111111111111110111101101
1011111011010111101101011001111101110001111010011111100110011011111111010111101111110111101111100111
1111111010001111111111110010110111111110110111010111111010111011101110111101111011101111111101111110
0110011011111011110110101011001011111011011110010101011111110111111101111000001011011011111111111101
0010111101111011111111111101000110101111101111111101011011001001101001111111101011111111111101010001
0000011111011011101111111110111111100111001110011111010010111111111110111110111111111000100011101000
1111111111111100111101011111100100001111111011101110111001000101110011110110111111111011110111111111
0011110110110110101010111111011111110111000110001010111111111011111101001011001101111011100110110110
0011011010110010111111111111111111111011111001101011101111001011111101110101101011110111111111101111
1011101111110110111111111111111100110111110110101100110111111101111111011111000111111011111111111010
1111100101100010111011011001011101100101101101111000111010101111111110100010101110101011110110111011
0001001101001110110101010011011110110111011011111101010110111000110111111100111110111101001111110101
0000111101110110111101010010101000110110101111001011111100111011111100001111001100001101110101111111
0111111101011011110011011110110101110101011110111011001111111010000110111001111111111110111110100110
0110101101101011111011011111110001110011101110111001110100011110111011111011111110101111111011000101
1011111100000111110101011010011011111100101111111010111011010111101101011110111110001101111101011110
1101101111111111110010111110110101110011110111001111110010111100010110011100110001011111111110101011
1111010111001110000010101111111101111110100111001100111111111111110111011010101011111111110010111010
1001111011011101101110101101110001111110100011110011011111100100111100011111111101111111011011010101
1000101110010011101101010111111011010010000000111111110110011110110111011101101010101100101111110011
1111111101111101011100101101011101010100101101101100111111100111110101011001110111010111110101110111
1111011111000110001111111111010110110001111111001101011111011111110101101000001111010111101111111010
1101111111010101101010101010111110110101111110000011001101101001101111111111111001111101111110001001
0111111111101101100111111100111101011101111111110111011110111010111111010101101001110111011111111100
1111111011101010110110010010111011011111001100101111101000111101111111111111110111010100011111111011
1010011101011101110111101110011010100110111111111110111111111111111001111100011011111111011011101011
1111111101110101100110111110111111101010111011011101101111011111010100011001111100101111101011111111
1100111011011111010011101110101101011111110111111111101101011101110111010111011111010101110110111100
1110110100101011110110111011111001011110100110000101111010111111111111110111101110011001110110101111
1011111110001011111111111100001111110111111011110011100110111111111111111110011101011011101100100111
1101111111111011101010011011000101011111101111101100111111100101111111010111010111100111111001110011
1101111101011111111010111101101101100010001111001111101011111110111111101111100111000011111011110101
1111101111001111111011110110111111110001110111011111111111100011111100100100001011101101111111111101
1101111111101101111111111111111111100101111011010111011101111001110111101111110110100001110111111101
1001111001001111110111010111111111101111010000011101011111011101101011010101111100011110111011011011
1110011111101110010011110111110111110010110111111101001101001111110111100110101110111110101100011111
1101101111010101110101101011011101101110101100100011101111111111011100101010101011001111111100001110
1011011111111111011011111010110110010111110111111110110111111101011111001110000011111101110111011111
1111110001100010111111011111011110011110101111111100011111011110011011110011101101111111010111111011
0110101110110110100000111111011111101111101110110111110111111100011111111011101101101111101001111111
1110111011110110111011101011010111110010101100110111111110011111111011111011011101110110111101011101
0010011111111011011111001110101101110111100001011111001111001011111111111111100011011011110110101111
1111101111001110111110001100110101001000101100101100101001101110111101111101100010101000110101000011
0001101111001111111101111101110101111101111110010111011111111110110001111011001011111111011110100010
0111011110011100111101101111001001000000110111011011111110001110101111101110110101000000110101011010
1101110111001001111111001111111001111111111110111110011010110010111011111111001111111111011101111111
1110000001111110101110110000011011111000110011110111111110111001100101110101111101111100011010000100
1111110010111011111110110111011111011101111111100001110011111111001111100011111110101111101110011111
0111011111001010111110010010110110110000111111111011111110111111111010011110111001011100111101111011
1111111110111111110011111000111111011111100111011111101110111110111000101111111110110011111001110100
1101011111001001111100010000101110010111111101101101110101011100111110011111111100111010111001010101
1101101110100011110101111111011111011111110111001100111010110110100101101110111101001110001111101111
1111101111001110101111111111111011101111110011110110001111011110101001111111110101111101110111011011
1111011110111111110111001010101001110111111111111101011110111101011101111111000010011111111011111010
1001111111101111110111011101101101111101111110010011010110010110010011110011010110110110111111110111
1101100110110011011001011111111110111010100010111011101101110111111101110110110011011100110110111111
0111101111100011001011110011001001111101010110111011111000000011010000001011110011101001110111111011
1110110111101110101101010111010011101101111111101110100111111110001110010111111011111111101101011010
0000000011111111000011001100000000101111110001111111111011110111101111001101110110011100111110000100
0000111101101111011101101111111001111111110111011101111011111011111001110100100111111011111101011111
0011101111110101111111101111110011001011011111011101000101111101111110100011111010111111101111010101
0001111011101111110010111000011111011111111011100011001111111111011111101111101001110111101111111110
1101111111011011101010011100110001011100001110000111010101111111101111011011110101111110111001101100
1101111110101111110101011111111011100010010011010111110110111111111111111110111111001100111111011101
0111111111011011110110011100111111010101110011101110101011111010111000100000100101111111001011111110
1111111111110011011110111110110111011111011101111111001101111111000001011111110010110101010111101011
1100010111010111110110111111111010100111110110111111110010100101111011011000011011100110111100111101
0101011111110110101111111001001100111101001001110111110110000111011111101101001111110001001111101100
1111111010111010111011111011110111110011011110111101100111000111111110011101101011101011001111001010
1111101101101011110111011011111100110111110111011011101010111011110100111111010111110110111110010011
1111100111101010011111111110111111110011111111011111111001110110100110100111000101110011111011001111
1101111111001111110111101110110000101111100101111111100111101101111110111111111101111011110110101000
0010011110110101111110101010011111010110011100101111001111110101101100111111111111111101111111111011
1111111011011101001101010100101011101101100111111111111111011111111011011111110111111011101101101111
1100101010110101011110110111101111111111101111001111111111111100010111101111101111111111001011010010
1111111100111001101110111011111111010111111111111111110001111011000110111111011111101110111101101110
0101111111111010111101110111110101110110100101101100111100111111110100110111101000111110000111110111
1011111111011101101011000010000101111110111100111010010011010011011110101101111101111111100111011101
0001100111110011010111001111001011111111101111011111110101101010111101100000101111000010111101110111
1110001011111111011011001101111111001010110001111100011101110111011100101101111111110110110101111011
0000011011001111110001101111110110011111011101111010101101111101001110111111110111110111101011101011
1000001110011000010010111101111010101110000101100111101111111111101011111001011110001101001101100111
0101000111100111111111110111011111101011110011011101110100000011100101111111111111101101101110100111
1101111111011101110110111111011001101110110101111111111001110110111011011110011100101110011111101101
1101001110010110110110110110111101110110111111101101010001101110100011001011011110011111011110101111
1111110101110000101111111111111110111010011101101111111111101111010010101010000011111111100101001110
0111101101011100111111101111110011111110101010011101110111110110101111111111111001010101110100101111
1101010011110110111111110111111011010110101111011111101110001100011000110111111101111101111011111111
1101101110011010111111000011001000101010111011101001111111011111111111011011001111011111101101110000
0001101101011011001101010111110101111010011010010011111111011111110001110111101010111111110111011111
1100001111111111001110111011101111101100111101011111011110100111111101110011100111111011010001101110
1011100111110100110111110010101101111101001111111011100101110001111111111101001111001110101101111111
1011110011101111111111111110101100011111111111110111001111111010000101110111101111110101110111010001
1110001011111111011110010110011111111110101110111011110111011100110010110110111011111111111100011110
1010001101111101111111011111111110111111111101110101110101111111101110001011101111111110010100110110
0111011011111111011110101111111111101101011011101111011011111001111101011011111111101011111110111011
0111111111101111001110111100011111101111011101111011110110101111011111011101111111111111111100011101
1110011100011111111111111111111011011101011101111001011011101111110110011110111111001100111111110111
1111101111011111110010001101101101101011111011101001110110101001010110111011011111111011000011111111
0101101100111111111010110101110111101011101100101101110111111111001101111011001000111110010111101111
0110001011101111101110111111101100101101100001010111011101011001111110111111111011110011011111110101
0101111100111111010010010101111111001101111100101110000111011011001111101001000110111111111010111111
1111111110101001110101110010011111110001101110111111110110011101100110101001000011011111001111011111
1111111110011111101111111110010011111100111010110111110011011111101101101101111001111101001110011111
1111100111111111101111000000001111100111011100111111111101011111101101101011111010111111111100110110
0110101110100101111110111101001111110111111011111101010011110101111110111100011101110111111111111011
0101101100111101111111101110111111110001010010011011111111110110111011100111111000111001111111110111
0111110110111001100111011111010101110110011100011111111110001011111110011001111010011010010100111011
0111111111110111110011111111101111110100010111111011011100011001101110111111101001111110100111110011
1011111011111010011111100111100111111100110111111111111010111111101100010110111111010100011100011011
1000111111111111011100101111101111101011111111110101110110011010011011110111111111111111111010110111
0101110111110101101111110111111011101110111101111010111011111111010100110111101111110000111000111100
0111110011101001111101010111110111100000001000010101011111011100111111011111110011111101101111011001
1101001111111111100110011100111101110011111001110110111100111000111110111111110001100011010010101101
1011101111111100010110011001100011100111111101111011001111111100111101011101010100110101101010101110
1111011101111111111101101110101010111011100010111100111111101111111010111111011001100111011011010101
0111111011110001111111111111000010101010111011100000111111101111110110101111111110110111111111111100
1111011110001011111011110100011111101110110110100011111111010100111010011101010011100110110111101110
1011010101111101011011001110100111111111111111111110010111111111111101110111110110111111111110010100
1010010011101101110101111101101011111100110111011101101000111011110110101111100111111111111111111111
0111010011010111111011111111100010111101111011010111000111101110110111111010101111100110111111111001
1010111101111111010001101101001111111110111001111111111111111101111111111111010100111110111111001011
1001111001111111111100101110110111001111111110111111000101011100011001101110111101110111111110111001
0110100111111111011101001010010011110101111111111011110000101110111011000011101110110101001001010011
1110110111010001011011111111011100011111111100110101101011011000111111101110000011011101111111111111
0011011001111110011010111010011111111101111011111111001100011111110101110111101111111111111001110111
1011000001111101101111101110111111111011110101111110111001001101111011111101011111011111111110100001
0001100101011101111011000111110111010111111111111111110111111010001011011101101110001110111011111011
1110111010001011101111001101110101111111110010010110011000011111111101111101111001111010011111101001
1011111111011110110111111111111101111111111111011011110100000101111110111100110110000001000110111011
1000110011010111010110111110101011011101101001001111101011111011111110111100111111111001011111011101
1011110101111011111111111100101101011111001111011011111101111111111010011111111000001011001100111111
1010010111100111100111101110101111001011110110011101011111110111110011011101101111111001001100110101
0111110011111111011110111101011111011100111111111101101111111000111101101011110101100110101111100001
1111011111111011011110011101111101111101010011111100111010101011111111011100101111110101111111110001
1110011001111111010011010011111111111101101111111101111001110111110111110111101011000100001010101111
1111100111111101110011101111111101110111110110101110111011011110111110101101111110011111111101010111
1110111110110111010110101011111101101110111111010101001011101110111111111010110111010101110001111001
0111111101101111011111001101111011100111110101111111101111011111111100111110111110111110110111110111
1111111111000110001010101101111011001111111110111111111011011011001110111101011111111111111111000011
1011110111010100101111100110111111100101011110110111111010110111010111111111100101011111111100001010
1110111111010101011111101110111001110010011011010111001110111111100111001110001110111111110011100110
1111111111111111101011100111111010101001111111111110110110110101110110100001101001110111000101111111
1111111011010001010110111111111011001010111101110011111111101100101110100111111010101011111100111110
1011111111011101110000010110101010111110111001111101111101111011001111111111001111011100111110110111
1101010110001111111101111100111111011001111100011010101111011111100111101111110101111101110010100001
0001001111110110111000111100010101011010101110110111111110010110100010011000110011001101100111100011
1111011110111011101011101011010111110100001111111010010101001111001111100101111011111111111110111000
0001011110100101111111101101111111011100101111100010101100110101111001011110110100110111111111111111
1111110010101001010011000101111111010111111111101101110110101100100111101101101110001110011111111110
1111010011111111010111010011111010011111010110011111011011111000001001111001101110110011110110110111
1111011101111010011101101111111111011011011011101101111011111010111111011011001100011001110110001111
1111010110111100110111111010110110111111001011111110001011111101101011110000111111111111100101110111
1101101111111111100111110111110101111111111111101111011111100111110110110101100111111111011100111111
1110111111000010101111111111011101111011111111010001111111111010110111111111100111111111111111110100
1010111111011010110011110101011111110001111111010100111010001111111111111100111110011101111101101001
1100110011011010111011010111011110110111111101110101100111110111110101110011010111011111001010110101
1101110100100011001111100111101110111100011011111110010010011101001101111101010110011101010111111101
0001100111111110111110101011101101111011111110011000101111111111011101011110110111111100101101110011
0010010111110011111110111111111111010111011111111110001110011011111101111001011111011101010110011101
1101001110001110111111010010110111111101111101000111011010010111111001111111111110000111111011101111
1001111101111110111111010110011111100111001000111111100100011010001011111000001101111001001110010111
1100011111111001101110111011110110110100111001110111011101011000111101001000011110111000011101110011
1111011101111010111111110000101111011011011110101111001010010110110111110010000111111111101011011100
1011011111111111100011101001011111110100100111011101101110111011001001110011010011111111111111110101
1000011111101110100001101110110110111100101111111101111110110111001011111101111101111110001111001111
1110101010101110011111011010101111011110101101111111001101011110100100101111100111010111001110111010
1101011111010110110010011110100101111111111111111110001101110111111111001101010111011100111011111101
1011111101111100011011111010000011010011111111110000110111100011101111011011101101110111001111111110
1111111100110111111011111110111100110110011111000110111110001011010111111111011111100101111011110011
1011001111111111001111011101111110110011101011111101010111101111111111111111101111100011111111110101
1101000101011011111010000101101011111110111111101101111111101111100110111111111100110101111111011011
0110001010111011101101101110100110110011001110001110011010011011011111111100111101010111010111000010
0111111111111111101111001101100111111110101101001001011111100101111111100110110111010010110010010010
1110111111001101101101110011111000100111010110111011100011111111101101111101010111010101111011111011
1101101110111110101111111111010111101011111101011101011110101111111010110101011110111000101101111101
0110100011111101111011101101111011010001101111011010101011110110001000110111111111101101111100111010
0011001010011101110111111111111110111111111100010000011001111011111111110100011111111101111111011111
1101110101101110011111000010001111111111100111101111010011111011101111111101011101101101111101000111
1111011100010110110011111111111111011101101110011110110110101100100111111110110001111001000110010000
0111111111111001111001011001111011010100110110101010010110111101111100111001011010011001111011111110
0111111100111110111101101111011111111110101111100111010011010011111111111111101110100111110111111111
1101101011101111000011110111110010111011110111110001110111111011111111111111111010111110110010111110
1111110011110110110011111111111111011110011101011101110110011111110011111011010110010101101111110000
1111101001101111010001110011100011001101101100011100011111111101011111011011011101110111111011111111
0111101011100111011010101110110111111111011011110111111101111011011100011001111000111111011100111100
0110111111111000011111111011100011111111101101011010011011001100100101011010011111111111111011100110
1101111011111111001010010111011011111101011111111111111110110111101010111111101011111001110111100100
1110111111001001001110010011000110110010111000011111111010100010011111111110101110001110100110100111
1001011110001110101011111101111100111110111000101110001110101011000111110011010110101111101111100111
1101101111111110110110110101110111111111011111101111100110101101111110011110111011111101111101111111
0110101000111011110111111111111011110011110111111010011011001001111111011111010111101111000111010101
1111011010111111011110101111110110110011111111111101111001100111100100100010100110000010111110111101
1111010111111001101110110101101111111111011001011111001111111111111111101011101111110101111111111111
0011011111010101110101111111101111101100111100100111101111100100111100101111111111111011101011100101
1111111110111110101000111010011101111111111111111111101100111000101111111101111111110001111101101111
1111101111111000111111111001111111110101111110111101011101110001001111011001110100000111011101011101
1111111100111010111111111011111111100011111011000010111111111001010110101100101110011101101011110111
1111101001001100100111111111111100111000110111001011011101010110111101110011100011110110111101110111
0111110110111111110011011111101011101011110010111101110011111111011011111111110111011111100111010111
0011110011011111011110110110011110101110100011100101110110110001000111001111011111111111111111011111
0110011110111000001101101010011110110011101011001111110011100111111110011001111111010000110101010111
1010110010011111111111110011101110011111111011011011010110111001111111101111001010111001001111011110
0000011110100111101111111111001100110111111011111110111011110011110101110111001111111110101010111101
1111110110101011110110111110011111011101100101100111101100111101110000111101111111100110111101111111
1111111011001111101111111111011011111101110100100100110111101101011111111111001110001110110011000101
0110110010010111101110111110101110110010001001101111111011010111010011011111100111010101010011100011
1100111111111110111111110111111111110101110011111110111100110111110110110111001111011110011111110111
1000010111011101110101010111001101111101101011111110000111111111000111111011111110101111000011001110
1111111011110110101000101101111011111011111111101111101011111010100111111111111100100101010101111111
1111111111111101010111001011111100000011010111111111001101101011111001111001100110111111110111011000
0110111101111111111010111111111111111111111111110110111010101111111110111111111111001011101001000101
1100111010110011010111110111111111111111110011011000010111100101110110111111101110011110111001011111
1101111100111101001111111110110111011111010111000100111000101110001001111110100101111111111111010111
0110111110111100110111011111000111011100111110111111011101011001110100111011101011011111101011011111
1101100110010111110111100110010111011010110101111111001010100101101011110111010111011110011111000010
1111101110110111100111011100111100101001101001101110101111101011101110111111110111111101010110101010
0111011101111100110111010111111101011010110101010100101101111111011101001111101111111111111111011111
0111111000010100101011111111111111100011110111101010111111000111101100101111111000111111111111110110
1110011101011100111001110001111110101101111111110111101100111101101111001101111111111101111101111011
1111111111111000100111111101111100111010110111110101001111100011101011110100011101111001101111011011
1001111011010101111111111011101110010110011111110110100011100111010001110010101010110111001100011110
1110101101011011101011001111111111111110101111111110010110010111110111111111011101111111110101110011
1111110111101111111111111101011011101111101101111111111111110011101111111111111111011010111111101111
1101110100111111100110101111011001001011111011111111111111011110101001110001111000011001100001101111
1011001001111101010001110011111010011111111111111111011111110011001111011100110111110111101110110111
1111111110100110111010111011110011101111110111101111111110100101110111100001101111111101111101110111
1011101110111110110010111011101101111111111110111111100111011011111111111101011111011111111111111111
0111011100111011010111110110101111001110110010011110111011111010111011101101111101101111101111011011
0100111001110110101111101111000110111111100110111111100011111101111111111111101111001111111100111000
1111110001110110011111101111011111111101111111001111100111001101011110011100010111111001111011011111
1110110100111101100011110111111100011110010110111000111111110110111011111110010100111001110010101110
0011011101111101111101110110110111111101111101111110111011001011111010010010001010001101111001101111
1011101111111010111101001001110111010111110011111101110010110010111101111111101110101001111111111001
1111011011110100111010001101100110101011111111010101011110110111100110111001110111101111111011111110
1010000011110011101111101110010110000111101111001010111101011111011011011001100111110111110011101101
1110111011101111010001111111010111101011111101110011111010110111111011111111001111111001101111011100
1111111111111111111111110111111101110101111011010011111001000110011111010110111101100110100001111110
1111111110001111111110111010111100111111101111111010111110111110000111011001110110010111111001110011
1011111011111011011111111111111111101000111111011110001111111111110101110010100111101110011100111101
0001111111111111111110100111101111011111111011111101111101101001110111101011110010110011111111100100
1001011101111000111111001111011111111111101111001100101011011011011100100111110100010010011001111111
0011001010001101111001010010011111101000111111111100101111110000101101100101100110111110111101110111
1011100111011011111000101110011101010111111001111101011100011111110100001110111011101100110111100000
0011111010011111110111111101111000011011111011001011111011011001111011110101111110011110110111110111
1011111111100100110111011111101101100101101010101011111111011101111101101111111100111111111110111111
1011011010110000101100111111111110101011111111111111000011010110111101111111111110111111011110111111
1101101111110111011011001111011011100011010111101111111110101111111110111011111101111111000010101111
1110011011011111100101101111101011001011111111110011110001101111111001111111111001100111101111111111
0111011100011111010111111111101011111110011011101111101101001011110001110111101111111110111111000101
0101101100011111111110100000011011101111111101011010000010111111111111010111011110110111011111111001
1011101000101010011011110101011010110110100111111011101111111111111110111011010110011101001100100111
1111101010111101010011011111011011111110101101111110111100110111101101111110111111001011010010111011
0011011111010010110100111111111111000001001111111111011101011111011100110110111111011101111111110100
0111100111011000011101111010011011110011011111111111110100101001010011100101110110010111101011111110
1001010101000011010111111101101011111111010111111101001111111111110111010110101011101101011100111111
1111101011111010111111101110110111111111101111011011111010001010111011101011111111010111011010111101
0111001110111110110101100100010111100000111111111001111111110101101101100011111011011111011111011100
1110101011101101100011111010101111010101111111101111111001111101111111011011110011111000010111110110
1111111010111101101011111011001111111101111101101101111111010011111110111110110111100100101001110111
1011101100101011101101111011110011111110110110011111111011011111100010001110110111100110110110111110
1110110011011111111111111111001101001111111110011101101110110101011110101101101110110111111110011100
0010111111100111111011011011111111011111111111010011011000111110111111111011111110100110111111111101
1111110101111010110100000111111010111110001110011011111110111011110101111110101111010000110011101011
1101111011100111111011000110011100101111101110011111100111010010101101101110101101101110111011101111
0111100111111111101011110110110001111000111101001111111110100101111110111110110100111110111110111111
1111101100001001111011010111110110100111111111111111101100111011111111011110001011011111110101101011
1111111111101001111111001011011011111011101111101011110011111011101010111111101111110111100110111011
0111110100111011011100111011001111101111110111110011011110000111101110011001111001011101110001110111
1101101111110111111111111101011110101111110111110110111101010000111011111101011011111111011100101011
1110010011110011101110011110101110110111111111011101001010001110101111111100011111010100010111110100
0111100100011001001000110111011111110101100111111111001101101101101110111111111111110111101111011011
1111011111111101011000001001111111111000110011101001110011111111111011111011111100000000110101111011
0011111111010110111011111111001011111101111110011111000111011001111111001111111011100101110011111101
1010110000111001110001111011100010111001111110101001110011101000110001100011111110011101101001110001
1111110111011011111110111100100111111111010111101111100111111111010101101111010101111111111011111100
0101111011111001110101001111111110111111101010111011011111111101010111001100110111101110111011111111
0111000100111011100010111100111101110100111111111101101011011011010001111111000111111011010011011111
1101011110111011011111110101110101110110111101111101111101011101111111101000111101101100100110110001
1101111101011101111011111000111111011101001111110110111011110101010111110011101101010010010100111111
1111111111010111111110001011001010011111101111111111011010101110111011101110110111010110100011101100
1000011010111111010111111110111110010110100111100101110101011111111110010011010101100101110111110111
1111001101111110110101010101011011011111110111101001110111111000111011111100011001111111011011110111
0110011110001011100010111101111001111011010001111111000111100111000111111110101000111111110111100111
1111101110011111101101000111100001111101110110111111110111110110101110001111111011001111110111100111
0111011101011110011111110111110110110111110111111111111011110111011101011111100011110111011111101001
1110001111111111111101010111100111101110000001101111010110011011110101001100110111111110001010111101
0011111111110100111111100000010100110101110100110101001111110111001111111110000101111001010011011011
1111111110101111011101001000011101111101111111100011011001101110101011111101001100010111111110111111
0111111001111101100000010100111111111011100111110111111010101011101111010111000110011010111100111011
1101110110110111101011011011011111101111000111101111111010111110100111100001111111101001111100100111
1111111011111011010000111110011111101101111101111101111011001111110010111111110010101001101011111010
