400 100
0001000000000000011000000001000010101000111000000100010101001000010100010000010000000000011001001000
0000001110011100000101000000010011010001010100011000000011101011001010001001010010000100000010000011
0011000101100000001100000111001001000000010110000000011010011000000000100000000100100010000000010010
0001110011010001100000011001110100000110011000010101001001000000000010010000110000000001000000000000
1100001000000010000000000100000111010000101010010110110101000110010011000111000110111010110001000001
0000010100000001010010001000110011001111000000010000000100110001000101000100000001100000000000000000
1101101101010001110001001011000000000100100000000101010000000111100000001001101101010000010001000000
0000000010010100010000010000000000110010010101000000001000000010101110110000000000101101001010100000
1010110000001010001000000100100010000010011001000011110000000000001101001011010100101011000000100100
0100000010010111000110111000000010010000010101011001000110001000111010010000001101011001100100001001
1100010100000100001000000011001001011000100011000000000000000000101011011001110000000000000000001000
0100001010101000100100000100000100001010000001010001000000011000010000001110010000000100000000100011
0000110011010100000010000001001100010000000010010001101000001000000001001010001000010010100011000000
0100100100110101001100001001010000110010000110010000000000101000000000001110100100100110001111000000
0101100000001101100011101010000001001000000000000001010010001011000000001110000110001000110100100100
1100000000001000001000001000100000001000100000000000000010100000000000011000001101101000101101010110
0000000100101001100010000001000000100101000000000011001110001000000011010001000000011100011101011000
0010100001011011000001100100011010110101000101000001110111000000110000110001101010000000001100000111
0101010001100000000001011001000000000000000000011110110001101000000001100001100001101100000000000110
1000000010011010000000000001001001100100100001010000011000100100111010000001000000011010010101000001
0111001001011110010111110000110000010010111100001100101000010011000001000000010101100000000100000010
0111000110000000101101011100000000100110000001001010111000010000011010000100011011001110001001011010
0000010000000001100000110011000101000010010000000110100100001000101110000001001000000010000011001100
0010010110100001000000010000001000100000110010100011001111000000010010000001100000011000011001010001
0010011101000111000100001010010001000100100000101110010100000001010001001010000101000000101110100001
0010100110001001101011000100010001000000001000000100010000011011011110101001000100010010100010100001
0010000000110010001000100010010001100010000100100110000000000000000100011110000010001011000100000101
1000110011101100000001101000011001010000010100110000111010001011000000000101000010100011001000001010
1000000000011001000001001011000000101110011000000001011000100000001100000001100001000010110000000010
0010100010000000100001001000000001000010010100001000000001100000000011101000000001100000100111100110
0100100010010101100100010110101111001010001000000100011000010101001000010001000011111011001000111101
0010000000001110100010001000000010010000000000110100000111001000011000000101100010001110000101001001
0000001001010101011010010001001010001001001101000101100000111110000000100000010111000001100101000000
0000000000100100000101100000000001100111011000010111000011001110000000000001000001000000111000000000
0000111000000010101110100100000000100000010000000001000011101000011000001011100100000100101110011100
0110010100010100010010000000111101010000011000000000101000000000010010000000100000010100011000100011
0101000000000000000100001010000000001000000110001010000000000110010011000000001000101001110010100000
0000101100001010100100100000000100000011001011000000110000001101000010010010000010101000000010100000
0001100001001001000001001100000100111100001110111000010011000100100000100010011001010100101100100000
0100000010110000011001010000000001001010010100100010001110011001010000000010000001000100110110101100
1011010000010101000001011010100010100000111000111000010110000000110001000101001011100100001101000000
0010011010000100001101111100001000000000111100000001001000000011001011011011001110010010100101010010
0001000100001000111100001100010101100110010000000101000000001000010100001100100000100100110000100100
0000110000000000000001010001010100011010010010000000100000001111001010010010000001100010000100100001
0000000110000101000000100110001100010001000010001010001001000000000011000000000101100101000011000101
0010100011000000011010100100000000000100000001001001010101010011000000101010010010101000000000000000
0100101011010101001110010010000110100100010000010010100000001000011001000001000000011001000110010110
0000011011010100001010001110001011000110010100000100000110011010100100000001011101000100011001010100
0000000000001000000110010010000100100011001011000010000110010000000110010000000110110000010000011000
0001110100000101101000001011100000100000110000001010010001000100001000100001000000000011001001000001
0101010000000000000000000000100111101000000001100000001001000101000000000010010000000110111001000000
0000001101010100110010100001000011001000000100000000100100000101010100100010110001110100100001011010
0001001000000001010000010011001010101000011100000010101000000110000000011100000100101100100111001000
1110010101100100110010000110000010010000000010000100000000111110101110100100010001000000001000000010
1100011000001100001000010010000100010000001100010100000100000100001000010011000100001001001011001000
0001100000000101010000101010001010100000000000100001011000000010100110010000101000011110000111100000
1000010111100100010011000010010010101100010001010001010000100000011100010100100010100001001100100100
0000000000001100000100011100000101000001100000101111000110010001100010010100000011010001000100100010
0100010100001011011110010001110100000000001000000011100010000100001001001010001010000100011010000101
1111111010000000000101010001001100101110001110110010110010101100000000000010000000000000100001001100
0000001010100100001101000100010110010110000100100001011000000000000001000000000010101110001110100000
0000011011011010011001000010100000100001100000000011000101111000110000100001010001001010000111000000
0011001000000010001010110000010100100000000000000000010111010000010000010011000000010000000000110011
0000001000010001010010101000010001000000110000100001000001100001011000001100001000100000010100000001
1001001110000011000110010000101111010000001110101100001000000100111110001100000010100001101000100000
0010000000100000000000111010100000000110001010000001000000000000000101110000110110010010110011001101
1001010000010000010000001100000000000000000100010000010001100000010011100001010101110011000011001001
0011000000001100000000000011000000100001000000000010010101000000000101101000000000011100100011010001
0100000000000001010001000010011010101000010101001011000000010001100000001101010000000110101000100010
1001001010101000110010011101000001000001011000010000011111001110110011000010100100001010000000011110
0010001000000000110011101101010001000110011101110110100100001000100001111101101110001100100000100001
1100100010101011010101100000000010001010100011000001000000111000111101000000000010000010001000101000
1000000100001000000000101010000000000001010100101111000000110100000100010000000000000000011101000101
0000111101000011000001010101101000110000100000011100010001011001001001010000000000000000010101000101
0001000000101011000000000000011011001011000000100110001000110000000100010010101001101100000101110000
0100100100000101100010000000010011110100011000101101010101011000010000100000100000000001000000000010
1100000000110010010010000010100001101000001100010010010101000101111010101111010110000110100010010100
0100110000011000000010000111000000100001001100000100110001110111010000001000000110010001001101110110
1011001100110001110011110101110010000000001110100001000010010011010011000000001001100001000000001000
0010100001100100000010001010011000100101101100000011010000000000010010100000000000010101000000000010
0101000000010000010000000001000000100100001000000010001000001011100000101001001110000000000010000000
0100010000011101111010000001101010000010101000000011000111000000000000000000110100100010100000000001
0010000000100000000010010111000000010001000100000010010111000000010000011010001001000100001010010100
0000110101001000001000001000010011000000010100000000000110111000000001001111000000010001001100101000
0100010100010000010001011110100000000111111100010101000100000000100110101000010100111001100001100000
0000000001100111010000000000010001000000001001010000011110000011110100000110000011111001000101101000
1000000111001100111011000001001101010000101011000011101101000100101001000010100100110001100000000100
0011001010000010100100100000111111111001010001010001110100000100010010000000011100100001000000001110
0000100101000010100000000111000010011000011100100000000110110101011000001100101100001110011000000001
0000100000000000010011010000100000100000100010100110000001000100000000001000110000101001001001010001
1001000100010010010000000011000100000000001010000010010110010111101000110001100000010010100000110010
0000000000001010101001000001010000000000111000000010001000000110001011011110010000000001011000010110
1010110100101001010111000001011010000111001100000010000100010000101000011000100010000001100000001001
0100111100011101100100110001100000000010010001000011000000010000100000111101000000010001010000000100
1000100100101001100100100100010001000101000110110001000100000100000011000000001010000110100001001010
1000101000000010010100100101010100010001010000001000000100001010010010100000001111111010000101000011
0100001001001100000000010010001010010000001100001001000100100110100000000011000100100100000100100000
0100000010010101010101000100100000100000000100000010011100100010100100000000001100000000000000100001
1100100011000000010010000100100000010101010011101101101000001100000110010000000001001100100001000011
0000100011000000110010001110000000010000100000001010001001110110000000000100000100010101101100001000
0001000100100100001100000001111110010010010010000000000001001001100101001001010101100000010000101011
1110100100010000001000000000110000011011100000000011000001011001010100000100000000100011001100010100
1110010000110100010001110100001000001100000010001010111110010100111111110001011010000111010100000000
0001000000101011000001110000000000110010011010101111110010100000001100000010010000010000100010101110
0010000010000001001001100100010010000101100001000110000000110001100000000010001000000001000100000010
1011001001000010000000000000000010011111000000001000010001001000000011011001111011000000000011010000
0011100010001011110010011000001000000000010011010010001001011100010000000100010011000100010100010000
0100001101000000010110000001001000110001001100010100000010000010011001111000011000110110000110000111
0000100010010000000010011010110010011000011000101110010010111010001110000111000100000100010100001100
0000011001000000000110000000000100010100000000000100000000000000010010010011000010000001000000000001
0100100110000010100000010101001001000110000100000010101011000000001000010000011101110010000000101100
0010000100000000010000000110010000110100111001110010100000111101001011000100000010000010011100000011
0000100000100000100001101000000110101010011100001101010100000000100000001011010010001000110011011000
0000101010110110100111000001001001010011101001000010001010000010010000000000111000010100001100011010
1000010000000000000000001000000110001001010100001011001000000001001000000001110001010001110001000000
1000110111111100001100000100010001000110001000000000110000011001001001000000000010101101011110100101
1000101100110010001010100001000001100010100110001000010000100100011100111010010001100000010110100000
0001100101000000110010010010000011100100000101000000101000101000100010111110000000010101000000011010
0010000101011010101100000010000000110001000101011110001000011000100100010010110011101010000101000000
0000010000001010000001100000000001000000001010000000101110111001000001100011000010101000100010100101
0000110000100011001000000010000001010101110000101000111100010110000001100100010010000010101000010100
1000000000001010000001001100000100000010101000000010110100000101000101010010000011000011001010101000
0100001010111010001111100111011100001100100011001101000001000100100010000000010101000010110100001000
0000000010001101000001100000011101000000100101111100001110010010000001100000000000110010000000010000
0001010010101001001011000100010000100001100000010010001000011101000001000000110001010110000111110011
0101100100010110000110000010000000000100111010000100110011000000000000001100001101000000111010011011
1001000000100001000010000000100000000010111011000011000000000000010100000011000001000010000010011010
0100010000000000100011110000000100100001000011000100001000010010000010000010010000101001000011001000
0000100100010100110111001011000011011001010100010001000000100010110100000000000001000000100000000000
0010000101011000010000111110110000000101111000000011101011100100001000111010011101101000000000110000
0100010000001000000100101000000000110111100010001101011011001100110001001001010110000000011111000000
0000000101000000010010000101000100000000011000000000000000000001000011000000000100010000010100001011
1010000001001100010001001001000001000000000001100001101101100001011000011001000011000000001011010000
0110001011000000000000101000100010000100001100000000000010001101010100100000110100100000011000000000
0110001110000010000000001010001100000010100001010000000100110000000011100010101001001001000101111000
0100111010100000101000000110001000010010100111000000011000010010010001001010001110101000100110100100
1000010001100000010111001000010010000011000010010000110001100011000110000000000010001101000010111011
1001001110001100110011000100010000101000010101010011000000001000011000010000110001010001000101111101
1001100111010100010100100001010101011000000010000010010000101000111100100110000011001001110000000000
0100000000000110000000000000110000100011001010000100011000100010000100001000001001000000011011001000
0001000000000000000100100000000100000000100110010001010101010001000010001010010001000000000000101000
0000000000000000011010101101111001101110101000100010010100111010100100010001101000100000011011000000
0000100011001000100010011001010111100101010001001010100000000001000010000011010100001000000100100110
0100000000010010100100110101001000100000100000001100010000001000000100000000000101000110010000000011
1001001010000000000100010000000000000100000010011000000000010011000110010110110001100100001010001001
0001000001000000000111101000100000001000000101101101100110001101100010011000100100011000100000011100
1010100111101000110011000000010011011111000110100010100001100000010010000011111000000101000011110111
0000100001000010001000001001010001000110001000101110000001000000010110000100100110010010000011000000
1001110010010000000101001011001100100000000000001100001001011100010010101110000101100000001000000000
1100001011000110000000001011010001000101011000000100010000100010111001000110001010010000000000010100
1100010100000100000000000001100000101011100100000010010011001011010010101000001100100100000000000011
0101011000000110001100000000000000000000000000101001011011000001001001001101000110100001001001010100
0001000010000010011011010010010000000000010100001100100100101000011000100001010000100000000111000010
0100001000001010100111011000110111010101000000100000001000001001000010000010000111110001000001000000
0000010000000101110001010101000001011010000000011000101001000000000000001000010100001000100001000000
1001011011001000100001110010101111100000000000011000100000000101000100010000100110001000000010100000
0001100001100000010000010101010001101000000001100110000010000101111100000100000110010000100001010100
0000010110000011000100000010000000001000000010000001111001010010010000000000100000100110100000010100
0011010000001111001000000010111000001011000011000001001110101100010100000010101001010100010000010110
0000010000000111110100010010000101010000100100000100000000000101110000000000101100001010000100010000
1001001010001110101010000000101010000000000000001001010000010010001000000010000101000100010000000001
0001001100000010110010001001111000010000101011000110000000000010100001000010101000010010101110100000
1011001001000000011111011100000100001001000101011001100101000101011000010010000011000000000010000000
0010010000100110101100011001000011010000000000011001001101001011000000000000011001000000111001000001
0001000000000110110001100000100000000000100100110010011001101001000000000000011000000010010110100000
0001000100110001010100010000001111100001010000100001001110000010000011100000001100001000011100001011
1010000000010000110000100000110010101111001000000101001000101000000000000000000010000001100111011000
0010000111010100111001101001010010111000000000000101101010010000000100100000010010000001010001000110
1001000010110001001001001001001100110001011001110011000000100000001000000010000101001011001000010100
1110011000000000000100010011010001001100101000000110000110000010101000000100010011000001101001001000
0000000000010000000000000000000000100101001100010011010010000010000001101000101010110010001000011000
0000011000010000010100000000000000000000010001100100001000000001010010000001000001101111010100000100
1010100101101000010100101100000000001110000000101000011000100101100100110000111000000011100010001000
0000000010011111001010001000000101100001000001110001001100010110000000000011000100001001001101010100
0010100010010101001100110011000110010100100000000100010010000000001001001011000101100001000010000000
0001101010100000001101010110111000010001010100010100000000000000000000100100000100000000010000000000
0001100010001001110010100000000000100100000100010100000001001010111011100100010000100001000000001000
1101100100010000000011001100000011010100000000010000000101000000010100010010011010001100001010000100
0000001000000000000100101101000000000000011000000000101100111101101101100010111011010011010110000010
0010101000001000011011100011000110001100100001000010000001000010011100010010000000000001110000011100
0110001100101001011000001000000010000100111110000011110000001011010001000001110010011101000111001001
0000011001101000000010100000001010000001110010000100100010000010111110000100011000110001110000100111
0001010111000100000000101110011010000001000010000011000001000000000001100001101000010100001000100100
1100000000111000000000100010000100101100100110000010000001000000000001010101000100110010000001100011
0000100000010011100000010100001011110000000000101011000000100001000010101000000010010010001001011100
0000000000110000101000010000100000000000000010000011010100110001100011000000110010010001000011010000
1011010101010011010001100010001111011001000001010110100010000000101000011110010111100100001000001000
0111001000011100100100000000011001000000101100001010000010000100100001111000000011110101011000100000
1000100000100101000100001110000000010010101000010011011100000000000000100011010101000100110101100010
0000110010101001010000000000010000100100010101100111000010110000010000010000000000001100110000010001
0100001000010011000001010000000000100100000010000110000000010010101000000000000001000000101010000000
0000100000011000011010010011100010001001110001001010100010011100000111000000000001010000100100000010
1000010100100000100010111110010000011011110111001100010010000001001110010011110101000000001000000010
0100110010110001010010100011000000000010100000100010101000100010000101000110100000001000000111100011
0000000010001000011011000100100000101000000110001100001000000010001000001010000010001101010000000011
1100011000110000001000100010100000101000100001000101000001001001000010011001000001000100000000101100
1001000000101010000100000000100000011100110001010000001111101100010000001001000111100000010100000100
0100100100100100001000000000000011010010111000000000000010000011011010000000010000000100111010000000
0000001010010010000111110000010000100000010000111010110100000101000000100100000010001010010011001010
0011010010010111011011000000100111000100001000110000001000011111010101111000110110010011100010000101
0110110010010100000000110000001100010000001000110010011000101100110000110100100100000000100000101000
0011000110000100100001011000010010000000000000011100000101001010010100000000001000000100001101100101
0000000110000010100001000000001110000110000111100011001000000100000110101001000000000010100110010011
1100000110000000000100100100001000001001000000010001000010000000000010010011000001001001010000001010
0010101000010110010001010110101001001000000001100100100010101000000110001010111001000001100100101000
0000001000000010010100000001000010110100100001000001000101100110101101010000000001010000101001000011
1000000100100110010000001000010000010100010100001000010100000000001110100000000000100000001000000000
0100101100001010000000000000110001100100000100100000011101010100010101011010011100000111101001000000
1010010011000100001001100111000100101110010100100010011100011010001111000110010001101000111000001100
1000100101100000110011001000000000010000000011000000011101000100100000010100010100000001100001011100
0101010000000110100000000101000100010011100010011101010010000101001011011010100000001010000010001101
1111000111011001001011000000000101000000000100100000011001001001101011000000000100001000100100001110
0011000111001101010001100000010011000000100100010010101100100111000000001010010001101010001110000100
0100010110010010010100000110101000000000000101100001010000010111010110100110001100001010101010000000
0100100110001000000000000000000000010010010100100100010100000010110010010110000100000000110110010101
0101010010010011011001100001000000110001001100010010100010010010001010001100111010000001001000000000
1001111110010000000010001100000000100000000010001000100000000000001000010001010100010100010010001100
0000111010100110010110001000111000100100000001010010010010100100011000011110001001010001000000001001
0010010000111110010100100010011000000100000000011010101010000100000011000101100000111001000000000010
0001001100010111001010100001101001000100100110000010000010011001110000110000011000101011010010110001
0010010000000001000100000001011000000000000001000000001001011100000000100110000000000110000000010000
0011111011000010000000000100010011000100110100100101001010000010111000110010001010000100111010011100
0000000100001101110111000100101000000100100100101010001100111000100100000000101100110000110000001010
0101100000001101110100000101110000000101100010100100000001000010000000001010100000100100000100101000
0100101000000000000100110100001110010010000101000010101100110111000010100001001000001101010010011000
1000000000000000100100010011000000011010001000100100100011100100101101011100011110001000101001001000
0011000001000100001100000010000000100100100000000011111110000101100001010000110000010111000010101011
0001001100001100010001000100011001001100100010001000101100001000000000010000001100100101110010000111
0101000010001100010101010000001101001110100010110000000001000000011110101001100111111000000000010110
0010100000000001000000000000001000000101101100010000010000011010000010101000000000100000100100010010
1001000100001010000000100101100000001001101100001001010100000100010010011000011000010001011100000001
1100000101011000100000001111101000000010110000100000100100000000111000000001000000110000100100001010
0000010010100100111000010000000000100000000100001100000000000000001001010000000000111000101000100100
0001100010010000000000011000100011100001010100100100100010100001000000011010000000000010010100101001
1000010000000001000000010101100000100000010010001111100110010101101100000010100111010110000010100011
1000000101110000001100100101000000010110011100001101011101110001110000000010000101010000010100000000
0000010000001011110100000001111100100001000100000000010101001000001100001100000000000000111000000010
0100101000000110100111010000001100011001000000000101010010010010000000010011001011110010010000101110
1000000010111110011101011000100001000000000000001010001001001001101000001010000100100000000101001111
0000000000000010000000000110000000010000010001001111001100010010100010100101010100000000001010010010
1001100000000010000011011000000100000100000000001000000000001010001101100010101100000100100011000000
0001011000011100101011000000110000001011100011010011101010100011010001100011000000011000001000100000
0110010000000011000011110110100110100110010100000000010010001001000011000010000000001000000100000000
0010001010100000010000001001001100000001000011111000100000000000010001000010101001111000010110001000
0000000010001110000010000011010100001010000110010001000011100000110000010101111100000000001010110000
0010011000011000010000010000000110001001001010010110000001000001001100001000010110001010110101001100
1001000000011011000100000100011100000100000100001000000001011000010010110111110010110101101101001001
1000000101100001001011101000101011001010000101111011001010000011001000000000010010111000110000110000
0101000100010001010000000001011011010010100001000010100100100000110100000000110101010010100100010000
1101010000111000000000000101000101100001101011000111000000000010000001000100010010011000000011000000
0000000100000000001100000000000001100000010011000000000001110101000000011000100100000010000111000001
0000010000100000111000100000110100001000000100011100010000000111001010010001011100001000111000010001
0000001010000110010010010001111110101000010100010000001100010001100000000001101100101000100010001000
1010001100010001000011000011101001000010001000000111100001011010010000000000000000000001011100001000
1010110000000000100011100010110000010010110010110011000000000010000010010110011001001000000010010000
1111101001000101001000101000000010011101100000101000000000000001000100011001011100100100000001000001
0011100000011111000110001010010010110101101010000111100010101010001100011100101001100100011001000011
0000000101011101110001000100101010110110000000001000100111100000010100001001001000000010000010100100
0000010101000000000101000100000010000000000101010100000100011000100101110100010110000000000000000000
0000110100000101101100010001011000100101000000100000000011001000000001100011001010001000000001101000
0010101000010100001010010000100100010100110001000000100010010000000011000000001000100101010000100011
1000000100011010000000000001100111001000000000001110101111001110000000101110001110011011000000101110
1101010000010000100000001010000001110001010110010000001101100001001001010101000010100000000110010011
1100000000000010001010110100010000001010000001100010001000000001001000100000010101000001110111100000
0111000100110010000010001010000000010011110011000100000000110100011000100101010010100100001111000000
1011001000101100001001000100011000001000001010000000000000100000010101000000001000110101100001010100
0001000001000100111001111100000000000001100001111000000000000010011000000001000000100000101101000100
1000100010000001000000001001110000000001000000000000100000001000010100000010000011001000000000100001
1010111000001010010100000000100111000000001000001001000000000011101011001000000001000000000000000100
0000010011001011010001000001000000001001000111000000000011000001000000010100000000101010000000010100
1001001000100110001001011100000001000000100001000010000000111000011000001000010100101110000100000000
1010001001000000110011000110011001101110010000001010100000010000001000111100100100010010010101001101
0000000000001011000000000100000110001001100001110000110000000000100001000101100100010000000000101000
0110010000110000100011011010000010010000010001101100111101001000011101010000000111001001010000010000
1001001000100001000001011010011000000000000000010100000000010000000001100101010010000000001001101000
0101000110010100110001000100100000010100000010000000010000101001001101000011111100100000100000001100
0000001110000110100110001001000001100101000010000100000000000000000110000000001100010011000000010000
1000100000000000000010001101000100001111100111101101110000000100000001011010000000010000001001000100
0000010010000100001000000010101101100110011000100101100110000000000010111100100000110101100001001000
0000111000001100001011100000000010000000010001010100010001000010001011000100000000111000010000010101
0010000010010001000110000010001101100100100100101100101000010001100000011000010000001000110000110000
1000001011001011100010100000011100001010000011000011000010001110000010000001000100110000111100001000
0110000000001001100011000100000000010011000000001010000110001000100010000110001100000110000011110100
0000000000011000100000010001111001001010000001000000000100000000000010000100011001011001101101000000
1000101101000100100000001000000110110111000001001111001010001111010100010000000001101110000010001000
0000001110001010001001100010101000110100100100000010001100001000101100010000000101011100000100000001
1001010000101101011001000100000000100001001010000111000000101100110100010010011000000111100000000000
1001011000101100110001000000001000000010001111100100000010000110000000110000011011100110000101110000
0000001001110001111100000010001111000010000010000100010001001101010000010010100010001001000010001100
0001000000001000100000010100000000100100001100010100100001110011000100000101100101000011100000000100
0011011000000100011100001000100001000001110110100010010100011101001000011011000010001000111010001001
0000110100000100010010001010000100010001000000000000101101000101100010001100100000110010010101010010
1011001100000011010001001010000100000000001100100010000010111000001110000000100000101000001000010001
1000011000110110000011000001001011000000100000110000000100100000000100000001100000010110000001000000
0101100011010110111000001011010010111001000000010001101000001101001101001000101011010010001100000100
0000100110000001010000010000110000000101100100010000001001000011000000000000011000010001001101010000
1010000010001010000110001010010000001101110001000000010011001010000000000000100110000010000110100001
0100000100100000010010000001100111010000011100010010001000110110100011001010011010000000100011000000
0100100000001100001010010000001001011000000001001001010001000010000001010100000001100010011010100001
0010000100100101111001110000100010111000001100011110110000000001010000000001110000001000000000000001
0000010100001010000010100000100010000000001000000110101100001100000100000011010000101110000000000010
0100001001001010001000000000111000000010000111101001101010110000001110010000110110000100000100101000
1101100101001000001000100011001010000000000001100101000000000010100001100110100000000000100010001010
0101000000010100000000110000110011010001110000101000001101000001000110110010001000000100010110010001
0110101010101010001100010000111010010001001001010000000101000001100101010001010110000001000001000011
0100100101100011000000010110100100101010000111100001101111100100000101010000010000001000010010001000
0001101100010000110011010000000001100010000001000000110000010000011000010000011010110010000000001000
0100010001010000000010101100101101000011001000010010100000000101110101010000000010100101000110010000
0000100011000010010000010100010010101010110000001100001001011011011010010100000001100000000000010101
0000000011000000000100000000001010000000110110010000000000001110010010000100000000000000000001001000
0101101000010100100000000100000000000000110000010001001000000101000100100000101010000000000000101100
1100010011000010000010000100100010000010100000000000110001000000001010000100110100001000000010000010
0101000000010000000000000000101010110000101101100000011111000001011001100100101000010000011101110011
0000110010010001110011011011000000100010010010000100000101010000000011001101000100000001100000000010
0010000000100010110001110010000001010001110010001010110000100011110000011000000010100000010001000011
0100000000111000001000110100010100000001000100100000001010010000100000000000001111010100001000001110
0000100011101000010110000000100100000010100100001100000101000000101000100000100000010000000001000001
1100100000100000001000111101011000011001110010000101000010100001000011010000011001000100110000100000
0000111001101001100110101001100001010000000100000001001100000100010000000000000101100100000000000000
0111001000011001100100110010001001110001100000000010001100011001010010000010010010010101111000000101
0000000000100000001101001001001000010011000011110000100001000000001100000011010110101000000010010000
1101000101001000000100100000000000001000000101010010000010000000000000100100011010001000100011001000
1000010001000011010110000011100000000011000001000100000101001100011011101001101001010100000111000010
0100110110010010001110001110010111001000000101100110100010101100000001010110110101001011001001000010
0000100010010000000001000110001001101100010100000000010100010010110010100011001010011001100000000000
0010010000000000000001100010011001010100000001000000001000110001001001010001011010010000010000010010
1010000000000001010000000000010100110000101001100101011000110000000000000000001111010010000110001110
1101010011000101010011001000100001100001000000001110101000100011000010011110000100111000101100110000
0000000011000101010000011001000001000100100010000100000000011110010000001000010010010100100010001000
0010100000000000000100000001000010101110101001010010100000010010011010110100010101000000000000010000
0100001000101100010010000100011011000100001000000000000001000001100000001000001000001100100010010100
0101001110000010110000000000000100101000000000000001101001101000001001101000010000100001110000010100
1010011001000000000100001000000100000110000100001000100110001011110000011110011010000000010010110100
0010110100100011001111110000000100000101000000100001100110001000000000110000100000100010100001000010
0100100000100111001000000001000101010010011100010011100000000100000101000010000110101011011000011100
1000000100001011000000001101001011100110000001011101011010110100010000001000001101000000110000100001
0000010001100000101011010001011000000000101100000010010000010000001010010000000100000000000100100101
0100000010010011001000000001001101000010001000000000000001110000010001001001111010000000111001001001
0000000000000101010000110100001010000010001000100001101000111110000011101110101011000010001000000110
0000001001111100001001000100010010000110001000000010000101001110000001100110000100100000111110000100
0010000100001000100000000000000110000010000000000001001010110000010100111010010000000010000000000000
0000000011011010010000000000010011101001000011010000100101000110000001000010000000000000000000010100
1001000010111010101001000000000100100100000000000100010011000000000100101000010000000001101000100010
0100000010000000101000100000000010000100000010101011000010100010000010001110000000010000000000110001
0100001000100000100001000000001001100010101000100010001110000010001011011010011010001001100000100010
0000000001011100011000001000101000010000100000000011000000000111000010101000001110100000010000001010
0011000100001000000000010000100010000001010001010010001001100000011101001000000000100010001000001000
0000001001100001000010001101010010100010101001010000100001100100000001011011000000100111110010000010
0001000000011000110011111000010000011000000000100001001001010001001110010000000001111000100011010011
0101000000011001011010100100010000101000010000010000101100000101000000010001010000001010100100100000
1000010010001110011110010010001001110000000001000101111100010011000101000100000100010010100000001010
0001010001100000000100100000011100001000000100001110010000101100101100010100100000110111110100111100
0010000000100000011100000000010001000000100000010011000010011011100000010000100100101011000100000000
0100000000101001011110001010000000000010010100000100000000001001001110001100110011001001010110000001
0010001000000000000000010000101001010001000011011001000110100000001011101000110000010110110000110010
1110011000110100100000000000110100000001001001000000011100001101010000001000010100000000100000000001
0100010000010001010001010101101000101010000000101000000110100011010000010000000000000100100000001101
0001001110000000100000000110100100001101000010001110010000100000100010000100110010100000000000001110
0101010010000000000001001000111110010010010001000110010000000001001001001010000000000001000000001000
0110011000110000010010010101011001100000001001100110010000110010001000100000000001010110010010110000
0001011000000000000000000000001100001011100001001001010110010000001100110010100111001011010000100111
0000000010100100110000100100000010010000110000000111010010000010010011000000101010010011000100000011
0000001000101010110001100011100010000110000010011000000100000011000001100000000000000000101000000100
1000010001101111000001000011100101000011001010011001001000000010101000101011011110101000000101010010
0001100010001000111001001000001110001010011000001000100001010110000011100000111100000011001100001000
0000101000000000101101000000010000000111000001000101101000100100100000110110011000101100000111111101
0000100000000000001100010010001000100110011000000000101100110100000011001100011000000110011101110000
0011100000011000100000001000100000010110000100000000100000100001001001000101001000000000000000001101
1111000000000011010010100000010001100110000000110000011000001001100001000000100101011000000001111111
1000010010001010101001000100010100111000000000011001010000010010001000000001000000000000010000101000
0110001110101000000111101000010000101000000000100001101000100010110000001000000000001000001100110001
0010010000011001110111100101100011101100010011111100100000001000000101100010100111001000000000000011
0010000110010101011001000000110011111001000010100000000000000010100101011100000100000100110010100100
0001010010000000100011001000100100100001000100100000010010000000100000000001010100011001000000001000
0000000001000000000100000100100000110011000001010001000000100100010001000100100000000011000100000000
0000000000011000000110001010011110100000010000011100100101000100000010100100000001000101001011100000
0100100101100110000000011011011010000000001101111000100001001000010001100010000000000000011101011000
0100000000001001000100100000101011000000000001000001001000011001000001000001010000011001111001000001
1000000010110000000000100001100000100000100100100010001011000000010000010000010010010100011000000010
0111011010000110000000100010001100000000100100001000100010000010010100000000001111000010000000000110
0110011001100111100010000101000110000011001101100000010011000110000000100001000111000000001101010010
0010010010011110110101011111011100000011000000001100111111111010111101000000010000000010011100100010
1001110001110000000101000000000110001000100001001000010001000000000100011000010010000000000001000000
1001000011100000101101000000001000000001010101001101010001101100100100000010101011100000101000000011
0100000001011001000010010100101100000110000000000011000000101000000000000100110110010001010100000010
1011000100100010000000011000001010000000101000010100100001001010000010011100110001000100010100101101
0000000110011000111000110000000000100010100000101000001000000001110000000100111100011001000000100000
0000001000000001100001010001000101111001111110000011000101000100011100111011001101000110101101010110
1011000000000000000011000000110001010100000100011001001010010100000001010010100111000001101000000000
0100010101000100010001110100001001001000100101000000000100010001111000000101000001100001001000100100
0001001000001011010100101000101010010001010100000001001100100000000000001101001000010000100000000001
0110000110000000000011010000110100010000100001000000000011001000000110110100000101011001001100100000
1000010010010001110110100011000010010011110011101101010011001110000101011001000000001001100011010111
0000000000000010000000100001010101000101111011000100000000100001100010010000010000100100001011100001
0000110011000100001111000101010101000010000100000100010001000100100010110000001011000000001000110100
1000100101011001000100001000100010010000110000010000000110100101001000100010000010111001100001010100
0001000000001000001001010001001010011001001000010000000100110000010011001010111000000001001100000000
0000001001000110100110110100110000110101010000000000010001000101000101001010010000000100001010101000
0000010010000001000000100000000010001001000000010000100011001110010000101100010001001011000000000001
0010000101000000101011001000001000001000010010001111010001001100000101101010010001010000001000001011
