10000
5677 5678
4731 4732
3962 3963
4236 4237
7592 7593
2671 2672
4383 4384
2176 2177
9831 9832
8337 8338
7161 7162
5461 5462
8155 8156
2696 2697
7532 7533
9732 9733
6629 6630
2988 2989
1901 1902
2011 2012
1916 1917
8394 8395
923 924
2400 2401
5655 5656
9078 9079
6312 6313
8947 8948
1542 1543
193 194
5476 5477
8362 8363
768 769
9885 9886
6454 6455
7655 7656
5390 5391
8974 8975
5211 5212
1437 1438
6621 6622
9699 9700
9804 9805
3133 3134
9515 9516
2599 2600
6061 6062
7747 7748
2637 2638
8129 8130
6827 6828
6097 6098
6033 6034
5218 5219
7384 7385
5024 5025
824 825
4744 4745
8 9
5711 5712
1190 1191
3401 3402
3748 3749
1075 1076
6527 6528
5543 5544
3699 3700
1247 1248
2944 2945
7206 7207
9360 9361
5714 5715
9083 9084
514 515
9268 9269
5008 5009
3707 3708
4723 4724
7239 7240
3403 3404
2240 2241
3762 3763
1473 1474
1637 1638
8335 8336
6652 6653
5961 5962
4374 4375
2574 2575
1389 1390
7519 7520
5318 5319
2205 2206
5542 5543
1246 1247
5450 5451
5941 5942
5128 5129
7675 7676
7392 7393
2578 2579
13 14
2754 2755
1832 1833
9922 9923
7020 7021
3084 3085
5396 5397
1777 1778
5010 5011
7477 7478
6205 6206
5119 5120
7314 7315
6696 6697
872 873
8265 8266
4854 4855
1649 1650
7208 7209
9445 9446
6952 6953
9559 9560
1621 1622
1998 1999
9061 9062
3324 3325
1431 1432
9898 9899
6146 6147
5647 5648
3101 3102
3020 3021
9587 9588
7621 7622
2930 2931
7818 7819
1149 1150
1086 1087
9874 9875
6997 6998
6724 6725
1126 1127
9903 9904
7070 7071
2825 2826
9671 9672
9974 9975
3340 3341
7978 7979
9758 9759
8982 8983
5091 5092
1905 1906
9833 9834
7992 7993
7917 7918
8051 8052
7550 7551
2308 2309
1734 1735
7105 7106
7320 7321
8306 8307
224 225
4658 4659
9625 9626
6372 6373
4770 4771
7980 7981
4880 4881
6793 6794
1594 1595
3742 3743
9982 9983
4114 4115
834 835
8882 8883
9403 9404
6042 6043
8096 8097
5894 5895
259 260
2475 2476
5432 5433
5757 5758
9235 9236
4292 4293
548 549
4793 4794
3752 3753
922 923
6220 6221
6730 6731
9462 9463
8291 8292
277 278
3313 3314
9348 9349
6183 6184
9915 9916
4359 4360
4459 4460
4162 4163
7671 7672
7958 7959
1384 1385
7688 7689
4590 4591
6166 6167
8680 8681
802 803
5612 5613
2312 2313
170 171
530 531
9231 9232
991 992
2118 2119
8218 8219
5262 5263
1215 1216
7865 7866
6287 6288
3152 3153
7903 7904
2646 2647
4753 4754
5586 5587
3358 3359
7967 7968
7597 7598
4173 4174
7376 7377
4757 4758
7159 7160
5092 5093
5215 5216
2323 2324
3164 3165
6129 6130
4215 4216
341 342
5659 5660
4104 4105
9695 9696
7949 7950
5093 5094
6985 6986
4058 4059
1440 1441
9337 9338
8172 8173
870 871
2708 2709
3623 3624
5665 5666
5996 5997
5533 5534
8545 8546
9302 9303
8376 8377
8463 8464
3710 3711
1285 1286
616 617
4185 4186
6860 6861
1392 1393
1937 1938
3613 3614
9177 9178
2402 2403
3210 3211
9478 9479
823 824
3799 3800
1174 1175
2036 2037
2645 2646
7153 7154
3501 3502
1706 1707
1415 1416
7635 7636
2076 2077
9653 9654
2425 2426
981 982
7233 7234
7645 7646
7753 7754
2794 2795
3085 3086
8436 8437
6754 6755
3919 3920
8952 8953
3051 3052
2129 2130
7258 7259
5129 5130
8314 8315
9513 9514
2642 2643
8351 8352
4498 4499
1814 1815
2584 2585
6672 6673
3485 3486
4923 4924
2950 2951
4611 4612
9255 9256
8563 8564
223 224
3287 3288
2822 2823
437 438
778 779
960 961
3635 3636
7420 7421
1513 1514
117 118
7407 7408
8925 8926
1481 1482
6659 6660
8720 8721
2999 3000
3177 3178
1825 1826
638 639
3153 3154
6194 6195
1000 1001
1438 1439
9120 9121
914 915
7262 7263
5567 5568
1642 1643
485 486
5442 5443
1378 1379
6281 6282
8433 8434
2597 2598
543 544
9984 9985
4506 4507
8227 8228
2164 2165
461 462
9644 9645
589 590
4838 4839
1657 1658
6840 6841
5835 5836
7053 7054
6487 6488
6338 6339
615 616
8134 8135
8246 8247
8996 8997
5810 5811
7982 7983
1475 1476
157 158
3171 3172
2351 2352
781 782
4948 4949
902 903
7517 7518
4816 4817
8742 8743
8663 8664
2329 2330
1710 1711
2690 2691
4749 4750
2409 2410
7308 7309
3228 3229
7116 7117
9397 9398
7068 7069
2503 2504
6285 6286
7036 7037
5568 5569
658 659
8624 8625
6396 6397
2073 2074
568 569
8492 8493
1329 1330
5499 5500
7974 7975
4356 4357
743 744
5944 5945
2628 2629
2283 2284
910 911
4136 4137
2411 2412
7291 7292
5653 5654
2024 2025
1109 1110
5175 5176
5829 5830
6636 6637
7528 7529
4042 4043
7059 7060
4083 4084
5893 5894
4959 4960
9422 9423
693 694
1477 1478
4410 4411
3943 3944
7349 7350
1834 1835
9416 9417
3405 3406
2976 2977
7303 7304
9273 9274
3683 3684
3145 3146
774 775
5707 5708
6013 6014
2703 2704
9345 9346
8988 8989
1695 1696
4976 4977
5482 5483
7047 7048
5582 5583
3916 3917
6512 6513
6643 6644
1964 1965
8581 8582
744 745
40 41
1046 1047
3643 3644
8007 8008
1908 1909
2997 2998
2372 2373
5343 5344
6439 6440
4264 4265
8735 8736
5001 5002
1653 1654
5421 5422
1094 1095
7807 7808
1385 1386
9663 9664
7422 7423
4719 4720
8905 8906
403 404
7506 7507
916 917
3374 3375
727 728
9499 9500
344 345
2947 2948
2398 2399
9368 9369
4392 4393
4985 4986
7562 7563
8815 8816
5602 5603
4991 4992
8183 8184
708 709
4022 4023
4446 4447
1277 1278
1430 1431
295 296
3722 3723
7149 7150
3095 3096
5360 5361
653 654
7185 7186
3487 3488
9118 9119
257 258
9267 9268
9966 9967
4445 4446
4416 4417
8348 8349
3408 3409
6201 6202
1275 1276
97 98
5460 5461
8681 8682
481 482
8260 8261
6395 6396
9276 9277
8212 8213
1572 1573
5181 5182
76 77
7669 7670
3644 3645
8807 8808
5311 5312
7891 7892
4341 4342
8724 8725
9520 9521
2670 2671
4953 4954
5176 5177
636 637
745 746
9171 9172
6756 6757
4915 4916
4706 4707
4928 4929
4389 4390
3186 3187
3284 3285
140 141
6271 6272
7632 7633
3831 3832
5474 5475
7893 7894
679 680
2660 2661
2015 2016
4438 4439
6806 6807
7582 7583
6975 6976
4307 4308
8462 8463
8673 8674
5103 5104
8921 8922
6102 6103
6965 6966
7288 7289
3977 3978
7719 7720
4542 4543
9013 9014
1212 1213
677 678
662 663
7873 7874
9274 9275
5300 5301
5905 5906
226 227
2482 2483
6471 6472
1050 1051
4992 4993
5843 5844
4516 4517
4547 4548
3898 3899
1017 1018
6505 6506
2601 2602
555 556
6493 6494
7554 7555
8343 8344
2311 2312
7024 7025
1036 1037
9424 9425
912 913
9621 9622
4544 4545
840 841
6222 6223
2570 2571
5933 5934
7180 7181
3696 3697
976 977
1069 1070
7372 7373
8232 8233
5534 5535
1492 1493
9299 9300
8868 8869
7838 7839
7901 7902
766 767
3209 3210
1922 1923
4350 4351
8736 8737
2342 2343
9188 9189
6498 6499
7874 7875
2443 2444
1249 1250
1889 1890
5158 5159
6090 6091
6964 6965
7823 7824
3892 3893
6937 6938
3480 3481
291 292
5922 5923
7923 7924
4899 4900
3208 3209
6428 6429
6865 6866
3045 3046
7137 7138
9975 9976
8533 8534
4831 4832
1923 1924
7421 7422
9817 9818
225 226
6567 6568
5804 5805
5696 5697
854 855
2341 2342
8572 8573
4011 4012
2611 2612
1117 1118
9241 9242
2094 2095
6182 6183
2643 2644
1838 1839
7756 7757
7684 7685
1720 1721
5863 5864
1179 1180
9764 9765
906 907
273 274
3885 3886
3686 3687
5364 5365
5411 5412
866 867
2675 2676
6630 6631
1815 1816
2596 2597
9081 9082
6682 6683
7417 7418
8253 8254
687 688
9779 9780
7557 7558
1352 1353
9630 9631
2267 2268
7498 7499
347 348
4306 4307
6047 6048
2426 2427
2619 2620
8250 8251
8479 8480
8471 8472
2134 2135
1048 1049
214 215
2634 2635
1848 1849
1956 1957
3639 3640
7989 7990
2853 2854
4925 4926
4202 4203
869 870
9703 9704
2953 2954
6254 6255
797 798
2330 2331
7752 7753
7305 7306
5242 5243
8417 8418
8410 8411
7871 7872
8409 8410
3647 3648
4691 4692
8182 8183
6832 6833
5803 5804
2461 2462
9539 9540
334 335
6161 6162
3678 3679
7955 7956
9259 9260
8108 8109
9610 9611
8237 8238
7490 7491
9642 9643
9659 9660
9152 9153
2985 2986
6410 6411
1130 1131
2808 2809
3753 3754
2295 2296
7065 7066
9385 9386
4805 4806
6474 6475
211 212
7026 7027
1467 1468
1351 1352
6399 6400
7331 7332
3266 3267
7098 7099
3754 3755
5749 5750
3721 3722
1210 1211
6787 6788
409 410
5871 5872
7345 7346
2665 2666
838 839
8541 8542
807 808
5760 5761
2811 2812
4538 4539
7337 7338
8881 8882
9479 9480
8244 8245
4004 4005
2084 2085
3415 3416
6575 6576
577 578
7853 7854
4154 4155
7415 7416
6671 6672
1672 1673
3455 3456
4606 4607
7629 7630
7775 7776
2081 2082
7127 7128
518 519
4603 4604
1775 1776
9563 9564
4032 4033
5719 5720
4160 4161
2304 2305
933 934
7265 7266
8501 8502
106 107
6139 6140
4327 4328
7377 7378
2348 2349
8342 8343
786 787
3910 3911
9448 9449
1003 1004
5830 5831
6735 6736
3356 3357
4189 4190
5272 5273
9584 9585
1133 1134
3292 3293
9455 9456
9686 9687
9952 9953
7926 7927
6918 6919
3050 3051
5138 5139
1357 1358
4355 4356
1185 1186
7812 7813
6974 6975
2488 2489
5468 5469
8468 8469
5413 5414
8058 8059
125 126
7414 7415
6041 6042
7715 7716
9716 9717
7813 7814
2309 2310
4262 4263
6891 6892
6158 6159
5084 5085
2292 2293
6495 6496
1849 1850
9884 9885
4072 4073
7008 7009
8320 8321
7581 7582
6727 6728
5214 5215
361 362
2680 2681
2595 2596
2921 2922
7140 7141
6137 6138
2062 2063
814 815
7254 7255
8672 8673
2525 2526
3576 3577
1740 1741
1782 1783
8032 8033
711 712
8738 8739
9707 9708
7202 7203
1014 1015
8018 8019
92 93
3990 3991
6256 6257
6543 6544
5252 5253
8650 8651
5014 5015
4472 4473
3445 3446
2674 2675
702 703
9057 9058
9955 9956
5868 5869
837 838
4076 4077
7872 7873
7657 7658
4644 4645
4910 4911
5454 5455
7995 7996
1959 1960
846 847
9343 9344
756 757
3432 3433
1678 1679
1044 1045
758 759
1826 1827
4739 4740
9665 9666
3426 3427
3373 3374
5108 5109
8418 8419
6805 6806
1836 1837
4728 4729
4667 4668
2048 2049
1319 1320
819 820
1764 1765
3125 3126
3954 3955
3205 3206
2556 2557
2472 2473
4771 4772
5116 5117
6342 6343
1256 1257
9786 9787
3243 3244
9474 9475
9834 9835
115 116
1907 1908
3296 3297
4505 4506
4463 4464
1669 1670
4679 4680
5813 5814
4487 4488
7575 7576
6522 6523
723 724
2162 2163
3491 3492
9638 9639
5369 5370
887 888
1310 1311
9303 9304
9803 9804
8922 8923
9045 9046
9639 9640
7222 7223
7900 7901
9409 9410
7178 7179
6048 6049
8025 8026
6309 6310
7279 7280
5475 5476
4329 4330
3049 3050
5357 5358
4273 4274
2023 2024
3856 3857
2119 2120
3507 3508
989 990
4512 4513
5591 5592
6081 6082
7475 7476
2501 2502
4874 4875
1428 1429
3840 3841
3220 3221
720 721
9857 9858
2793 2794
8604 8605
5227 5228
6534 6535
8797 8798
6868 6869
9964 9965
1809 1810
1394 1395
1650 1651
9932 9933
2661 2662
8472 8473
964 965
2906 2907
2698 2699
652 653
2305 2306
3269 3270
8772 8773
6546 6547
2034 2035
7578 7579
4298 4299
5721 5722
9774 9775
3835 3836
4414 4415
9995 9996
8192 8193
990 991
9377 9378
4927 4928
1624 1625
5660 5661
1893 1894
7082 7083
9807 9808
8202 8203
8565 8566
3242 3243
1194 1195
5758 5759
2852 2853
1372 1373
7494 7495
6477 6478
286 287
4285 4286
2019 2020
3829 3830
2897 2898
4612 4613
700 701
3802 3803
5849 5850
5294 5295
4120 4121
4539 4540
8987 8988
7108 7109
6570 6571
9318 9319
3979 3980
4017 4018
6360 6361
348 349
7028 7029
7674 7675
9334 9335
6435 6436
8822 8823
6085 6086
3096 3097
6133 6134
5322 5323
9372 9373
507 508
2143 2144
3229 3230
9558 9559
5676 5677
7027 7028
3771 3772
1921 1922
9098 9099
9271 9272
714 715
2977 2978
5912 5913
944 945
109 110
7128 7129
6686 6687
1549 1550
9745 9746
3673 3674
8435 8436
4513 4514
8159 8160
6385 6386
1264 1265
9683 9684
1255 1256
1468 1469
3566 3567
1253 1254
7658 7659
9447 9448
2834 2835
8903 8904
6777 6778
331 332
3781 3782
9747 9748
2429 2430
2046 2047
8027 8028
8347 8348
1166 1167
9284 9285
325 326
3013 3014
7665 7666
2032 2033
9512 9513
3523 3524
1910 1911
2785 2786
3730 3731
2812 2813
7795 7796
3743 3744
1007 1008
5059 5060
8867 8868
9440 9441
6784 6785
7023 7024
5117 5118
8439 8440
3555 3556
2901 2902
1883 1884
7423 7424
4870 4871
761 762
5879 5880
3695 3696
1949 1950
4192 4193
4633 4634
5333 5334
6536 6537
4080 4081
8702 8703
6450 6451
1029 1030
4651 4652
3294 3295
5237 5238
8885 8886
6452 6453
537 538
8859 8860
7702 7703
7117 7118
301 302
1639 1640
2492 2493
2033 2034
2908 2909
3860 3861
3132 3133
3843 3844
4873 4874
17 18
9458 9459
6124 6125
9419 9420
5895 5896
890 891
5301 5302
529 530
5492 5493
1604 1605
9829 9830
5766 5767
3165 3166
9579 9580
5500 5501
8304 8305
606 607
2474 2475
2396 2397
9881 9882
7837 7838
5748 5749
8465 8466
2550 2551
3074 3075
4918 4919
2328 2329
3061 3062
9647 9648
6885 6886
6341 6342
2606 2607
8327 8328
2885 2886
1593 1594
9946 9947
1716 1717
6384 6385
2017 2018
6005 6006
52 53
6152 6153
623 624
6444 6445
6037 6038
1071 1072
7297 7298
9754 9755
7445 7446
6923 6924
323 324
3516 3517
7723 7724
1727 1728
1402 1403
561 562
4360 4361
483 484
4626 4627
9277 9278
690 691
2683 2684
6126 6127
6878 6879
1145 1146
8782 8783
3295 3296
7624 7625
581 582
2027 2028
2940 2941
6043 6044
5161 5162
6016 6017
4169 4170
6239 6240
8914 8915
1267 1268
9364 9365
1935 1936
368 369
5873 5874
9294 9295
2861 2862
8800 8801
2572 2573
5332 5333
4549 4550
7509 7510
7091 7092
7060 7061
8665 8666
6496 6497
3638 3639
9319 9320
5972 5973
5916 5917
8576 8577
2391 2392
8511 8512
1837 1838
2020 2021
8770 8771
5493 5494
4796 4797
2742 2743
7473 7474
2004 2005
4932 4933
4339 4340
9985 9986
8245 8246
4183 4184
4616 4617
253 254
5607 5608
1902 1903
4867 4868
2832 2833
7235 7236
8385 8386
3344 3345
1918 1919
3694 3695
5094 5095
2890 2891
7814 7815
5823 5824
4808 4809
5780 5781
9888 9889
558 559
3235 3236
3774 3775
4139 4140
661 662
9042 9043
506 507
2551 2552
3693 3694
6295 6296
3486 3487
4444 4445
5144 5145
6662 6663
4758 4759
7431 7432
2766 2767
502 503
6039 6040
7112 7113
2395 2396
499 500
4115 4116
5202 5203
1654 1655
1519 1520
5358 5359
1270 1271
8836 8837
9987 9988
1367 1368
1914 1915
7043 7044
2264 2265
8110 8111
8878 8879
2182 2183
1318 1319
9599 9600
4977 4978
5324 5325
4935 4936
9586 9587
4540 4541
8833 8834
8591 8592
3614 3615
6094 6095
9490 9491
6029 6030
7625 7626
8837 8838
7244 7245
2483 2484
7743 7744
596 597
2045 2046
3782 3783
8275 8276
9594 9595
105 106
5350 5351
9278 9279
4496 4497
8470 8471
8685 8686
8142 8143
1904 1905
6036 6037
6701 6702
8145 8146
3927 3928
1677 1678
764 765
3212 3213
9780 9781
9379 9380
8332 8333
4102 4103
10 11
1360 1361
8562 8563
6815 6816
6292 6293
7387 7388
6417 6418
7123 7124
5966 5967
6785 6786
141 142
4331 4332
5674 5675
3931 3932
2510 2511
1575 1576
736 737
1240 1241
4869 4870
6586 6587
5739 5740
6978 6979
4562 4563
853 854
3985 3986
9170 9171
8013 8014
6111 6112
116 117
4268 4269
4830 4831
3530 3531
6677 6678
4843 4844
8067 8068
6044 6045
5881 5882
7232 7233
449 450
1102 1103
6127 6128
2970 2971
9527 9528
2692 2693
9369 9370
4054 4055
842 843
2002 2003
4424 4425
7261 7262
5722 5723
2522 2523
1143 1144
6311 6312
272 273
719 720
8783 8784
7046 7047
9077 9078
3188 3189
4479 4480
9205 9206
5297 5298
3399 3400
7787 7788
5121 5122
3066 3067
8931 8932
5466 5467
399 400
9163 9164
6564 6565
5494 5495
4782 4783
2008 2009
6392 6393
5383 5384
4699 4700
4223 4224
5013 5014
8759 8760
6617 6618
8408 8409
9800 9801
3477 3478
7983 7984
6187 6188
6297 6298
8198 8199
2771 2772
9341 9342
2987 2988
3725 3726
641 642
8811 8812
7085 7086
4465 4466
9497 9498
3456 3457
9609 9610
7801 7802
2710 2711
4755 4756
3262 3263
8823 8824
2662 2663
239 240
8310 8311
8583 8584
2480 2481
9392 9393
1115 1116
6736 6737
4682 4683
8614 8615
3522 3523
1648 1649
3239 3240
4694 4695
7344 7345
2057 2058
9196 9197
7580 7581
7129 7130
3207 3208
4156 4157
454 455
772 773
6500 6501
2875 2876
5249 5250
6895 6896
7676 7677
4147 4148
9867 9868
9666 9667
6943 6944
6499 6500
3140 3141
6770 6771
5356 5357
2813 2814
7759 7760
6541 6542
575 576
950 951
9141 9142
3711 3712
7968 7969
5763 5764
1469 1470
6394 6395
6699 6700
9959 9960
2470 2471
6741 6742
5243 5244
2290 2291
1063 1064
2874 2875
1494 1495
3890 3891
3692 3693
3162 3163
1041 1042
6055 6056
3193 3194
1091 1092
61 62
9132 9133
4807 4808
5 6
2299 2300
3159 3160
1444 1445
489 490
815 816
6722 6723
5073 5074
8370 8371
663 664
7986 7987
4994 4995
8434 8435
8756 8757
62 63
726 727
5794 5795
3043 3044
8369 8370
4591 4592
8978 8979
9960 9961
3277 3278
7618 7619
8525 8526
7481 7482
1780 1781
4276 4277
3348 3349
2382 2383
847 848
5189 5190
2750 2751
5699 5700
9548 9549
417 418
1300 1301
1507 1508
319 320
7950 7951
9320 9321
7914 7915
3757 3758
4574 4575
2790 2791
5111 5112
8729 8730
2140 2141
2243 2244
1269 1270
3668 3669
9939 9940
7168 7169
1911 1912
2516 2517
8785 8786
4131 4132
6067 6068
8606 8607
7776 7777
3834 3835
6798 6799
5964 5965
6009 6010
2753 2754
248 249
9174 9175
9893 9894
9367 9368
4370 4371
3851 3852
6238 6239
1526 1527
4736 4737
9308 9309
8006 8007
3450 3451
3684 3685
7269 7270
2851 2852
6393 6394
7843 7844
3484 3485
9101 9102
2085 2086
1773 1774
2621 2622
2270 2271
2573 2574
5335 5336
739 740
7298 7299
8204 8205
8401 8402
9905 9906
352 353
7352 7353
3321 3322
2180 2181
3732 3733
7644 7645
4664 4665
6695 6696
9145 9146
1993 1994
5470 5471
4088 4089
4312 4313
3795 3796
4600 4601
6602 6603
4151 4152
5143 5144
1712 1713
1393 1394
6014 6015
8919 8920
6 7
9035 9036
4137 4138
6956 6957
6817 6818
7845 7846
546 547
8188 8189
1888 1889
6819 6820
590 591
4990 4991
4422 4423
6743 6744
2641 2642
3664 3665
7379 7380
2900 2901
5373 5374
1073 1074
1789 1790
471 472
31 32
4673 4674
6277 6278
3604 3605
1232 1233
7030 7031
7435 7436
9076 9077
2128 2129
6087 6088
4954 4955
6365 6366
3265 3266
8302 8303
9100 9101
4689 4690
5036 5037
7751 7752
9007 9008
3736 3737
8928 8929
2505 2506
6131 6132
3866 3867
8066 8067
892 893
3339 3340
3433 3434
1287 1288
9070 9071
66 67
7452 7453
7015 7016
4077 4078
9738 9739
6834 6835
8309 8310
9654 9655
8745 8746
4726 4727
5023 5024
6703 6704
810 811
308 309
5535 5536
2724 2725
9129 9130
3708 3709
5598 5599
4149 4150
3859 3860
5303 5304
6542 6543
8271 8272
3777 3778
4625 4626
2189 2190
1693 1694
1610 1611
3429 3430
4760 4761
8670 8671
8795 8796
6632 6633
5915 5916
1483 1484
4027 4028
4630 4631
4035 4036
874 875
7373 7374
5918 5919
6540 6541
9748 9749
2864 2865
5399 5400
430 431
5043 5044
4241 4242
2731 2732
2188 2189
2484 2485
8406 8407
4252 4253
849 850
1138 1139
2110 2111
7273 7274
6241 6242
2951 2952
6525 6526
845 846
1568 1569
3087 3088
4586 4587
4095 4096
2873 2874
4668 4669
6325 6326
4100 4101
6259 6260
6530 6531
7260 7261
5600 5601
7211 7212
9234 9235
9417 9418
187 188
7194 7195
7484 7485
8747 8748
9567 9568
6681 6682
6315 6316
1615 1616
5637 5638
3729 3730
1754 1755
851 852
7103 7104
4598 4599
453 454
7276 7277
6688 6689
2725 2726
5908 5909
5795 5796
5434 5435
9797 9798
9541 9542
2013 2014
5348 5349
5353 5354
1321 1322
8162 8163
1790 1791
5885 5886
5403 5404
8075 8076
3728 3729
146 147
4334 4335
5159 5160
6422 6423
6143 6144
7374 7375
3271 3272
7610 7611
5288 5289
6640 6641
7062 7063
6006 6007
197 198
6303 6304
416 417
7593 7594
8698 8699
4024 4025
8445 8446
5514 5515
5573 5574
6904 6905
5938 5939
1362 1363
2734 2735
6367 6368
7912 7913
1940 1941
7939 7940
194 195
6357 6358
6404 6405
6737 6738
2173 2174
4978 4979
2405 2406
2006 2007
1812 1813
8114 8115
6927 6928
8883 8884
9389 9390
4087 4088
8630 8631
709 710
871 872
4909 4910
5285 5286
7332 7333
587 588
7533 7534
5762 5763
9297 9298
2902 2903
9811 9812
8264 8265
9160 9161
6409 6410
4852 4853
7755 7756
5517 5518
6557 6558
4693 4694
8354 8355
2787 2788
6744 6745
911 912
9293 9294
2203 2204
5892 5893
1506 1507
198 199
1520 1521
4734 4735
8451 8452
9280 9281
7552 7553
2367 2368
896 897
9712 9713
5336 5337
755 756
2974 2975
801 802
4068 4069
2896 2897
7274 7275
2320 2321
9842 9843
8694 8695
513 514
7243 7244
1106 1107
8144 8145
4372 4373
2531 2532
1272 1273
7485 7486
972 973
5628 5629
8593 8594
3529 3530
7598 7599
4332 4333
9454 9455
4523 4524
9092 9093
828 829
9036 9037
9134 9135
9307 9308
5621 5622
3204 3205
2172 2173
5453 5454
4785 4786
2397 2398
557 558
1774 1775
509 510
9713 9714
9386 9387
5298 5299
1527 1528
3333 3334
5857 5858
2801 2802
5851 5852
1938 1939
2842 2843
3274 3275
3070 3071
9637 9638
5601 5602
318 319
6821 6822
6469 6470
5134 5135
5197 5198
7077 7078
6954 6955
1529 1530
4778 4779
7088 7089
2602 2603
8316 8317
4473 4474
3411 3412
1874 1875
9248 9249
1497 1498
2656 2657
6438 6439
7878 7879
8625 8626
7089 7090
984 985
667 668
3746 3747
7539 7540
9568 9569
9154 9155
136 137
168 169
8240 8241
1037 1038
4743 4744
9971 9972
3418 3419
7643 7644
3903 3904
3424 3425
5558 5559
8491 8492
4702 4703
5821 5822
8028 8029
7169 7170
4503 4504
9304 9305
7449 7450
9863 9864
8213 8214
5146 5147
3310 3311
2407 2408
6117 6118
6728 6729
400 401
9148 9149
3120 3121
8512 8513
9503 9504
9197 9198
2214 2215
3811 3812
9055 9056
5917 5918
6118 6119
8057 8058
5155 5156
5967 5968
8196 8197
4368 4369
7174 7175
6398 6399
2886 2887
1538 1539
8091 8092
724 725
3932 3933
2688 2689
3143 3144
9214 9215
6414 6415
6857 6858
4979 4980
337 338
3345 3346
1765 1766
7765 7766
1523 1524
2096 2097
2936 2937
3109 3110
1490 1491
8411 8412
6989 6990
6203 6204
3556 3557
3703 3704
560 561
4878 4879
685 686
1230 1231
8080 8081
4801 4802
6615 6616
244 245
8893 8894
4872 4873
4799 4800
7766 7767
3003 3004
6383 6384
8504 8505
4525 4526
1885 1886
7586 7587
3995 3996
8496 8497
1770 1771
4 5
372 373
7115 7116
6245 6246
674 675
9421 9422
27 28
5127 5128
9583 9584
7136 7137
6702 6703
373 374
6718 6719
6763 6764
9739 9740
5395 5396
3575 3576
8346 8347
2681 2682
3788 3789
9667 9668
948 949
6455 6456
2026 2027
102 103
7386 7387
4800 4801
7381 7382
3606 3607
9998 9999
480 481
9516 9517
7351 7352
7711 7712
8777 8778
65 66
5962 5963
8115 8116
2770 2771
3236 3237
6555 6556
3071 3072
8156 8157
5250 5251
4803 4804
7511 7512
642 643
4887 4888
4853 4854
6457 6458
470 471
6390 6391
6992 6993
4518 4519
9217 9218
1930 1931
3937 3938
7886 7887
3905 3906
3972 3973
9331 9332
6329 6330
8279 8280
8477 8478
9363 9364
2838 2839
4288 4289
6138 6139
3230 3231
644 645
8590 8591
3001 3002
1350 1351
4046 4047
4203 4204
6246 6247
3632 3633
1306 1307
4640 4641
3146 3147
2383 2384
4881 4882
1689 1690
2082 2083
2806 2807
8942 8943
9059 9060
6142 6143
8716 8717
4164 4165
8455 8456
5284 5285
9953 9954
7614 7615
190 191
7817 7818
3475 3476
6547 6548
4834 4835
3232 3233
8068 8069
2630 2631
1574 1575
4809 4810
7353 7354
4996 4997
2478 2479
9012 9013
2721 2722
9916 9917
213 214
3366 3367
8388 8389
1226 1227
9781 9782
1074 1075
9254 9255
7238 7239
9650 9651
5825 5826
6968 6969
3178 3179
751 752
1857 1858
7224 7225
8490 8491
2296 2297
9692 9693
8954 8955
7113 7114
7623 7624
5819 5820
9573 9574
5708 5709
5618 5619
2154 2155
160 161
1315 1316
7704 7705
4366 4367
7061 7062
5902 5903
684 685
7730 7731
9729 9730
6091 6092
3593 3594
7897 7898
7324 7325
9500 9501
5958 5959
850 851
2755 2756
289 290
7432 7433
5747 5748
5044 5045
1640 1641
7466 7467
6683 6684
466 467
6374 6375
84 85
3314 3315
6056 6057
1112 1113
9524 9525
8863 8864
6119 6120
3611 3612
8026 8027
4388 4389
5726 5727
8875 8876
8101 8102
2534 2535
3244 3245
3260 3261
1478 1479
8870 8871
4010 4011
5990 5991
4353 4354
4671 4672
1374 1375
4593 4594
8607 8608
3900 3901
3466 3467
7167 7168
1141 1142
8898 8899
9510 9511
2623 2624
2539 2540
1992 1993
2850 2851
1739 1740
4405 4406
9662 9663
992 993
4866 4867
5525 5526
6690 6691
3531 3532
4610 4611
5876 5877
2835 2836
3184 3185
256 257
6103 6104
1607 1608
1890 1891
3984 3985
4146 4147
9245 9246
864 865
1975 1976
427 428
4595 4596
298 299
3537 3538
8086 8087
1168 1169
956 957
1403 1404
2668 2669
3938 3939
9125 9126
5212 5213
4442 4443
1793 1794
8334 8335
4428 4429
6693 6694
5340 5341
7571 7572
4019 4020
7707 7708
5483 5484
4411 4412
5977 5978
8187 8188
5261 5262
3117 3118
2196 2197
7201 7202
1976 1977
9453 9454
7442 7443
5658 5659
4404 4405
1785 1786
8426 8427
2108 2109
4627 4628
3518 3519
9861 9862
2894 2895
967 968
8457 8458
4051 4052
3794 3795
3808 3809
3091 3092
1652 1653
4946 4947
8106 8107
3876 3877
3974 3975
4871 4872
3923 3924
7810 7811
4530 4531
8186 8187
8971 8972
921 922
9936 9937
4476 4477
2560 2561
5191 5192
5839 5840
7736 7737
8179 8180
8424 8425
7038 7039
390 391
8721 8722
9994 9995
42 43
4222 4223
1265 1266
4342 4343
4732 4733
3040 3041
4722 4723
750 751
9923 9924
1588 1589
4224 4225
8654 8655
9326 9327
5082 5083
4415 4416
5225 5226
5224 5225
2966 2967
8092 8093
4821 4822
7811 7812
6416 6417
7459 7460
2226 2227
492 493
6219 6220
4128 4129
4942 4943
1666 1667
2039 2040
3224 3225
7095 7096
6921 6922
8104 8105
1674 1675
7943 7944
6957 6958
2430 2431
5596 5597
7430 7431
6405 6406
9228 9229
3797 3798
32 33
8887 8888
4548 4549
7100 7101
822 823
4118 4119
8876 8877
2186 2187
1762 1763
8986 8987
741 742
6823 6824
3998 3999
36 37
6725 6726
86 87
4905 4906
6381 6382
6864 6865
5588 5589
6510 6511
2408 2409
1236 1237
6509 6510
7599 7600
4815 4816
6796 6797
1447 1448
7548 7549
2490 2491
9840 9841
4291 4292
6400 6401
8946 8947
5182 5183
8122 8123
7889 7890
1278 1279
1518 1519
3016 3017
6647 6648
3279 3280
1541 1542
8753 8754
8981 8982
9710 9711
1128 1129
1498 1499
28 29
1611 1612
3216 3217
6229 6230
9970 9971
4572 4573
1182 1183
2932 2933
6079 6080
6031 6032
7622 7623
1534 1535
3553 3554
2557 2558
5204 5205
9749 9750
9996 9997
8877 8878
4287 4288
1634 1635
6905 6906
9051 9052
2297 2298
4607 4608
8743 8744
3006 3007
4323 4324
4865 4866
8422 8423
4125 4126
8052 8053
369 370
5515 5516
59 60
8639 8640
9220 9221
4394 4395
7383 7384
2493 2494
7584 7585
3493 3494
4155 4156
4558 4559
4295 4296
9427 9428
6379 6380
6170 6171
9313 9314
6809 6810
7725 7726
1495 1496
1915 1916
9226 9227
112 113
5380 5381
9839 9840
4745 4746
4270 4271
7933 7934
9225 9226
7257 7258
4079 4080
3376 3377
6306 6307
4908 4909
2481 2482
5207 5208
7523 7524
3779 3780
8103 8104
6156 6157
2609 2610
6911 6912
1744 1745
5799 5800
3571 3572
9388 9389
7045 7046
9071 9072
2111 2112
9769 9770
979 980
5057 5058
5931 5932
3936 3937
2016 2017
5702 5703
5265 5266
5669 5670
8060 8061
5038 5039
8480 8481
3483 3484
6467 6468
3602 3603
1962 1963
3384 3385
7184 7185
4144 4145
6060 6061
1503 1504
3191 3192
8536 8537
2823 2824
5429 5430
7231 7232
785 786
9382 9383
33 34
8009 8010
464 465
9210 9211
5124 5125
808 809
5183 5184
5617 5618
1625 1626
1445 1446
4157 4158
3776 3777
3588 3589
2353 2354
1407 1408
9836 9837
5131 5132
831 832
8780 8781
2565 2566
5083 5084
5049 5050
2746 2747
1355 1356
8962 8963
7566 7567
5590 5591
5376 5377
8687 8688
192 193
4037 4038
8200 8201
5552 5553
6563 6564
7179 7180
1977 1978
9961 9962
4361 4362
8136 8137
6520 6521
2040 2041
447 448
9602 9603
4489 4490
5910 5911
4580 4581
1163 1164
5258 5259
4984 4985
6820 6821
7696 7697
8538 8539
4802 4803
3833 3834
3549 3550
2434 2435
4141 4142
9728 9729
1896 1897
9681 9682
6590 6591
1216 1217
3223 3224
8428 8429
8444 8445
7712 7713
7462 7463
4724 4725
4492 4493
9714 9715
4960 4961
5776 5777
6080 6081
3823 3824
3086 3087
9643 9644
5527 5528
4379 4380
7101 7102
8850 8851
6711 6712
7630 7631
5694 5695
4966 4967
1142 1143
7292 7293
5898 5899
9941 9942
6558 6559
4711 4712
9003 9004
8560 8561
3861 3862
3599 3600
6506 6507
2515 2516
3276 3277
4868 4869
7862 7863
9376 9377
9149 9150
9465 9466
6871 6872
1709 1710
5230 5231
4315 4316
4891 4892
7570 7571
7469 7470
8609 8610
7138 7139
7009 7010
3458 3459
7806 7807
7154 7155
8616 8617
9929 9930
9848 9849
3416 3417
7693 7694
6318 6319
2333 2334
3715 3716
7734 7735
9731 9732
9370 9371
9678 9679
1470 1471
9504 9505
6162 6163
4704 4705
6489 6490
4134 4135
6883 6884
5734 5735
5086 5087
1745 1746
8569 8570
7338 7339
4458 4459
2249 2250
6550 6551
8796 8797
1228 1229
1679 1680
5055 5056
6059 6060
6723 6724
1027 1028
3682 3683
1177 1178
4708 4709
730 731
2093 2094
4294 4295
3702 3703
3469 3470
8084 8085
4168 4169
3307 3308
2859 2860
6655 6656
1619 1620
1862 1863
7388 7389
4462 4463
80 81
7007 7008
5928 5929
3423 3424
9725 9726
3543 3544
1599 1600
3163 3164
9019 9020
7583 7584
5235 5236
8284 8285
588 589
7369 7370
9204 9205
4956 4957
8910 8911
6406 6407
6709 6710
4819 4820
8585 8586
4620 4621
868 869
6774 6775
8657 8658
8977 8978
1304 1305
620 621
3054 3055
594 595
7326 7327
8948 8949
1154 1155
7252 7253
5816 5817
3113 3114
2571 2572
8065 8066
2777 2778
2918 2919
9038 9039
2798 2799
1150 1151
4008 4009
8574 8575
1852 1853
2774 2775
1658 1659
573 574
5405 5406
4725 4726
1985 1986
8231 8232
2789 2790
8707 8708
2576 2577
8901 8902
207 208
9909 9910
1219 1220
9121 9122
3342 3343
7247 7248
1951 1952
8239 8240
5456 5457
3893 3894
2741 2742
1997 1998
6631 6632
1332 1333
7016 7017
1067 1068
1198 1199
7245 7246
9344 9345
3353 3354
9107 9108
8856 8857
5769 5770
5593 5594
7427 7428
3570 3571
7433 7434
8660 8661
7438 7439
8967 8968
4210 4211
3451 3452
1749 1750
173 174
5110 5111
9315 9316
9208 9209
7615 7616
3697 3698
5097 5098
265 266
4789 4790
4504 4505
9324 9325
6065 6066
6698 6699
1737 1738
7689 7690
4119 4120
7492 7493
1391 1392
6011 6012
6462 6463
1880 1881
1053 1054
6571 6572
7691 7692
335 336
1725 1726
9906 9907
3494 3495
5270 5271
1681 1682
9762 9763
6609 6610
2540 2541
9317 9318
9651 9652
689 690
8594 8595
6521 6522
9168 9169
8046 8047
3803 3804
4346 4347
1673 1674
1040 1041
2647 2648
4007 4008
1077 1078
8389 8390
7013 7014
7773 7774
7647 7648
4362 4363
3650 3651
292 293
1099 1100
5897 5898
9717 9718
7412 7413
4840 4841
68 69
3289 3290
7145 7146
3524 3525
6084 6085
6800 6801
4624 4625
3088 3089
9826 9827
5011 5012
9131 9132
9530 9531
2541 2542
9928 9929
9976 9977
8589 8590
1783 1784
8167 8168
9423 9424
2751 2752
6197 6198
4311 4312
551 552
4786 4787
9937 9938
8390 8391
6786 6787
3404 3405
5963 5964
9523 9524
9095 9096
1021 1022
8917 8918
6024 6025
4495 4496
8020 8021
8964 8965
4269 4270
3858 3859
4016 4017
7627 7628
4508 4509
728 729
9044 9045
7639 7640
986 987
6738 6739
3660 3661
8869 8870
8540 8541
3327 3328
2862 2863
3183 3184
5077 5078
3552 3553
6876 6877
9017 9018
4844 4845
843 844
830 831
651 652
6482 6483
8495 8496
9105 9106
4078 4079
4998 4999
1024 1025
5644 5645
8643 8644
8900 8901
6458 6459
2614 2615
4656 4657
3388 3389
6526 6527
4419 4420
5463 5464
2559 2560
1509 1510
8150 8151
9230 9231
3079 3080
6368 6369
8847 8848
5277 5278
8668 8669
7358 7359
3591 3592
6913 6914
6951 6952
2388 2389
6403 6404
4583 4584
4052 4053
5236 5237
4006 4007
1296 1297
5067 5068
2605 2606
6790 6791
4647 4648
1702 1703
7692 7693
3320 3321
9111 9112
6074 6075
6650 6651
6645 6646
1496 1497
8252 8253
7067 7068
2088 2089
9434 9435
9778 9779
7293 7294
2983 2984
7237 7238
704 705
1450 1451
2495 2496
4319 4320
6019 6020
2156 2157
6248 6249
1544 1545
3172 3173
3828 3829
2927 2928
2870 2871
5645 5646
4920 4921
6459 6460
867 868
3655 3656
1988 1989
4569 4570
423 424
5519 5520
8844 8845
8701 8702
3637 3638
6909 6910
6853 6854
2701 2702
7465 7466
9991 9992
9582 9583
3041 3042
2530 2531
9261 9262
8734 8735
3648 3649
8557 8558
144 145
1311 1312
2782 2783
9192 9193
5485 5486
216 217
8042 8043
4193 4194
2757 2758
4888 4889
1208 1209
9190 9191
4330 4331
9287 9288
5864 5865
582 583
5687 5688
7011 7012
8690 8691
5382 5383
6608 6609
9182 9183
2293 2294
7987 7988
9972 9973
9860 9861
1873 1874
162 163
7535 7536
4592 4593
1229 1230
8185 8186
5686 5687
3428 3429
9624 9625
8367 8368
8113 8114
8727 8728
4861 4862
844 845
3607 3608
5367 5368
455 456
143 144
2091 2092
1806 1807
7173 7174
6343 6344
6188 6189
411 412
6234 6235
3343 3344
8791 8792
1095 1096
3958 3959
3173 3174
1028 1029
7882 7883
5550 5551
5378 5379
541 542
6064 6065
5241 5242
4286 4287
1580 1581
7029 7030
4817 4818
4172 4173
4788 4789
3283 3284
5797 5798
9167 9168
9114 9115
2051 2052
6661 6662
5638 5639
7063 7064
3904 3905
4555 4556
9066 9067
7307 7308
4263 4264
7041 7042
4309 4310
7860 7861
9407 9408
8584 8585
39 40
4039 4040
2316 2317
5344 5345
6421 6422
994 995
8116 8117
5027 5028
2691 2692
522 523
4048 4049
841 842
1686 1687
3298 3299
1098 1099
1628 1629
4557 4558
5120 5121
907 908
5732 5733
1097 1098
2352 2353
9411 9412
9633 9634
9009 9010
3122 3123
8340 8341
2459 2460
3394 3395
199 200
4703 4704
9493 9494
6224 6225
3921 3922
4833 4834
7832 7833
9956 9957
7092 7093
3099 3100
8896 8897
5779 5780
628 629
1705 1706
9900 9901
7204 7205
4075 4076
132 133
5831 5832
7166 7167
2050 2051
4981 4982
9033 9034
8968 8969
3390 3391
7382 7383
3459 3460
9227 9228
5666 5667
2686 2687
738 739
182 183
5053 5054
3511 3512
2994 2995
2035 2036
6812 6813
5740 5741
2194 2195
2147 2148
8336 8337
1813 1814
3334 3335
3807 3808
5654 5655
1288 1289
388 389
8361 8362
6828 6829
9119 9120
6070 6071
4550 4551
3596 3597
8792 8793
8846 8847
1187 1188
1531 1532
3031 3032
8493 8494
6664 6665
1561 1562
1092 1093
7979 7980
7192 7193
4897 4898
3528 3529
8328 8329
8803 8804
9636 9637
8554 8555
9041 9042
3839 3840
4471 4472
5809 5810
9236 9237
4568 4569
4184 4185
7672 7673
3124 3125
4533 4534
6816 6817
6109 6110
2241 2242
5801 5802
1424 1425
6491 6492
650 651
4898 4899
783 784
4105 4106
8832 8833
9564 9565
3453 3454
4018 4019
1476 1477
6262 6263
6230 6231
7270 7271
5975 5976
3472 3473
7863 7864
7285 7286
1189 1190
3414 3415
7323 7324
3496 3497
7357 7358
4774 4775
1623 1624
9635 9636
1819 1820
4256 4257
9451 9452
1271 1272
601 602
5509 5510
2826 2827
7213 7214
5048 5049
8810 8811
6783 6784
6294 6295
9965 9966
6712 6713
183 184
8848 8849
7090 7091
7876 7877
4712 4713
7295 7296
8010 8011
4308 4309
777 778
1397 1398
1632 1633
8711 8712
9694 9695
1943 1944
8521 8522
1839 1840
1096 1097
5781 5782
4769 4770
7451 7452
5642 5643
9824 9825
3970 3971
2820 2821
7544 7545
5040 5041
7805 7806
2714 2715
5379 5380
3960 3961
7197 7198
1636 1637
9237 9238
3103 3104
9979 9980
2029 2030
5545 5546
43 44
2313 2314
2058 2059
9618 9619
7196 7197
9566 9567
9997 9998
5512 5513
4174 4175
1390 1391
5833 5834
81 82
4367 4368
5316 5317
4680 4681
9375 9376
6852 6853
9133 9134
945 946
5156 5157
4561 4562
1906 1907
8235 8236
9773 9774
2676 2677
5571 5572
5755 5756
7158 7159
8932 8933
2101 2102
4213 4214
4071 4072
4929 4930
493 494
2325 2326
3038 3039
8555 8556
2990 2991
2005 2006
7779 7780
8929 8930
7035 7036
8234 8235
5306 5307
5772 5773
8644 8645
6689 6690
2729 2730
7429 7430
988 989
446 447
3462 3463
835 836
5245 5246
7443 7444
6167 6168
3023 3024
3371 3372
4884 4885
7910 7911
552 553
101 102
2167 2168
88 89
7767 7768
5317 5318
3363 3364
7868 7869
1603 1604
6361 6362
1799 1800
9004 9005
8392 8393
3452 3453
2365 2366
6646 6647
2487 2488
6144 6145
2437 2438
180 181
3176 3177
1268 1269
707 708
7251 7252
3158 3159
7434 7435
6666 6667
8634 8635
4274 4275
2521 2522
1830 1831
406 407
5201 5202
6869 6870
4563 4564
6610 6611
3185 3186
9814 9815
809 810
2718 2719
5909 5910
4219 4220
1018 1019
8355 8356
4522 4523
1934 1935
5705 5706
1787 1788
237 238
5717 5718
234 235
4179 4180
2379 2380
5346 5347
1348 1349
7815 7816
7246 7247
7732 7733
1320 1321
4890 4891
4420 4421
665 666
5690 5691
8553 8554
5606 5607
2849 2850
9776 9777
3460 3461
9676 9677
2250 2251
8149 8150
330 331
7076 7077
8640 8641
7426 7427
7319 7320
7587 7588
329 330
4814 4815
7638 7639
3240 3241
2857 2858
1909 1910
3042 3043
386 387
2973 2974
9796 9797
2375 2376
6083 6084
8109 8110
9783 9784
2888 2889
118 119
4217 4218
6307 6308
8036 8037
970 971
432 433
6676 6677
614 615
5559 5560
346 347
2018 2019
9124 9125
2037 2038
9157 9158
2843 2844
5488 5489
2910 2911
3252 3253
1358 1359
2486 2487
4096 4097
1167 1168
539 540
9123 9124
3435 3436
8443 8444
1317 1318
6018 6019
3586 3587
2115 2116
23 24
7961 7962
4747 4748
3387 3388
8077 8078
7021 7022
8107 8108
3385 3386
45 46
6825 6826
721 722
8713 8714
5639 5640
4408 4409
4064 4065
6226 6227
9306 9307
553 554
5259 5260
8801 8802
7050 7051
2640 2641
6178 6179
7973 7974
3355 3356
7160 7161
9785 9786
7525 7526
9218 9219
5372 5373
9401 9402
3909 3910
4044 4045
6844 6845
8966 8967
1400 1401
9446 9447
2300 2301
9805 9806
7241 7242
1626 1627
7993 7994
1665 1666
3561 3562
7144 7145
1057 1058
4351 4352
9151 9152
1380 1381
7742 7743
8522 8523
8461 8462
9032 9033
2125 2126
3628 3629
3953 3954
2444 2445
3941 3942
4399 4400
827 828
6516 6517
6453 6454
8894 8895
1924 1925
6901 6902
825 826
7537 7538
5950 5951
8053 8054
8767 8768
1426 1427
7875 7876
9792 9793
3226 3227
6742 6743
1569 1570
6346 6347
4271 4272
8874 8875
3030 3031
6305 6306
6717 6718
8568 8569
4961 4962
4559 4560
9793 9794
1500 1501
6847 6848
8194 8195
3877 3878
8267 8268
5784 5785
1733 1734
57 58
5229 5230
9322 9323
2498 2499
3594 3595
6983 6984
9361 9362
5437 5438
1119 1120
6173 6174
5691 5692
8834 8835
8534 8535
2867 2868
1612 1613
2204 2205
6291 6292
4573 4574
7999 8000
2607 2608
3550 3551
4717 4718
6159 6160
9258 9259
1552 1553
5640 5641
3425 3426
7985 7986
6846 6847
3357 3358
7687 7688
9992 9993
3454 3455
7078 7079
9740 9741
9968 9969
688 689
2778 2779
6021 6022
2528 2529
7947 7948
362 363
2374 2375
1395 1396
8248 8249
4643 4644
2732 2733
9090 9091
6136 6137
8575 8576
1978 1979
9018 9019
3463 3464
5566 5567
3600 3601
4282 4283
8497 8498
4013 4014
9330 9331
2682 2683
8509 8510
3768 3769
3129 3130
3323 3324
5887 5888
8024 8025
1421 1422
2356 2357
8546 8547
4970 4971
7695 7696
7317 7318
6235 6236
7831 7832
9073 9074
1688 1689
238 239
6706 6707
1868 1869
2567 2568
2922 2923
5469 5470
2077 2078
4937 4938
9912 9913
3738 3739
1364 1365
936 937
6835 6836
1085 1086
5273 5274
6356 6357
4663 4664
7110 7111
706 707
4952 4953
3225 3226
5196 5197
7721 7722
3398 3399
9463 9464
891 892
1903 1904
378 379
6897 6898
3814 3815
4773 4774
5032 5033
659 660
4380 4381
2781 2782
8175 8176
6171 6172
2764 2765
6947 6948
5751 5752
963 964
5089 5090
5605 5606
4333 4334
9865 9866
7713 7714
8282 8283
2694 2695
4097 4098
4430 4431
5260 5261
9150 9151
6344 6345
5730 5731
9351 9352
6549 6550
1401 1402
1651 1652
6739 6740
2568 2569
8315 8316
1113 1114
7456 7457
3306 3307
166 167
462 463
4113 4114
8835 8836
4165 4166
8382 8383
4820 4821
4632 4633
4440 4441
22 23
8615 8616
1419 1420
363 364
305 306
11 12
6906 6907
7096 7097
6851 6852
3804 3805
4302 4303
535 536
1462 1463
2284 2285
2273 2274
3396 3397
3290 3291
4301 4302
9488 9489
2000 2001
2635 2636
4587 4588
476 477
6752 6753
2269 2270
1557 1558
8405 8406
8130 8131
9790 9791
6953 6954
6386 6387
4766 4767
8675 8676
9116 9117
1227 1228
2779 2780
465 466
4338 4339
7209 7210
9655 9656
9153 9154
5856 5857
1170 1171
8044 8045
5920 5921
1845 1846
510 511
4718 4719
9632 9633
6299 6300
3723 3724
8038 8039
4639 4640
8321 8322
1821 1822
4576 4577
712 713
4594 4595
3891 3892
9425 9426
624 625
8930 8931
4634 4635
1736 1737
4425 4426
1853 1854
8924 8925
5331 5332
5651 5652
5557 5558
1537 1538
5771 5772
8667 8668
1664 1665
7182 7183
618 619
7685 7686
2454 2455
4281 4282
6174 6175
2257 2258
5114 5115
8655 8656
3293 3294
4967 4968
5149 5150
3630 3631
6310 6311
5467 5468
9535 9536
2234 2235
3029 3030
8333 8334
316 317
3789 3790
1429 1430
8373 8374
8886 8887
5016 5017
2184 2185
3392 3393
2263 2264
6504 6505
2252 2253
7825 7826
6566 6567
5003 5004
6190 6191
3304 3305
3116 3117
5575 5576
5381 5382
5345 5346
113 114
4896 4897
5137 5138
7640 7641
6370 6371
4686 4687
7120 7121
8502 8503
7972 7973
3231 3232
591 592
9801 9802
9873 9874
3770 3771
2962 2963
9578 9579
8323 8324
9828 9829
8008 8009
9896 9897
4730 4731
2075 2076
673 674
1919 1920
5481 5482
4969 4970
6288 6289
2060 2061
4924 4925
8205 8206
8427 8428
3179 3180
6015 6016
83 84
2123 2124
4485 4486
391 392
8153 8154
5022 5023
3131 3132
860 861
3661 3662
4974 4975
2652 2653
9127 9128
3888 3889
6323 6324
2715 2716
7952 7953
3504 3505
7497 7498
5347 5348
3410 3411
1521 1522
637 638
4652 4653
7857 7858
1313 1314
4615 4616
6849 6850
691 692
6854 6855
8983 8984
4752 4753
680 681
4108 4109
4792 4793
4604 4605
6839 6840
3227 3228
5052 5053
2104 2105
218 219
803 804
4825 4826
7609 7610
1178 1179
4460 4461
3505 3506
7400 7401
6072 6073
8956 8957
9709 9710
7960 7961
9079 9080
1382 1383
1708 1709
5216 5217
210 211
799 800
5870 5871
9760 9761
3407 3408
9429 9430
6942 6943
1042 1043
5498 5499
7364 7365
6837 6838
4931 4932
8446 8447
6114 6115
6494 6495
5062 5063
4804 4805
2657 2658
6265 6266
9404 9405
6620 6621
1487 1488
5729 5730
875 876
4170 4171
1396 1397
3352 3353
3827 3828
1846 1847
5828 5829
6316 6317
3881 3882
151 152
5551 5552
1120 1121
3671 3672
7122 7123
9138 9139
5480 5481
4768 4769
1196 1197
2145 2146
1894 1895
6726 6727
7966 7967
9047 9048
8765 8766
5903 5904
9799 9800
5882 5883
9889 9890
5173 5174
4239 4240
2244 2245
1299 1300
9718 9719
1792 1793
559 560
997 998
5650 5651
2458 2459
5984 5985
2769 2770
1532 1533
6585 6586
8933 8934
4666 4667
8984 8985
5746 5747
7793 7794
2984 2985
8380 8381
6556 6557
6425 6426
9 10
4597 4598
4688 4689
7094 7095
7460 7461
4822 4823
6273 6274
4738 4739
9931 9932
7542 7543
836 837
8686 8687
5770 5771
79 80
6349 6350
9723 9724
438 439
8927 8928
299 300
5529 5530
9921 9922
1514 1515
5026 5027
2509 2510
5489 5490
9917 9918
6078 6079
288 289
156 157
8363 8364
3251 3252
172 173
431 432
9034 9035
2720 2721
2877 2878
9021 9022
7803 7804
6339 6340
1602 1603
2170 2171
7541 7542
5490 5491
1416 1417
4885 4886
1257 1258
5572 5573
381 382
4787 4788
5861 5862
1558 1559
5255 5256
1023 1024
7119 7120
6969 6970
3406 3407
245 246
4230 4231
3826 3827
5845 5846
9414 9415
633 634
8012 8013
6577 6578
7250 7251
2448 2449
4055 4056
4300 4301
2819 2820
6308 6309
2730 2731
1191 1192
8750 8751
5004 5005
697 698
4069 4070
1926 1927
2855 2856
134 135
8423 8424
3653 3654
9199 9200
3056 3057
1694 1695
3147 3148
7728 7729
8073 8074
6076 6077
3395 3396
2447 2448
6576 6577
7895 7896
8414 8415
7894 7895
7390 7391
5234 5235
5629 5630
2948 2949
4619 4620
4692 4693
9597 9598
3976 3977
5656 5657
5160 5161
5323 5324
7918 7919
717 718
5462 5463
2191 2192
5351 5352
3717 3718
7001 7002
816 817
3698 3699
8416 8417
4684 4685
8251 8252
895 896
3798 3799
1564 1565
8448 8449
6240 6241
9147 9148
5268 5269
126 127
1203 1204
7177 7178
3048 3049
8391 8392
2536 2537
6971 6972
3482 3483
9585 9586
1376 1377
6121 6122
9744 9745
7560 7561
4107 4108
2041 2042
5518 5519
8824 8825
1692 1693
9746 9747
2727 2728
503 504
811 812
5742 5743
8273 8274
6480 6481
9730 9731
6944 6945
5195 5196
3884 3885
460 461
6314 6315
8296 8297
8089 8090
9243 9244
4528 4529
60 61
9640 9641
8100 8101
8429 8430
5473 5474
4434 4435
9477 9478
6030 6031
3098 3099
7896 7897
6050 6051
4829 4830
5937 5938
7890 7891
4397 4398
7839 7840
5750 5751
4733 4734
3601 3602
6334 6335
4797 4798
7410 7411
3719 3720
8019 8020
7164 7165
436 437
3500 3501
2307 2308
4038 4039
6574 6575
7006 7007
4696 4697
6236 6237
640 641
3726 3727
3046 3047
6280 6281
5431 5432
3370 3371
1555 1556
1460 1461
5625 5626
6773 6774
6176 6177
2972 2973
6035 6036
7887 7888
9791 9792
5988 5989
6814 6815
266 267
2920 2921
7605 7606
2218 2219
5274 5275
8177 8178
2054 2055
9137 9138
7181 7182
4919 4920
8636 8637
1581 1582
2419 2420
2247 2248
8311 8312
1134 1135
4618 4619
7055 7056
698 699
3887 3888
7561 7562
2298 2299
4945 4946
2056 2057
8653 8654
3691 3692
4848 4849
3263 3264
2078 2079
1795 1796
2627 2628
2546 2547
1136 1137
5510 5511
8473 8474
1697 1698
3626 3627
7739 7740
9030 9031
7772 7773
9571 9572
9362 9363
1756 1757
41 42
5904 5905
9658 9659
9097 9098
8095 8096
3933 3934
137 138
3270 3271
9700 9701
8605 8606
1870 1871
1262 1263
1456 1457
1714 1715
333 334
8866 8867
3645 3646
9897 9898
7769 7770
4509 4510
6140 6141
6177 6178
3535 3536
1084 1085
1051 1052
7259 7260
780 781
4662 4663
7641 7642
4767 4768
3598 3599
6028 6029
3039 3040
1015 1016
8344 8345
4412 4413
3784 3785
8979 8980
8171 8172
142 143
6753 6754
5982 5983
1089 1090
412 413
1443 1444
9648 9649
1929 1930
4278 4279
5889 5890
5363 5364
7018 7019
359 360
4206 4207
985 986
4240 4241
9349 9350
7881 7882
1354 1355
5774 5775
7591 7592
626 627
2992 2993
1563 1564
2758 2759
9561 9562
6941 6942
5385 5386
3863 3864
7102 7103
9485 9486
2377 2378
3948 3949
4283 4284
5293 5294
9565 9566
9552 9553
7221 7222
1218 1219
164 165
6749 6750
4780 4781
4746 4747
2529 2530
998 999
8861 8862
3335 3336
285 286
5684 5685
4299 4300
4257 4258
2071 2072
5522 5523
817 818
1031 1032
1573 1574
2854 2855
8676 8677
9705 9706
7280 7281
2335 2336
3326 3327
4938 4939
742 743
7529 7530
4150 4151
6446 6447
5006 5007
222 223
250 251
7854 7855
3253 3254
7075 7076
1833 1834
4110 4111
5037 5038
7134 7135
7171 7172
3665 3666
9600 9601
564 565
2909 2910
9292 9293
2807 2808
6147 6148
6486 6487
1110 1111
4243 4244
1289 1290
4266 4267
975 976
3181 3182
9393 9394
107 108
8432 8433
3083 3084
1748 1749
2667 2668
885 886
6431 6432
1386 1387
1 2
3992 3993
1865 1866
6451 6452
8301 8302
5662 5663
6010 6011
6898 6899
2289 2290
1153 1154
1439 1440
7885 7886
3105 3106
3920 3921
8404 8405
8178 8179
2280 2281
1293 1294
4322 4323
8228 8229
7981 7982
5133 5134
2347 2348
1788 1789
3035 3036
6946 6947
2898 2899
1970 1971
7935 7936
7929 7930
5528 5529
5046 5047
7162 7163
4084 4085
7289 7290
3997 3998
6418 6419
5068 5069
9072 9073
8360 8361
7281 7282
5208 5209
1719 1720
249 250
2254 2255
9973 9974
5401 5402
382 383
3545 3546
5782 5783
171 172
4751 4752
1199 1200
7738 7739
6046 6047
287 288
6449 6450
4645 4646
3640 3641
1667 1668
1414 1415
9206 9207
5371 5372
8740 8741
5548 5549
7263 7264
320 321
7396 7397
7646 7647
6758 6759
9060 9061
3872 3873
7729 7730
2743 2744
7114 7115
8201 8202
4794 4795
635 636
4515 4516
3621 3622
6668 6669
5507 5508
4507 4508
2222 2223
3221 3222
4659 4660
852 853
8923 8924
9823 9824
884 885
5443 5444
5109 5110
6264 6265
5508 5509
8098 8099
3567 3568
2476 2477
6317 6318
3498 3499
7508 7509
6026 6027
3982 3983
67 68
6483 6484
2211 2212
1645 1646
3897 3898
9384 9385
7653 7654
5704 5705
5735 5736
1850 1851
3749 3750
3666 3667
6626 6627
9614 9615
5836 5837
3868 3869
2322 2323
2783 2784
929 930
3646 3647
7052 7053
9043 9044
5289 5290
7476 7477
1147 1148
4943 4944
5069 5070
3854 3855
6601 6602
9203 9204
952 953
4847 4848
3506 3507
7677 7678
9340 9341
4999 5000
8602 8603
8254 8255
788 789
6251 6252
3028 3029
1979 1980
1556 1557
8180 8181
4053 4054
3280 3281
787 788
8400 8401
3513 3514
4781 4782
9821 9822
8559 8560
1233 1234
7709 7710
7763 7764
4912 4913
404 405
2340 2341
6715 6716
9549 9550
2052 2053
9983 9984
1192 1193
6670 6671
7905 7906
7416 7417
6423 6424
9768 9769
6554 6555
6935 6936
863 864
5584 5585
2625 2626
6192 6193
3012 3013
230 231
1866 1867
3025 3026
4180 4181
9682 9683
8221 8222
4073 4074
4439 4440
6649 6650
9058 9059
8751 8752
7230 7231
2067 2068
969 970
7398 7399
2112 2113
1181 1182
6160 6161
1818 1819
1420 1421
2130 2131
6001 6002
3944 3945
9989 9990
7740 7741
6657 6658
1647 1648
5731 5732
4297 4298
6888 6889
2469 2470
5141 5142
231 232
8312 8313
2208 2209
7792 7793
5934 5935
3642 3643
4413 4414
1867 1868
1325 1326
1291 1292
3612 3613
2693 2694
5070 5071
5193 5194
862 863
5339 5340
8829 8830
5775 5776
5581 5582
611 612
99 100
6578 6579
4930 4931
6707 6708
1263 1264
6448 6449
5921 5922
4581 4582
5061 5062
2865 2866
7282 7283
9054 9055
2878 2879
7595 7596
2187 2188
1107 1108
2163 2164
8623 8624
7682 7683
4571 4572
9050 9051
6012 6013
5741 5742
4074 4075
8506 8507
9028 9029
8097 8098
3346 3347
7316 7317
1933 1934
1302 1303
6884 6885
9238 9239
1341 1342
3305 3306
9195 9196
5393 5394
227 228
9763 9764
6253 6254
2424 2425
4201 4202
6478 6479
5720 5721
8764 8765
315 316
1484 1485
982 983
9252 9253
6675 6676
3763 3764
6870 6871
882 883
3512 3513
9219 9220
8498 8499
5973 5974
5477 5478
1757 1758
8776 8777
4556 4557
821 822
5563 5564
4764 4765
6320 6321
2012 2013
3700 3701
8726 8727
7600 7601
322 323
8280 8281
6584 6585
4400 4401
5579 5580
6321 6322
1586 1587
8161 8162
7994 7995
8456 8457
9933 9934
3617 3618
8907 8908
2098 2099
4944 4945
2933 2934
351 352
294 295
8217 8218
7849 7850
1225 1226
3961 3962
2532 2533
6961 6962
3167 3168
4130 4131
1984 1985
78 79
7555 7556
4318 4319
6818 6819
5221 5222
3397 3398
3597 3598
2460 2461
6485 6486
3007 3008
8319 8320
6313 6314
5130 5131
2028 2029
9553 9554
3215 3216
1530 1531
4050 4051
6411 6412
8230 8231
2158 2159
9390 9391
7830 7831
2336 2337
3986 3987
8703 8704
524 525
4317 4318
8631 8632
5564 5565
48 49
332 333
3362 3363
6260 6261
9871 9872
3792 3793
6560 6561
3739 3740
5675 5676
9999 10000
6125 6126
5872 5873
6960 6961
4025 4026
2747 2748
3114 3115
3142 3143
7425 7426
8247 8248
9232 9233
4480 4481
8558 8559
7559 7560
1258 1259
7572 7573
6692 6693
7312 7313
7032 7033
154 155
8619 8620
2255 2256
6196 6197
5299 5300
2014 2015
5940 5941
169 170
5422 5423
2354 2355
5706 5707
5501 5502
6705 6706
8225 8226
7401 7402
7944 7945
3364 3365
54 55
4654 4655
9396 9397
8500 8501
7170 7171
7731 7732
7790 7791
5327 5328
3622 3623
8990 8991
6565 6566
770 771
5626 5627
8760 8761
2285 2286
5328 5329
9798 9799
8851 8852
4811 4812
1591 1592
9159 9160
4477 4478
1365 1366
7764 7765
5834 5835
2712 2713
757 758
9029 9030
3573 3574
9282 9283
8261 8262
6128 6129
2585 2586
8682 8683
3864 3865
763 764
7215 7216
9766 9767
3369 3370
6432 6433
6153 6154
5668 5669
2884 2885
4461 4462
7513 7514
924 925
1239 1240
2700 2701
7540 7541
5366 5367
6424 6425
3935 3936
6524 6525
1759 1760
2331 2332
5047 5048
2554 2555
3852 3853
6751 6752
5932 5933
2228 2229
9902 9903
5148 5149
6663 6664
4582 4583
7804 7805
9661 9662
3328 3329
544 545
9102 9103
5247 5248
2919 2920
7631 7632
104 105
9295 9296
2376 2377
3873 3874
9279 9280
7458 7459
6206 6207
8632 8633
1423 1424
2547 2548
9420 9421
6007 6008
7996 7997
4863 4864
435 436
6599 6600
3338 3339
1676 1677
3272 3273
5913 5914
9189 9190
73 74
9689 9690
8330 8331
7945 7946
7899 7900
2575 2576
9815 9816
6658 6659
2941 2942
2106 2107
7249 7250
2114 2115
8725 8726
4810 4811
1701 1702
5670 5671
350 351
9136 9137
2589 2590
5035 5036
1823 1824
4835 4836
5135 5136
6697 6698
6331 6332
664 665
2654 2655
7342 7343
8941 8942
3587 3588
7602 7603
7706 7707
7936 7937
6327 6328
2980 2981
4047 4048
1465 1466
1005 1006
9883 9884
304 305
7543 7544
7146 7147
8805 8806
2450 2451
6748 6749
8015 8016
9400 9401
3420 3421
9688 9689
148 149
2989 2990
2926 2927
324 325
7626 7627
7531 7532
8768 8769
3022 3023
7347 7348
7044 7045
9212 9213
8133 8134
6716 6717
2658 2659
354 355
5105 5106
6243 6244
9398 9399
6185 6186
2829 2830
6720 6721
6507 6508
311 312
602 603
3620 3621
6988 6989
8481 8482
9607 9608
7997 7998
7883 7884
7565 7566
2265 2266
3618 3619
5192 5193
9342 9343
8064 8065
4798 4799
9868 9869
9467 9468
7143 7144
6593 6594
8510 8511
6101 6102
947 948
9592 9593
2135 2136
1273 1274
2872 2873
5869 5870
8397 8398
1554 1555
2421 2422
3946 3947
4369 4370
4233 4234
6492 6493
7066 7067
9481 9482
2095 2096
7869 7870
6665 6666
9759 9760
5974 5975
3431 3432
5428 5429
9300 9301
9795 9796
4714 4715
1590 1591
1931 1932
177 178
8980 8981
2248 2249
8169 8170
1550 1551
7210 7211
1062 1063
4452 4453
3062 3063
5007 5008
1157 1158
269 270
7588 7589
5226 5227
5919 5920
6359 6360
4122 4123
599 600
938 939
6350 6351
9943 9944
7835 7836
2711 2712
9484 9485
5444 5445
2907 2908
5246 5247
7486 7487
9914 9915
8526 8527
3658 3659
7856 7857
608 609
9113 9114
7491 7492
1388 1389
7025 7026
7454 7455
9016 9017
6948 6949
2288 2289
8140 8141
2441 2442
9356 9357
5682 5683
9126 9127
5400 5401
5960 5961
1213 1214
8043 8044
3652 3653
9084 9085
9765 9766
6168 6169
8757 8758
2633 2634
8243 8244
7718 7719
9380 9381
6889 6890
8292 8293
4057 4058
1201 1202
1183 1184
7389 7390
3800 3801
8527 8528
1887 1888
8005 8006
4577 4578
1855 1856
3783 3784
7408 7409
7450 7451
3412 3413
8055 8056
3685 3686
7056 7057
598 599
8731 8732
6731 6732
6544 6545
8774 8775
7356 7357
7125 7126
7666 7667
2417 2418
4036 4037
5472 5473
5891 5892
9291 9292
4227 4228
715 716
2672 2673
9088 9089
710 711
4316 4317
1172 1173
6040 6041
9615 9616
7634 7635
3316 3317
9158 9159
2526 2527
9878 9879
2612 2613
9336 9337
9954 9955
233 234
3301 3302
9353 9354
4697 4698
1553 1554
1913 1914
6261 6262
2099 2100
4585 4586
9784 9785
6880 6881
2446 2447
3731 3732
4094 4095
6900 6901
7135 7136
9022 9023
2150 2151
6667 6668
5773 5774
995 996
1330 1331
7534 7535
928 929
7904 7905
8031 8032
8189 8190
505 506
2504 2505
9352 9353
1828 1829
5504 5505
7654 7655
7799 7800
38 39
3940 3941
9944 9945
9926 9927
2684 2685
9715 9716
6700 6701
7667 7668
504 505
5753 5754
3713 3714
6258 6259
8452 8453
2542 2543
150 151
1016 1017
9757 9758
8233 8234
9023 9024
4244 4245
4166 4167
5165 5166
4660 4661
2445 2446
4859 4860
1088 1089
5968 5969
7155 7156
4949 4950
7040 7041
7107 7108
5523 5524
4190 4191
6207 6208
5888 5889
941 942
2097 2098
1763 1764
4310 4311
2744 2745
533 534
1472 1473
4177 4178
3154 3155
8793 8794
4371 4372
5169 5170
9323 9324
2389 2390
8143 8144
9439 9440
8940 8941
120 121
8329 8330
3649 3650
1925 1926
9517 9518
2174 2175
8972 8973
6283 6284
6296 6297
8379 8380
3471 3472
5050 5051
725 726
1039 1040
7000 7001
2580 2581
6987 6988
6993 6994
64 65
7546 7547
402 403
5906 5907
9904 9905
9470 9471
3608 3609
5099 5100
3901 3902
2663 2664
3651 3652
3952 3953
2664 2665
3540 3541
3237 3238
3004 3005
8831 8832
163 164
4296 4297
3508 3509
1942 1943
2651 2652
5426 5427
7148 7149
2827 2828
4402 4403
526 527
5244 5245
1767 1768
2053 2054
545 546
2 3
3026 3027
1671 1672
5167 5168
7778 7779
4993 4994
6679 6680
4021 4022
8173 8174
2957 2958
8897 8898
3137 3138
94 95
6053 6054
370 371
7847 7848
9980 9981
2089 2090
2159 2160
9518 9519
3256 3257
605 606
419 420
5998 5999
5015 5016
2508 2509
9069 9070
7683 7684
195 196
7516 7517
1032 1033
405 406
9431 9432
5172 5173
1250 1251
8691 8692
9184 9185
2276 2277
1295 1296
9457 9458
733 734
3442 3443
9575 9576
6502 6503
7322 7323
2022 2023
7256 7257
9751 9752
3144 3145
6887 6888
3747 3748
264 265
1860 1861
2010 2011
1363 1364
8912 8913
267 268
6514 6515
7346 7347
6213 6214
1457 1458
5342 5343
8744 8745
6407 6408
3911 3912
6116 6117
5790 5791
4260 4261
9229 9230
4488 4489
974 975
5282 5283
9169 9170
8259 8260
47 48
4695 4696
701 702
7661 7662
3538 3539
4455 4456
6515 6516
2858 2859
8671 8672
1186 1187
3245 3246
8505 8506
9990 9991
7604 7605
7998 7999
7619 7620
1328 1329
8994 8995
5951 5952
7786 7787
9721 9722
16 17
627 628
4567 4568
9645 9646
2278 2279
5139 5140
7930 7931
6337 6338
1661 1662
7205 7206
3734 3735
7924 7925
4902 4903
6465 6466
155 156
6476 6477
813 814
4883 4884
695 696
2371 2372
1899 1900
5304 5305
1340 1341
5164 5165
8551 8552
5632 5633
5425 5426
3857 3858
9460 9461
1087 1088
9000 9001
1844 1845
3490 3491
3657 3658
8853 8854
9135 9136
8902 8903
3539 3540
5983 5984
3551 3552
4238 4239
5723 5724
7436 7437
398 399
857 858
2882 2883
196 197
9605 9606
7203 7204
9673 9674
5113 5114
4211 4212
2759 2760
3111 3112
2343 2344
9901 9902
2246 2247
8514 8515
8718 8719
3275 3276
3303 3304
8710 8711
8892 8893
4449 4450
5713 5714
7141 7142
7087 7088
7042 7043
946 947
3987 3988
1960 1961
6322 6323
583 584
3554 3555
942 943
2981 2982
1101 1102
8852 8853
6929 6930
7824 7825
3194 3195
6882 6883
4129 4130
4777 4778
1516 1517
8697 8698
1525 1526
3047 3048
2883 2884
8916 8917
576 577
3568 3569
5620 5621
1797 1798
9468 9469
1398 1399
2538 2539
3636 3637
2763 2764
9572 9573
6873 6874
9110 9111
4220 4221
9450 9451
760 761
4957 4958
584 585
1559 1560
3625 3626
5487 5488
2618 2619
5112 5113
8571 8572
1577 1578
1193 1194
4826 4827
3767 3768
2514 2515
6768 6769
6100 6101
9750 9751
3595 3596
9338 9339
7302 7303
7175 7176
8908 8909
8126 8127
5862 5863
9832 9833
2245 2246
5098 5099
6123 6124
2080 2081
3053 3054
1448 1449
8674 8675
3421 3422
3233 3234
2138 2139
8449 8450
8368 8369
4676 4677
4845 4846
8888 8889
554 555
6382 6383
1841 1842
4629 4630
8728 8729
8000 8001
9408 9409
5683 5684
6760 6761
2449 2450
124 125
2195 2196
1274 1275
1411 1412
1722 1723
1412 1413
3659 3660
5995 5996
8366 8367
9046 9047
2548 2549
6955 6956
5925 5926
1479 1480
3585 3586
4135 4136
5936 5937
8992 8993
7034 7035
592 593
1753 1754
9346 9347
8146 8147
654 655
8402 8403
9115 9116
279 280
9619 9620
6211 6212
1631 1632
2452 2453
8345 8346
9489 9490
9627 9628
660 661
6388 6389
8849 8850
9879 9880
6358 6359
482 483
2224 2225
6903 6904
6184 6185
3526 3527
8056 8057
4901 4902
2856 2857
9557 9558
281 282
2238 2239
6795 6796
3924 3925
4895 4896
474 475
987 988
9838 9839
8467 8468
7419 7420
562 563
2136 2137
1214 1215
2582 2583
6890 6891
8447 8448
4669 4670
9122 9123
9698 9699
4085 4086
5310 5311
8733 8734
4553 4554
1502 1503
9161 9162
3300 3301
2824 2825
5145 5146
9880 9881
8305 8306
5064 5065
8566 8567
3756 3757
556 557
9816 9817
1973 1974
8398 8399
9737 9738
3820 3821
4491 4492
1545 1546
1584 1585
1242 1243
1406 1407
7286 7287
6470 6471
5203 5204
284 285
4502 4503
7393 7394
7359 7360
6607 6608
1176 1177
6587 6588
2009 2010
4212 4213
1742 1743
6069 6070
4475 4476
5458 5459
356 357
1769 1770
2846 2847
9569 9570
696 697
5987 5988
6899 6900
7827 7828
3980 3981
5553 5554
8595 8596
8399 8400
3121 3122
1298 1299
4637 4638
3393 3394
1122 1123
1019 1020
1517 1518
2831 2832
909 910
6654 6655
1442 1443
2895 2896
2415 2416
8088 8089
5079 5080
8128 8129
3745 3746
3806 3807
2707 2708
2473 2474
7858 7859
5993 5994
3422 3423
4417 4418
7471 7472
8945 8946
2083 2084
6189 6190
5725 5726
5151 5152
3119 3120
8396 8397
8998 8999
5030 5031
5223 5224
8804 8805
6286 6287
5997 5998
1755 1756
6141 6142
6355 6356
1207 1208
996 997
4237 4238
2632 2633
7272 7273
9679 9680
4063 4064
8047 8048
1004 1005
7266 7267
1361 1362
9613 9614
3519 3520
1986 1987
3914 3915
7816 7817
5761 5762
4650 4651
8438 8439
4091 4092
9596 9597
7483 7484
9608 9609
2816 2817
6639 6640
2207 2208
4427 4428
3211 3212
570 571
3878 3879
9866 9867
3969 3970
1656 1657
6517 6518
6930 6931
1413 1414
4373 4374
7335 7336
473 474
7404 7405
1080 1081
3473 3474
9285 9286
1700 1701
1202 1203
926 927
5402 5403
6872 6873
1971 1972
7745 7746
8242 8243
9882 9883
5163 5164
1327 1328
8034 8035
1609 1610
6641 6642
4934 4935
5554 5555
4198 4199
2923 2924
9537 9538
6605 6606
2519 2520
3136 3137
4447 4448
5066 5067
3106 3107
901 902
407 408
9452 9453
8816 8817
4012 4013
271 272
8069 8070
6429 6430
9011 9012
7659 7660
5814 5815
4646 4647
6413 6414
8276 8277
5546 5547
1435 1436
9093 9094
6591 6592
9265 9266
6808 6809
2262 2263
2889 2890
1932 1933
4187 4188
30 31
8857 8858
5231 5232
4678 4679
1049 1050
3318 3319
6134 6135
8268 8269
4158 4159
5614 5615
4450 4451
4995 4996
2286 2287
7932 7933
4532 4533
8223 8224
9641 9642
8712 8713
6972 6973
5012 5013
3880 3881
2600 2601
5096 5097
3825 3826
6781 6782
4534 4535
5800 5801
3461 3462
2719 2720
2624 2625
1197 1198
1614 1615
7942 7943
7698 7699
9321 9322
5009 5010
4700 4701
8466 8467
1454 1455
2840 2841
1662 1663
2615 2616
3690 3691
9701 9702
4081 4082
5101 5102
3082 3083
5495 5496
5886 5887
5693 5694
6596 6597
2610 2611
3063 3064
3889 3890
818 819
2577 2578
7111 7112
5608 5609
4737 4738
4161 4162
3102 3103
4358 4359
1111 1112
6772 6773
4176 4177
6427 6428
8542 8543
4254 4255
9074 9075
4500 4501
8118 8119
6618 6619
4204 4205
3034 3035
9086 9087
9290 9291
1441 1442
7339 7340
8610 8611
2462 2463
9117 9118
6669 6670
1200 1201
5875 5876
7005 7006
1965 1966
4140 4141
7527 7528
8696 8697
2467 2468
6764 6765
1308 1309
7956 7957
8117 8118
9847 9848
3681 3682
4040 4041
7549 7550
4584 4585
2436 2437
1808 1809
6387 6388
3441 3442
6445 6446
8165 8166
6733 6734
1146 1147
4354 4355
2157 2158
2256 2257
2485 2486
8951 8952
7074 7075
6807 6808
1427 1428
3675 3676
309 310
5743 5744
5678 5679
1011 1012
5679 5680
5384 5385
4406 4407
832 833
9031 9032
999 1000
2303 2304
1735 1736
6856 6857
9649 9650
4403 4404
9892 9893
9283 9284
5257 5258
4396 4397
3845 3846
8281 8282
5232 5233
3389 3390
6466 6467
5352 5353
631 632
4546 4547
2723 2724
4272 4273
75 76
2152 2153
9080 9081
491 492
1680 1681
4989 4990
8176 8177
5455 5456
8372 8373
2345 2346
5884 5885
4958 4959
8184 8185
4545 4546
2471 2472
3112 3113
1353 1354
7311 7312
8771 8772
9988 9989
9089 9090
1945 1946
4605 4606
2814 2815
1204 1205
7079 7080
8532 8533
6996 6997
1684 1685
8374 8375
5927 5928
953 954
6415 6416
9501 9502
9702 9703
9756 9757
8049 8050
971 972
4453 4454
6867 6868
6589 6590
7652 7653
3574 3575
523 524
5194 5195
4947 4948
9693 9694
7354 7355
7957 7958
4575 4576
740 741
7724 7725
5787 5788
7733 7734
2799 2800
5424 5425
205 206
3989 3990
6208 6209
303 304
2830 2831
6915 6916
9065 9066
487 488
1718 1719
6278 6279
3250 3251
8224 8225
8203 8204
133 134
9835 9836
6364 6365
5292 5293
4349 4350
9851 9852
8778 8779
3094 3095
6336 6337
1399 1400
4305 4306
2144 2145
2761 2762
7437 7438
2958 2959
1627 1628
7962 7963
280 281
7228 7229
119 120
536 537
5846 5847
6437 6438
85 86
9473 9474
7564 7565
8079 8080
5330 5331
1165 1166
5595 5596
7741 7742
6653 6654
8131 8132
3497 3498
6135 6136
5807 5808
5430 5431
2767 2768
1114 1115
4062 4063
5597 5598
37 38
9395 9396
3521 3522
2132 2133
4001 4002
1083 1084
3419 3420
2122 2123
8255 8256
2327 2328
188 189
7467 7468
7019 7020
6721 6722
252 253
9215 9216
8054 8055
9546 9547
8899 8900
3123 3124
4454 4455
201 202
7780 7781
634 635
9413 9414
3842 3843
161 162
7789 7790
3667 3668
4426 4427
2279 2280
1947 1948
1618 1619
9531 9532
1026 1027
2109 2110
905 906
392 393
1223 1224
2655 2656
8326 8327
5688 5689
8322 8323
6651 6652
1778 1779
6959 6960
585 586
6389 6390
5362 5363
3701 3702
4762 4763
2133 2134
5438 5439
8508 8509
8313 8314
6105 6106
622 623
3077 3078
4566 4567
3139 3140
1980 1981
9180 9181
1349 1350
6687 6688
71 72
6193 6194
9310 9311
5952 5953
2603 2604
8959 8960
9711 9712
6326 6327
681 682
6112 6113
3875 3876
2457 2458
6464 6465
1184 1185
176 177
401 402
5017 5018
2302 2303
4748 4749
5899 5900
2399 2400
9505 9506
8730 8731
7507 7508
6874 6875
7049 7050
2394 2395
3261 3262
496 497
6982 6983
5253 5254
4209 4210
961 962
6529 6530
7275 7276
7521 7522
2749 2750
6866 6867
3156 3157
46 47
9680 9681
5802 5803
7057 7058
2760 2761
6115 6116
3704 3705
5613 5614
2418 2419
7399 7400
8121 8122
883 884
1811 1812
9253 9254
903 904
9538 9539
8352 8353
2227 2228
9339 9340
2702 2703
3135 3136
8909 8910
9412 9413
4138 4139
4387 4388
1562 1563
7908 7909
3278 3279
5286 5287
1643 1644
776 777
4973 4974
3470 3471
208 209
2169 2170
5374 5375
5759 5760
7071 7072
3169 3170
9082 9083
8353 8354
5673 5674
1548 1549
3382 3383
5855 5856
123 124
4067 4068
1108 1109
9347 9348
9598 9599
4812 4813
9250 9251
9846 9847
3089 3090
5266 5267
9525 9526
2913 2914
1312 1313
8826 8827
1070 1071
3282 3283
9387 9388
7301 7302
920 921
4030 4031
5570 5571
433 434
3569 3570
9198 9199
450 451
7727 7728
6970 6971
7370 7371
19 20
1375 1376
8854 8855
6572 6573
9333 9334
4740 4741
6233 6234
4231 4232
3737 3738
7341 7342
2839 2840
2074 2075
5034 5035
1592 1593
2242 2243
3286 3287
1474 1475
5122 5123
5848 5849
4535 4536
6782 6783
9371 9372
8419 8420
4864 4865
6130 6131
7749 7750
805 806
6002 6003
6980 6981
7190 7191
7781 7782
7842 7843
365 366
2544 2545
1261 1262
5745 5746
4066 4067
7877 7878
6945 6946
7663 7664
3956 3957
6247 6248
3417 3418
9660 9661
4716 4717
397 398
5256 5257
5712 5713
4621 4622
317 318
72 73
2833 2834
8229 8230
2393 2394
415 416
8641 8642
5420 5421
8855 8856
7366 7367
3832 3833
3213 3214
8943 8944
9164 9165
8717 8718
3902 3903
833 834
1724 1725
3092 3093
2704 2705
5190 5191
9049 9050
458 459
3190 3191
498 499
3670 3671
5991 5992
612 613
7512 7513
4609 4610
3993 3994
4003 4004
7172 7173
4565 4566
655 656
8384 8385
5315 5316
8549 8550
6780 6781
2946 2947
7403 7404
2545 2546
2339 2340
379 380
2198 2199
5697 5698
1827 1828
2301 2302
1879 1880
1224 1225
9521 9522
4648 4649
6165 6166
7880 7881
2410 2411
3255 3256
6054 6055
5524 5525
2569 2570
3562 3563
8659 8660
8099 8100
3317 3318
6858 6859
3467 3468
5874 5875
3157 3158
3589 3590
9808 9809
6025 6026
4167 4168
4171 4172
1422 1423
200 201
5497 5498
858 859
5248 5249
1030 1031
2281 2282
5496 5497
8476 8477
8022 8023
209 210
3542 3543
6293 6294
3939 3940
1616 1617
534 535
2064 2065
6488 6489
8761 8762
8666 8667
3073 3074
8001 8002
1058 1059
7333 7334
2935 2936
5199 5200
630 631
7569 7570
1579 1580
8915 8916
9257 9258
2350 2351
9560 9561
1100 1101
5002 5003
2955 2956
3945 3946
8371 8372
9859 9860
6950 6951
9005 9006
1446 1447
5392 5393
894 895
1884 1885
694 695
4377 4378
796 797
44 45
4876 4877
682 683
2021 2022
6691 6692
3793 3794
5150 5151
4435 4436
3078 3079
9862 9863
8953 8954
6958 6959
2044 2045
3174 3175
5680 5681
6979 6980
212 213
1820 1821
3805 3806
327 328
3769 3770
2934 2935
3809 3810
6027 6028
4889 4890
792 793
9962 9963
8124 8125
643 644
8442 8443
511 512
7255 7256
3896 3897
1020 1021
918 919
8039 8040
9819 9820
3402 3403
9536 9537
9433 9434
4875 4876
1022 1023
6263 6264
7864 7865
5107 5108
5946 5947
9910 9911
6180 6181
3474 3475
444 445
8617 8618
773 774
4320 4321
8564 8565
174 175
5818 5819
2455 2456
6345 6346
8715 8716
574 575
2887 2888
4906 4907
9354 9355
4314 4315
3009 3010
5930 5931
3895 3896
9616 9617
610 611
3381 3382
8076 8077
5592 5593
2177 2178
5436 5437
8041 8042
2899 2900
1587 1588
2677 2678
9183 9184
2736 2737
9383 9384
3249 3250
4537 4538
567 568
8070 8071
9112 9113
1061 1062
7829 7830
8819 8820
7844 7845
9543 9544
2199 2200
82 83
283 284
5412 5413
1595 1596
8105 8106
420 421
7726 7727
477 478
3449 3450
4971 4972
6896 6897
7963 7964
3107 3108
1824 1825
5539 5540
9063 9064
4464 4465
2555 2556
8061 8062
7360 7361
603 604
2845 2846
3560 3561
1967 1968
128 129
5166 5167
2810 2811
4531 4532
8262 8263
8154 8155
6447 6448
8539 8540
4395 4396
9938 9939
6020 6021
5815 5816
9139 9140
5051 5052
5505 5506
3059 3060
4877 4878
5832 5833
127 128
6214 6215
6199 6200
1373 1374
7368 7369
1566 1567
1968 1969
7594 7595
7375 7376
5491 5492
5184 5185
2232 2233
6597 6598
243 244
4529 4530
672 673
6157 6158
6999 7000
6022 6023
1746 1747
5058 5059
8662 8663
100 101
448 449
8195 8196
8960 8961
4443 4444
8437 8438
8708 8709
565 566
7951 7952
748 749
4382 4383
1137 1138
940 941
3489 3490
6302 6303
528 529
1801 1802
9895 9896
647 648
8287 8288
5789 5790
9858 9859
8787 8788
1356 1357
7946 7947
8784 8785
8669 8670
7969 7970
9890 9891
7651 7652
2003 2004
1861 1862
4524 4525
6063 6064
6714 6715
9741 9742
5464 5465
1843 1844
4009 4010
3846 3847
9443 9444
8524 8525
9402 9403
5296 5297
6034 6035
2960 2961
2007 2008
293 294
3315 3316
8170 8171
2291 2292
2181 2182
220 221
7648 7649
6252 6253
3361 3362
7227 7228
1371 1372
800 801
8577 8578
9942 9943
8582 8583
812 813
7199 7200
1576 1577
4321 4322
2216 2217
4448 4449
5449 5450
7620 7621
5796 5797
5445 5446
5021 5022
1999 2000
8487 8488
6788 6789
4249 4250
4163 4164
3981 3982
9507 9508
1920 1921
7802 7803
1231 1232
4687 4688
8678 8679
8507 8508
5019 5020
855 856
7785 7786
6289 6290
6434 6435
1622 1623
9753 9754
5594 5595
6710 6711
3634 3635
8325 8326
4456 4457
8752 8753
2971 2972
5078 5079
6242 6243
4188 4189
8862 8863
3759 3760
9957 9958
4200 4201
5039 5040
270 271
9855 9856
5976 5977
2496 2497
5994 5995
6436 6437
746 747
5435 5436
55 56
9542 9543
7501 7502
1877 1878
7722 7723
475 476
5565 5566
1144 1145
1433 1434
6380 6381
6228 6229
1981 1982
7971 7972
8469 8470
4343 4344
782 783
9742 9743
418 419
4521 4522
9185 9186
1155 1156
63 64
4933 4934
395 396
3391 3392
7526 7527
1776 1777
7701 7702
8037 8038
9622 9623
8454 8455
3765 3766
2583 2584
8652 8653
1034 1035
3733 3734
2780 2781
2965 2966
158 159
1898 1899
3862 3863
9554 9555
7151 7152
6579 6580
6099 6100
6830 6831
5852 5853
9094 9095
3934 3935
1237 1238
8719 8720
3465 3466
1872 1873
4099 4100
5778 5779
9581 9582
1078 1079
9464 9465
3359 3360
5954 5955
1033 1034
2042 2043
9684 9685
5541 5542
5407 5408
1482 1483
6328 6329
9335 9336
4517 4518
520 521
7022 7023
9260 9261
2175 2176
5419 5420
983 984
2066 2067
8860 8861
1135 1136
1668 1669
7482 7483
2956 2957
671 672
6973 6974
8934 8935
8181 8182
8552 8553
3780 3781
8290 8291
258 259
2031 2032
7771 7772
639 640
2792 2793
1726 1727
4501 4502
7097 7098
7142 7143
2716 2717
8125 8126
5744 5745
6237 6238
8151 8152
8211 8212
6225 6226
8775 8776
3341 3342
3206 3207
7846 7847
1148 1149
8078 8079
7757 7758
789 790
5359 5360
3161 3162
670 671
1582 1583
4623 4624
457 458
9358 9359
1156 1157
8957 8958
7284 7285
1254 1255
8160 8161
2179 2180
968 969
178 179
255 256
2669 2670
7340 7341
5798 5799
2639 2640
3818 3819
4511 4512
2061 2062
3510 3511
7686 7687
9727 9728
6822 6823
8723 8724
2745 2746
5672 5673
4911 4912
3908 3909
5168 5169
1533 1534
5929 5930
7774 7775
3075 3076
3064 3065
229 230
8358 8359
1851 1852
4205 4206
4199 4200
8383 8384
7768 7769
6169 6170
7907 7908
7248 7249
1346 1347
2756 2757
9466 9467
3624 3625
2202 2203
4941 4942
9426 9427
4142 4143
4836 4837
4409 4410
8123 8124
9327 9328
500 501
4641 4642
3090 3091
8637 8638
122 123
7748 7749
2306 2307
4922 4923
1090 1091
2494 2495
7304 7305
9325 9326
1750 1751
1696 1697
5986 5987
7189 7190
2141 2142
6508 6509
2274 2275
6644 6645
4588 4589
4903 4904
5152 5153
8357 8358
3444 3445
8307 8308
8238 8239
29 30
7441 7442
8704 8705
1432 1433
8683 8684
9606 9607
7991 7992
1505 1506
915 916
531 532
954 955
759 760
3379 3380
1164 1165
5228 5229
2001 2002
4061 4062
8596 8597
7808 7809
6623 6624
1160 1161
753 754
7051 7052
1065 1066
2435 2436
9788 9789
932 933
1292 1293
8529 8530
1655 1656
6441 6442
3968 3969
8111 8112
752 753
6533 6534
175 176
3758 3759
5768 5769
2982 2983
8300 8301
3669 3670
8341 8342
9191 9192
5005 5006
6490 6491
282 283
7568 7569
1939 1940
4481 4482
6402 6403
4196 4197
5965 5966
1721 1722
878 879
4103 4104
181 182
8484 8485
8295 8296
6855 6856
9722 9723
5251 5252
2995 2996
8168 8169
619 620
3879 3880
5663 5664
2025 2026
3259 3260
8132 8133
934 935
3838 3839
1729 1730
6430 6431
371 372
3479 3480
2463 2464
307 308
6831 6832
5100 5101
2593 2594
147 148
2370 2371
131 132
3068 3069
3544 3545
1842 1843
791 792
4014 4015
9328 9329
8920 8921
7003 7004
6132 6133
7362 7363
5279 5280
5854 5855
1417 1418
6611 6612
8578 8579
5791 5792
3740 3741
7031 7032
9085 9086
5459 5460
9550 9551
9099 9100
8817 8818
6051 6052
7455 7456
8706 8707
7461 7462
4123 4124
6845 6846
434 435
6939 6940
2380 2381
580 581
9224 9225
4824 4825
5981 5982
3590 3591
980 981
3072 3073
8973 8974
9870 9871
3801 3802
49 50
4005 4006
8944 8945
2648 2649
6008 6009
2131 2132
6886 6887
2828 2829
345 346
8579 8580
4253 4254
5041 5042
957 958
2200 2201
2881 2882
4856 4857
9691 9692
9053 9054
2863 2864
6531 6532
5031 5032
1463 1464
7472 7473
3764 3765
8278 8279
9687 9688
9275 9276
9782 9783
6635 6636
9496 9497
7649 7650
3687 3688
1707 1708
7840 7841
5536 5537
114 115
8425 8426
6456 6457
8318 8319
4381 4382
7717 7718
3536 3537
886 887
9405 9406
7133 7134
4065 4066
7577 7578
2969 2970
6920 6921
9945 9946
7457 7458
8597 8598
4363 4364
8386 8387
6746 6747
7612 7613
3033 3034
2489 2490
9162 9163
9556 9557
7919 7920
1996 1997
1589 1590
7515 7516
1331 1332
1941 1942
7268 7269
189 190
2968 2969
2518 2519
5736 5737
1817 1818
8799 8800
7613 7614
8440 8441
6472 6473
4216 4217
7453 7454
6181 6182
2967 2968
7463 7464
7048 7049
5177 5178
6826 6827
7183 7184
9755 9756
532 533
1567 1568
3978 3979
9508 9509
4028 4029
263 264
3844 3845
5521 5522
8611 8612
5136 5137
217 218
4882 4883
2113 2114
1211 1212
6377 6378
8152 8153
2803 2804
7058 7059
7828 7829
8763 8764
5947 5948
7037 7038
7054 7055
2818 2819
5953 5954
7970 7971
5826 5827
6995 6996
3882 3883
1547 1548
6419 6420
4152 4153
4194 4195
1953 1954
8277 8278
935 936
9809 9810
9329 9330
3688 3689
9449 9450
8656 8657
2310 2311
8739 8740
7788 7789
2499 2500
5219 5220
3027 3028
7590 7591
4226 4227
8880 8881
5186 5187
8226 8227
3378 3379
9690 9691
7514 7515
3821 3822
310 311
8450 8451
9872 9873
1540 1541
2636 2637
202 203
3791 3792
6443 6444
2804 2805
1082 1083
3750 3751
1405 1406
12 13
87 88
6552 6553
5406 5407
5045 5046
4921 4922
7744 7745
7922 7923
7139 7140
3367 3368
7573 7574
9415 9416
8486 8487
413 414
512 513
2739 2740
358 359
3036 3037
7073 7074
9907 9908
645 646
6678 6679
2880 2881
9472 9473
7083 7084
2236 2237
2929 2930
428 429
1732 1733
9877 9878
9459 9460
5700 5701
4670 4671
7121 7122
3032 3033
5080 5081
958 959
9767 9768
4729 4730
4497 4498
9222 9223
2562 2563
2795 2796
4936 4937
856 857
2368 2369
7821 7822
393 394
6068 6069
2513 2514
656 657
6719 6720
4560 4561
2666 2667
9875 9876
8872 8873
4116 4117
3824 3825
5971 5972
1008 1009
3360 3361
494 495
6614 6615
9574 9575
9006 9007
7937 7938
4109 4110
3991 3992
4759 4760
1663 1664
625 626
9981 9982
7850 7851
9015 9016
7474 7475
9911 9912
8474 8475
6581 6582
251 252
9850 9851
4293 4294
1206 1207
5619 5620
3214 3215
5056 5057
762 763
1551 1552
8199 8200
613 614
1952 1953
9266 9267
1543 1544
6391 6392
9128 9129
6908 6909
4470 4471
4657 4658
9201 9202
5820 5821
4486 4487
9669 9670
8523 8524
429 430
7556 7557
1335 1336
3217 3218
4242 4243
6949 6950
3871 3872
6217 6218
525 526
4117 4118
731 732
7124 7125
2914 2915
14 15
4846 4847
2952 2953
705 706
1730 1731
1297 1298
5126 5127
4398 4399
5222 5223
8272 8273
6244 6245
7187 7188
7703 7704
1606 1607
9514 9515
8628 8629
340 341
1784 1785
2866 2867
5188 5189
8528 8529
7493 7494
1704 1705
8773 8774
5409 5410
7596 7597
4218 4219
9332 9333
9841 9842
5307 5308
8997 8998
4056 4057
9854 9855
2622 2623
3126 3127
8918 8919
4090 4091
1180 1181
4763 4764
795 796
4421 4422
18 19
1987 1988
153 154
7428 7429
5589 5590
7440 7441
5896 5897
5939 5940
469 470
3069 3070
9935 9936
1175 1176
9312 9313
1337 1338
4858 4859
2491 2492
9532 9533
4683 4684
4484 4485
1038 1039
8215 8216
8331 8332
6598 6599
2876 2877
6098 6099
6257 6258
5970 5971
3248 3249
9818 9819
8547 8548
7321 7322
4955 4956
1895 1896
7746 7747
1301 1302
3115 3116
9886 9887
7851 7852
5635 5636
5397 5398
3288 3289
1466 1467
8413 8414
1159 1160
1974 1975
9843 9844
6713 6714
2251 2252
7760 7761
24 25
3520 3521
1578 1579
5178 5179
6841 6842
2502 2503
165 166
7480 7481
9096 9097
1418 1419
1173 1174
6600 6601
8789 8790
8779 8780
9249 9250
973 974
2294 2295
1794 1795
8431 8432
1741 1742
111 112
9591 9592
1241 1242
425 426
9675 9676
8842 8843
9617 9618
4828 4829
342 343
9357 9358
4965 4966
5095 5096
6231 6232
848 849
1882 1883
6052 6053
9010 9011
9359 9360
9001 9002
7216 7217
3430 3431
6210 6211
6769 6770
6255 6256
4229 4230
1343 1344
9202 9203
3973 3974
2229 2230
6154 6155
8083 8084
4143 4144
9178 9179
4913 4914
4614 4615
5102 5103
8157 8158
2451 2452
9913 9914
4601 4602
2871 2872
5072 5073
4818 4819
6538 6539
313 314
1259 1260
6088 6089
913 914
965 966
2231 2232
9406 9407
1105 1106
8544 8545
1056 1057
6680 6681
4106 4107
6221 6222
4348 4349
3949 3950
2259 2260
2659 2660
2592 2593
4628 4629
508 509
1989 1990
4499 4500
3812 3813
3706 3707
3925 3926
7505 7506
4862 4863
2768 2769
9037 9038
7720 7721
6573 6574
8629 8630
9281 9282
2805 2806
1387 1388
4701 4702
6861 6862
5754 5755
7234 7235
7921 7922
50 51
5162 5163
7219 7220
7099 7100
6513 6514
8102 8103
8082 8083
4951 4952
3751 3752
2512 2513
4432 4433
5805 5806
521 522
4483 4484
1660 1661
7617 7618
2986 2987
9789 9790
9211 9212
7176 7177
1127 1128
3744 3745
8093 8094
2178 2179
4681 4682
5615 5616
5275 5276
6539 6540
8063 8064
302 303
5850 5851
8241 8242
5398 5399
2713 2714
6092 6093
9181 9182
2321 2322
9207 9208
8206 8207
6335 6336
5388 5389
3735 3736
7902 7903
2146 2147
7290 7291
7607 7608
8741 8742
6369 6370
5738 5739
4429 4430
9775 9776
1055 1056
3476 3477
3044 3045
4980 4981
7439 7440
1383 1384
6622 6623
2413 2414
6612 6613
6801 6802
1641 1642
4344 4345
7964 7965
1511 1512
4437 4438
879 880
2847 2848
4672 4673
7086 7087
4715 4716
8748 8749
2403 2404
8827 8828
7294 7295
8518 8519
4208 4209
4386 4387
5585 5586
3609 3610
8210 8211
2590 2591
2644 2645
7448 7449
2520 2521
5844 5845
9595 9596
5827 5828
3197 3198
6484 6485
3166 3167
4279 4280
4214 4215
2735 2736
572 573
8600 8601
4423 4424
4133 4134
1381 1382
765 766
9378 9379
962 963
5349 5350
5106 5107
5610 5611
9048 9049
8646 8647
4579 4580
4850 4851
8464 8465
7350 7351
5657 5658
4886 4887
6803 6804
2998 2999
69 70
1283 1284
2511 2512
5969 5970
1045 1046
2277 2278
8906 8907
3816 3817
8139 8140
130 131
8420 8421
9193 9194
5737 5738
7798 7799
8891 8892
1675 1676
5671 5672
3448 3449
6656 6657
5646 5647
7524 7525
7300 7301
8166 8167
3584 3585
7553 7554
2442 2443
5716 5717
1779 1780
408 409
5075 5076
5104 5105
6066 6067
3100 3101
3002 3003
3400 3401
2049 2050
6267 6268
4806 4807
7406 7407
2401 2402
2506 2507
366 367
4335 4336
2428 2429
2517 2518
149 150
2171 2172
4197 4198
3200 3201
7413 7414
4328 4329
5980 5981
6684 6685
2945 2946
2537 2538
6164 6165
6279 6280
1635 1636
1878 1879
5516 5517
7611 7612
4494 4495
5312 5313
793 794
5701 5702
2631 2632
4246 4247
5076 5077
9925 9926
5090 5091
5065 5066
5081 5082
8011 8012
4661 4662
6912 6913
2043 2044
4304 4305
2068 2069
5569 5570
4940 4941
1161 1162
3372 3373
566 567
9456 9457
5283 5284
2638 2639
9993 9994
542 543
6986 6987
4713 4714
6096 6097
4280 4281
692 693
9288 9289
9830 9831
3127 3128
593 594
8222 8223
597 598
3565 3566
3024 3025
451 452
2815 2816
9483 9484
1802 1803
7670 7671
8592 8593
4968 4969
7716 7717
5174 5175
8256 8257
3502 3503
5088 5089
1059 1060
1991 1992
1620 1621
1854 1855
7642 7643
5727 5728
8969 8970
4255 4256
3187 3188
2233 2234
8664 8665
2160 2161
5239 5240
6740 6741
4148 4149
9492 9493
8359 8360
8308 8309
6062 6063
3311 3312
6928 6929
8926 8927
7656 7657
579 580
2183 2184
3959 3960
6603 6604
4390 4391
2949 2950
3994 3995
3557 3558
7104 7105
1499 1500
5465 5466
6077 6078
6750 6751
6218 6219
1266 1267
4393 4394
8087 8088
7822 7823
7470 7471
7841 7842
5439 5440
2260 2261
7888 7889
7479 7480
4418 4419
5287 5288
7938 7939
5394 5395
1342 1343
9221 9222
3081 3082
4093 4094
1449 1450
2527 2528
479 480
6936 6937
1927 1928
3865 3866
7984 7985
260 261
4401 4402
829 830
8904 8905
6104 6105
7589 7590
4653 4654
943 944
549 550
1459 1460
1158 1159
7253 7254
7547 7548
7080 7081
5526 5527
8324 8325
8788 8789
2201 2202
5063 5064
7064 7065
9444 9445
8040 8041
6976 6977
20 21
2326 2327
4578 4579
4070 4071
1869 1870
3775 3776
1245 1246
4617 4618
3915 3916
1510 1511
6775 6776
3996 3997
5418 5419
3656 3657
1723 1724
9949 9950
4277 4278
1280 1281
3603 3604
3302 3303
7380 7381
1471 1472
9540 9541
5860 5861
1758 1759
9752 9753
9039 9040
8412 8413
5291 5292
9091 9092
8961 8962
2223 2224
9471 9472
1512 1513
9772 9773
6216 6217
2161 2162
9461 9462
5603 5604
7130 7131
959 960
9787 9788
4060 4061
1858 1859
7954 7955
6073 6074
4536 4537
9736 9737
7500 7501
604 605
7520 7521
4466 4467
1703 1704
1948 1949
5377 5378
4225 4226
463 464
7313 7314
3592 3593
4756 4757
3619 3620
3057 3058
6634 6635
8758 8759
6879 6880
2468 2469
7848 7849
8288 8289
8754 8755
4265 4266
1954 1955
5484 5485
7579 7580
8004 8005
1294 1295
3899 3900
5979 5980
3741 3742
977 978
8684 8685
3437 3438
439 440
3413 3414
5540 5541
820 821
9166 9167
8138 8139
1760 1761
4490 4491
9612 9613
2579 2580
9657 9658
1646 1647
4391 4392
1633 1634
8294 8295
6366 6367
9144 9145
3481 3482
3582 3583
9289 9290
6990 6991
4907 4908
3883 3884
312 313
5267 5268
6633 6634
3 4
5724 5725
5547 5548
2230 2231
6000 6001
7879 7880
8858 8859
1791 1792
9296 9297
1515 1516
3468 3469
7240 7241
6842 6843
5901 5902
7754 7755
5866 5867
5368 5369
8515 8516
4431 4432
3058 3059
5338 5339
1217 1218
6991 6992
5213 5214
2762 2763
5530 5531
9436 9437
5560 5561
5935 5936
3093 3094
8297 8298
6843 6844
1489 1490
8094 8095
8949 8950
876 877
3564 3565
9442 9443
2917 2918
3869 3870
3037 3038
2366 2367
5123 5124
2212 2213
1324 1325
3633 3634
9256 9257
3067 3068
9475 9476
8806 8807
4153 4154
221 222
2943 2944
6592 6593
5321 5322
8570 8571
798 799
246 247
5880 5881
4900 4901
89 90
8821 8822
3755 3756
5314 5315
7616 7617
7225 7226
8561 8562
5209 5210
4407 4408
394 395
5537 5538
8839 8840
8197 8198
9244 9245
6535 6536
2432 2433
1871 1872
3201 3202
3533 3534
7834 7835
1535 1536
9486 9487
8645 8646
240 241
6150 6151
2373 2374
7909 7910
1528 1529
2650 2651
8626 8627
5210 5211
5389 5390
135 136
2038 2039
6503 6504
8781 8782
9950 9951
4541 4542
4543 4544
9626 9627
5280 5281
5305 5306
6919 6920
7411 7412
2440 2441
2626 2627
9545 9546
2772 2773
2587 2588
3579 3580
3527 3528
2332 2333
3365 3366
472 473
540 541
3810 3811
6113 6114
9646 9647
1309 1310
4482 4483
5643 5644
5865 5866
4313 4314
8513 8514
1488 1489
1961 1962
8266 8267
1220 1221
426 427
9441 9442
3008 3009
7867 7868
4247 4248
5808 5809
2523 2524
9930 9931
8963 8964
5071 5072
2079 2080
3716 3717
4248 4249
7928 7929
2318 2319
897 898
8828 8829
8030 8031
7819 7820
3019 3020
7229 7230
7446 7447
6172 6173
9577 9578
306 307
7898 7899
6595 6596
9002 9003
3488 3489
6473 6474
1983 1984
1539 1540
2477 2478
8216 8217
8603 8604
6613 6614
9604 9605
254 255
9670 9671
290 291
3629 3630
7165 7166
9634 9635
6375 6376
6274 6275
1670 1671
6545 6546
9209 9210
2100 2101
8884 8885
9495 9496
5812 5813
9316 9317
4015 4016
8989 8990
2679 2680
6732 6733
8299 8300
8587 8588
4675 4676
6412 6413
3130 3131
7925 7926
7750 7751
6276 6277
9270 9271
7536 7537
2127 2128
5786 5787
6049 6050
6994 6995
5125 5126
5433 5434
6894 6895
5611 5612
9551 9552
1638 1639
9529 9530
3705 3706
1436 1437
7668 7669
7855 7856
5233 5234
1409 1410
8635 8636
6212 6213
1752 1753
9391 9392
2219 2220
9498 9499
5269 5270
7156 7157
6745 6746
7911 7912
4776 4777
9262 9263
8062 8063
4963 4964
8050 8051
1116 1117
4235 4236
7601 7602
3918 3919
4345 4346
9482 9483
771 772
7567 7568
7633 7634
3196 3197
7906 7907
675 676
2903 2904
3785 3786
5580 5581
3148 3149
184 185
2192 2193
1936 1937
3189 3190
4352 4353
9720 9721
4631 4632
6582 6583
5817 5818
1162 1163
2959 2960
1209 1210
9849 9850
9853 9854
3014 3015
2412 2413
9708 9709
1738 1739
6179 6180
232 233
8365 8366
3141 3142
7608 7609
9743 9744
6232 6233
2879 2880
2497 2498
8274 8275
5956 5957
8786 8787
6376 6377
9187 9188
5641 5642
1010 1011
1404 1405
4002 4003
4735 4736
5511 5512
729 730
7363 7364
3257 3258
4765 4766
8016 8017
4451 4452
1798 1799
2524 2525
2939 2940
6537 6538
683 684
9130 9131
6433 6434
5325 5326
4181 4182
2613 2614
8889 8890
8249 8250
668 669
2092 2093
1282 1283
6779 6780
8769 8770
6759 6760
1892 1893
8286 8287
3718 3719
5308 5309
7296 7297
5649 5650
8975 8976
6440 6441
25 26
5985 5986
9547 9548
5478 5479
6463 6464
8993 8994
9476 9477
6371 6372
3616 3617
5441 5442
235 236
4261 4262
2535 2536
7348 7349
9067 9068
6003 6004
9233 9234
6426 6427
6223 6224
1912 1913
4182 4183
3199 3200
1682 1683
7603 7604
5847 5848
3258 3259
8377 8378
3080 3081
3198 3199
6916 6917
2190 2191
6523 6524
9155 9156
7931 7932
7488 7489
888 889
2072 2073
2404 2405
4258 4259
1284 1285
1169 1170
4082 4083
5538 5539
3108 3109
6917 6918
6202 6203
3641 3642
3273 3274
5710 5711
2991 2992
5085 5086
8548 8549
2107 2108
3867 3868
8814 8815
1524 1525
1333 1334
5926 5927
8798 8799
9106 9107
2737 2738
3299 3300
9706 9707
8407 8408
9140 9141
6284 6285
3778 3779
3837 3838
5264 5265
96 97
276 277
2334 2335
3297 3298
9239 9240
1054 1055
5957 5958
3950 3951
4613 4614
8208 8209
9967 9968
569 570
5132 5133
2802 2803
3966 3967
468 469
7299 7300
2213 2214
6811 6812
3332 3333
5118 5119
8938 8939
7409 7410
56 57
9672 9673
15 16
917 918
9977 9978
4707 4708
648 649
7673 7674
4893 4894
1052 1053
9812 9813
6762 6763
8298 8299
2591 2592
53 54
7287 7288
9802 9803
410 411
5583 5584
1900 1901
747 748
9677 9678
7606 7607
8937 8938
95 96
2210 2211
3150 3151
2116 2117
8048 8049
6804 6805
5147 5148
3894 3895
2928 2929
5877 5878
4365 4366
5576 5577
6461 6462
4026 4027
3580 3581
3515 3516
3254 3255
3509 3510
4259 4260
3676 3677
456 457
2431 2432
1064 1065
6767 6768
1043 1044
9631 9632
7861 7862
2360 2361
8598 8599
7953 7954
1068 1069
6766 6767
8191 8192
2235 2236
7836 7837
6755 6756
9519 9520
6924 6925
2117 2118
4721 4722
1103 1104
7214 7215
2209 2210
9469 9470
649 650
2346 2347
779 780
326 327
2155 2156
1370 1371
21 22
6004 6005
3182 3183
8499 8500
1238 1239
7163 7164
2905 2906
1982 1983
9570 9571
3097 3098
718 719
9056 9057
5627 5628
5170 5171
242 243
3203 3204
297 298
2604 2605
4232 4233
8995 8996
7777 7778
8543 8544
3760 3761
5733 5734
5060 5061
595 596
206 207
5765 5766
7502 7503
3060 3061
6862 6863
7150 7151
3547 3548
7679 7680
2070 2071
806 807
396 397
262 263
8588 8589
274 275
4186 4187
3926 3927
2479 2480
9951 9952
5451 5452
8339 8340
8627 8628
7039 7040
4112 4113
3347 3348
908 909
8841 8842
9381 9382
5054 5055
6468 6469
2266 2267
7551 7552
7990 7991
8270 8271
1132 1133
2685 2686
9534 9535
8601 8602
2433 2434
5562 5563
6797 6798
4478 4479
275 276
7761 7762
9165 9166
7267 7268
3219 3220
3786 3787
6023 6024
2120 2121
8638 8639
4779 4780
9719 9720
3689 3690
9156 9157
2937 2938
5452 5453
2740 2741
3583 3584
6568 6569
1958 1959
1687 1688
8059 8060
8958 8959
1963 1964
7106 7107
9522 9523
1881 1882
9373 9374
5698 5699
9301 9302
2653 2654
7391 7392
219 220
3168 3169
1699 1700
3922 3923
3534 3535
215 216
6071 6072
4783 4784
2148 2149
2963 2964
3180 3181
5115 5116
58 59
5622 5623
3246 3247
1322 1323
2586 2587
8820 8821
1560 1561
3514 3515
4121 4122
6354 6355
8890 8891
7402 7403
9588 9589
5923 5924
8693 8694
9580 9581
6481 6482
8613 8614
4596 4597
7800 7801
8651 8652
3627 3628
9894 9895
1025 1026
6204 6205
5767 5768
4340 4341
3439 3440
8985 8986
4892 4893
7277 7278
8269 8270
1629 1630
9014 9015
8519 8520
4101 4102
9008 9009
7014 7015
2362 2363
7708 7709
4000 4001
4245 4246
7084 7085
4564 4565
6931 6932
7916 7917
2065 2066
3000 3001
2087 2088
7126 7127
1281 1282
5634 5635
6933 6934
735 736
8356 8357
9924 9925
2317 2318
9623 9624
5157 5158
7870 7871
6120 6121
3654 3655
2338 2339
8002 8003
9628 9629
4326 4327
904 905
8648 8649
1596 1597
4674 4675
1251 1252
3929 3930
2705 2706
1124 1125
3955 3956
519 520
5992 5993
676 677
6962 6963
5416 5417
3577 3578
7118 7119
9109 9110
9601 9602
1072 1073
7315 7316
1121 1122
4124 4125
5574 5575
2258 2259
8478 8479
3409 3410
3942 3943
3662 3663
8755 8756
2392 2393
7770 7771
8965 8966
3850 3851
8955 8956
8081 8082
8071 8072
1066 1067
4860 4861
737 738
7464 7465
459 460
6998 6999
1946 1947
6902 6903
5648 5649
7913 7914
4962 4963
2891 2892
7017 7018
6757 6758
8219 8220
2689 2690
1452 1453
3368 3369
2608 2609
7884 7885
9810 9811
5238 5239
9216 9217
4510 4511
3761 3762
9822 9823
2357 2358
8722 8723
993 994
3988 3989
6300 6301
9668 9669
6685 6686
7892 7893
9175 9176
7705 7706
6532 6533
2500 2501
1504 1505
7069 7070
5623 5624
8530 8531
6966 6967
6925 6926
4234 4235
3964 3965
384 385
8141 8142
6333 6334
9813 9814
110 111
7915 7916
3855 3856
467 468
9491 9492
5624 5625
8677 8678
8023 8024
2225 2226
191 192
9064 9065
1955 1956
1546 1547
5681 5682
9146 9147
9172 9173
5822 5823
5728 5729
5793 5794
2752 2753
4988 4989
7574 7575
7395 7396
6938 6939
716 717
5320 5321
6191 6192
1345 1346
5471 5472
9620 9621
3913 3914
9314 9315
8825 8826
4221 4222
3350 3351
2978 2979
900 901
3886 3887
4950 4951
8679 8680
6058 6059
6984 6985
9068 9069
1131 1132
2287 2288
357 358
3517 3518
3241 3242
1002 1003
5806 5807
1379 1380
8489 8490
4570 4571
5171 5172
4474 4475
6850 6851
8415 8416
4775 4776
3963 3964
5718 5719
1276 1277
949 950
2549 2550
4303 4304
497 498
3065 3066
4975 4976
3018 3019
1491 1492
441 442
7563 7564
3578 3579
1598 1599
9194 9195
9899 9900
2598 2599
6200 6201
9562 9563
4727 4728
3546 3547
9685 9686
4043 4044
5604 5605
7468 7469
734 735
9020 9021
3836 3837
1081 1082
2784 2785
9246 9247
4336 4337
6163 6164
5989 5990
6086 6087
5531 5532
8689 8690
8517 8518
3853 3854
7710 7711
9825 9826
5000 5001
7934 7935
7131 7132
8612 8613
5254 5255
8387 8388
4813 4814
9777 9778
8976 8977
8608 8609
7797 7798
6269 6270
2993 2994
5924 5925
6186 6187
8257 8258
9142 9143
6282 6283
5313 5314
4364 4365
881 882
6479 6480
8158 8159
7697 7698
2687 2688
3849 3850
8790 8791
1047 1048
5417 5418
7212 7213
8085 8086
321 322
5206 5207
6397 6398
34 35
9887 9888
9502 9503
9869 9870
4665 4666
5695 5696
8599 8600
1408 1409
3495 3496
5020 5021
9940 9941
1600 1601
5949 5950
966 967
9733 9734
8174 8175
1307 1308
769 770
6604 6605
3440 3441
8865 8866
4089 4090
4677 4678
1886 1887
4433 4434
1743 1744
228 229
9603 9604
7327 7328
98 99
516 517
179 180
5685 5686
9629 9630
7010 7011
4436 4437
5295 5296
8749 8750
6332 6333
8214 8215
5811 5812
7809 7810
6475 6476
2773 2774
9576 9577
8808 8809
5404 5405
9087 9088
4175 4176
145 146
5752 5753
5503 5504
8840 8841
3787 3788
1731 1732
1772 1773
7236 7237
5890 5891
4159 4160
3503 3504
2271 2272
2165 2166
4384 4385
6580 6581
6107 6108
8950 8951
5561 5562
646 647
7328 7329
4823 4824
4324 4325
2261 2262
4552 4553
578 579
3427 3428
9611 9612
336 337
1728 1729
186 187
440 441
3383 3384
6460 6461
9305 9306
939 940
1644 1645
5486 5487
9437 9438
7859 7860
5337 5338
376 377
9948 9949
2358 2359
3447 3448
9969 9970
2800 2801
3679 3680
1863 1864
9186 9187
9251 9252
5326 5327
5911 5912
5153 5154
1969 1970
5033 5034
1366 1367
6497 6498
4041 4042
1995 1996
4709 4710
9366 9367
5290 5291
338 339
3192 3193
5205 5206
925 926
3195 3196
3337 3338
3819 3820
6638 6639
632 633
5616 5617
1508 1509
1006 1007
9735 9736
8688 8689
5410 5411
4527 4528
9920 9921
2220 2221
6347 6348
2837 2838
1359 1360
3912 3913
861 862
5858 5859
3772 3773
8622 8623
3714 3715
3967 3968
4655 4656
7664 7665
6209 6210
4376 4377
8285 8286
8164 8165
1601 1602
3773 3774
2126 2127
2456 2457
2047 2048
2912 2913
3541 3542
4742 4743
1093 1094
7336 7337
517 518
1786 1787
1012 1013
3104 3105
9934 9935
4638 4639
6089 6090
1771 1772
3446 3447
6353 6354
360 361
9533 9534
1118 1119
1613 1614
2090 2091
4098 4099
7866 7867
8580 8581
5391 5392
9176 9177
5587 5588
4916 4917
1605 1606
2809 2810
1990 1991
6624 6625
6859 6860
9963 9964
8567 8568
8421 8422
2748 2749
4690 4691
9555 9556
3110 3111
4251 4252
5792 5793
6151 6152
6642 6643
2237 2238
7650 7651
6616 6617
5319 5320
2726 2727
9311 9312
8746 8747
2105 2106
8021 8022
4290 4291
7200 7201
5867 5868
4839 4840
6926 6927
3234 3235
5630 5631
4983 4984
9355 9356
8338 8339
3128 3129
2217 2218
8135 8136
1957 1958
6148 6149
4059 4060
8258 8259
7424 7425
5414 5415
8573 8574
5948 5949
5955 5956
9864 9865
5506 5507
1453 1454
7735 7736
138 139
5415 5416
7522 7523
6833 6834
4710 4711
8503 8504
7367 7368
6637 6638
261 262
6625 6626
4031 4032
4649 4650
8017 8018
6934 6935
5302 5303
9978 9979
1076 1077
6838 6839
8766 8767
5914 5915
6628 6629
8458 8459
9027 9028
6330 6331
3354 3355
9919 9920
6771 6772
1691 1692
2268 2269
2796 2797
5652 5653
2275 2276
3663 3664
7784 7785
203 204
5457 5458
754 755
2979 2980
7796 7797
6110 6111
9696 9697
7193 7194
1334 1335
4526 4527
5179 5180
9526 9527
5945 5946
2695 2696
6765 6766
103 104
2385 2386
2206 2207
6729 6730
4284 4285
7737 7738
2406 2407
7977 7978
1597 1598
5667 5668
51 52
2931 2932
7218 7219
5544 5545
8072 8073
7378 7379
6792 6793
9845 9846
2786 2787
2925 2926
2423 2424
6673 6674
8033 8034
6301 6302
3815 3816
1248 1249
937 938
4086 4087
3247 3248
8879 8880
3011 3012
7033 7034
7927 7928
7081 7082
6559 6560
2414 2415
7700 7701
2464 2465
9394 9395
6351 6352
6877 6878
9309 9310
1152 1153
4720 4721
6038 6039
4784 4785
7783 7784
7758 7759
5577 5578
3464 3465
8120 8121
7503 7504
1326 1327
6761 6762
6910 6911
3170 3171
8737 8738
8003 8004
6501 6502
4855 4856
4092 4093
1260 1261
5633 5634
5838 5839
1768 1769
5878 5879
2911 2912
4939 4940
3138 3139
1950 1951
4441 4442
8289 8290
9726 9727
339 340
4554 4555
4357 4358
6017 6018
5942 5943
6195 6196
421 422
7585 7586
2369 2370
6561 6562
5692 5693
77 78
121 122
9852 9853
6977 6978
2349 2350
8485 8486
5555 5556
7478 7479
5824 5825
3610 3611
563 564
9918 9919
9240 9241
8475 8476
6518 6519
8375 8376
4849 4850
385 386
9511 9512
951 952
3712 3713
1803 1804
1944 1945
7004 7005
3155 3156
8190 8191
1464 1465
8220 8221
1805 1806
5018 5019
6747 6748
8494 8495
7186 7187
9704 9705
5520 5521
9528 9529
7220 7221
3331 3332
9958 9959
4020 4021
3766 3767
5841 5842
2149 2150
204 205
6250 6251
7310 7311
3813 3814
2153 2154
8459 8460
7518 7519
3351 3352
8647 8648
4195 4196
3160 3161
5341 5342
3572 3573
90 91
3790 3791
5142 5143
7385 7386
2821 2822
1864 1865
8939 8940
1480 1481
2561 2562
185 186
666 667
3631 3632
1698 1699
1766 1767
1897 1898
9399 9400
9075 9076
6875 6876
1583 1584
3329 3330
9487 9488
5365 5366
5664 5665
3312 3313
8364 8365
6340 6341
5907 5908
4289 4290
3478 3479
2616 2617
6704 6705
6791 6792
7496 7497
8936 8937
6362 6363
8393 8394
1279 1280
790 791
8762 8763
7361 7362
6057 6058
1571 1572
8658 8659
3907 3908
7636 7637
1079 1080
6660 6661
8633 8634
2390 2391
5837 5838
2697 2698
880 881
3434 3435
6789 6790
5028 5029
4520 4521
5513 5514
2629 2630
35 36
5217 5218
6810 6811
2817 2818
389 390
2594 2595
7012 7013
6863 6864
7965 7966
1810 1811
6175 6176
1835 1836
5408 5409
1876 1877
1344 1345
7355 7356
7976 7977
8692 8693
7226 7227
2121 2122
4698 4699
4795 4796
9430 9431
367 368
2324 2325
8029 8030
8620 8621
2420 2421
8970 8971
2416 2417
6045 6046
3841 3842
4904 4905
8148 8149
2775 2776
8830 8831
2617 2618
5785 5786
7405 7406
5029 5030
3917 3918
678 679
2728 2729
4608 4609
9827 9828
3525 3526
2364 2365
3375 3376
3175 3176
4519 4520
1565 1566
9200 9201
7152 7153
1013 1014
5276 5277
4267 4268
3951 3952
5198 5199
794 795
9365 9366
1713 1714
1822 1823
1570 1571
6548 6549
8911 8912
515 516
9179 9180
1244 1245
9806 9807
6095 6096
7487 7488
2139 2140
1035 1036
4761 4762
978 979
8381 8382
1486 1487
4635 4636
2221 2222
486 487
1252 1253
2558 2559
1829 1830
2848 2849
7782 7783
6408 6409
4997 4998
6674 6675
3605 3606
5578 5579
8864 8865
4468 4469
732 733
7217 7218
3264 3265
2466 2467
7852 7853
8535 8536
3709 3710
9856 9857
3218 3219
2055 2056
1617 1618
2086 2087
4622 4623
3268 3269
8430 8431
4457 4458
3010 3011
5446 5447
3319 3320
931 932
3438 3439
5549 5550
2860 2861
9269 9270
9844 9845
349 350
5756 5757
4045 4046
7371 7372
3052 3053
3457 3458
2915 2916
2563 2564
6290 6291
7538 7539
1816 1817
1171 1172
9734 9735
859 860
5074 5075
3558 3559
6553 6554
9026 9027
8293 8294
6794 6795
8483 8484
374 375
2124 2125
8520 8521
6442 6443
4791 4792
343 344
9770 9771
538 539
4599 4600
571 572
3005 3006
3134 3135
7920 7921
6082 6083
5025 5026
5271 5272
775 776
9264 9265
5631 5632
6363 6364
629 630
2765 2766
1856 1857
3017 3018
5309 5310
5764 5765
1368 1369
2386 2387
4837 4838
4914 4915
6881 6882
3999 4000
609 610
7329 7330
2904 2905
5689 5690
4705 4706
1125 1126
4132 4133
9771 9772
4111 4112
6122 6123
1659 1660
8935 8936
4741 4742
4750 4751
767 768
1323 1324
7690 7691
8453 8454
2964 2965
7223 7224
7941 7942
3202 3203
3965 3966
6298 6299
8838 8839
7 8
1060 1061
1966 1967
9589 9590
6106 6107
300 301
8236 8237
600 601
6776 6777
383 384
3238 3239
7680 7681
159 160
4375 4376
4636 4637
2722 2723
3822 3823
1685 1686
278 279
6802 6803
8263 8264
2381 2382
9697 9698
7198 7199
4337 4338
3309 3310
2030 2031
7418 7419
7714 7715
3817 3818
2543 2544
6932 6933
6694 6695
4049 4050
2869 2870
2797 2798
7447 7448
2924 2925
3386 3387
9374 9375
4964 4965
2384 2385
8550 8551
6813 6814
422 423
5532 5533
3281 3282
5354 5355
6981 6982
4033 4034
9242 9243
703 704
6734 6735
7694 7695
5440 5441
1347 1348
8137 8138
2776 2777
2063 2064
8695 8696
6519 6520
129 130
2137 2138
5999 6000
9024 9025
7397 7398
1972 1973
1305 1306
8556 8557
1501 1502
5281 5282
7147 7148
5788 5789
3848 3849
6324 6325
3532 3533
414 415
5715 5716
6348 6349
8818 8819
6270 6271
3118 3119
2699 2700
7988 7989
7791 7792
4841 4842
3285 3286
5943 5944
6907 6908
380 381
2103 2104
8618 8619
3021 3022
6032 6033
3267 3268
7191 7192
3222 3223
8074 8075
7504 7505
1195 1196
9544 9545
2954 2955
3615 3616
2738 2739
5783 5784
4467 4468
4754 4755
2166 2167
2465 2466
1715 1716
8303 8304
1139 1140
2319 2320
1290 1291
4228 4229
7264 7265
2422 2423
3380 3381
8516 8517
9947 9948
9103 9104
9298 9299
4275 4276
7093 7094
478 479
5709 5710
7195 7196
4514 4515
5479 5480
2566 2567
6829 6830
139 140
9891 9892
9656 9657
4642 4643
547 548
6778 6779
5370 5371
1458 1459
9247 9248
2533 2534
3727 3728
2620 2621
8812 8813
6511 6512
7365 7366
5661 5662
2788 2789
6352 6353
3325 3326
6606 6607
2439 2440
8794 8795
108 109
4842 4843
7820 7821
452 453
2355 2356
6627 6628
2938 2939
2733 2734
6562 6563
1847 1848
8873 8874
8349 8350
3076 3077
4250 4251
5777 5778
9837 9838
3581 3582
8403 8404
8482 8483
8395 8396
375 376
4469 4470
7278 7279
364 365
4178 4179
6227 6228
9652 9653
3947 3948
8119 8120
9494 9495
484 485
3436 3437
9724 9725
8035 8036
5447 5448
2552 2553
268 269
621 622
2197 2198
9223 9224
1434 1435
1205 1206
9263 9264
4347 4348
1711 1712
5200 5201
927 928
3336 3337
2678 2679
8163 8164
2193 2194
3308 3309
2893 2894
8732 8733
2168 2169
2916 2917
8537 8538
7343 7344
9418 9419
5278 5279
8845 8846
2239 2240
4325 4326
445 446
2337 2338
4926 4927
6708 6709
167 168
6075 6076
7318 7319
7948 7949
4589 4590
2215 2216
5387 5388
1717 1718
1140 1141
6619 6620
241 242
3674 3675
3330 3331
495 496
6551 6552
7628 7629
2836 2837
5263 5264
7833 7834
5900 5901
3151 3152
355 356
7283 7284
877 878
3906 3907
7157 7158
889 890
1235 1236
930 931
1994 1995
2102 2103
2253 2254
9173 9174
4023 4024
1243 1244
2961 2962
8460 8461
8621 8622
7794 7795
6198 6199
9286 9287
424 425
1461 1462
9428 9429
5240 5241
8045 8046
3559 3560
6155 6156
5609 5610
3443 3444
5423 5424
6588 6589
5427 5428
7072 7073
5636 5637
8147 8148
1804 1805
7271 7272
1129 1130
9674 9675
1630 1631
586 587
8586 8587
7109 7110
4972 4973
4493 4494
1891 1892
3548 3549
898 899
5334 5335
2142 2143
7444 7445
7489 7490
607 608
2427 2428
6268 6269
8112 8113
8913 8914
7207 7208
9593 9594
5375 5376
93 94
8809 8810
3928 3929
617 618
1875 1876
9143 9144
8802 8803
4851 4852
6149 6150
2975 2976
91 92
6272 6273
7558 7559
4986 4987
2717 2718
2791 2792
1314 1315
1286 1287
6914 6915
8991 8992
8441 8442
6373 6374
2709 2710
9590 9591
1800 1801
3677 3678
8350 8351
8378 8379
2868 2869
2841 2842
1104 1105
3149 3150
6215 6216
442 443
686 687
5978 5979
2438 2439
1761 1762
3796 3797
9506 9507
6420 6421
699 700
3957 3958
3971 3972
7826 7827
8283 8284
899 900
3847 3848
7660 7661
9876 9877
1747 1748
4126 4127
2361 2362
2185 2186
2649 2650
1690 1691
8699 8700
4832 4833
3377 3378
7681 7682
387 388
3983 3984
2387 2388
247 248
5859 5860
873 874
5959 5960
1009 1010
7545 7546
7762 7763
9986 9987
2996 2997
9104 9105
1683 1684
490 491
4207 4208
2315 2316
955 956
1917 1918
7699 7700
1451 1452
6249 6250
5329 5330
1585 1586
5883 5884
7510 7511
5185 5186
722 723
3830 3831
6848 6849
2706 2707
6940 6941
2942 2943
443 444
6145 6146
5556 5557
1522 1523
1222 1223
6319 6320
2359 2360
9908 9909
3724 3725
7330 7331
7637 7638
6401 6402
1001 1002
4385 4386
152 153
7495 7496
9794 9795
1188 1189
550 551
6824 6825
7499 7500
7309 7310
4034 4035
4982 4983
7306 7307
1781 1782
1455 1456
2363 2364
4987 4988
1608 1609
6108 6109
1221 1222
1377 1378
3870 3871
6799 6800
7188 7189
7576 7577
5042 5043
8871 8872
328 329
4191 4192
8207 8208
5140 5141
9432 9433
6893 6894
1928 1929
4145 4146
1425 1426
377 378
2059 2060
4790 4791
804 805
1807 1808
1840 1841
2314 2315
4772 4773
1369 1370
4602 4603
8714 8715
1751 1752
1151 1152
7002 7003
1339 1340
8843 8844
9350 9351
2892 2893
3055 3056
9062 9063
5220 5221
8705 8706
3874 3875
9410 9411
5087 5088
8813 8814
74 75
4127 4128
2282 2283
3015 3016
4029 4030
5599 5600
6967 6968
5853 5854
2453 2454
8014 8015
5502 5503
749 750
6304 6305
9761 9762
919 920
314 315
657 658
1493 1494
1536 1537
3563 3564
9025 9026
4378 4379
3672 3673
7678 7679
5187 5188
4917 4918
893 894
3930 3931
669 670
826 827
6922 6923
1234 1235
6583 6584
1796 1797
2151 2152
1123 1124
6892 6893
1316 1317
9509 9510
6093 6094
488 489
7242 7243
6569 6570
70 71
3720 3721
3975 3976
9438 9439
8895 8896
9664 9665
4857 4858
4879 4880
6266 6267
1303 1304
527 528
9213 9214
6648 6649
2844 2845
8531 8532
7132 7133
9040 9041
6963 6964
4827 4828
6275 6276
7975 7976
8661 8662
6836 6837
839 840
7940 7941
5448 5449
9927 9928
865 866
8999 9000
1336 1337
6594 6595
2378 2379
26 27
3492 3493
501 502
1859 1860
713 714
4894 4895
4685 4686
9820 9821
2588 2589
2344 2345
7959 7960
353 354
5180 5181
8642 8643
8649 8650
3349 3350
9480 9481
2564 2565
2553 2554
9052 9053
5154 5155
8488 8489
1410 1411
7662 7663
6528 6529
8317 8318
7325 7326
5355 5356
9435 9436
7530 7531
296 297
2507 2508
8209 8210
1831 1832
8709 8710
5703 5704
2069 2070
3680 3681
7394 7395
5842 5843
3499 3500
5386 5387
6378 6379
8090 8091
5840 5841
3322 3323
5361 5362
2581 2582
8127 8128
9272 9273
8700 8701
8193 8194
784 785
4551 4552
1338 1339
1485 1486
3291 3292
7334 7335
2673 2674
9108 9109
2272 2273
236 237
