10000
6758 5571
4180 5571
3815 5571
1517 5571
5571 7816
9044 5571
5571 2007
3775 5571
5571 8305
4694 5571
5571 1532
6405 5571
5943 5571
5571 7910
5571 1245
4665 5571
9473 5571
6194 5571
5571 5577
9167 5571
5571 1502
2040 6758
1678 6758
5670 6758
4927 6758
4153 6758
6758 600
6758 179
6758 7559
6758 4258
6758 109
2881 6758
6758 4097
2168 6758
1697 6758
6758 8623
7557 6758
5614 6758
6758 3168
6758 8838
7466 6758
6758 7315
4180 5106
4180 2721
8159 4180
4180 2707
4180 7043
7703 4180
4180 52
1467 4180
4180 1492
414 4180
4018 4180
4180 2308
1495 4180
722 4180
4180 9942
4180 8060
3693 4180
7829 4180
976 4180
4180 78
6905 4180
8331 3815
3815 7212
3815 5821
3815 2497
3511 3815
3815 7458
3600 3815
3815 952
3815 1724
3815 9173
3815 3750
8811 3815
3815 535
1927 3815
3815 4300
4629 3815
3815 7915
3815 2576
3815 7031
3815 5890
3815 1569
9306 1517
2146 1517
406 1517
1517 2364
1517 9708
6636 1517
1517 9934
8574 1517
1517 4495
2586 1517
5355 1517
1517 6458
1517 7161
1517 4542
1517 9789
8844 1517
1517 4666
6022 1517
1517 4223
1517 6032
1517 3319
8925 7816
4179 7816
7816 2629
7816 6750
8166 7816
85 7816
7816 8442
7816 1915
3556 7816
2827 7816
7816 3416
8373 7816
376 7816
6795 7816
7816 7883
6716 7816
4519 7816
7816 204
8617 7816
7407 7816
7816 5185
9044 6857
9044 7310
3917 9044
5591 9044
9044 8300
9720 9044
6435 9044
5930 9044
9044 7994
5038 9044
7428 9044
9044 2295
9044 6741
7314 9044
9877 9044
7668 9044
9044 3734
9044 2932
5601 9044
9044 2748
9044 5959
6927 2007
5523 2007
2007 423
2007 7998
5052 2007
2007 8010
2007 2788
3619 2007
2007 1082
5761 2007
2007 6008
5513 2007
2007 9760
2007 4687
2007 5333
2007 3909
4197 2007
2622 2007
5801 2007
2178 2007
621 2007
3775 7145
3775 5958
484 3775
3775 1251
3775 329
3775 9448
3775 5140
3775 1062
3775 9985
7107 3775
3775 4772
3775 2552
3775 5999
3775 6027
3775 1565
3775 7947
9043 3775
3102 3775
7379 3775
5153 3775
3775 3335
8305 3827
8305 1752
8305 849
5010 8305
1939 8305
8305 8613
6543 8305
2039 8305
8305 1769
8305 7787
7454 8305
413 8305
8305 2772
8305 7848
4058 8305
8305 8523
2802 8305
8305 2144
3211 8305
2961 8305
8305 8266
4694 475
4939 4694
2019 4694
3340 4694
4694 8583
7141 4694
5767 4694
4694 7235
1751 4694
916 4694
5059 4694
4894 4694
4694 2898
4694 6294
7706 4694
924 4694
4694 9688
4694 5721
4694 9639
4411 4694
4694 6906
1532 7197
4525 1532
6258 1532
1532 313
1532 884
1532 9694
1532 3768
1532 3221
1532 1627
8002 1532
3971 1532
1532 6235
1001 1532
1274 1532
4674 1532
4052 1532
1532 5391
2179 1532
9090 1532
1532 5604
9060 1532
9308 6405
6739 6405
6405 6780
6405 8094
3777 6405
6405 6347
5561 6405
6405 8393
6405 1484
6405 219
3484 6405
6405 2917
6405 6846
9707 6405
6800 6405
5939 6405
6405 8675
6405 103
2231 6405
6405 8576
6405 8370
5943 1848
5943 705
112 5943
9312 5943
5943 4657
5943 5394
4801 5943
5943 5123
3320 5943
18 5943
3762 5943
9324 5943
3156 5943
5943 8936
6665 5943
5943 5792
5943 3582
5943 5397
7181 5943
6233 5943
5943 5734
9015 7910
7910 3451
7910 6856
9296 7910
5769 7910
100 7910
2166 7910
2432 7910
7910 5023
7910 2632
7910 3454
497 7910
7910 3883
7910 848
7910 6735
1015 7910
7910 4760
7910 4978
9648 7910
4521 7910
7910 32
9823 1245
8832 1245
5205 1245
9693 1245
1245 6265
1245 1221
1245 314
1245 6363
1245 5716
1245 4305
1245 8316
3814 1245
2976 1245
4661 1245
2345 1245
1245 5856
5877 1245
1229 1245
2786 1245
1245 3821
6364 1245
4665 6203
4665 8573
4665 8040
2465 4665
4665 9912
4665 8972
4665 555
9224 4665
4665 2768
4049 4665
7367 4665
4665 4095
47 4665
4665 1936
8487 4665
4665 1422
8862 4665
4665 5251
1622 4665
4665 7328
4665 3670
9473 7870
4969 9473
9473 6502
9473 5000
9473 8191
9473 6366
5046 9473
9473 3652
1371 9473
9546 9473
4961 9473
9473 2868
9473 8712
9473 6400
9473 3321
1514 9473
641 9473
9473 4596
9473 3874
9473 4608
9473 5522
1504 6194
6194 7698
8075 6194
6132 6194
6194 3445
6194 8005
9117 6194
6194 817
1156 6194
6194 5983
9896 6194
1985 6194
5977 6194
4973 6194
6194 8195
6194 7063
4056 6194
6194 2164
6194 6931
2021 6194
6194 4130
5577 9313
5577 666
3932 5577
4 5577
1856 5577
5577 2672
5577 1583
5577 1099
7214 5577
4261 5577
133 5577
5577 1819
5577 6002
5092 5577
7918 5577
8345 5577
5452 5577
6334 5577
6908 5577
5577 6219
122 5577
9167 8644
9167 76
7526 9167
8441 9167
9297 9167
7689 9167
9167 7447
939 9167
8472 9167
9167 4815
9167 8706
1937 9167
9167 3433
9167 344
8068 9167
3048 9167
4676 9167
9167 6266
2399 9167
1331 9167
9167 1521
903 1502
1502 8063
1564 1502
8051 1502
1502 5461
7558 1502
7366 1502
2897 1502
8283 1502
1502 5327
1502 3608
1502 2118
1502 2807
1502 3388
5898 1502
8895 1502
1502 5190
7387 1502
4745 1502
1515 1502
1502 2271
8919 2040
2040 6074
3809 2040
8384 2040
5619 2040
4764 2040
8596 2040
2227 2040
1948 2040
2040 5700
8334 2040
8745 2040
2040 7913
2040 9807
2040 4656
9099 2040
2040 7489
2040 2036
1965 2040
8251 2040
93 2040
1678 5795
3986 1678
5213 1678
1678 9024
6252 1678
1678 2867
1678 5404
6816 1678
1678 3612
4294 1678
1678 4082
8301 1678
2542 1678
1678 3850
6912 1678
7441 1678
1678 428
1678 7583
1678 3039
1678 1117
1678 9135
5670 863
1500 5670
9443 5670
1211 5670
5013 5670
4722 5670
8076 5670
4434 5670
4535 5670
9586 5670
8689 5670
4363 5670
4404 5670
5670 3334
8996 5670
5670 1823
5670 5845
5670 6573
3657 5670
5670 5099
7061 5670
4927 2564
526 4927
4927 3302
4927 2467
5457 4927
4927 4631
7130 4927
4927 1091
3186 4927
5774 4927
8911 4927
5537 4927
5414 4927
4927 9568
4927 1695
1964 4927
4927 3746
4927 9304
4927 1909
4927 874
4927 2261
4153 8966
7288 4153
4153 3704
3749 4153
4153 6571
8765 4153
4153 1437
6212 4153
4153 2428
4153 8023
4153 6061
4153 9104
6790 4153
2415 4153
5781 4153
4153 8488
4153 1824
4153 4885
4153 2025
4153 9842
3236 4153
8156 600
600 2022
600 1144
600 1219
8795 600
2096 600
2835 600
600 2664
600 9413
2918 600
3731 600
600 1284
600 5697
7960 600
600 6793
600 8455
600 3503
600 9725
3071 600
1928 600
6809 600
5044 179
179 3772
9634 179
7119 179
7049 179
179 2049
179 1691
6725 179
5220 179
179 1740
2562 179
9816 179
944 179
179 6496
1108 179
2877 179
179 9590
179 7898
9238 179
179 4746
179 3408
7559 2589
6947 7559
1639 7559
1370 7559
7559 3535
7559 2073
7559 3042
7681 7559
9732 7559
7559 4861
3287 7559
7559 3970
892 7559
2914 7559
7559 9854
7559 248
7559 5986
7559 8162
6210 7559
7559 5074
7559 3045
1575 4258
4258 1880
8015 4258
1701 4258
2087 4258
1241 4258
4258 4916
4813 4258
4258 619
7356 4258
4258 7759
3656 4258
5556 4258
4672 4258
4258 4111
3159 4258
4258 6519
4258 22
7937 4258
4258 9539
4258 3428
109 5981
109 5663
109 3085
8940 109
8169 109
109 759
7149 109
1658 109
1348 109
109 7731
2744 109
109 3271
5101 109
8397 109
109 5502
6631 109
109 1710
109 5911
109 5196
2850 109
109 8352
2881 3542
6830 2881
2881 7262
2881 1828
807 2881
7395 2881
8591 2881
3790 2881
2881 844
1615 2881
2881 6743
151 2881
2881 5226
4828 2881
2881 7687
7970 2881
954 2881
2881 7176
6923 2881
2881 7919
5758 2881
7980 4097
4097 1922
5925 4097
4097 8897
4097 9350
4340 4097
4097 3703
4097 258
3686 4097
3079 4097
5976 4097
7375 4097
4097 3558
4097 4707
4097 1673
4097 815
7499 4097
4097 7569
4097 1354
2490 4097
4097 7593
2168 8785
2168 9710
2168 3072
8144 2168
6714 2168
2168 6488
781 2168
142 2168
6489 2168
4906 2168
6254 2168
1469 2168
909 2168
4606 2168
2168 9113
608 2168
2168 9700
3676 2168
9337 2168
2168 2360
2168 4703
1697 7020
3418 1697
1094 1697
5077 1697
1697 837
8649 1697
1697 3149
2097 1697
1443 1697
8462 1697
1008 1697
476 1697
1697 6784
9372 1697
6005 1697
4012 1697
4297 1697
2332 1697
1697 8115
2951 1697
1697 5909
8623 4014
8623 7400
8623 8207
2215 8623
8623 8855
3482 8623
8623 1339
7442 8623
8623 2378
2140 8623
8623 965
8623 2057
584 8623
8623 6865
6851 8623
8623 7675
4008 8623
8623 3713
8623 5064
8623 4309
8623 6903
7557 3110
5027 7557
7557 9292
7557 9645
7557 7955
4695 7557
4920 7557
7013 7557
3379 7557
7557 3442
7557 4567
7557 735
8244 7557
7557 5130
7557 3301
2889 7557
809 7557
7557 937
7557 4034
676 7557
7348 7557
865 5614
5614 404
5614 9339
7587 5614
5980 5614
5614 6731
5614 2403
5614 6287
2568 5614
4160 5614
5614 3918
5614 8666
6209 5614
2062 5614
5671 5614
1090 5614
105 5614
5520 5614
1513 5614
5614 7956
5614 2528
4550 3168
3168 1539
6187 3168
3168 5703
3168 6813
3168 4232
158 3168
6860 3168
3168 7522
774 3168
8762 3168
5086 3168
3168 4680
3168 8594
9130 3168
8427 3168
1511 3168
9671 3168
3168 73
3168 3922
3168 2730
1768 8838
8838 655
8838 6036
6990 8838
8838 1163
581 8838
9194 8838
8838 5
8838 5424
8838 8129
8838 1792
8838 543
8838 3
9531 8838
4611 8838
3847 8838
8866 8838
8838 6920
3903 8838
3999 8838
8838 2620
3530 7466
7466 2593
7377 7466
7466 1923
9621 7466
7466 1132
7466 7735
7466 2816
472 7466
7205 7466
7466 339
7466 9290
7466 8099
7466 4795
201 7466
7466 5597
7466 9844
7466 6059
7466 5551
501 7466
7466 3755
9696 7315
7315 7660
7315 3067
5995 7315
7389 7315
4727 7315
7315 5844
1304 7315
5666 7315
7315 7692
9066 7315
9455 7315
7315 3250
7315 1882
1139 7315
4959 7315
1398 7315
7315 5378
9940 7315
4947 7315
3249 7315
5106 5368
1267 5106
5106 681
5106 4452
5106 2861
929 5106
5106 7797
3180 5106
9873 5106
935 5106
6538 5106
5106 4531
5106 6449
5106 7437
5106 2989
5106 7072
6437 5106
5106 1165
2201 5106
5106 957
225 5106
4752 2721
2721 8400
2721 9447
8741 2721
2721 1773
285 2721
2721 4731
8376 2721
4350 2721
2721 8860
2721 8611
95 2721
4753 2721
2721 1397
9932 2721
7535 2721
7073 2721
6509 2721
352 2721
7705 2721
2721 4511
8159 8690
8159 4128
652 8159
8159 9699
8159 9412
800 8159
7075 8159
8159 1592
5876 8159
6459 8159
8159 9650
8159 4032
855 8159
8159 2383
6075 8159
6960 8159
3201 8159
9281 8159
1276 8159
8159 1270
3718 8159
2707 3601
2707 2579
2707 3705
2707 8003
2707 4132
2707 8684
2707 1977
2707 2291
2707 9924
1525 2707
7035 2707
3010 2707
7650 2707
2707 8906
2707 8085
2707 4851
9084 2707
8473 2707
2707 7796
5938 2707
2707 2341
3769 7043
9491 7043
8066 7043
9733 7043
5843 7043
9174 7043
7043 8865
7043 9187
7043 4512
7043 7492
1083 7043
188 7043
8716 7043
7043 2352
7043 4792
7043 6446
1765 7043
2424 7043
7925 7043
7043 3910
7043 6018
5826 7703
7703 2997
3812 7703
5429 7703
6693 7703
2198 7703
9541 7703
7703 2646
7703 8314
7284 7703
7703 2279
7703 8502
4585 7703
1503 7703
1441 7703
7703 5377
7703 5808
7703 9802
8329 7703
7234 7703
7703 2503
52 8067
5405 52
496 52
5612 52
52 2328
3026 52
52 2109
52 1126
52 5387
5653 52
52 6345
52 3228
7982 52
52 6798
52 2042
52 8758
3780 52
52 2017
8252 52
2210 52
4236 52
1467 9370
7882 1467
3806 1467
1467 9437
1467 5284
1467 5879
8624 1467
5929 1467
1467 5622
1467 8992
1467 5711
1467 7851
1467 7287
1467 7295
5415 1467
8970 1467
5782 1467
1467 9367
1467 7536
7038 1467
1467 3629
7959 1492
1492 2974
4466 1492
5918 1492
2155 1492
3266 1492
1492 9575
8723 1492
9399 1492
1492 8543
1492 1012
1492 1400
5681 1492
1492 5595
4677 1492
1492 9017
1492 4257
6431 1492
1492 5191
1492 5312
1492 5321
1136 414
2711 414
414 941
414 2330
8658 414
414 6200
3788 414
3860 414
4883 414
414 8738
2971 414
414 7416
6284 414
1988 414
414 2890
4161 414
414 5510
414 9151
414 2213
414 785
6029 414
4419 4018
4018 9923
4018 6581
1690 4018
4400 4018
4018 1043
4018 9196
4018 1303
1805 4018
3564 4018
5375 4018
5035 4018
4018 7323
4018 9620
4018 4564
4018 3972
4018 2680
4018 1103
4018 7172
4018 166
4018 5687
7842 2308
2308 4632
437 2308
2308 3940
2308 1352
2308 1216
5616 2308
1160 2308
2811 2308
4225 2308
9624 2308
2308 4926
9532 2308
2308 7763
6894 2308
2308 6885
9307 2308
2308 2931
2308 1650
846 2308
2308 6772
1495 9105
31 1495
8074 1495
156 1495
1495 6965
9193 1495
1495 3162
4704 1495
1495 8388
1495 2172
7406 1495
5869 1495
1495 6186
1495 9252
1495 6099
9996 1495
1495 5675
6342 1495
1495 5575
1495 8296
6031 1495
241 722
722 9124
722 5615
237 722
3870 722
722 4954
9888 722
722 5839
7322 722
722 7092
722 9477
3027 722
8299 722
722 7825
722 2546
5785 722
722 3494
722 1004
722 8043
1566 722
722 1530
9942 2592
9942 1040
7619 9942
1671 9942
9942 7921
9942 7527
3011 9942
6541 9942
5545 9942
9942 9745
9942 99
5320 9942
1875 9942
9942 6616
4619 9942
4265 9942
9942 4995
7088 9942
9441 9942
9942 3944
9942 3948
8080 8060
8060 9690
4859 8060
8060 5951
8060 8221
8060 1729
6421 8060
9884 8060
8060 9004
8060 5562
8060 305
1185 8060
8060 1374
8060 768
578 8060
3965 8060
6057 8060
536 8060
4253 8060
8060 9885
8060 6944
2980 3693
3693 9936
3693 9209
3693 6173
3693 2900
3206 3693
3693 87
3693 2929
3693 1866
4075 3693
3693 1115
4595 3693
5912 3693
1464 3693
3693 8930
6192 3693
8048 3693
3693 5524
3693 1607
3693 1580
5084 3693
9852 7829
2864 7829
97 7829
7264 7829
888 7829
4024 7829
440 7829
7829 2854
7829 7137
3197 7829
7829 6321
4997 7829
7829 6902
2127 7829
8111 7829
7829 7386
7829 8680
7829 2927
7829 7258
7829 2567
7829 8246
976 5820
6975 976
976 777
976 9891
3561 976
8154 976
7607 976
976 3386
976 6283
976 222
976 9170
7544 976
976 9945
976 1636
7696 976
976 5210
2778 976
976 9369
4509 976
3507 976
976 3357
7866 78
78 9133
78 6341
8794 78
7977 78
78 725
1642 78
78 2152
2052 78
78 3934
78 1147
8263 78
2557 78
9183 78
300 78
8722 78
3982 78
749 78
6794 78
78 8483
78 3424
7872 6905
3636 6905
6905 611
4002 6905
6905 1360
6905 4577
6880 6905
6905 6483
6905 8653
6905 6178
3081 6905
2353 6905
1426 6905
4548 6905
3525 6905
6905 5015
5421 6905
4397 6905
6151 6905
6905 1
6905 2524
9225 8331
517 8331
8331 2843
8331 4830
4925 8331
8331 1328
8331 5482
9334 8331
8331 4203
2068 8331
7317 8331
8331 8549
8331 1203
8331 4945
8331 8517
3691 8331
8331 9269
3126 8331
8331 2537
6424 8331
6167 8331
7212 4702
6307 7212
7212 2654
2561 7212
1830 7212
7212 9363
6105 7212
8757 7212
7212 8203
7212 3030
3310 7212
7212 6518
1273 7212
7212 4756
7212 486
7212 1336
2673 7212
7564 7212
197 7212
7212 4448
7101 7212
5971 5821
9504 5821
5821 6468
5821 653
5821 8926
2035 5821
5821 1528
2202 5821
3142 5821
6579 5821
4566 5821
5821 3653
5821 4904
3012 5821
5821 9475
1540 5821
4207 5821
5821 6644
5821 5170
5821 8222
5821 2607
710 2497
2497 5718
2497 6093
2541 2497
1095 2497
2497 7103
6730 2497
2497 6337
9793 2497
7948 2497
2497 2660
2497 7354
4517 2497
3326 2497
5193 2497
9654 2497
2497 7007
3610 2497
2497 8769
2497 5021
4911 2497
8021 3511
7233 3511
7969 3511
3511 6143
3511 229
6003 3511
7396 3511
4183 3511
3511 483
3511 3476
3511 9560
2161 3511
4977 3511
3511 7972
3511 7432
8717 3511
3511 1296
2398 3511
4482 3511
3511 739
3511 1054
7458 332
7458 695
7458 5152
7458 732
5271 7458
9508 7458
6450 7458
7458 1146
6939 7458
2875 7458
7458 7094
7775 7458
7458 4072
148 7458
7458 9843
7458 2105
7625 7458
8660 7458
7458 4522
7458 9176
7458 8424
3600 1637
3347 3600
4093 3600
2686 3600
4914 3600
3600 1894
5104 3600
9917 3600
1153 3600
3600 5586
5629 3600
5625 3600
4712 3600
3600 7224
4037 3600
3600 7220
3600 881
3600 2597
3600 5176
1719 3600
2264 3600
952 9156
952 3620
861 952
952 3276
6742 952
3233 952
952 1723
952 8324
952 6866
5329 952
952 261
952 8444
5882 952
952 4112
952 2126
952 2354
3778 952
5846 952
952 1998
952 2531
1968 952
1724 4949
5002 1724
1724 9649
1724 6336
1724 3453
1724 2409
7194 1724
3699 1724
1724 9393
263 1724
1724 4908
6385 1724
232 1724
6993 1724
8774 1724
610 1724
1724 890
4059 1724
5042 1724
1724 689
1724 959
9173 8874
9173 4456
1621 9173
9173 7385
5852 9173
9232 9173
9173 7876
1738 9173
6955 9173
9173 8638
9173 3003
3663 9173
4658 9173
9173 1718
9173 1007
9173 4152
9173 2422
9173 5553
5343 9173
7330 9173
4734 9173
3975 3750
4051 3750
3750 5555
3750 6684
3750 2466
3639 3750
3750 2845
3750 547
7157 3750
3838 3750
4998 3750
3750 8202
1327 3750
3750 9365
5376 3750
3750 9119
1619 3750
5233 3750
3750 8150
3750 765
3750 9867
8811 6926
8175 8811
4724 8811
980 8811
8811 9521
6455 8811
8811 2920
2907 8811
6753 8811
8811 6085
7219 8811
205 8811
5425 8811
8811 8802
8811 7695
8811 2844
7542 8811
9726 8811
8811 4730
8082 8811
8811 2436
5605 535
535 2863
9604 535
9080 535
9360 535
535 9057
7202 535
535 5602
3580 535
168 535
1490 535
6962 535
1150 535
9517 535
4897 535
5456 535
535 8599
9054 535
3104 535
4089 535
7821 535
1927 625
1927 842
7037 1927
5486 1927
3202 1927
5994 1927
1927 4389
1927 8894
1927 4143
3165 1927
1927 6562
449 1927
5780 1927
7241 1927
6528 1927
1927 9497
5539 1927
1927 6655
2606 1927
2655 1927
1927 3532
7403 4300
4300 2698
4300 1279
3552 4300
4300 9860
8997 4300
7860 4300
9982 4300
5279 4300
4300 5248
4300 905
4300 2380
4300 7728
4300 7118
4300 6422
4300 8057
5134 4300
8206 4300
8859 4300
1459 4300
560 4300
2051 4629
4629 1049
3859 4629
9342 4629
6176 4629
9134 4629
4629 6448
3352 4629
4629 6103
591 4629
4629 1140
894 4629
4629 9328
4629 3108
4629 632
4629 9524
9476 4629
4629 6378
2735 4629
4629 6848
2148 4629
7915 3991
8336 7915
9186 7915
7915 514
7915 769
8223 7915
7915 5114
9772 7915
7915 217
7915 6007
8035 7915
5139 7915
7915 511
7915 9981
8410 7915
1886 7915
2317 7915
7915 8273
7915 2411
7915 8514
9510 7915
2576 6819
1258 2576
2576 7755
572 2576
3599 2576
2576 1314
3235 2576
2235 2576
491 2576
9103 2576
2576 80
5476 2576
2438 2576
813 2576
8886 2576
2576 8476
3871 2576
1608 2576
2030 2576
2576 587
6462 2576
9231 7031
7031 680
7031 2608
4518 7031
7031 9680
3315 7031
7031 1218
3449 7031
7031 1782
7031 8135
7031 7169
7031 6917
7031 257
7031 3756
7031 3586
6627 7031
7031 3842
7031 1795
7031 7280
1122 7031
7031 4174
5890 7068
4113 5890
5890 7350
5890 9593
5890 2644
5890 6457
5890 9333
5890 25
5890 6387
447 5890
5890 7585
7595 5890
5890 4436
1885 5890
5890 2870
5890 6460
5890 9039
5890 1340
4490 5890
5890 2122
7494 5890
6137 1569
7016 1569
1569 3151
1569 4087
3695 1569
1569 2750
1569 3622
1569 9820
1569 5948
7173 1569
1569 8790
1569 1590
1569 4167
3008 1569
1569 3477
1569 9663
2855 1569
2532 1569
349 1569
6394 1569
1562 1569
6671 9306
9306 7985
9786 9306
9306 9610
9306 3281
9306 7021
9267 9306
9306 5496
685 9306
3651 9306
9306 5833
136 9306
9306 5815
9306 2160
9306 9769
9638 9306
5719 9306
2267 9306
9306 7257
8622 9306
9306 4852
2146 1980
2146 9276
3935 2146
897 2146
1914 2146
9780 2146
1728 2146
1027 2146
2905 2146
521 2146
834 2146
2146 7855
4935 2146
2146 8764
1225 2146
6989 2146
2146 8013
3544 2146
7874 2146
2146 8489
2146 4956
406 6193
406 6929
6263 406
3882 406
406 8071
346 406
3894 406
406 4307
8773 406
3641 406
8224 406
795 406
714 406
8852 406
7713 406
487 406
9331 406
406 8053
4210 406
406 9512
406 9285
2364 8672
2364 1318
2364 1351
8404 2364
2364 4913
3117 2364
5503 2364
6783 2364
872 2364
2364 1841
2364 5618
2364 4005
7590 2364
2364 6690
3013 2364
6175 2364
2364 5921
2364 5621
2364 358
2364 340
2364 4492
9708 4934
9708 9711
9708 160
9708 987
9708 7879
1861 9708
5896 9708
9708 4791
9708 2626
7529 9708
9708 2583
6542 9708
9708 3380
9708 3016
9253 9708
9708 6477
9708 3490
9255 9708
9708 6014
4749 9708
9708 4484
1287 6636
4840 6636
9970 6636
6636 5227
6636 150
6636 9089
8297 6636
8181 6636
6636 3505
3101 6636
6636 2441
5317 6636
6636 3843
6588 6636
4463 6636
6636 5640
6636 2779
6636 3060
831 6636
6636 7684
5149 6636
9934 4918
6674 9934
9934 77
9934 3457
9934 4649
9311 9934
9934 1810
9934 3413
9934 8976
7446 9934
9934 690
9934 7645
6086 9934
8011 9934
2063 9934
9934 53
9934 5043
3098 9934
783 9934
9934 1700
9934 6999
8574 2581
8298 8574
8319 8574
8574 7498
9788 8574
8574 4892
1098 8574
3559 8574
2280 8574
8574 1488
8574 1720
3141 8574
5514 8574
8943 8574
8574 9481
8574 8869
8574 4472
4387 8574
1609 8574
8574 7278
3514 8574
4495 3623
4495 4878
8185 4495
4066 4495
4495 6863
4495 9602
7108 4495
4495 8600
9977 4495
6592 4495
9121 4495
4495 9392
1929 4495
4495 7618
4495 4407
4495 5469
7965 4495
4495 7117
4495 8062
4495 6559
4495 444
2586 6658
2586 4793
2586 9578
4844 2586
3068 2586
2586 8761
2586 9603
2948 2586
4244 2586
2586 2175
561 2586
582 2586
2586 8382
3127 2586
2586 4110
2586 930
644 2586
6100 2586
2586 8267
1834 2586
2586 1594
5236 5355
9798 5355
4901 5355
5355 9585
5355 6914
9474 5355
5355 1204
887 5355
5355 1787
7598 5355
5355 3024
5355 5260
5355 1544
3817 5355
5355 3794
2822 5355
5355 6669
6536 5355
5355 3043
7009 5355
4242 5355
6458 4365
6458 2553
170 6458
1624 6458
9435 6458
612 6458
5148 6458
6361 6458
6458 1227
6458 4775
7083 6458
6458 5326
172 6458
7340 6458
6458 3475
4184 6458
6458 2043
6458 6427
5488 6458
6458 3368
6458 4172
7161 2879
6715 7161
7161 5438
9106 7161
7161 747
1033 7161
5497 7161
5273 7161
3264 7161
1152 7161
7161 5417
7161 1548
4788 7161
7161 4396
7138 7161
7161 6702
7161 9379
6134 7161
3396 7161
7161 5239
7859 7161
4542 3036
4542 8522
8841 4542
7962 4542
4542 9988
4542 7200
6820 4542
4542 9801
9719 4542
4542 7153
6227 4542
4542 544
9906 4542
4542 3711
3685 4542
7359 4542
4542 5996
9109 4542
3080 4542
3779 4542
4542 1465
9789 7793
6936 9789
2255 9789
9789 3668
9789 7302
9789 8724
9789 1604
9789 8433
9058 9789
4778 9789
9789 3785
9789 5475
6701 9789
9789 3483
9789 5683
6121 9789
9789 1349
6935 9789
8701 9789
8446 9789
9789 664
8844 9016
8665 8844
5111 8844
8844 9800
1954 8844
8844 9310
8844 9442
5354 8844
8844 1093
4692 8844
3208 8844
3093 8844
1705 8844
8844 7753
8844 5330
5373 8844
8844 5217
8844 5338
6656 8844
8844 9192
6362 8844
7238 4666
4666 2776
4666 445
4666 8628
4666 2339
4666 7576
4666 7654
6274 4666
4666 5371
9085 4666
4666 4615
5649 4666
8740 4666
4666 2805
4220 4666
1494 4666
1075 4666
4666 8896
4666 9808
4666 7786
4666 2289
6022 61
6022 8789
4195 6022
6022 415
6022 2666
6022 4036
8160 6022
9061 6022
183 6022
3961 6022
4625 6022
1617 6022
6022 4231
6022 3893
6022 3344
1309 6022
5798 6022
6022 7630
1763 6022
6022 7048
6022 453
1663 4223
4223 5209
2414 4223
8903 4223
4223 6608
8898 4223
4223 2489
4223 4131
4223 5841
9608 4223
9397 4223
4223 8842
4223 6633
4223 9068
4514 4223
7171 4223
4223 1510
4380 4223
4223 4239
4223 8042
1561 4223
6032 9651
6032 7423
6032 2283
9673 6032
6032 265
8673 6032
5812 6032
6032 9683
6032 911
6032 9795
6032 5932
6373 6032
6032 2957
353 6032
5302 6032
6032 2412
6032 3698
6032 8069
6032 5973
3134 6032
6032 2358
8808 3319
3319 3659
3319 315
7942 3319
3319 4035
111 3319
3319 7363
3997 3319
6305 3319
3319 5163
3319 9368
3319 9887
3319 6966
5402 3319
8137 3319
3319 791
5340 3319
1605 3319
5095 3319
3319 1128
3319 4277
7674 8925
3391 8925
8925 4479
1943 8925
8925 4042
8925 3015
8925 9992
1832 8925
8925 9653
8925 1078
6088 8925
9088 8925
7431 8925
8925 6043
8925 9979
787 8925
8771 8925
9592 8925
8978 8925
8925 3056
8925 8239
4179 1119
1793 4179
4179 1167
746 4179
4179 3394
4179 1410
5643 4179
4179 8743
4583 4179
4179 292
7863 4179
2852 4179
4179 3825
4282 4179
9315 4179
311 4179
5029 4179
1425 4179
4179 4449
4179 7099
4179 2941
2629 5760
2629 9632
184 2629
8112 2629
2629 2284
7973 2629
5309 2629
3366 2629
2629 1286
5331 2629
2629 8125
7685 2629
2629 5759
2629 2544
2629 1579
2629 9440
2629 3538
2629 2206
2629 1070
2629 5813
2629 4716
7822 6750
7817 6750
6750 5442
2047 6750
1699 6750
6750 4544
9035 6750
6750 2694
4403 6750
6750 3496
6849 6750
6750 951
6750 4932
1714 6750
6750 6733
6750 9740
6750 6089
6750 6487
6750 6318
6750 7967
6520 6750
8166 7639
9580 8166
5623 8166
5842 8166
8166 3793
8166 2350
8166 1482
8166 7572
9300 8166
1772 8166
8166 8375
6168 8166
2005 8166
8166 6561
3845 8166
8166 8415
8166 2763
8166 8443
5661 8166
8166 308
8166 4685
85 7097
4298 85
3096 85
2801 85
8580 85
85 5215
85 3286
85 9036
8879 85
2987 85
7047 85
4219 85
1801 85
6661 85
5600 85
85 1088
181 85
85 5738
2440 85
8199 85
3807 85
9779 8442
978 8442
8442 9449
8442 121
316 8442
756 8442
6067 8442
366 8442
8442 1702
6945 8442
8442 1323
9855 8442
8662 8442
9933 8442
351 8442
8442 4391
8442 4138
8442 6815
8442 4952
8442 8171
8442 8825
1915 2967
1915 2461
1915 552
1915 7941
1915 2952
1915 3462
9128 1915
1915 189
3714 1915
9444 1915
1915 2224
8325 1915
1915 1326
9913 1915
1853 1915
4275 1915
1915 7997
8939 1915
1915 1220
1915 7327
8901 1915
3556 7301
3556 7471
1761 3556
3556 1011
2217 3556
3556 4872
9207 3556
3556 7610
3556 1784
3556 4444
8905 3556
3399 3556
3556 1232
6673 3556
3556 7555
706 3556
3678 3556
8711 3556
4994 3556
3556 1656
5298 3556
2827 6340
8955 2827
3409 2827
2827 4919
9122 2827
2827 8651
5109 2827
9961 2827
5362 2827
3349 2827
2827 8720
2827 3009
2529 2827
2827 7484
2827 1727
2827 8107
2827 8447
1774 2827
6744 2827
2827 1739
2827 4383
3416 5297
2119 3416
3416 8888
4648 3416
2020 3416
3416 5048
3416 4741
3416 9254
7290 3416
3416 8810
658 3416
3416 4573
3416 3259
3416 4545
3416 1421
3416 4048
3416 8626
3416 1346
3416 141
3416 6729
3416 4769
8373 6056
8373 5097
6587 8373
4877 8373
8373 4288
8373 7306
8373 7456
8373 5315
7131 8373
4921 8373
1361 8373
9791 8373
8373 4477
8373 4120
8373 5483
3891 8373
6048 8373
1055 8373
8373 6916
8373 2910
5647 8373
4981 376
6420 376
376 5543
376 2849
376 4777
376 9295
376 7611
376 8140
8153 376
2830 376
2129 376
915 376
8421 376
2651 376
376 1849
376 9398
376 6662
8045 376
7601 376
376 4797
376 6695
8755 6795
6621 6795
2061 6795
6795 8208
6795 8157
3182 6795
6795 7215
6412 6795
6795 3787
6795 7888
3121 6795
6795 3362
6795 2514
6795 2642
6795 4732
1470 6795
2081 6795
6833 6795
6010 6795
2777 6795
7714 6795
3019 7883
1457 7883
883 7883
7883 1750
992 7883
4633 7883
9338 7883
7480 7883
7883 3771
7883 6028
1852 7883
9320 7883
7883 2135
1918 7883
7883 3164
7883 839
7883 3309
7883 2153
2804 7883
7883 6812
7883 2244
6716 5775
5805 6716
2287 6716
9897 6716
2540 6716
6716 4103
9075 6716
3694 6716
6716 7109
9721 6716
6716 5126
1730 6716
6716 5056
8281 6716
9731 6716
6716 8525
2090 6716
9217 6716
7862 6716
6716 9672
6694 6716
1903 4519
4979 4519
2887 4519
4519 8198
4519 9935
950 4519
5931 4519
4519 9488
4519 4751
4519 8047
4519 3113
4519 5466
7223 4519
4519 8902
4519 5359
4519 2613
5487 4519
4519 9973
4735 4519
9706 4519
790 4519
6995 204
204 6622
204 1357
3890 204
6054 204
204 3726
4375 204
204 2487
204 6852
204 4554
204 8750
204 4437
204 5566
204 9882
204 6199
204 637
204 7142
6242 204
7249 204
204 728
204 4004
8617 7402
8617 2638
8617 1148
8219 8617
7893 8617
8617 5076
3345 8617
5305 8617
8617 6524
1901 8617
8617 3199
8617 6545
8617 9249
8617 9375
8617 327
8617 7364
7736 8617
9573 8617
5089 8617
8617 900
1277 8617
7407 6281
9160 7407
7407 2320
1290 7407
2736 7407
8960 7407
7407 1586
4304 7407
7407 6276
9408 7407
1369 7407
8307 7407
7407 2859
1950 7407
2385 7407
3881 7407
7884 7407
7407 4975
540 7407
7407 934
6872 7407
5185 213
5474 5185
5185 7733
162 5185
5185 4324
5185 1450
5185 6076
5185 3963
1945 5185
5185 4729
5185 4319
5185 730
2649 5185
5185 2793
5185 2276
6480 5185
302 5185
5185 3094
3763 5185
5185 5745
5185 8763
6513 6857
7537 6857
9092 6857
6857 6310
6857 5103
140 6857
37 6857
6857 5081
6857 5919
2259 6857
8705 6857
7834 6857
6857 6126
9154 6857
6857 5049
6857 6013
6857 9495
6857 5529
6857 4624
1545 6857
8904 6857
106 7310
1827 7310
7310 2696
7310 7358
7310 8304
4570 7310
7310 6122
7310 7976
7310 9403
2688 7310
7310 8480
7310 6024
7952 7310
6066 7310
6077 7310
7310 6883
1050 7310
7310 8428
1669 7310
4794 7310
7310 8081
7468 3917
5583 3917
333 3917
8330 3917
3917 3647
3917 9695
3917 1429
5955 3917
5267 3917
3917 3557
3917 4823
6842 3917
8147 3917
9764 3917
3917 833
3295 3917
3917 6486
4374 3917
3917 498
272 3917
3242 3917
5591 8174
4154 5591
4991 5591
5591 3446
5591 8733
5591 452
5591 3338
3123 5591
5591 5988
9518 5591
2169 5591
5591 7245
4259 5591
5982 5591
9931 5591
2575 5591
5591 9165
5591 7005
7936 5591
7208 5591
8527 5591
1625 8300
8300 40
2173 8300
4224 8300
8300 9147
4527 8300
2092 8300
8300 9986
3625 8300
2444 8300
309 8300
3268 8300
8300 9163
8300 6224
1280 8300
7916 8300
6807 8300
7427 8300
8300 4364
8300 3389
9493 8300
9720 573
9720 1920
9720 4984
9720 3167
9720 2947
4139 9720
7900 9720
9720 601
9720 5272
4800 9720
5132 9720
7321 9720
9720 6801
2965 9720
9720 6248
9720 1743
4845 9720
8339 9720
9720 1961
9720 401
902 9720
6435 1137
613 6435
1416 6435
6435 4832
7152 6435
1582 6435
6435 5538
6435 7512
6435 2773
3455 6435
6289 6435
6435 6625
6435 8858
7276 6435
5444 6435
6435 2013
8197 6435
6778 6435
2384 6435
6435 1189
5007 6435
6957 5930
1789 5930
1164 5930
1405 5930
5930 8272
9250 5930
5834 5930
9008 5930
5930 8850
5930 1776
5930 2180
5930 2871
5930 4099
5930 7518
5930 4201
5930 2342
2485 5930
5930 6552
5930 2037
2604 5930
5930 597
7844 7994
7994 9203
7994 7394
1439 7994
7994 635
6071 7994
6532 7994
7994 7114
7994 9975
3810 7994
380 7994
7994 7186
8470 7994
6884 7994
7676 7994
7994 3023
2010 7994
532 7994
5108 7994
7994 3509
7994 7923
9529 5038
1476 5038
9857 5038
5038 6119
1394 5038
5038 5945
3751 5038
5038 7390
5038 7746
2836 5038
5038 1101
5038 9319
5038 6130
5038 8354
3369 5038
5038 6065
5316 5038
5038 9487
6476 5038
7708 5038
5038 1377
7428 303
7428 7269
7428 8890
7428 1986
2767 7428
6595 7428
7428 7777
3245 7428
7428 5379
7428 7621
5849 7428
4579 7428
7428 3677
5493 7428
4150 7428
7501 7428
7296 7428
7428 9944
8990 7428
3598 7428
9118 7428
2295 8885
5692 2295
2295 5685
2295 870
2295 960
2295 7057
4315 2295
7459 2295
7823 2295
6972 2295
2295 7324
2295 719
2295 3816
2295 3904
2295 8240
2295 8772
6529 2295
2295 2964
2295 5874
2295 1679
7865 2295
6741 2099
6741 6713
2758 6741
6741 7811
6741 2406
1364 6741
5563 6741
6741 4355
6741 249
6845 6741
9142 6741
6741 6098
6741 2451
6741 6198
1559 6741
6741 7875
1472 6741
9784 6741
6741 9617
8338 6741
3299 6741
8678 7314
7314 4398
7314 8641
7314 8184
7314 6814
7314 9166
4798 7314
2349 7314
7314 5573
6390 7314
7314 3660
5439 7314
3822 7314
7761 7314
7314 1878
7314 5253
9164 7314
7314 5875
8248 7314
5384 7314
7314 5824
9877 8933
9877 2149
9877 4923
9877 8744
4819 9877
9877 736
480 9877
9877 8797
9877 5505
6262 9877
9877 592
51 9877
9877 3724
2066 9877
9877 2572
1474 9877
9877 2190
9877 2683
9877 3712
9877 6183
6678 9877
7668 7165
4690 7668
6153 7668
7668 4556
7668 4213
6737 7668
2582 7668
7668 9890
9131 7668
7668 7353
1845 7668
8882 7668
7830 7668
7668 9291
5552 7668
7668 2956
7668 2496
9943 7668
6158 7668
7668 6983
7668 1181
3734 4784
6567 3734
3032 3734
8461 3734
3734 4862
3734 3095
70 3734
2591 3734
8409 3734
7248 3734
1696 3734
2401 3734
3734 7463
3734 8570
3734 2103
3734 4029
3734 5392
9892 3734
1112 3734
7748 3734
2204 3734
7105 2932
2932 3486
1158 2932
6667 2932
1715 2932
2932 2115
727 2932
2932 3410
2932 5789
2507 2932
3131 2932
2932 5356
7126 2932
6829 2932
9094 2932
2932 8059
3381 2932
2932 7954
2932 3153
2932 7596
2932 6177
7808 5601
1379 5601
6438 5601
5601 1395
5601 3902
5601 5441
3549 5601
5601 6428
5601 4243
7378 5601
5601 4356
6810 5601
4917 5601
9053 5601
5601 8387
9082 5601
9482 5601
3795 5601
5601 6981
6312 5601
5924 5601
7790 2748
276 2748
3028 2748
2748 9373
2748 2006
2748 6523
2448 2748
2748 5656
1831 2748
2748 8640
2748 3728
8412 2748
2748 7517
1325 2748
2748 223
4191 2748
6464 2748
2748 6703
2748 8211
2748 7530
9622 2748
9260 5959
5959 6389
387 5959
5959 5346
5959 2719
5959 1074
5959 288
9237 5959
5959 3886
5959 6009
5959 9547
1704 5959
5959 9564
9215 5959
5959 1113
7899 5959
1680 5959
1367 5959
3803 5959
5959 9687
5959 5289
8650 6927
9417 6927
6544 6927
1230 6927
8759 6927
8505 6927
6927 3819
6927 5328
6927 3398
6927 9600
6927 8952
6927 1512
149 6927
6245 6927
9626 6927
6927 7827
6927 2147
6927 2681
5293 6927
3089 6927
2551 6927
8165 5523
5177 5523
1900 5523
5922 5523
8123 5523
6102 5523
3437 5523
5523 3567
5523 1312
8851 5523
5523 5218
5523 1599
6142 5523
5523 6898
5523 6415
402 5523
8620 5523
467 5523
7032 5523
3857 5523
1320 5523
423 5265
3232 423
398 423
423 5557
423 8668
2447 423
5554 423
423 5582
6777 423
4575 423
7469 423
949 423
8557 423
2519 423
423 738
10000 423
9278 423
8635 423
423 8980
7267 423
423 7077
8845 7998
1979 7998
7998 7818
7998 3419
7998 7926
7998 418
3436 7998
7998 1228
7998 2340
9904 7998
4388 7998
7998 1996
693 7998
7998 9503
1419 7998
5075 7998
6859 7998
4200 7998
7998 328
5270 7998
8233 7998
5052 7089
5052 96
6556 5052
3519 5052
5052 4558
8286 5052
2669 5052
5052 7757
5052 3429
3237 5052
5052 1155
5052 9335
5052 9596
5052 505
4446 5052
628 5052
5052 5230
5052 7373
7465 5052
5052 7635
5052 6560
8010 2038
8010 2311
8010 6474
8084 8010
9869 8010
8010 6709
3107 8010
8010 7022
8010 8130
3222 8010
2866 8010
4101 8010
7629 8010
8010 1166
6166 8010
4362 8010
8010 6037
8010 6309
8010 1000
8010 8469
7129 8010
2788 5579
458 2788
2788 1084
2788 2468
2788 2304
9902 2788
2788 8696
2788 9744
2788 4050
1587 2788
7886 2788
2788 2410
2788 9200
5706 2788
2788 2163
3527 2788
4489 2788
7614 2788
176 2788
9582 2788
9195 2788
3456 3619
5733 3619
3619 9486
715 3619
3619 9234
3619 7669
3619 5426
797 3619
8119 3619
586 3619
3619 84
3619 8030
3619 2829
3619 2713
2753 3619
2899 3619
4529 3619
3619 5465
3619 4870
3443 3619
3619 6839
1499 1082
4614 1082
1076 1082
1082 6152
6401 1082
5689 1082
1082 7826
7052 1082
1082 6238
4311 1082
1082 6205
1082 6357
1082 6484
1082 805
238 1082
4673 1082
1082 2746
1082 8837
1082 2053
1082 2306
5840 1082
3926 5761
6797 5761
5761 7751
6443 5761
3936 5761
5761 4432
5761 650
1967 5761
5910 5761
5592 5761
4332 5761
1454 5761
1190 5761
1815 5761
2464 5761
5761 7240
5761 7331
5761 4965
2176 5761
5761 9405
6534 5761
6008 4182
6008 5318
6008 9968
4924 6008
6008 2239
1829 6008
6008 8351
7832 6008
6008 2774
6008 8548
4039 6008
2658 6008
6008 7168
792 6008
3800 6008
3160 6008
6008 7261
2682 6008
6015 6008
9107 6008
6008 8122
5724 5513
7449 5513
5513 5693
5513 3617
5513 6382
5793 5513
9450 5513
5513 6214
9458 5513
1675 5513
5513 8968
5513 3569
5513 3303
5513 1947
6659 5513
1337 5513
4723 5513
5513 7853
5513 989
5513 8323
5513 6634
9760 4683
7702 9760
434 9760
9265 9760
9760 4379
9760 4691
187 9760
9760 8909
9760 8253
9760 5088
8872 9760
207 9760
2916 9760
9760 1919
9760 3261
9760 9692
9760 6296
9760 8164
9760 6909
9760 5901
5823 9760
864 4687
9601 4687
4687 2942
6604 4687
1749 4687
4687 818
4687 7339
7177 4687
9009 4687
4687 7247
4687 8710
4687 3336
4687 7225
4687 9210
596 4687
6041 4687
2365 4687
4687 5796
4853 4687
4687 5547
4687 4933
7784 5333
1391 5333
1588 5333
5333 8290
5333 9834
5333 699
6887 5333
2322 5333
2165 5333
5969 5333
7343 5333
5333 8389
5333 7570
8853 5333
5333 1874
9938 5333
1072 5333
5333 3051
5333 6785
5333 1315
5333 8587
7136 3909
3978 3909
5578 3909
4613 3909
4435 3909
7362 3909
3909 899
7513 3909
4061 3909
3909 3889
9939 3909
7690 3909
3909 2938
9268 3909
3909 9438
3909 4249
7467 3909
3909 368
3909 6026
3909 2079
3909 6169
860 4197
8406 4197
4197 4985
6397 4197
4197 4405
4197 5837
4197 8793
9138 4197
8856 4197
672 4197
7309 4197
4065 4197
4197 4942
5905 4197
4197 2549
4197 7608
4197 1711
4197 3401
4197 4262
7922 4197
8541 4197
2622 9879
9277 2622
1794 2622
3353 2622
2622 6603
1414 2622
2622 8086
9746 2622
2622 3924
4681 2622
2622 1381
9414 2622
4667 2622
2622 3635
2622 8962
2622 9423
4868 2622
2622 7983
4460 2622
2622 7401
2622 2293
8864 5801
6870 5801
5801 7620
5801 1931
5801 1962
6572 5801
5801 1026
5801 9643
5801 3412
5801 5011
4637 5801
5801 7930
5801 3227
5801 3308
6681 5801
5801 2367
5894 5801
8698 5801
5801 551
5801 2128
5801 6977
2178 6620
2178 2617
1721 2178
4576 2178
8846 2178
2178 8974
2178 9355
988 2178
546 2178
6416 2178
2178 1600
7766 2178
2178 7124
971 2178
2178 5390
2178 9868
2178 8726
5937 2178
9703 2178
5254 2178
2178 5068
621 5776
621 2636
3434 621
621 2512
621 5146
2058 621
3273 621
1754 621
621 4122
621 4505
621 9348
6596 621
7927 621
621 1302
621 6124
621 9595
3161 621
621 6330
621 5715
5949 621
7745 621
7145 1407
7145 42
7145 3376
1272 7145
4759 7145
9509 7145
7145 8513
7145 4476
7145 853
2757 7145
2150 7145
5087 7145
1275 7145
8109 7145
7145 1759
7226 7145
5535 7145
7145 5635
4896 7145
7145 3194
3001 7145
5173 5958
5958 4638
5958 2211
5958 5531
8552 5958
5958 5363
5958 5396
5958 7847
5958 9804
5958 9768
2417 5958
8070 5958
8540 5958
5958 5411
5958 1298
5958 6317
7292 5958
1535 5958
9141 5958
1183 5958
7227 5958
8416 484
780 484
6705 484
6951 484
178 484
528 484
484 9947
1908 484
2876 484
9052 484
484 381
484 6301
484 6721
2984 484
2925 484
484 8188
484 3463
484 3687
6388 484
484 3945
9822 484
1251 7070
1251 1342
1251 8986
6904 1251
8379 1251
1251 8798
1975 1251
3933 1251
1251 1638
9543 1251
1251 2456
1251 559
1251 2368
1251 4597
1251 9665
1251 1116
6828 1251
3602 1251
1251 4876
9006 1251
1251 4057
329 6255
4217 329
329 910
329 6925
329 5345
329 2091
9274 329
329 7680
3070 329
3980 329
8584 329
329 1350
329 3875
1643 329
2319 329
5631 329
5238 329
4293 329
329 5850
329 8826
329 2054
7785 9448
7476 9448
1835 9448
731 9448
9448 7686
9448 9345
4447 9448
9448 8528
9448 6278
9448 7659
7251 9448
9448 2471
4028 9448
9448 8213
1818 9448
9448 4496
9448 6760
8 9448
9448 6164
5507 9448
1635 9448
5140 6893
5140 1935
5140 5756
5140 9229
8559 5140
5140 113
5140 2834
5140 4399
298 5140
5140 9969
5611 5140
410 5140
5140 7634
8037 5140
9046 5140
2874 5140
3215 5140
5140 1282
9460 5140
5140 3878
5140 86
1062 8670
1062 3403
5626 1062
6268 1062
1062 5899
1062 4599
6452 1062
3450 1062
1062 260
4145 1062
1062 8479
1062 3521
1062 4744
5913 1062
1062 5192
1062 6685
5620 1062
69 1062
1062 2826
1062 9162
956 1062
389 9985
7791 9985
9898 9985
7150 9985
9985 2522
4338 9985
9985 1991
9985 6226
9985 7263
4175 9985
7993 9985
9985 1672
3487 9985
8127 9985
7474 9985
9985 8458
2943 9985
5737 9985
9985 6359
9985 7190
6023 9985
4255 7107
1161 7107
1549 7107
7107 5750
7107 4789
2725 7107
7107 9570
7107 1424
7107 3594
4915 7107
7107 5370
7450 7107
8032 7107
7107 3534
7107 1698
7107 2676
2085 7107
8823 7107
4222 7107
1688 7107
1800 7107
4772 3318
5838 4772
4772 7134
4772 3157
4772 7488
4772 8646
3200 4772
6740 4772
4951 4772
2594 4772
5388 4772
4772 7768
4610 4772
4772 4030
5558 4772
4772 7209
4772 9264
4772 2699
5306 4772
4772 1192
630 4772
2848 2552
2552 8691
2552 1403
2552 9713
9959 2552
2552 7300
2552 5704
2552 3764
2552 1507
4155 2552
9561 2552
2552 6522
2552 677
9715 2552
2552 4238
4054 2552
9150 2552
2552 8396
2552 6127
6025 2552
5714 2552
6637 5999
8708 5999
5999 8815
4738 5999
5999 5207
5051 5999
6961 5999
8975 5999
5999 9125
9702 5999
9835 5999
5999 5472
9926 5999
5702 5999
5999 1603
5999 3031
5999 6594
2502 5999
5999 8556
5999 5360
5999 5853
296 6027
6441 6027
6027 763
6027 9077
6027 4643
6027 7990
6027 4766
8572 6027
6027 4413
6027 1063
504 6027
6027 4370
6261 6027
2407 6027
6027 9120
6027 9055
1038 6027
6027 9911
8341 6027
6027 7885
6027 4308
1565 2272
1565 6231
1565 720
1565 5285
4003 1565
1565 958
1565 5954
1565 4938
3733 1565
9129 1565
819 1565
1565 7592
1565 1779
1565 4941
5440 1565
5907 1565
6668 1565
195 1565
1565 1641
1565 6607
1994 1565
7947 4770
847 7947
9191 7947
2810 7947
7947 7198
7947 8302
7947 2840
7947 8499
3987 7947
3813 7947
7947 633
7947 9396
1871 7947
75 7947
7947 5412
7947 3038
7947 8357
7947 336
7947 9316
3585 7947
7947 7326
388 9043
9043 1333
4989 9043
9814 9043
9743 9043
9043 94
5730 9043
9043 8209
8049 9043
6129 9043
7514 9043
8394 9043
9043 8332
8359 9043
9043 5548
9422 9043
9043 7801
9043 9095
5628 9043
7206 9043
9478 9043
3102 5735
8621 3102
7054 3102
2906 3102
3102 3995
3102 2433
3102 7203
6841 3102
3102 6418
3041 3102
3102 8095
3102 6399
3102 2563
3102 2455
3102 3826
1846 3102
9257 3102
5536 3102
4148 3102
2977 3102
3102 3021
7379 9244
7379 2903
7379 6511
7657 7379
7379 6867
7379 1890
7379 5491
7379 2933
7379 2533
7379 9357
6834 7379
7379 8504
7379 7307
7379 3325
6862 7379
7379 2125
1307 7379
3725 7379
9202 7379
7379 6402
7379 3743
5153 617
8167 5153
5153 7112
5208 5153
5381 5153
5153 6949
5153 3144
7769 5153
5153 764
7001 5153
5153 6652
5153 379
5153 2015
7984 5153
4534 5153
3606 5153
5153 4937
4102 5153
5153 6998
5153 3738
8236 5153
7095 3335
2208 3335
3335 2574
8465 3335
3335 2237
4709 3335
3335 2616
6250 3335
3335 7096
9836 3335
3335 3759
3335 8226
3335 1791
9169 3335
3335 2734
6565 3335
3335 5565
3335 6170
2281 3335
3335 4728
3335 520
3827 2975
8989 3827
3827 1708
3827 1822
3827 506
4761 3827
3827 7963
8807 3827
3827 6626
2121 3827
3827 3950
828 3827
3827 1109
3827 5040
3827 3174
3827 5508
3593 3827
3827 5195
2508 3827
3827 5428
3827 9445
1752 9226
1547 1752
1752 6892
438 1752
1752 2921
2355 1752
6436 1752
1752 3155
1752 6323
1752 3589
4060 1752
1752 8518
8924 1752
1752 5989
267 1752
5310 1752
1752 7549
1752 7289
5682 1752
1752 8335
330 1752
9100 849
2162 849
849 1423
849 1628
320 849
2251 849
849 9219
748 849
849 2661
674 849
4689 849
849 7308
849 5137
7531 849
361 849
849 1023
5828 849
849 9839
9349 849
849 8781
849 9841
5010 8707
5010 8585
5010 8784
961 5010
1432 5010
4322 5010
5010 3342
8956 5010
5010 199
5010 3253
4206 5010
5010 8390
6297 5010
5010 4578
5010 8363
5534 5010
7779 5010
6423 5010
5010 9526
2086 5010
3603 5010
1939 7055
1939 1263
5803 1939
1939 1020
1692 1939
1939 1854
1939 8311
4503 1939
1086 1939
8751 1939
2714 1939
5448 1939
1939 3529
7764 1939
1825 1939
1939 4084
1939 8801
9905 1939
3058 1939
9230 1939
8893 1939
1121 8613
879 8613
8613 6831
8613 8831
8613 360
8142 8613
8613 3181
1242 8613
4539 8613
8613 607
8613 29
4630 8613
5779 8613
8613 8438
1753 8613
8613 9198
1493 8613
8613 9439
8613 9429
8372 8613
8613 9831
6543 4126
194 6543
6543 4796
6543 1428
6543 7617
6799 6543
6543 8361
6058 6543
1804 6543
6543 7002
4783 6543
5169 6543
6543 9271
6543 5544
6543 4875
6543 9280
6543 4871
16 6543
6543 11
7511 6543
6543 6980
2039 8959
7229 2039
565 2039
741 2039
2039 1102
9420 2039
2039 185
2039 8555
2039 1433
4483 2039
4073 2039
2039 1809
2039 5147
6279 2039
1390 2039
2039 4733
2039 1252
2792 2039
2039 2991
2039 4668
6291 2039
1769 1387
278 1769
7652 1769
1769 9567
1769 5499
1769 8965
1769 838
1039 1769
1769 7718
1206 1769
856 1769
9424 1769
1769 7909
1168 1769
1769 6641
1769 6413
1769 4117
8321 1769
2831 1769
1769 9941
1769 2896
7787 3411
6050 7787
7787 9087
8693 7787
7787 8969
5332 7787
2313 7787
1271 7787
7787 2494
7787 4569
7787 3377
7787 9376
7787 6618
8114 7787
8692 7787
3119 7787
7787 5542
7787 852
7787 5471
2083 7787
7787 9535
7454 8024
7454 6768
7454 2257
7454 3499
7940 7454
4017 7454
7454 8835
7454 451
7454 6208
2919 7454
574 7454
7454 8259
7454 2710
7175 7454
9597 7454
7291 7454
7454 5572
8833 7454
7454 5224
1081 7454
7454 9404
413 3292
413 7122
2182 413
413 836
413 7444
413 2760
426 413
4228 413
413 3855
413 124
6285 413
3188 413
2775 413
413 5871
413 3435
7661 413
1317 413
8027 413
413 2993
413 312
4211 413
8921 2772
4846 2772
2772 8777
3796 2772
5141 2772
509 2772
8399 2772
7783 2772
1283 2772
7066 2772
2772 5935
2772 7090
1383 2772
1415 2772
3183 2772
2772 3968
2772 7156
5304 2772
2772 3328
9275 2772
2429 2772
7848 7623
7848 990
7848 6356
8136 7848
7848 6118
8279 7848
3981 7848
7848 3190
7848 8260
7848 3355
7848 7167
7848 6165
5787 7848
1932 7848
9951 7848
3296 7848
9667 7848
431 7848
459 7848
3943 7848
7848 7987
4058 131
4088 4058
4058 7589
4058 3979
4960 4058
6221 4058
4058 7903
4058 7481
4058 6447
755 4058
1911 4058
5024 4058
4058 2618
4058 6837
4058 1602
4058 943
4058 2595
1051 4058
325 4058
1389 4058
9240 4058
9465 8523
1667 8523
1596 8523
4164 8523
9569 8523
9247 8523
4038 8523
7604 8523
8523 7799
8523 3684
8523 3858
8523 2423
4021 8523
1234 8523
8523 7723
8523 2691
5550 8523
6035 8523
4765 8523
1577 8523
8523 126
5085 2802
2802 6992
8079 2802
2802 2377
2802 7807
2802 5136
1593 2802
2802 2218
1180 2802
4421 2802
2802 9096
2536 2802
6128 2802
2802 8520
2802 5568
3074 2802
2802 36
2802 9949
2802 9111
2820 2802
2802 284
2144 4976
2144 7487
2144 117
6230 2144
5722 2144
2144 8420
2144 5187
2534 2144
2144 4196
5857 2144
5290 2144
2144 8971
5669 2144
2144 3901
7933 2144
2144 9222
2144 2059
2144 1712
2144 8731
2144 6696
2144 8910
8385 3211
3211 6974
2601 3211
3211 4895
8110 3211
7146 3211
422 3211
3211 1373
8725 3211
3211 4043
4351 3211
3211 7917
3211 1417
3211 2708
3211 9763
554 3211
3898 3211
3211 8484
2078 3211
8391 3211
3211 7496
2961 6708
1446 2961
2961 4593
2961 9
2961 4755
3912 2961
450 2961
2961 9492
1188 2961
2961 7413
2961 4473
2961 5067
9266 2961
5119 2961
2961 8018
9796 2961
8566 2961
2961 5319
8899 2961
9013 2961
2961 4352
9246 8266
8266 1025
9875 8266
8266 8767
8266 3061
5341 8266
8266 2806
8266 6982
4967 8266
7631 8266
9326 8266
5698 8266
8266 6609
8266 5167
6395 8266
9679 8266
3427 8266
8266 1910
5269 8266
8266 3298
7140 8266
475 508
475 7788
857 475
475 9662
475 3132
919 475
455 475
3632 475
321 475
475 7477
3501 475
475 9628
3568 475
475 9102
475 5783
7046 475
3977 475
2131 475
475 3664
475 1629
475 8291
4939 3876
9577 4939
7473 4939
4939 2478
9910 4939
9394 4939
7944 4939
5778 4939
6680 4939
9727 4939
545 4939
4939 7030
7011 4939
4939 5339
4939 2678
4939 4440
4939 5831
4939 3781
4939 6115
2357 4939
4939 3138
2019 3204
56 2019
3241 2019
4108 2019
2019 8958
2019 9073
233 2019
3439 2019
7453 2019
2019 2002
2019 729
4515 2019
5567 2019
2019 1518
2019 8073
4493 2019
2019 5102
2019 6521
7780 2019
5587 2019
2019 5967
2615 3340
4341 3340
6411 3340
3340 8817
3340 904
3340 4015
4679 3340
3340 433
8999 3340
3340 5178
6184 3340
6728 3340
3340 7929
8113 3340
3340 7707
2236 3340
701 3340
3340 3510
660 3340
5374 3340
3340 2219
8583 5632
7563 8583
8697 8583
4571 8583
6997 8583
8583 6583
8583 1567
8583 8657
8583 808
8583 4031
8583 2960
7486 8583
8583 7934
4205 8583
8583 2841
8583 5277
5019 8583
5888 8583
8583 8486
8583 1797
955 8583
7141 8588
7376 7141
1324 7141
7141 1925
7141 2791
7141 3689
9322 7141
7141 8008
7141 8565
7141 4026
6091 7141
7141 4909
7141 9158
4326 7141
7141 1386
7141 9010
7996 7141
9301 7141
3432 7141
7141 6332
7141 2321
5282 5767
4557 5767
5767 2481
2095 5767
5767 8392
5767 4083
9049 5767
2738 5767
4188 5767
5767 6492
1299 5767
5767 6757
5767 4241
5767 9758
6535 5767
3929 5767
5767 8303
5767 9028
5767 4488
5767 2994
8180 5767
2346 7235
5401 7235
3688 7235
2565 7235
7235 2302
2171 7235
1889 7235
3258 7235
7235 9782
6491 7235
4711 7235
2794 7235
7235 3046
8315 7235
7235 2674
7235 995
7235 8234
9805 7235
7235 3581
8149 7235
8695 7235
9005 1751
1751 4096
1751 7664
9991 1751
1310 1751
3065 1751
7840 1751
1751 367
1751 1322
1942 1751
1746 1751
4836 1751
3192 1751
1278 1751
1751 1969
1751 46
6157 1751
1751 3358
2935 1751
599 1751
4465 1751
3952 916
4972 916
6006 916
3920 916
916 5822
916 9960
6273 916
9332 916
916 724
8445 916
916 1806
916 4011
916 3643
916 5129
916 3087
916 4386
916 7318
9288 916
916 9588
916 6182
3489 916
5059 2082
9832 5059
469 5059
5699 5059
5059 5549
5059 662
4137 5059
5059 4337
5059 703
1610 5059
2499 5059
5059 7111
2689 5059
2498 5059
4809 5059
6386 5059
6241 5059
5059 4622
5059 9684
7060 5059
1860 5059
3495 4894
4894 2633
4894 3390
4894 5906
214 4894
4894 4427
6670 4894
4894 4701
1788 4894
4773 4894
5463 4894
7857 4894
4894 6081
4894 766
4894 3820
6147 4894
4894 9427
4894 4384
4894 5470
4894 6396
4894 1884
2898 9812
2898 683
2898 393
2898 3017
2898 9514
2898 752
1891 2898
2898 1734
2898 9351
3374 2898
2898 4125
256 2898
7503 2898
2898 3163
202 2898
2898 1703
2898 1257
8288 2898
2898 6879
2898 3633
1645 2898
8535 6294
2733 6294
6294 9380
6294 1194
8148 6294
2539 6294
6286 6294
1261 6294
6294 8344
6294 5361
6294 7422
6294 4568
1955 6294
4268 6294
2252 6294
6294 6419
6294 7798
6294 1732
8201 6294
6294 4849
6294 7080
9456 7706
7706 876
7719 7706
7706 5786
812 7706
7706 7051
7706 8819
9865 7706
8103 7706
7706 4420
3135 7706
7706 3866
7706 2484
7706 7098
7706 9091
7706 5664
721 7706
7706 3854
7706 6335
7706 2573
9063 7706
5511 924
3498 924
924 1970
7662 924
924 9558
3907 924
6787 924
5832 924
924 3103
924 2183
6711 924
924 2134
924 8752
924 4663
924 7762
6548 924
481 924
924 9223
7580 924
5231 924
924 656
9688 9614
9688 2393
9688 6874
9688 7754
8625 9688
9688 8306
2577 9688
9688 6320
5728 9688
9688 9416
9688 6306
7712 9688
7082 9688
5100 9688
2695 9688
4204 9688
5393 9688
3720 9688
9688 6645
9688 7932
7365 9688
702 5721
9471 5721
119 5721
933 5721
5546 5721
760 5721
5721 1169
7502 5721
6861 5721
5721 9777
4331 5721
5721 9741
1907 5721
5721 799
5674 5721
5721 1420
5721 4865
5721 2143
5721 931
7100 5721
5721 9273
1748 9639
2470 9639
9639 8362
2596 9639
9516 9639
9639 6495
271 9639
938 9639
3130 9639
1953 9639
1375 9639
4181 9639
9636 9639
6781 9639
3974 9639
9639 1660
8603 9639
7204 9639
9639 7478
9639 6922
5978 9639
4411 2390
4411 1138
4411 6549
4411 3444
5450 4411
4411 1612
6751 4411
4411 144
4411 4081
4411 8934
4411 6051
4555 4411
4636 4411
4411 5069
9047 4411
4411 8873
4411 1520
1244 4411
4411 2108
4810 4411
4411 7091
6906 7642
9866 6906
6906 3554
6906 6597
6906 6172
6906 5701
5754 6906
6906 1895
2798 6906
793 6906
3805 6906
6906 163
5594 6906
6906 7643
6906 9233
6906 8050
6906 6112
6906 5680
6271 6906
6906 3939
3562 6906
4651 7197
7197 2446
9282 7197
7197 5895
7197 6062
7197 9463
7197 6759
3275 7197
7197 2117
8827 7197
9984 7197
9809 7197
2492 7197
7197 9738
7197 8753
7197 9026
7197 8643
4678 7197
7036 7197
8295 7197
5956 7197
4525 6940
8830 4525
4525 5324
4525 7155
4525 1984
4525 1981
2547 4525
4525 4119
2538 4525
2080 4525
1353 4525
4525 1531
7298 4525
4525 921
3865 4525
5058 4525
3014 4525
4525 9201
4525 5433
4525 8558
4525 7566
6258 7961
6258 918
7158 6258
6258 2992
4157 6258
3305 6258
6258 6493
2949 6258
5652 6258
6876 6258
4560 6258
6454 6258
6258 7436
6258 4855
6258 1758
6734 6258
6258 6501
6375 6258
7121 6258
6258 68
9957 6258
2480 313
3209 313
313 5637
5278 313
218 313
3513 313
313 9574
313 984
313 4229
9083 313
313 9523
8318 313
313 923
7069 313
9070 313
313 8892
313 9937
313 143
313 9767
313 4359
313 7254
884 9861
884 253
8102 884
2928 884
884 3224
884 3752
2999 884
529 884
7081 884
884 5684
8371 884
5071 884
8732 884
1223 884
6745 884
3378 884
7259 884
4212 884
884 5275
5116 884
884 2939
9694 3588
9694 221
9694 4169
2170 9694
4194 9694
7565 9694
9694 1292
9694 4349
3339 9694
2904 9694
5836 9694
9694 2159
1855 9694
494 9694
7679 9694
9694 7701
9694 678
1096 9694
9694 5135
1941 9694
9613 9694
2174 3768
436 3768
3768 8791
3193 3768
3768 2650
3768 997
3852 3768
3916 3768
3768 8138
3768 3254
3143 3768
3768 2603
2420 3768
5917 3768
3768 24
3768 2232
3768 2631
3768 5707
3768 9974
3768 3195
3768 8945
1536 3221
3221 2077
3337 3221
8496 3221
7166 3221
3221 5223
3221 7568
3221 1647
3221 686
3221 6796
3221 6272
3221 782
576 3221
5003 3221
571 3221
3221 4782
878 3221
3221 6358
3221 1631
4721 3221
3221 9950
430 1627
7509 1627
1627 1785
1627 6481
1627 8880
490 1627
4888 1627
2955 1627
1627 2011
9792 1627
7906 1627
2731 1627
575 1627
1627 7490
1142 1627
1627 2720
9704 1627
1627 2558
6442 1627
1627 4779
1627 196
8002 3154
416 8002
8002 723
9963 8002
8002 3837
8002 4068
8002 2704
5234 8002
8002 3742
6537 8002
7042 8002
8413 8002
8002 8028
5944 8002
8002 6426
8002 4720
3018 8002
4829 8002
9415 8002
5398 8002
711 8002
7034 3971
7999 3971
3971 4546
1563 3971
3971 9519
3971 9038
3971 4986
3971 5468
3971 7648
8914 3971
3971 6802
3971 5159
3971 8727
3971 1993
8245 3971
3971 2221
9656 3971
3971 6803
6220 3971
6762 3971
3971 1501
6154 6235
6235 927
6235 6510
5133 6235
6181 6235
2988 6235
8055 6235
5923 6235
3289 6235
3984 6235
5212 6235
6235 4147
1028 6235
5121 6235
1747 6235
6235 1560
6235 7828
7299 6235
9729 6235
6290 6235
6235 8973
1001 8284
1001 8139
9389 1001
9637 1001
4165 1001
3240 1001
1001 4848
1001 8247
6243 1001
2130 1001
1001 2530
1001 8737
4992 1001
1001 3913
1001 5957
1756 1001
1001 8702
1001 7355
6508 1001
8360 1001
1001 4339
1274 9406
5198 1274
1274 7892
5526 1274
1274 6506
4459 1274
6632 1274
4500 1274
6531 1274
1274 5299
1274 2246
1224 1274
1274 9188
1274 8610
5705 1274
1274 210
1187 1274
1274 7891
1274 8327
1274 6270
1274 6639
4652 4674
4674 268
821 4674
4674 1542
4674 8932
4162 4674
1313 4674
4674 2333
3957 4674
4674 5679
4674 1123
4330 4674
4805 4674
4674 1870
4674 4001
1725 4674
4674 9824
4674 6159
4674 6408
2033 4674
4674 2016
4052 7606
4052 7397
4347 4052
4052 386
7027 4052
4052 3638
4052 1648
4052 712
1926 4052
1944 4052
4052 1412
4052 7361
4627 4052
3523 4052
2726 4052
6646 4052
2373 4052
4052 4866
8618 4052
4052 4303
579 4052
3304 5391
5391 6763
5391 3927
3050 5391
5391 8437
8579 5391
5391 7272
4628 5391
2749 5391
9787 5391
5391 9197
5391 9341
5391 4718
5391 8659
5391 7305
8863 5391
4799 5391
8531 5391
2769 5391
744 5391
5391 3914
2179 9828
118 2179
2179 3576
2179 9506
2179 6275
2179 6433
6827 2179
2179 1551
7516 2179
2179 8524
8216 2179
2179 969
4867 2179
9929 2179
2179 3239
2179 482
2179 1552
2179 6064
2179 7716
8619 2179
2179 8250
9090 5872
9090 8312
7174 9090
5678 9090
9090 9742
192 9090
9090 9157
9090 5437
8977 9090
6752 9090
7694 9090
5848 9090
3648 9090
9090 8984
9090 2154
9090 2256
9090 7904
9090 6869
6698 9090
9955 9090
9090 7938
5604 8429
5604 8274
5604 538
154 5604
7971 5604
8828 5604
9883 5604
5604 8957
1131 5604
5604 2653
5189 5604
5604 8407
5604 4785
5604 4290
5809 5604
5604 2630
9736 5604
5604 7479
5604 4425
1079 5604
5604 8995
9060 5590
2265 9060
9168 9060
9060 350
7677 9060
8093 9060
998 9060
460 9060
104 9060
9060 4930
9060 7773
9060 5314
2012 9060
7612 9060
9060 2657
4814 9060
4771 9060
9060 9323
9060 2523
9060 2132
9060 4474
6211 9308
9752 9308
8719 9308
9308 6647
9308 8349
9757 9308
2742 9308
9366 9308
9308 4537
6915 9308
9308 6113
9308 6398
8158 9308
7778 9308
9308 9748
92 9308
9674 9308
9308 230
9308 4510
9308 802
9308 8521
3885 6739
6739 3988
6739 3592
8098 6739
9362 6739
6739 9655
6739 4127
6739 889
6614 6739
3189 6739
6739 3178
5350 6739
6739 9221
8091 6739
6739 2510
6739 5033
6739 4090
6739 1897
7381 6739
6739 88
4079 6739
6718 6780
6780 827
6780 7419
6780 3007
4605 6780
6780 6526
6780 283
6780 8196
6780 4644
2526 6780
6780 9846
1803 6780
6780 687
6780 3124
4737 6780
6370 6780
810 6780
6780 4402
1526 6780
6780 9998
6780 7132
1634 8094
2359 8094
8094 2743
8094 9566
8094 6339
8534 8094
2070 8094
1104 8094
8094 9159
5276 8094
3888 8094
8094 3493
8094 2656
8094 1003
8094 882
8094 9556
5186 8094
8834 8094
8779 8094
7540 8094
8094 2089
4187 3777
3777 5589
3777 5065
3777 7658
3777 6959
3777 1685
4747 3777
3777 1568
4754 3777
3777 9511
3777 8356
9347 3777
3777 753
7636 3777
2382 3777
3777 9139
519 3777
9716 3777
3777 9468
3777 7405
6350 3777
2253 6347
1898 6347
6347 8598
6347 1404
6347 8340
7905 6347
6347 5435
6347 4842
1741 6347
8466 6347
3294 6347
7951 6347
6347 5904
6347 8776
6347 7958
6347 2789
6347 4289
6347 5851
6347 4524
6347 3966
9847 6347
4487 5561
2693 5561
5561 9878
886 5561
5561 4543
5561 2404
8187 5561
5606 5561
5125 5561
2334 5561
2459 5561
5561 1458
5561 5291
5561 6843
9811 5561
5561 9962
228 5561
9037 5561
1524 5561
5561 9851
8492 5561
8271 8393
6329 8393
8393 7912
8393 1460
8393 5263
6515 8393
3590 8393
8393 1626
8393 5296
8393 1591
8393 1442
8393 8979
6546 8393
8393 6380
8393 1620
8393 2376
8393 4950
8393 7154
3290 8393
8393 7
2895 8393
1484 6125
8475 1484
1484 7552
1484 6011
48 1484
243 1484
1484 8686
8411 1484
1484 6628
1484 9489
4881 1484
1484 8078
3247 1484
1484 7062
1484 2240
1484 9794
9484 1484
5005 1484
2263 1484
1484 7255
1484 193
7995 219
219 4471
1766 219
219 63
9110 219
219 8551
9302 219
1452 219
7370 219
9840 219
219 8821
9020 219
3262 219
219 9549
1266 219
4617 219
4395 219
5016 219
219 1713
3373 219
7250 219
568 3484
3853 3484
8538 3484
3484 1888
3484 5385
383 3484
3484 7451
5430 3484
3484 1231
4467 3484
2331 3484
2569 3484
4486 3484
3484 441
9140 3484
3484 6497
3484 3539
3484 326
3484 9421
2839 3484
9818 3484
3644 2917
4076 2917
2917 5862
2747 2917
8432 2917
7538 2917
2917 2665
2917 1973
6788 2917
2917 1143
2917 5117
4538 2917
2917 1842
2917 8322
4742 2917
2917 4530
9051 2917
8268 2917
3867 2917
2917 4214
9185 2917
8131 6846
6846 2901
6846 6471
6846 1930
6846 17
1475 6846
83 6846
7945 6846
1125 6846
9451 6846
9258 6846
8813 6846
266 6846
6846 663
743 6846
8639 6846
3063 6846
6846 7493
1674 6846
6846 5036
6846 5892
8526 9707
9707 6838
622 9707
2858 9707
5420 9707
3175 9707
5900 9707
9707 1681
9707 9983
4641 9707
9707 2729
9707 7368
9707 7282
3035 9707
9641 9707
4431 9707
2243 9707
2177 9707
5225 9707
9707 6948
9707 6326
6800 1896
6800 3405
4392 6800
6800 9081
6800 1019
182 6800
6800 6630
6800 9469
6800 8439
2476 6800
6800 1045
2966 6800
5811 6800
5410 6800
6800 364
7949 6800
3949 6800
6530 6800
8310 6800
6800 9581
6800 2001
5939 6942
7211 5939
4682 5939
5939 9709
3985 5939
2450 5939
5939 2667
5939 4092
5939 5247
5927 5939
4966 5939
5987 5939
3365 5939
5939 830
5939 7772
7734 5939
7270 5939
2197 5939
125 5939
4715 5939
8536 5939
3246 8675
5408 8675
5752 8675
8675 3650
8675 9657
6368 8675
8675 2857
8675 3925
8675 6338
8675 6653
1016 8675
8269 8675
8675 3059
8675 89
19 8675
8675 3459
726 8675
8675 6963
8675 4879
8675 4899
8675 38
103 1440
103 3667
103 4768
103 8529
2336 103
103 5753
103 6720
3990 103
7616 103
103 8126
8025 103
1665 103
103 2369
673 103
103 2535
8937 103
103 8983
3075 103
103 3863
1064 103
618 103
2231 5154
2231 6964
2231 1783
6136 2231
2231 4091
9766 2231
2231 5717
6551 2231
2231 2979
2231 2912
2231 645
3115 2231
5642 2231
1210 2231
297 2231
2231 8564
6140 2231
1013 2231
2231 7691
2231 15
2231 8000
5515 8576
8576 754
8576 7567
8576 3528
8576 6882
786 8576
7023 8576
3139 8576
8576 4156
4893 8576
8590 8576
280 8576
7041 8576
4159 8576
8576 2882
2482 8576
8576 7026
8576 5419
8576 3354
5124 8576
8576 8994
8370 8947
6746 8370
8370 7110
2405 8370
1478 8370
8370 8374
1902 8370
8370 7426
8370 7266
8370 5676
8370 8907
589 8370
1262 8370
8370 6895
8370 9874
8370 5530
8370 975
8370 3136
7008 8370
8370 2245
8370 6222
1463 1848
1848 8152
1848 4478
2138 1848
1848 2247
1848 7700
1848 1595
2337 1848
1848 6525
4996 1848
5829 1848
3962 1848
8172 1848
8242 1848
4457 1848
1848 8262
2076 1848
1848 1191
3577 1848
9629 1848
1848 34
1316 705
4027 705
465 705
705 5096
705 7670
705 5004
705 9411
705 8954
733 705
9669 705
3739 705
823 705
9040 705
7704 705
705 771
705 7336
705 7809
9750 705
6688 705
7896 705
3960 705
8868 112
3899 112
1402 112
3740 112
112 7682
7850 112
7743 112
5050 112
203 112
112 4390
7195 112
112 5078
112 9681
2908 112
9675 112
4313 112
112 2396
8581 112
4802 112
112 2764
7767 112
1677 9312
9312 548
5382 9312
1838 9312
2717 9312
9312 5650
5598 9312
9312 5432
9312 5847
8760 9312
9312 6204
9312 6149
8083 9312
2325 9312
9312 8214
1598 9312
4907 9312
9312 2783
9312 4884
9312 3307
9312 3591
1332 4657
8459 4657
4657 8087
6979 4657
6195 4657
7924 4657
7039 4657
28 4657
659 4657
8317 4657
4657 9676
4657 3448
3760 4657
4657 3921
2248 4657
5934 4657
4657 7640
4657 3278
4657 4023
4657 8072
9023 4657
5394 537
5394 9668
5903 5394
8656 5394
5394 8189
9594 5394
5394 1655
1693 5394
5394 8922
395 5394
1427 5394
5394 3198
8804 5394
5394 2181
5394 1840
7868 5394
5394 9899
8450 5394
6823 5394
8364 5394
5394 1664
8942 4801
1904 4801
57 4801
2675 4801
7539 4801
4801 3430
4801 6586
7461 4801
4816 4801
4801 79
4801 4461
4801 567
3553 4801
4801 8151
2862 4801
6110 4801
4378 4801
4801 3708
4270 4801
7199 4801
4801 6463
5123 6727
427 5123
9011 5123
5123 7739
5123 8671
5658 5123
5123 8550
5123 1239
6958 5123
991 5123
5123 9498
4109 5123
6303 5123
5123 7460
5123 6821
5123 9344
5325 5123
5123 1009
5123 8366
3097 5123
1601 5123
2425 3320
5686 3320
3320 1060
6117 3320
161 3320
3320 3033
3320 3831
1844 3320
3320 4317
3320 44
264 3320
4642 3320
3320 355
3320 7720
3320 3701
3320 9994
8212 3320
9409 3320
3320 8261
5748 3320
5427 3320
1030 18
4635 18
18 1780
18 4688
18 128
7104 18
7836 18
4776 18
5867 18
12 18
1946 18
7071 18
18 7464
5540 18
4248 18
968 18
9571 18
18 2718
18 4620
18 9425
18 7187
3762 6017
8418 3762
667 3762
4837 3762
4988 3762
3402 3762
3762 7087
3762 4323
1250 3762
3762 3106
3762 5422
8355 3762
6868 3762
5644 3762
3762 4780
8563 3762
2486 3762
3762 8417
4198 3762
470 3762
3762 6470
2234 9324
9324 940
9324 8569
9324 8309
9324 7000
9324 3062
6377 9324
9324 2093
9871 9324
9324 4100
5171 9324
9324 6189
9324 8948
9324 761
9324 6836
9324 8867
7346 9324
3736 9324
9324 5017
9324 7656
3392 9324
3156 7914
3156 2479
2474 3156
6704 3156
9299 3156
3156 4838
3156 4790
2518 3156
3156 6554
7812 3156
3156 91
3156 1044
3156 9007
1974 3156
1205 3156
3156 7303
7085 3156
3156 7843
3156 9698
3156 2627
2605 3156
250 8936
964 8936
8936 2222
8936 7871
8936 1820
8936 6429
2107 8936
3512 8936
8033 8936
512 8936
8936 5105
8936 8615
9384 8936
8936 8100
8936 5026
8936 5037
9137 8936
9383 8936
8936 8200
9303 8936
8936 1363
4953 6665
6665 9754
6665 1430
1200 6665
3923 6665
6665 7349
9759 6665
6299 6665
6789 6665
6648 6665
4654 6665
8608 6665
6665 9545
1127 6665
6665 5179
8553 6665
377 6665
6665 8783
463 6665
8460 6665
2309 6665
5792 7312
7824 5792
5792 8498
5792 5972
7711 5792
5792 4439
5792 9483
5792 9321
5792 5008
2781 5792
5792 9670
8616 5792
5792 4354
5792 4335
5792 4559
7216 5792
5792 8647
5792 6079
9701 5792
5792 1141
5792 942
1553 3582
6253 3582
3582 9001
3582 277
6466 3582
3582 4415
640 3582
3951 3582
3582 9286
2343 3582
9029 3582
7647 3582
3582 9327
3582 896
3942 3582
5908 3582
5115 3582
3582 2110
3582 3634
4910 3582
7162 3582
5397 8601
5397 8848
5397 4140
7805 5397
5397 4706
5397 6376
5397 7482
5397 1199
323 5397
5397 7434
5397 4118
5397 9364
5993 5397
6403 5397
5397 7878
3331 5397
6516 5397
7638 5397
5397 7928
7543 5397
5057 5397
7181 4726
7181 9127
7181 8039
7181 3426
7181 6911
7181 8950
8434 7181
2445 7181
7181 9954
4501 7181
7181 7671
7966 7181
2869 7181
8839 7181
7181 8343
7181 3049
7181 2554
3515 7181
7181 8423
7311 7181
7181 9314
7183 6233
6233 945
6233 1453
1066 6233
6233 4905
6233 2621
5418 6233
974 6233
6233 7286
4055 6233
8998 6233
9343 6233
6233 3824
6233 5966
6233 167
2677 6233
26 6233
6233 6218
6233 6769
9829 6233
6615 6233
5734 979
4418 5734
8951 5734
8567 5734
5734 4142
6710 5734
9515 5734
5734 9378
4869 5734
5734 8431
5734 5364
5734 58
3044 5734
5734 7760
1623 5734
5734 2426
5734 8870
5734 2493
4376 5734
5734 7546
5734 4582
6106 9015
638 9015
8020 9015
9015 3690
3280 9015
804 9015
8386 9015
9015 5654
9015 1826
7532 9015
5258 9015
9015 8235
9015 2158
1869 9015
9015 2643
9015 5897
5736 9015
6073 9015
9015 9239
9015 4166
9015 2195
3451 7792
3451 5232
3451 4528
3451 3732
2990 3451
5237 3451
1995 3451
432 3451
2637 3451
3451 7730
4786 3451
8225 3451
8230 3451
3451 5351
3451 5668
2286 3451
3451 365
9756 3451
3451 4345
620 3451
3451 1899
6856 9821
6856 1018
6856 4286
2687 6856
3548 6856
3069 6856
3360 6856
6856 6114
6856 3744
6856 2872
4767 6856
6856 8539
606 6856
5403 6856
6856 3216
6856 6298
287 6856
7424 6856
6856 562
5607 6856
3480 6856
9296 7789
5184 9296
1184 9296
2045 9296
4173 9296
9296 9605
9296 6046
3086 9296
9296 7139
1543 9296
9296 779
4135 9296
9296 1633
9296 9242
9751 9296
9296 3911
9296 3312
2663 9296
9296 3784
1760 9296
102 9296
5797 5769
5769 1471
4235 5769
5769 7452
9598 5769
5769 4469
5769 3665
5769 8941
5769 9152
2101 5769
6938 5769
5769 2452
9749 5769
5769 8474
5769 6343
5769 7159
3782 5769
5769 1321
5769 2229
1236 5769
4970 5769
100 859
100 9952
100 2212
4818 100
100 3504
5641 100
3649 100
8117 100
100 7873
1418 100
1816 100
9466 100
100 3372
100 1578
8293 100
6111 100
100 7508
100 6282
100 6472
100 8912
100 3628
8231 2166
2166 8096
4302 2166
2166 1366
8377 2166
1154 2166
2166 8495
2166 2873
4523 2166
2166 9815
2166 6890
7523 2166
2166 9946
2166 3460
2166 9773
2166 4533
2166 3356
2166 2142
8871 2166
2166 7448
2166 8001
3880 2432
2275 2432
3729 2432
9550 2432
3395 2432
2432 2516
2432 556
2432 4287
651 2432
2432 1640
2432 9317
2432 7800
2432 5772
2432 2809
6478 2432
4584 2432
5968 2432
2432 3618
3697 2432
2432 1264
5257 2432
7603 5023
1208 5023
5023 1243
5023 3662
3099 5023
9956 5023
9374 5023
963 5023
4098 5023
5023 5266
5023 516
8192 5023
209 5023
5023 1657
5023 1438
5023 8739
5023 21
7244 5023
5610 5023
1068 5023
9177 5023
2632 9472
2632 9208
2632 7931
2632 3563
2632 4292
2632 5648
2632 9388
6325 2632
1368 2632
2632 7581
3851 2632
2632 7902
2632 62
8227 2632
2632 9329
2632 8453
7029 2632
2632 2685
2632 1196
4369 2632
5462 2632
5416 3454
7838 3454
1733 3454
3454 999
3454 3129
3454 8346
3454 1833
3454 6663
3454 4367
3454 2034
3454 7033
8756 3454
2372 3454
8661 3454
1581 3454
3454 5817
3454 7663
8562 3454
9430 3454
3454 8168
7867 3454
497 2116
5593 497
4133 497
7232 497
497 6383
497 9859
497 8491
497 180
497 2954
6367 497
497 6308
497 4215
5032 497
6316 497
9930 497
497 9803
497 1130
6020 497
5303 497
497 2418
497 405
6875 3883
3883 3765
3883 5301
6589 3883
3883 1972
3883 2314
5633 3883
3883 4176
9352 3883
3883 354
9978 3883
2491 3883
3883 2709
2924 3883
3883 1613
9872 3883
3883 8766
6202 3883
3883 4273
3883 4267
3883 4106
1198 848
848 6575
848 9325
848 3502
324 848
848 9948
848 4586
806 848
9920 848
7626 848
848 9072
848 1330
848 1652
848 3332
522 848
4708 848
3122 848
848 9997
6223 848
848 3543
848 8782
347 6735
3415 6735
6735 1683
6144 6735
6735 5962
6735 7404
4358 6735
262 6735
390 6735
5672 6735
6735 370
6756 6735
6735 59
138 6735
6070 6735
220 6735
6735 5222
6735 9361
8629 6735
6735 2770
8768 6735
1786 1015
3672 1015
1015 9647
1934 1015
1015 1533
1015 634
5743 1015
1015 1118
394 1015
1015 5806
3572 1015
1015 5014
1015 5830
8595 1015
7740 1015
1523 1015
3792 1015
7500 1015
2756 1015
3473 1015
1015 8554
947 4760
4429 4760
4760 6864
4760 7627
8350 4760
7673 4760
9205 4760
4760 7015
4760 396
116 4760
4760 8422
403 4760
4760 5970
4760 3835
4760 9827
4760 6384
4760 6196
2741 4760
4760 1966
4760 6679
1042 4760
3555 4978
6162 4978
8405 4978
5720 4978
1399 4978
4978 7897
4978 5334
9965 4978
4978 2187
5369 4978
4978 5174
4978 1883
8748 4978
3640 4978
9619 4978
925 4978
8676 4978
4978 9071
9211 4978
1195 4978
6970 4978
3896 9648
9648 3661
9648 2934
9648 5459
4233 9648
9648 7605
9648 9589
8353 9648
9432 9648
159 9648
8663 9648
9426 9648
8884 9648
9648 901
3052 9648
9648 5090
737 9648
2437 9648
9648 1110
1202 9648
9648 6967
7578 4521
5203 4521
4521 5727
8796 4521
4521 5082
4521 3773
4521 1775
4521 7810
4521 1529
4521 4553
4521 1876
4521 7338
4521 2639
6391 4521
4521 1248
2075 4521
4521 4781
4521 6097
10 4521
4521 8578
2998 4521
6410 32
1297 32
32 7666
7010 32
32 7293
32 6971
6832 32
8116 32
32 4189
5694 32
32 8378
4412 32
32 1618
32 9381
32 2634
32 5060
32 2986
215 32
6826 32
8255 32
32 5636
9823 2648
9823 3730
9823 4763
9823 9034
9823 1215
7978 9823
4168 9823
9823 7550
7329 9823
9218 9823
9823 1917
7507 9823
9823 8503
9823 1508
9823 8664
1877 9823
6000 9823
3706 9823
4748 9823
8735 9823
9823 9377
9753 8832
8832 6613
7491 8832
8832 295
3407 8832
8832 4382
8832 7726
8832 7252
4221 8832
5819 8832
3191 8832
8832 3120
8832 7243
8832 2112
8832 5941
8832 7846
7562 8832
7120 8832
8832 1289
2737 8832
6619 8832
5205 1047
1572 5205
5205 7025
5205 6101
2740 5205
5205 7285
5205 5688
2156 5205
5205 1990
1960 5205
590 5205
5205 1092
4675 5205
5205 3566
5205 9616
4990 5205
4000 5205
3055 5205
9775 5205
4408 5205
5205 384
9693 3082
9693 8606
3066 9693
9401 9693
9693 9972
8699 9693
9693 4650
8642 9693
9693 4344
9693 7345
5166 9693
9693 2973
875 9693
9693 2692
9693 9862
8204 9693
2363 9693
4278 9693
9693 3146
4129 9693
3541 9693
4123 6265
3518 6265
6087 6265
9263 6265
9790 6265
6934 6265
2344 6265
2985 6265
6265 5886
6265 6771
7392 6265
2048 6265
3220 6265
235 6265
6265 4827
7506 6265
6265 5771
3057 6265
6265 173
1308 6265
190 6265
9724 1221
1221 2972
1221 9819
1491 1221
1221 3797
1221 2701
2285 1221
2226 1221
1221 539
3645 1221
1221 688
1221 2351
8026 1221
1221 2389
9243 1221
1221 4283
1221 7548
1913 1221
5859 1221
1221 3767
9507 1221
4296 314
314 7908
314 2413
5655 314
314 5662
407 314
9971 314
314 6201
314 9530
477 314
314 6155
1486 314
314 5481
314 9966
314 1124
6899 314
314 1265
314 3879
314 2205
7325 314
3798 314
9520 6363
6150 6363
6363 8237
3500 6363
6363 5489
6363 3654
6363 5423
6363 8004
1106 6363
6363 45
435 6363
6363 2394
4067 6363
5164 6363
1987 6363
6363 2269
7004 6363
6363 9685
6047 6363
3464 6363
6363 8630
1080 5716
5716 1017
7193 5716
5716 5072
5716 2462
2824 5716
6605 5716
4968 5716
3766 5716
5716 5696
8468 5716
3655 5716
6600 5716
5716 4626
6881 5716
5716 5216
2102 5716
5716 4497
5716 9611
5716 6033
5716 6901
6490 4305
6260 4305
4305 6407
4305 3238
4305 6886
4305 5031
3953 4305
4305 4320
4305 5274
4305 8449
4305 4705
2600 4305
9467 4305
5889 4305
4305 4822
9967 4305
1129 4305
4305 8383
2220 4305
4305 2488
8703 4305
6635 8316
9490 8316
8316 502
5145 8316
8316 9563
8316 1881
186 8316
8316 8337
7833 8316
8316 7600
8316 8249
6348 8316
8316 647
1584 8316
8316 789
5478 8316
8316 2483
2930 8316
3892 8316
4348 8316
8316 4839
7795 3814
234 3814
3814 1186
2299 3814
4609 3814
6724 3814
3814 4227
4612 3814
3814 4426
3814 4445
3814 515
3814 3251
7649 3814
3814 4274
3814 270
3814 3223
3814 8143
5288 3814
5323 3814
3814 4811
3814 9863
5322 2976
500 2976
1172 2976
6599 2976
503 2976
2976 2371
5569 2976
6092 2976
2976 3696
5588 2976
2976 5151
1541 2976
2976 757
2976 3579
9407 2976
2976 8533
926 2976
2976 4366
2976 4146
1335 2976
3488 2976
2814 4661
310 4661
4661 8176
4661 5120
4574 4661
4661 8194
4661 5835
7864 4661
3257 4661
4661 6319
9540 4661
1037 4661
4661 3172
8736 4661
7845 4661
3823 4661
4661 2145
4661 2111
4661 6889
4661 822
6030 4661
2345 8607
4346 2345
2345 2044
668 2345
198 2345
2345 5609
2345 4957
2345 3382
2345 107
2345 9536
2345 2069
698 2345
740 2345
2345 9856
8014 2345
2345 7881
2324 2345
1709 2345
2345 2402
2345 3575
2780 2345
5856 3804
6612 5856
5856 114
9762 5856
9371 5856
1356 5856
5856 319
2883 5856
5856 9900
5856 286
5856 829
5856 7935
5307 5856
5856 3447
5856 307
5856 5348
1976 5856
90 5856
5856 8034
5856 7588
7457 5856
5877 4889
9048 5877
5877 8728
5877 5741
5877 2584
5877 9272
5877 8597
5877 4377
5877 6623
5877 8238
8849 5877
5877 3721
2454 5877
913 5877
2133 5877
5286 5877
5877 7782
2434 5877
5877 5262
3423 5877
5877 5175
1229 1341
629 1229
1229 4561
6001 1229
3265 1229
1229 1558
1229 8786
1229 6138
1229 4850
1229 7804
5855 1229
1229 8929
602 1229
1229 2242
6770 1229
1229 967
7369 1229
1229 3270
9418 1229
1229 6697
8133 1229
5018 2786
98 2786
9895 2786
5055 2786
8627 2786
8395 2786
9114 2786
1649 2786
4999 2786
2786 671
2786 9189
2786 3187
7521 2786
2786 7374
2786 8436
8754 2786
5739 2786
9999 2786
2786 5243
2786 1662
657 2786
4064 3821
3821 8173
3821 8254
1644 3821
3821 9722
3821 3938
2800 3821
3821 5241
2652 3821
342 3821
3821 5926
5541 3821
4898 3821
3821 9976
3821 8770
5825 3821
3821 5156
3821 7067
3821 2751
3821 1735
9395 3821
206 6364
6364 1005
6364 7143
6364 5627
6364 1817
646 6364
6364 8511
3333 6364
6364 4114
6364 8593
5451 6364
6364 8285
5107 6364
6364 2104
1197 6364
6364 7053
6364 5292
6364 4740
6364 5519
6364 9927
6364 7335
1059 6203
6203 4713
157 6203
6203 8275
1259 6203
534 6203
6469 6203
6203 2892
6203 6482
891 6203
6203 5984
4216 6203
6203 8041
1537 6203
6237 6203
6203 373
6203 603
2014 6203
6203 4963
2400 6203
6203 868
5920 8573
1006 8573
9069 8573
2056 8573
8573 3203
8573 7571
8573 1879
7123 8573
8887 8573
7415 8573
3700 8573
8573 1114
8573 5446
8573 1799
8573 1034
8573 3116
8573 614
4993 8573
2262 8573
8573 240
8573 1087
1036 8040
8040 4078
8040 5335
3747 8040
4062 8040
1010 8040
8040 8145
8040 2290
6234 8040
6792 8040
8040 6835
7738 8040
7665 8040
8040 8575
8040 3833
8040 9995
8040 2888
2475 8040
8040 7294
8040 2958
5998 8040
259 2465
1048 2465
8507 2465
5053 2465
2465 5172
2465 3100
1556 2465
2465 5281
2465 6
850 2465
3478 2465
6269 2465
2465 7265
3680 2465
9059 2465
391 2465
2465 6943
318 2465
3230 2465
2465 642
2465 4634
9912 2230
9912 8682
9912 3470
7435 9912
3152 9912
2909 9912
6847 9912
9912 6686
9912 4158
9912 1455
3243 9912
5202 9912
9912 631
6131 9912
9912 563
1496 9912
4774 9912
9912 9148
9912 2799
2473 9912
9912 4230
8972 709
8124 8972
8972 6500
7380 8972
4450 8972
8972 6351
772 8972
348 8972
4462 8972
8972 9817
8972 7806
4494 8972
2094 8972
9739 8972
7231 8972
43 8972
3862 8972
2610 8972
3313 8972
8972 5726
3341 8972
3400 555
2114 555
7946 555
555 4581
555 946
1940 555
462 555
5624 555
555 4857
555 6712
6012 555
555 8547
555 5347
3137 555
555 412
1461 555
5657 555
555 7505
7609 555
555 4284
555 5500
6767 9224
4645 9224
9224 6095
9224 9431
5219 9224
9224 4590
9224 2837
6293 9224
9224 7414
9224 1029
4070 9224
9224 6568
9224 679
212 9224
5094 9224
9224 4697
1921 9224
9224 5473
7012 9224
5308 9224
9224 6236
2768 1757
2768 299
2768 9599
2922 2768
2768 2500
2768 5054
5162 2768
2768 2846
4247 2768
2768 2430
6174 2768
3596 2768
4250 2768
2768 146
2768 2926
2768 3993
3748 2768
2768 8546
137 2768
2768 1707
993 2768
8419 4049
3533 4049
4513 4049
4325 4049
4049 4955
7040 4049
4049 4604
7279 4049
1359 4049
8854 4049
4049 9241
4049 1893
4049 7894
2241 4049
251 4049
734 4049
8467 4049
3631 4049
4049 9631
4049 3397
334 4049
7367 9928
7367 4410
7367 9864
5165 7367
9145 7367
7367 9390
464 7367
7367 9848
5732 7367
6555 7367
7367 9918
1872 7367
7803 7367
7367 2716
7367 5409
5950 7367
7367 2305
7367 7445
7367 570
7367 8006
7367 713
4499 4095
4095 1744
4095 7943
4095 6811
4095 14
4095 3905
4095 2338
7856 4095
4245 4095
4095 4063
825 4095
4095 7599
4987 4095
1448 4095
4095 3291
4095 9182
1207 4095
6123 4095
4095 5691
1483 4095
4095 1344
47 4864
8946 47
47 5564
5740 47
47 6569
9618 47
67 47
7050 47
47 5034
47 5025
7144 47
3229 47
8186 47
47 2031
1002 47
47 5777
269 47
6937 47
47 9030
47 1745
5757 47
1193 1936
1936 7683
1936 8729
1936 8931
7019 1936
1936 7724
5574 1936
1936 654
1951 1936
1936 6854
7781 1936
7615 1936
5214 1936
1936 7641
1936 7334
4360 1936
1936 4825
1936 7388
4443 1936
4080 1936
588 1936
2196 8487
1770 8487
8487 7059
6304 8487
8487 7148
8007 8487
8487 3492
5723 8487
8487 8883
8487 3267
6590 8487
8487 478
8497 8487
8487 1837
8487 4736
65 8487
8487 9922
8487 4279
6034 8487
8487 3517
8487 372
8097 1422
1422 4041
9770 1422
4020 1422
7520 1422
1422 4931
1422 8278
244 1422
1422 6585
1422 2509
3967 1422
1422 4580
1422 5484
1422 5936
9457 1422
1422 1409
6406 1422
669 1422
5509 1422
1422 3466
8448 1422
8862 8451
6804 8862
531 8862
8862 6078
7438 8862
8862 9318
9723 8862
6806 8862
5506 8862
8862 2298
9718 8862
5357 8862
4980 8862
9309 8862
2944 8862
8862 1347
1209 8862
6764 8862
8862 6141
8862 8674
7160 8862
5992 5251
1606 5251
5251 1808
5251 4757
5251 6786
5251 2136
5251 9858
39 5251
5251 5041
6683 5251
5251 8799
5251 8637
8928 5251
9178 5251
5251 775
5251 7573
8604 5251
5251 7399
485 5251
4882 5251
5251 7547
9206 1622
4468 1622
9356 1622
661 1622
1622 2853
5749 1622
858 1622
337 1622
1622 2556
7920 1622
1622 3076
8490 1622
778 1622
3692 1622
1622 9074
1622 5221
1622 2268
1622 5264
6791 1622
1622 5942
1622 246
7328 594
7328 9419
7328 5863
3627 7328
7328 1237
2785 7328
7328 5865
7328 9893
8636 7328
7328 7184
7328 2100
4199 7328
7328 2937
7328 1319
7328 3420
7328 6986
7328 5157
2449 7328
1726 7328
7328 7344
7328 5755
9041 3670
3670 2003
3670 518
9284 3670
3670 4433
3799 3670
3670 5613
3670 155
4591 3670
7274 3670
3670 8205
3670 2825
8634 3670
3670 8967
9652 3670
6591 3670
3670 9615
3670 9358
2982 3670
5434 3670
5887 3670
798 7870
7870 3583
7870 994
7870 9287
3343 7870
5150 7870
7870 2
5313 7870
4009 7870
841 7870
7870 8822
7870 716
7870 7253
7870 4532
9012 7870
5118 7870
4260 7870
7191 7870
7556 7870
7870 5559
7870 9279
4969 6044
4969 770
1614 4969
425 4969
4969 6249
4969 9228
4969 1722
4969 9161
4969 1338
8482 4969
4969 6063
9993 4969
4969 4361
6952 4969
3604 4969
6171 4969
4962 4969
4969 4318
8282 4969
4699 4969
832 4969
6502 6888
2277 6502
6502 7003
174 6502
1014 6502
6502 5180
2978 6502
2186 6502
1135 6502
6502 3998
6502 5181
6502 3431
6502 2307
6502 7869
3941 6502
6502 8019
6502 2046
6502 1546
3846 6502
6502 6574
8408 6502
5000 3421
8645 5000
5000 4481
5000 2381
2623 5000
5000 5494
3467 5000
7151 5000
5000 8270
2671 5000
9305 5000
5000 4237
5000 2962
165 5000
5000 2209
5000 5928
5201 5000
5000 4441
5000 8178
5000 424
5000 4190
8191 5447
6467 8191
5860 8191
8191 2374
8191 3754
8191 8089
8191 2700
5287 8191
700 8191
8191 1912
8191 2787
8191 41
2124 8191
3783 8191
8191 8709
8191 4266
8191 2706
9462 8191
8191 8016
8191 7018
1089 8191
4085 6366
6366 227
1177 6366
6313 6366
6259 6366
2602 6366
6366 3171
6366 6629
6366 6808
5211 6366
5528 6366
6366 382
6366 3169
2690 6366
6366 5880
1067 6366
6366 8889
6366 6766
6366 5009
9000 6366
1847 6366
9765 5046
5046 1731
3225 5046
5046 4480
4552 5046
5046 5490
5046 3573
5046 4669
5046 6004
5046 6930
5915 5046
2970 5046
5046 359
362 5046
2762 5046
5046 7213
5046 7584
5046 7271
5250 5046
4272 5046
1906 5046
8243 3652
3652 4592
9382 3652
3652 8452
3652 4409
3652 5389
9204 3652
2071 3652
3652 6774
6687 3652
4373 3652
1058 3652
1179 3652
616 3652
3652 4750
3887 3652
3652 5885
4269 3652
3652 4762
3652 2027
5443 3652
1371 2703
5807 1371
473 1371
1371 2292
4547 1371
4498 1371
474 1371
1032 1371
1557 1371
2008 1371
1212 1371
1371 4922
2273 1371
1371 8633
5521 1371
1371 9022
1371 7747
1371 869
1371 6207
1371 1573
1371 8806
9546 3597
906 9546
9546 7770
7950 9546
1682 9546
9546 9180
9546 639
9546 1978
8749 9546
9546 4834
9583 9546
5866 9546
5197 9546
9546 7409
2274 9546
2521 9546
9546 1311
9546 7742
2347 9546
1149 9546
9546 2996
4961 643
3674 4961
4961 8365
4961 1174
8228 4961
4141 4961
5788 4961
4961 3255
4314 4961
7541 4961
110 4961
1052 4961
4961 3248
4961 1851
8840 4961
115 4961
1538 4961
4961 8586
541 4961
4961 4874
4961 8875
2868 9576
2868 417
2200 2868
2868 1736
2868 9813
2868 4526
2379 2868
2868 6331
2868 4886
3217 2868
7217 2868
9387 2868
2868 4149
2945 2868
6314 2868
2868 5160
8987 2868
2868 801
2868 4693
5161 2868
2868 9553
8712 9143
1873 8712
7133 8712
8712 2055
2233 8712
1213 8712
1288 8712
8712 2828
9677 8712
8712 4684
2911 8712
8712 5142
8712 2026
8712 6933
8712 3252
8712 5453
3839 8712
2250 8712
3830 8712
4368 8712
8712 816
2442 6400
6400 1742
6400 2587
8843 6400
3351 6400
6400 139
6400 9686
33 6400
1574 6400
6400 7074
6400 1771
5030 6400
6400 7056
6400 1306
4686 6400
2880 6400
6400 9018
6400 6082
1862 6400
6400 8687
6400 7337
3321 3710
9609 3321
3321 691
9761 3321
3321 2923
3321 6638
3321 4841
1451 3321
3321 1246
776 3321
1653 3321
6578 3321
3321 7384
3321 6946
8510 3321
4053 3321
9548 3321
3218 3321
5765 3321
3321 1570
6069 3321
3105 1514
1514 2004
1514 784
1514 1071
1514 7774
8141 1514
4171 1514
1514 3506
1514 3757
224 1514
8818 1514
2282 1514
1514 564
1514 6517
1514 7086
6677 1514
152 1514
1514 6333
1514 2790
356 1514
1812 1514
641 50
641 3385
641 8170
641 6440
641 3520
641 8134
9144 641
5228 641
641 7551
3906 641
9340 641
6504 641
641 1434
641 468
641 1498
641 1175
6409 641
4134 641
641 5773
2225 641
4312 641
4596 3808
4596 2513
4596 9664
6229 4596
4596 8485
4596 4327
7418 4596
1035 4596
4596 9190
7412 4596
4596 6019
6566 4596
4596 5127
6107 4596
4491 4596
3306 4596
1661 4596
4151 4596
4596 8009
2207 4596
9853 4596
3874 1057
3874 2515
7528 3874
914 3874
3874 6624
6372 3874
7510 3874
9098 3874
1329 3874
3874 9245
3874 2266
3874 8092
5073 3874
3874 1085
8812 3874
742 3874
3874 8308
7771 3874
3874 8292
3874 4946
3874 8276
7135 4608
6657 4608
4608 4717
8241 4608
4608 400
8313 4608
9623 4608
3375 4608
8177 4608
3741 4608
7372 4608
4826 4608
9755 4608
8440 4608
4608 6239
4506 4608
4608 3547
4608 6682
1473 4608
5242 4608
8280 4608
5522 7525
5358 5522
5522 6146
5522 8861
1046 5522
5522 5460
5522 2421
9799 5522
9627 5522
6392 5522
134 5522
5522 2223
2959 5522
419 5522
6021 5522
1031 5522
3841 5522
4454 5522
4562 5522
5665 5522
6765 5522
2238 1504
1504 6761
1504 4541
1504 7342
1504 6148
6084 1504
9908 1504
6910 1504
1952 1504
2968 1504
1504 9901
7814 1504
7901 1504
1504 4943
1504 8464
1504 525
5380 1504
1504 7201
1504 7765
1504 5091
1504 3214
6871 7698
7698 8190
7698 2913
7889 7698
7698 982
7698 2167
7698 9659
7698 200
7698 9658
7698 8054
9115 7698
5352 7698
9909 7698
7698 5295
135 7698
4013 7698
3324 7698
4507 7698
3531 7698
8347 7698
7698 873
8075 4948
5372 8075
1843 8075
8229 8075
8075 8718
8075 5199
8075 7470
8075 4928
4623 8075
5342 8075
8075 3472
8075 6877
8075 6664
2335 8075
120 8075
8805 8075
8075 5584
8075 7957
8075 4178
7313 8075
8075 9235
7170 6132
6132 4470
6132 7393
6160 6132
6132 2851
6132 8949
3774 6132
9737 6132
6132 2084
6132 4357
6132 605
5188 6132
5634 6132
6132 2443
6132 1651
6132 4121
30 6132
8056 6132
6132 9916
5449 6132
1924 6132
6369 3445
3445 7575
2477 3445
6267 3445
3445 175
3445 343
3445 6817
5504 3445
3445 7495
3445 9093
7968 3445
7218 3445
5168 3445
7911 3445
1255 3445
3445 4321
2416 3445
27 3445
3642 3445
8031 3445
3445 6145
2670 8005
8917 8005
6651 8005
9728 8005
8005 2612
6602 8005
9587 8005
81 8005
66 8005
9697 8005
4107 8005
8005 6133
1173 8005
788 8005
8530 8005
8005 2832
8005 2715
7246 8005
8005 5480
1260 8005
8005 7475
9117 3637
9079 9117
9117 7332
9117 7371
9117 8348
9126 9117
9117 6505
6593 9117
9678 9117
3166 9117
5533 9117
707 9117
4455 9117
1345 9117
9117 7504
895 9117
9117 5881
9117 479
2946 9117
9117 9689
9117 8106
817 5768
4271 817
817 1992
817 443
817 8017
7382 817
7989 817
2067 817
817 6779
817 5138
6748 817
817 7485
8426 817
817 9555
817 7890
2041 817
817 4342
817 7651
5406 817
817 2495
817 3316
5695 1156
3715 1156
7709 1156
1156 2188
4536 1156
1156 8358
8652 1156
1156 5725
5596 1156
1156 274
2312 1156
3973 1156
2842 1156
8294 1156
4671 1156
1156 6473
7991 1156
6191 1156
5477 1156
1156 499
439 1156
5983 3723
5983 3540
4086 5983
6675 5983
281 5983
5983 5883
5983 6921
5651 5983
7646 5983
5983 3091
5983 1247
6465 5983
5983 4185
8836 5983
5983 6726
9470 5983
5983 8780
6360 5983
3219 5983
208 5983
1355 5983
9896 7239
9896 3615
442 9896
9896 1462
826 9896
3367 9896
9896 1519
8991 9896
9896 6973
9248 9896
9896 5261
9896 3673
4047 9896
1069 9896
9896 1857
9896 4806
9896 1182
9896 4902
9896 8380
8161 9896
6322 9896
527 1985
1985 3802
1985 8493
1985 9830
1985 3054
8857 1985
1985 4136
4069 1985
2727 1985
1985 1120
1985 411
1985 5039
9880 1985
6994 1985
1985 1294
7283 1985
1985 6643
1985 1813
1916 1985
1985 794
1985 1997
5977 5800
5977 9903
5977 385
3323 5977
7992 5977
758 5977
5977 6479
5445 5977
5977 3034
8457 5977
5975 5977
6855 5977
5977 9876
5977 2894
6185 5977
5977 6344
6610 5977
7127 5977
5977 1222
5977 6850
5977 8265
4973 824
4973 8402
4973 7228
1226 4973
2771 4973
2668 4973
6163 4973
2408 4973
5708 4973
4973 7360
4973 71
4973 3996
3801 4973
4973 3468
6180 4973
8512 4973
1489 4973
20 4973
4973 4144
675 4973
3735 4973
8065 8195
8195 2885
8195 3508
7732 8195
3452 8195
8195 9838
1868 8195
9712 8195
5659 8195
8195 880
8195 5028
8118 8195
3185 8195
8195 6754
4306 8195
7837 8195
8195 6805
9428 8195
8328 8195
3683 8195
8195 2520
1401 7063
9033 7063
6606 7063
970 7063
7063 7179
2254 7063
8920 7063
3090 7063
7063 3047
7351 7063
3422 7063
2258 7063
7063 5454
9551 7063
7063 3658
8509 7063
2260 7063
7063 5063
8847 7063
7063 9513
8927 7063
3992 4056
4056 4607
4056 5747
4464 4056
670 4056
4056 7597
457 4056
5608 4056
4056 5646
4056 9171
1157 4056
3956 4056
4056 9889
2375 4056
4056 8220
4540 4056
3000 4056
4056 7981
4056 2679
4077 4056
3872 4056
2164 3481
2164 649
9078 2164
5799 2164
2164 3560
2164 893
2164 983
8501 2164
4616 2164
2164 2527
4940 2164
7084 2164
2164 8494
2164 345
3077 2164
7106 2164
2164 7861
8120 2164
2164 8217
2164 2120
2164 8612
6931 1863
3565 6931
6931 9630
8090 6931
6954 6931
2028 6931
2833 6931
6931 5961
2098 6931
6156 6931
6931 8778
1256 6931
1686 6931
6931 9980
6931 3570
6931 3293
6931 697
6931 1576
6738 6931
7178 6931
4071 6931
6228 2021
2021 6598
2021 5200
8602 2021
2021 3383
3145 2021
3346 2021
2021 1480
2021 8820
2021 6913
936 2021
2065 2021
2021 7545
2021 9149
3613 2021
2021 7185
2021 2189
6016 2021
2021 3522
2021 4983
2021 5870
4130 1449
4130 4252
2588 4130
4130 5516
4130 5112
4130 6666
8679 4130
4130 5527
580 4130
9705 4130
4130 4700
4130 2457
4130 1821
4130 338
4130 767
4074 4130
4130 2472
9783 4130
4130 5762
4130 8715
1764 4130
9313 583
5383 9313
9313 8803
3811 9313
9313 3630
3884 9313
1145 9313
985 9313
9313 2891
9313 9625
3717 9313
9313 6539
9313 7065
9313 6300
247 9313
9313 3231
9313 4719
9313 3864
9313 4804
3234 9313
5710 9313
9132 666
666 8704
666 3283
666 2759
666 7744
2203 666
666 8146
666 4019
666 2460
623 666
3844 666
666 1384
666 8369
2315 666
7841 666
3173 666
7352 666
666 6232
666 3359
666 4621
666 6404
6722 3932
3932 3114
2570 3932
6094 3932
7852 3932
3932 9914
3932 2559
3932 6844
3932 6956
3932 4936
3932 2392
3932 2856
7188 3932
3932 2391
8809 3932
3932 2981
604 3932
3932 6527
7275 3932
6580 3932
2712 3932
4116 4
8648 4
3611 4
2427 4
4603 4
4 3989
4 7756
4 2278
7102 4
5713 4
1781 4
4 8516
4234 4
5810 4
4 7877
5974 4
2469 4
9528 4
4 2316
4 6900
7602 4
3297 1856
236 1856
1856 2191
1856 750
1856 6858
1856 1362
1393 1856
1856 3414
6324 1856
7320 1856
1856 9907
8320 1856
1856 9064
6049 1856
7975 1856
8044 1856
1856 1755
1856 378
6277 1856
6381 1856
1856 3497
7710 2672
6096 2672
5804 2672
2672 6353
5268 2672
9019 2672
3551 2672
8961 2672
2672 7391
8792 2672
6950 2672
2672 1240
2672 9179
2672 5518
9806 2672
2270 2672
7519 2672
6292 2672
1436 2672
6660 2672
2672 6540
6288 1583
1583 3361
1583 3109
5570 1583
1583 3776
1583 409
3140 1583
4016 1583
1583 4295
1583 2387
6822 1583
1583 3371
1583 8814
1583 3184
6550 1583
1583 9067
1583 3994
9146 1583
1583 5204
1583 8403
6891 1583
2641 1099
2624 1099
6773 1099
1099 8605
1099 7333
696 1099
1099 4739
1099 8916
8077 1099
5979 1099
9734 1099
6246 1099
8730 1099
2185 1099
1099 9572
1099 7425
147 1099
1099 2705
1466 1099
9400 1099
1099 5814
7214 9781
7214 4094
7214 399
7214 9410
7214 6039
8046 7214
7214 9735
9562 7214
5080 7214
6328 7214
6453 7214
5868 7214
9660 7214
7214 1654
7214 7383
1938 7214
5964 7214
7214 3438
2812 7214
7214 7045
7214 6355
6445 4261
4261 3679
4261 3147
7116 4261
1554 4261
814 4261
4261 953
4821 4261
5770 4261
4261 3317
4261 1659
4261 23
4835 4261
4261 5985
9212 4261
8058 4261
1159 4261
2580 4261
3536 4261
577 4261
4261 3959
133 9499
254 133
2072 133
8456 133
6038 133
133 4280
133 510
133 8609
1616 133
2884 133
133 5413
133 9826
2141 133
133 5365
133 5873
9635 133
133 7260
133 2566
9825 133
6918 133
9642 133
1819 5517
8545 1819
1819 2501
291 1819
3269 1819
6514 1819
648 1819
1819 5603
1022 1819
1819 3064
626 1819
1819 4646
1859 1819
1589 1819
1819 6818
1819 2184
3384 1819
489 1819
1819 745
5960 1819
3908 1819
6553 6002
6311 6002
6002 811
6002 6676
6053 6002
5965 6002
3761 6002
1814 6002
5143 6002
6985 6002
6691 6002
9062 6002
2571 6002
4291 6002
6002 3836
1836 6002
2818 6002
2356 6002
7277 6002
845 6002
6755 6002
5092 6161
3148 5092
5458 5092
5092 4971
5092 5061
9259 5092
5092 5827
4299 5092
5092 4856
5092 9353
6393 5092
5092 3279
5092 8568
5092 585
2847 5092
5092 4803
5092 3458
2296 5092
4254 5092
5092 2782
7237 5092
9213 7918
7918 5155
9065 7918
7918 2625
7918 6563
7918 8435
7918 5252
9501 7918
7918 7417
7918 6747
7918 1435
7918 1097
2505 7918
1285 7918
4833 7918
4589 7918
8669 7918
3546 7918
7918 9261
7918 9386
7430 7918
8345 7725
9056 8345
8345 5400
8345 6503
6512 8345
6080 8345
8345 9359
2023 8345
8345 9505
5712 8345
8193 8345
8345 3722
9771 8345
4847 8345
8132 8345
8345 3595
8345 4890
7655 8345
8747 8345
8345 3284
5790 8345
5452 8993
5452 1778
8582 5452
5452 54
5452 1411
1811 5452
5452 9136
5452 4854
7815 5452
5452 1858
524 5452
2724 5452
1684 5452
5452 4285
7439 5452
9402 5452
7408 5452
3053 5452
7553 5452
2458 5452
5452 3092
6334 1485
6334 9612
6334 4964
6334 3524
4025 6334
9452 6334
3702 6334
6334 7044
6334 4912
4647 6334
2983 6334
4328 6334
1481 6334
2517 6334
2504 6334
6334 2370
6334 8471
6334 7717
6334 2813
6334 1238
6334 4639
6908 2074
6908 5407
7964 6908
684 6908
7729 6908
1790 6908
6430 6908
8953 6908
6908 5947
6908 2294
6908 5953
6197 6908
3210 6908
2893 6908
4858 6908
6908 2435
5229 6908
6908 718
3020 6908
3937 6908
9236 6908
6219 7189
6219 7561
6374 6219
6219 1956
7398 6219
6219 6425
1668 6219
6219 3078
9552 6219
6219 9533
3958 6219
2310 6219
6219 5353
8734 6219
5245 6219
6219 1850
6219 4385
5047 6219
8500 6219
8508 6219
6219 6494
6475 122
122 2766
122 7429
122 981
8425 122
1378 122
7939 122
8877 122
9293 122
2301 122
122 7986
122 8537
4177 122
2739 122
122 2585
1865 122
8326 122
4343 122
1376 122
122 3004
122 557
2525 8644
566 8644
8644 7014
762 8644
4281 8644
242 8644
2599 8644
6924 8644
8644 5997
8644 3537
8644 1983
8401 8644
8644 5066
1268 8644
2297 8644
8644 5344
2560 8644
7622 8644
8644 1892
8644 996
145 8644
76 3005
76 5300
9607 76
1281 76
76 245
76 6582
76 8256
3727 76
8561 76
5864 76
9172 76
76 9661
76 627
76 5512
76 1571
5294 76
76 3621
76 3441
76 8257
76 5283
6060 76
7526 5070
8714 7526
2194 7526
7526 1864
7526 908
7526 4944
7526 4929
862 7526
1999 7526
7526 4424
7526 6346
7526 2817
9717 7526
2614 7526
7526 341
7526 6068
7526 3150
7526 9837
7526 2915
7526 6264
7526 2029
7672 8441
1385 8441
6040 8441
8441 9434
4353 8441
3212 8441
8441 1646
8441 4170
8441 6257
8441 4022
4598 8441
8441 2723
9436 8441
8441 4406
5617 8441
8441 8631
8441 3244
7715 8441
8441 9886
704 8441
5532 8441
8787 9297
2463 9297
1305 9297
9297 3133
9297 6352
9297 3272
7341 9297
9297 7591
948 9297
7147 9297
9297 8052
1632 9297
8210 9297
9297 4710
9297 866
4860 9297
3350 9297
2728 9297
9297 9480
9297 1201
9297 397
4209 7689
7689 4115
2823 7689
8163 7689
8982 7689
7689 3707
7689 4428
7689 1971
5667 7689
7689 3327
2732 7689
1959 7689
7689 1301
7689 60
446 7689
8667 7689
6533 7689
7689 4873
8061 7689
8183 7689
2838 7689
5083 7447
9027 7447
7447 7895
7447 6736
7447 7221
7447 2722
2590 7447
3417 7447
7447 8367
7447 9391
7447 5399
4438 7447
7447 4670
7447 1933
7447 1706
7447 7534
1358 7447
1382 7447
7447 8876
7447 3976
2193 7447
939 3745
1105 939
986 939
939 6216
977 939
4240 939
8121 939
3869 939
4655 939
939 127
939 6996
2865 939
4276 939
2755 939
939 4040
8908 939
7236 939
751 939
939 4163
939 2050
939 6225
8472 2545
8472 1767
317 8472
374 8472
4587 8472
8472 335
8472 2784
8472 9810
2953 8472
8472 9464
4007 8472
8472 7357
8472 9050
4105 8472
8472 9682
8472 4006
8694 8472
7554 8472
8472 5062
8472 8038
8472 4372
2936 4815
4696 4815
4815 6190
4815 4504
1509 4815
2064 4815
4815 5244
4815 4974
4815 1151
5581 4815
3128 4815
55 4815
4815 3022
4815 6247
773 4815
4416 4815
454 4815
4815 1133
7113 4815
4815 3213
6256 4815
8706 3176
8706 4549
4588 8706
8706 1100
6840 8706
2860 8706
8706 255
2395 8706
682 8706
854 8706
3789 8706
7125 8706
8706 4551
8706 3083
2419 8706
8706 3895
8706 1796
8706 3584
8706 6692
8706 6824
8706 1989
1937 9076
5485 1937
7058 1937
9666 1937
2009 1937
408 1937
1937 8881
1937 3425
448 1937
1937 4502
5183 1937
1937 803
1937 9108
1937 290
1937 6617
6557 1937
3170 1937
1937 2366
4010 1937
9502 1937
1937 9849
9042 3433
5580 3433
3433 5742
2388 3433
3433 4442
4414 3433
3433 3314
4863 3433
3433 7776
1056 3433
9845 3433
169 3433
3433 9584
5916 3433
3550 3433
3433 6461
3433 3616
3433 3469
3433 123
3433 9525
3719 3433
9220 344
533 344
344 8775
8368 344
4033 344
4807 344
344 7577
4601 344
6584 344
344 7653
5455 344
2819 344
3196 344
6302 344
9216 344
5256 344
344 4618
5638 344
344 8478
9116 344
2821 344
8068 4423
8068 3753
3025 8068
9181 8068
420 8068
8088 8068
8068 5731
595 8068
8068 1666
8068 5861
2348 8068
8068 9086
8068 7693
4485 8068
507 8068
8068 6853
7192 8068
7628 8068
8068 7632
8068 5206
8068 8688
4256 3048
3048 1073
3048 5794
6775 3048
3048 6072
3048 1676
2431 3048
6978 3048
3048 13
3048 2752
6932 3048
9850 3048
3048 9691
4251 3048
922 3048
3048 1506
3048 5946
835 3048
8036 3048
3048 6444
3048 5366
3485 4676
5012 4676
4676 2645
8589 4676
4676 5122
4676 6601
7613 4676
6654 4676
6700 4676
4676 1689
9003 4676
4676 3006
4676 2745
9542 4676
7440 4676
928 4676
4676 6083
4676 3964
4676 5891
6953 4676
4676 6327
6266 8742
6266 357
6266 5645
6266 5479
6266 2303
3526 6266
7839 6266
6266 4982
6266 8218
6266 9785
6266 9298
6266 3829
7750 6266
6266 4202
4812 6266
5673 6266
4393 6266
6266 6717
3919 6266
6266 5690
6266 4600
665 2399
5311 2399
9336 2399
9101 2399
717 2399
2399 9925
2399 5079
2399 1343
2399 6640
1053 2399
3587 2399
2765 2399
2399 294
2199 2399
2399 8506
4900 2399
3946 2399
2399 4264
2399 9921
2399 972
4401 2399
1331 8788
1331 5585
3915 1331
1331 5816
1331 5744
5940 1331
2088 1331
6295 1331
1331 9032
1392 1331
6371 1331
871 1331
6135 1331
3207 1331
4186 1331
1331 2106
8179 1331
1585 1331
1445 1331
7979 1331
8891 1331
6451 1521
8824 1521
9987 1521
9025 1521
6707 1521
6349 1521
1521 9002
1521 4208
1521 3983
1521 3479
3947 1521
1521 9262
1521 1522
9989 1521
8258 1521
1521 3578
1456 1521
4958 1521
1521 6217
492 1521
3348 1521
903 8681
7802 903
903 1958
903 9538
903 3471
903 9527
903 4044
903 7515
903 4381
9964 903
5764 903
903 4104
4602 903
6379 903
903 8963
903 6108
903 8232
903 2797
6968 903
7076 903
903 877
8063 3406
708 8063
8063 3277
4451 8063
8063 8155
3073 8063
6045 8063
558 8063
2886 8063
8063 4659
8063 7024
8063 8913
1687 8063
8063 8542
2139 8063
8063 6558
7697 8063
4336 8063
9537 8063
8923 8063
1178 8063
2123 1564
1564 549
7819 1564
1564 2940
1957 1564
1564 6699
3646 1564
9522 1564
1564 7722
2754 1564
4653 1564
1564 2192
1564 9199
820 1564
1564 3930
1564 9045
9155 1564
1564 4422
4417 1564
1564 3954
1564 7182
8051 7316
8051 6564
8064 8051
8051 9330
2329 8051
1162 8051
8051 3877
8051 1670
8051 9633
8051 3282
8051 5158
1468 8051
8051 2543
3461 8051
129 8051
2969 8051
8051 2878
5784 8051
7079 8051
8051 1839
1597 8051
5461 9433
9294 5461
5495 5461
7093 5461
9346 5461
5461 5020
5854 5461
3285 5461
3256 5461
5461 5763
5461 7988
9227 5461
5461 5660
6434 5461
5131 5461
5461 7721
5006 5461
5461 8985
7880 5461
5461 4843
9479 5461
9870 7558
7558 4565
7558 301
7411 7558
7558 8655
1293 7558
7558 5492
7558 8414
7558 9559
7558 7410
7558 1717
7558 3574
6723 7558
7558 2300
7558 553
7558 2640
7558 5893
7558 5630
7558 5884
2216 7558
5639 7558
7366 3112
7366 1431
7366 5280
3158 7366
7366 2902
7366 2548
7366 273
7366 9606
8012 7366
3675 7366
3002 7366
7366 4520
7366 6188
3404 7366
7366 9730
7366 8398
7366 6547
4371 7366
1802 7366
7366 3849
7366 2995
2897 615
2897 2060
2897 3609
2897 3868
4192 2897
6776 2897
293 2897
2897 5045
2897 6611
2897 153
2897 4226
3088 2897
7443 2897
2897 796
2897 2397
2897 6365
9175 2897
2897 8477
2897 363
5182 2897
2897 4310
8283 7433
8283 8964
8283 4301
9123 8283
3832 8283
8283 1905
8713 8283
8944 8283
9354 8283
3758 8283
7455 8283
8283 5235
8283 6969
8283 9881
8283 1737
8283 2662
8283 8277
2796 8283
7281 8283
3288 8283
8283 3516
5327 5467
1444 5327
9500 5327
1077 5327
5327 3897
5327 6315
5327 226
5327 6485
5327 5818
694 5327
9270 5327
5327 3624
9385 5327
4316 5327
5327 8685
5327 3330
8700 5327
1550 5327
5327 6984
7017 5327
7737 5327
9459 3608
3608 64
3608 4808
3608 8981
3608 8105
101 3608
3608 3029
3608 9112
3608 1291
3608 108
6280 3608
3608 3118
3608 1534
3608 3605
3608 6782
7347 3608
3737 3608
6991 3608
8029 3608
3608 3084
6104 3608
2118 8544
2118 8481
7524 2118
1982 2118
9496 2118
569 2118
9776 2118
2118 7749
2118 6498
962 2118
2118 7820
282 2118
2118 4453
8515 2118
2118 5963
867 2118
2118 1630
2118 1214
2118 82
4046 2118
2118 6055
3125 2807
493 2807
1963 2807
2807 6825
8287 2807
2807 2137
2807 1300
7533 2807
7304 2807
2807 4787
2807 8683
2807 191
2807 4572
7907 2807
2807 9214
3364 2807
5093 2807
1061 2807
2807 8677
2807 5464
2807 8101
3388 2361
1253 3388
3388 2228
3388 898
9283 3388
5337 3388
4516 3388
3388 7678
3388 7064
3388 4329
9153 3388
3388 5240
3300 3388
3388 966
3388 1372
3388 4725
3388 7028
9554 3388
3388 6577
6570 3388
3388 1024
3037 5898
6897 5898
5898 9534
5898 530
7594 5898
4698 5898
5898 6706
5898 2327
5898 8532
7421 5898
7887 5898
5898 275
5898 6749
5898 7078
3311 5898
5898 9544
5898 4887
5898 1388
5395 5898
5898 7472
5898 7297
8895 6689
8895 2647
8895 6139
8895 3474
8900 8895
9646 8895
8895 2018
8895 4334
8104 8895
5144 8895
8895 1176
3666 8895
5498 8895
7115 8895
9014 8895
3671 8895
8895 2697
8895 4263
8895 3770
8895 5246
6873 8895
8746 5190
3545 5190
5190 5746
4193 5190
5190 1477
5190 239
2963 5190
371 5190
1406 5190
5190 1807
5190 8577
5190 5386
6417 5190
7831 5190
5190 5255
9778 5190
5190 3329
1107 5190
5190 5367
421 5190
5190 9591
7387 7858
2453 7387
7387 35
6642 7387
6042 7387
542 7387
7387 2386
7387 8935
7387 2550
7387 9184
7387 5902
7387 1413
7387 7624
6919 7387
2214 7387
2635 7387
5349 7387
3465 7387
9644 7387
7387 6251
9454 7387
4745 6576
7633 4745
4743 4745
6719 4745
6354 4745
8333 4745
9919 4745
4745 8592
1235 4745
4745 7637
4745 2795
7207 4745
392 4745
4745 636
920 4745
932 4745
375 4745
4745 7273
4745 2684
9021 4745
8454 4745
624 1515
1515 7196
6052 1515
3955 1515
1515 6928
8915 1515
1515 7180
1515 3040
1021 1515
1515 7741
7699 1515
2815 1515
1515 4891
2611 1515
5110 1515
1515 7758
8463 1515
7574 1515
1515 7688
1515 5501
1515 3928
2271 3370
2271 598
5599 2271
2271 3818
2271 1134
6987 2271
8988 2271
6215 2271
1249 2271
2271 1295
5709 2271
2271 9461
2271 461
3177 2271
4394 2271
7210 2271
2271 456
2271 6179
8215 2271
211 2271
2271 216
3387 8919
7483 8919
8919 5729
7256 8919
8919 5766
8919 3263
6414 8919
8919 1497
495 8919
8919 4664
9446 8919
8919 4246
8919 6432
5436 8919
1716 8919
2439 8919
369 8919
9557 8919
1887 8919
8919 3873
840 8919
5933 6074
6074 6206
6074 5249
331 6074
6074 7163
3363 6074
9915 6074
6074 692
6074 6507
6074 2578
6074 279
6074 7644
6074 6109
6074 9579
7794 6074
8022 6074
3440 6074
6074 4508
6074 2157
6074 9256
6244 6074
74 3809
3809 9251
3900 3809
3809 851
3809 2808
5751 3809
3809 5878
3809 8381
3834 3809
7268 3809
3809 2950
3809 2702
3809 1254
8128 3809
9958 3809
3809 1396
7128 3809
3809 1041
593 3809
3809 917
3840 3809
8384 7222
2318 8384
8384 1170
1777 8384
8384 3709
8384 5113
8384 1365
7164 8384
8384 8289
8384 4662
912 8384
1762 8384
8384 3669
8384 132
8384 289
513 8384
8384 8342
2024 8384
2326 8384
8384 3274
2249 8384
5619 3828
4824 5619
4594 5619
5619 9990
5619 7560
7953 5619
9031 5619
4880 5619
5619 9485
3393 5619
5619 7462
322 5619
5619 2323
5619 843
5619 2032
5619 8654
5619 2598
5619 8519
4817 5619
466 5619
5619 3322
1479 4764
5431 4764
4764 9640
4764 3260
429 4764
8108 4764
4764 2288
1408 4764
4764 488
4764 3491
4764 5560
4764 1380
4764 6896
3179 4764
9774 4764
4764 6732
1555 4764
171 4764
4764 5914
1487 4764
7579 4764
8596 5194
8596 6456
8596 609
5128 8596
8571 8596
164 8596
8596 1171
5990 8596
8596 4430
1217 8596
2619 8596
8596 8430
8596 6499
8596 9747
8596 3626
8596 5677
8596 3848
8596 177
8938 8596
973 8596
8878 8596
2227 8918
3205 2227
2659 2227
6988 2227
2227 9289
1949 2227
9097 2227
5525 2227
885 2227
4458 2227
2227 471
2227 6116
6941 2227
2227 1505
2609 2227
6650 2227
9494 2227
7586 2227
2227 8614
2227 4831
2227 3681
4820 1948
1447 1948
7319 1948
1948 72
6907 1948
1948 2555
1798 1948
4563 1948
3856 1948
523 1948
8632 1948
6976 1948
5802 1948
5858 1948
1948 7667
7497 1948
9797 1948
8800 1948
7849 1948
1948 4758
1948 9833
907 5700
5700 4333
5700 5022
6090 5700
5700 3607
5700 1334
9953 5700
5700 6672
3786 5700
5700 130
5700 1111
5700 8182
3226 5700
5700 3716
5700 49
5700 1269
5700 4640
5700 1233
5700 5001
9894 5700
5700 7230
8334 7974
1611 8334
8334 5952
8334 6120
8334 5791
4714 8334
8334 1694
8334 3111
8334 7006
5991 8334
8334 4218
2362 8334
8334 7727
8334 6649
8334 3614
8334 304
5098 8334
4903 8334
8334 252
8334 3571
2803 8334
7813 8745
8745 2628
8745 2761
8745 2000
8745 4660
1527 8745
8745 7582
1516 8745
9714 8745
4045 8745
2506 8745
8745 1065
8816 8745
8745 2151
9565 8745
3791 8745
550 8745
8745 7854
8745 3682
8721 8745
8745 3931
7913 5336
6878 7913
3969 7913
4475 7913
7913 4124
7835 7913
7913 231
9453 7913
8560 7913
7913 1867
7913 2113
7913 3861
7242 7913
306 7913
6439 7913
7420 7913
7913 7752
7913 5259
7913 6213
8829 7913
7913 8264
6240 9807
5576 9807
2511 9807
