5000
2287 3148
3148 3722
2055 3722
2287 1039
2287 4919
4618 3148
4919 1453
4618 2040
1039 4351
4666 2040
2055 4469
4618 4943
552 3722
4618 1178
4469 1189
4618 2821
3722 432
3373 4618
4919 1853
3326 552
529 3148
323 2821
3992 1853
3992 4407
3954 4469
1453 1509
4666 3307
1504 2287
2684 2055
2287 4016
3722 981
3722 4171
2349 3148
4439 2349
2684 3293
2040 2643
3875 4016
3431 2684
477 3431
3618 1504
1375 1853
1509 636
4919 1485
4407 1534
1991 1178
2633 1853
369 3954
1991 4342
3945 1853
529 4909
2656 1504
4555 369
1509 1645
3597 1991
2894 2821
4407 2817
1375 4412
323 1004
1504 1452
4342 3570
532 3992
2821 3774
1189 2014
3314 529
552 1945
2771 3373
3293 4258
2014 4238
1132 2684
3774 4955
636 2189
1645 437
1997 1039
4407 1780
741 3431
2767 1504
4171 4728
835 477
3373 481
3980 4666
4618 3248
2014 4582
4065 1534
2337 981
2983 4919
862 741
680 3248
3980 2191
2337 3565
2983 4291
3565 557
2684 4810
4099 3248
2409 3373
481 3855
1039 4452
4023 2189
3808 3945
3314 3959
1312 4099
4469 2031
4314 1534
1004 1649
1780 4290
1509 1341
3808 4395
3293 1456
1780 2625
4919 4975
3597 419
4395 3777
24 1456
213 2767
4171 4165
3875 3207
4724 4171
396 4290
4351 1644
2741 4258
477 4150
1223 3980
4909 2558
1312 3479
4016 2657
2771 4076
698 437
1415 1945
1534 2501
2558 4068
2633 2035
3980 2325
192 4165
2254 698
4909 3741
4424 2817
396 322
3706 1375
3248 2420
2130 4238
4148 4919
1423 2771
4068 2421
3925 835
4407 2316
419 1177
2821 2977
4099 4969
4424 2511
3401 396
1649 2288
4655 2040
741 1943
2291 2684
2055 3536
1409 1456
2349 3578
1041 3148
4615 4238
739 2821
2325 2820
1353 636
486 2291
3706 506
1568 1375
1189 3809
835 1599
3808 1254
2643 4037
3722 3206
2634 3148
4148 3679
4919 1826
4037 2785
755 1423
3792 2337
4683 1599
4171 3164
773 2316
552 4938
2159 4395
862 1342
1293 4919
4969 2860
3843 3307
1039 703
3206 2878
3954 2274
4148 2305
2305 4897
4768 4291
711 1780
3597 148
2324 4618
4637 703
1409 3526
2287 3357
2035 416
3875 2836
4614 416
1310 2316
2741 1824
1301 835
44 3945
923 1509
2121 532
732 4469
4407 2858
1189 3802
2962 2817
461 1254
552 2008
4986 1997
149 4582
4172 3618
4811 2501
1758 680
1342 4806
2657 274
3401 1532
477 254
416 3775
8 396
4566 1041
2008 3779
4178 552
3550 3774
2514 1532
2514 832
4724 3382
3875 4465
4303 8
2473 741
3945 4313
1808 4897
3787 1452
2055 3539
1597 2836
2035 917
568 1310
3373 1755
425 2771
1570 1132
1178 4788
1418 2817
4748 4469
2014 1332
784 419
4019 2817
310 419
4086 4788
432 2011
3062 1570
2352 2894
2191 253
1341 2224
2228 2977
2767 3969
1175 1570
2035 1075
854 149
1509 1767
416 2002
771 1599
3683 698
557 4049
2473 548
3741 3213
4611 4811
3403 1453
2189 2723
4065 2604
1282 3679
3326 4512
2003 2008
213 4562
3481 2008
4810 2058
862 3754
1886 1282
1767 2459
3959 1204
3787 938
3307 774
4172 3211
2152 4148
2684 1765
2031 573
4911 4238
3959 2368
2287 4283
1746 1332
1188 486
1926 3777
4290 71
4989 2767
1014 1423
1076 4469
4562 2843
2882 1014
115 2657
373 2189
4178 4057
680 2937
2691 2421
981 2863
1696 2983
2833 4637
4095 1645
1223 329
1551 4465
4975 891
4938 1515
1808 883
3481 4572
4112 2288
4112 3193
341 3401
1522 711
3164 2089
2189 1557
1532 1838
2429 1570
461 1136
4314 4980
1853 1688
2817 2241
698 584
3597 382
3108 2878
1649 4300
773 3359
3496 3809
631 2121
3208 755
2806 1039
1039 3370
1447 4611
933 1188
3679 2852
1874 703
4873 4655
2459 2930
4049 4799
4724 3579
3026 755
2656 3821
1838 4284
179 2977
3775 4331
514 4615
4283 1285
4732 419
1640 891
2786 115
2601 548
329 4521
506 2052
1188 4226
615 2159
2878 4006
3808 4341
248 933
3307 4580
1688 4632
4746 2843
4639 3307
4171 2261
4172 3429
339 4975
61 4768
253 3296
2863 523
310 4960
3908 3775
1798 2003
2055 1828
3722 3917
3679 1935
4919 282
938 4946
4278 1177
132 248
1886 3029
3183 4057
276 2634
2011 2051
1790 2657
149 1993
477 3650
3663 2421
66 4811
4141 4788
246 4023
3308 4943
3754 2476
4566 1909
3791 4331
1093 437
482 615
4553 4566
4618 4188
1696 2461
4291 3212
1300 4424
2786 1894
1357 854
973 2287
987 771
3164 4116
2852 2711
4873 409
2288 649
3782 1342
4666 1606
3150 4171
3730 2352
3172 4141
3252 981
2959 3802
2040 511
4519 3663
460 1456
4284 3291
2189 2469
4900 4278
3431 4184
3 1312
4168 4057
2894 4329
3434 3945
3722 3571
3360 4329
339 3732
4694 1874
3296 3246
2574 835
1881 981
382 4251
3846 4732
4855 2325
2263 1522
2310 2224
2771 4766
851 2310
369 2509
3875 3231
4632 1124
4732 670
4188 4579
3481 1158
2860 4180
2042 3945
4746 245
3313 3754
2089 990
3013 4019
4614 2650
2011 2704
4073 883
2711 1156
1909 185
3296 4473
1991 2655
2985 732
1846 3732
3731 1997
4693 369
3459 4168
4855 3173
4083 1570
391 132
3796 4955
3399 3382
4554 3526
489 4519
2836 2259
2002 4286
649 4757
4283 3995
3183 4009
2218 3206
2047 4407
409 2975
3531 3730
4548 3843
689 773
4391 253
4280 2771
339 1240
3729 185
3313 1662
4260 3792
2592 2977
181 1188
1836 4188
1457 2985
4900 2200
582 1570
1142 3213
876 2368
3993 3314
4512 3469
3044 4073
4960 3907
1041 520
2657 4594
2456 2711
3180 4313
1657 391
4579 966
486 4246
2130 3902
1746 875
3276 1136
4897 4097
3031 3729
2550 3062
3108 3851
4706 4016
4637 4109
3172 3441
3173 3595
3 1307
1746 1331
3531 84
66 2117
4286 3921
4976 4615
3029 1130
1647 3148
4331 1496
1239 631
4246 860
3026 458
482 1005
1987 1534
2538 1909
3296 3311
4018 460
2821 4981
4452 1117
4235 3875
3225 3531
4124 3308
759 4989
3469 3605
4630 1758
4986 3493
273 115
2702 3802
175 341
4286 272
2031 1721
3112 1452
2259 2955
1418 3488
254 2025
3448 698
832 4182
3431 4207
466 1223
1672 373
4938 1500
1647 3609
1010 1997
3345 486
2702 2731
1318 532
179 1510
1278 2643
2325 1115
335 3345
163 66
2025 4220
4023 2163
1558 4439
2395 3571
4694 1660
432 3627
3303 1204
3551 529
1793 4943
4209 489
132 2090
1316 4768
2656 4038
4060 4938
739 3529
1662 3273
1063 1357
4297 4706
3728 2047
3944 460
163 3249
3031 1248
1978 4469
2962 541
4580 837
4016 2898
2836 3381
466 4532
1031 2218
3791 3820
3029 2774
2960 4303
3665 649
649 2824
2753 4582
2176 2002
2817 1629
4615 358
3437 2052
4969 4028
1014 2798
891 2751
84 3888
766 1798
1291 4124
2740 2983
4290 1658
2133 3683
3722 1486
1758 4033
2392 3779
3406 3488
2601 1377
4016 2690
74 8
4387 3479
116 3207
2975 1671
4909 4681
3184 862
2831 4068
2887 1332
3751 4938
1790 2371
1721 54
3291 610
4300 2442
3515 1423
3966 1991
1278 3511
2633 2565
2774 4895
1343 175
3924 2011
3193 307
752 322
636 934
4867 24
1946 3925
320 1894
1527 854
3479 3368
2581 2003
115 3742
1445 246
3391 2324
245 4529
794 2371
832 4640
2492 437
3510 2511
964 3966
3584 4969
2352 3660
1640 4061
4019 3004
1141 2152
2554 4283
3309 568
4517 552
2152 2039
2656 3219
1132 2508
582 2034
4679 4788
3022 2863
1279 1453
3150 3325
4071 4469
1393 2189
179 3935
4262 2723
774 2536
2930 120
883 2605
541 4252
224 938
4973 3391
310 3912
4095 4132
3835 2558
1328 4666
4252 1498
2799 4283
1991 1088
1054 3044
237 2130
4909 3153
2465 1130
4684 3183
4683 2049
120 4155
1486 3850
2952 3173
339 3263
876 2624
1914 3488
4246 3901
843 274
2504 3303
3775 2815
3902 2276
1158 1083
3488 3021
4009 1806
4287 2601
2705 2058
2624 3684
3808 777
1313 4278
4829 3309
1640 387
4442 1658
3720 2514
1092 481
2465 1022
3111 2501
2205 1409
3805 2604
3296 464
117 2833
2858 723
129 934
2509 2142
1914 929
3650 1917
2702 4702
3026 3761
1443 1452
323 4563
2121 1544
3443 1357
1746 708
2769 3469
2650 1625
630 2325
341 4319
396 2864
771 3035
4434 4246
1022 4619
777 780
4038 3964
1445 1478
2163 4294
752 4923
4111 1644
229 341
1534 3422
1429 1282
1375 225
573 3230
4768 509
1886 702
1063 3271
4767 2705
732 2621
3241 3779
3741 1626
3908 2460
245 1206
4517 1403
4019 4690
1893 1158
1644 1432
1201 2228
3876 1486
4687 1881
4834 3531
4989 1571
3331 1418
1534 380
4178 797
4503 437
689 622
252 2288
1914 950
2014 2136
975 1790
2291 2277
3454 4049
229 2408
3329 1004
307 1428
2858 1006
1142 3951
1176 2200
325 4283
3150 4357
4503 1244
1254 1685
4687 4152
344 192
1853 4032
2055 707
1126 175
1649 4588
2333 225
1803 610
4019 4285
2051 4088
3399 1792
3901 470
1513 387
396 4537
166 3493
2254 4345
1070 61
1418 4827
3925 3224
774 1121
1176 2862
2824 1477
452 1808
149 4245
4753 990
3434 4617
1935 1295
3839 3431
2898 1864
4828 854
1917 3450
3119 4473
4357 2059
3341 3809
506 3177
1006 3505
1976 4086
843 4494
3706 3086
4732 1253
4285 3513
2369 4165
1678 1894
670 4593
2798 3642
3124 4554
3634 723
4905 2959
4504 4519
4289 1881
2955 372
3796 634
3805 3423
4855 1687
365 4690
464 3640
365 291
2254 63
329 1622
4089 689
1252 4611
2513 3368
4296 248
3488 3501
2821 2990
2565 2890
186 2218
3206 2764
3921 2181
4767 1829
3930 84
1358 419
3711 3164
4469 1018
3570 3094
1010 928
1688 2406
4570 2633
2894 1286
3618 2583
665 3180
4331 2017
282 3769
237 4609
4197 2002
2040 3789
1193 3791
4512 809
1864 1460
213 3410
3774 2732
4503 3576
4197 428
2863 1494
1762 4503
2607 1041
1117 3194
2980 1278
2511 820
2137 3326
541 4376
4514 4345
4763 2025
252 4084
3207 354
573 1877
1671 3780
591 2650
1806 4370
4661 253
1021 1088
2052 1163
4297 4069
1076 1825
992 1423
1426 3193
3919 3112
2801 2316
2860 1029
66 4628
2774 1975
2039 4523
4382 322
2833 2876
315 2574
340 523
4788 4114
689 2993
2491 2887
387 983
1300 2339
897 4548
1599 2564
1881 2192
3510 2164
3435 1457
3780 2934
537 1558
4558 2090
1804 2469
3579 3418
3816 1828
2593 1532
1860 3062
773 3438
2484 4955
1442 3954
2632 1498
4746 2679
4934 4116
4382 4833
4052 523
2833 1171
2466 74
4260 4177
3912 4850
4953 66
181 3378
591 4802
4245 1405
1837 1460
1464 1130
1522 3264
2420 608
900 3450
450 3851
3373 633
3650 2490
282 2796
1685 3509
185 2390
4274 3307
1329 4572
1418 2859
4774 3924
4442 3863
4241 1935
2200 230
1124 3938
3969 4379
354 1324
1426 1884
2621 1402
297 1126
649 2816
3761 2534
2484 4840
4009 1536
359 3325
4485 1790
4158 2740
3514 4379
891 413
1415 1952
1626 4710
608 2861
2919 3722
1044 917
3187 3851
4473 4075
335 2947
1429 715
4593 873
1136 2436
752 3251
3742 4887
1004 2615
4235 2418
2588 1402
2998 4095
2932 4251
2711 3277
2977 3519
4083 3472
4158 1810
4273 4619
3138 4563
4615 2074
644 1975
347 2409
4566 2248
3906 3579
3201 529
169 1117
2672 3252
461 1379
1917 4474
2494 2121
4919 764
835 1210
1793 1695
2919 890
509 1882
4364 1993
1283 1793
140 981
755 55
3276 1349
4246 3288
2021 851
4215 1018
4887 1990
3021 3433
3493 3841
3975 4774
4523 4072
1106 1695
2420 4584
3620 3618
4534 237
4084 3336
4558 1203
788 4246
3573 387
1603 3263
2219 3782
3728 111
2189 4932
3046 3303
3578 235
4331 2892
175 3008
292 4351
1051 766
1004 4428
1263 4171
1631 1881
3331 37
1258 1494
1571 3825
3684 3338
1235 1477
666 1721
2623 4028
1004 629
1586 1010
1746 1135
4294 278
3754 4994
3443 3831
413 4456
1318 4007
665 1207
2790 3124
3901 932
2484 59
1334 1342
3305 2288
1491 71
3493 101
1828 3227
2993 4718
2941 1894
4428 676
1039 2375
314 3665
2911 3443
4252 1707
529 1072
3374 1755
411 2769
1304 3908
2976 3370
4431 4802
1980 2442
552 1123
3314 279
616 1909
1278 1786
3149 3180
1991 679
3553 2484
4593 1869
2995 4923
775 2040
4933 2276
4084 3528
4637 2115
3035 1199
3461 3966
2134 3271
2079 1076
615 3295
815 4562
3223 2352
1188 271
935 1324
925 2368
312 3706
568 1303
2282 4618
1092 970
1377 4039
3653 3469
1869 2066
3690 1199
3399 4332
4921 1606
1655 4032
1330 3774
1917 2902
2513 2463
3969 3041
360 111
4635 3208
584 4571
4867 257
4172 2940
2710 3341
9 1029
4774 2229
4729 2764
4760 4887
2902 2506
2261 2675
4129 3808
2462 360
323 4229
156 486
3328 314
1570 2781
69 3782
470 2907
1118 1353
2043 4681
1051 2992
4200 1606
4466 950
1877 1648
3376 1253
4721 1117
2777 1022
4667 1293
2852 4772
3917 1794
1213 1141
4331 308
389 2484
4111 2281
4655 2260
1774 568
1258 3994
2883 1054
3102 644
4957 1990
3177 3626
2508 967
677 1115
3518 4994
37 3171
2535 4582
2282 3073
2756 2731
1807 3994
2273 1428
4966 2815
4168 3866
1345 3382
3497 4584
2905 4850
4617 2093
2675 3300
4285 2071
2254 4358
4266 4112
4123 739
1491 1833
3180 1654
971 3062
1483 1014
707 2661
1616 4061
320 4944
771 2726
1930 891
3251 1354
2590 4923
389 4063
2940 2236
508 4774
677 4761
555 4867
2006 1375
837 3409
1904 4718
1112 2504
3295 3071
1532 3830
2384 2456
2270 2181
2040 1539
2816 4899
3273 3738
1733 934
583 2601
1826 3137
1480 4342
3137 3749
4579 1131
2897 1826
1079 3526
1508 1126
1233 3846
1286 31
3551 4401
2136 829
2675 2314
3112 3686
2694 992
2748 4981
1746 3534
2205 3892
3186 4060
1115 1573
3388 8
2249 2273
4774 4204
1146 4732
1223 3752
1538 1509
1652 4772
2633 720
2786 1425
4897 2067
1279 834
1411 1557
2849 3241
611 891
4028 3393
2769 1149
3859 3620
4184 2356
4319 1600
3565 2671
340 2529
813 4424
2969 2043
4644 2142
2534 566
885 246
2293 4018
1188 2015
3555 1991
4358 2434
1492 2224
3865 1303
1671 30
408 1803
2389 4563
4431 2973
130 1149
2188 2741
2875 4938
1626 4360
2998 2027
3761 4389
4772 4649
1587 666
1810 4045
4207 3615
4290 2610
1183 1629
845 3969
1810 3267
37 313
3399 182
225 3524
2748 3312
4753 4662
1141 2128
2796 2190
4051 1258
1796 2911
3980 4269
1991 2987
4498 3640
4041 3595
3421 506
4868 2325
3508 2952
2429 740
730 3360
2276 1601
923 4750
1646 1478
4330 4069
1991 2178
2274 2664
1410 2702
1314 1649
3002 2723
1562 4833
1139 4051
3249 4578
698 561
4132 2503
3236 4313
1101 4721
1902 411
2303 4184
3513 4962
83 2442
3695 3325
391 1714
253 1159
3921 350
2030 4619
2992 4321
3406 1529
4205 2142
3361 129
1123 866
1562 4736
4593 4914
2857 4019
1285 4613
4905 4126
4246 1476
2669 4534
3612 1838
2298 1587
4966 1277
4859 2049
2568 4442
4875 4566
4152 1624
1553 2006
4528 2460
257 651
1489 4235
1715 1117
2892 847
1753 1629
2856 4241
1137 4200
2037 3381
3381 2730
874 2137
771 2182
1886 415
1786 3003
3288 758
10 1714
3400 4330
1549 3802
2639 2748
3276 2596
3979 2657
2750 2962
1616 4776
3697 4750
4435 4760
1438 2764
2923 4960
1581 4474
4174 182
2952 3593
1368 3513
3314 4134
3192 129
3153 1095
1767 3165
4321 3691
1509 4863
3675 419
64 54
1586 2776
1254 2912
1937 230
3774 1559
2757 3252
2993 133
2331 2781
654 1557
2796 2201
843 4831
2757 4093
2854 611
409 293
3975 386
519 4640
4580 2929
1014 4595
4764 2864
452 3512
4766 4078
2003 4160
2566 1603
296 2798
1109 4111
1287 4097
929 2649
461 959
713 2987
4400 2863
3514 4140
3772 3194
2441 3273
1345 277
3977 3945
1864 572
1341 1408
4106 3008
3187 3385
3106 4129
3640 699
3126 297
156 2844
1641 3754
245 1732
4717 4401
2717 3186
2070 3046
322 3151
4253 4555
2014 811
3918 4400
1532 2252
4434 2900
3280 1118
2490 110
13 425
4303 2415
3536 1458
2728 4706
197 192
3623 1707
4510 1796
2928 3938
4969 2903
889 4028
2509 2515
557 646
4922 4772
4507 4332
4116 135
2600 932
4732 3444
3284 809
3886 3441
4309 140
1427 1626
2278 3511
3514 4001
2836 792
4153 2741
918 4246
2254 2065
1398 2980
239 3634
3844 1755
3284 445
3647 3505
703 2457
2217 4382
4703 276
4729 4654
1253 3832
2312 4528
4073 3549
2174 959
2422 1126
2689 2929
2934 4925
1156 4491
2898 4310
2197 4321
1476 368
2378 4439
696 4593
1006 621
2999 3508
2208 732
3305 2978
3539 3552
1014 4336
3570 3819
4275 1258
552 2571
4274 4607
1264 3443
2679 808
4310 3674
2404 702
1306 4729
4957 3432
2688 3391
3027 1714
1986 3374
1948 1083
1201 1981
3183 383
2915 4171
1928 3888
108 2441
1149 3447
1353 4325
3732 763
3968 2324
3908 2144
771 34
4617 2377
71 2899
1791 3679
2517 322
506 1546
3126 2879
2594 4060
4319 628
673 508
679 704
3450 1127
665 945
143 1204
2740 1386
2355 4310
4196 1072
843 1421
1872 4681
2546 3341
815 718
2664 3736
3512 3140
4076 760
1654 4115
3572 3433
4613 4789
795 3892
2333 3346
2248 3598
4736 2179
2848 489
975 4937
1498 1003
3023 1549
2181 4279
533 3565
1985 3620
4111 4816
4431 3175
3428 4200
1175 1381
3145 2249
4993 4434
2252 4852
4364 1336
1023 1513
3263 2842
3310 873
2543 2270
4680 1003
673 2478
2671 1533
4662 2354
479 2639
4474 2170
2208 2210
2940 2041
3741 857
1297 2955
3207 2986
4065 1912
1203 4685
3238 1041
916 2152
3194 1292
4615 2569
4265 4661
2856 2522
1258 1996
3309 1365
4074 3314
1200 3825
1248 4110
2651 665
1872 50
47 3805
3694 3479
873 1642
1217 1996
4645 923
4037 554
3720 4835
2228 2889
2018 857
964 1898
4525 413
4277 935
1846 5000
4658 4456
283 3241
2667 2273
4761 2104
680 1280
4374 9
2899 2687
4116 3157
923 4461
2316 1955
3395 508
4202 2672
2589 2325
1487 4358
3363 389
4016 349
285 3295
1920 4331
4116 4796
379 1423
4158 324
4207 1143
2439 2649
2712 4032
2658 970
1327 3555
4549 278
4760 2028
4181 4115
744 2465
969 1398
3364 532
235 4982
4501 37
1117 3795
1815 1920
593 2536
3910 1318
3207 4779
650 1884
1815 4362
4478 2509
3932 4196
3252 1918
3889 4690
116 3158
3943 307
3481 2495
3584 652
2639 2826
3529 4999
3714 1204
2837 4099
817 2018
421 4345
4482 1206
3347 3889
4359 1640
2220 4694
606 4165
3211 1173
4596 2179
1732 2866
620 1774
450 4405
3188 1976
4552 3513
2178 761
3512 4983
2335 2189
568 338
1915 2894
3523 2052
1710 4900
155 1714
3762 31
3697 4910
2054 3026
1886 4557
2403 4732
2132 413
2462 2092
211 1997
1835 2615
339 3259
1690 3886
380 4363
1426 2500
904 3665
1357 4633
4374 2736
359 4438
3435 3716
3628 584
3802 3121
2991 1334
739 3976
4495 1217
1901 3368
2145 708
231 4852
1570 2183
3589 4679
98 3031
3844 3556
4604 4649
4282 2058
4306 2293
4275 3131
697 1504
4540 777
3612 1067
3373 4556
1614 2463
3388 898
3746 3889
2416 1239
2997 3249
3910 3317
2568 299
246 4031
1107 2392
2103 2849
4286 4854
4859 4191
4669 2066
1987 2663
3350 1314
4945 479
3907 1736
1541 66
493 4341
3675 4365
4670 339
2060 4788
1850 4501
874 2237
974 4428
1631 2819
3559 2059
4488 246
4829 2525
4112 4924
4534 1000
2755 1767
137 2042
3314 1911
201 4897
1696 2542
2840 3140
1263 515
1749 181
3336 3860
2279 1292
4834 29
653 3029
2703 1149
4282 435
3937 720
1832 3966
1977 1402
1505 3552
1789 24
2975 1155
3934 493
753 185
2834 1496
4160 1047
3786 1658
4925 2497
1142 4511
2912 643
431 4578
3053 3526
268 2831
2256 636
3728 2481
3671 1571
2756 4457
2551 3444
3064 4549
1413 1642
4743 2456
2043 1517
4335 2767
976 3493
4389 953
3197 1539
4993 4423
4834 4616
2674 1606
2774 1531
2819 3098
2577 1774
4510 1994
2630 4093
4459 891
2191 1028
1072 999
2188 685
3068 1093
297 4193
3299 1280
3817 1418
3331 3965
1322 4909
4552 560
2338 1825
3030 98
4893 2441
2519 1263
873 141
600 4829
1322 4977
585 4431
4099 919
3746 4830
3492 391
437 1319
403 3003
4370 1744
2617 1253
4001 3132
3236 1748
1465 4910
3032 4115
2907 1108
3288 3482
3954 2206
4769 4291
1817 1028
1278 793
2688 3294
3856 324
4550 3378
1774 2778
2556 4129
4830 3176
1486 3583
4001 4874
3213 4230
2981 66
3191 1629
2459 1954
4282 173
2126 2089
1751 4180
90 2270
3878 3062
985 582
4762 4549
3506 2071
3826 1310
2774 2158
4614 742
2619 666
1675 3711
3099 697
347 4758
4174 4326
3970 2663
744 4295
2441 2709
4409 4469
4389 2611
3605 4773
3359 2311
544 2514
3933 4336
131 2276
83 3446
1707 4386
1495 1233
2421 1787
58 1108
229 1862
2690 2033
2844 3015
2418 3947
4098 2495
74 3384
2469 4194
2924 629
3003 3750
1835 1567
4810 810
3177 4348
1381 4343
2687 275
755 2585
3619 4532
3409 1630
2763 3032
2408 4915
4640 1185
290 3595
513 4028
3048 2191
93 117
3485 66
2703 1847
4986 4984
3171 2557
1173 2510
2050 1279
4146 3683
4295 3701
2543 2818
2254 4437
878 2932
3219 3265
4678 276
2141 3472
2688 109
237 978
4061 880
284 3509
25 2491
1605 1124
4456 2225
923 2745
2221 2011
3393 3644
1209 4833
1784 2824
1455 874
4323 1655
4119 308
2755 1769
4463 4278
4258 2367
4798 1952
4180 3101
4536 1287
2902 1781
4178 2099
1841 4763
216 4283
4505 4914
654 728
515 2116
4801 2837
1536 3958
1118 1879
4052 2472
671 3022
3268 3742
2419 34
2164 2199
823 1517
2960 4629
521 3578
3358 4284
526 554
2443 2130
2187 1386
771 1941
2226 1586
1136 1430
1547 3512
3000 1898
4195 4982
3489 774
2324 2321
2147 1477
3817 4659
1801 2490
431 4392
1963 1581
437 1433
1706 4510
1860 710
2229 2140
317 2844
2888 313
1799 2619
3256 3300
95 2219
2413 3841
835 2245
3136 278
833 2624
920 383
1120 2128
3232 4049
3323 3738
4702 864
1155 128
452 4591
2019 3094
4504 4317
268 3592
3814 1137
715 907
4798 2635
3677 2858
2632 3828
2058 4858
2991 2212
2509 1218
4082 1945
575 4469
3375 4289
4097 1579
3394 1485
4163 966
1938 1570
1883 4863
991 2034
543 2217
807 4911
1958 3524
3507 2298
3075 3317
2275 823
3878 1740
2652 3309
3683 381
2246 2409
381 1439
3259 2642
4133 4554
629 3427
4392 3778
2554 4179
712 2136
1783 2630
1086 3701
1732 2381
2947 4149
3675 1242
1595 4284
4409 1704
3086 550
3328 1391
2600 2946
4132 1979
533 2505
2693 4039
945 1516
1852 3738
948 3496
1904 2458
3270 3153
2700 3329
4034 4760
2476 1250
333 2260
4607 2294
3624 329
549 3665
324 1024
2967 3230
3534 2713
3836 1841
4773 2614
1287 683
3983 2703
3037 3350
1148 4171
2720 3505
3263 3076
3082 2174
2923 330
4365 1236
3465 3844
2543 2869
4794 278
1176 943
359 1851
3181 3388
2395 717
575 4974
740 1602
3057 2571
1293 2323
2709 4605
1418 2579
450 4212
1869 3771
3183 2242
1183 43
2414 873
3730 4484
956 2133
1643 3270
279 4929
900 3477
4376 2474
622 2765
936 3008
4028 4539
853 4981
4879 1532
4735 2506
4180 124
4530 4607
282 1436
2880 1142
4719 2079
430 809
962 4932
2955 434
3111 3554
3908 2828
4503 353
3763 971
1769 4843
2511 888
1956 4503
3949 1902
3237 888
685 3007
2166 253
4964 4858
1450 3409
3703 3706
718 4388
4566 3383
3148 3024
4705 4273
2316 4509
2482 341
462 1022
1674 2594
1817 40
3700 4746
2342 4835
2520 3186
678 1108
4402 606
216 2761
4270 63
3483 2224
3758 2536
3171 2841
3447 1454
2564 2792
51 2197
1050 4283
990 839
2437 1654
3381 1394
2480 13
4675 3683
1041 2742
28 4478
2199 4422
3837 4562
457 479
3408 1557
2722 1447
4858 2489
2934 2069
684 3029
860 2347
2227 1952
2531 462
4738 2201
1305 1979
3858 3778
32 3970
1163 357
3872 416
762 131
4005 4152
3692 3531
2198 4501
2491 850
4396 3872
527 4566
4848 3993
1986 3355
4724 1876
1900 4391
2694 3017
4301 2828
3276 4677
1198 3108
2780 3993
1744 2081
3536 2068
1369 2755
1098 532
3042 1882
2314 241
2942 143
484 631
3741 3748
2045 1783
2744 3674
3218 3771
1234 1911
3829 2221
203 2566
2294 2449
1473 4202
3723 1562
2985 602
2623 496
3193 121
4760 2683
3492 4203
3162 4023
4762 3721
1841 3414
992 655
4423 3380
4254 2191
1404 3481
1577 3048
3507 1761
992 2872
3885 3763
1885 3679
4659 2160
3231 1728
3594 2158
1051 3757
4428 318
3160 1386
2152 112
3775 2364
4366 284
1846 99
3112 4894
84 2309
2437 1219
3144 907
3116 956
102 1601
3550 2350
7 3505
1980 4518
3041 2063
1398 4333
2684 1311
706 4828
2407 4016
916 3058
3767 274
3766 3391
3754 4783
3766 4198
9 682
2975 1768
4211 135
4272 2384
2225 2139
1736 1080
1952 2171
970 871
1715 1848
2695 4289
1791 1889
4971 3552
2645 3749
3237 828
3321 4989
693 1393
2066 1613
4298 4331
2136 3067
10 963
332 2525
4170 646
4192 1551
2147 2678
4891 3529
4051 2954
660 124
3164 765
978 2265
1454 1992
819 1341
2398 3384
2963 583
1597 3349
710 2544
3355 463
4145 2761
603 987
2264 4670
2589 1615
987 4117
993 730
4847 2333
461 342
403 884
4547 2875
3964 3502
3574 928
4053 1645
4231 898
2001 615
2807 3162
1488 4170
3499 876
2500 4734
2528 833
3529 2881
4008 1240
1602 3755
4478 3897
2002 3678
146 3184
4084 494
1940 925
2140 1800
4217 4505
4540 4577
2824 3655
4753 106
4499 981
4174 501
4091 610
1013 3106
1282 2122
2141 2231
1624 1524
600 1389
2300 3758
1253 722
2581 947
4346 3945
706 3905
328 2726
3566 4854
4881 3777
4690 2606
995 4149
1767 3430
3808 858
4369 3574
4853 702
2905 4347
547 4710
2533 4783
711 856
1394 12
2454 3906
2417 296
2470 2942
541 4173
1338 1979
3414 73
2840 3464
4508 1031
1855 1794
1834 2035
4529 3734
373 4175
4371 4810
2880 4248
775 4653
4081 2866
3651 3421
1331 1325
4939 4750
4288 330
4467 2995
2350 1470
4490 4508
1241 435
4552 1582
3411 3347
3208 3864
213 2471
4898 2712
2766 1439
4239 1234
3816 3456
2177 1801
3056 2237
1326 1445
3615 1009
1002 2594
517 3863
1130 867
1260 2298
2982 4762
1328 1182
3862 2159
718 4043
4077 2128
610 2386
1006 1027
4232 629
3453 1477
3845 61
4006 4803
1578 3623
834 4657
2876 3089
802 1106
418 3832
993 2561
1602 3200
2852 2668
1590 2418
3912 1593
2538 2102
573 4237
4819 3208
3395 2560
3194 3500
1394 3344
610 1362
3197 2329
77 3757
2701 1450
3581 2333
4654 3316
321 347
3321 2686
8 2024
10 2336
2961 1657
3781 3983
3373 3760
4233 1786
3248 3756
780 4472
3013 206
1861 2404
288 4858
1206 632
1749 818
2227 3061
2524 810
3791 1446
3385 1055
2556 2266
4688 4071
2992 1169
32 4384
4730 823
1691 3583
3599 4659
2025 107
4406 2923
598 1421
3949 540
187 540
3569 1410
725 1460
4505 4219
3338 1683
1447 2708
4983 3203
2743 3008
3305 269
1502 945
3972 211
792 3156
4756 4313
1859 3932
1907 3273
453 3748
1368 4725
1310 2239
1118 1661
2706 2145
844 1981
4739 2059
1319 27
3153 3567
4707 2055
874 345
2699 2329
106 1805
76 4237
1315 2581
975 1266
840 2419
3531 3957
1080 3727
4158 2548
3868 4874
3708 4309
1234 3001
2701 1049
1552 2980
967 247
2163 1701
3149 3081
2578 333
1279 4250
254 1961
4079 1176
42 1644
3996 3508
1846 1866
74 4560
4579 3205
3431 2918
1580 3341
1469 4396
155 912
2811 3454
4264 2055
970 1719
1700 4319
753 946
228 203
1633 987
3834 3422
3411 2670
698 170
3034 704
525 310
2486 3
4330 1731
39 2417
3366 3919
4493 4811
452 4036
1179 1175
4478 2950
447 4200
1951 2484
2257 1278
1203 1034
3081 3657
3579 2271
3753 3851
3762 2078
3839 4903
3914 3508
2707 2815
1072 2716
723 2958
2281 3036
1442 370
781 403
4517 1720
541 982
2328 631
4938 3129
4571 165
1401 1021
4669 1157
3232 2451
4624 2384
683 33
3098 3516
1012 1260
2759 1329
763 944
640 3256
979 2903
2248 3458
392 247
1755 2086
3694 3743
2894 756
4442 3210
2873 4763
4968 1028
4446 317
2782 3000
3926 4580
95 263
2194 3360
2336 4886
2066 3971
1810 4090
693 542
4540 4515
3978 372
1757 1728
2042 4715
4921 2013
2030 41
1328 4476
2380 3062
4363 3659
4814 2860
1482 3368
3685 4488
2646 3730
2710 2733
3776 4503
3243 1358
2388 2588
216 2735
2294 2262
3134 1599
3761 984
4211 2595
3033 1199
4552 4292
4009 4674
3954 2075
2780 204
1861 4410
4014 1553
3013 3390
388 2522
2517 2299
4980 1170
1164 4669
4988 2514
1672 2979
328 4689
1734 354
2282 1506
1659 4129
56 3836
3887 2054
3679 1545
4276 3373
464 801
2208 701
1650 2688
873 4010
2444 4827
4674 1759
248 1187
3663 4426
72 2443
3780 1140
989 929
152 3736
1612 493
1245 2197
3394 362
1094 2266
4202 4420
1182 1670
235 4908
1528 3311
2331 3337
4308 3119
4301 2048
1007 3677
2150 3511
2771 1788
1185 1709
1699 1234
1828 1618
2148 2137
754 2024
1689 739
2246 1062
374 2534
4578 4682
3551 4941
4010 1569
3832 3582
4451 3924
2197 243
1735 3930
4483 2617
943 2797
3112 3652
1726 2437
1849 3714
4829 3348
4308 746
634 2626
4735 4636
3025 1687
2057 1009
2018 3981
2469 1922
2416 491
2854 535
3065 388
4520 710
3780 1959
4748 734
1668 1455
3346 3710
964 1299
2952 1627
4609 281
4503 887
2802 155
2165 4091
3407 3650
1777 3496
883 4156
4698 953
2327 3438
4943 2
1108 4884
3979 2943
4182 4954
2456 468
1032 4925
1505 4440
4267 1691
4902 2934
4661 378
2819 861
4821 1362
3045 1489
4691 1630
2681 2626
3167 3731
4258 4415
2209 3885
1011 1553
423 2915
3714 1827
297 4268
1671 1797
2680 1408
2388 4896
489 4315
4576 1508
3238 3942
4408 408
3004 444
2609 907
3559 2433
4506 2811
1626 2758
3156 3585
885 3412
2347 2072
1729 1647
1055 1125
672 1177
340 2572
4210 1631
816 481
2553 2911
2770 2723
2446 2894
2906 1581
1469 2440
2151 4146
3830 2805
540 4531
681 99
3546 3791
4995 3829
255 284
2921 1853
644 3343
2924 2715
1825 1035
1772 3550
2676 3831
2976 3495
2551 302
4963 2072
200 3592
1947 2503
212 3373
4634 673
1147 3594
3834 3535
803 4057
538 730
4942 4974
4201 2018
4978 1187
3178 1613
1651 1240
3078 1041
262 3553
3841 4046
43 1988
108 551
428 1989
4381 3642
1359 3752
4536 417
4353 2206
477 194
733 3932
4974 4399
2509 1356
4818 3101
4549 2636
3164 1598
2054 2138
2150 233
813 3457
4802 1939
3691 1057
3596 1386
2173 3403
452 2602
714 4571
2532 3930
3860 319
2737 2140
447 3575
4565 4884
658 2392
2491 3929
4174 86
1919 1975
4055 4611
2348 358
2452 816
4931 898
3427 1572
1888 342
1367 3841
1514 1170
1149 4120
3418 1845
390 3954
3074 2820
147 1714
3721 1161
1775 2242
4293 1457
1222 1496
4531 2113
805 1093
2262 4067
3164 1871
45 2748
4867 2653
4651 1009
1097 284
894 2065
105 4753
398 2684
3180 1290
677 410
4377 684
2540 106
1391 1167
913 2590
4731 437
4491 3568
3533 2461
1967 4743
2805 1503
267 4953
3302 410
3263 798
4602 755
4668 3341
2656 4652
1953 3007
1110 4604
2585 2682
4822 410
908 520
4998 1445
39 3217
346 1487
426 1568
634 1892
2552 4994
356 1049
113 4571
4289 3340
3043 2368
1356 1243
1233 3939
220 30
2208 3195
3215 3246
3155 600
3899 2876
1376 2198
33 614
2782 1575
1921 2035
991 1676
4606 1837
3378 198
4644 1863
128 2910
4909 4176
20 105
69 1420
3792 2203
2944 1345
1753 3304
3040 4088
1643 4355
4942 1220
3016 1602
1155 988
424 2983
1073 4895
3090 4706
4477 2848
1777 2012
814 3943
3840 3171
440 344
1084 358
3726 788
3416 4688
1929 1979
4246 596
803 4610
4702 4464
1474 1314
2358 4291
3315 1356
2496 4847
802 700
834 2697
407 1375
2523 2833
4827 2036
951 3252
3290 3716
4115 3538
928 4000
86 2870
1721 3999
2881 3530
4284 4318
2459 4567
2446 901
2259 3744
58 4792
533 4017
2934 3182
858 743
741 3242
3216 991
2989 1324
1584 1277
2309 1288
1177 4085
4278 1459
3292 147
2189 4108
1900 3542
4416 3592
1047 1999
4414 1369
2970 56
1401 2412
1859 2949
4797 2291
415 1705
4554 3010
2097 101
1051 4950
2516 431
3836 190
2154 1734
4429 3428
2296 34
3254 4810
325 1056
244 2218
2960 3353
4620 3264
2476 70
3 258
1074 1415
3939 4824
4898 3083
4100 2192
1090 1028
4051 3883
1836 1275
1492 721
2002 2169
3091 2458
4144 1651
936 1172
2253 2672
4690 571
3581 4935
795 3719
2430 584
4799 337
4826 4670
2403 4996
65 703
844 1813
3579 1712
3510 1424
137 4419
868 1124
875 1122
3800 4195
119 2732
1760 4654
334 1024
1772 3260
3770 2652
3775 438
1291 2984
1745 4476
3560 1429
472 887
2351 3186
4858 2204
3605 306
841 1391
4453 4314
815 2284
460 4087
3627 1913
824 430
668 1200
380 3066
3433 4468
2299 4883
2121 4825
4311 4016
433 4483
3125 1768
4678 748
3955 2145
718 4164
4426 2427
331 3836
2874 2281
339 207
2786 1730
4880 203
1925 3347
662 2815
1677 4431
1400 4009
2505 1973
227 3701
2067 1261
531 4006
1521 2833
1220 455
3461 2895
3463 3150
3194 3956
2097 3614
3077 4512
485 2339
1271 4055
1452 100
2943 270
1540 756
883 3804
1554 4657
3671 2372
1777 2085
535 4159
3528 1378
2377 895
330 3261
3298 2066
4852 4021
1516 4107
885 23
509 154
4458 2635
1987 2366
4527 481
4917 1536
2843 1001
1742 2532
797 3494
1899 3703
2785 1664
3416 2644
4719 1741
421 2885
3860 1968
4748 300
3996 3725
4418 739
2015 594
3130 372
4654 2091
3454 4704
3073 2193
3631 4962
316 834
3813 2876
992 144
3815 4211
3182 4263
3069 895
1989 4965
2541 4198
3952 3750
128 619
746 3616
2308 2
2587 1313
1416 1458
3280 1591
1806 2202
2482 3018
1816 4068
265 2864
3287 4767
3350 3320
2294 1417
2573 1176
1668 3235
2826 826
3232 1294
2150 3402
4851 1670
3079 3431
4949 3325
3632 434
1896 3951
3789 2255
233 287
159 2852
114 3156
618 1495
539 243
2385 4773
3672 3178
733 2362
4414 4775
2230 885
4452 518
2628 4855
4472 1212
3936 1767
3834 3895
2640 3061
1323 1602
408 846
3077 2791
2639 3141
1178 2098
3426 2540
1153 231
1897 3321
2511 4030
1205 114
2760 684
2773 1241
1256 3723
2059 1821
3178 4136
1574 1147
1695 4271
971 3369
3154 2857
2642 2149
3553 4544
4064 2104
1646 4471
1317 359
443 551
4487 4290
2787 4728
4751 268
1904 2211
3731 556
1530 152
4750 2175
3700 1284
3507 4328
2824 15
1566 3850
4695 4177
4032 1160
4306 3646
2553 3903
865 3112
2705 2627
803 4845
1698 460
3491 4358
3396 396
2809 792
1607 359
452 3676
1390 4188
1877 1043
1154 3130
657 4188
2029 3738
1762 1831
3298 3253
4775 1814
4966 1942
3766 221
3330 3077
1942 4012
2271 772
4107 4403
877 1209
1077 2226
2000 4369
4542 4465
3123 615
961 2819
2456 524
577 1288
454 3261
1959 4952
3043 205
960 3313
198 2853
1716 4617
4292 3226
734 3848
888 1610
1658 726
2564 193
1507 1615
1481 3995
1946 3548
1685 787
3899 4066
3202 4310
1467 4618
586 3551
451 3889
2528 1145
2958 3159
3667 4769
1568 3084
486 3812
2933 2716
2845 1428
3269 2987
778 4293
165 469
3989 229
11 4482
1743 1106
2730 1382
4229 4436
3322 971
2946 150
1620 865
2484 4011
3015 75
435 3451
1392 3767
3744 3629
3129 4337
3095 1474
1933 934
188 1919
3475 575
2714 4669
2965 3141
2799 4522
3221 2350
2928 2108
2281 3854
288 4228
3512 1444
3760 1523
4107 3960
3251 996
448 2667
2560 4722
4388 2477
980 188
1538 1114
3266 3197
1527 2046
2039 1419
4003 4028
4098 2306
4968 3405
2780 4316
229 3622
3690 4481
1052 2372
427 4891
3507 530
3606 4253
4552 2344
3707 2753
3476 856
884 1129
4554 1298
18 3749
4395 3351
1068 186
4664 1662
1773 987
583 2896
1900 2613
3750 1138
4834 4813
2111 1390
4455 2541
609 4466
3220 2071
1543 3360
4170 48
2655 2738
4791 1418
1851 796
3166 1138
600 2754
2673 2656
4256 2390
76 4793
1270 3224
3769 4454
962 2083
3901 4054
3885 3229
2448 4057
1644 4161
4600 272
3608 2678
49 4396
488 277
1069 3456
3122 2089
4427 3391
4832 4783
4341 578
4628 2779
2800 1126
3628 3006
1591 570
1936 1127
4160 1903
1049 838
4967 1744
3785 3539
3698 4272
2088 3067
279 4157
1346 3217
1064 4157
702 2232
2005 2962
208 2756
2289 2144
4787 3043
413 2172
2964 1353
2311 2332
4927 4873
4501 4926
1746 2729
4857 2352
778 4665
919 301
1038 4887
3902 2112
3424 3615
4812 128
3352 2874
2716 2909
2198 565
1017 2801
859 2572
1839 813
168 248
3319 2454
4650 2093
4366 1750
4720 4311
4147 2138
4086 4846
2681 2073
496 4755
4710 2343
2623 4861
4884 3718
1922 2527
3289 3368
3199 2380
417 4432
3977 3449
3836 3577
4942 4092
3953 2819
3204 3002
3893 2139
1738 4674
1422 494
3998 179
2567 2554
4091 911
1749 3973
2603 1418
932 1033
1045 1716
1700 3637
412 15
1246 3949
1957 4436
4394 2610
2113 2370
4279 4450
2149 1535
516 1688
1919 3234
4844 2924
2029 4441
3680 23
2223 1834
4517 218
3433 3682
701 2530
1434 4384
998 2573
559 1149
2666 83
1525 3672
1964 1899
4249 1185
942 1863
4186 2275
2944 153
1484 2042
364 4682
1320 1204
1770 4418
4366 1653
905 3269
3681 3736
140 401
4190 3021
455 4872
2529 4904
3992 2814
3814 1931
1302 4074
1692 216
4585 1271
1561 2708
2216 538
796 1830
4141 420
4516 3408
3593 2010
166 1681
931 130
1631 2647
3255 93
1637 4285
2130 2280
3214 3848
4187 4734
4781 515
1818 2785
1754 501
911 4448
3717 917
4221 4669
2959 686
4552 822
4704 4749
1865 4781
2746 1790
4849 712
961 4213
2334 549
1111 1917
2171 2162
4642 4370
3104 2989
2319 3153
459 1304
2642 4497
4242 1157
4651 2891
491 1555
242 527
4944 872
4348 4022
1082 1294
1686 2331
3122 2545
305 3529
179 249
2951 4465
1276 3628
3054 1770
1497 4845
4327 2189
1504 81
2611 1387
4823 4634
2150 4002
2109 4468
545 901
578 465
19 3519
547 2832
2618 1929
2877 4616
4579 1350
1259 3534
3055 1367
3551 4447
623 3055
2084 2497
1854 1004
1196 1662
798 2304
4819 4626
2235 3177
4073 1694
3880 3430
1211 432
3765 301
2789 4739
1293 1065
3152 4251
2046 3161
4488 6
134 2043
4430 1141
2900 3974
4684 2269
3038 1885
806 4536
4701 2210
3997 1503
1689 478
2496 1208
4973 849
1030 3402
1135 196
2993 367
3614 2195
4475 1729
3388 4375
4826 3794
3733 465
3764 551
1983 2872
1156 4820
1727 3086
2985 3372
3819 4322
3139 3763
248 3028
2563 1864
2012 3452
4185 1871
2808 3952
3166 4841
4333 3607
1034 1366
3080 153
2680 4583
1442 2326
548 783
1238 4488
4568 2323
1585 3787
4260 4759
2640 195
204 3709
2725 407
4907 134
2390 750
88 883
1431 323
3470 334
2424 636
1589 764
2861 2608
2292 4843
665 1016
2485 4669
381 2526
4458 1116
3434 3759
442 3347
1709 745
2593 1972
3479 1785
4612 2259
767 2021
4088 2383
4130 4685
2580 469
4643 684
1448 1095
1374 4429
4697 3506
4506 2402
866 3909
3179 3132
2336 4368
1501 100
3753 3625
3081 1225
1348 2580
4348 2425
2007 4675
2044 2066
977 1297
80 2266
2812 1852
1374 2724
529 1099
2538 4778
4627 3546
2182 261
1355 3995
4265 4940
692 2873
2526 3088
1286 3324
1061 333
27 3367
3251 1511
2747 1584
247 2996
3445 4577
2415 3916
1396 4558
1641 3602
1494 2612
3786 1908
4943 663
972 2568
1794 2839
2057 158
4103 228
971 4349
87 2323
4199 301
4086 3540
402 2542
87 769
3938 1702
4441 1180
4552 4223
3669 2037
3045 4686
351 4475
3672 2499
635 1341
1611 1203
4161 1960
4731 139
3308 2353
3675 1771
1 4834
165 4167
3853 3172
3339 427
2545 2357
4292 562
592 4158
4486 2691
1412 2669
4147 799
1518 1480
737 1817
1388 4283
3611 4941
2698 3677
3565 2739
1228 3710
3879 4670
882 2350
3158 371
3119 4480
1570 104
3335 1649
2268 2293
3715 49
2642 1237
1563 1392
4568 3588
3466 2557
3736 2827
136 1690
4200 4080
496 492
3719 1105
3488 3806
1296 2140
4425 3340
4552 126
2153 4993
4912 1238
3662 3430
226 560
1058 2975
4102 193
1194 1600
3659 4013
507 4256
3100 4132
1558 954
1656 2577
838 68
89 113
2909 1724
2846 4223
3281 2205
3677 3442
1826 3109
4737 64
3262 4377
1459 1617
1867 2715
1899 3847
1680 4168
4863 4214
2038 1686
1363 4342
2981 590
295 208
4009 1665
2513 2913
2497 4383
1262 2642
1451 3682
3367 219
1608 3302
3661 1299
395 371
1168 3298
2781 4901
3769 2222
4662 3135
1128 2509
498 4802
1906 2111
821 901
4118 3253
612 2700
3321 4948
698 641
4597 372
2978 210
4588 4727
2792 2810
2337 91
674 4591
3695 4059
197 4354
3376 2547
3114 2910
4893 1102
2346 1325
229 502
4604 1548
3462 293
1779 1821
307 1230
653 3543
3369 831
1965 4322
5 2097
3250 1316
1456 2936
2935 1536
4183 1570
4568 3487
1523 4255
409 3455
4639 2838
2847 4516
3504 1498
1703 4045
670 3092
1179 2926
1617 3946
4294 3222
1646 4535
577 4334
4496 4558
2648 540
1793 3283
2098 4489
1162 4249
4189 1557
348 4950
3175 4660
2062 2024
3961 2964
1192 3219
2670 96
3745 734
2131 1775
1224 689
4966 2186
4222 3856
1466 3862
3392 3388
1415 1152
872 199
223 4927
327 4436
4132 1048
2641 660
1180 3051
176 4751
3074 2267
1887 2173
1674 4723
3638 1330
1598 3940
3966 1722
1980 1868
2660 1838
4590 2756
1217 4869
1680 604
2044 289
1085 2810
3796 4042
3509 363
1917 1995
1754 394
3721 1096
1108 800
1347 3002
1861 4961
4809 2174
4608 2558
2820 1104
100 4305
2893 2412
4965 664
387 256
4259 1431
1247 4728
28 1251
52 1408
4902 385
346 3984
3603 919
3209 3010
1520 523
567 1730
1399 1021
2272 1689
970 902
698 4837
2930 687
408 2829
563 3051
3196 4441
2672 160
1889 3590
3760 4646
1383 4567
1733 1776
3594 3473
4808 1993
2301 2477
3286 3707
4936 1980
1472 761
3029 2016
2069 2053
1115 2330
2723 1971
1802 271
4170 209
4236 1746
1942 4733
68 4890
3801 3225
564 970
248 1858
4702 127
1934 4942
3224 1819
3471 758
1407 527
4352 4521
2617 4876
4015 3860
2832 2953
1008 1722
2692 1677
3389 801
3827 1506
1139 2822
2400 4046
2855 944
2590 1361
3060 502
1634 4358
3306 3828
4693 2120
632 648
1498 512
940 2337
1406 485
2127 598
2852 4433
2106 4764
2830 1068
313 2447
2070 939
3441 1026
3881 3073
2101 1956
1020 148
404 859
2987 4930
4515 2168
1267 2632
4777 539
572 627
4700 4710
3103 2212
1082 384
2814 1583
3984 3818
2017 1592
3011 3082
224 2283
1697 86
1588 3459
4308 161
3271 4208
3117 1569
4912 1949
2410 4230
2215 3505
1202 1660
1870 1033
1739 2717
78 3086
3800 770
2297 1478
2056 2268
240 4395
626 1926
2493 2101
3315 2498
485 4559
189 4031
3033 3724
1639 2298
1264 4754
751 2
3525 1128
1795 3211
3412 1984
3193 2957
4351 4765
607 2010
2090 2718
2646 4638
4695 2119
2750 2575
568 1778
4716 880
3029 3664
2826 1471
2782 145
1610 735
968 1474
421 17
3120 29
1265 1443
1179 122
473 1365
3838 1156
1444 2129
3393 2537
3223 3274
4051 4870
1884 588
1502 597
617 3816
3242 1025
3620 1216
1783 3107
1764 4358
4886 2258
1463 3262
125 3024
4128 4593
3862 1916
157 2390
2673 4040
247 2322
825 239
236 4645
1384 1973
1093 2467
2547 3849
1604 2854
4417 2369
2213 411
2435 1244
3056 1609
2598 4734
151 832
2399 4266
2917 2897
552 4169
2009 1818
4009 2867
3860 3245
1718 2055
4240 3289
4533 3778
692 3561
2584 3663
4005 217
780 4712
4151 895
4056 4157
1694 500
1166 916
437 3562
123 660
2418 719
441 805
927 1394
4216 3028
2915 1820
2368 3517
4734 1440
1990 4035
3438 4479
3586 3029
4647 1050
3297 740
3153 2286
2851 4400
2303 4561
726 4142
1961 4385
2721 2281
3912 4139
2111 3927
898 3737
1295 2095
1098 1151
2696 2497
4815 4371
87 949
4281 2145
75 238
4543 1978
2397 3860
4968 906
1698 2184
303 3270
3807 3528
2697 580
4647 1229
3755 3898
2793 3876
4730 3747
4101 52
3938 669
1942 1560
3670 3064
1895 4496
4157 2318
4024 4256
2444 2727
3811 1285
2886 3414
3823 4642
1740 4373
4542 2939
562 1273
2685 2860
294 4141
4247 4952
1273 637
624 4806
3827 534
2131 958
4004 4719
2231 3922
2868 4161
1673 1391
4271 4771
2971 655
941 882
2135 1121
4745 1695
3539 164
3233 629
1683 2622
503 4627
774 4397
2707 2387
341 2087
347 3962
2591 4499
3825 361
2109 2401
2739 3882
4747 2085
4946 639
4860 6
456 3324
4490 2247
4166 1575
755 656
65 2105
1840 3930
3996 490
2076 1916
4245 3417
3892 2908
1144 1083
4959 878
1959 1950
1060 1250
4227 4930
2901 3774
728 4805
2823 1945
3024 1150
2792 138
3173 2795
3234 4951
3668 1251
1663 4391
1244 2345
164 476
1337 2017
4575 3366
4995 3852
3856 1133
700 184
4146 92
1397 88
3300 4744
802 4137
1870 266
620 1371
957 4765
4201 1441
1066 4576
1777 4991
625 582
3702 2581
4384 4970
4784 3830
2616 1198
4316 2475
1468 706
573 4592
3285 2989
2652 1708
1019 2862
3940 2507
3474 4522
713 2445
2939 4524
2136 1370
3851 4393
3965 4663
1216 1257
4361 168
4836 4319
1191 2400
1982 730
3127 4185
4996 2931
1694 480
3717 2157
1595 3105
1984 1462
4320 883
1233 2464
4654 3699
2638 677
4444 4092
370 727
1014 2185
63 675
3924 405
4131 1363
3838 352
4952 2118
1071 668
1649 3404
2380 3799
1421 94
3327 2917
827 2028
3739 312
2798 4224
3794 118
1385 1972
716 3862
4104 4983
4299 1388
2794 199
104 504
4625 3223
2354 4956
4205 3014
2765 3143
1560 3636
3440 3519
2788 1884
587 3054
67 4570
2030 393
3067 3070
1083 3649
982 1181
4939 3168
4726 2853
2156 1259
2103 260
2279 4790
4379 879
3868 3545
1368 3257
3337 3244
1929 14
2875 3920
1121 1924
4877 3287
1818 2022
2172 804
3174 1935
3743 4206
4048 1505
1274 4266
3740 3770
4643 914
1375 3696
1970 4028
118 1272
4172 167
4740 1729
2525 3911
795 3128
1189 2313
3272 3780
1227 827
3356 2684
1903 4492
3239 2445
1136 222
375 3380
2985 1974
2925 2987
3547 3638
4656 3996
4947 2347
1276 1165
1112 2956
1542 4824
1103 2976
3633 1484
1364 1678
4019 3857
1006 2562
1939 4671
1729 1493
397 804
1857 999
4395 2411
909 2715
3648 3596
4262 1596
4396 4599
4021 4601
4878 3957
1565 4397
1769 3833
4027 2936
4747 3541
2684 3480
2586 973
3351 2784
690 3670
2340 3859
1229 749
1197 2467
1339 4018
4113 4065
2379 4592
2576 4046
4380 4347
4985 4975
4284 1186
2297 4882
2293 1782
1962 4457
4643 2813
1309 3206
4372 3829
3486 850
3478 2477
1499 3509
2233 3951
4321 355
1346 400
3301 1386
2580 3072
3163 3011
1577 2659
736 3131
1592 2914
3615 3563
4598 291
872 2637
4670 286
2760 3420
3988 4728
3894 2980
695 2149
2539 3407
60 2288
3985 3510
162 4550
1794 2455
2803 3317
1717 929
685 439
2040 3169
4378 88
3641 4507
3728 2004
930 239
2431 3500
4469 2026
2303 2884
82 2874
4029 4160
4605 2487
3460 2971
1653 522
2963 3532
3705 3339
1249 347
4529 1823
1956 4513
3549 1723
2099 1619
1840 863
4129 3087
2848 1414
409 2938
1352 4855
1954 855
26 1853
1928 2994
1677 3604
4708 412
1381 1526
4121 4454
3941 2383
216 311
2240 3075
4770 1802
3330 546
2000 4958
1355 2376
313 2749
4763 103
3436 2900
4094 4215
4143 4046
1878 3441
2904 3326
202 1000
2452 2555
1149 3704
1081 421
16 1858
4235 4411
3536 3096
3216 1666
922 511
565 3521
3560 3869
1844 1791
3391 4070
475 2303
955 4004
3398 224
2669 3085
3884 4823
3335 4711
4771 1490
3610 2883
782 3876
2251 2894
3601 3206
3600 3273
3803 2994
495 1499
4 352
3170 4027
4462 4687
2244 4408
4519 1461
3822 3129
3475 4807
835 3342
4622 4783
3798 1398
4025 654
3198 2765
2806 3591
2662 720
1101 729
4633 4864
3859 3896
1936 4344
613 1553
223 2927
3580 1235
3379 3560
4356 3572
4369 3784
3513 4885
3904 771
2096 603
1234 1811
1281 1457
35 273
602 4339
57 3653
1966 4726
937 2959
1078 29
3342 180
536 2222
4631 2526
3522 4248
3190 3301
3059 356
1428 2804
2080 3886
1202 1711
4609 2363
2074 2393
2337 924
1134 3046
1054 1321
112 1923
3825 177
4260 4795
4141 280
4870 2483
484 1856
3052 3031
1520 3900
2770 1231
307 2023
869 203
3116 3931
752 2302
3735 4646
3048 3673
2127 3093
1960 1437
40 3503
1466 3990
4412 2285
4915 1891
4389 2382
3700 2570
3689 2108
2450 2208
2491 1725
3441 3005
3555 1190
3332 761
567 3240
779 1563
1300 4135
852 1885
994 634
4699 365
3691 326
267 2423
3180 3118
2575 3877
298 3245
178 2581
722 2479
1453 4545
4730 4889
4433 4573
251 2010
768 170
4225 93
1201 22
3682 309
4282 2654
2697 2077
4016 3115
3707 336
114 3948
4076 1089
1113 1499
1529 191
2405 768
2082 2792
1873 4631
3293 1226
2877 910
65 4047
4343 510
1251 2125
4672 1782
3871 2352
4865 4166
4072 2020
2775 3679
4430 1333
3870 2535
1984 1373
3658 3301
429 3740
4438 1475
4402 1221
1809 1840
2851 3587
1621 2217
4324 358
3643 3451
1460 483
1868 2453
2899 3712
4551 2781
4224 4888
836 764
4784 776
4558 589
707 449
4338 1589
4997 3347
3019 1416
2228 2631
4781 2207
2391 1138
3369 3415
647 4377
705 2105
3422 896
3215 4800
4307 1907
1040 3936
3315 1215
2107 2899
1525 899
474 1318
3268 3527
3915 4002
2503 3654
296 2734
3146 2141
4500 3037
757 3833
4404 4008
3881 661
727 2582
786 3041
4350 2953
3520 4790
3534 3050
965 1262
4541 3215
2384 4122
323 4696
1167 4445
2665 2530
709 1494
3101 3009
4817 3663
523 46
1679 2789
1269 2219
545 3047
1752 1861
1297 4862
3928 3031
1632 1170
3133 1144
4594 921
1467 1372
984 2966
1127 1927
3797 768
4528 1053
4166 645
720 1255
2032 4716
2835 979
4431 3365
4786 1375
2268 2214
3811 232
377 4213
1749 2521
1268 3172
1526 1537
2507 142
893 3009
733 4641
4605 3891
2604 2719
3460 1842
4496 2124
1944 901
1179 1628
842 1252
2307 1090
1747 1657
4261 3401
3914 4154
669 731
628 1046
1482 4709
821 3097
1479 1246
4842 89
3413 1696
174 1528
1594 3214
846 3484
2359 702
3498 4321
406 4893
4162 1075
2977 595
2597 2787
3861 849
505 2985
4526 644
852 3687
4611 659
1617 2396
3142 4936
1684 3004
1378 4062
986 1481
2303 1623
830 1458
4714 865
733 4713
3595 2752
2786 172
1249 499
2123 1131
4601 667
364 2432
4111 3282
1062 3656
4992 1558
4436 2945
1567 4589
4972 4378
1683 1843
1150 2920
2553 1449
4839 4565
4569 303
3408 3810
892 4704
304 1792
1556 3298
2649 1380
3020 4855
1737 889
790 929
1196 3354
4742 3108
4078 215
3808 4804
3982 3493
579 2232
1581 4780
558 2311
979 3890
4432 2922
1311 1091
3074 2238
4502 2886
79 3236
3487 1550
4892 686
3586 2341
3312 691
4269 1015
66 4044
1756 475
3873 4230
4809 4413
3237 605
4302 929
4746 1351
3821 4026
2512 1791
1436 2768
487 751
4138 1382
4818 2315
1875 4956
3673 2428
3557 4457
2289 3333
2494 3258
4362 4673
4911 2426
4539 2094
1818 1576
4304 2917
3693 2113
2721 2762
2502 1855
942 4906
4523 4096
4460 698
2865 4748
1392 3793
3681 1564
831 3630
2853 3397
2488 3390
3913 3458
2229 688
3494 2599
399 2525
3670 21
2157 3039
1969 252
1339 4449
4443 4179
3645 2917
1308 4133
599 169
1429 1100
4871 3155
2988 2702
3635 2082
3183 3987
4139 36
1036 261
4455 2234
3386 3591
1594 1195
2100 3149
3419 3953
1343 4782
881 309
2709 3967
4243 332
45 848
1184 1039
2677 2402
1435 3000
2746 2374
3676 724
3377 2471
4144 1635
1693 2036
694 1026
53 4246
4367 1216
903 3330
3075 3425
2765 2064
2948 175
3331 85
4921 414
785 593
4990 891
2783 3476
503 1174
2393 642
3012 297
2361 4166
1934 1905
3773 3852
2046 1042
1264 2143
4410 3228
3218 3371
1827 3063
4097 3318
3728 2290
2065 250
3734 4127
4398 2473
4301 4421
576 2416
2729 467
3936 747
3963 2197
1307 2373
2502 553
91 2146
214 150
3270 2559
1766 1511
36 3279
3278 1590
4020 3116
1615 3185
3516 4928
3703 234
4234 3532
4578 97
2295 4869
1763 193
4470 73
1340 336
3824 250
4044 1344
1584 3113
4682 2629
2468 3751
3790 2528
2317 4187
3950 2657
1752 4105
3923 2930
2007 2110
1812 3906
1149 3387
2565 3334
1342 4920
581 1385
594 4390
1630 870
4626 915
4456 1037
3263 171
3043 2196
4587 3561
738 1093
4327 3986
3842 4430
4876 1822
3989 471
1495 4603
2511 2825
680 4312
4273 2438
4244 2891
1713 1463
1289 3672
4692 2374
4623 1001
4228 1119
4586 121
1446 4979
2311 4050
1087 573
4481 1360
2161 293
3318 2518
311 376
901 4621
259 1015
791 1516
886 259
3344 422
1227 4918
3586 2360
4752 3461
3412 183
2916 1836
3768 4744
3639 681
38 4831
3934 4648
4812 2114
3165 4574
3468 4744
1434 3713
436 1635
3918 812
671 2155
4866 2482
4546 3855
1360 4581
2320 1872
3828 638
86 4218
334 2968
4257 4142
4913 3257
3189 1445
1128 2871
883 3275
2167 2968
4629 1910
2620 4858
1705 1638
4741 2830
3564 1087
3867 2124
1726 1512
3529 4125
3874 1229
1966 3467
3247 2195
4647 4856
601 2298
3071 3362
1998 4771
3621 1943
1636 4984
1493 1395
4216 3110
3049 2187
4886 4564
3591 3666
3873 1519
1932 3445
574 1985
1663 4785
4450 3544
3016 4916
3490 1979
2972 1391
799 926
3545 497
4058 922
3970 3439
1335 4689
2520 2061
4726 3617
4240 1667
1890 1088
4538 3457
528 718
2549 880
2623 3991
1880 4311
721 4340
1214 4040
4928 4676
3768 2772
1308 4987
1669 1601
4792 1232
3613 1563
1645 2250
1873 264
565 1059
1555 997
366 4893
3788 4000
62 4052
4314 569
3783 1299
1682 906
2850 3424
343 3591
3099 2365
2243 2694
732 2974
4838 2633
4210 3558
2597 789
3537 3649
3637 446
952 549
3688 1458
2394 4310
3108 2180
3147 2378
