3000 1853
24751 77147
64206 72486
3259 30751
23383 62968
6023 18343
22933 49971
68849 93928
19734 67491
33849 91419
56324 70352
54668 66349
5357 85654
64300 77763
8028 77549
59792 83347
28954 97236
12017 53163
69484 95850
25156 41365
2857 80956
7433 57720
23108 38544
86084 98263
63553 88308
65064 72531
11607 39735
14112 71277
48786 59752
30649 58130
30704 59946
1346 5009
9387 59161
42687 70962
54936 71301
88424 88773
4691 6330
65727 72280
47741 49421
1418 56055
64224 99058
26823 84934
20926 42089
69468 76048
20954 53915
19869 95081
68977 98766
34505 60418
21875 79907
50033 86315
31682 96418
15365 69007
90403 90666
65773 83435
81819 89211
67366 88156
25937 34762
25198 70521
5758 73245
26154 50669
46180 82595
49947 71115
27311 86756
83090 96738
3107 35176
40179 60755
35758 43179
63696 67560
45122 60095
66551 66694
21767 88399
19080 42925
56200 71089
71926 99471
14132 27144
14574 52591
38225 88561
4128 89545
3607 39752
48508 70708
54576 57453
77329 95914
57824 74438
19432 71341
55344 98427
51855 90389
11159 41008
2110 88237
55331 59952
46480 74283
9683 30180
36446 79718
5496 68967
21419 92800
23501 34003
55962 85764
12638 94912
5163 59622
32039 56864
670 83826
27256 29259
72092 83516
23625 41936
16171 77477
22919 27901
3313 52652
4646 40403
55288 61759
65361 76047
63997 64634
31321 97763
21076 71668
23433 99681
54941 95789
22454 23694
11829 41779
37116 43445
35617 82934
10390 93308
58044 92926
3967 44734
15421 87735
4094 10469
5378 73310
32511 78047
53424 93281
1641 67835
21359 39527
22941 92642
7219 73211
2878 75470
6136 82804
50250 75271
2367 93710
13072 19099
37950 86318
11723 72561
23747 62895
57735 61991
66240 80278
17158 65192
65333 77301
13131 64775
73691 87421
74036 99417
85750 91472
3908 61479
24072 43290
74392 77523
7178 29826
37522 75414
2242 97171
55006 60121
25676 41770
11325 63670
41760 82315
11512 12545
3551 39134
7433 97199
39730 43908
27310 37647
25841 88178
29103 81293
1765 73280
21242 73917
4014 46318
47905 66767
43076 52896
7295 40587
48413 82775
87010 96074
35253 53622
27315 28677
40160 95215
42599 71340
62088 90937
4544 21356
23616 92140
38596 57465
28589 99614
17516 62553
18312 63821
8776 51379
30512 36513
34267 77646
67298 86088
41370 70653
22530 50418
82378 94857
39603 46766
17147 69140
83103 95687
27378 85738
5380 44860
7259 19722
33141 62503
39993 64318
32165 72885
12337 79021
82039 95971
52910 65149
49857 74356
17645 22536
57115 64007
79316 92462
82460 95538
56515 78945
56908 64457
46914 79249
56423 74363
59016 71530
5277 94352
29955 58172
7332 25585
22396 63477
75566 93309
24280 73160
1929 74856
14708 22425
20399 44433
64920 74193
25311 49296
75038 98110
15600 37205
6298 58869
42881 53106
24552 27899
23790 72370
29266 62189
91205 94628
35269 46656
67305 95777
17800 89218
4068 92757
23852 24203
83250 83759
4872 22080
69170 79256
58476 68114
16779 81891
30166 63912
12684 56845
26604 44128
16869 18422
4320 94729
77724 84380
11658 43744
2054 3469
48282 50212
5166 80705
4938 12211
2114 41946
4165 82114
14047 78171
44422 48192
3999 93520
37709 72603
70308 84968
50908 96497
13696 31353
15560 78695
24677 25932
13286 25917
2536 56790
10453 65094
51870 96177
17293 24952
12461 63682
36861 43321
56636 64373
9584 71382
7436 78267
718 91682
2043 50960
8715 91060
73753 99195
34801 35068
71275 86810
17280 55098
7618 82335
6958 36716
13892 17104
6862 81054
83753 85739
28782 84893
9869 58297
58665 71242
90056 91619
42281 65794
7642 20786
1253 3103
4549 31781
38168 77569
50851 80918
2859 18663
34120 45724
35303 44525
77369 98925
1717 8233
13360 76626
37684 41748
42943 63103
6648 25664
10230 25929
16846 87990
8265 56236
40978 71687
6527 35883
7134 87869
38003 92288
46516 74079
41924 46233
5222 44635
14437 72852
51684 77294
79516 86883
31214 92587
17853 18463
28929 56493
2177 91303
27996 32437
5192 12848
37545 56573
10472 56669
16766 18483
9069 88446
6093 75951
48357 56914
70156 78073
4586 54496
45343 85520
85935 86450
46219 71075
31827 73908
10146 27106
5536 76473
93893 97840
14197 79414
8692 37748
21548 65671
80669 84473
19017 92113
35473 80735
1706 28102
24406 39156
60582 78495
30517 71515
22371 74443
10136 58187
10397 64385
21749 32386
35017 76338
71019 76280
7620 72037
31840 62889
863 94816
31679 94306
4752 66560
66800 85105
22181 76264
62409 81572
40100 42924
37058 91999
51709 72512
34699 92055
37706 68851
35245 74427
47967 70499
5177 80762
15574 36378
19646 36077
12375 85907
59857 88178
10125 97616
47754 96088
51635 92403
24764 59077
16384 57558
49958 54992
9555 18310
20828 21556
7576 16181
58213 74125
20083 97605
11040 12542
74670 76605
36443 37844
14830 77228
28165 74188
33483 68231
15720 63717
35683 69146
60844 94128
32942 79838
80905 93124
82639 96647
41548 72248
30235 82727
6175 22112
1138 32528
45375 53220
44849 86257
11541 36972
34591 52888
4853 75519
44310 56776
67979 69322
13426 16210
39445 53667
7555 80291
33095 67043
80137 97548
60186 86757
48053 87814
14451 21738
76853 97409
21833 54128
7897 9606
60996 96566
85652 97483
8811 77890
63538 92168
48891 62228
28721 93582
42631 80352
2938 68640
25844 75290
22057 87138
17786 77121
14232 81771
24270 92091
12848 41484
83575 83621
37087 85184
1 20016
4298 53803
62465 66668
48589 84513
48413 96636
17351 19866
20223 58910
25433 78422
28283 63107
18516 54491
44240 69179
4099 99490
11430 31670
26012 72814
46837 82017
27003 57749
692 85797
10389 39105
33685 57555
11527 47173
33558 78995
141 83120
21143 89567
34763 43474
2120 51574
22942 70411
9696 38896
16156 90326
16611 57475
9806 34013
71283 83147
62593 62674
40162 46363
24595 38231
45429 69129
35281 76000
36013 37111
52418 92750
6415 88213
10780 20229
21978 93074
34738 71935
40558 83447
75344 80387
51135 93635
55371 76096
29759 51726
30565 88179
40264 93967
26992 78656
50311 78319
82734 88325
1246 4307
23298 56913
8651 32260
51862 96553
21456 54221
71360 99756
13776 32614
12770 71884
8877 53274
36086 43985
41959 53687
62279 71604
151 93239
28425 84440
12529 95258
27838 41842
48700 87756
46685 87316
13148 37294
41586 43952
34111 83804
57044 59772
32241 95813
21102 42717
7941 53336
6486 52152
23704 77364
73667 94957
3723 25179
9775 45536
7930 89652
7703 58794
59699 94167
58346 64503
9825 9894
6697 40052
26863 35483
88360 96473
61961 75161
85895 95942
37089 62020
1782 16415
57041 95023
22921 57106
20596 72794
77295 88371
42767 68629
14520 74926
23553 75540
20401 40280
4353 91217
7727 92077
56462 68967
43024 54737
59181 78390
26141 28043
47828 96143
17585 98910
5146 80433
70451 81105
43892 90236
52787 62787
10326 66458
46710 91238
30522 64532
17674 62915
1418 15148
46964 56482
17449 59686
21897 56949
28105 65366
33315 89779
21660 61025
26191 98845
27165 49100
13793 92442
73783 85432
16343 70586
77171 98092
31280 84789
36191 58911
4146 72913
69534 85261
33498 44475
8898 28909
20118 56548
84019 87514
23200 76395
52683 83089
42868 58073
37735 42214
9755 50604
69602 80672
60768 63254
83695 84271
15547 43522
30812 32333
12243 73476
45095 56232
82653 95895
34893 92287
46581 69144
50091 66191
15917 76812
26828 60822
27 34128
71223 98502
7304 43017
45933 74058
14388 89939
55951 56655
6161 21681
46677 70553
7033 25315
11303 25609
30115 65723
26902 83127
72957 86143
139 45003
3933 94409
40646 83506
51129 73984
60012 99563
15037 16230
85895 87978
73629 99379
89387 93409
70422 98670
68149 77580
40937 67710
83563 83588
26741 94663
37953 73444
49982 86389
21259 86027
32560 76505
4925 77960
17781 65036
1126 25425
71759 87898
54557 63409
3535 35020
69023 91680
67324 83964
65299 86920
70345 79717
46113 76786
67181 85227
13163 59744
8592 81415
454 14184
9150 29032
12947 70352
38890 68512
91963 98963
52980 95649
23093 88958
28848 62833
28324 75864
2625 9799
68331 96805
24251 38916
50193 66565
14688 53459
52814 98359
61631 92359
3916 45114
20727 22477
28214 57659
59996 89027
19088 40384
23294 72047
82461 92378
2640 42757
47249 97783
63261 66252
23435 56004
21537 57317
12904 51703
65034 93407
72891 82020
59171 87239
4571 59006
41841 76920
73501 88951
11825 73794
86896 91445
13192 44286
1202 60190
7500 54012
43746 51708
26236 28083
44232 99474
20078 94985
2092 21003
29809 30182
5735 8209
10992 54037
498 45733
13152 80167
15130 98355
36537 68251
17261 61788
17056 92969
3366 95213
43234 45812
34063 75390
76641 87637
2631 38797
29429 53137
5966 94335
4210 90737
32698 65296
1919 23714
36434 74647
40054 41348
36239 56131
20958 88564
44016 97292
15880 20044
24006 92906
47448 55180
3587 8987
44258 57763
65097 96630
1695 87296
21278 84828
2647 68621
39632 86304
31544 84172
32647 40204
19046 42692
7410 73820
64346 94398
56600 97082
2258 29077
4391 68599
50693 80859
71947 92167
27335 55448
74035 92952
7881 72143
87594 88494
17585 31383
23521 91007
24771 57554
52746 78916
3021 69600
57935 68279
19586 52446
11335 52014
17344 39338
41535 54959
37392 44699
7419 44739
41591 49830
8738 60405
17593 56704
12659 33596
44597 86463
10407 23421
4568 24437
24460 78046
79927 95348
13735 49354
7030 99064
10560 65989
38627 66198
97322 99781
18916 91829
4173 48354
79392 99897
567 12626
9575 42009
12571 93229
34651 52187
45709 65853
4570 24665
22657 68527
58981 62428
3418 89027
68777 85789
2825 39554
67299 93336
1390 59305
54195 80875
3844 54202
79002 97001
4975 94583
33497 49871
44907 89041
25888 60646
4732 65053
4839 42329
25158 90673
25808 40242
71987 92860
80099 83024
30524 33420
47146 51765
73919 75569
46572 91917
19737 88371
34894 47146
20945 68910
58536 89991
4428 99746
14 94062
27458 58303
40759 76822
42625 62329
16517 75409
65498 86940
71781 72296
2029 87135
36818 72358
37402 76413
22404 70501
872 54174
39424 68780
27832 61996
37523 37787
38293 53308
86211 99689
67472 70475
30817 88097
13217 95450
40067 60618
9985 96789
56624 57717
41305 64824
12384 31744
23383 46165
854 61701
29307 33126
10231 70192
33405 82294
24895 57069
6891 67041
35985 92289
38673 84157
80132 81736
28293 52240
2049 6514
9544 89908
9669 48153
24263 62848
28119 90184
63092 91262
71855 94346
20475 56379
49019 56573
10116 91179
92266 92972
8637 78528
13662 52478
8278 14068
10920 96503
37086 90367
6849 11449
20953 47905
32057 95013
47840 59691
41785 69725
45041 82906
49462 99750
16405 90007
13505 41820
15292 22114
36261 67982
60961 93104
776 41108
23452 91784
23973 51386
24705 38835
20935 90282
523 89664
30476 39645
27942 97396
12137 47053
10985 93389
21501 27015
61419 98493
53813 85976
81925 98270
21822 64902
21740 94269
11202 76890
44904 66658
69108 92044
14122 56741
8819 42477
46707 86900
66165 82336
16626 21329
11205 70314
15357 26152
37136 55090
63144 86551
24332 81750
28745 43923
19888 95386
17623 88515
26029 29798
3976 62114
17914 38996
32630 45886
12724 81896
4289 33478
44467 63080
37134 77910
23406 66815
45585 86293
31319 56266
22476 92770
33809 61565
74491 96544
29447 78421
61092 72574
10244 82051
62862 69856
2754 92499
670 59671
22197 73630
9931 97335
86625 98772
1861 19053
23487 64758
35659 48981
5056 83064
3823 42081
93891 96386
24192 50947
14943 68494
35531 71910
40460 90489
25619 88042
32353 48555
68954 72026
14180 72250
3190 70249
30894 96601
20976 28609
21579 70201
13988 35639
1470 49748
2440 67982
7574 38403
57156 61131
28527 44051
26863 30524
65665 66244
74524 79259
21815 62823
29811 79912
13478 27644
15796 72552
13569 43486
61964 96170
48079 80058
31371 95023
85738 91634
48111 82496
6095 48307
33998 35628
48636 59466
12502 24827
23207 41336
95425 96686
18152 93268
460 9142
41600 63506
10997 46751
8611 83907
844 12521
10895 89872
65572 74457
48780 99382
91013 97037
35227 46810
5796 76279
25824 45560
67743 67899
77028 86006
3085 69133
80832 83722
41309 70920
42699 95928
84538 95582
67823 77519
55099 71543
14229 40536
39200 91127
44538 75737
21253 88739
21027 34317
12 35572
26453 72833
36913 60234
33914 93996
2574 14559
45213 82777
61472 66606
33498 94854
11196 42251
34391 98135
59351 73405
2199 9237
50255 53987
24135 26618
50323 67567
11122 40814
27960 38938
39498 94069
17025 38636
5260 7040
39551 56570
20079 93522
2732 12745
23972 60485
35026 42837
74343 88693
25831 81186
32326 88892
2026 48314
42663 64173
33029 98660
1401 56759
2440 71805
66738 76586
23032 79008
42424 75710
49770 56345
38907 58598
59409 84685
25461 81212
2872 26258
1243 68482
79595 81770
20693 69510
44671 94177
65713 76435
29386 55644
6265 43193
82778 92646
21542 68251
23498 89824
23487 76709
42263 53521
55891 98665
3975 9440
91554 99720
52784 90122
8902 72386
75930 89687
24315 29431
43149 46013
16516 23199
40265 90787
2096 46777
44427 44478
45143 55407
20421 24446
45007 70414
73114 78627
19193 44341
26209 75395
73568 81793
70203 85435
38777 54331
70010 82048
906 79139
67610 90466
35522 75523
48808 67002
1368 89910
47896 77417
51672 76256
31573 35775
39454 93239
50336 68265
32812 84431
23202 84811
55400 60587
40845 86445
1840 37818
47766 67073
29551 86149
52575 94512
10277 36323
1944 12001
59120 82595
25626 59904
23581 30446
49896 75486
57286 72002
55760 69665
39195 41837
14889 45833
67174 78911
3406 21420
64272 81082
69965 84642
3596 99143
50683 83805
52245 66655
47047 74961
11503 13089
81630 90079
77085 79833
19952 58305
24825 28524
51080 83351
5500 66880
2574 48391
30549 61907
35389 70914
15462 69907
41669 79134
28220 38740
51531 96655
73228 87636
69009 85243
872 66098
31112 96720
9497 73247
17648 77975
61004 87759
21870 98263
63044 94139
41195 98899
13877 77886
38360 81067
34563 92450
4885 75739
24968 84462
4354 72712
58363 77070
5311 90855
37714 86323
44598 99248
3801 27191
25026 51854
23876 34217
22275 96721
14928 28680
3810 52331
5017 55173
80453 93884
6440 72474
53137 63337
17140 41101
47325 82902
48715 94390
12811 31930
50053 83048
44282 95075
5574 21997
678 686
335 14772
247 75659
8547 28999
16936 24620
30628 62610
17143 69589
67954 80979
64854 71717
40783 76613
10546 73535
13012 61684
32524 95100
11101 76350
32956 93740
22338 95010
14299 30162
44773 53625
13624 87086
21630 74035
23203 51609
50297 58924
46716 67671
50889 80035
34192 36580
8577 66842
1472 11443
57112 98821
53071 57759
11957 14134
6539 9151
69510 88389
64476 73951
4397 58086
77340 83942
14979 32990
12012 15257
8796 75714
53276 94560
42590 78154
46823 47213
33828 49406
27725 52208
12465 13855
31356 77096
15626 95178
27554 73673
67002 69478
37741 86029
17257 83094
94393 99947
6923 52477
19665 20026
53116 58612
3424 31273
17330 43593
11659 83337
474 43474
18964 20650
33339 82698
42680 53689
33418 37344
59326 95460
14331 83282
30742 55957
23810 92844
28350 63805
22941 41822
46826 72092
11478 54337
87414 89017
20175 77302
19646 64083
19032 74555
19308 77101
36580 83127
71 31697
48711 61740
55333 56110
44367 82816
36278 69838
17063 90939
13862 14267
10766 13459
36592 52653
7153 91014
70238 86467
3336 18243
18978 54046
6147 51307
2661 37867
6138 82151
88447 92907
6975 18144
1168 17413
33562 80044
42027 91680
74359 89457
862 28586
53193 99287
25016 99174
56152 78382
36825 77161
23903 72640
26702 55110
4374 85009
17246 61016
56000 98054
21259 99695
41214 76200
17652 99968
18936 62687
10541 58546
3413 35169
63722 82728
23380 54998
3833 30516
65475 98086
11240 36815
16636 27385
49177 82533
50669 69231
26981 32870
7475 12069
2163 78812
15101 48939
7933 40542
52205 71934
57359 67511
37173 82182
34008 50392
3765 98784
18245 80517
50375 69975
66596 94119
15932 20814
78431 97936
64268 79993
17020 79208
64384 73159
45432 90472
9773 38507
99296 99964
39615 65760
3211 70304
22442 86370
71398 73610
40819 61890
71428 92080
60068 90910
1201 96479
41535 56831
52517 62202
51414 63756
24242 36797
50695 98732
51182 98967
59027 89619
31251 84115
16244 95116
26229 63446
26064 32989
3689 94393
6779 76205
48920 59491
18066 57401
5337 36203
87462 96080
20485 53719
60965 77518
29752 54109
46362 59959
16882 96584
75898 80091
30592 53718
70323 73408
12436 73532
64613 95764
4140 29134
71831 84996
37324 87260
14899 53104
3275 46128
47963 54295
34792 87131
1966 91476
82248 99840
22509 86315
35516 87355
25609 81646
15140 39400
36952 65814
1211 78129
1646 9851
39839 93930
75351 88589
60298 98751
43095 79243
50863 76246
53515 82582
20871 63186
93624 96782
30516 44619
39273 49537
56557 88775
8422 58061
918 79276
38101 79598
17881 72596
1464 60327
21525 31832
33126 35948
31894 92503
24399 68119
10225 17496
7050 36146
758 92751
80081 89016
19063 60926
32359 52428
32136 97559
73166 76960
55406 94743
36572 88940
59399 96395
33085 85594
72421 76496
29531 42517
33437 94401
7725 32978
1070 50194
47060 98294
11523 93544
49601 74669
63687 75788
61343 61526
30245 56783
43765 53642
17125 29730
11671 47640
16111 65839
11830 43111
61705 79226
22503 43506
66180 76196
35007 62769
41930 51442
49217 78740
34270 49512
45962 67172
62154 84477
12395 81938
1749 3568
12247 42925
13419 23621
62883 80842
5919 22405
14531 43734
33870 63609
24321 54637
27031 68050
57139 90932
39706 59726
3903 39247
43713 73967
74162 83778
14626 23172
29008 64028
82588 85680
20497 57470
1338 99481
12586 81657
34969 55170
91284 92324
24233 99219
1255 39303
8569 25019
57120 81107
9624 24458
3680 36973
70127 97890
16821 83249
2844 33441
24241 87923
26814 87263
25077 35964
23087 45415
47424 66019
23559 73584
35223 90319
69352 96530
1713 86250
4707 21630
34766 85016
31867 98210
49303 78200
44896 66677
72251 74406
62199 90637
6593 22239
33300 42565
86978 89950
48478 96652
7500 42656
2658 82404
15454 77756
44776 73271
36615 58900
25697 77721
3236 39767
20567 95197
27680 58462
49776 80390
1805 92907
22633 59594
47857 95294
48529 98730
9260 50300
18503 42804
34757 50242
18194 58525
55487 74405
33517 66730
35949 43127
34915 85990
13613 62162
25530 57111
53899 61048
24785 86872
34099 52168
35394 66171
66673 83106
3425 15124
54723 70269
33854 38030
13375 46387
7084 53697
30294 88593
18699 83399
27335 61304
8142 49797
8562 89778
55252 88548
43829 98259
12164 81811
31920 87990
4032 10610
10137 53881
47840 54647
4810 67443
56123 99564
49992 55839
26464 96585
7554 65065
71073 97662
2531 89982
37040 66004
80482 85928
52521 67622
23432 93477
31329 49003
3357 79740
44497 65290
46 51278
61031 90090
17598 77901
7993 52605
16287 67839
7549 38121
37711 84252
49791 62738
10704 60794
16367 58411
64748 95790
37975 76189
30987 83738
6916 21334
4714 41318
53414 83442
7809 19512
22838 31577
46264 54013
18251 41445
17537 70431
15751 24466
30578 70943
22830 89703
262 56345
59760 84537
17903 73803
33615 41899
25482 91885
57498 73947
7661 75827
41622 65450
16504 48593
65740 87513
49345 68881
13999 39330
44174 50960
21271 51407
60490 99893
45590 62088
10431 35172
61674 85754
6965 84324
69201 97139
14546 44529
1395 50188
33701 55333
46862 79039
64329 85738
6658 68171
36969 65915
7646 15955
13881 93872
26874 40708
20851 62566
21540 40490
2773 52880
37205 59004
3873 12503
27163 88818
20272 73535
26434 68673
59604 72787
22551 29349
5678 94380
22434 23251
16089 17568
30466 58913
36256 53344
57525 69101
63058 81760
57923 73793
26257 44017
37294 66412
63949 86731
53118 74115
11103 66034
15851 41571
13888 80939
73690 81603
28130 51346
71242 94889
11510 48421
74809 90724
21707 87103
65682 73080
60211 89531
42440 98980
54103 65398
8158 61827
78669 87505
58996 96700
23129 75683
26439 70245
12957 81445
23561 54387
51936 89079
20977 69072
22519 69138
54790 55100
28156 95283
32997 74302
65579 96658
10916 68323
28980 93361
64663 72789
11892 18269
59311 84387
48161 95573
58366 95217
82837 93857
84952 89056
54727 61200
39761 62210
74204 90725
63142 96666
40139 95126
33686 99358
32321 43138
81396 94475
11135 39533
49685 85962
45119 47295
28879 54170
77349 86397
35126 59307
5520 92033
9544 47675
59121 65361
42719 61902
68656 88372
32439 35477
10926 64711
49072 61030
57164 77617
94517 95397
15988 58692
23266 74942
29911 51354
6382 7738
39297 40255
27771 89591
22067 60439
77913 90284
52810 99900
67930 72847
14233 74155
28793 45169
22533 25459
24270 46286
7925 62465
50213 59140
33527 36808
56543 74912
34997 80468
10802 96046
39952 77834
22408 35708
25551 80581
46039 77760
30461 75503
72153 82030
64664 72783
1214 11759
19745 47167
74663 92074
5023 6517
54562 74783
49125 74251
11693 17099
57857 60471
28901 71316
64924 95028
20325 94579
72892 74282
17952 72377
71025 93681
5209 75420
19723 48404
3528 59851
25508 42459
16800 76148
36402 52472
32749 94561
96051 98799
19203 75668
9830 64405
37621 66172
15771 40111
99 93766
16157 32074
31801 63123
4912 19411
31249 43365
45042 90378
36986 70997
69233 97985
44097 45159
55943 98219
24060 58314
266 85619
8217 49805
22965 80426
4246 16181
19277 82956
9319 25799
408 66946
25345 85861
38338 49073
16734 97035
63859 87548
584 72447
56901 99761
76370 85699
25169 93094
49141 74121
48989 91025
36244 82705
52289 70288
19156 61503
74018 97728
21751 66291
40444 57444
37814 64329
16732 94218
28022 94892
73053 86929
10921 40596
26218 54366
58590 80647
43684 51193
426 77348
5740 31196
10424 76958
92082 94484
48760 49539
7806 84570
20305 64154
32749 77612
61488 87164
69283 81597
22871 32354
40202 72242
36046 52842
67140 96171
4628 82592
69741 79586
17084 84654
1200 78319
39624 53299
4973 50936
428 21906
20076 53929
64358 93146
22030 51133
18280 72305
75583 88610
81866 85964
16797 50866
20957 50796
42598 51930
4447 92940
39279 45898
19565 98862
61924 84869
7761 68195
36744 76492
34060 49517
55618 98442
25506 73689
4341 75574
15625 53519
7196 32211
22448 79686
82545 87016
5420 16631
35608 94067
13441 75928
63903 98876
11857 23858
28965 70393
40369 60280
25029 68127
9279 65150
15364 90757
37369 46109
9624 48644
26825 42473
58045 91934
33347 92349
14142 64159
8190 16410
60161 70817
1520 8492
31279 31910
875 50508
3811 99631
53052 85086
25009 90478
34383 53132
53231 74874
80725 94630
10962 60325
51922 57834
54908 93398
11392 14049
14709 81239
43004 86811
92372 96421
29471 39017
12098 61470
10943 51964
84180 97719
82114 85669
26851 84135
80158 81949
66989 99424
9265 62272
65296 73562
12978 59334
9126 95696
78751 88389
6250 97121
5631 14769
8381 64177
77907 86748
49071 51271
8367 38710
30859 77497
3486 79110
35689 41279
14216 97433
80385 85574
27906 74303
9343 22154
2234 90849
12546 57090
63880 83412
25042 51734
62468 72388
40771 68230
20119 49602
11182 42836
5116 67698
3769 89078
74148 76528
27571 71211
69223 77618
18553 32554
618 77118
33712 87104
65514 89959
4603 95818
82520 99380
52089 65978
32409 37098
9804 38390
27605 59515
2970 7410
32745 78289
61863 75786
48153 73167
30028 95369
58222 88920
60434 84361
28962 56336
38790 58852
6947 33552
62240 93426
35942 45947
9293 42396
64161 74388
69919 74483
24479 99807
63396 99906
29606 82547
5078 88193
16670 99475
49267 59791
36839 47379
29941 97298
37189 38018
48376 76955
32086 90099
12409 26927
10894 78154
10418 70096
62531 76298
6063 51176
1467 20525
37488 44860
64367 64380
24944 81432
76925 90852
38473 56852
49851 62628
11902 59746
49926 60584
41236 54212
8209 13699
20544 88170
83512 96176
17751 78179
258 21608
24262 94245
40838 75978
50400 90166
22971 32022
40761 82762
26031 40586
67410 89062
28726 72947
56483 76872
11307 93909
23653 76752
20597 43764
45189 67821
10883 65451
27905 82043
34472 52736
49050 88479
69940 98677
5916 21631
39150 89793
20031 77202
20333 23563
5431 35377
37934 42621
37361 73599
2500 64798
7940 94617
47788 88908
57282 60461
17119 66394
28835 43655
45268 76156
25833 63741
13269 78577
2421 10651
9258 27311
39567 82795
19438 56955
49541 81330
7872 36336
19068 23826
12869 44022
27613 66578
45036 77678
56632 61813
13037 20555
40243 46686
53133 74069
39160 92997
42076 43452
9801 75468
7802 42857
50417 51487
13217 79109
40875 70198
20627 39809
28433 60481
1647 96680
63063 64270
92793 93694
16695 96574
8730 20580
58272 89217
55305 93482
13495 71826
3322 96777
7714 34415
19054 58977
2466 68349
2967 9433
40320 68710
4016 60246
70905 78253
24269 48632
54699 89827
67028 67848
44354 44554
54350 59912
20471 26415
3956 4543
21561 54850
28418 41294
46176 91225
20330 45144
55248 76940
65952 70071
19234 22798
5495 40311
8480 64934
62540 81050
74910 99827
37773 37973
63528 74599
86860 89136
53984 95970
4181 91869
8219 99489
45900 66553
42908 45179
479 56221
47336 98041
8519 65731
3684 89693
9060 98764
9428 39296
15314 97492
58209 69219
40595 77118
73329 92059
31890 97662
8934 89829
39234 74419
11083 68948
87756 90977
37625 91680
2043 14811
17901 85920
30832 58217
11602 91904
59344 67654
31817 75109
65843 78780
55122 79645
24305 28513
53033 88097
19590 75908
10579 93935
24314 89372
11715 27914
16762 55925
27960 48894
2447 94230
79907 81939
38793 99918
10495 28414
47543 91998
71167 76657
25806 71530
32199 96235
16109 98712
29394 43987
31353 85299
55014 77641
455 26356
14946 51831
21159 29385
75366 78133
19440 26557
63059 72895
4049 97506
42484 88097
85258 88859
33880 97104
24557 33555
19763 66236
82374 94493
21442 54312
72882 80606
70101 75330
22858 64747
14319 34621
3649 52554
34031 92553
82694 97773
51711 82994
53699 75755
18303 25765
3165 90664
55917 87723
26429 62922
4947 49537
19049 47102
7915 10980
29965 72559
12116 14318
5173 19327
65581 83008
51416 89887
268 17432
62678 86608
1495 29712
5774 86608
20641 51371
64834 95976
6896 28424
45407 85202
29396 35331
22407 91541
4100 65793
7638 14350
42180 76946
1385 33858
305 85004
3597 81356
63273 81820
7329 95635
58271 78745
25416 26510
41359 64764
35291 85463
18841 37004
4295 42227
64495 91738
15706 36448
17245 61099
19704 89090
9823 98085
24343 41913
22227 74888
11520 48890
3729 55737
29470 43195
31252 87180
32404 86439
5039 55386
52484 79848
8610 88705
20735 41915
36960 77001
6681 50594
46083 50208
35958 88052
9051 15824
52221 95201
55356 60841
75800 81928
53227 97525
36156 56300
14336 64152
19998 67526
40703 98461
11739 58378
33492 73783
27511 97752
372 55990
51089 90517
59728 60944
52908 65588
15506 26902
19513 42511
62909 64718
87283 99940
1419 89608
1336 51072
15777 95768
1497 42860
60725 93281
15267 66117
35798 59677
7027 83244
33657 80182
1160 32493
92107 93540
20466 58658
40060 43661
57874 60138
77372 85557
58615 66231
13349 58319
5136 88140
56327 71087
8790 35757
22684 95576
69826 87550
32337 57827
99902 99931
33743 55614
31499 51732
46266 98261
74981 88833
27599 49513
16155 44651
9288 44345
22909 38495
13518 68913
62578 81025
19498 75380
39266 43591
20467 75326
1648 13344
12747 71856
28779 81209
79113 79796
23187 90119
6540 70241
1764 11858
16557 58775
12609 42614
7104 70164
50984 52758
7672 16503
45409 85286
47606 95130
3730 61924
56775 93044
91413 94858
33977 70658
46584 51966
32862 82844
36522 54233
2211 28651
33097 33807
40998 71717
13586 47893
12497 78616
32330 84384
39803 57288
33742 93237
6890 93989
2105 5379
71618 82618
2321 43101
4776 85940
11709 27240
35831 98074
6669 10585
5471 44667
16972 79886
6183 28564
65519 97285
59946 70218
24201 96047
16878 38451
60280 65443
58502 71141
10979 72519
7750 25468
42836 80764
70302 79729
55719 60548
8700 76517
46296 79617
31996 36871
24304 86846
11125 47144
6602 79615
17021 21216
2583 4679
28747 35393
169 79979
9725 69367
62869 94090
40509 84032
27355 32493
8371 89335
26750 54125
79155 83160
8965 16368
33629 88932
12904 18465
25290 50339
29989 87583
22116 98036
8337 12386
857 63985
29173 86509
14576 40504
51349 73087
34482 41746
48983 59026
52777 74997
10659 33213
71208 76124
45365 97115
65217 83466
6174 21344
14596 28884
37237 70795
55055 77338
50839 54392
18667 93981
34859 81871
34589 41922
52007 69594
495 41068
76974 79733
14675 79879
5064 47263
47442 78985
21787 66388
67295 96549
25978 80638
3631 54543
41874 74491
58668 64108
15708 51031
147 37707
76333 78283
40187 49296
6579 86639
32369 81374
30666 70605
55456 76364
4520 71031
53434 70517
33749 47377
34752 51128
14191 69569
22032 47983
34427 66859
10418 73497
23210 93370
5102 99700
17325 97337
37774 94654
5970 39929
55998 99948
4799 61810
33036 50159
18948 82374
36472 71800
40501 66689
25978 45603
4258 19399
24680 68711
35934 36287
21346 34715
5640 97239
23363 38612
88126 96087
81257 94592
55363 62181
37884 81269
67062 72128
56243 90554
55481 66108
42931 79741
7233 12010
28835 88722
76413 86931
69830 84862
14331 99622
26470 65936
70510 73411
49924 55043
7493 71090
16836 71108
70987 95938
13054 62641
41738 70832
9817 83365
23883 67013
30456 72964
77770 95735
17308 41145
8298 97626
58696 63648
15341 27331
28456 32214
69132 84850
14420 64669
8649 54374
44141 82107
16102 48154
74705 89422
15759 76741
10450 52752
1098 64586
4646 91039
44928 96299
59791 87887
49000 66070
13559 97025
47526 88743
15433 48559
27579 37943
54988 95769
8662 10384
32567 99990
30042 51335
2579 19789
11941 71268
83442 87214
2866 66594
28465 59222
53028 94437
4323 31225
17624 73531
720 67900
7369 89005
19287 65024
21474 50425
34952 44662
64310 75407
31570 78917
9922 58626
39154 98837
50837 93594
32878 86870
35876 86232
33733 51227
43380 83050
52782 89520
16907 66030
610 78761
33095 79475
25417 47845
29216 34889
72998 89623
7403 37485
19871 21185
12441 70842
26939 45543
60868 97387
16322 32200
41679 98721
60587 78232
1204 20138
63069 87182
3062 46212
83886 91511
11570 52571
9869 77536
45808 80280
27333 77332
71871 79793
5007 61125
64528 98348
1866 16774
5272 91251
12597 56006
50641 95292
1318 99340
3642 52721
70742 86629
1216 84213
31887 72210
9869 63377
66010 87490
24624 43463
28184 71103
52626 56256
2325 44630
2990 79523
50142 58537
79502 84763
98127 98256
42368 48133
15412 16709
4254 60061
3403 34843
26769 81352
16645 54125
3430 72342
46213 95914
847 56590
24623 33770
10885 34826
80998 91268
51544 76068
79688 86974
31799 54019
4402 38107
26589 89189
63801 98807
24022 86961
11151 39417
61857 64340
71290 77117
77568 84359
12906 17086
84989 97109
68826 92191
26485 91559
43458 99072
67527 97676
11928 36562
66705 69260
47441 61138
65839 92420
57518 76039
4972 13430
33819 76485
4590 18358
70464 93722
5147 9455
47235 65841
16260 79420
8263 47141
20295 41896
58199 80963
6923 89643
31320 50656
21065 55394
38094 54738
52430 64767
6386 45371
16525 76421
30617 84515
32578 39505
25738 47643
7306 76207
42073 57143
39762 44155
43812 63782
54524 57809
77387 90543
29622 70813
23505 70068
31951 44538
7422 22367
2157 73840
18534 49708
3545 22631
43752 81447
52590 89383
79146 87405
13669 47488
6069 92802
95094 98163
27874 36630
19972 73320
38502 88956
37507 88703
11034 59968
6672 63249
68202 97363
35542 91632
12607 70722
23706 88754
32673 57904
11819 47906
67840 95316
31955 65599
12063 56967
74944 79794
11820 46774
1286 29940
27947 55220
44275 72048
3317 93110
46473 92596
54708 55764
42406 81473
36182 47136
53796 71521
6786 76076
35388 57936
25785 99295
56854 98577
29533 56359
28730 75150
23256 35702
43504 67792
20509 51978
46288 95769
14502 23267
76181 76826
12890 14897
51264 95177
16431 26606
58326 89990
37918 71869
33273 49888
45585 71457
85816 99103
31566 57327
11550 94363
6765 39457
48122 65850
8358 61298
49342 60299
56720 97492
28462 35172
52129 95999
47684 82157
4099 48925
33393 55416
39996 77949
20359 31688
30657 67421
35092 53820
15846 82710
9335 64482
63086 71123
1675 2053
67134 87330
11839 89393
21351 34278
52728 87528
8974 97000
10979 86536
77626 87532
37209 68646
33384 74836
41774 47709
3712 88449
19363 56016
41444 83247
19035 39616
74363 77002
49282 97200
11661 94834
1169 45679
16961 38370
17015 30813
693 85815
6734 23874
84021 91569
40586 67762
13440 44968
69558 73508
66828 81051
36287 84912
15963 74159
25732 99591
94372 96729
34905 92039
19507 70646
12220 25062
52457 94293
16878 90769
34207 84523
8927 62374
40285 49425
49342 51233
54424 68672
15428 18399
22531 73087
34089 45463
27842 77143
71494 94850
39044 58527
26414 66951
23321 66815
24000 66434
48089 84671
77849 88760
69805 86515
6547 87185
51158 84687
1219 7088
43283 47821
40681 85232
13168 41414
6910 49569
33152 78314
7073 53240
3433 84750
49214 75983
6110 8211
53396 87853
6359 56114
22974 59669
20582 35241
31629 75867
18186 47844
74064 85496
76829 86340
5459 8482
31590 67259
10872 55196
25172 67638
7657 56580
16108 84036
88045 96454
10581 41054
7105 54092
737 76891
39661 68681
30237 77297
23050 35014
10898 77841
75692 94965
3886 14183
38010 92934
49079 98594
19092 20438
3138 94049
64929 88209
70475 85200
46765 57067
5748 96141
40807 51646
76572 97353
70579 84797
17191 41363
49196 57285
47983 50747
24878 45224
26349 73803
36296 38181
69423 73024
9658 23229
40587 84109
52916 66049
41247 73943
67893 70405
10657 32478
23523 79218
55092 88265
10871 56363
10850 83208
582 59809
25000 26986
32008 53606
40801 78209
54534 93069
53466 88379
31138 75874
53885 68168
30207 83931
7030 64504
78134 86652
9541 82796
41330 79990
52866 56218
24095 63978
24551 73961
8238 84112
63548 68523
5153 97773
21631 39880
36257 73620
10782 69506
12087 30532
6273 36017
28912 30482
535 81013
2445 17690
24016 95094
35962 66958
13160 51898
23500 76884
85176 94669
7691 27692
17356 41702
27228 36610
68168 86691
82646 99511
10098 34730
8369 80572
6362 86591
18037 56575
80988 88366
16077 98584
4419 10925
20049 50581
25496 73021
1021 1878
21466 33581
58365 66316
25625 81350
43115 66736
34171 67764
257 90142
11371 18837
4105 25365
45732 98660
28748 36445
4923 55268
6459 21499
743 2608
38143 94875
2635 61772
21791 28855
74872 81551
24548 55045
49987 50853
13950 85662
12112 14348
32471 66940
43428 45053
13389 62394
23739 69757
14997 56501
12615 70185
10120 35901
70231 73756
33472 67397
41710 88548
22309 86030
37634 80331
57600 68629
2259 52892
25465 98232
21751 66837
15138 42369
17792 75196
23018 34220
31678 54095
30983 76361
62017 99559
17672 56117
79485 93989
69103 72237
40963 62822
7682 28518
3316 32625
1931 67053
39555 75333
88402 96838
8212 94062
37574 86683
12495 24658
70598 75556
8007 36806
9575 37537
83870 97097
62765 81158
27391 99141
22855 38216
33139 71579
15146 65722
41221 99742
54810 97004
90668 99048
20482 20708
5394 43793
59015 72528
25901 35705
21300 85205
14391 57432
51100 97139
39270 80126
40498 66708
60209 72490
55373 99970
60666 81506
7440 36838
54290 80302
6144 42901
22784 81452
23702 97207
64398 65808
51972 73881
10153 33161
630 33333
29237 57735
63543 85154
34366 53891
18646 35226
90398 99516
73173 81753
11767 81330
67838 78061
66429 78673
84375 93470
20033 21473
30373 43433
62166 64142
32060 57879
33361 77754
16559 28316
4938 33721
46434 51246
74810 94739
34493 56995
7618 63381
16243 23575
60321 66979
73893 77106
39900 69542
75035 81431
8722 55408
40035 50350
10180 41600
45154 80403
57300 80153
2585 4496
57989 59476
38482 81183
17960 54190
21061 67802
84164 92608
55096 74859
64177 96151
76765 88624
35556 63923
15643 48793
2024 76900
21801 65737
2864 87860
43236 87425
3972 69707
34849 63935
12718 21317
39915 99230
37542 89051
15140 77483
7161 32419
78024 79358
177 79428
88869 97962
17159 65373
58066 88265
35376 81216
33058 80098
51816 76869
59829 67614
96034 96686
6617 74021
16665 17965
65442 70121
2634 54973
20564 69753
72246 90792
56357 57592
5023 23640
67938 74502
12531 20839
15802 34326
1314 11145
32603 44340
2579 79968
70917 98042
2893 7482
8914 66724
39003 62504
41195 67014
46665 75113
37137 42642
45361 75594
26248 96650
61343 97034
48479 95767
40623 74320
18757 27435
15816 39624
82518 97476
39348 41541
22662 61495
905 36791
17716 26436
27673 67063
4488 4961
5230 13401
80898 95193
508 39724
68990 81695
30482 36207
82157 82679
17008 83038
28657 99826
19228 31554
21877 36166
26287 94437
2159 87368
2154 56771
46364 70383
47478 53179
59855 62892
94986 99820
13829 85736
48038 87072
22026 81799
54745 86663
55065 58576
14561 46731
12888 84887
65921 89325
52070 99637
22794 84466
2640 42939
40298 73633
31519 54097
18015 30051
34864 80170
3283 43309
39861 61729
43349 93734
34878 49986
84513 96788
80449 85696
10534 62224
2377 27173
49398 50593
59507 87547
87802 90852
28812 52125
89692 91894
39030 64932
77302 85121
29133 41525
2428 81998
230 15518
14638 35719
1452 19622
4871 27718
15244 42955
7889 57671
3440 88133
12727 97001
82627 85259
23887 69055
30610 46063
9836 61644
42590 58644
3582 24235
11874 55078
