3000 1054
29222 71839
73908 81168
18141 95586
2308 20763
61414 72781
9224 71461
45199 72904
1843 7748
6560 10944
28786 75753
51541 53392
34678 64278
37986 44872
43687 84035
74655 95634
33305 97661
3386 94871
3096 49491
24521 24558
15283 82383
11008 54979
52986 96012
13500 99353
11091 79106
13534 40969
31992 98475
47060 87876
32457 81575
18741 55407
67980 69088
3015 72785
53280 90153
21114 91846
4944 44520
9092 67817
66768 93306
35960 69791
14551 64089
10930 71190
33801 68524
18547 51987
35181 69281
71688 98085
24855 43494
67118 69299
65623 98498
20835 25121
73612 74137
15902 71393
27402 91799
15256 18085
34038 95275
55325 89097
6303 23747
13256 55597
26499 96228
42921 47835
51374 58012
26189 77608
13 31565
35688 38614
61647 98178
4342 42222
15442 63285
12219 57641
3342 26898
41583 65053
42191 98593
61106 65676
15455 37926
61278 94646
23668 86770
48087 67275
2798 13542
42985 43307
349 23866
2295 31387
43267 55371
42337 89442
52200 96665
4131 15506
56466 96468
15789 53887
61374 87722
48607 58002
23751 85272
9905 50429
3698 28047
9364 62143
18838 93913
10450 98152
47013 81598
60237 60911
2647 18489
19411 95121
8763 95316
18983 70195
6528 82443
21704 36614
38079 81638
12390 48339
18246 94384
18170 60055
76732 86074
27683 31001
5656 43481
1701 18573
12944 99772
65829 74444
50171 52928
50640 88043
17102 71213
11680 46856
18537 18857
22696 34390
8965 46479
1440 33962
21299 78987
20204 81083
70448 73648
5588 29439
65405 80610
886 43955
38481 75365
20500 60520
1519 79768
1175 7324
53919 72530
35060 56972
8264 28590
49955 88581
78946 89345
72720 87034
21656 55910
44691 65101
63634 77227
12575 34157
26262 50203
39046 80054
19409 75031
26254 94564
11479 35963
8818 15699
32298 46802
30207 90275
56645 63917
3766 13598
64861 68610
1247 68383
4516 26797
91142 94473
3818 97610
8809 41516
52257 76160
11583 15922
25292 49065
11813 48760
20494 28357
32560 48442
81286 81401
80548 97110
35177 88008
49864 52275
32463 80264
29522 44349
12151 59230
65302 66198
17689 64444
23570 56556
73516 99263
22781 88316
3060 46758
45088 51885
17927 90673
4329 78592
14181 67237
48014 65728
12562 73480
30635 37088
2880 83754
90020 97029
98950 99628
50847 81143
7943 86248
38975 47920
8641 60600
5153 72253
19108 70253
20612 93034
12584 85596
16180 46023
2421 38718
63545 89173
300 17206
66660 90173
27476 38119
14686 57976
11385 23639
34241 48224
3343 58330
7619 61962
48731 80416
58654 73687
21462 82261
21568 60287
46967 76195
29650 95003
57954 83610
88701 90231
80760 97202
17646 94508
39751 54116
58166 75726
37014 43688
27077 28457
9173 93276
43698 67134
84382 87993
26104 66040
45517 60838
17050 68141
8538 57217
46371 86793
8378 19055
7551 12401
4700 63241
4173 9419
60878 79881
23055 80094
28119 35001
35680 85847
40552 80640
87715 97476
46970 52414
32468 38091
30087 37979
21249 72221
68963 76055
8793 65348
28050 68497
76910 80948
66359 89523
41805 91939
60878 70381
25536 82089
13462 40996
6459 29076
10672 94660
7986 33310
23765 54658
11849 46330
29079 39803
2549 70149
64255 96869
22359 58565
22610 48998
44526 62916
74582 81325
66370 81995
57865 79075
13519 18084
17255 77491
50285 66849
35647 48905
71382 84284
34077 74481
50966 81736
13551 37365
46824 85759
58366 60615
5154 43585
13305 50252
29967 43530
70753 72155
10733 43307
13855 20558
1892 75286
8238 76577
24316 83261
36158 89636
5129 85078
67112 68053
68456 81439
84634 85400
37455 87954
34074 51079
11329 69579
58682 80595
53664 75694
29560 52307
4423 14493
56271 98225
33880 91876
51770 53773
9800 31437
64356 69000
60788 88249
28147 66504
42954 93438
40321 82964
34684 87816
14461 61673
15947 75288
15216 65881
20272 72086
83132 98506
19044 42004
33319 58869
40396 63905
15731 76514
23969 30198
58842 85019
9718 93360
30425 99396
54484 61877
29681 91649
27821 71103
15392 33626
13382 33601
35228 59383
67407 98119
71093 72228
89489 99370
15015 89661
11965 53881
39284 81800
51534 62499
68899 88199
17579 81414
14551 96960
28535 68367
6972 40414
40003 80534
30273 75810
4881 5712
12405 90253
57218 97221
14332 69840
1545 14046
64075 78811
9391 83693
77379 95889
36259 65764
45814 65881
12031 87807
70573 85095
3791 81488
40660 63120
35483 62855
20645 45618
23514 54256
6533 74166
61844 74297
45606 64473
8815 28532
10349 18379
55726 76138
89746 93795
7769 45007
44526 68359
59148 84001
18995 40200
29752 84747
43639 77077
29821 87079
5971 91033
18128 99830
31059 67460
55858 81186
46574 47737
68997 94422
67030 73547
57320 78853
6879 53024
12997 77193
4203 90936
7993 74847
14509 59645
4131 57245
40099 79148
31537 60817
63331 87647
3052 36490
81526 95719
23853 39000
22161 39784
20310 41736
23862 60217
5417 60580
65665 77396
59297 96793
23824 40275
8534 82299
9220 86968
14652 50837
40907 94920
9370 44773
11947 71074
28865 91924
28058 47633
11436 15103
89704 92053
14393 92360
67318 79546
58393 75138
64263 74785
617 72443
71050 76822
17684 69630
19329 26178
72146 94584
22185 52346
64595 95107
25888 50185
16201 53398
65086 83882
81266 82771
6398 67780
37633 51246
26962 29357
20552 70954
1328 23590
45245 82838
11242 41022
54299 66298
2084 18872
70406 83141
3422 99930
20879 43637
11708 49194
47602 58389
68774 94285
25980 95759
23559 96622
48800 81846
55955 98841
18690 88246
68125 71434
48317 84666
14809 43987
7529 89898
12345 88903
27321 96522
58255 80010
19004 75189
24838 78231
54281 89799
34690 85641
50826 57619
19902 68747
35590 83220
7050 53379
26187 84074
18335 79826
73919 96986
74989 84579
18309 95740
72541 77093
44083 55425
73024 81576
24752 47491
70308 83479
69749 89759
25938 26432
20961 85580
68987 81026
43574 73204
22254 51609
18054 61191
17893 34002
13170 77543
45010 67189
43252 90806
11072 65686
39825 53178
6867 74910
46849 62259
14603 82225
20497 43094
35386 59897
67753 85320
49340 75148
24619 59777
14193 84511
25920 63789
15342 43699
22730 91673
10537 49851
31171 81367
17735 92845
53661 71641
21807 52858
40290 43410
26122 26608
16207 51032
62461 62971
3851 94221
25006 47499
18065 44391
93012 97648
60115 98187
47992 65459
3987 95141
34681 92488
1252 3268
27730 93164
27372 92459
18195 21344
42334 82457
48802 66031
24919 48158
24722 60231
35313 40004
17000 32217
737 63992
3157 92520
17605 63585
16323 87120
14484 86956
58939 93286
4221 48403
31199 79015
21100 44580
29449 52445
78400 80711
32515 66337
49027 73842
27928 90216
82807 96862
18595 66102
33919 95939
7890 43484
8878 9095
344 1162
4717 68095
38519 49498
30075 85484
20092 76602
42657 66508
55100 56342
56312 95995
3262 70798
39266 69689
30734 77051
337 90386
45216 84802
34836 53481
35657 71381
88681 95075
41069 91325
5333 49537
31040 43743
28923 33222
41683 92051
45552 83891
14886 67850
45079 45285
774 44052
71523 77807
25840 43689
56929 73855
10685 73088
61429 88869
40269 82748
30842 65157
46941 94471
20656 87019
24467 81666
24057 65016
14734 64442
13439 42455
54170 76318
91139 96292
57092 65121
17656 43564
5167 70091
38372 68393
7956 13946
8099 50312
41366 90956
8017 13011
14836 43717
18552 30863
56571 74719
37465 70757
48080 67644
59590 74001
21689 93193
20976 93200
21883 50205
17062 94500
6249 73294
4069 17705
49117 68900
28331 55021
28561 69709
30849 89587
3594 30725
10930 23936
46056 97458
7390 25077
57941 61499
49281 67534
57306 95199
29896 68007
7319 37741
36333 44724
60741 88546
50170 91830
17936 66728
18720 87270
25426 91177
61235 94044
1324 29792
43566 51664
3785 86711
33644 71790
88568 93720
5932 31933
42701 62102
18097 69082
55844 89244
45189 93973
13049 72248
1129 9737
82917 91613
61112 75424
24346 41080
48449 99438
5881 15156
76277 79738
10275 51175
1892 45666
21526 33541
53760 83141
58974 96853
82709 86227
11888 30661
94593 96711
24209 79320
35923 78783
13928 57466
9758 68324
25124 75635
4104 33823
54066 73316
17944 33588
17402 17603
22794 99835
20188 51855
35552 73476
23619 68014
3147 78887
24557 49805
46030 74982
48451 98009
26949 37367
27753 37579
33852 46596
37209 92412
54022 88305
1687 42072
63386 80580
43610 93343
1077 26921
2845 73823
6779 65855
74879 97217
35719 97386
8990 40914
59661 60344
8372 91843
37662 63089
48083 88106
10090 10284
10254 37298
26321 47532
42122 71359
75390 91341
41660 49457
41832 46791
19810 52355
10528 93618
69617 92917
54264 63921
57984 95121
3512 78698
38798 96484
43491 86297
35344 57658
29021 44274
18489 44321
55692 93931
36614 50980
69243 90155
8350 16875
22480 84427
49609 69546
18386 88197
31948 51759
53715 99433
2062 42066
53661 66826
20677 89170
25415 38158
70626 78750
5151 95270
9009 40906
8750 55432
54779 87775
17883 27840
57271 66791
11010 65104
5786 32057
49207 49511
8119 92786
7902 38002
6259 45051
16000 20164
27322 48605
8649 14743
6662 56844
49236 80489
26552 58261
70022 98666
32728 71308
13829 73658
81035 82324
25384 41385
865 56024
72007 76729
29283 35354
40637 75753
30505 32096
16107 93120
69884 96601
36577 81838
40381 54822
56060 78543
41244 65063
58799 67797
6793 65139
29176 76426
8373 9037
55437 92162
20575 99023
2674 49643
87327 97132
53665 65336
7696 16939
26336 71120
87449 92996
39935 74476
44997 78419
14431 80370
14111 95781
66975 73932
15744 47926
67071 91646
6897 33241
4865 52055
58421 84038
36691 89811
51968 73444
66455 95683
83827 92551
17282 60266
13666 98815
48683 64046
10560 62636
30951 31567
59870 63490
73896 76910
72705 81913
34318 81837
21686 91550
73076 84363
3174 86713
87205 99596
7516 39060
25680 63563
5727 15785
17509 54515
55380 89802
64583 64887
59241 71895
2530 12410
55946 66779
5143 74839
5936 12259
18610 38512
13657 77003
85522 89966
65010 83329
13080 15343
13651 47607
37541 46825
61639 91126
41635 91924
17551 50336
3386 30289
17659 99988
59914 69664
1998 40296
53497 98149
63750 82049
9726 34045
29947 31842
24845 40546
2141 69818
29588 66095
16172 41305
45591 92883
14105 62148
5816 27737
2027 75029
60130 78399
34228 75628
65651 84683
67598 70809
46028 69675
24494 76021
16613 64967
22648 72677
40630 59138
23418 93147
5892 72685
10436 19247
15385 85916
58792 82134
41144 65039
9128 37975
21278 89715
14366 94183
9513 13151
55284 95465
29186 59227
16962 19788
20193 33287
13582 44515
6914 17408
27908 57863
35731 75809
21405 58978
27574 42875
27596 73699
8783 39309
16696 34780
55707 97523
1220 99074
47607 87201
20404 54880
7574 47305
31725 72011
49266 95873
23271 84252
14391 61372
26559 92744
26677 50933
16655 60635
20650 92341
37140 71501
46426 52684
27866 84971
50356 62157
3957 55742
52627 75242
36826 39320
32463 74838
73795 84802
95538 99205
54115 64711
26613 97820
56040 99463
50449 74989
69018 96408
54964 61132
52046 75275
5097 49027
75289 78082
68611 78098
21653 41669
28936 78056
71732 91239
39860 57614
5721 65785
6163 63230
18657 59747
2978 96945
38027 70197
79617 88982
3829 89927
8035 54034
52111 57631
80425 90628
37109 84486
37041 84942
56484 65127
90264 95539
14027 44353
20052 84815
25929 77239
28858 87627
37627 93606
24130 26941
43076 99668
82126 83440
4983 59932
4092 83177
30274 60259
68904 76269
54948 74473
57388 97266
72892 96573
4461 69597
33945 69704
15959 50286
20885 61939
2355 99492
73919 87679
19519 49713
10563 55202
25637 65519
36704 44399
20430 71610
36609 60738
8957 27011
5885 66770
49983 60600
31323 97644
967 73379
45353 55186
39618 47800
8238 87030
17055 63835
26699 39849
8075 75373
53512 59558
250 52747
11064 22907
23149 41587
24232 91478
37063 43997
79438 92353
70480 81531
82435 98422
54498 73048
61392 99394
19325 49901
24403 32584
22370 77717
51 26058
57325 64549
14243 79636
47735 97505
3845 40282
66124 97631
27510 93078
32988 88954
308 74619
50173 92770
11364 51491
72552 82777
20766 27677
64302 81406
33605 41585
41567 47097
39258 76758
70827 77331
35713 65265
24800 25587
20611 53477
21998 63210
48787 52622
20318 50478
33547 47323
27964 49488
47584 60631
67462 76026
41884 65541
29238 76710
31573 43137
24108 49326
17675 42770
23943 93326
11708 92508
5163 26444
58809 83503
2940 6344
40041 41195
47751 75887
39886 70617
28916 67872
19508 86278
83049 95563
23082 44992
3775 60590
4161 69806
23041 91312
44954 60801
39533 61082
3524 81295
20618 80595
64691 67070
28931 47328
1764 36366
60453 89878
24330 58858
11095 41784
28992 57773
55957 63617
25889 46235
426 40369
46692 75337
46756 93159
18419 50434
2569 5920
6594 45692
66789 96424
2455 4110
6963 64095
20184 87121
1189 17308
55497 86698
20147 55849
37719 93724
38857 53173
30378 80165
45164 93936
73750 91366
55312 83044
13948 75841
60003 80735
67039 76357
38438 76710
4080 22918
36651 69069
13099 55876
14865 87314
66183 99985
2788 75506
48573 67400
2759 63028
72667 77543
9513 81086
44642 88678
63 36140
72849 87215
1664 32261
14192 71504
30995 53087
54207 98115
33492 55698
75980 93152
32510 36672
40717 64728
52285 56403
22758 75788
21323 60106
61926 73004
4366 54501
11629 60111
42469 55427
7409 98096
22648 71394
39989 73991
33238 58554
15085 53570
2576 67561
6776 55462
44948 82298
21800 68659
50217 73189
67771 82946
57494 92449
29571 82286
12884 44604
10445 57531
50946 92206
12018 29959
48579 86757
22130 25512
49617 79814
6963 46513
17811 72585
38300 76841
10059 77150
17767 95162
87336 98098
42046 95020
3770 72986
44611 74517
38177 57417
69339 83502
8425 27124
30764 86512
70904 79298
44528 88582
12712 28655
33604 35070
47246 54820
35747 39975
1276 64451
10470 52729
52246 81760
46861 51826
2898 74001
13950 77332
19567 23654
17234 57154
21130 73758
43211 67889
1471 21074
42225 83777
11859 91739
14932 33368
68522 85141
14429 83553
40547 93333
27072 38311
13418 33532
79622 96800
28456 74107
3381 61053
61614 96907
9648 26448
22037 22426
16310 68192
9432 12765
29480 75860
10086 57748
6128 83111
61359 85916
1826 52172
32713 83398
45277 81019
51443 64551
90508 96779
34587 48805
62879 76502
377 97112
2319 15550
83418 93747
8436 12348
26390 41795
20634 34769
61377 74057
48016 89943
5625 86133
39367 89266
64285 87375
45963 89872
11261 77449
14334 89784
16374 99876
32802 55753
11323 24403
21312 67777
2150 65592
5821 72496
7254 11166
88529 96828
44701 46735
6858 45287
3041 71626
27223 70983
23734 78469
26018 71310
488 97586
22850 81835
2087 42127
44830 54578
53052 84280
8131 96896
50344 56295
53657 92784
2678 23873
49169 89325
24005 54556
55162 71219
51629 93824
89862 98618
73311 88877
17967 81822
17861 52987
58104 87980
20147 25723
62586 74813
20628 81054
7658 67685
25741 48770
55883 96586
1209 46929
44816 63229
45796 61841
72734 72824
25931 92579
24622 89463
35452 48523
2559 10656
66017 89305
10544 67880
77642 98894
33656 68857
18330 51773
416 15098
7618 85452
16636 81863
62186 63742
51141 94493
13969 84920
27970 32913
35887 55970
91970 99967
60498 71817
42743 70848
30476 44150
23724 85476
33309 63584
58363 98090
3232 72423
77138 87827
15532 86455
14002 44598
1634 14311
56855 86297
54584 96441
33946 54961
52241 87838
42633 54773
36532 80835
5594 65303
16929 81748
14066 81596
15824 97874
15012 42775
52375 80053
33184 39067
38304 96557
39379 47415
46807 46817
50646 89929
43073 45497
57771 95096
20173 26352
3401 64972
9868 87822
79830 79866
48178 56316
34728 75419
59120 61839
16738 19485
23848 57122
17215 47811
47290 96348
12240 36518
76821 94318
57257 60515
49493 71966
2545 83546
21956 59706
26186 80031
46502 52630
38832 62587
31895 32985
74239 95595
14343 20800
44738 70154
58215 62273
23346 46294
18888 28310
40616 96476
46499 50447
39317 96312
68331 73602
12999 23813
15642 40771
16913 60139
89608 93055
44636 92239
24769 87803
66020 91148
49671 63568
26205 63553
11451 77164
29880 83671
13952 89966
38121 57869
29504 32232
88062 89135
14885 71273
21555 82651
72320 85411
32491 45445
4219 42792
20579 47307
50240 82109
21539 72559
24452 51788
16666 42599
22625 92998
64271 82220
21016 27362
2674 25074
20885 63640
35612 54675
241 81199
58852 63710
222 71066
50894 65317
24544 34217
18391 40144
66165 89840
26121 30602
45522 70346
42921 47879
34935 94739
1769 3658
52598 68156
79832 91809
65734 66857
8104 74627
39951 95203
36891 49238
27487 77787
48185 53058
18749 38216
3652 63400
51572 80821
13114 23842
38125 95073
15335 31438
5650 40632
11979 86694
53391 88634
51391 64656
44415 93859
12653 27116
12031 26234
31762 69804
62398 73637
44034 85514
70195 90573
2366 41375
25598 89599
26508 53262
46142 94188
25854 92594
4189 16777
7294 63822
81481 99640
50991 58174
88369 92460
19628 58455
43824 63716
20138 32765
21704 29454
26301 83338
49113 90909
49133 60019
76344 92481
10746 16182
16597 90897
41679 78463
29646 42753
51108 81901
59660 82467
73870 75569
2284 8090
23239 55594
12725 71708
26218 87428
764 56916
14053 35020
47017 51465
22095 62918
42237 79779
15762 88741
45092 81940
46053 90713
72145 96709
9633 81336
26578 66395
28914 79708
37179 98461
8739 32582
5547 43072
75029 75537
14523 69486
61915 95588
90068 98649
8839 91410
8018 68182
94545 98153
13426 21541
8609 59216
53777 55303
4047 93403
13308 34040
352 92414
68025 76896
23445 45631
53158 87004
3562 93230
68541 76267
79977 97049
35428 62557
53703 85077
32084 70362
44788 46075
23309 82832
16106 70404
20269 60535
71449 80709
73057 96603
32141 39661
29131 42205
39788 78184
69126 93159
39514 97227
4131 43869
9237 22312
19258 55971
55157 82092
23564 79371
82775 91909
23411 78444
659 83304
74697 75360
48143 60903
13992 68465
45700 83214
4936 96297
62221 90336
19077 92177
64971 87804
85072 99416
27681 87812
23126 72701
14363 35024
23202 79862
94231 99588
37922 44379
27585 94444
87566 87889
63462 71090
42268 94908
29689 77160
53200 85102
32040 49854
61863 63776
5354 43285
47889 69180
38899 49304
26639 93187
16355 38427
452 12986
60706 67623
50782 76937
45701 85105
11651 97465
76240 96729
35561 84186
92823 94438
84848 92419
2118 90205
42939 96070
68805 72230
42961 51411
10848 61952
82020 85302
17979 66862
19295 70973
4028 72925
717 73523
51072 64333
7049 41250
40461 68133
10304 63461
48150 79441
12273 90377
63253 84970
55932 59834
23886 67054
63624 88950
62184 93639
9465 98210
3502 12330
85040 89331
75026 97373
92631 98973
17196 53827
34663 73026
13430 18609
58655 78837
49472 70209
73770 74965
1622 31036
18877 75895
24600 48636
42768 57540
34905 62243
52753 71124
89801 99844
4199 40231
23398 31260
20140 46264
36973 80411
675 85870
29606 47077
30825 91161
66717 75476
10856 29374
62014 95317
32996 37348
12294 32826
25181 64416
34446 66478
98809 99986
36183 57269
44660 99112
17951 67080
22246 37918
46285 81246
29482 62808
45746 91451
16536 88618
7246 24618
7443 84832
33078 47816
8067 79950
26784 41624
42878 75453
18626 22667
75733 83725
50479 51068
47452 53010
8023 69140
3887 8187
666 19260
64460 93658
20624 22828
1843 52893
5620 53279
27764 41014
11689 46851
9259 27469
53928 70424
61598 61627
69654 75947
56370 77410
39343 45758
13296 57542
14598 28053
32074 73204
53150 76814
22227 43189
87520 94186
37315 69749
55248 89872
52325 94500
415 30076
7700 41109
68642 68788
59902 97097
42946 96044
20548 22631
38933 43539
67056 90314
45546 55020
26530 53322
38813 76536
49347 58225
69441 81629
46071 77844
33084 59263
17238 69557
77167 92641
28208 82487
8521 69108
8257 84579
92504 95936
90344 90468
31443 96382
31366 97456
60808 88657
971 27739
38862 94886
13733 66360
82169 92145
43940 49130
30967 98693
4400 64977
2672 3236
6546 61624
5628 40344
35980 59467
1 9254
84445 86821
20156 45573
36327 67643
27708 35135
5792 91769
42926 75224
32922 75014
12097 64412
10011 77954
71735 86779
55566 76607
12540 57430
1220 21569
2477 41231
9518 32997
28879 55649
12206 93016
14075 25191
30968 55296
3313 95846
13197 69492
38070 89954
1140 95628
4190 15852
12527 26122
50539 85406
73387 90331
63331 74737
20357 60363
9165 83325
8416 48025
11283 53491
37138 41999
46510 59027
39945 51968
7366 78316
5747 77201
16340 61366
8713 31171
5728 33480
10267 98201
11761 16799
2729 34749
16392 48804
20078 44069
43480 74530
1396 42897
31746 61844
46394 68988
17412 20142
71922 80214
64694 93213
34193 63263
13320 20519
16285 60798
13403 49872
80151 97564
47515 76811
4987 24679
6280 53524
14315 86824
46037 48674
8458 45156
32619 43762
39454 78924
28261 99720
30478 45957
39272 87024
41468 67369
5439 29970
88111 98570
60015 86456
71979 80712
13305 73444
21450 23697
20241 61063
71923 98581
62912 94063
25552 71364
24313 96309
9961 59669
18347 72809
8087 81770
87048 88793
73287 94043
9129 20037
87469 93319
64538 97811
38311 87405
23086 43157
70738 83388
67307 84013
34095 57873
61880 76715
16579 71328
33558 70390
7950 63663
30556 49015
16736 54037
82896 88886
51133 74983
24250 44131
30652 57945
47188 82530
18427 50956
38331 39220
8889 29868
2594 20302
34577 56913
33591 64329
1493 88460
85938 98964
9780 92508
5943 36712
61267 62114
49609 69028
1978 41938
22012 78243
20657 81061
60361 80556
36278 37224
58012 64639
2928 3756
43283 74421
15315 87654
42528 97978
30016 31366
10412 91121
57199 81401
10042 98132
62648 95765
20900 25546
42777 98727
18708 35741
43823 96100
4121 64658
64076 88900
43659 90797
24835 70774
53115 81999
398 86038
2721 99323
69153 77186
77849 92173
39945 61975
39507 73420
27709 76256
22240 72344
20443 50778
72558 82443
36473 89572
1081 28971
44590 85127
53828 78468
112 10360
44762 96891
51465 54498
32369 85966
2090 41466
60771 82915
78830 98272
22886 77141
33080 46589
6506 36540
25933 95048
19284 98961
178 51062
5739 82507
36033 42695
10577 22767
18035 98352
70039 74393
10541 34198
45530 93543
28841 56273
40491 59800
19973 85409
24321 74341
73949 96096
56483 76151
3647 53116
18113 93707
32134 89968
55128 57884
52561 69642
29315 56059
36702 49572
50179 58083
64026 98182
1508 95190
44320 47286
49809 66413
16819 34310
53826 68499
9194 69417
45182 56452
49788 64425
29790 71785
63410 73040
12657 68532
82703 90398
69817 91234
5816 78523
1728 53258
28074 82413
3800 59174
16365 47576
13181 31753
51986 76401
17718 47160
11391 68074
41956 43637
44447 53424
61622 80223
36758 60572
22339 71938
53617 71237
29289 87620
27711 90079
51932 55996
33955 98675
49519 99765
44970 73306
1910 96431
26284 55151
28560 68733
49012 61157
22306 63463
45779 72990
31334 79220
4618 32872
32034 59994
70754 93534
3390 30461
43053 85534
15202 98107
68024 86243
40097 74429
20660 59280
36324 61005
9167 41061
21005 76383
73098 85507
23341 58200
44532 68776
20527 77050
40164 98532
76950 86250
39837 51823
14037 75962
1552 15323
87367 92594
63883 97522
10357 15031
44697 82316
34972 82680
9112 82782
39756 81953
65224 84961
8022 60452
20784 25584
21093 47703
4689 18454
4204 68282
32930 67460
40225 81324
10703 68489
5939 51142
32976 50342
20308 79149
7160 41543
41639 57498
44302 83112
60582 92753
4393 50051
669 9270
40112 48224
6606 8582
21376 82859
40832 59203
40839 74335
73950 81660
47940 96879
19591 56236
27773 28105
48658 53871
11288 39078
49046 57929
29755 44667
10498 19268
148 73285
31417 48282
34795 54893
67887 90876
13683 79760
21719 90404
30324 55049
56813 62225
35408 50186
65287 81626
79444 79638
2126 15626
55889 86347
40474 43905
51218 66305
3792 67877
1758 26237
4754 73733
64627 97763
1061 83634
70681 78095
13799 15667
28439 80936
44415 48081
53702 69325
68184 89368
2438 81157
32909 53767
14189 51484
34605 85751
9993 60616
27742 53465
38979 74558
2964 73943
16562 93259
15319 42661
81327 88121
54207 85835
64760 65225
64314 83190
36512 87205
11094 41503
12927 90769
84092 99914
5906 27980
10616 40541
21812 27320
41103 86045
2931 90031
19470 78097
23801 94381
55341 79062
840 11851
38579 39611
55603 93982
8537 57269
52629 92444
76549 83450
44327 62066
44936 76677
47321 48528
14562 35509
14926 45622
3279 53970
54894 65730
13949 49106
7318 56381
3060 91875
42746 51611
50111 89117
76646 82356
10377 75912
19174 23402
11814 57677
19316 73303
9274 45261
80918 96201
559 44922
15254 40454
61712 80590
32133 62216
10718 95881
338 83105
7786 46596
67195 74224
41591 84581
12709 43933
38039 51614
47001 96554
41400 68729
30176 87242
10280 71185
24380 45415
17074 97712
53271 79842
14429 90384
13441 53149
31641 36766
9962 59909
9235 27688
20791 41995
54605 85405
52429 87938
652 88085
10356 15492
44257 61606
6004 28271
46514 87281
20913 27567
52249 67784
29666 79245
61869 91141
6857 8397
72826 85041
83393 89963
38103 99638
36507 36827
9181 79058
25653 64489
33830 69683
11017 90060
44544 69040
12639 61675
22277 43041
37885 39472
16828 65727
6541 44105
1815 97368
27821 30241
21506 28447
19158 39416
5222 44701
69458 80564
15544 92329
12974 80185
36881 54365
34419 43610
57704 71353
25158 81927
35951 94473
4133 49066
55526 88984
25990 27707
26180 58777
28312 30490
69812 72166
10320 45044
51460 73912
5558 65145
23833 56458
48460 67303
8317 70817
1238 77511
44148 71337
23960 77459
11473 50445
13338 19012
11486 36757
4682 50127
6463 60473
33818 36154
87335 98268
11656 99722
25239 36837
14487 50561
48448 61922
20495 50057
86228 95712
63148 65519
16356 21011
11487 13641
35397 50605
25952 85372
40610 89578
21211 22723
18145 49714
37557 93457
70338 97606
14960 87288
17521 45556
22800 88362
60988 76006
41174 92033
1423 8129
52494 54036
67870 87227
16395 73036
89832 96842
68591 84126
3590 26040
11651 19685
26146 96362
23172 99010
36374 67088
42170 93804
16737 43192
4358 81247
1329 12764
13720 22234
39170 92237
10925 69319
65393 68847
45257 89689
5954 45789
64130 66409
11294 89014
67755 73812
17939 27270
7977 74290
10461 27745
81140 97199
6317 18451
11970 18435
49214 68140
16131 71561
24691 55978
27928 43654
53918 57722
247 96392
34453 78985
6360 31064
42127 44734
77000 79075
46841 85134
2003 51441
39368 54215
30246 44362
35219 52105
11297 30046
27158 50173
2261 46778
2800 54248
19608 34461
40444 72388
15732 71946
1278 21628
3315 29830
82888 89548
2543 40886
63366 86974
77495 91553
9149 94157
68935 75952
2487 23135
20024 92487
81898 85602
22789 26693
39302 97825
10533 12085
16499 22627
52904 93520
24638 59140
20484 71527
11597 92393
23004 98760
44253 94378
37467 98507
25872 49924
35715 99918
11129 39197
14549 79851
13454 63180
49649 81993
11438 46626
38284 84081
51204 62320
71930 97039
30219 86513
22349 60071
61164 95692
10070 33181
11059 81913
69839 77256
41352 87782
35680 67521
8192 13331
21839 50467
91350 94953
75859 94969
12437 84889
47809 64206
34621 58682
1184 37528
56624 65483
51982 82176
14526 25327
66441 69026
13711 39756
917 89030
75946 88149
32591 73947
29175 48548
61218 72495
45727 76718
49684 98029
26138 39391
8499 22382
518 28345
5951 87794
24948 97907
89274 90437
11868 46663
30352 60289
49390 86821
21016 64431
56536 76336
25756 40070
3118 18012
57845 77579
20626 78347
27331 32997
8447 81661
18565 23641
75583 77047
6623 63736
6720 75229
82039 96136
3736 55532
17318 58691
8281 57639
36970 76753
13706 83160
25860 67796
16575 65166
37065 51373
51087 55700
5319 43675
61171 73180
68493 80587
3276 58856
84905 87998
2528 72704
47612 82308
14782 48888
25778 38315
4956 58981
29992 90053
4597 16941
50725 56367
46211 90837
41379 43768
7441 76634
63895 72390
2836 19265
7801 9613
67219 93349
82111 82286
29631 90735
32867 86034
29221 53528
63987 76199
8881 37645
33126 46089
11638 19820
47589 52685
2575 64798
3925 19306
1053 86516
31881 36451
6020 68502
24983 91410
8287 57205
43254 75050
74352 80290
17640 85807
52578 61851
63367 86395
54336 61847
28233 31130
3225 21783
66325 76791
6107 27154
5710 53981
9321 77323
30937 97106
12453 67647
42262 56906
59764 88662
678 27049
5902 37948
11987 63624
27409 36095
48895 82861
25768 81155
9042 9548
28808 53660
18356 60124
9456 23031
20836 54707
37737 89391
6060 51455
19710 88640
33459 35190
42157 67427
46344 48048
5116 29085
20967 78437
36997 72392
1210 91651
32568 81574
12359 95056
48758 85551
29340 56872
44210 93378
13542 49882
58606 90788
19411 69115
23528 84074
87617 88890
23769 85639
11079 45452
48670 71937
77120 82503
10303 33332
28860 86505
1339 32644
54537 83939
79856 93148
32320 52539
33704 58725
18113 26376
9628 36791
59300 80196
3226 65953
66371 92687
70616 97054
11227 99669
42519 83751
21242 79228
62440 95383
13990 68325
57875 77353
22814 33373
33076 40747
25317 91838
16034 88468
22742 59231
17635 52204
42865 86106
21990 37603
35312 68657
16280 48872
29190 35280
59104 97958
22091 53927
44615 62488
7733 81554
14161 79466
311 1013
68837 84504
28279 65535
5261 51407
39433 46904
29596 55966
5205 28927
67098 91713
66734 81244
38598 85189
76483 94274
39192 70054
38219 48354
19461 21424
51001 95657
35951 59014
60475 77895
11641 21288
79776 98101
65243 67976
2463 58863
23108 61455
8840 46805
54652 72337
9780 12863
73 98666
1948 77984
8502 95054
4484 37495
38356 83392
38124 69194
9578 44466
4406 6706
3524 33348
9311 35252
40552 59030
4836 12602
21518 70724
30982 34279
5874 24222
6530 19988
65338 68423
61748 89489
14741 57512
87021 94221
56717 68520
16874 74291
63875 94512
66060 79813
4924 44007
13578 19366
50945 75575
21482 26215
21110 34761
21718 59296
52985 87607
59710 89551
3986 47555
18131 75780
56784 76879
19855 37999
4473 69102
67078 96187
28073 93335
18620 43824
20306 92903
4301 63371
5238 78477
47237 97398
71918 79333
25848 47457
47620 76660
57954 99570
66544 91644
24736 88251
69083 69197
28197 31664
71841 87906
1633 19736
18589 91654
61959 67659
82638 98621
79479 80117
86249 97604
38521 82464
66769 96107
13527 15835
84628 87638
41586 97261
7738 17062
50582 56507
9158 35939
51528 55798
28475 83735
15771 33601
30976 71975
10539 21073
10842 56882
37505 45595
38604 72203
49004 87272
42104 60395
12988 32934
13553 89709
8420 95492
18173 24009
62225 87731
7425 61293
21468 42292
14238 95418
16840 30196
28252 30220
56544 62670
3395 17958
31819 86390
71134 98857
67781 91771
19915 21091
23638 66078
65488 89469
53183 76126
22386 50781
90718 97885
10579 93120
2041 28287
33839 57647
62999 90439
61856 86693
85239 90997
68827 74226
34317 87032
27686 93094
26120 55875
5253 17417
11001 75398
13179 45880
26645 63619
28397 35596
20509 26755
79833 94639
32821 46356
51894 70255
4842 72234
7721 30929
30235 77331
71669 97606
59355 91588
15247 93568
24746 58901
60269 69283
36891 49239
4329 60042
61735 96244
58994 66055
63635 97234
19310 65431
22868 27374
74149 99434
14697 66859
52200 75895
17888 77058
30106 44177
69031 92970
16495 81088
9031 96850
54187 82103
40774 55737
25965 78824
51311 99360
74302 96163
30150 98216
11226 19703
12891 68884
77640 91182
48214 57219
73078 77259
80307 84594
5570 26787
12146 95315
41236 77678
16688 79378
62914 80211
55577 90668
39008 48289
55989 59027
67863 92340
888 85122
36734 77835
18718 59793
23268 78876
13175 91840
6182 93116
34054 65560
59579 95723
43797 65386
38511 66106
6267 27950
7820 39227
51916 89506
46970 88080
13167 64709
29851 98464
32490 94789
68621 86526
52629 86847
9540 14128
4290 54710
23928 84309
12859 66695
15053 42174
19495 45470
44453 58701
2334 63618
39584 74131
18147 93796
75184 92520
89915 92631
82177 97450
80274 98820
18964 80664
19526 50022
21383 53284
29716 37024
48802 63984
76337 98041
21849 78960
42798 48344
64696 80860
75982 78725
12898 90106
75346 99496
1291 73137
46695 89023
26452 48533
42113 84624
24448 66476
30658 88013
7662 35630
73457 94229
19531 73870
38845 94436
16786 92392
45787 58095
31939 88718
28020 64674
37259 43808
24814 38204
47000 91192
31892 77150
129 23938
26020 81379
16245 78613
44037 48690
36182 80203
6806 81259
2925 73678
64157 79740
33817 51143
21217 75331
60716 84742
41698 42452
37452 92425
54691 65962
3399 20324
22630 90687
28101 66245
31849 94890
55110 69045
62422 65726
42528 89358
41743 44114
5278 32304
60631 86195
10507 32833
40740 76218
550 59684
16034 93711
73268 86932
18317 88155
44027 48922
9179 83303
36891 65560
23180 93119
381 11748
22387 80038
9667 90661
40631 41715
55270 93991
43599 80502
11387 96622
24813 53412
54964 98060
70357 74387
44315 90069
15569 57025
48 9611
38491 55388
15418 28732
68195 88874
66331 77894
3292 10483
52364 62654
75373 96305
18985 94647
13490 97547
33801 85443
12122 58504
3256 73094
40219 84955
66578 74972
39647 41120
991 69688
38518 93014
40735 57705
13272 82318
8683 59545
77949 99582
4911 83048
47488 70662
13363 92880
10228 90511
28560 73885
40799 46349
70106 87540
59722 59860
28 94746
70994 95574
44688 84820
42075 77791
10217 56648
41781 83412
2354 75400
44009 46163
44810 68818
48943 65449
5890 15708
1717 50234
36640 49372
23490 62659
22520 92555
34138 77595
30376 97019
9357 45042
16898 28348
2708 49600
50788 53511
152 52385
82201 93854
28013 37724
450 20406
77233 96773
7113 54185
166 25331
35762 85899
44076 46971
11949 92915
67424 74837
32177 72539
26486 83019
41967 45577
42381 64248
77284 77343
30717 90828
60509 91372
16296 74284
4363 90140
58073 60118
80268 84467
1158 27905
13446 74078
87580 91275
22645 46889
33901 96172
11865 51218
44976 94560
58832 99466
31951 91647
45561 72275
18204 35304
3493 13246
26051 77499
10041 79052
8722 26763
9812 43278
94648 99013
35127 92614
15110 26646
16853 34568
36573 77810
10151 80688
37687 65109
53 71154
2361 95950
52342 68010
31846 55940
14744 41135
20436 80737
46466 91164
42321 50817
40500 87963
44472 91257
7685 40665
62961 82243
12438 69748
26656 87720
44915 79258
4941 91320
10564 63535
63874 85347
72939 86297
10786 94460
8380 36087
32125 46101
43749 86079
48342 78742
48055 76622
13620 86175
33906 38154
21642 72696
28966 62579
49207 87212
30568 94510
663 61417
685 86999
2883 73095
9659 73403
34103 73643
21607 90779
50649 56619
25857 67866
84236 90982
7490 61082
53065 68416
93807 96437
39583 63987
71325 84526
20653 93606
58723 62037
5016 84914
21686 29264
49366 55683
57738 95262
33203 70540
8917 33687
63965 73899
95313 96870
19848 23733
22140 31571
5868 41039
13781 28892
46110 85390
53498 66422
44883 74942
74403 90091
67889 95044
34465 62987
31222 31626
65175 66755
35945 71251
38890 63859
64673 89318
21634 77028
74840 84107
4723 22749
72875 73938
40638 71056
34427 45438
26883 85109
11685 23073
31512 46902
53033 60438
72957 82303
5637 7751
46637 81979
1855 37863
26229 83550
27694 39451
73052 95318
59886 83075
40748 94045
65282 70231
13686 46360
49810 49952
17030 89583
4549 78695
6171 50352
27392 33287
2931 39976
88778 94576
3552 75584
27788 40081
19708 69983
51688 58998
65714 85425
67972 77772
50208 65339
41588 90416
2836 88978
16167 93850
10681 12887
26220 99212
35923 97279
19960 68599
16525 47806
53617 68224
9538 90450
23634 50166
4583 63569
31437 40303
5713 86915
38302 50388
72095 72985
26226 28375
97382 98483
10120 15407
18832 87268
1480 23703
8216 50224
53367 95011
51530 86547
47728 68178
16806 31843
67257 85554
42303 52887
6236 36955
8772 81985
64824 82018
75055 87320
8314 37068
40358 43823
43668 61165
15705 55426
39381 63080
42492 63277
17056 54136
44581 61846
82241 98956
4320 49778
26719 54017
63237 89637
17116 40981
48878 94461
33860 86383
47397 79893
38239 69802
47548 82816
30679 61663
53881 81915
21759 70189
52470 95297
3051 43238
24027 36621
9458 53446
9716 20036
39551 73070
50730 62663
74719 76880
62351 97860
61830 87487
30062 66785
21500 67736
50147 67660
29762 42121
16712 90248
77703 84743
4866 24369
69528 73444
25228 33066
55744 89035
45291 86610
60446 83770
28646 87959
75011 88350
16624 20330
48774 59333
24880 48321
6520 45554
17661 94305
45380 73751
50021 60627
46413 93432
24895 54878
1093 24854
2675 48449
33497 37071
15094 51342
22967 63603
47228 87627
82666 97353
24884 96105
52013 69342
15476 99372
63402 66432
30314 69799
16080 27634
17006 39305
5983 38466
2109 71871
19301 29428
76385 90287
19775 66000
12274 85660
67507 97568
23790 24749
93239 95664
24002 78633
40696 69121
93303 93350
21770 79043
1324 75732
28799 48819
47456 58217
1732 86509
56446 57223
1718 43370
13358 98891
33308 80727
63285 76107
53652 99514
59238 80131
38427 90919
10942 46918
29 93047
9247 64647
12820 87252
62485 85338
17958 84458
43102 83716
49241 92760
1934 72462
10038 16829
81862 96235
75704 88276
4607 7411
68037 75946
171 51735
6751 24648
54581 87241
13267 64411
23020 97857
60385 91132
58141 69737
5166 51602
2957 7835
7221 72348
36855 58189
43425 46553
9770 67015
60168 64109
29052 47807
97322 98066
63458 73266
26281 75346
52524 54499
79388 92529
36556 52702
53628 93183
14766 27121
26141 44447
1979 54450
24888 30115
9581 79341
6046 78036
42387 69150
