154
317 543 633
312 540 620
318 549 674
317 546 662
319 544 688
312 548 664
315 547 669
312 542 675
319 542 640
317 549 632
310 546 665
316 543 665
318 549 622
313 547 638
312 540 639
316 541 637
319 541 601
318 540 638
313 542 615
315 543 668
318 546 675
318 542 646
314 549 628
317 544 619
316 545 671
319 547 636
318 547 608
312 549 648
311 543 618
316 549 697
312 545 625
315 544 671
315 543 637
314 546 601
315 546 617
316 542 608
317 541 642
314 548 671
314 547 660
312 541 689
315 549 600
318 549 697
319 547 617
316 546 655
314 546 610
315 541 617
312 549 682
315 547 643
311 542 668
315 549 691
315 540 680
310 547 607
312 549 644
310 543 640
319 548 668
319 541 655
312 541 659
318 546 655
311 545 664
310 545 695
312 549 623
312 541 687
317 547 656
316 543 639
316 549 678
312 544 696
313 540 647
317 542 622
310 542 669
311 547 619
314 544 653
313 545 642
311 542 647
314 545 602
318 541 623
310 542 673
314 546 662
312 549 641
311 549 614
311 540 675
313 544 684
316 543 612
319 548 679
316 544 604
319 544 648
313 549 653
318 543 632
315 544 610
313 546 656
316 540 661
314 542 612
318 543 615
317 547 622
318 546 671
315 548 696
313 542 615
317 540 674
311 545 601
319 548 665
312 548 681
318 540 682
311 549 624
311 543 647
314 543 652
315 545 665
312 548 636
312 546 640
316 543 679
310 545 683
310 546 660
316 540 626
319 549 646
312 544 627
314 540 676
312 541 687
313 545 672
319 542 628
317 541 661
319 541 683
316 546 626
319 542 618
310 541 694
317 548 625
314 545 668
319 543 612
311 549 685
315 543 615
311 547 660
311 545 678
315 547 696
316 546 619
319 546 640
315 543 672
314 547 662
318 545 666
317 546 642
319 544 634
313 542 658
316 546 656
314 543 639
310 542 633
312 541 648
319 545 643
318 547 648
310 540 680
316 542 620
318 541 622
313 546 658
310 548 636
318 546 644
318 544 613
313 549 640
310 543 629
318 547 605
