380 1100 2 400
249 98 900668305 0
184 147 262175974 2
271 159 806561008 1
330 90 402718535 1
92 60 415944731 0
29 142 651284473 1
67 284 593462302 1
140 171 944386330 1
257 321 79309029 1
308 54 656269792 0
314 180 255401441 1
162 127 559062614 0
77 351 460783196 1
98 276 335067732 0
305 300 825217154 0
22 135 381533280 2
237 163 410328238 0
241 7 270303967 2
369 254 59761173 0
334 288 154273554 1
340 360 455942387 1
223 110 719164882 0
284 183 275122464 0
2 67 394246838 0
104 117 811797953 1
320 309 402872536 0
201 373 973504592 0
316 77 800038793 1
21 339 535225492 0
332 115 457481847 1
257 234 814031410 0
187 10 608479881 0
67 344 489206204 1
17 312 639530042 1
247 82 323605701 1
152 314 325505427 2
342 291 926204063 2
46 140 410745723 2
92 308 385284202 0
144 95 152831161 1
131 181 567199087 0
240 56 972745627 0
318 24 240423416 0
57 62 945004666 0
64 36 583958942 1
15 287 621153407 0
90 242 538885922 0
90 232 415777003 0
235 110 762181783 1
158 191 217846770 0
189 235 636065750 2
144 268 643790346 1
373 144 316274379 0
324 161 512153775 1
281 377 513166577 2
126 172 488678699 1
115 27 793696258 0
278 360 239397484 1
178 322 177102769 1
378 144 578363124 0
309 242 350465923 2
241 210 224050425 0
62 108 601005704 2
221 144 663155653 2
11 152 598767719 1
224 150 295521506 1
287 301 467193740 1
363 364 990361981 1
277 335 755516492 0
203 195 809267105 1
179 89 113014435 0
35 213 748768955 1
76 372 174274896 0
120 27 392720152 0
262 306 601340651 1
190 39 689090143 0
222 114 974993580 2
172 138 249712802 0
356 125 616036086 1
270 359 297048039 2
235 181 474303467 2
375 172 211602900 1
34 295 202773339 2
63 354 531615440 0
235 247 562896708 0
302 329 407205973 2
58 54 299551733 2
62 287 407742167 0
163 186 115034644 2
224 262 546816867 1
164 88 444846369 1
377 125 725066888 0
368 16 128092115 0
130 256 753852472 0
294 207 106721812 0
92 167 461468836 1
161 336 753027839 1
239 309 810523094 2
380 352 652036873 1
42 125 319401687 1
306 329 457840943 0
81 28 427835143 1
335 142 110734626 0
283 369 351241826 2
119 348 586325990 2
370 76 915702520 1
83 117 205721950 0
309 265 952027298 1
238 271 908950066 1
322 368 680151553 1
147 307 925229584 1
197 54 447062820 1
28 70 603096501 2
53 314 484991864 0
243 279 840430221 1
310 107 431016023 2
350 235 713826091 0
8 53 323619766 2
329 55 595956381 0
126 60 323599941 1
217 105 769488956 0
43 20 312389475 2
86 33 445677701 1
219 5 752383619 2
209 45 889226891 0
92 177 420158913 2
187 143 67606513 1
288 374 947933045 0
125 82 699828400 0
71 328 431026306 1
66 154 721936954 2
55 64 489708145 0
288 26 195340562 1
344 347 410963577 0
52 124 661551101 2
235 193 150239674 1
125 337 871176999 1
66 333 881238900 0
55 270 601099207 0
7 118 900940868 2
289 236 263375435 2
7 28 775937742 0
243 79 188205966 2
6 200 148682160 1
198 361 369863250 2
194 68 647153516 1
293 83 553723641 2
96 292 964594064 1
27 356 628566943 0
320 230 581871884 2
185 351 755430221 2
126 268 208835274 1
40 339 950247650 2
139 39 202592535 2
321 268 940484088 2
102 180 143209105 1
289 363 943303599 1
340 202 692676900 1
108 39 92993798 2
182 354 338046701 0
83 21 264526482 2
337 298 573106608 1
332 280 798579436 2
175 14 313613452 1
145 356 612949609 0
334 78 916656001 0
300 351 72119974 2
338 75 551553455 1
45 247 257422964 2
166 263 259369750 1
33 319 894533902 0
41 99 143966245 2
6 275 661482295 2
374 358 204200341 0
44 3 657412640 0
277 303 364987584 2
265 361 884128946 1
21 310 549026960 2
120 320 761183694 0
272 368 641418641 2
146 166 150644097 0
181 91 444674965 2
128 304 471964985 2
111 375 308247756 0
334 369 912739158 1
135 251 115924699 0
288 75 885216327 1
138 20 246420735 0
227 378 181184193 0
182 230 949764911 0
24 311 950653583 2
267 111 510812447 2
49 347 259833305 0
106 260 997731539 1
30 300 729593125 1
172 372 166100467 1
19 303 878241849 2
202 262 323851693 0
153 193 864894361 0
377 87 801527743 2
7 146 666969804 1
343 342 862712746 0
4 266 88997762 1
294 256 692479200 1
82 248 486791770 1
319 243 617669265 0
116 204 372602486 0
371 31 722131656 2
77 55 101465615 2
70 76 694595487 1
232 247 494655311 0
93 366 275283348 1
335 136 765265022 2
82 291 671295770 1
222 325 476201797 0
252 87 587857859 1
11 28 89869185 0
209 139 350298661 0
269 309 899908720 2
24 355 389094386 0
64 6 368380578 1
340 79 208309979 2
366 212 562349883 0
238 32 611925936 2
90 171 403447268 2
317 13 297262305 2
67 117 569401345 2
130 62 521816954 0
85 101 576692870 2
137 346 944195799 1
84 202 954839286 2
380 336 488747549 1
274 97 881284306 0
287 167 201797035 1
293 192 969273156 0
365 196 238906969 1
137 55 549060148 0
119 193 392175303 1
32 235 100833294 0
130 243 261415190 2
62 39 921226424 2
330 302 561443600 1
93 242 250747911 1
253 307 865596188 2
13 274 695623478 1
293 361 931701319 2
119 218 887438090 2
243 77 674244871 2
317 356 509813133 1
366 317 489435909 0
227 183 897451861 1
120 22 868891952 1
283 344 601790606 1
163 320 714454892 0
318 322 732013253 1
127 67 368899157 1
56 316 128503293 0
66 180 742502457 1
267 365 884973648 1
125 302 234727378 0
64 323 870835575 0
178 171 538414395 2
336 321 421399572 0
97 32 588603636 0
105 30 461644774 0
49 212 851790232 1
351 59 57652200 0
176 92 65145752 2
219 253 82810290 1
141 283 842095073 1
37 203 837307411 2
205 217 320926784 0
98 35 838232094 1
85 178 945176553 2
28 17 120075389 1
133 353 852392274 2
39 159 299082590 2
2 131 832170047 2
77 150 538964034 2
278 99 617291362 1
166 292 537781351 2
335 370 731199764 0
36 373 180906973 0
101 83 843180497 1
11 138 661640123 1
189 279 554893742 0
243 291 277294903 1
161 270 95186439 1
199 209 627320121 1
324 368 807641533 1
208 335 109697596 0
287 346 953214810 1
220 295 256673061 1
82 328 328869307 2
207 236 125858204 1
348 378 499784688 1
136 219 551350774 0
325 174 435799126 2
117 299 400331434 2
336 315 258724304 0
104 329 103176364 0
51 283 764459119 1
5 298 699812973 0
33 364 63951344 0
239 107 554874311 2
204 223 568113730 0
220 341 847641737 2
135 257 279093889 0
331 216 119292083 2
153 109 119834047 2
87 297 71807599 0
70 313 779547088 2
375 73 210848358 1
275 159 817181563 2
45 180 706081384 1
66 74 581811807 1
230 49 462173065 1
285 235 598569529 2
191 56 916657980 0
1 79 508807346 0
11 117 74370061 0
314 224 438623285 0
206 18 891437600 0
266 93 154925644 0
99 287 725187224 0
339 305 58837490 1
361 328 838378449 2
15 297 387185831 2
115 125 409162291 1
364 223 573529072 2
287 195 194029103 2
169 296 51764197 0
197 44 637961758 2
189 190 820314518 1
363 343 944397137 2
262 255 498061576 2
280 211 178132627 2
295 153 354151974 2
206 104 872469323 2
151 243 96154145 1
358 80 913602013 0
9 238 764340886 0
355 162 994591109 2
29 45 464549375 0
303 254 452460831 2
26 132 987571957 1
21 303 485875092 0
367 180 653631509 1
76 320 362698774 1
227 289 107977606 0
50 93 632258402 1
340 48 627920577 1
254 9 151340323 0
332 288 864910029 0
333 228 536521800 2
157 33 619190532 1
124 280 129561243 2
30 105 992078270 0
239 162 77905050 1
230 144 779972829 2
328 226 574815786 1
71 134 366493273 1
74 221 383459579 2
162 301 410247478 2
309 29 255752942 2
124 188 139403558 0
196 260 457092764 1
273 173 846105482 2
341 276 153100460 0
117 142 264325048 0
80 56 779680687 2
312 51 847763453 2
252 372 997465591 1
351 372 416205430 2
338 277 255681482 2
261 28 224159263 0
222 102 653535680 0
130 305 960620244 1
238 112 213080651 2
89 371 362091979 1
176 366 572253745 1
307 320 793567803 0
244 260 65735395 2
167 147 443610936 2
307 311 488077010 1
75 123 161505569 1
9 107 739028089 0
314 174 286068186 1
65 267 494044133 1
2 347 267628057 0
185 186 839095136 1
232 317 390976447 0
11 209 653190861 1
216 119 506108966 0
234 96 778415367 0
63 147 68966554 1
365 301 708124688 1
354 96 783941303 2
374 321 429875783 2
141 146 306418699 2
171 242 353619236 2
154 74 434926304 0
287 272 889771055 0
151 69 258906248 2
193 156 827868452 2
58 123 716419313 2
4 152 799885320 1
138 155 866321398 2
153 351 819511990 1
266 137 414106320 0
326 336 80586341 2
143 229 843382058 0
277 202 921765149 2
185 28 283194427 2
35 175 894011506 0
213 168 200026195 2
184 129 340954751 2
71 142 849742763 2
67 219 945318347 0
113 316 481140128 2
75 210 247108013 0
177 89 85212140 1
296 79 471477070 1
282 127 889541425 0
279 113 333157908 2
264 20 703467855 0
232 343 236708075 2
183 97 250646978 2
53 42 422496678 0
13 299 824277712 1
214 347 665909561 0
7 114 292255632 1
232 278 124208339 1
106 327 677348688 1
359 167 426064556 1
356 268 809765409 1
372 117 448466389 0
275 263 92218870 2
45 288 623737851 1
363 72 934345685 0
266 234 379549151 2
107 278 344165150 0
312 276 731174582 0
147 78 660731087 1
342 147 173216568 1
195 286 923067501 1
204 183 253998101 0
370 144 740775162 1
226 280 531034296 0
233 317 911692135 0
102 86 332761396 2
355 265 338389535 0
286 311 842389845 2
362 194 919763963 0
138 85 823539483 1
8 356 207474698 2
343 175 866048417 2
79 72 71336690 1
208 4 749309752 2
71 324 321339968 1
315 278 366674908 1
139 324 204661962 1
261 121 148607853 2
260 362 730175644 2
210 43 89697757 2
126 264 322705248 0
262 147 537300384 2
72 207 115388637 2
74 210 662988709 2
145 336 219622425 0
275 75 825245527 0
87 366 176655992 2
33 81 918946038 2
145 268 871232083 0
171 109 731660653 0
77 7 531428079 1
16 12 819932538 2
145 32 608532762 1
237 313 881065678 0
8 244 831816262 0
334 290 917954920 1
320 259 511415512 0
10 125 977270172 1
41 60 105522680 2
190 44 467224246 2
113 88 186150753 1
213 254 948424817 2
161 94 856421681 1
155 187 399650692 0
162 358 466636571 1
104 43 299519784 0
217 297 478350379 0
34 132 217480731 2
11 213 598311635 1
328 370 498332648 0
263 135 85510275 1
67 175 321571620 2
87 282 549915072 0
86 53 706240898 2
263 300 642714573 1
10 135 180437550 1
13 126 611416394 1
366 145 123104666 1
122 158 977740629 1
246 6 985030087 2
108 346 529945632 0
259 58 708643945 2
139 138 131636359 1
337 8 566444368 1
292 88 993875297 1
187 220 54057322 1
138 245 880405920 0
176 157 80742380 0
28 153 553957190 2
247 18 356854424 0
44 265 858257756 0
307 138 131852018 0
207 35 71302870 0
376 63 61271560 1
27 360 854638433 1
219 208 962240821 0
134 76 665976745 2
245 92 395891442 2
43 328 915653087 0
319 281 685556783 1
273 292 450259741 1
128 301 520333124 0
36 265 203492524 2
54 114 336380602 1
210 181 626828367 1
206 158 181663473 0
88 62 170313439 1
370 48 521186746 0
172 294 769331207 1
39 19 682808070 0
288 54 807870504 1
272 127 540106923 0
108 32 769043275 0
241 324 575651666 1
211 107 516697405 0
190 43 706077028 0
278 377 337292455 2
8 372 155984382 1
32 58 478232514 2
21 224 286996763 2
247 372 459108136 0
177 19 365662855 2
147 133 555337910 0
185 146 502777086 0
152 264 929088665 2
117 284 292367994 0
310 64 208436400 2
260 180 301507675 0
83 119 941799416 2
308 258 884506335 2
352 11 719471423 2
63 39 226037593 2
293 179 508758323 2
248 131 57631162 2
309 147 64952147 0
264 4 537225760 1
94 62 674425085 0
49 268 190373447 2
281 69 90772110 0
373 70 719673991 2
282 61 809912436 2
151 235 823103414 2
156 161 955139951 2
278 59 557602380 0
74 304 986129064 1
10 117 463322155 2
17 121 195852435 2
53 268 475143085 2
146 80 579570232 0
9 79 468883223 0
32 227 784232824 1
219 359 512091830 1
356 5 377619243 1
159 288 761435777 1
192 18 418240823 0
111 73 589755293 2
238 254 777800016 2
144 111 349696779 0
326 86 933629734 1
110 217 709969681 0
258 196 492432002 0
110 218 536172565 0
345 220 493974628 2
232 235 519175550 0
9 299 820692660 1
155 18 906314405 2
158 85 712909076 0
113 350 85062074 0
72 258 896058883 2
18 29 535645300 0
117 206 519189095 1
25 148 173537962 2
157 109 259856014 0
324 243 565385325 1
10 225 194517576 0
260 110 623782087 1
230 380 837246557 2
136 118 355469757 2
282 357 771042770 0
339 224 422735703 0
97 229 300684353 0
338 320 793356297 2
343 39 906278215 0
297 78 466499240 0
67 273 910444975 0
54 108 161808053 1
45 94 347108714 1
261 56 232747387 0
26 271 594250579 2
164 217 283430763 0
252 44 316778582 0
247 113 227412107 1
193 283 176962037 2
227 194 944000656 0
312 105 111733930 2
184 20 66002718 2
69 166 678043732 2
328 8 370221436 0
138 58 931490727 2
277 295 198856269 1
241 358 851557586 0
196 267 204573598 0
364 356 296410573 1
353 245 177402488 1
227 22 803659813 2
327 136 842705620 0
143 341 963786333 1
26 199 509924240 0
269 228 383936697 1
314 161 421551446 2
255 210 463111144 2
205 365 853802339 2
179 216 469723634 0
16 325 938305710 1
75 232 150826828 1
51 35 513887165 0
272 289 980774761 1
69 330 947492547 1
302 260 304335666 1
313 201 703141602 1
137 258 317256624 2
9 357 376344868 0
226 55 248014870 1
224 107 675125569 1
179 134 564948578 2
177 163 272849965 1
213 36 151764587 1
319 117 694776220 0
96 130 626057944 2
204 17 288024667 2
218 119 431993885 2
318 225 692694857 2
154 262 784148104 1
344 307 629039922 1
175 179 409191164 0
36 116 84419703 0
59 229 932500511 2
362 336 742406784 1
312 18 738275721 2
68 147 445799695 0
363 353 904305306 1
71 258 147135536 1
215 330 182104570 2
85 321 709175762 1
85 343 392570246 2
136 14 865279645 0
89 337 53481220 1
2 86 679780166 2
313 94 510359919 0
251 372 430048958 0
207 265 809114496 2
218 291 218310406 1
50 276 351186236 1
360 361 957738747 0
125 193 175681710 0
13 95 929821057 2
209 243 566743778 1
46 51 997838763 2
148 315 502474117 1
180 90 417313895 1
29 121 372794585 2
260 106 441706413 2
30 98 671262251 0
224 206 691613917 1
309 119 532836953 2
150 272 272535285 1
257 263 485130239 1
62 6 849572638 1
104 23 273814679 0
132 91 200053874 1
52 115 870358442 2
202 253 243167818 2
11 274 504895343 1
198 193 462620633 0
102 151 341402282 0
264 190 300217892 2
286 276 283061112 0
176 44 484055331 0
177 213 891469329 2
241 349 141362066 2
83 34 249740060 1
362 114 748887060 2
52 309 426551768 0
347 229 508104772 0
337 233 666486606 1
42 29 717931677 1
283 173 421688755 2
229 289 569912808 1
208 274 343527002 2
316 186 310399159 1
29 151 427316043 2
17 298 523339963 0
113 146 184079098 2
228 62 377472036 0
12 58 572606995 0
128 334 144144497 1
310 146 209329758 1
157 102 287729162 0
282 114 990365792 0
204 117 127294084 2
284 51 871957219 2
16 378 256109126 2
189 159 313606854 1
145 57 669275600 1
229 109 625510753 1
92 182 888152329 2
60 255 286793675 1
360 171 646382570 2
107 360 306229227 0
237 174 467088900 2
116 154 582246972 2
253 201 834368158 0
368 243 382463226 0
346 130 899926545 2
191 199 857002225 2
324 312 530253841 0
373 95 592555780 1
26 205 721980697 2
371 342 671635338 2
79 193 260048436 1
97 129 126426369 1
353 229 852918927 2
76 367 730092286 0
369 295 878963902 1
368 186 496225550 0
108 278 881530993 1
138 100 663362867 1
277 267 650443723 2
86 297 61705865 0
296 214 388345297 1
289 351 241578512 0
316 221 462290184 2
259 292 52325702 0
70 215 928600052 0
187 262 393495206 1
82 206 684952313 2
100 49 559582667 1
203 42 183976847 0
72 184 526972017 0
38 240 763334353 2
153 28 953525381 2
199 265 473578930 2
98 142 257818952 1
237 217 670591847 2
245 251 788771093 0
35 208 638085962 2
351 217 590460279 1
192 89 689963495 1
303 356 930831742 1
370 341 597044031 1
10 115 267346038 2
30 253 147102384 2
184 5 726214197 0
143 169 698656828 2
56 197 263752909 2
206 297 953294966 1
48 41 99594276 0
158 182 291986974 2
80 318 307388037 2
255 105 336252722 0
295 298 124746351 1
319 334 637126218 0
12 9 425162560 1
226 204 576881294 0
188 169 715910009 0
200 72 908353818 0
43 184 701429697 2
83 332 404171191 1
108 287 392291682 1
148 245 624255492 2
137 102 499871740 1
24 146 847377106 0
13 171 618285923 1
38 35 645063058 2
333 257 985781235 0
205 170 244647988 0
199 282 323206369 0
360 334 404099880 2
62 30 673603456 1
351 25 930548225 2
244 370 110356029 0
12 84 158753040 1
104 315 470659758 1
72 163 615131865 2
159 350 393299881 0
194 153 454726784 0
193 159 871079128 0
292 42 574482905 1
39 258 453471385 1
19 376 312345472 0
324 43 782196934 1
131 127 658729666 0
222 174 842382064 0
368 219 640642576 1
205 95 855399733 0
260 289 93884087 1
80 93 217959272 0
305 78 872805445 0
282 33 797290694 1
78 151 865973364 0
238 175 551841123 2
196 99 78623637 2
140 160 886867101 1
66 268 573750428 2
111 127 261432407 2
151 336 971224852 0
195 175 314053909 0
121 312 657644876 1
286 83 282679640 0
101 98 851672568 1
124 174 78313764 2
280 296 82474038 0
141 265 824231176 1
46 154 645165517 0
66 257 50865373 2
329 115 304799418 0
215 320 88716930 2
311 86 818779351 1
323 205 916603465 2
141 81 483632350 2
188 1 852926518 0
194 282 842142918 2
42 84 683678030 2
159 221 76642670 2
100 321 208855148 1
116 102 660914242 0
5 306 53479149 2
242 289 582278975 1
103 227 178035490 0
184 42 282409450 0
22 313 298903068 0
348 78 297631310 2
155 200 197173085 2
137 17 704975598 1
180 188 142294490 2
315 294 101695793 2
268 299 635879185 2
66 367 101591851 0
197 244 110261268 1
54 342 190227901 0
151 211 630261087 0
368 243 485201659 1
77 375 742147748 0
181 170 116091229 0
148 242 987887280 1
16 119 844980599 1
326 269 784099490 1
7 295 820132012 0
115 133 125272790 0
340 336 360951371 0
201 375 420218009 1
253 222 548929992 1
167 56 965115658 1
200 307 690049561 0
379 6 696650299 0
21 266 495109213 1
219 353 79939057 2
174 17 117605689 2
239 140 651083554 0
92 249 379256376 0
56 10 278844300 0
284 64 680723501 1
70 176 196995268 0
326 251 515946553 0
117 377 567403325 2
55 6 745678398 1
49 56 130338659 2
213 232 203354598 1
122 244 630333461 2
261 334 210027083 2
168 12 850069665 1
284 183 647336905 1
94 299 78267276 2
135 298 980669768 0
336 113 381594849 2
333 332 797125052 2
87 46 748435567 2
200 110 881526504 0
55 148 240903946 0
321 234 224328924 1
274 271 758017532 1
68 354 886896617 2
321 214 154660743 2
99 191 120083712 2
125 2 976011619 1
14 157 249013553 2
354 275 760215695 0
324 237 655763016 2
159 278 427098736 1
64 41 819242348 2
374 349 353704589 0
202 247 279259145 0
145 85 387829243 0
329 247 157283304 1
10 52 699828942 1
109 94 148801963 0
342 131 484769245 1
320 155 250100951 1
302 330 594014842 0
35 193 123930228 1
267 134 969399504 1
258 13 972801776 2
24 123 367044157 1
143 248 311605694 2
172 88 526550768 0
77 110 182661508 0
288 291 117604139 2
272 146 73875188 1
197 71 161297378 0
176 213 748076623 1
91 178 454825639 1
64 351 372134876 2
62 110 850094934 1
9 370 402025143 0
239 184 664929088 0
202 155 763662826 0
324 106 857368211 2
181 86 825793166 0
233 98 183968581 1
204 79 522951734 2
183 4 906914671 2
213 293 261226288 1
56 309 363577165 0
207 105 352425536 1
212 143 362255158 2
237 232 383721746 1
61 370 997944664 1
13 79 369337744 2
279 378 849032091 2
287 162 800560568 1
54 305 928769223 0
328 52 825987319 0
114 158 436643793 2
356 176 346030043 1
36 43 256054623 0
317 358 593343236 1
171 149 418703194 0
22 69 626610195 0
168 161 416780296 0
246 20 448267917 2
304 2 53003083 2
290 246 989730533 0
254 349 538337633 0
299 251 387539055 1
316 59 433429046 2
321 62 975149903 2
345 4 328512760 2
368 23 929912257 0
113 307 222346359 0
256 104 113517865 2
325 214 840460576 1
298 237 65529186 1
147 329 433562062 1
73 298 953058454 1
334 106 557475779 1
304 123 493605164 2
362 273 365110012 2
36 81 404658553 2
288 342 814221891 1
288 225 645285487 1
61 145 261914701 2
157 334 985761657 0
98 88 693345538 0
296 55 739101617 0
238 39 931166004 0
143 230 947716961 2
85 137 237395837 1
379 326 208758827 1
163 77 141510156 0
289 220 875735167 1
11 363 221230603 1
277 289 58409863 2
31 70 245483416 0
32 271 257749220 0
187 371 768536007 1
132 283 284237951 1
316 93 982574483 2
234 272 642390078 0
306 125 302280204 0
106 232 380073170 0
75 23 302764831 2
192 106 133821760 1
238 210 613957671 0
87 37 345109156 0
367 174 794846873 1
127 318 91447810 0
96 31 751185734 1
357 327 736215193 0
275 372 584031402 1
159 126 883538413 1
362 294 818365005 1
158 212 451249517 0
159 57 681999287 0
319 360 487304177 2
231 205 112219911 2
374 147 556853865 1
281 265 450917881 1
284 199 325694767 2
249 351 228630789 1
283 251 510825112 1
140 372 196146104 1
53 256 553071154 1
375 247 617820070 0
187 349 873866025 0
103 185 296672077 1
332 161 665508542 0
348 74 799667569 0
379 59 490573365 2
370 45 453571632 2
54 131 903442514 2
103 312 360439961 0
168 280 919801617 2
216 104 89268494 0
175 114 377500780 0
311 145 894135284 2
57 8 89666577 1
123 348 250874690 2
346 99 405560841 0
371 315 770540941 1
335 130 459755796 2
374 8 606849743 0
280 125 130858597 1
47 262 105986285 2
81 236 562662589 2
266 373 556523071 1
3 333 968140388 1
225 208 882475821 0
296 349 424449041 0
261 305 453937969 2
59 338 361301890 1
122 251 633968609 1
230 137 453494104 2
233 229 576012981 0
196 19 266437355 0
156 93 143372785 2
40 17 847335500 2
162 2 173080795 2
81 347 477649600 0
173 302 598037723 1
369 171 163613556 0
12 328 230581438 0
78 372 238779276 0
291 232 239105055 1
196 358 286179099 2
133 222 676977594 2
183 367 294964119 1
287 64 831216416 1
289 190 651670554 1
73 48 563623399 0
14 274 414707502 0
89 354 937272542 2
51 289 344173855 0
208 74 791615041 1
14 334 598131078 1
222 1 146429696 0
303 76 890530250 2
207 192 878325955 0
307 69 323371135 1
177 17 832424871 0
125 242 885029869 0
116 352 242964305 2
41 294 171819181 2
248 110 682027767 2
339 221 289908598 1
67 200 926511073 0
191 229 168373056 1
287 155 901505545 0
287 6 229723669 0
289 70 86865651 1
167 356 669099357 1
230 245 59837869 2
30 362 120370651 1
151 167 248589985 2
246 190 794943198 2
188 337 79210147 0
362 357
