240 1100 356 1
234 139 769237759 0
160 64 641505673 1
57 152 334272933 2
150 27 784003438 2
60 99 387098080 2
154 138 254443777 2
16 47 183856666 0
55 22 777383978 0
7 166 514125979 0
240 86 146741487 2
26 147 167758825 2
85 68 984296902 1
59 230 383817842 2
69 141 281601227 2
86 77 982853703 2
139 216 291358978 2
159 4 978121249 1
120 187 383918856 1
96 32 907299633 2
226 160 842919320 1
190 157 337233181 0
45 56 976677184 0
43 13 306855184 0
144 177 943591503 0
98 130 103480584 2
204 49 586720485 2
235 135 387710328 0
137 213 520692388 0
3 203 988438485 1
105 226 239846603 0
221 103 796078663 2
123 139 476474098 1
122 148 617447614 0
222 92 214450327 2
190 143 269283779 1
75 194 719985367 2
180 87 814295024 1
185 208 271274016 2
221 34 805129655 2
140 215 909827648 1
218 60 847718980 0
218 56 714457103 1
132 142 671972475 2
221 137 692408579 1
156 80 744523334 0
16 45 95373947 1
128 67 502080464 0
156 63 798627749 0
161 96 117278268 0
217 239 561828568 2
60 130 669109092 0
138 21 892341580 1
31 35 839692557 1
211 149 910682708 0
89 83 448728285 2
178 174 73281488 1
138 97 54625253 0
94 69 778965977 1
37 218 365922292 1
196 144 778789509 0
55 152 431568150 1
172 228 201010143 0
30 224 957261368 0
21 24 856783186 0
1 148 548696260 1
1 239 104426302 1
136 126 339038260 0
58 138 983100134 2
92 106 466425252 2
116 193 319954493 1
211 10 228618446 0
236 180 968575367 1
179 43 761694465 1
2 235 789994317 0
68 65 280807066 2
142 205 229260817 1
95 116 916872861 2
9 124 697132081 2
147 95 623919060 2
21 188 379615685 2
47 87 763310612 0
211 37 113543881 0
218 71 650802789 2
93 212 837799014 2
91 101 556440380 1
212 169 502862857 1
234 117 597378540 1
31 1 65538201 2
100 82 572815059 0
15 220 434649395 1
168 66 531674806 1
162 59 222896009 0
7 224 763092546 2
31 27 707704854 1
68 45 960438022 2
137 219 303161728 2
178 150 325033990 1
28 122 439387694 2
88 89 381166779 2
56 236 727224903 0
135 55 135268065 0
112 30 930980010 2
105 86 96190865 0
124 34 144616027 0
67 28 572997264 2
124 78 430267691 1
200 148 845209220 1
212 175 297787485 0
125 145 842129887 1
199 186 950989692 1
186 221 839568094 0
204 126 639947106 2
90 185 445395392 1
176 87 612726138 0
103 23 576010205 2
198 22 686226823 2
34 143 278005343 1
94 101 485563896 1
8 209 923913903 0
56 132 921591330 1
65 177 895455788 0
99 220 969198177 0
62 59 607956765 2
127 85 458866737 0
89 229 970410220 1
78 110 292347853 0
223 56 451312422 2
212 101 112767159 2
192 9 346955382 1
42 211 107773934 1
233 49 445884939 2
57 197 871365712 1
85 186 828991507 1
109 156 827638344 0
142 211 656342161 0
89 91 955348009 1
137 163 572680074 1
189 115 108592178 1
230 140 236184804 2
131 14 801597896 1
45 186 891081570 0
240 175 439399340 2
222 230 924655386 2
108 219 414193936 1
118 2 358130073 1
127 90 696022655 2
164 35 305882042 1
102 78 346283935 0
150 75 158730230 1
93 9 997361284 1
28 167 130877447 2
87 45 392647648 2
14 139 150093255 2
74 230 532881862 0
117 181 719294297 0
14 126 511309045 1
16 74 71533851 0
176 187 634123545 1
78 234 949125680 2
71 125 199448020 0
186 61 196355716 1
154 128 933106428 0
101 199 188966034 2
81 185 577205163 1
184 71 717596332 2
199 167 931722503 0
197 23 343407898 0
23 194 958790462 1
18 240 161092793 0
159 91 931457209 2
152 206 604129653 0
112 218 779194465 2
17 100 483870274 0
216 160 770855333 0
189 137 671046121 2
10 84 492059132 0
4 93 877541827 1
132 126 830613516 2
123 89 377559401 0
41 19 796004288 1
182 32 58754621 0
188 199 982399226 0
136 213 768825326 0
128 69 577084362 0
138 74 670487050 1
42 92 548225807 0
34 137 901270439 0
204 35 720014418 2
98 18 317927083 2
53 41 157553484 0
149 16 845772561 1
78 198 370853355 0
132 193 312400265 2
105 136 768357739 2
199 49 903109864 2
26 103 711783306 1
127 168 766442413 1
78 115 186529097 2
235 70 359291038 2
34 138 714807323 2
29 112 585709576 1
117 14 418095094 0
155 212 166482894 0
98 107 538888894 0
175 146 859244508 0
44 137 445673789 0
69 169 60918109 2
198 138 150001985 2
33 127 848471203 0
144 7 220916268 0
133 32 655897056 1
62 205 492785549 0
221 88 884447481 1
173 168 977189680 2
125 74 64873965 0
86 223 111237666 2
212 8 342542351 1
162 27 964427218 0
221 130 545460430 2
76 183 287166586 0
192 1 826790315 1
66 113 766233424 0
181 70 978525478 1
63 52 473236417 2
105 56 632945116 2
42 12 904209479 2
172 213 582965180 1
211 34 447155309 0
27 221 950467967 1
95 228 499281352 2
20 199 814399535 1
119 190 605522036 2
39 24 246336274 0
149 199 975722276 0
22 108 298527584 0
31 47 352831203 0
122 151 186938203 2
122 206 526292407 1
73 98 463400763 0
132 106 375801041 1
148 79 849188336 2
44 90 919524383 0
134 72 436304917 0
92 233 444075284 0
206 201 230450393 0
232 117 864554699 1
21 237 353121605 2
88 38 276409560 1
153 52 807250958 2
25 174 670021619 1
139 11 137685797 1
222 233 967428906 2
98 3 315721219 2
74 187 897423754 0
189 17 796585859 0
11 24 328918223 0
136 88 798155011 0
12 154 964335087 2
214 188 60212414 0
209 56 942893683 2
129 184 250621514 0
153 45 715047098 2
129 161 784356686 2
41 82 564042757 1
205 186 954135943 2
152 62 153860582 0
217 209 632299056 2
161 147 713691558 2
113 164 96694187 0
238 149 856870035 2
5 228 915359459 1
12 196 251359326 1
183 85 373420394 2
135 87 768931374 2
148 65 602910817 0
87 153 118684555 1
185 165 346131615 2
58 106 629489370 2
68 83 235986880 2
8 135 732505082 2
132 91 916999873 2
209 227 576917608 1
227 56 503225298 0
146 46 131396857 1
10 174 78805189 0
42 149 617798278 1
239 38 279587176 0
209 176 431893034 0
117 202 815786540 1
76 213 855661220 0
173 29 703660860 1
78 215 392559245 2
167 57 564725042 1
227 136 270902434 0
178 88 392601157 2
157 235 739787091 0
168 149 861879109 0
222 32 615014657 1
37 75 762625545 2
38 160 996535557 0
8 137 646285796 1
172 130 364703468 2
158 153 87200228 0
196 193 665372456 1
127 107 632947909 0
220 188 509821678 0
26 73 93146070 2
187 175 590285428 2
203 135 918225272 0
180 215 643606994 2
224 173 227587789 2
105 138 318560211 0
184 235 108194184 0
8 198 561293158 0
63 190 211903354 0
108 184 632796342 0
150 160 979061597 0
137 9 510767384 1
179 158 793769885 2
5 40 110137500 2
215 128 102846028 2
95 178 448531646 2
158 161 232857975 1
75 205 604750087 1
204 116 964220816 1
197 238 438156043 2
44 131 806419024 1
151 50 812106806 0
232 37 595608120 0
120 98 264514967 2
95 19 919123108 1
121 28 991243968 2
216 85 569101021 1
226 48 489942278 2
11 71 656096694 1
129 191 565197962 1
77 150 579845977 1
88 56 226518519 2
217 74 701521765 0
78 231 463832800 0
66 130 749412440 2
168 5 850816174 2
236 55 326995321 0
226 123 515446845 0
21 77 624992137 1
235 137 710732775 2
226 159 807712751 0
32 4 61621273 1
44 58 85455178 0
2 161 572334123 1
64 125 903253451 0
119 56 459939541 0
237 114 447981456 2
31 53 742730282 1
148 182 196736400 0
1 101 642819922 2
221 211 494101119 2
141 86 297410405 2
219 28 301499053 2
98 104 504532702 1
56 224 160810794 2
17 55 162137576 2
125 67 991478994 0
237 240 504466772 2
60 117 124472529 0
57 59 334747274 0
11 100 317070960 2
226 213 792822109 2
56 123 854887581 0
140 122 587985387 1
33 135 888260075 1
131 133 423698725 2
233 29 496238523 1
45 151 499979974 1
22 197 944521008 0
212 55 793406797 1
219 16 615725236 2
78 3 879423320 2
220 133 71354198 0
198 56 965930301 2
100 202 63139466 2
219 154 626507461 0
14 197 346926949 2
36 13 532653852 1
158 26 440151436 2
144 99 139054563 0
204 52 632820598 2
11 92 381886130 2
115 58 114637019 2
24 202 645762150 1
150 3 138172981 2
215 103 73143256 1
205 146 591891860 2
99 238 114197852 0
42 43 538241156 1
43 109 276472935 1
123 181 775168053 0
52 101 771824369 1
143 118 846958561 0
228 84 130415261 0
50 63 90564029 2
231 157 665071067 1
110 187 274604035 0
195 1 283182824 2
200 233 601501820 1
212 53 715743909 0
46 100 318000175 1
47 107 396900354 0
180 8 93726535 2
140 181 679310106 1
209 240 884161974 2
10 135 121434695 1
164 157 189304121 2
102 191 179574597 0
137 188 841871108 0
55 104 427748341 2
151 74 497026332 1
54 75 152650740 1
159 204 930574859 2
76 236 511951035 0
91 80 788208727 0
104 216 998662101 1
147 103 140653610 2
214 136 952221467 1
181 178 109375150 2
39 8 771946430 2
210 67 72336634 0
61 79 887326905 1
188 136 62197176 0
240 201 715756244 1
118 150 208436915 1
87 19 91874105 1
185 170 123753833 2
166 189 292271094 2
200 10 653427593 1
219 231 663120522 1
131 93 891021284 2
128 66 378880579 0
51 4 88261021 2
239 169 579455314 0
236 226 63967464 0
40 116 186416512 1
207 163 296294804 2
1 131 695376603 2
178 195 621056272 1
45 149 684500132 0
223 158 200431635 2
140 59 607530197 0
182 158 68895532 0
31 25 537800403 0
138 203 475864963 0
100 206 68005735 2
155 98 720727739 0
238 204 844186306 2
101 230 505352321 2
124 131 647988302 1
157 122 981694882 1
101 112 458779204 1
59 60 266909842 2
71 25 872630417 0
139 235 78190720 1
125 180 790212171 1
26 161 894655808 2
66 201 635168515 0
12 73 170045280 2
32 65 54369252 0
200 4 348579566 0
173 64 426441810 2
171 109 487539838 0
8 89 590632436 2
2 171 302608008 1
60 61 488124533 0
28 102 750117688 1
41 167 999760030 0
54 150 293930439 0
130 160 997414484 0
68 162 418945203 2
26 207 500968395 0
70 132 411294979 1
132 60 118161618 0
148 74 614233194 1
35 157 172172391 1
189 116 820365501 2
59 125 988921350 2
202 93 51099021 2
155 199 250491099 2
88 174 73661453 0
53 128 998283458 2
59 235 184430192 0
100 107 247408166 1
151 3 631529296 1
85 152 77662568 0
141 118 325913668 1
15 131 225655358 2
65 115 278379316 1
79 15 859260962 0
216 135 897667858 0
117 196 60169196 0
35 118 764954475 2
215 18 240883436 2
213 140 376714772 0
179 107 863408456 2
214 176 381948408 1
150 36 175586190 0
1 231 618003324 1
96 77 443838702 2
141 41 734686414 0
77 61 568583832 0
53 113 968067816 0
143 160 857238197 2
192 24 714860316 0
183 82 465819097 1
31 204 930198557 0
69 159 514894693 0
196 151 622762358 1
146 16 595464740 1
215 60 695500212 2
151 77 953283282 0
126 64 119221845 0
128 99 471338859 2
206 52 589094728 2
147 227 130973677 2
232 72 412700947 2
143 125 78379773 1
207 202 549357895 1
144 149 889473268 2
183 25 380733412 1
122 211 292644365 1
219 21 434397653 0
106 139 329302703 1
187 232 272037295 1
47 226 322114148 0
105 67 978840926 1
167 152 490438680 1
203 82 963012896 0
196 67 396921046 0
28 220 985857804 2
183 230 772605428 0
68 193 571004294 0
140 79 769915654 0
136 225 439220532 2
70 198 997835840 2
167 9 574854071 1
162 194 71765816 2
10 86 392357541 2
192 9 995180480 1
166 66 615652095 0
93 216 307841493 1
160 54 799176188 2
88 184 656840790 0
235 166 86627261 0
22 187 802076105 0
99 148 166574126 0
135 52 546697265 0
56 39 324962234 0
70 7 850488957 1
220 201 411083805 0
169 13 484702366 2
79 235 964458250 0
51 52 989358390 2
77 4 239228846 1
158 42 949831911 2
206 91 373990651 1
205 168 406406835 1
36 179 130132375 0
225 146 840717898 2
206 153 458079363 2
14 42 881143760 2
146 212 932574606 0
239 147 480451856 1
107 201 255803117 0
127 95 625863486 0
50 6 127844255 1
69 33 779429169 1
227 158 556776854 0
76 217 342178328 0
184 102 377816018 2
114 90 718505010 2
103 98 803099721 2
32 108 687800482 2
86 220 607274672 0
164 119 422205795 1
138 28 620260334 1
232 210 997001760 2
111 236 612046985 2
191 162 287752226 0
84 144 617253815 0
211 148 55494740 0
4 203 460833750 1
203 130 541469132 1
60 30 262634153 0
64 71 662539982 0
176 131 902310409 1
67 190 205226313 1
36 221 446845916 1
79 21 952113719 2
162 86 981161615 2
140 16 368500617 1
160 203 633721308 1
220 232 566173670 2
235 32 100496803 2
201 111 623442856 2
54 21 737430135 1
86 217 305665411 1
229 105 892357797 0
44 199 755592147 2
21 149 102904986 0
163 113 564348400 2
79 148 62929605 0
40 137 415371663 0
67 135 231275665 1
12 33 813716889 2
19 37 956742613 1
125 228 403621692 0
237 198 233671461 1
191 117 833458013 0
166 69 643356397 1
129 155 609773340 1
118 121 828896303 1
24 150 569335849 1
114 156 835496049 1
72 120 241238600 1
168 95 916985288 0
19 124 451497891 2
239 159 691288792 1
52 16 993068730 0
23 58 220828304 1
49 157 190963841 2
149 216 432151404 2
165 154 824566255 0
3 68 727563056 0
125 177 66941398 1
234 183 897270950 2
15 206 428215419 2
140 163 489542867 2
58 214 830272163 0
169 33 938330117 0
196 178 750826283 1
147 204 979888090 0
1 174 217973147 2
78 212 446504377 1
140 114 763369892 1
240 106 56163253 0
231 13 767519925 2
226 104 914449416 0
200 156 62030877 1
216 47 343241340 0
194 20 490737633 0
177 113 370985268 2
16 153 770408852 2
1 230 625362622 0
189 12 339696521 1
110 34 617606698 0
144 181 545877750 1
199 78 201293559 0
171 21 501059231 0
15 209 559049479 1
126 93 684142575 2
164 224 954489669 2
106 215 795399377 1
99 3 764022280 1
32 150 782267711 2
68 226 288694483 2
237 97 987256430 0
66 165 899808678 1
110 104 874157791 0
139 221 238391905 2
37 18 460166576 0
233 112 490615072 0
227 199 406682946 2
195 89 434022362 0
210 8 436877104 1
11 221 355617707 2
212 107 946341233 1
82 93 325136355 1
181 236 740814765 1
145 7 382715727 0
103 36 671257713 0
99 39 430842520 0
192 161 661813403 0
165 30 812079311 2
33 1 396973431 1
11 48 912892415 1
111 62 662237060 1
189 14 653678835 0
154 229 967114607 2
127 52 907635489 2
189 82 363579792 2
229 177 322341033 2
92 227 644160298 1
10 56 169101026 1
23 29 287526918 0
211 11 886994876 2
130 72 738669869 0
118 201 212150308 0
136 233 811675837 1
78 120 759588756 2
169 24 84450800 1
51 91 398768695 1
18 161 484326823 1
214 12 700141459 1
143 46 158890697 2
99 24 475520223 0
167 104 533724048 2
111 188 808296374 1
183 177 732004917 0
206 176 818449872 0
18 34 722070683 1
138 13 67000767 1
212 153 808360410 1
107 182 619316971 2
239 147 415904544 0
127 211 747983486 1
72 211 741022489 1
128 144 501322150 0
68 66 983566608 0
96 183 392540053 2
103 102 867672549 2
136 195 963143363 0
61 150 432011258 0
16 117 291798104 1
17 39 410469410 2
125 96 134448078 1
27 110 649759642 2
95 182 395405115 1
189 55 631044568 0
35 26 732867536 2
108 213 914220292 0
224 130 884136034 2
221 58 827514264 2
225 98 317953123 2
171 170 603344163 0
138 65 334912332 1
237 81 774239601 2
150 96 946674607 2
160 190 210918901 2
116 239 691865327 0
31 162 914041312 2
236 70 945060803 1
63 113 993369212 2
201 177 655198795 1
99 16 289199026 0
46 217 756993927 2
109 44 787201564 0
30 213 672232285 1
141 221 234672366 0
71 193 731204949 2
172 8 872376176 2
171 59 579897907 2
201 107 677196613 1
70 16 630528408 2
192 167 201838130 1
183 94 324091952 1
32 184 815974412 0
144 101 245255343 2
67 56 977625575 2
205 116 314926144 2
237 232 728752622 2
62 157 181865412 1
196 237 336945805 1
112 157 107128047 0
123 6 718349578 1
93 63 145163595 2
153 82 180563629 2
97 24 994686294 0
165 26 698093576 2
152 5 694906253 2
73 72 710727624 1
139 155 495771348 1
154 209 348907836 1
89 109 921912368 0
35 88 377323201 1
196 79 88401516 2
125 177 594722491 0
175 52 646009118 1
86 218 454635376 0
20 161 377945095 0
168 121 909268158 1
95 222 58901481 0
199 49 501993974 1
179 229 441992050 0
131 211 218505535 1
27 240 759303632 1
162 32 593525942 0
72 9 600344818 1
36 1 725014834 1
199 108 436620762 2
53 78 645976931 2
237 239 598659299 2
32 58 375938488 0
202 192 193756614 1
36 119 293742830 1
48 84 711677760 1
71 194 173625824 0
71 26 530447780 0
38 220 454819855 1
152 66 886781603 0
100 39 594812140 0
15 106 358877991 0
166 230 482628675 1
66 129 258335350 1
188 222 276119882 0
24 101 513807986 0
73 36 695520332 0
85 112 537100215 2
115 10 506809100 0
165 183 180654911 2
87 204 381288863 1
50 68 378798627 2
116 19 758839542 1
41 14 547976916 1
98 127 515811537 2
151 94 790479157 1
44 23 628298102 1
218 223 130858003 0
148 56 305054473 2
8 163 107297415 1
227 233 164040825 2
165 93 824943429 2
119 61 170389558 2
234 188 557100912 2
162 13 428645200 2
49 123 900198815 1
54 15 887375369 2
108 104 105811143 0
21 140 703028314 2
122 99 630940511 0
165 158 99998848 1
183 114 795490519 1
217 211 935633180 1
24 109 817198672 0
143 106 604473738 0
28 204 76654982 1
59 193 74212603 1
98 152 875938602 0
180 205 156368011 1
48 76 626741744 1
54 69 166117207 2
142 19 660879093 2
34 172 376915970 2
89 57 275814082 1
185 200 477021820 2
92 127 190266562 0
236 88 206691812 2
215 83 231860241 1
7 128 412006459 0
191 69 467901054 0
174 76 210140212 1
84 104 219604513 1
95 53 251798646 2
134 95 163989706 0
127 198 278923810 2
158 5 208426909 2
117 53 747150957 0
216 179 370017069 0
73 139 642963653 0
27 108 710416984 0
205 180 132815595 2
163 124 674097285 0
42 45 657393835 1
183 31 925515435 2
109 42 879091581 1
228 60 937306430 1
183 50 76990929 2
2 85 837320335 2
228 19 456021246 1
75 10 431937581 1
54 109 127766050 2
109 7 427616375 2
90 110 652119547 2
43 10 530181242 2
67 215 602138458 2
193 168 674071102 0
52 196 730205478 2
199 170 399566653 0
110 187 891133945 2
209 194 538723195 2
107 195 116993432 2
63 31 771783623 1
171 84 54327458 0
75 184 294300094 0
140 201 170419400 2
191 16 357206971 2
113 56 718222157 0
222 216 537470099 0
199 87 327815388 0
1 36 51324510 1
4 143 102927421 1
19 18 358830196 1
16 9 687590727 0
200 166 63143459 0
59 103 496407442 0
91 69 816413189 1
66 96 475679874 0
71 94 819886736 0
46 35 772913315 2
160 8 596824937 1
200 7 380769475 0
186 10 505835430 1
41 97 365233009 0
176 71 564125415 1
51 156 442153242 0
227 112 528729552 0
97 233 76338436 0
230 48 783991384 1
34 176 432056246 0
37 35 792628169 1
123 61 971286507 0
220 198 380162614 1
211 98 508338399 2
42 13 138603918 1
177 173 168108893 2
114 65 648873208 2
217 66 209312819 0
234 240 962422965 0
70 39 134793360 2
30 229 425121151 1
205 136 349398491 2
183 193 237058429 2
141 116 416119029 0
191 88 923282877 0
168 97 66019249 0
133 10 180808012 2
184 236 134409382 1
200 32 341977724 2
185 27 678669957 1
81 219 213861914 2
229 230 804525576 0
101 82 422937728 2
143 206 593046091 2
107 231 63766202 2
86 193 861005605 2
166 239 847012499 2
95 37 548097232 0
122 240 919667296 0
64 139 170695947 1
91 98 410788340 0
92 82 438313734 0
102 194 365768000 2
191 160 685964194 2
156 160 628755874 0
152 111 414935261 2
195 151 986906287 0
65 208 723980518 0
151 82 481437466 2
106 77 719722665 1
116 1 795298259 0
217 55 281153175 0
179 181 699107593 0
60 223 792097279 0
83 235 329326456 1
196 69 565907218 2
24 44 792660223 1
83 122 498771175 2
213 38 189982292 1
118 125 451748983 0
217 222 532580548 1
197 98 534202709 1
28 47 860437280 1
117 10 927200277 2
139 103 125173353 2
135 185 366713265 0
90 204 544777835 0
155 101 976110160 1
65 194 711932629 0
102 42 634732934 1
92 66 660268775 1
62 133 720778356 0
106 95 851700242 2
235 19 667934385 0
169 127 842253512 2
92 19 559869478 0
17 238 992633322 0
202 96 304873972 1
25 180 450306955 2
205 11 925952000 2
43 60 438925550 2
117 110 253025020 2
9 148 360841016 1
23 109 902264714 1
46 221 445481297 1
170 165 983025441 1
93 129 527875613 0
49 33 360234305 1
36 206 881140143 2
84 82 763972219 1
223 48 175203488 2
40 37 317057170 0
108 139 670543002 2
80 227 870484903 0
32 217 824391237 0
192 157 78352405 2
222 209 942643744 0
212 221 104958802 1
29 55 942819636 2
74 207 413917797 0
78 33 421355052 0
143 197 216214880 0
226 5 777513312 2
190 169 150679343 1
197 167 639796178 1
61 236 420903777 1
234 72 164273554 1
56 194 641210368 2
90 42 931419635 1
8 239 219852150 2
219 213 831514886 2
6 188 387528040 0
134 193 654858321 1
177 182 592580131 0
62 27 567376676 0
224 127 664807655 0
16 227 299612379 1
49 176 432088885 1
204 88 818118778 0
94 159 382037444 0
34 35 704542333 1
109 168 711806767 1
34 225 460333388 1
55 185 382180540 2
135 211 669747390 2
93 141 923072284 2
155 160 736666155 1
65 96 50780151 0
107 217 989312232 2
223 135 500455851 0
102 202 239644608 1
184 19 220264828 2
233 157 928688952 0
231 74 177320467 0
99 175 640879327 2
233 238 822937161 0
177 207 59596001 2
13 45 307235763 1
20 17 720757980 2
149 126 875814534 0
139 144 282416205 0
48 185 347210312 2
133 227 545692253 1
207 77 726955245 1
238 14 719570774 0
30 110 919699775 0
11 27 570889758 0
118 143 63417846 0
97 220 662581908 0
95 131 328124719 2
198 189 756358760 1
28 237 758738954 0
107 46 947180412 2
177 9 748841644 2
69 29 720182474 0
203 7 914125356 0
106 29 741010039 0
157 92 382840766 2
9 32 472561958 0
53 16 669610062 0
166 238 333150945 1
215 212 279457410 1
191 178 752460170 0
59 129 830962164 0
41 206 623916612 2
109 238 133253502 0
12 101 209648637 1
14 204 112680221 1
125 45 161189344 1
41 47 817439108 0
123 228 612523292 2
177 143 587948273 2
239 172 183184099 2
1 40 293360114 2
125 27 580351517 2
189 26 706469562 1
229 137 178364564 2
194 188 423105639 2
132 77 152661323 0
145 95 662710818 1
8 107 204190012 0
238 165 340848994 2
39 166 724446329 0
224 120 953883072 1
31 197 712639535 2
129 1 401148750 0
80 187 324893282 1
171 57 218734489 0
55 26 485271874 2
14 176 884898364 2
50 170 430669744 1
76 129 132661572 2
212 54 101571220 2
234 37 948530666 1
11 19 531838225 0
126 49 502519693 2
133 120 358152826 2
73 92 596883452 0
175 170 318762199 2
240 51 610584463 0
97 67 929207172 1
165 7 196770219 0
76 106 717956347 0
92 105 901498258 1
166 112
