1000
47240 10
48206 10
38433 10
1159 10
7517 10
37059 10
38444 10
26256 10
41147 10
14297 10
30592 10
38917 10
33123 10
25025 10
52184 10
10258 10
35854 10
3524 10
15297 10
13166 10
16352 10
27404 10
28517 10
37286 10
41738 10
12949 10
42211 10
41447 10
24737 10
16147 10
6042 10
16256 10
32048 10
35416 10
14560 10
21344 10
39047 10
9941 10
51499 10
41999 10
14411 10
1982 10
21172 10
25277 10
38847 10
15657 10
43632 10
27839 10
39549 10
22463 10
25652 10
37692 10
16601 10
10496 10
31021 10
17436 10
6250 10
48085 10
6296 10
29896 10
40062 10
12415 10
7184 10
46211 10
28542 10
30557 10
17673 10
18265 10
34526 10
49618 10
25091 10
5171 10
3299 10
27265 10
37394 10
43969 10
36480 10
16407 10
21392 10
36274 10
40282 10
16605 10
14345 10
29451 10
23420 10
27440 10
26698 10
21394 10
41427 10
39758 10
33941 10
22528 10
49226 10
7590 10
2816 10
2540 10
27721 10
10288 10
46451 10
50741 10
38816 10
47124 10
51721 10
5192 10
48642 10
8588 10
33628 10
17666 10
13055 10
44155 10
5514 10
6239 10
41798 10
16007 10
15113 10
41134 10
30601 10
37091 10
29582 10
6047 10
24972 10
38903 10
30098 10
26974 10
28351 10
1472 10
29234 10
9162 10
37522 10
31001 10
8921 10
5611 10
24200 10
33224 10
1196 10
3551 10
8992 10
18794 10
1823 10
3778 10
19436 10
45192 10
12599 10
9888 10
49205 10
4283 10
8143 10
37604 10
31325 10
653 10
7217 10
31164 10
34997 10
1347 10
1460 10
46047 10
45805 10
2216 10
4886 10
47600 10
23773 10
49115 10
12113 10
8698 10
31238 10
31709 10
43323 10
51749 10
35781 10
23426 10
38287 10
42881 10
44051 10
1228 10
26571 10
11791 10
18206 10
24570 10
5405 10
4022 10
48761 10
504 10
42552 10
28071 10
16985 10
10977 10
4274 10
43025 10
22423 10
649 10
45068 10
21374 10
20570 10
43430 10
11235 10
6750 10
5521 10
19928 10
42983 10
27863 10
35485 10
52092 10
17966 10
24264 10
33025 10
36532 10
5996 10
36686 10
27074 10
11108 10
34996 10
32195 10
35747 10
10084 10
30411 10
34313 10
31334 10
6269 10
9757 10
52214 10
41992 10
43878 10
33555 10
11881 10
31679 10
35498 10
29568 10
37252 10
21038 10
37012 10
42329 10
4788 10
34427 10
24505 10
13187 10
1994 10
20690 10
28562 10
6721 10
13962 10
39056 10
42925 10
1751 10
1972 10
36843 10
50659 10
22309 10
37306 10
21791 10
25686 10
24535 10
11788 10
4061 10
6059 10
19931 10
11321 10
28670 10
51610 10
22633 10
972 10
37170 10
3327 10
28067 10
19073 10
25793 10
2696 10
5476 10
13155 10
26969 10
8436 10
9014 10
40628 10
8864 10
16455 10
49077 10
50906 10
27378 10
9695 10
14311 10
33244 10
32439 10
4439 10
17320 10
48123 10
37121 10
24111 10
16733 10
13712 10
26906 10
5222 10
44602 10
5894 10
16157 10
37823 10
34002 10
18374 10
19847 10
30845 10
10713 10
12359 10
4478 10
4553 10
17167 10
25459 10
48698 10
20913 10
17733 10
16166 10
15335 10
45749 10
36038 10
33614 10
34592 10
4822 10
46400 10
25029 10
43189 10
37637 10
37014 10
33935 10
46904 10
38744 10
44689 10
18407 10
25337 10
37231 10
12983 10
15011 10
14942 10
11596 10
30568 10
33020 10
12895 10
26249 10
7364 10
37425 10
26403 10
14082 10
51640 10
50048 10
39460 10
13819 10
22796 10
2259 10
30248 10
51018 10
5626 10
9947 10
13046 10
15893 10
743 10
16802 10
51952 10
33739 10
49143 10
5312 10
7715 10
11873 10
9095 10
21573 10
1000000000 1000000000
42728 10
16061 10
17470 10
51029 10
32812 10
25312 10
39588 10
39306 10
47936 10
2639 10
40529 10
32819 10
28660 10
43219 10
10912 10
21257 10
31826 10
39465 10
35729 10
15018 10
36394 10
19599 10
25977 10
45875 10
1626 10
12507 10
16031 10
35541 10
821 10
30760 10
32322 10
47086 10
33915 10
30046 10
21785 10
40779 10
42248 10
40180 10
20369 10
31508 10
21410 10
15165 10
16555 10
34563 10
40689 10
44610 10
19700 10
34428 10
29786 10
29507 10
31617 10
48848 10
38285 10
51221 10
38871 10
18881 10
19295 10
8628 10
28533 10
25507 10
37230 10
4460 10
30199 10
24515 10
30709 10
37787 10
18388 10
13232 10
22841 10
37199 10
18371 10
42266 10
21741 10
29228 10
23474 10
44612 10
10457 10
40945 10
13465 10
35516 10
33125 10
50714 10
30972 10
26303 10
2270 10
45719 10
25364 10
9778 10
27240 10
43343 10
17351 10
52112 10
18199 10
34708 10
20282 10
1298 10
37961 10
10593 10
19610 10
34985 10
7666 10
46613 10
15089 10
17390 10
941 10
36575 10
14860 10
14630 10
11890 10
51127 10
44237 10
32304 10
8884 10
39736 10
23591 10
20876 10
16792 10
10025 10
23216 10
50841 10
28655 10
3728 10
22262 10
29201 10
38665 10
11536 10
25764 10
6096 10
45653 10
43100 10
13606 10
43751 10
10415 10
46427 10
10911 10
28565 10
47741 10
38960 10
4997 10
14947 10
39209 10
14850 10
5141 10
34364 10
19025 10
51900 10
19399 10
27547 10
22526 10
48205 10
33080 10
29313 10
1619 10
13012 10
16307 10
11261 10
27989 10
40539 10
21862 10
47577 10
2465 10
9996 10
41186 10
46573 10
30550 10
24803 10
51461 10
14938 10
848 10
37948 10
11075 10
39410 10
1601 10
29081 10
32278 10
20201 10
49357 10
47474 10
47420 10
42614 10
3182 10
34131 10
26822 10
33812 10
31845 10
45382 10
9002 10
5126 10
38247 10
29063 10
20831 10
14066 10
25870 10
44006 10
7045 10
19778 10
20906 10
31739 10
5009 10
46137 10
11569 10
19321 10
27884 10
52106 10
51352 10
2298 10
46540 10
42669 10
30710 10
15245 10
1062 10
26417 10
2155 10
7271 10
5824 10
11506 10
1385 10
33374 10
7679 10
46734 10
20303 10
11300 10
27860 10
48318 10
33719 10
26819 10
29927 10
31073 10
532 10
16433 10
26162 10
28154 10
3424 10
40504 10
39477 10
15464 10
33506 10
26083 10
27869 10
37899 10
1382 10
22681 10
11039 10
31448 10
23843 10
38087 10
38786 10
10154 10
29026 10
35782 10
21444 10
42064 10
12410 10
30494 10
32366 10
5720 10
5120 10
16679 10
27500 10
46722 10
21521 10
19019 10
46936 10
45928 10
2975 10
32453 10
51851 10
9497 10
19166 10
17431 10
6917 10
4419 10
48776 10
49631 10
20682 10
45308 10
41014 10
875 10
28214 10
24113 10
39517 10
48584 10
25850 10
36135 10
3209 10
37299 10
11019 10
22520 10
25705 10
45590 10
10111 10
4382 10
49817 10
43916 10
8720 10
46966 10
18447 10
38885 10
23642 10
35734 10
32766 10
38546 10
11654 10
33978 10
11435 10
6011 10
28448 10
12134 10
28763 10
38791 10
26321 10
5637 10
7540 10
32003 10
13514 10
45191 10
51046 10
51062 10
18719 10
36644 10
7613 10
46986 10
42622 10
10419 10
4699 10
26896 10
18481 10
8078 10
21188 10
41714 10
17398 10
34758 10
29415 10
20579 10
23144 10
31135 10
8655 10
40328 10
38186 10
43952 10
22603 10
40889 10
13928 10
24625 10
24711 10
35334 10
1995 10
43187 10
31577 10
9990 10
5186 10
29665 10
3104 10
41450 10
6828 10
25186 10
18533 10
3199 10
10946 10
48632 10
49255 10
31176 10
37037 10
3356 10
41369 10
26653 10
24995 10
18253 10
18140 10
1865 10
16530 10
42903 10
33006 10
17852 10
9170 10
1859 10
44725 10
33062 10
31212 10
38498 10
22699 10
10529 10
3446 10
27036 10
27609 10
28131 10
34540 10
38728 10
50767 10
34466 10
33155 10
18074 10
37799 10
13054 10
18692 10
15560 10
40430 10
21584 10
13370 10
30507 10
5798 10
37665 10
5795 10
12455 10
21362 10
17381 10
25192 10
47336 10
33983 10
9362 10
37735 10
27880 10
24598 10
7601 10
32488 10
29945 10
3137 10
50617 10
1058 10
5461 10
27752 10
39464 10
12074 10
51920 10
24060 10
39911 10
27262 10
13607 10
27917 10
908 10
34152 10
32203 10
35693 10
29873 10
19304 10
6110 10
28622 10
46517 10
21922 10
42832 10
8544 10
19481 10
30815 10
49993 10
51921 10
32739 10
23966 10
21029 10
11074 10
42430 10
2871 10
34040 10
24621 10
35435 10
9779 10
51968 10
30704 10
42195 10
25874 10
14939 10
8711 10
8477 10
1628 10
2369 10
31258 10
52034 10
35709 10
4279 10
26156 10
16342 10
49481 10
39284 10
5053 10
5059 10
51229 10
35192 10
14672 10
11941 10
36086 10
8263 10
48882 10
34034 10
7845 10
27622 10
7265 10
42578 10
9263 10
30944 10
16343 10
43085 10
16829 10
17321 10
50008 10
2576 10
25065 10
38622 10
38510 10
36698 10
44774 10
8160 10
18051 10
38504 10
13369 10
27054 10
3181 10
27461 10
38143 10
46218 10
38069 10
34244 10
28279 10
25457 10
34517 10
12648 10
18797 10
36097 10
20964 10
31792 10
33146 10
27931 10
36554 10
32364 10
10191 10
6899 10
8902 10
13050 10
7158 10
28663 10
36711 10
22484 10
19565 10
13557 10
23964 10
3802 10
25348 10
20918 10
15821 10
8585 10
41606 10
41174 10
50733 10
29366 10
24158 10
11334 10
30578 10
6422 10
17867 10
34456 10
21266 10
26200 10
39339 10
24477 10
26695 10
45856 10
36374 10
2812 10
38972 10
7328 10
28835 10
21149 10
41028 10
5702 10
24455 10
31901 10
22043 10
22817 10
12291 10
2195 10
50078 10
51452 10
18725 10
39725 10
12693 10
1520 10
48355 10
36353 10
44972 10
51767 10
27803 10
18227 10
32471 10
6797 10
28172 10
24004 10
9155 10
46334 10
32687 10
16409 10
15042 10
20338 10
39613 10
30912 10
20138 10
50907 10
43510 10
35495 10
4666 10
47832 10
5383 10
20441 10
39524 10
24650 10
11183 10
49156 10
20672 10
42520 10
47892 10
16796 10
38378 10
49979 10
39079 10
44078 10
25685 10
36821 10
21377 10
22631 10
18080 10
33760 10
51902 10
49709 10
6014 10
16187 10
8603 10
33820 10
30728 10
858 10
40938 10
50788 10
26585 10
26891 10
21946 10
41572 10
31594 10
2333 10
51644 10
25718 10
45172 10
45182 10
28062 10
