1000 1000
952 996 675 797 145 312 492 449 764 32 417 389 621 270 16 937 821 478 839 698 874 630 614 211 445 450 929 639 547 47 867 69 79 382 556 747 707 840 886 581 804 31 216 769 6 538 678 603 858 960 420 560 463 847 392 91 563 715 544 179 575 505 650 26 11 127 451 665 229 209 991 104 137 150 686 166 350 432 963 368 971 164 497 758 157 242 957 93 403 235 570 59 605 862 33 89 77 40 436 319 300 955 261 415 673 85 974 116 687 241 447 486 41 205 999 940 120 326 653 802 239 92 619 330 397 948 396 154 43 945 637 15 888 709 191 260 457 647 883 192 724 1 811 20 263 755 800 459 994 884 343 938 661 3 980 424 109 669 992 920 273 697 900 177 923 825 753 953 320 71 101 142 832 576 552 391 365 480 25 962 831 409 912 139 902 230 816 664 521 814 183 593 218 171 344 404 310 918 122 620 875 823 844 978 105 481 756 9 983 439 793 106 671 915 176 151 613 561 132 616 288 131 275 134 966 567 35 255 712 353 254 898 494 701 761 719 660 5 148 967 228 703 684 916 4 924 997 181 78 367 371 947 635 876 791 52 311 413 501 2 861 220 735 358 838 370 979 655 532 290 794 372 28 907 763 340 411 895 602 119 307 283 54 908 75 744 958 194 428 837 162 968 108 972 381 395 577 315 223 856 190 313 335 379 186 850 658 981 774 622 516 746 345 959 405 989 124 140 469 807 61 21 843 879 257 887 259 244 390 49 722 42 700 280 248 964 472 251 914 219 648 377 585 178 680 160 44 527 406 393 231 277 19 574 268 683 303 510 58 688 351 642 615 801 422 781 782 965 629 99 155 466 569 892 329 202 444 30 990 524 845 498 599 50 982 894 762 767 548 341 956 90 954 464 852 984 872 565 153 165 554 386 677 299 198 815 333 236 51 363 949 455 378 644 969 993 528 941 731 189 245 305 14 752 339 487 285 759 541 604 951 899 118 582 713 243 490 508 68 301 580 813 45 857 149 7 496 346 425 564 225 136 152 657 95 83 57 284 705 374 775 366 509 672 806 977 135 748 485 873 125 546 930 199 772 147 352 733 266 256 910 327 203 258 282 240 612 337 589 656 302 695 944 456 897 60 784 123 103 708 233 819 834 482 388 475 932 933 416 674 790 287 572 659 431 961 693 795 507 488 557 418 973 38 749 537 779 158 545 460 618 679 296 383 182 881 373 133 201 854 714 65 262 67 66 530 766 306 82 489 789 533 855 649 281 331 893 610 423 891 750 323 668 185 237 48 250 107 318 848 760 931 309 435 355 117 702 578 778 129 442 716 792 293 438 308 29 518 904 477 453 745 588 596 430 751 877 864 643 297 777 859 598 22 911 316 159 742 200 718 866 8 805 17 462 882 193 128 633 196 842 437 276 905 922 573 919 768 10 543 72 796 499 628 81 720 590 625 818 691 646 387 13 531 529 770 512 325 568 173 168 706 332 474 732 540 600 356 520 617 689 776 321 338 483 926 517 180 115 46 399 429 264 896 935 928 55 141 97 56 667 376 562 74 361 471 975 207 112 606 663 279 298 685 976 824 269 289 246 398 234 555 788 721 206 408 294 221 597 934 473 76 936 286 878 523 247 587 699 889 412 522 73 995 627 454 138 559 314 217 785 525 410 322 903 988 592 465 817 334 728 98 88 987 271 734 63 970 317 87 426 213 349 394 468 670 484 291 786 853 401 249 80 551 925 434 215 638 364 880 110 70 204 939 121 704 553 998 870 737 696 666 710 208 304 809 526 36 738 549 476 195 803 427 232 34 324 53 265 144 212 827 740 467 836 295 985 723 504 725 156 407 741 146 634 736 502 798 682 1000 130 586 495 27 611 227 909 222 197 184 375 161 535 493 636 773 890 511 503 841 676 111 359 402 102 362 513 595 253 86 780 214 566 624 64 623 690 114 419 62 558 946 812 865 835 869 871 829 830 441 267 440 421 550 868 662 654 385 491 100 163 292 278 739 645 765 609 360 170 808 448 591 771 479 757 175 942 354 885 822 950 174 601 717 921 143 726 787 632 357 39 846 711 172 727 810 446 515 224 651 571 694 252 754 400 906 927 188 626 167 187 514 12 94 729 652 608 536 607 113 519 743 631 84 274 24 851 594 826 641 37 384 901 433 542 169 126 369 860 342 336 640 534 730 506 917 783 584 347 500 96 583 210 461 692 470 226 23 820 849 328 458 579 414 18 799 452 943 986 681 348 238 913 443 380 863 828 539 833 272
2 934 973
1 248 896
3 714 728
2 914 999
1 371 989
2 45 352
3 766 989
1 916 939
1 343 585
1 679 746
3 148 188
2 696 928
3 605 691
1 564 926
2 891 971
2 878 903
2 312 935
1 999 999
2 598 753
3 761 851
1 443 960
3 869 933
3 291 464
1 9 255
2 943 991
3 455 585
3 518 644
3 651 991
1 346 916
2 716 757
1 542 778
1 886 914
2 197 784
3 222 480
1 836 845
1 183 381
1 11 727
1 195 808
2 769 984
3 268 324
2 271 279
1 444 518
1 503 980
2 282 798
3 565 790
2 807 855
3 116 753
1 337 460
2 133 799
3 231 477
1 877 952
1 93 720
2 5 983
3 464 778
2 71 574
2 389 681
2 462 888
1 398 832
1 302 608
1 645 938
3 356 907
2 77 830
2 776 787
1 166 247
3 937 998
1 360 902
2 944 949
3 618 753
2 809 942
3 788 938
3 797 884
1 523 841
2 36 368
3 628 816
1 195 687
3 636 638
3 73 745
2 365 395
1 23 652
1 692 810
2 424 700
3 834 896
1 765 924
2 528 668
1 389 426
2 399 802
3 564 713
2 863 928
3 754 833
2 424 690
1 742 806
3 950 975
1 947 955
1 65 75
1 731 765
1 700 725
3 706 961
3 285 819
2 613 840
3 93 351
3 931 966
3 177 247
1 67 230
2 857 951
3 615 641
3 928 995
3 80 945
2 60 629
3 67 597
1 191 332
1 675 802
1 590 783
2 512 882
2 400 790
1 535 941
3 50 356
1 258 610
1 738 946
3 10 747
3 513 573
1 659 980
2 989 992
1 792 938
1 142 761
1 456 708
1 912 931
2 208 360
3 330 460
2 721 943
1 333 624
1 99 259
2 943 962
1 203 775
3 689 955
2 874 917
3 815 944
2 839 959
3 327 689
1 919 963
1 460 808
1 706 955
3 220 926
2 128 643
3 119 661
1 525 593
2 234 253
1 842 897
1 68 755
3 405 605
1 479 827
3 258 338
1 738 771
3 546 576
2 997 999
1 388 557
3 838 928
2 329 602
3 106 403
2 22 306
2 582 802
3 821 854
1 648 842
3 939 945
1 48 474
1 384 931
2 972 988
2 82 812
2 115 821
3 148 188
3 833 958
1 287 802
1 539 689
1 22 811
2 804 842
2 319 324
3 520 800
3 839 844
1 903 930
1 558 979
1 557 638
1 812 964
3 144 182
2 875 977
3 402 813
2 254 716
2 401 691
1 712 726
2 620 870
1 704 896
3 88 666
1 709 794
1 947 986
3 54 884
2 326 717
1 124 714
2 361 957
3 522 669
1 786 900
3 932 946
3 871 906
2 702 749
3 198 435
3 400 593
2 257 672
1 224 604
1 703 930
3 527 864
2 711 763
2 855 974
2 879 889
2 147 194
1 629 988
3 289 445
2 860 980
1 573 601
1 722 805
3 767 770
3 520 912
2 238 398
1 314 521
1 653 709
1 353 499
3 901 974
2 422 447
2 284 998
3 936 968
2 910 925
3 33 296
2 921 985
3 860 962
2 30 87
3 474 908
2 382 939
3 918 978
2 594 661
1 535 557
3 263 794
3 365 977
2 160 205
2 462 743
1 476 851
2 610 987
3 106 595
1 228 331
3 779 886
1 851 893
1 592 921
3 97 995
3 453 634
1 474 807
3 245 690
1 488 884
3 798 888
1 637 658
3 567 980
1 417 931
1 447 802
2 493 790
3 513 917
1 272 868
3 790 832
1 993 997
1 122 859
1 973 985
1 315 697
2 74 744
3 702 958
3 508 556
3 963 972
3 391 687
2 138 719
2 677 767
2 246 906
1 465 959
1 274 652
3 419 501
1 315 870
2 557 850
1 749 906
1 759 838
2 192 613
2 799 960
1 749 930
1 652 765
1 949 982
2 460 466
2 977 990
1 923 938
3 544 915
2 149 674
3 229 986
2 62 331
2 904 975
2 353 379
3 567 694
2 7 421
2 629 655
3 409 906
2 618 903
1 840 909
2 652 714
3 268 695
2 805 946
3 538 626
3 366 671
2 554 554
2 507 953
2 89 584
3 615 725
3 755 816
1 778 977
1 292 782
2 625 754
2 320 588
2 510 635
3 224 352
3 305 511
3 286 287
3 174 586
3 92 616
2 406 669
3 641 786
1 331 903
3 620 823
2 991 999
3 260 445
1 6 182
2 280 344
1 500 772
3 379 534
1 697 888
3 235 239
3 363 383
3 148 285
2 530 668
2 407 574
3 610 888
3 432 761
2 726 936
3 558 885
1 465 564
2 980 999
2 242 871
2 185 283
2 183 483
2 188 417
1 921 997
3 379 392
1 74 320
1 724 985
2 443 810
2 412 634
3 146 699
1 695 790
2 434 801
1 776 974
2 124 321
3 27 52
1 110 867
1 728 955
1 337 473
1 105 336
2 448 542
1 166 436
1 270 571
3 663 943
2 120 258
3 107 418
2 68 708
3 584 957
1 473 998
1 883 892
1 360 525
1 624 831
2 714 806
2 325 370
2 250 803
1 499 634
1 509 807
1 453 510
3 656 996
3 189 991
3 514 604
1 212 212
1 706 835
2 121 612
3 210 303
2 124 880
2 958 981
2 957 971
3 118 275
1 191 517
1 763 769
2 394 489
3 872 921
1 728 912
2 879 922
3 790 852
1 263 975
3 598 985
2 340 799
1 827 993
1 454 712
2 374 970
1 276 610
2 352 600
2 539 719
2 1000 1000
2 643 827
1 541 978
1 538 869
2 46 119
1 964 988
3 506 770
2 217 907
1 851 874
2 328 727
3 102 127
1 444 699
3 200 970
1 421 853
2 794 813
2 225 679
2 718 753
2 562 930
3 302 528
3 106 119
3 889 945
1 542 752
1 808 874
3 400 684
1 441 706
2 88 887
3 202 932
3 580 898
1 561 686
3 14 759
1 483 930
1 70 306
3 146 285
1 953 970
1 923 930
1 673 897
1 399 908
3 965 981
1 817 879
2 483 719
3 833 992
1 523 899
3 511 836
2 367 829
1 890 918
1 649 999
1 722 738
1 340 547
1 372 507
1 111 333
1 517 635
2 909 961
1 369 791
2 169 256
3 821 855
1 274 936
1 170 558
3 162 226
3 932 967
2 516 548
1 635 680
1 725 939
3 177 683
1 866 885
3 484 915
3 652 775
2 124 882
2 200 492
1 31 335
1 467 598
3 196 673
3 109 333
2 542 857
1 772 908
3 771 833
3 59 761
1 124 253
1 426 851
2 870 984
2 345 679
1 969 983
1 296 796
2 992 997
1 106 286
1 641 695
1 234 307
2 622 889
2 957 984
1 803 865
3 609 756
3 66 324
1 92 562
3 205 356
1 153 244
2 994 998
3 200 829
1 4 659
1 780 841
2 968 968
2 521 980
2 726 970
2 118 511
3 26 276
3 105 648
1 947 958
1 681 942
3 586 857
3 72 398
3 213 490
2 145 737
1 421 518
2 31 356
3 277 532
3 951 977
2 677 969
3 527 646
2 920 991
1 424 900
2 825 882
1 697 716
2 316 830
3 453 475
3 626 841
2 910 973
2 109 471
3 242 750
1 686 892
1 294 727
2 316 911
1 233 917
3 959 965
3 132 366
2 381 448
3 415 857
3 83 337
2 557 873
3 159 783
1 828 971
1 980 993
1 343 405
1 285 925
2 669 725
2 455 665
2 166 859
1 905 953
2 59 561
2 662 836
3 590 806
2 94 502
3 651 685
1 64 432
2 854 932
2 267 403
3 470 799
1 30 981
2 801 834
1 357 908
2 97 411
1 54 687
1 54 921
3 332 576
1 452 923
2 122 628
2 103 604
1 827 911
3 565 986
2 656 736
3 580 715
1 146 346
3 924 987
2 585 638
3 286 857
2 381 498
1 622 745
2 500 990
1 574 658
1 988 999
1 117 813
1 587 740
2 550 879
3 835 913
1 28 793
3 434 562
3 45 145
1 714 975
3 133 958
3 405 869
1 942 996
1 740 912
3 5 166
3 777 946
1 799 958
2 338 960
2 308 628
3 712 990
1 548 812
3 104 908
2 464 824
1 952 995
1 971 973
1 524 733
2 169 406
2 626 919
2 351 681
3 964 990
3 357 994
2 925 968
2 624 634
2 982 989
3 107 727
2 754 833
1 216 631
1 624 924
1 162 979
3 488 671
1 85 198
3 416 462
1 633 906
3 952 979
2 451 704
3 563 604
1 710 875
2 639 884
3 945 958
3 496 543
2 114 494
1 537 745
1 98 299
2 268 507
3 985 986
3 283 447
1 260 509
2 374 616
2 164 797
3 430 918
1 554 625
2 314 723
2 672 986
1 481 804
2 283 411
1 920 941
3 511 623
1 245 500
2 306 497
2 916 954
2 509 532
3 920 963
2 726 852
2 677 838
2 386 779
2 981 1000
1 874 922
1 448 960
2 844 938
2 537 769
3 541 549
3 445 673
3 948 974
2 694 740
2 825 924
3 175 403
2 982 986
3 841 925
1 653 666
3 751 992
1 324 988
1 253 974
1 317 750
1 103 577
1 81 184
1 872 933
2 359 698
2 488 708
1 224 697
2 411 972
2 158 988
1 175 916
1 853 928
3 76 402
1 89 735
2 218 802
1 865 977
1 574 796
1 818 973
2 893 934
1 160 197
3 318 548
2 914 926
1 922 958
2 468 748
2 405 805
2 593 683
3 858 912
2 489 867
3 35 653
1 801 880
3 751 986
3 121 328
1 840 928
3 706 955
3 220 742
2 728 736
1 474 478
3 765 897
1 664 752
3 599 609
1 668 815
2 371 882
1 577 935
2 315 380
2 340 696
1 245 438
1 150 372
1 124 291
1 338 534
3 988 988
3 266 614
2 849 897
2 142 958
1 488 526
3 621 804
1 129 449
2 8 171
2 731 969
2 68 881
2 49 939
3 943 963
3 141 905
1 958 965
3 491 890
3 381 611
3 560 593
2 983 994
3 939 952
1 936 979
1 363 998
1 576 823
1 650 884
2 49 882
1 530 560
2 795 910
1 389 423
1 70 322
1 362 710
2 193 486
3 309 529
3 289 343
2 95 619
2 645 1000
3 751 960
3 481 594
1 671 795
2 1000 1000
3 859 976
3 726 836
1 902 935
3 301 765
1 327 817
1 95 340
3 379 667
1 213 498
1 803 897
1 254 377
1 663 994
2 794 809
1 308 599
3 185 406
2 867 927
1 238 330
2 619 683
2 329 483
3 529 687
2 956 958
3 525 601
2 684 819
1 896 980
2 555 942
1 459 990
1 756 863
3 914 999
1 856 886
2 770 907
3 735 781
3 392 486
3 482 833
3 371 829
3 848 853
3 466 994
2 774 788
1 537 735
2 555 763
2 569 892
3 243 737
2 608 855
3 802 884
1 96 406
2 877 888
1 434 875
2 29 652
2 492 937
2 76 898
2 937 972
2 420 787
2 554 913
3 844 890
2 555 967
2 53 728
3 543 639
1 516 569
3 111 656
2 314 889
1 336 891
2 130 443
2 459 843
1 985 990
3 145 572
2 755 952
1 607 710
2 628 998
3 472 700
2 301 917
3 497 804
2 97 416
2 994 999
3 512 553
1 34 334
2 938 938
1 514 559
1 358 872
3 885 937
1 564 692
2 671 715
3 745 938
1 653 929
3 498 870
2 404 456
2 147 810
1 837 972
3 257 272
2 488 782
1 805 809
1 152 806
3 531 672
1 806 813
2 563 851
2 913 992
2 814 967
1 629 815
1 684 820
2 793 993
1 868 988
1 367 881
3 140 443
1 287 481
2 779 883
2 451 698
3 428 802
3 657 826
2 77 99
1 229 571
2 463 544
1 550 623
2 959 997
1 315 419
1 869 928
3 221 330
1 371 512
3 687 696
2 826 891
1 453 624
3 848 879
1 122 232
3 661 911
1 470 615
3 983 996
2 326 660
3 251 892
3 44 817
3 566 732
1 65 429
1 52 453
2 81 82
3 863 906
3 775 929
3 315 331
2 49 661
3 488 826
1 590 916
2 384 804
2 214 936
1 659 873
1 785 950
3 663 917
2 947 999
1 925 996
3 455 913
3 104 108
1 587 694
1 816 940
2 356 859
3 439 797
1 298 444
1 851 910
3 325 513
3 884 946
1 25 697
2 319 778
2 503 954
2 515 800
2 364 463
1 498 638
3 38 469
3 979 996
2 5 229
3 62 526
1 112 424
3 192 797
1 521 944
1 912 965
3 473 682
1 667 790
2 31 944
1 188 801
2 558 855
2 982 984
1 886 897
2 686 825
2 838 999
1 451 583
3 750 984
2 200 371
1 538 595
2 621 636
1 284 703
3 193 792
2 42 713
3 307 607
3 217 542
1 722 762
1 9 842
1 130 233
3 850 909
2 465 819
3 365 975
1 185 577
3 295 984
1 87 324
1 418 696
3 557 921
1 182 765
3 372 999
1 327 547
3 133 347
2 870 873
3 680 854
1 661 954
1 773 972
3 231 587
2 674 920
2 469 800
3 565 789
2 663 857
3 995 995
2 561 907
2 241 830
1 484 504
3 250 800
3 416 947
1 889 949
2 455 946
2 440 495
2 44 125
3 776 947
1 269 927
2 971 988
1 325 735
1 207 929
1 206 214
1 740 755
2 582 649
1 473 972
2 408 409
2 563 841
3 885 1000
2 38 645
1 571 662
3 320 770
3 981 990
1 691 861
3 564 757
2 610 759
3 886 905
3 518 580
