10
BUY 3700
3.00 1
3.00 158
3.00 172
3.00 26
2.99 21
2.99 111
2.98 131
2.99 166
2.98 12
2.98 14
2.98 40
2.99 37
2.99 172
2.99 174
3.00 184
2.99 119
2.99 195
2.99 109
2.98 84
2.98 122
2.97 191
2.98 195
2.99 3
2.99 196
2.99 98
3.00 23
3.00 86
2.99 126
2.99 133
2.98 4
2.98 175
2.99 41
2.99 80
3.00 142
3.01 94
3.00 198
3.00 177
3.00 146
3.00 20
3.00 121
3.00 96
2.99 27
2.99 6
2.99 106
2.98 20
2.98 87
2.98 7
2.98 186
2.98 33
2.99 90
2.99 85
2.99 185
2.99 63
2.99 113
2.99 125
2.98 17
2.99 150
2.99 61
2.99 176
2.98 169
2.98 63
2.98 169
2.99 141
2.98 146
2.98 155
2.98 195
2.99 151
2.98 104
2.99 197
2.99 4
2.99 123
2.99 19
2.99 145
2.98 128
2.98 137
2.97 130
2.98 46
2.97 73
2.98 24
2.97 179
2.97 186
2.97 144
2.96 49
2.96 146
2.97 168
2.98 90
2.98 114
2.97 28
2.98 24
2.98 44
2.98 23
2.97 168
2.98 27
2.97 2
2.97 3
2.97 115
2.97 124
2.96 37
2.97 88
2.98 93
2.98 41
2.98 69
2.97 63
2.98 105
2.98 39
2.97 92
2.97 150
2.97 20
2.98 117
2.98 48
2.99 79
2.99 159
2.98 44
2.97 45
2.98 100
2.98 57
2.99 89
2.99 117
2.98 57
2.98 3
2.98 195
2.98 200
2.97 93
2.97 191
2.97 53
2.97 27
2.97 114
2.96 142
2.95 137
2.95 176
2.95 171
2.95 6
2.95 110
2.94 61
2.94 120
2.95 86
2.95 167
2.94 7
2.94 123
2.95 78
2.95 30
2.96 76
2.96 42
2.95 76
2.95 2
2.95 92
2.96 84
2.96 102
2.97 48
2.96 155
2.96 129
2.96 174
2.97 17
2.96 79
2.96 5
2.95 117
2.96 123
2.97 177
2.96 136
2.96 29
2.96 55
2.97 194
2.96 140
2.97 169
2.96 181
2.96 47
2.96 21
2.97 193
2.96 44
2.97 86
2.98 169
2.98 184
2.98 173
2.98 44
2.98 33
2.97 76
2.98 142
2.97 68
2.97 4
2.97 69
2.97 19
2.96 146
2.97 73
2.97 125
2.96 63
2.95 60
2.96 15
2.95 9
2.96 180
2.96 76
2.96 25
2.97 20
2.98 118
2.98 70
2.97 91
2.97 117
2.96 76
2.97 106
2.96 168
2.97 144
2.96 110
2.95 90
2.96 6
2.96 200
2.96 177
2.96 19
2.95 169
2.96 122
2.96 33
2.95 179
2.96 107
2.96 37
2.96 60
2.97 35
2.97 126
2.96 182
2.97 160
2.97 197
2.97 136
2.98 167
2.98 188
2.98 96
2.98 107
2.99 117
2.99 36
3.00 53
3.01 105
3.01 100
3.00 144
3.00 67
3.00 177
2.99 46
2.99 9
2.99 25
3.00 55
2.99 186
3.00 10
2.99 154
2.99 100
2.99 104
BUY 100
0.01 56
0.01 46
0.02 72
0.01 55
0.01 31
0.01 81
0.02 32
0.02 34
0.02 73
0.01 0
0.01 34
0.01 50
0.01 88
0.01 72
0.01 42
0.01 89
0.01 36
0.01 100
0.01 90
0.01 15
0.01 20
0.01 65
0.01 99
0.01 24
0.01 20
0.01 88
0.01 99
0.01 49
0.01 84
0.01 69
0.01 16
0.01 83
0.01 23
0.01 78
0.01 24
0.01 71
0.01 9
0.01 69
0.01 95
0.01 9
0.01 39
0.01 3
0.02 10
0.02 64
0.01 58
0.01 86
0.02 12
0.02 82
0.02 67
0.02 0
0.02 35
0.03 33
0.04 25
0.03 98
0.02 97
0.03 24
0.04 14
0.04 32
0.04 74
0.05 51
0.04 34
0.05 67
0.04 34
0.03 0
0.03 13
0.04 51
0.04 46
0.03 76
0.03 20
0.04 94
0.04 62
0.04 76
0.03 92
0.04 43
0.04 90
0.05 95
0.04 24
0.05 62
0.05 31
0.05 21
0.05 97
0.05 21
0.06 42
0.06 93
0.06 4
0.06 26
0.05 24
0.04 93
0.04 68
0.04 59
0.03 67
0.03 41
0.02 16
0.02 78
0.02 21
0.02 46
0.02 74
0.02 65
0.01 55
0.01 95
0.01 57
0.01 46
0.01 41
0.01 88
0.01 97
0.01 96
0.01 9
0.01 58
0.01 62
0.01 34
0.01 33
0.01 19
0.01 14
0.01 90
0.01 84
0.01 32
0.01 95
0.01 56
0.01 76
0.01 64
0.01 83
0.01 62
0.01 89
0.01 58
0.01 10
0.01 34
0.01 47
0.01 95
0.01 69
0.01 12
0.01 77
0.01 38
0.01 78
0.01 1
0.01 20
0.01 49
0.01 65
0.01 22
0.01 86
0.01 49
0.01 61
0.01 22
0.01 4
0.01 40
0.01 28
0.01 80
0.01 31
0.01 51
0.01 68
0.01 21
0.01 24
0.01 60
0.01 91
0.01 85
0.02 58
0.01 38
0.01 49
0.01 34
0.01 42
0.01 55
0.02 26
0.03 89
0.03 82
0.03 4
0.02 94
0.02 86
0.02 73
0.02 7
0.02 99
0.03 70
0.04 24
0.05 95
0.04 4
0.04 67
0.04 63
0.04 42
0.05 32
0.05 97
0.06 99
0.06 98
0.06 7
0.07 16
0.07 47
0.06 6
0.05 90
0.04 93
0.04 51
0.04 53
0.03 47
0.03 31
0.03 44
0.03 56
0.04 46
0.03 50
0.02 73
0.02 3
0.02 49
0.02 94
0.02 16
0.02 17
0.01 60
0.01 52
0.01 32
0.01 98
0.01 21
0.02 91
0.02 93
0.01 56
0.01 67
0.01 46
0.01 47
0.01 72
0.01 13
0.02 98
0.02 23
0.02 18
0.02 38
0.01 79
0.02 265
0.03 84
0.02 98
0.02 19
0.02 8
0.02 63
0.01 85
0.02 90
0.01 71
0.02 4
0.03 87
0.03 91
0.02 35
0.02 79
0.02 95
0.02 25
0.03 98
0.03 0
0.03 55
0.03 52
0.02 34
0.01 63
SELL 3298000
484.41 1048
1447.15 1042
2854.38 100087
2803.38 4236
1972.79 100006
3270.87 1062
2911.93 4258
3116.35 100033
2251.87 1089
920.42 4223
2607.20 1063
2543.13 100034
3293.85 47
607.19 1081
78.62 1002
1211.16 26
908.30 4230
1374.09 100065
211.98 100022
2167.45 43
1517.09 4209
941.11 1078
360.38 1029
2038.07 3
352.76 1099
3054.54 100010
983.05 1005
3187.77 1082
439.85 1092
1382.95 99
2763.30 100019
1851.41 4292
1589.64 1058
3127.52 37
582.34 1045
3021.73 1090
1827.28 4223
1013.81 100081
1242.26 4269
988.59 75
2245.52 4300
1564.68 100017
1839.19 1062
2304.78 100004
3051.32 4255
2478.99 1024
1049.88 100094
2363.15 1084
2457.51 4283
3223.92 80
1370.99 41
1889.23 1032
2685.83 40
1187.82 4300
1157.89 100007
2204.41 100086
1326.17 4216
3008.05 1097
1232.48 1091
781.80 4251
2164.96 14
2124.27 4298
3515.80 99
3345.55 4201
1496.26 100068
1592.58 100021
2313.83 4240
1791.70 1026
2086.03 100024
1424.63 4208
3052.96 100024
3167.26 100073
2806.18 4205
2659.66 61
3151.85 100097
907.98 100078
3343.32 1
716.24 1040
359.30 51
1756.95 100035
561.17 4252
908.72 4263
2150.60 1081
527.52 100003
1412.10 1055
1301.43 4248
3348.59 4293
278.70 100064
1809.91 1007
1661.73 1037
575.33 100024
1230.23 97
1289.76 1016
1271.36 4216
1977.22 1082
1975.49 1048
1654.78 4263
1563.40 9
2162.90 1066
1720.90 4255
445.40 100077
2329.42 100059
1451.83 1088
3027.46 57
469.23 18
1937.79 55
1063.84 67
2245.53 31
2903.88 100025
2305.73 35
2029.64 1010
3306.81 1046
802.89 4286
3534.47 100008
1558.10 59
2248.29 1023
460.80 4299
106.90 1066
564.94 100066
1928.41 16
852.84 100012
2820.95 4246
549.78 100047
2353.29 1040
3195.39 100066
2459.88 1022
3275.92 100084
2924.42 100095
3045.01 37
141.32 1080
1812.26 4284
1061.91 4233
1557.29 100032
2586.30 1032
2595.19 74
724.69 37
606.89 2
248.34 4272
2625.66 1086
2920.43 1010
326.90 100086
484.95 1064
488.96 100027
3515.34 100073
253.34 100029
2043.97 4255
3110.87 31
605.49 4294
2424.40 1085
1204.52 100018
2276.54 100074
1662.52 1033
529.55 1089
3185.13 1018
1775.94 53
3486.25 100022
2113.21 1008
3406.22 100036
2324.04 4216
204.71 4222
16.34 75
3522.03 19
2364.45 4215
2809.53 100050
2975.60 7
1281.31 75
2503.64 4226
2298.13 100098
213.71 100010
1913.06 100087
3301.00 1027
1975.11 1001
2793.21 100048
238.07 1041
1474.38 4219
1795.72 4233
1970.90 4267
3003.59 100047
1740.69 100072
2010.39 100015
1840.03 100033
2393.71 1006
2057.94 1019
1403.93 100
1013.91 1090
3066.40 100040
1258.17 1009
2531.04 4272
963.83 4279
3505.51 60
767.55 100006
1490.93 89
1309.08 4274
3115.23 100084
2597.60 1068
931.48 100033
864.58 4290
2638.68 1011
1585.26 92
639.36 100077
413.19 1061
2559.75 1033
2346.81 54
2862.25 4222
273.09 4223
1705.15 30
513.69 100073
2024.04 46
815.09 4260
816.63 100097
1991.26 4249
582.73 100061
2819.73 100015
591.69 1074
946.83 28
2680.30 53
936.40 1078
1059.71 1051
2781.22 4251
1998.55 1004
2876.34 1023
3083.98 100054
3419.22 60
306.91 4269
1394.58 4261
1612.66 4244
1017.31 1023
3079.16 68
1399.68 1019
3293.45 1022
249.89 61
1576.96 19
2230.38 1033
2791.71 4200
1714.02 1099
3192.86 9
1054.48 1017
1262.50 4291
683.60 1086
671.84 1016
BUY 111300
2.00 371
2.20 9332
2.55 6493
3.46 1721
3.87 189
4.24 2441
3.80 3803
4.05 1756
4.40 4120
4.89 2298
4.86 9432
5.78 8966
6.34 1210
6.93 9794
7.89 5470
8.83 549
8.52 7546
9.37 3320
9.66 7642
10.07 6800
9.60 3703
9.20 1081
9.90 2104
9.95 6517
10.92 5972
11.84 2200
12.15 7689
12.54 9639
12.93 9579
13.24 8579
13.95 7947
14.93 4358
14.93 3843
15.06 7747
15.15 1056
14.76 1893
14.74 3643
14.70 9081
14.68 1318
14.66 1498
14.62 8053
14.61 6954
14.56 1088
14.53 4317
14.52 1159
14.49 8235
14.45 8046
14.42 1560
14.38 10079
14.33 8389
14.32 4839
14.30 8266
14.27 8841
14.22 909
14.20 6679
14.19 8066
14.15 8923
14.10 9017
14.08 4974
14.04 8964
14.00 941
13.98 341
13.93 9806
13.92 3499
13.87 2829
13.86 9939
13.84 10052
13.82 5005
13.79 7406
13.76 1412
13.74 4718
13.71 5066
13.66 5794
13.63 3651
13.62 1593
13.60 6506
13.55 4497
13.53 5240
13.51 7228
13.47 4944
13.42 2881
13.39 8812
13.35 2361
13.31 5468
13.29 7128
13.27 2988
13.23 7080
13.19 6528
13.17 3055
13.15 1712
13.13 2328
13.09 2742
13.05 9074
13.01 333
12.97 7378
12.94 528
12.90 1012
12.88 9293
12.85 1370
12.81 761
12.79 3989
12.76 9825
12.74 7069
12.72 2698
12.69 5699
12.68 3714
12.65 3128
12.64 3087
12.61 7525
12.57 3311
12.56 10027
12.52 5351
12.49 4786
12.44 9090
12.40 5817
12.38 4785
12.36 8951
12.32 6154
12.29 4689
12.27 9087
12.24 9926
12.19 1557
12.18 39
12.16 466
12.13 3353
12.10 9366
12.06 7302
12.02 5547
11.97 1461
11.92 6808
11.88 514
11.86 5959
11.81 7955
11.80 7148
11.79 8517
11.76 8372
11.74 5772
11.70 4644
11.68 4156
11.67 7978
11.66 4800
11.62 3489
11.60 9838
11.56 3916
11.51 1916
11.46 850
11.44 3341
11.43 9932
11.39 6105
11.37 2459
11.33 5538
11.28 707
11.24 1503
11.21 9211
11.18 8548
11.14 8904
11.11 445
11.07 8541
11.05 8069
11.01 1324
10.98 340
10.94 9118
10.91 3129
10.88 7555
10.85 6367
10.82 7053
10.78 8673
10.76 8466
10.74 4431
10.71 4582
10.68 6750
10.64 8302
10.59 2264
10.56 9514
10.54 667
10.50 9187
10.48 9965
10.46 8324
10.43 2376
10.41 4100
10.39 1514
10.38 8313
10.37 2824
10.33 10075
10.29 502
10.25 8149
10.20 5519
10.18 6499
10.16 6900
10.13 7759
10.11 5550
10.06 2759
10.02 1532
9.98 4743
9.97 37
9.92 5511
9.87 8970
9.85 1357
9.82 958
9.80 5553
9.77 8811
9.74 3591
9.72 160
9.67 374
9.66 4384
9.64 3460
9.62 1191
9.60 1653
9.55 8013
9.51 2762
9.49 1495
9.45 5999
9.40 1141
9.38 1859
9.34 8460
9.31 7084
9.28 5140
9.23 1269
9.22 2823
9.20 5002
9.15 2085
9.13 1817
9.10 8619
9.08 4419
9.07 8199
9.02 2733
9.00 9161
8.96 1993
8.95 9345
8.91 9476
8.86 472
8.83 3497
8.80 6328
8.75 1285
8.71 781
8.66 1100
8.61 4043
8.57 8800
8.52 7948
8.48 552
BUY 1246200
300.00 360590
299.97 74506
299.96 792069
299.94 466838
299.91 392099
299.90 480780
299.89 847986
299.84 994605
299.83 122958
299.81 963489
299.77 387099
299.73 749094
299.71 940152
299.70 563666
299.65 988174
299.63 914600
299.61 21714
299.58 8194
299.54 889890
299.50 474248
299.46 683174
299.45 986234
299.43 448062
299.39 655839
299.37 418828
299.35 532593
299.31 137522
299.29 831376
299.27 984332
299.22 190559
299.19 666721
299.15 134603
299.11 103700
299.08 237910
299.05 939900
299.04 395966
299.01 898256
298.98 842313
298.97 326231
298.92 661207
298.88 795727
298.87 172248
298.84 138719
298.82 293326
298.78 756929
298.76 9750
298.72 465616
298.68 548889
298.65 998112
298.62 292311
298.60 66711
298.58 903758
298.56 220110
298.51 135357
298.49 536473
298.46 266077
298.44 526706
298.42 431581
298.37 38398
298.34 192067
298.31 489049
298.29 942497
298.25 940102
298.21 755474
298.19 420513
298.14 688206
298.11 877914
298.09 771983
298.05 28368
298.00 324296
297.99 84779
297.97 604070
297.95 905722
297.93 287341
297.91 937928
297.88 674167
297.87 34958
297.86 292499
297.84 872251
297.82 416310
297.77 812997
297.72 193187
297.70 610719
297.68 818872
297.63 822099
297.62 800954
297.60 572375
297.55 535957
297.53 419938
297.51 120811
297.47 854167
297.45 843094
297.40 980777
297.37 892996
297.36 388382
297.32 382899
297.29 412331
297.26 404827
297.23 458320
297.20 935314
297.17 518837
297.14 109518
297.11 258574
297.10 398054
297.06 617124
297.02 263857
296.98 103940
296.94 905600
296.91 553370
296.87 905602
296.82 89780
296.79 826671
296.74 286979
296.71 962430
296.69 433301
296.66 90268
296.63 245814
296.61 82520
296.58 850365
296.57 279722
296.54 413045
296.50 383660
296.48 410396
296.44 917320
296.40 400790
296.35 146614
296.31 505190
296.27 560018
296.25 910798
296.23 280026
296.19 208105
296.18 411710
296.14 332293
296.10 974442
296.05 319294
296.01 274096
295.96 777175
295.93 29644
295.91 703811
295.88 305526
295.84 930183
295.83 240707
295.81 435749
295.79 811521
295.75 475045
295.71 161447
295.66 805984
295.64 430364
295.62 674150
295.60 599839
295.57 267803
295.54 499306
295.51 934058
295.48 798089
295.44 8767
295.39 145335
295.37 374583
295.34 402141
295.32 377251
295.29 386772
295.28 548913
295.23 318254
295.20 923500
295.17 427118
295.15 744718
295.13 507238
295.10 535540
295.08 175564
295.07 938072
295.05 330086
295.01 583191
294.99 151432
294.96 125433
294.94 427410
294.92 865509
294.87 611852
294.82 262259
294.81 723386
294.78 654138
294.76 635867
294.72 763478
294.69 940215
294.66 873157
294.62 983161
294.59 156332
294.55 678991
294.53 826290
294.48 41277
294.46 307555
294.44 650063
294.41 395894
294.39 995919
294.37 459230
294.32 523069
294.28 615198
294.24 647038
294.21 99308
294.18 837978
294.15 891493
294.12 954507
294.08 116148
294.04 125178
294.00 557024
293.97 65916
293.96 203201
293.92 599433
293.90 775021
293.88 69313
293.84 495025
293.82 238761
293.79 508854
293.78 825400
293.73 523408
293.70 598906
293.67 43692
293.63 464361
293.62 477206
293.58 758784
293.55 298117
293.53 526598
293.52 282954
293.47 85711
293.45 407103
293.41 719087
293.39 889363
293.34 864764
293.30 287064
293.29 196508
293.24 377663
293.20 511630
293.18 363212
293.14 288722
293.13 4396
293.09 976975
293.06 35233
293.02 879601
293.00 545764
292.95 458940
292.92 221367
292.90 968140
BUY 1931300
0.01 913502
0.01 62092
0.01 757250
0.01 214772
0.01 422375
0.01 335476
0.01 140443
0.02 952717
0.01 964549
0.01 432071
0.01 774206
0.01 502092
0.01 793282
0.01 522052
0.01 978368
0.01 162794
0.01 54938
0.01 615267
0.01 928528
0.01 64769
0.01 47641
0.01 892585
0.01 982090
0.01 521215
0.01 651339
0.01 871716
0.01 47047
0.01 143195
0.01 594860
0.01 68179
0.01 67133
0.01 274402
0.01 878358
0.01 722622
0.01 3016
0.01 609957
0.01 306866
0.01 102399
0.01 331358
0.02 412374
0.01 334913
0.02 92985
0.01 768842
0.01 923712
0.01 77063
0.01 133104
0.01 521866
0.01 709798
0.01 62433
0.01 390044
0.01 723435
0.01 552738
0.01 540242
0.01 166486
0.01 769479
0.01 252267
0.01 13927
0.01 816029
0.01 505566
0.01 783490
0.01 233829
0.01 629674
0.01 995669
0.02 132691
0.01 304854
0.02 34625
0.02 882898
0.03 702734
0.03 449409
0.04 761804
0.04 183327
0.04 822025
0.04 333347
0.05 981623
0.04 182117
0.05 788329
0.04 972899
0.05 646747
0.04 804982
0.03 287613
0.02 548006
0.01 470010
0.01 290410
0.01 302231
0.01 186364
0.01 675921
0.01 797555
0.01 105812
0.01 604591
0.01 397022
0.01 107009
0.01 761095
0.01 498028
0.01 328412
0.01 574444
0.01 901074
0.01 10881
0.01 616891
0.01 736638
0.01 264185
0.01 286004
0.01 398469
0.02 651170
0.01 114005
0.01 188177
0.01 543996
0.02 172199
0.02 10873
0.03 442352
0.03 497421
0.02 108580
0.03 387722
0.03 875678
0.03 768840
0.03 314719
0.04 956121
0.04 436721
0.04 410975
0.05 340271
0.05 496738
0.06 455131
0.06 979016
0.06 656714
0.06 604028
0.07 710767
0.07 736023
0.07 441185
0.06 750195
0.05 964748
0.04 995950
0.04 53012
0.03 227583
0.03 553353
0.02 337701
0.03 299562
0.02 512086
0.02 179223
0.01 897435
0.01 359479
0.01 241751
0.02 629539
0.01 300972
0.01 98511
0.01 846144
0.01 537029
0.01 546627
0.01 23547
0.02 645355
0.02 972078
0.01 173972
0.01 837047
0.01 741852
0.01 417604
0.01 108017
0.01 91517
0.01 843131
0.01 368032
0.01 723570
0.01 683039
0.01 923976
0.01 676355
0.01 57384
0.01 331627
0.01 467984
0.01 235139
0.01 383457
0.01 280745
0.01 521715
0.01 759223
0.01 78767
0.01 534368
0.01 69920
0.01 479862
0.01 472114
0.01 550425
0.01 649898
0.01 229436
0.01 659280
0.01 746238
0.01 581544
0.01 441937
0.01 628570
0.01 532602
0.01 415994
0.01 31200
0.01 362605
0.01 165693
0.01 469783
0.01 62268
0.01 806788
0.01 491133
0.01 910329
0.01 533433
0.01 42057
0.01 413156
0.01 554094
0.01 33500
0.01 162934
0.01 663787
0.01 790106
0.01 222928
0.01 47179
0.01 479177
0.01 653897
0.01 677112
0.01 336724
0.01 433622
0.01 537697
0.01 667174
0.01 993536
0.01 275415
0.01 154621
0.01 805001
0.01 591268
0.01 314662
0.01 119494
0.01 459881
0.01 344525
0.01 735295
0.01 361939
0.01 30304
0.01 333973
0.01 613846
0.01 363945
0.01 623221
0.01 666168
0.01 819510
0.01 358411
0.01 694542
0.01 287887
0.01 145894
0.01 769099
0.01 670033
0.01 871634
0.01 127015
0.01 740149
0.01 802212
0.01 586599
0.01 636123
0.01 294665
SELL 500
1148.19 39
651.92 8
2437.20 30
554.58 49
3125.78 43
1125.52 96
1693.35 12
1176.93 31
2691.61 66
3431.99 80
1271.29 17
2888.21 87
3407.31 62
3375.93 75
594.39 10
3325.78 30
2272.37 43
311.63 62
866.50 99
1382.67 83
3.07 45
2404.50 64
716.77 92
1206.09 27
532.39 15
2338.84 80
1605.58 67
2377.99 43
1079.88 67
1570.28 26
2739.73 91
1499.94 52
1925.21 75
1980.90 257
506.77 89
1627.06 95
1735.73 69
2120.22 49
1583.14 24
1264.40 67
2582.15 6
3395.57 49
1070.71 44
208.88 76
1921.26 71
1385.16 44
3216.49 77
2653.89 100
3004.92 67
593.48 51
2928.77 50
33.43 61
1726.03 38
100.16 33
827.55 45
106.39 63
2503.30 20
3305.57 92
1052.89 56
1900.52 9
132.99 22
1295.80 46
2700.43 63
908.02 40
221.79 90
373.10 34
3318.99 78
1100.67 31
909.46 75
886.50 38
1251.35 45
2326.04 45
85.23 36
464.18 93
2408.50 12
1401.12 97
2665.12 25
2124.49 21
1612.89 86
2360.12 75
2722.18 77
265.57 85
2855.95 90
2968.86 64
2446.99 72
1234.98 96
2447.33 94
1545.71 46
676.22 40
1219.37 43
644.45 54
108.62 49
221.24 27
1333.56 62
1566.09 61
1718.11 60
500.34 81
2008.72 62
3255.13 25
931.52 39
1925.43 84
3336.34 23
772.94 27
1613.20 48
36.55 93
1669.94 54
3208.01 90
3136.92 49
1234.01 84
2915.24 70
3524.02 20
2633.31 81
819.84 91
1996.27 10
1329.47 70
240.67 75
3245.10 3
3178.43 14
1747.99 56
3523.86 50
346.84 96
1847.86 14
557.04 13
3115.32 3
607.44 100
1867.08 45
2534.69 57
2471.03 54
3453.52 38
2887.00 99
1403.11 38
3331.04 13
2694.62 18
455.79 75
886.01 89
1137.94 89
3086.07 100
543.92 54
2739.81 40
589.20 2
3411.47 17
3530.72 1
3153.41 1
1483.24 74
1982.09 99
1929.94 86
841.39 82
1285.77 68
528.49 62
1762.42 25
1625.52 99
507.21 85
409.13 36
3055.61 72
3188.11 35
2881.99 47
1929.81 78
1059.30 35
1043.45 97
232.47 41
2165.31 90
2088.26 66
1258.24 82
2771.05 17
2715.59 74
2448.57 22
337.69 36
1194.92 49
3008.00 80
2030.85 72
1947.21 91
2186.88 39
2389.73 46
3073.95 71
3267.61 60
565.93 30
1409.82 72
2440.21 14
756.40 77
767.44 28
3485.14 51
1190.08 80
705.25 64
76.71 42
1414.16 68
23.17 28
1874.74 97
2058.73 55
2235.61 50
2216.22 64
1449.80 53
149.85 21
1689.56 65
1669.30 12
2865.82 45
2540.05 90
1003.09 53
369.83 89
3403.95 16
3429.92 74
106.53 15
320.78 51
1309.16 33
517.71 33
1129.01 67
290.91 87
322.81 9
154.01 61
1960.16 32
2668.19 53
3521.50 27
2311.92 4
2111.28 11
1735.46 27
3260.63 8
2890.10 74
2591.29 87
2021.72 66
1634.10 49
954.08 75
1120.21 51
1774.04 73
3544.21 41
1796.54 19
2953.95 74
2752.46 69
2465.27 1
1902.41 39
1233.59 66
398.83 89
422.99 50
683.50 25
1147.81 78
710.22 14
198.23 56
2993.24 43
1961.24 76
933.97 68
669.42 18
2586.15 67
BUY 2019700
3013.09 4999958
2677.20 5000000
1182.12 5000000
888.18 4999912
1821.18 5000000
190.34 5000000
1486.27 4999938
617.96 4999986
159.78 4999940
1709.38 4999921
505.09 5000000
3099.90 4999946
1740.44 4999966
1125.74 5000000
2453.75 4999916
530.71 4999989
3006.69 5000000
3234.38 5000000
2858.55 4999937
3348.66 5000000
1353.24 5000000
356.93 5000000
923.39 5000000
337.32 4999911
3108.82 5000000
3435.09 5000000
1364.66 5000000
1662.90 5000000
965.69 4999903
1914.44 4999938
2468.25 5000000
164.48 5000000
1746.97 4999969
1641.79 5000000
2826.57 5000000
2691.76 4999908
1524.87 4999942
1672.71 5000000
1826.17 4999926
2355.05 5000000
2531.60 5000000
61.22 4999913
362.89 5000000
69.58 5000000
1038.53 4999992
3199.75 5000000
156.01 4999939
3380.11 5000000
226.22 4999975
1424.32 4999937
1096.45 5000000
3515.97 4999902
2882.04 5000000
589.01 4999953
1035.93 5000000
1671.73 5000000
559.99 4999904
3299.42 5000000
1346.75 4999958
338.44 5000000
1700.59 4999981
2295.01 4999939
831.41 4999918
1250.94 4999975
1516.44 5000000
730.80 4999938
944.94 4999973
1500.03 4999997
1946.48 4999902
3289.27 5000000
2505.94 5000000
1256.79 5000000
674.18 5000000
3271.60 4999929
1263.79 4999900
1116.44 4999966
3193.16 4999918
1149.20 5000000
1785.81 4999908
2709.30 4999962
1379.82 4999996
254.14 5000000
140.04 4999964
1206.21 4999906
2631.89 4999972
1318.72 4999985
3269.24 5000000
2244.60 5000000
3189.12 4999986
212.70 4999977
2199.79 4999999
3160.42 5000000
563.82 5000000
338.64 5000000
3437.95 5000000
3253.95 4999924
1000.34 4999957
3518.25 4999942
611.10 4999944
17.72 4999918
1366.81 4999912
3246.65 4999972
3175.04 4999918
2224.09 5000000
3044.51 5000000
465.95 5000000
2777.14 4999966
3309.97 4999989
81.12 4999906
1404.38 5000000
1864.53 4999910
188.12 5000000
2290.75 5000000
2162.64 5000000
2897.32 5000000
2302.35 5000000
1714.14 4999968
2298.21 5000000
600.51 4999909
2484.44 5000000
452.32 5000000
3150.15 4999981
228.49 4999960
76.76 4999911
2296.60 5000000
777.29 5000000
3245.85 5000000
2634.93 5000000
1206.61 5000000
1859.70 4999987
1068.73 4999918
698.62 4999957
1137.63 4999993
708.21 5000000
546.24 4999994
337.95 4999995
2860.64 5000000
2160.96 5000000
883.32 5000000
608.87 4999927
1536.11 4999994
3205.94 5000000
1393.80 4999964
2055.93 5000000
325.45 5000000
1265.68 5000000
3355.85 5000000
3202.10 5000000
438.69 4999973
468.36 5000000
3096.01 4999903
708.41 5000000
1236.96 4999965
1278.33 4999993
3314.77 5000000
578.75 4999989
3012.29 5000000
2609.49 5000000
1628.07 5000000
564.37 4999974
2253.42 5000000
2973.23 4999913
712.79 4999909
914.79 5000000
325.37 4999968
1202.70 4999931
3501.82 5000000
1880.66 4999949
1474.82 5000000
2940.81 4999948
23.68 4999921
2863.00 5000000
2677.26 5000000
366.10 5000000
514.76 4999991
162.15 4999965
556.83 4999929
2673.11 5000000
3432.10 5000000
2808.90 5000000
2025.92 4999985
2593.83 4999913
2664.54 5000000
2946.53 4999954
928.77 5000000
1452.61 4999986
1625.64 5000000
200.48 4999912
563.47 4999931
1412.65 4999934
1486.00 5000000
583.91 4999979
2234.12 4999930
1577.49 5000000
2032.77 5000000
2514.90 5000000
822.35 4999907
3184.02 4999910
3333.15 5000000
1693.69 4999988
1673.42 4999979
1009.55 5000000
2980.18 4999941
1135.97 4999962
1222.25 4999953
433.66 5000000
1988.66 4999924
2691.09 5000000
255.39 5000000
1273.72 4999932
966.57 5000000
2555.56 4999918
1445.86 5000000
3416.48 5000000
2503.11 4999970
488.90 5000000
542.51 5000000
2639.46 4999900
1273.18 5000000
432.30 4999959
2219.11 4999984
3206.92 5000000
1462.96 4999923
3344.14 4999975
2390.81 5000000
3275.38 4999961
1907.88 5000000
840.90 5000000
1263.89 5000000
1566.53 5000000
1459.89 4999957
3361.88 5000000
213.64 5000000
2862.82 4999964
1629.16 5000000
3482.21 5000000
2632.10 4999905
587.33 5000000
3086.73 4999929
1800.85 4999917
SELL 3417700
6.64 183035
0.01 913452
10.80 813294
17.40 33531
0.01 642761
0.01 498810
1.94 307898
5.24 584691
17.10 933421
0.01 874591
6.48 519178
0.01 942088
9.39 109118
0.17 174295
0.01 155032
7.18 22050
3.47 676918
8.84 781875
0.01 374897
1.54 277653
1.17 673751
17.57 247334
3.64 353871
11.76 708923
4.89 439548
6.42 878749
0.01 850225
19.20 545093
0.01 996036
0.01 173251
11.37 522450
0.01 952817
1.68 453603
0.01 344310
0.01 28561
0.01 164621
3.67 5790
0.01 385192
2.21 365204
0.01 990900
0.01 287076
0.01 932605
0.01 482203
5.71 300061
0.01 265686
0.01 417266
13.83 550115
0.01 610604
0.01 925978
21.70 727649
0.37 761883
0.01 171705
0.01 716791
22.63 510369
0.01 470632
0.01 739583
12.74 182305
0.01 726166
6.93 82350
0.41 653837
0.01 776512
13.92 551278
0.01 666893
0.01 421598
5.04 50571
0.01 48449
4.39 622778
19.82 236015
11.71 671422
0.01 421183
0.01 804902
0.01 980764
6.72 513018
4.25 404754
0.01 383859
19.37 146924
3.79 619278
0.01 451509
0.01 993256
15.08 961259
0.01 766535
0.36 160167
0.01 30838
5.50 605674
5.64 428331
0.01 909624
7.43 194256
0.38 477328
0.01 624048
0.01 204362
0.01 896148
0.01 193377
4.01 534522
0.01 748356
0.01 415834
2.46 670616
0.01 529501
0.01 235578
13.69 894869
0.01 27187
5.29 664867
0.01 174660
11.96 620811
13.04 497952
4.66 382018
0.01 557829
0.01 33791
0.01 189588
9.37 499299
12.26 408500
0.01 669
6.91 560339
8.67 243021
18.17 161922
5.14 596503
7.14 498423
0.01 86559
0.01 62268
0.01 763632
0.01 253331
3.84 207514
0.01 888006
0.01 137610
4.38 795100
5.69 721942
6.16 641437
0.63 679781
0.65 301793
0.01 340382
9.38 613268
0.01 501686
2.15 495487
0.01 889347
6.17 124144
0.01 595984
0.01 181444
0.01 605973
0.01 624004
0.01 316595
8.99 35402
1.05 783053
3.13 618413
0.01 234090
23.73 124993
1.20 880678
0.01 12193
13.59 430471
2.64 382011
0.01 527790
0.01 120049
1.27 813542
0.01 759400
0.01 899252
0.01 790357
11.16 46563
0.01 875737
0.01 861117
0.01 576366
13.66 210444
0.01 932963
0.01 374054
12.50 597868
11.90 570912
7.48 156593
5.76 885406
1.03 404342
0.01 841238
0.01 53305
0.01 534541
0.01 291608
0.01 560723
0.72 399549
0.01 299029
0.01 297687
5.04 820112
5.32 959415
4.63 631543
0.01 120435
0.61 698576
0.01 737988
8.27 620642
0.27 462033
0.01 448315
0.01 274875
0.01 487882
5.63 271480
14.51 904088
2.14 792339
0.01 182972
0.01 470618
0.01 230618
10.51 229501
8.22 307823
0.01 512333
0.01 940948
0.01 16081
0.01 531821
0.01 50419
9.56 181692
13.91 390231
7.52 732645
26.75 444923
0.01 442801
0.01 12019
0.01 227758
0.01 692591
0.01 24159
0.01 980559
0.01 740775
0.01 340421
19.22 204236
15.42 316985
0.01 651659
19.52 751150
0.01 863961
0.01 77544
0.01 872652
1.81 244607
5.97 827298
4.56 700998
0.01 310709
0.01 873775
4.88 223685
6.28 257480
0.01 248677
10.03 526076
0.01 459522
0.01 168335
0.01 99279
0.01 712301
12.08 115904
0.01 975255
0.01 852636
0.01 362428
0.01 455703
2.11 242466
1.34 147522
9.00 709968
3.04 636924
9.11 118457
BUY 3068500
2.10 3919740
3.95 95
2.68 126
1.20 79
2.32 58
5.05 2903536
3.65 144
2.78 79
0.14 27
2.84 173
2.48 54
4.66 196
4.21 114
3.88 94
2.78 167
4.04 123
1.33 135
3.54 125
3.01 69
3.28 19
2.99 60
5.31 87
3.20 70
3.36 167
3.62 95
0.94 55
1.93 120
4.38 96
1.35 70
3.42 63
2.95 42
4.13 139
2.35 53
3.25 31
3.33 83
1.59 25
2.97 134
3.12 106
4.23 68
4.16 1864115
3.33 25
5.03 40
2.84 140
3.20 89
2.93 126
1.13 4624869
3.18 83
2.86 13
2.74 77
3.32 95
3.24 9
4.60 120
3.19 14
3.11 127
2.45 6
1.72 4
3.53 99
3.14 100
2.59 121
2.42 116
4.76 17
4.91 43
3.62 132
4.19 22
2.19 182
1.34 73
2.08 120
1.74 5
4.39 134
2.82 143
4.26 181
2.85 76
2.85 165
1.05 70
2.76 147
4.00 96
2.17 184
3.08 106
2.91 53
2.59 107
1.84 198
2.64 183
1.71 48
3.05 105
3.24 86
2.28 125
1.84 20
2.74 88
2.68 3
3.19 66
4.52 53
1.29 26
3.31 146
5.04 129
1.42 1714230
1.81 78
2.65 169
3.30 61
2.07 72
3.43 6
3.48 193
4.65 0
3.36 3640176
1.85 42
2.44 1
2.98 158
4.96 173
2.28 154
1.85 140
3.43 42
3.59 22
2.28 130
2.85 80
4.10 143
4.87 31
3.23 73
1.46 49
3.39 74
3.25 59
2.74 176
2.93 113
4.75 1
3.02 74
1.42 6
4.32 196
3.38 11
2.48 7
5.65 192
1.65 0
3.95 11
1.78 178
2.27 106
2.32 99
2.97 181
3.01 123
1.80 116
3.60 68
3.32 33
4.50 142
3.58 28
4.41 65
3.32 106
3.08 40
2.99 52
3.20 174
4.49 88
2.88 102
2.96 25
4.15 2551919
3.53 160
2.98 156
3.02 131
2.47 11
1.10 117
2.81 104
3.73 69
1.82 26
3.43 2
3.23 5
3.45 28
2.28 114
1.87 105
2.81 130
3.75 46
3.76 62
2.98 163
0.96 28
2.93 99
3.18 9
1.30 106
3.39 10
2.44 13
2.63 159
3.68 38
2.02 175
3.17 186
1.38 45
1.40 79
3.85 75
1.01 134
2.18 49
1.64 119
2.97 42
2.34 90
2.98 26
2.70 100
3.60 146
4.67 79
3.78 150
2.75 125
4.94 70
3.25 123
3.46 31
3.04 103
1.29 143
3.52 181
4.42 159
3.63 19
2.04 91
2.78 68
1.65 178
4.42 131
1.69 32
3.49 88
3.50 72
3.78 59
2.69 161
3.90 95
4.43 122
3.89 51
3.83 12
1.70 78
4.25 139
2.50 202821
4.28 187
3.91 16
5.37 37
1.32 16
2.66 88
3.14 199
3.47 15
4.34 15
2.58 185
1.67 78
4.01 52
3.40 64
3.75 106
1.59 126
2.03 181
3.42 197
3.66 131
1.93 131
2.86 105
3.44 177
1.76 125
4.22 178
2.39 120
3.35 29
3.38 138
2.32 179
