10
BUY 5000000
2186.37 4999906
2680.98 5000000
1871.25 5000000
876.63 4999991
2609.72 5000000
1033.11 5000000
257.83 5000000
1596.59 5000000
1656.50 4999901
3098.52 4999981
1398.03 5000000
3226.68 4999913
935.49 5000000
3091.39 5000000
1120.59 5000000
2867.87 4999905
1280.39 4999969
2246.19 4999993
1832.76 4999924
571.74 5000000
2362.29 5000000
977.43 5000000
37.66 5000000
248.28 5000000
2111.63 4999931
98.66 4999936
972.90 4999934
3031.98 4999960
1355.68 4999953
2070.67 4999924
3316.79 4999962
3182.26 5000000
335.11 5000000
2275.07 5000000
3145.85 5000000
2054.67 4999965
2262.83 5000000
1293.12 5000000
3070.21 5000000
2651.87 5000000
1727.53 5000000
2386.49 4999934
961.46 4999961
2215.62 4999920
1720.83 5000000
998.71 5000000
903.91 4999986
430.21 5000000
3547.27 4999942
989.15 4999963
419.90 4999923
574.10 4999923
1462.14 5000000
2436.00 5000000
2080.10 5000000
1509.43 4999940
3456.90 5000000
597.73 4999936
1372.75 5000000
1098.82 4999999
1632.39 4999969
1482.82 4999943
2934.74 4999900
910.15 5000000
1398.98 4999945
1594.79 4999904
2184.56 4999968
1736.16 5000000
2020.28 5000000
1736.15 4999931
947.09 4999903
1566.99 4999970
2930.00 4999902
1440.19 4999907
3504.71 4999942
73.83 4999909
2519.52 5000000
1306.23 5000000
1672.21 5000000
1262.39 5000000
1881.78 4999942
151.93 5000000
1987.59 4999962
2831.86 5000000
338.54 5000000
347.31 4999948
682.99 5000000
89.42 5000000
1.30 4999942
1798.68 5000000
1851.59 4999924
2856.38 5000000
3513.77 5000000
403.99 4999968
3395.38 4999948
2751.08 5000000
6.33 4999925
888.52 4999938
1777.37 4999915
647.53 5000000
737.88 4999945
2414.45 5000000
1178.69 5000000
2561.02 4999976
3179.20 4999939
111.94 4999981
3271.81 5000000
2631.48 5000000
2794.34 5000000
561.78 4999971
2288.28 5000000
700.53 4999957
1740.36 5000000
869.30 5000000
1377.58 4999994
1965.45 5000000
3230.12 4999981
1732.27 4999957
3380.83 4999914
112.02 5000000
2283.23 4999914
1524.40 4999948
2746.12 4999949
318.15 4999942
2865.39 4999915
461.15 5000000
193.70 5000000
3296.15 4999937
751.05 4999982
1728.95 4999995
446.16 4999928
3184.14 4999939
180.32 5000000
377.61 4999913
2498.82 5000000
1921.53 4999962
1486.40 4999990
1579.25 5000000
319.94 4999996
2870.31 4999907
610.25 4999935
60.97 5000000
3224.17 4999937
3483.98 4999970
3053.39 5000000
2910.93 5000000
3531.09 5000000
2113.86 5000000
2922.73 4999971
2496.41 4999988
2051.50 5000000
1662.78 4999932
3405.22 5000000
1145.70 4999961
272.34 5000000
1297.48 4999912
3530.93 5000000
2277.86 4999960
2300.21 5000000
2922.24 5000000
3267.96 4999900
243.54 5000000
2980.70 5000000
408.96 5000000
182.71 5000000
2291.16 5000000
606.57 5000000
0.09 4999987
2402.48 4999918
159.29 5000000
3493.39 4999910
3146.30 4999934
532.03 4999976
3137.07 4999979
1663.91 5000000
3068.81 5000000
2549.93 5000000
70.75 5000000
288.49 5000000
963.63 5000000
1000.69 4999925
2106.43 5000000
1803.72 4999987
1946.82 4999968
2827.25 5000000
2573.37 4999935
27.51 4999949
1271.90 5000000
396.15 5000000
438.17 5000000
1357.96 5000000
1041.48 5000000
2572.05 5000000
1183.79 5000000
895.80 5000000
1001.10 5000000
2011.37 5000000
2728.43 5000000
1103.59 4999921
767.72 4999951
2073.95 4999957
3190.96 5000000
90.66 4999972
2293.58 5000000
3546.78 5000000
1206.67 4999984
1365.38 4999996
2135.44 5000000
887.87 4999997
2710.04 4999945
3465.55 4999977
3448.78 5000000
2776.44 4999939
1336.96 4999960
2540.06 4999955
867.88 5000000
2889.80 4999951
3457.83 4999935
2698.71 5000000
2938.33 4999959
692.74 4999950
3016.99 5000000
266.17 5000000
2809.32 4999993
1609.58 4999998
2349.83 4999926
178.39 4999958
673.43 4999952
2882.86 4999993
2143.48 4999948
1004.85 5000000
3531.08 4999971
1631.51 4999973
3192.81 5000000
242.47 5000000
264.09 5000000
2549.25 5000000
2549.08 4999961
1636.16 5000000
719.00 4999916
BUY 5000000
3354.25 4999909
77.67 4999937
2554.96 4999915
2051.75 5000000
2968.04 5000000
3018.70 5000000
435.07 5000000
3280.12 4999918
503.68 5000000
426.51 4999935
843.33 5000000
2480.05 5000000
2041.57 4999985
2447.92 5000000
765.28 5000000
1685.97 4999971
1157.90 4999994
3416.06 4999941
2017.48 4999978
2481.86 5000000
1591.07 5000000
411.00 4999998
342.80 4999950
800.11 4999967
2614.52 4999911
720.34 4999954
1704.67 5000000
1211.56 4999927
469.31 5000000
1314.15 5000000
1741.52 5000000
3256.35 4999943
2767.80 4999945
1542.26 4999980
1040.73 5000000
847.67 4999996
1250.21 5000000
1885.05 4999939
3445.17 4999951
264.62 5000000
676.60 5000000
1407.88 5000000
2006.59 4999987
238.53 5000000
76.04 4999996
1965.10 4999993
60.68 5000000
2922.29 4999902
2381.78 4999902
1661.43 5000000
3540.24 5000000
1715.94 5000000
3354.87 4999912
777.90 4999904
276.94 5000000
1480.65 5000000
1883.91 5000000
2361.73 4999965
447.46 4999940
2517.01 4999961
1036.76 5000000
3356.39 4999992
2828.96 5000000
2746.12 4999920
159.43 4999958
208.79 5000000
115.54 4999917
1570.60 5000000
122.34 5000000
507.98 5000000
205.51 5000000
3528.50 4999969
1654.25 4999982
927.04 4999933
532.56 4999995
992.90 5000000
380.96 4999944
2828.61 5000000
3279.10 4999948
2894.09 4999973
268.97 4999920
2153.99 5000000
3032.00 5000000
1401.28 4999907
2767.43 5000000
44.56 5000000
1840.79 4999999
2638.47 4999932
1523.88 4999993
356.06 4999925
3446.70 5000000
2881.21 5000000
1009.00 4999963
2590.62 4999950
594.82 5000000
2186.17 4999960
2526.21 5000000
2127.03 4999995
1556.75 5000000
2929.04 5000000
1462.69 5000000
250.92 5000000
544.06 4999947
531.31 5000000
2766.32 4999918
227.78 5000000
3427.40 5000000
2047.37 5000000
248.80 5000000
3354.34 4999911
3514.26 5000000
829.79 4999976
1995.76 5000000
824.15 4999998
479.81 5000000
269.20 4999995
3143.84 5000000
788.01 4999947
722.13 4999989
623.57 4999987
1009.94 5000000
3357.32 5000000
743.52 5000000
651.59 5000000
203.35 5000000
2510.62 4999914
370.56 5000000
2909.21 4999965
3338.48 4999908
982.40 4999987
1660.15 5000000
2849.64 5000000
1731.38 5000000
1125.27 4999997
3249.79 4999961
3546.96 5000000
843.45 4999914
2994.37 4999985
133.65 4999988
2930.46 5000000
1223.59 5000000
3504.32 4999930
91.67 5000000
741.66 5000000
1436.28 5000000
1790.25 5000000
2748.25 5000000
469.82 5000000
207.36 5000000
856.70 5000000
354.59 5000000
3360.51 4999912
1829.29 5000000
717.09 5000000
1143.89 4999977
937.27 5000000
1605.12 4999909
1142.97 4999910
2223.56 5000000
764.34 5000000
2435.24 5000000
3245.23 5000000
2675.16 5000000
289.27 4999975
1706.20 4999943
2910.67 5000000
249.65 5000000
3333.10 4999936
390.52 5000000
378.65 5000000
29.00 4999965
3050.45 5000000
96.69 5000000
1670.00 5000000
2093.98 5000000
1717.81 4999921
3530.65 5000000
2122.20 4999937
15.48 4999923
1405.80 5000000
561.39 4999919
3165.77 5000000
809.13 5000000
2354.46 5000000
1572.37 5000000
1552.03 4999983
1908.24 4999987
903.49 5000000
2291.91 4999906
2129.13 5000000
2879.54 5000000
2896.38 5000000
346.71 5000000
2909.87 4999913
1141.31 4999985
3454.17 4999966
2032.98 5000000
697.63 5000000
1844.62 4999940
1934.55 4999996
1811.19 4999929
1368.18 5000000
2076.76 5000000
1918.81 4999909
2827.27 5000000
1217.54 4999950
1617.58 4999914
36.28 5000000
2649.34 4999992
206.02 4999971
3103.03 5000000
1836.80 4999929
2025.55 4999974
1376.94 4999933
1960.35 4999931
352.83 4999947
556.62 4999973
1897.75 4999924
1062.94 5000000
1788.26 4999942
1755.04 4999984
3474.25 4999919
2305.67 4999939
67.35 4999901
2353.66 4999955
1130.93 4999950
647.75 4999996
1293.57 4999988
3177.39 5000000
2810.94 4999984
1626.64 4999984
3055.93 4999938
1832.14 4999959
527.92 4999924
2511.67 4999921
3064.70 4999999
2413.93 5000000
1043.63 4999914
1693.13 4999912
462.13 5000000
BUY 4999700
0.01 4999964
0.01 5000000
0.01 4999973
0.01 4999906
0.01 5000000
0.01 5000000
0.01 4999982
0.01 5000000
0.01 4999988
0.01 4999975
0.01 5000000
0.01 5000000
0.01 5000000
0.01 4999925
0.01 4999935
0.01 4999925
0.02 4999963
0.03 5000000
0.04 4999952
0.03 5000000
0.02 4999925
0.01 5000000
0.02 5000000
0.02 4999947
0.02 4999985
0.01 5000000
0.01 5000000
0.02 4999946
0.02 5000000
0.01 5000000
0.01 5000000
0.02 5000000
0.02 4999958
0.02 4999997
0.01 4999924
0.01 5000000
0.01 5000000
0.01 5000000
0.01 4999923
0.01 4999928
0.01 5000000
0.01 5000000
0.01 5000000
0.01 5000000
0.01 5000000
0.01 5000000
0.01 5000000
0.01 5000000
0.01 4999940
0.01 5000000
0.01 4999921
0.01 5000000
0.01 5000000
0.01 4999910
0.01 5000000
0.01 4999947
0.01 4999910
0.01 5000000
0.01 4999996
0.01 5000000
0.01 4999945
0.01 5000000
0.01 4999928
0.01 4999928
0.01 5000000
0.01 5000000
0.02 4999950
0.01 5000000
0.01 5000000
0.01 4999933
0.01 5000000
0.01 5000000
0.01 4999970
0.01 5000000
0.01 4999928
0.01 4999946
0.01 4999903
0.01 5000000
0.01 5000000
0.01 5000000
0.01 5000000
0.01 5000000
0.01 4999964
0.01 5000000
0.01 5000000
0.01 4999901
0.01 5000000
0.01 5000000
0.01 5000000
0.01 4999996
0.01 5000000
0.01 5000000
0.01 4999905
0.01 4999988
0.01 4999916
0.01 5000000
0.01 4999928
0.01 4999921
0.01 4999922
0.01 4999929
0.01 5000000
0.01 5000000
0.01 5000000
0.01 4999935
0.01 5000000
0.01 5000000
0.01 4999937
0.01 5000000
0.01 5000000
0.01 5000000
0.01 5000000
0.01 4999959
0.01 5000000
0.01 4999904
0.01 5000000
0.01 4999990
0.01 4999992
0.01 4999998
0.01 4999910
0.01 4999936
0.01 4999917
0.01 5000000
0.01 4999985
0.01 4999985
0.01 5000000
0.01 4999977
0.01 5000000
0.01 4999997
0.01 4999930
0.01 4999951
0.01 4999913
0.01 4999955
0.01 5000000
0.01 4999912
0.01 4999986
0.01 5000000
0.01 5000000
0.01 5000000
0.01 5000000
0.01 5000000
0.01 5000000
0.01 5000000
0.01 5000000
0.01 4999967
0.01 4999919
0.01 5000000
0.01 4999958
0.01 4999923
0.01 4999938
0.01 4999963
0.01 4999961
0.01 4999941
0.01 5000000
0.01 4999922
0.01 5000000
0.01 5000000
0.01 4999922
0.01 4999963
0.01 5000000
0.01 4999999
0.01 5000000
0.01 5000000
0.01 5000000
0.01 5000000
0.01 4999996
0.01 4999941
0.01 4999952
0.01 4999933
0.01 4999958
0.01 4999909
0.01 5000000
0.01 4999908
0.01 4999960
0.01 4999984
0.01 5000000
0.01 4999947
0.01 5000000
0.01 4999925
0.01 5000000
0.01 5000000
0.01 5000000
0.01 5000000
0.01 4999967
0.01 5000000
0.01 5000000
0.01 5000000
0.01 5000000
0.01 5000000
0.01 5000000
0.01 4999932
0.01 4999973
0.01 4999932
0.01 5000000
0.01 4999920
0.01 5000000
0.01 4999922
0.01 4999928
0.01 5000000
0.01 4999900
0.01 4999942
0.01 4999930
0.01 4999903
0.01 5000000
0.01 5000000
0.01 4999953
0.01 4999910
0.01 5000000
0.01 4999920
0.01 4999980
0.01 5000000
0.01 5000000
0.01 4999987
0.01 5000000
0.01 4999900
0.01 4999993
0.01 5000000
0.01 4999921
0.01 5000000
0.01 5000000
0.01 5000000
0.01 5000000
0.01 4999914
0.01 5000000
0.01 4999984
0.01 4999926
0.01 4999954
0.01 5000000
0.01 4999948
0.01 4999914
0.01 5000000
0.01 4999933
0.01 5000000
0.01 4999982
0.01 4999969
0.01 5000000
0.01 4999955
0.01 4999991
0.01 5000000
0.01 5000000
0.01 4999985
SELL 4999700
0.01 4999998
0.08 4999928
0.01 5000000
0.01 5000000
0.05 4999970
0.05 5000000
0.08 5000000
0.01 4999952
0.13 5000000
0.01 5000000
0.01 4999969
0.01 4999903
0.12 5000000
0.01 5000000
0.03 4999909
0.01 4999935
0.03 5000000
0.01 4999988
0.01 4999931
0.22 5000000
0.19 4999936
0.10 5000000
0.04 5000000
0.03 4999997
0.01 5000000
0.04 4999994
0.01 5000000
0.01 5000000
0.01 4999909
0.06 5000000
0.12 5000000
0.05 5000000
0.01 4999929
0.01 5000000
0.08 4999927
0.01 4999955
0.03 5000000
0.01 5000000
0.09 4999988
0.08 5000000
0.01 5000000
0.01 4999940
0.01 4999938
0.14 5000000
0.13 5000000
0.01 5000000
0.01 5000000
0.03 5000000
0.01 5000000
0.01 4999954
0.10 4999989
0.05 5000000
0.06 5000000
0.09 4999931
0.05 5000000
0.09 5000000
0.13 4999999
0.06 4999916
0.04 4999971
0.01 5000000
0.01 5000000
0.12 5000000
0.01 5000000
0.01 5000000
0.01 4999980
0.01 5000000
0.20 5000000
0.17 4999971
0.14 5000000
0.01 4999991
0.01 4999988
0.18 5000000
0.01 5000000
0.11 5000000
0.01 4999930
0.16 5000000
0.16 5000000
0.01 4999919
0.18 5000000
0.02 4999909
0.08 4999986
0.01 4999902
0.01 5000000
0.02 4999910
0.01 5000000
0.03 5000000
0.26 5000000
0.01 4999929
0.15 5000000
0.02 4999950
0.02 5000000
0.21 4999918
0.04 4999944
0.01 5000000
0.03 5000000
0.08 4999975
0.01 5000000
0.01 5000000
0.01 4999962
0.05 5000000
0.01 4999988
0.01 4999909
0.01 4999971
0.01 5000000
0.01 5000000
0.11 5000000
0.01 4999947
0.13 5000000
0.10 4999988
0.05 5000000
0.01 5000000
0.08 5000000
0.01 4999939
0.12 4999909
0.12 4999973
0.10 4999936
0.01 5000000
0.02 5000000
0.01 5000000
0.09 4999969
0.17 4999930
0.01 5000000
0.29 5000000
0.20 5000000
0.15 4999911
0.01 4999991
0.07 5000000
0.03 5000000
0.18 5000000
0.10 4999958
0.01 4999997
0.08 5000000
0.13 4999996
0.01 4999997
0.06 5000000
0.01 5000000
0.01 4999911
0.06 5000000
0.02 4999967
0.01 5000000
0.16 4999985
0.01 5000000
0.15 4999940
0.07 5000000
0.01 5000000
0.01 5000000
0.04 5000000
0.13 4999951
0.01 4999906
0.01 5000000
0.01 5000000
0.04 5000000
0.07 5000000
0.01 5000000
0.10 5000000
0.01 4999947
0.01 5000000
0.01 4999969
0.16 5000000
0.02 5000000
0.06 4999951
0.01 4999918
0.01 5000000
0.10 5000000
0.10 5000000
0.09 4999990
0.04 4999999
0.14 4999989
0.01 5000000
0.01 4999942
0.01 5000000
0.01 4999974
0.13 4999995
0.01 4999989
0.01 5000000
0.23 4999982
0.01 5000000
0.01 5000000
0.01 5000000
0.01 4999952
0.11 4999956
0.02 5000000
0.01 4999978
0.17 4999989
0.01 4999939
0.08 5000000
0.02 5000000
0.14 5000000
0.01 4999950
0.01 4999962
0.03 4999980
0.01 5000000
0.14 5000000
0.05 4999904
0.14 4999939
0.27 5000000
0.19 4999984
0.05 5000000
0.01 4999972
0.09 4999990
0.01 5000000
0.01 4999910
0.11 4999951
0.01 5000000
0.10 4999998
0.01 4999952
0.01 5000000
0.15 5000000
0.09 5000000
0.01 4999952
0.01 4999920
0.12 4999977
0.03 4999973
0.01 5000000
0.14 5000000
0.01 4999959
0.01 4999972
0.01 5000000
0.10 5000000
0.01 4999924
0.01 5000000
0.01 5000000
0.01 4999913
0.15 5000000
0.06 5000000
0.01 5000000
0.01 4999952
0.11 5000000
0.06 4999964
0.01 4999972
0.23 4999937
0.01 5000000
0.01 4999959
0.05 4999920
0.01 4999925
0.01 5000000
0.01 4999958
0.17 5000000
0.14 5000000
0.01 5000000
SELL 4999900
2.00 4999919
2.36 4999992
2.59 5000000
2.80 5000000
3.62 5000000
4.20 5000000
4.15 5000000
4.57 5000000
4.85 4999987
4.43 4999903
5.39 5000000
5.47 5000000
5.43 5000000
5.38 5000000
5.62 5000000
6.49 4999917
6.17 4999900
6.10 5000000
6.14 4999962
6.16 5000000
6.85 4999928
6.70 5000000
6.57 5000000
7.33 4999908
7.10 4999957
7.50 5000000
7.34 5000000
7.49 4999962
7.47 4999907
8.03 4999908
8.86 4999929
8.38 4999971
8.72 4999969
8.23 4999905
8.43 4999989
7.99 4999999
8.16 5000000
7.72 5000000
8.39 5000000
8.37 4999914
8.35 4999969
8.08 5000000
7.65 4999941
8.45 4999966
8.90 4999962
8.44 5000000
8.60 4999963
8.10 4999988
8.95 5000000
8.76 4999980
9.36 5000000
9.20 4999991
8.78 5000000
8.96 4999931
8.73 5000000
8.76 4999966
9.50 4999993
9.45 5000000
9.73 5000000
10.35 4999916
11.24 5000000
11.53 4999940
11.08 5000000
11.59 4999931
11.97 4999952
12.10 5000000
12.78 4999916
12.71 4999906
13.38 5000000
13.89 4999913
14.83 5000000
14.73 5000000
14.59 4999962
14.57 4999972
14.43 5000000
15.31 5000000
15.41 4999961
15.30 5000000
15.96 4999992
15.73 4999966
15.54 5000000
15.50 4999939
15.49 4999981
15.89 5000000
15.44 4999906
16.04 5000000
15.92 5000000
16.00 5000000
16.14 4999993
17.12 4999903
17.31 5000000
17.50 4999905
17.68 5000000
18.02 4999904
17.91 5000000
18.24 4999989
19.23 5000000
19.49 4999962
20.30 5000000
20.44 4999927
20.74 4999953
21.46 4999993
21.54 5000000
21.15 5000000
20.81 4999902
20.53 4999902
21.48 4999959
21.46 4999946
21.42 4999974
21.40 4999930
21.37 5000000
21.34 4999973
21.31 5000000
21.28 5000000
21.25 5000000
21.22 4999964
21.19 4999948
21.15 5000000
21.13 5000000
21.12 5000000
21.10 5000000
21.07 4999954
21.04 5000000
21.01 5000000
20.98 4999940
20.95 5000000
20.91 5000000
20.89 4999930
20.87 5000000
20.83 4999907
20.81 5000000
20.78 5000000
20.75 4999964
20.73 5000000
20.72 5000000
20.68 5000000
20.66 5000000
20.62 4999977
20.60 4999916
20.56 4999915
20.51 5000000
20.47 4999977
20.45 4999922
20.41 4999919
20.40 4999988
20.37 4999922
20.36 5000000
20.32 5000000
20.29 4999967
20.24 4999924
20.23 5000000
20.21 4999963
20.19 4999919
20.18 5000000
20.16 4999925
20.14 5000000
20.09 5000000
20.08 5000000
20.05 4999991
20.03 4999946
20.00 4999920
19.97 4999964
19.94 5000000
19.92 4999913
19.88 5000000
19.86 4999967
19.84 4999934
19.81 5000000
19.79 4999975
19.75 5000000
19.74 5000000
19.72 4999936
19.70 5000000
19.65 4999934
19.62 5000000
19.59 4999955
19.54 5000000
19.52 4999984
19.48 5000000
19.44 5000000
19.42 4999997
19.41 4999930
19.40 4999964
19.39 4999941
19.37 4999961
19.32 5000000
19.29 4999940
19.27 4999928
19.23 4999971
19.18 4999962
19.13 5000000
19.12 5000000
19.10 5000000
19.08 4999972
19.03 5000000
19.01 4999968
18.97 5000000
18.95 4999980
18.92 4999921
18.90 4999995
18.87 5000000
18.84 4999933
18.80 4999966
18.77 5000000
18.76 5000000
18.73 5000000
18.70 5000000
18.68 5000000
18.63 5000000
18.58 5000000
18.55 4999930
18.54 5000000
18.49 5000000
18.48 5000000
18.47 5000000
18.43 4999956
18.38 4999971
18.35 4999997
18.32 4999939
18.29 4999920
18.24 4999934
18.21 4999952
18.17 5000000
18.14 4999971
18.11 4999974
18.09 5000000
18.05 5000000
18.02 5000000
17.97 4999916
17.93 5000000
17.91 4999935
17.88 4999968
17.86 5000000
17.82 5000000
17.81 4999988
17.76 5000000
17.72 4999936
17.69 5000000
17.66 4999961
17.64 5000000
SELL 4999900
3.00 4999996
3.05 5000000
3.09 5000000
3.11 5000000
3.13 4999981
3.15 4999956
3.19 4999921
3.22 4999924
3.26 4999970
3.28 4999977
3.30 5000000
3.33 5000000
3.38 4999964
3.40 4999965
3.44 5000000
3.47 5000000
3.50 4999974
3.55 5000000
3.58 4999912
3.61 4999983
3.63 4999996
3.66 4999981
3.69 5000000
3.73 4999934
3.75 5000000
3.79 5000000
3.82 5000000
3.84 5000000
3.85 4999929
3.88 4999993
3.93 5000000
3.97 4999988
3.99 4999915
4.02 5000000
4.04 5000000
4.09 4999994
4.12 5000000
4.16 4999949
4.18 4999967
4.20 4999984
4.21 4999938
4.22 4999943
4.27 5000000
4.32 5000000
4.36 5000000
4.40 4999918
4.42 5000000
4.44 5000000
4.47 5000000
4.52 4999926
4.54 5000000
4.56 4999976
4.58 4999981
4.60 4999974
4.63 5000000
4.67 4999906
4.69 4999982
4.74 5000000
4.78 4999903
4.83 4999994
4.86 4999945
4.90 5000000
4.91 4999967
4.96 5000000
4.98 5000000
5.01 4999985
5.05 5000000
5.08 4999906
5.09 4999929
5.11 5000000
5.14 5000000
5.17 5000000
5.19 5000000
5.23 5000000
5.24 4999926
5.29 5000000
5.33 4999954
5.37 5000000
5.38 4999954
5.39 4999996
5.43 5000000
5.46 5000000
5.48 5000000
5.49 4999985
5.52 5000000
5.55 5000000
5.56 4999965
5.60 4999992
5.64 4999919
5.65 4999967
5.67 5000000
5.69 5000000
5.74 5000000
5.77 5000000
5.82 5000000
5.85 5000000
5.89 5000000
5.93 5000000
5.96 5000000
6.00 4999914
6.02 4999967
6.06 5000000
6.11 4999938
6.15 5000000
6.17 4999957
6.18 5000000
6.23 4999911
6.25 5000000
6.28 4999944
6.33 5000000
6.35 5000000
6.39 5000000
6.42 5000000
6.46 5000000
6.49 5000000
6.52 5000000
6.55 5000000
6.59 4999981
6.62 5000000
6.64 4999984
6.66 4999959
6.69 5000000
6.72 4999900
6.77 5000000
6.78 4999999
6.80 4999902
6.84 4999997
6.86 4999982
6.89 5000000
6.91 4999959
6.92 5000000
6.97 5000000
7.01 5000000
7.05 5000000
7.08 4999996
7.09 4999939
7.11 4999952
7.13 5000000
7.16 5000000
7.21 5000000
7.22 5000000
7.24 5000000
7.28 5000000
7.29 5000000
7.34 5000000
7.38 4999969
7.39 4999988
7.41 5000000
7.45 5000000
7.48 5000000
7.51 5000000
7.53 5000000
7.57 4999970
7.59 4999925
7.64 4999925
7.69 4999995
7.72 4999985
7.77 5000000
7.80 5000000
7.84 5000000
7.88 5000000
7.89 5000000
7.93 5000000
7.94 4999974
7.99 5000000
8.02 4999920
8.05 4999991
8.08 4999981
8.12 5000000
8.13 4999953
8.15 4999906
8.16 4999954
8.20 4999925
8.23 5000000
8.27 5000000
8.28 4999963
8.32 4999949
8.34 4999919
8.38 4999934
8.40 5000000
8.45 5000000
8.49 4999927
8.52 5000000
8.53 5000000
8.56 5000000
8.58 4999983
8.62 5000000
8.67 5000000
8.71 5000000
8.73 5000000
8.75 4999908
8.76 4999909
8.81 4999918
8.82 4999986
8.83 4999901
8.86 4999927
8.90 5000000
8.94 4999941
8.97 5000000
8.98 5000000
9.02 4999990
9.04 4999950
9.09 5000000
9.12 4999954
9.17 5000000
9.20 5000000
9.24 5000000
9.29 4999948
9.32 5000000
9.34 5000000
9.37 4999968
9.40 5000000
9.43 5000000
9.46 5000000
9.49 4999987
9.51 4999961
9.52 5000000
9.57 5000000
9.61 5000000
9.65 5000000
9.68 4999978
9.70 4999905
9.71 4999905
9.74 4999915
9.78 4999974
9.80 5000000
9.82 5000000
9.86 4999966
9.91 4999941
9.95 4999971
9.98 5000000
9.99 4999911
10.01 4999972
10.06 5000000
10.08 5000000
10.11 5000000
10.15 4999926
10.19 5000000
10.20 4999926
10.21 4999921
SELL 4999800
0.50 5000000
0.50 4999974
0.51 5000000
0.50 5000000
0.51 5000000
0.51 4999990
0.51 4999928
0.51 5000000
0.50 4999964
0.50 4999955
0.50 4999965
0.50 5000000
0.50 4999937
0.50 4999907
0.49 4999985
0.49 4999977
0.49 4999967
0.49 5000000
0.50 4999938
0.49 5000000
0.49 4999922
0.49 4999982
0.48 4999960
0.48 4999918
0.47 5000000
0.48 4999952
0.48 4999910
0.48 5000000
0.49 4999922
0.49 4999983
0.49 5000000
0.49 5000000
0.50 5000000
0.49 4999948
0.48 5000000
0.49 4999917
0.48 5000000
0.49 5000000
0.49 4999970
0.50 5000000
0.51 4999956
0.51 4999934
0.52 5000000
0.53 4999971
0.53 5000000
0.54 5000000
0.53 5000000
0.53 4999943
0.54 4999926
0.54 4999911
0.54 4999937
0.54 5000000
0.53 5000000
0.53 4999941
0.53 4999976
0.52 5000000
0.52 5000000
0.52 5000000
0.53 4999964
0.52 5000000
0.53 5000000
0.53 4999960
0.53 4999939
0.52 4999986
0.52 4999966
0.52 5000000
0.52 4999908
0.51 5000000
0.52 4999935
0.51 4999923
0.50 4999928
0.50 4999966
0.50 4999916
0.50 4999944
0.50 5000000
0.51 4999943
0.50 4999932
0.51 5000000
0.51 4999945
0.51 5000000
0.51 5000000
0.50 4999923
0.50 4999969
0.50 5000000
0.50 4999927
0.50 5000000
0.50 5000000
0.51 5000000
0.51 4999984
0.51 4999957
0.52 5000000
0.52 5000000
0.53 4999993
0.53 5000000
0.54 5000000
0.54 4999945
0.54 5000000
0.54 5000000
0.54 5000000
0.54 4999989
0.54 5000000
0.53 4999940
0.54 5000000
0.53 5000000
0.52 4999965
0.51 5000000
0.51 4999995
0.52 4999928
0.51 4999976
0.50 4999985
0.50 5000000
0.50 5000000
0.50 5000000
0.51 4999959
0.51 4999959
0.51 4999956
0.51 5000000
0.51 4999977
0.50 4999964
0.49 4999960
0.49 5000000
0.49 4999978
0.49 4999988
0.49 4999932
0.48 5000000
0.48 5000000
0.48 5000000
0.48 5000000
0.48 5000000
0.48 5000000
0.49 4999936
0.49 4999936
0.49 5000000
0.50 5000000
0.50 5000000
0.51 5000000
0.51 4999904
0.52 5000000
0.53 4999926
0.52 4999925
0.52 4999952
0.53 5000000
0.53 5000000
0.54 4999983
0.55 5000000
0.55 5000000
0.55 5000000
0.55 4999937
0.55 5000000
0.55 4999998
0.54 4999966
0.53 5000000
0.52 5000000
0.53 4999965
0.54 5000000
0.53 5000000
0.54 5000000
0.54 5000000
0.55 5000000
0.55 5000000
0.55 4999905
0.54 5000000
0.54 5000000
0.53 5000000
0.53 5000000
0.54 4999932
0.55 4999902
0.55 5000000
0.54 5000000
0.54 5000000
0.55 5000000
0.55 4999911
0.56 4999997
0.57 4999979
0.56 5000000
0.56 4999963
0.56 5000000
0.56 5000000
0.56 5000000
0.57 4999950
0.57 4999979
0.58 5000000
0.57 5000000
0.57 4999973
0.58 4999925
0.58 5000000
0.57 5000000
0.57 4999988
0.58 5000000
0.58 5000000
0.59 4999962
0.58 5000000
0.59 5000000
0.58 4999975
0.57 5000000
0.57 4999934
0.57 4999901
0.57 5000000
0.56 5000000
0.56 5000000
0.56 5000000
0.55 4999921
0.55 5000000
0.54 5000000
0.54 4999934
0.54 5000000
0.54 5000000
0.55 5000000
0.56 5000000
0.55 5000000
0.55 5000000
0.56 5000000
0.55 5000000
0.54 4999916
0.54 5000000
0.54 4999915
0.55 5000000
0.55 5000000
0.55 5000000
0.54 5000000
0.54 4999932
0.55 5000000
0.55 5000000
0.55 4999921
0.56 5000000
0.55 4999954
0.55 4999923
0.55 5000000
0.55 4999973
0.55 5000000
0.56 5000000
0.56 4999923
0.56 4999948
0.56 5000000
0.56 5000000
0.56 4999976
0.56 5000000
0.55 5000000
0.55 5000000
0.55 4999937
SELL 4999800
1.00 5000000
0.54 4999999
0.01 5000000
0.01 5000000
0.01 5000000
0.01 5000000
0.01 4999914
0.01 4999913
0.01 5000000
0.01 5000000
0.01 5000000
0.01 4999951
0.01 4999960
0.01 5000000
0.01 4999923
0.01 5000000
0.01 4999921
0.01 5000000
0.01 4999965
0.01 4999943
0.01 5000000
0.01 5000000
0.01 4999982
0.01 5000000
0.01 5000000
0.01 4999981
0.01 5000000
0.01 4999912
0.01 5000000
0.01 5000000
0.01 4999954
0.01 4999956
0.01 4999960
0.01 4999950
0.01 4999940
0.01 5000000
0.01 5000000
0.01 4999981
0.01 4999974
0.01 4999909
0.01 4999997
0.01 4999988
0.01 5000000
0.01 5000000
0.01 5000000
0.01 5000000
0.01 5000000
0.01 4999923
0.01 5000000
0.01 5000000
0.01 4999909
0.01 5000000
0.01 5000000
0.01 5000000
0.01 5000000
0.01 4999919
0.01 5000000
0.01 5000000
0.01 4999982
0.01 4999962
0.01 5000000
0.01 4999991
0.01 4999959
0.01 5000000
0.01 5000000
0.01 5000000
0.01 5000000
0.01 4999993
0.01 4999977
0.01 5000000
0.01 5000000
0.01 5000000
0.01 5000000
0.01 4999991
0.01 5000000
0.01 5000000
0.01 5000000
0.01 4999931
0.01 5000000
0.01 5000000
0.01 4999953
0.01 4999921
0.01 5000000
0.01 4999939
0.01 5000000
0.01 5000000
0.01 4999912
0.01 5000000
0.01 4999980
0.01 4999984
0.01 5000000
0.01 4999922
0.01 5000000
0.01 5000000
0.01 4999960
0.01 5000000
0.01 4999913
0.01 4999980
0.01 5000000
0.01 4999933
0.01 5000000
0.01 5000000
0.01 5000000
0.01 5000000
0.01 4999989
0.01 5000000
0.01 4999969
0.01 4999988
0.01 4999975
0.01 4999921
0.01 5000000
0.01 5000000
0.01 4999940
0.01 5000000
0.01 4999974
0.01 4999901
0.01 5000000
0.01 5000000
0.01 4999944
0.01 5000000
0.01 5000000
0.01 5000000
0.01 4999903
0.01 5000000
0.01 5000000
0.01 5000000
0.01 4999942
0.01 5000000
0.01 5000000
0.01 5000000
0.01 5000000
0.01 4999906
0.01 4999955
0.01 5000000
0.01 5000000
0.01 4999989
0.01 4999925
0.01 4999983
0.01 4999921
0.01 5000000
0.01 5000000
0.01 4999916
0.01 5000000
0.01 5000000
0.01 4999987
0.01 4999987
0.01 5000000
0.01 4999911
0.01 4999979
0.01 5000000
0.01 4999950
0.01 5000000
0.01 5000000
0.01 5000000
0.01 5000000
0.01 4999997
0.01 5000000
0.01 5000000
0.01 5000000
0.01 4999948
0.01 5000000
0.01 4999909
0.01 4999952
0.01 4999982
0.01 5000000
0.01 4999979
0.01 4999963
0.01 4999907
0.01 4999910
0.01 5000000
0.01 5000000
0.01 5000000
0.01 5000000
0.01 4999954
0.01 4999917
0.01 5000000
0.01 4999942
0.01 5000000
0.01 4999934
0.01 4999930
0.01 5000000
0.01 4999998
0.01 5000000
0.01 4999965
0.01 5000000
0.01 4999918
0.01 5000000
0.01 4999986
0.01 5000000
0.01 4999923
0.01 5000000
0.01 4999961
0.01 5000000
0.01 5000000
0.01 5000000
0.01 4999906
0.01 4999955
0.01 4999921
0.01 5000000
0.01 5000000
0.01 4999963
0.01 5000000
0.01 4999905
0.01 5000000
0.01 5000000
0.01 4999941
0.01 5000000
0.01 5000000
0.01 5000000
0.01 4999918
0.01 4999965
0.01 5000000
0.01 4999910
0.01 5000000
0.01 5000000
0.01 4999940
0.01 4999961
0.01 5000000
0.01 4999963
0.01 4999902
0.01 5000000
0.01 4999907
0.01 5000000
0.01 5000000
0.01 5000000
0.01 5000000
0.01 4999998
0.01 4999935
0.01 5000000
0.01 5000000
0.01 5000000
0.01 4999969
0.01 5000000
0.01 5000000
0.01 4999972
0.01 5000000
0.01 5000000
0.01 5000000
0.01 4999907
0.01 4999952
SELL 4999700
1180.15 4999995
1202.84 5000000
0.01 4999994
0.01 5000000
0.01 4999982
267.30 5000000
0.01 5000000
816.14 5000000
388.08 4999967
0.01 4999986
0.01 5000000
996.91 4999922
758.89 5000000
916.50 5000000
8.51 5000000
581.74 5000000
797.25 5000000
522.28 4999929
0.01 5000000
1330.15 5000000
68.92 4999932
1267.49 5000000
0.01 4999954
1705.91 4999919
659.02 5000000
853.42 5000000
1486.38 4999920
0.01 4999989
684.73 5000000
282.06 5000000
0.01 5000000
818.20 4999950
647.78 4999949
932.05 4999915
1568.50 4999970
0.01 5000000
1295.55 5000000
0.01 4999902
0.01 4999960
0.01 4999924
808.72 5000000
668.05 5000000
0.01 5000000
376.57 4999959
677.74 4999933
0.01 4999971
778.00 5000000
0.01 4999982
0.01 4999962
197.56 4999997
0.01 4999925
1592.35 4999999
573.49 5000000
0.01 5000000
1233.90 4999927
298.70 4999969
165.51 5000000
428.78 5000000
2810.33 4999907
0.01 5000000
3.47 4999988
693.21 5000000
0.01 5000000
206.93 4999929
0.01 4999943
1562.26 5000000
0.01 5000000
63.46 4999960
726.24 4999982
0.01 5000000
0.01 4999948
2312.13 5000000
962.01 4999972
1310.04 5000000
0.01 4999938
846.88 4999988
0.01 5000000
290.47 4999942
0.01 4999975
0.01 4999983
0.01 5000000
0.01 4999928
0.01 5000000
0.01 4999951
0.01 4999989
0.01 4999937
0.01 4999919
0.01 4999986
0.01 4999931
0.01 5000000
2581.23 5000000
2585.64 4999904
1043.62 4999946
0.01 4999963
895.33 5000000
0.01 5000000
943.57 4999963
1366.89 4999935
1372.30 5000000
0.01 4999920
330.32 4999900
0.01 4999973
0.01 4999906
0.01 5000000
127.10 4999923
0.01 4999973
0.01 4999995
893.80 5000000
0.01 4999931
0.01 4999919
1648.88 4999965
1902.10 5000000
0.01 4999905
0.01 5000000
422.74 5000000
0.01 4999950
964.59 4999971
0.01 4999994
1302.67 4999911
0.01 4999936
0.01 5000000
895.60 5000000
1756.77 5000000
0.01 5000000
0.01 5000000
0.01 4999988
0.01 5000000
1314.41 5000000
752.76 4999967
665.99 4999984
0.01 4999923
109.87 4999961
120.07 4999979
0.01 4999956
0.01 4999972
931.08 5000000
1075.34 5000000
1428.81 5000000
351.00 5000000
1063.65 5000000
214.41 5000000
0.01 5000000
2176.88 4999982
548.14 5000000
213.72 4999917
0.01 4999913
175.83 4999900
0.01 5000000
0.01 5000000
0.01 5000000
0.01 4999908
0.01 5000000
988.50 4999926
0.01 5000000
561.45 5000000
0.01 4999970
168.35 5000000
426.10 4999947
0.01 4999982
1253.60 5000000
214.16 5000000
879.21 5000000
1978.86 5000000
927.78 4999908
1300.84 4999969
0.01 5000000
1214.38 4999988
943.67 5000000
0.01 5000000
0.01 4999940
716.86 4999903
0.01 4999935
0.01 5000000
0.01 5000000
1904.13 5000000
1595.27 5000000
91.28 5000000
1764.85 5000000
1689.74 4999949
0.01 4999931
0.01 4999951
0.01 4999955
0.01 4999917
812.99 5000000
0.01 5000000
551.50 4999954
0.01 5000000
0.01 4999935
0.01 5000000
1237.27 5000000
0.01 5000000
0.01 5000000
793.74 5000000
1625.19 5000000
0.01 5000000
43.30 4999964
0.01 4999908
456.64 5000000
0.01 4999937
0.01 5000000
654.28 5000000
861.75 4999926
0.01 4999946
0.01 5000000
0.01 5000000
0.01 4999940
1015.20 5000000
1649.02 4999917
1626.68 4999972
179.35 4999917
204.80 4999960
460.03 5000000
457.54 4999902
0.01 4999949
0.01 5000000
0.01 4999953
801.29 4999968
291.09 5000000
526.95 5000000
0.01 4999977
0.01 4999950
919.62 5000000
531.47 4999992
878.49 5000000
0.01 5000000
140.26 4999953
0.01 5000000
0.01 5000000
0.01 4999901
114.51 5000000
0.01 4999931
2.25 5000000
0.01 4999910
52.49 4999938
571.60 5000000
73.53 4999945
0.01 5000000
560.54 5000000
0.01 5000000
0.01 5000000
SELL 4999700
1787.01 4999985
587.24 5000000
1266.46 4999935
389.67 5000000
1673.01 5000000
575.99 4999904
277.88 4999953
824.72 4999955
1397.81 4999917
1172.27 4999971
1163.04 5000000
418.79 4999954
3363.04 4999942
2370.96 4999955
1048.79 5000000
1301.82 4999969
2095.27 5000000
294.25 4999976
2225.15 4999975
1406.82 4999929
3402.95 5000000
936.58 5000000
1081.72 5000000
1904.17 4999987
3082.72 5000000
50.23 5000000
1767.52 5000000
3239.44 4999905
1000.18 5000000
1821.91 4999926
2608.78 5000000
2811.24 4999903
1923.03 5000000
85.49 4999934
2888.11 5000000
2817.86 4999964
818.17 5000000
828.85 5000000
142.64 5000000
1855.22 5000000
3312.19 4999927
2264.18 5000000
2482.45 5000000
1157.83 4999910
1480.99 5000000
2147.42 5000000
429.06 5000000
1542.80 4999908
1939.04 5000000
3320.65 5000000
1400.50 4999949
2456.25 4999994
2977.89 4999901
2778.53 4999989
974.62 5000000
1193.83 5000000
3126.62 5000000
1278.96 5000000
1292.47 5000000
2284.47 5000000
778.90 5000000
882.61 4999913
433.69 4999952
397.62 5000000
293.25 5000000
3222.19 4999972
3176.24 4999957
2609.92 5000000
2105.89 5000000
27.70 5000000
1214.45 4999976
2175.25 4999947
1692.02 5000000
375.02 5000000
1456.34 4999981
2666.61 4999919
2400.72 4999927
886.65 4999932
2982.63 5000000
2650.86 4999983
2955.98 4999959
1961.41 5000000
2144.66 4999900
3531.54 4999944
2943.20 5000000
1629.94 5000000
1541.01 5000000
1562.05 5000000
1359.28 5000000
1783.36 4999919
53.96 4999955
1554.61 4999927
2874.98 5000000
50.38 4999905
485.94 5000000
931.03 4999986
968.11 5000000
323.97 5000000
3316.56 4999925
2698.73 5000000
1161.53 4999980
527.31 4999938
3512.65 4999992
2944.41 5000000
185.73 5000000
3468.90 4999950
989.41 5000000
216.00 5000000
2186.24 5000000
2850.12 4999955
80.90 5000000
2016.47 5000000
2443.54 4999974
1981.52 5000000
3046.22 5000000
2130.16 5000000
2260.39 4999982
2884.88 5000000
2142.35 5000000
3059.99 4999996
1161.30 5000000
3.55 4999913
3220.41 4999931
1146.69 4999921
388.15 4999920
266.79 5000000
325.96 4999912
947.37 4999934
2937.22 5000000
2400.29 4999977
1023.11 5000000
3351.13 5000000
3059.96 4999936
649.27 4999936
1924.17 4999965
2411.02 4999942
561.84 5000000
1680.66 5000000
1491.41 5000000
92.09 4999958
1951.70 4999950
2224.59 5000000
610.46 4999929
253.43 5000000
646.68 5000000
1644.96 5000000
638.47 5000000
1469.66 5000000
108.36 4999970
13.82 5000000
492.71 4999908
3322.71 4999949
2599.46 5000000
1412.45 5000000
2514.49 4999913
1274.78 4999927
3342.15 5000000
2874.56 5000000
1768.20 5000000
2140.96 4999943
1123.83 5000000
2021.22 4999982
247.54 5000000
1133.00 4999964
714.18 4999921
1225.32 4999977
2402.42 5000000
1958.18 5000000
2376.86 5000000
182.28 5000000
1299.89 5000000
3294.59 5000000
279.19 4999972
1413.24 5000000
1910.67 4999975
63.05 5000000
1270.76 4999901
3292.30 5000000
1339.78 4999937
1786.81 5000000
1679.93 5000000
1897.75 4999960
514.19 4999979
1194.16 5000000
45.52 4999985
1244.46 4999983
2242.93 5000000
2436.16 5000000
3413.65 5000000
3528.86 5000000
2418.14 4999972
640.84 4999953
271.55 4999917
2848.97 5000000
590.54 4999980
1187.69 5000000
1720.09 4999931
1496.90 4999918
1080.39 4999905
2860.57 4999933
925.08 4999991
1937.78 4999955
2262.09 4999907
993.35 4999932
3308.77 5000000
2389.65 5000000
772.94 5000000
2683.12 4999934
746.98 4999993
1989.98 5000000
3440.82 5000000
2496.97 5000000
531.88 5000000
2554.22 4999970
3059.16 4999946
625.09 4999949
2793.08 4999902
2866.56 4999990
2430.11 5000000
2770.85 5000000
1002.02 4999986
1908.35 5000000
2774.76 4999901
17.62 4999951
1497.42 5000000
3140.13 4999964
3468.73 5000000
2962.51 5000000
818.94 4999990
2476.31 5000000
922.86 4999999
1172.09 4999984
1471.29 5000000
511.49 5000000
438.70 5000000
2253.25 5000000
1615.21 5000000
369.74 5000000
2406.29 5000000
2070.61 4999992
