10
BUY 200
0.01 57980
0.18 103623
0.04 237086
0.97 641091
1.41 109306
1.19 147240
1.13 807505
1.96 423469
1.75 572038
2.60 348026
2.28 781653
2.56 112622
3.21 117224
2.97 589917
3.92 249291
4.64 557960
4.39 547659
4.19 23279
4.24 706264
4.50 573930
5.22 327091
6.05 60306
6.69 473019
6.93 343566
7.50 387044
7.40 299046
7.41 247935
7.52 565389
8.18 331964
8.29 33922
8.31 965578
8.67 57748
8.58 205757
8.48 918467
9.04 530427
9.37 246046
9.29 90230
9.64 395283
9.90 264442
10.14 555177
10.83 497860
11.52 905792
11.31 527749
11.78 957744
12.49 527163
12.18 850631
12.45 954554
12.81 544169
13.68 424249
13.48 465998
13.37 583418
14.14 382860
14.83 773202
15.58 602846
16.06 684620
16.27 683970
16.50 597880
16.72 875626
16.95 191063
16.83 449059
16.47 762139
16.50 250454
17.39 339130
18.07 803414
18.16 591239
18.53 377790
18.83 766600
19.46 463105
18.97 312900
19.96 782288
20.62 240211
21.39 423861
21.02 503031
21.12 628778
21.23 564655
21.30 422411
21.00 805686
21.56 506148
22.08 316165
22.12 482046
22.12 935405
22.72 35871
23.14 637991
24.00 377397
24.16 644537
24.70 73705
25.50 853242
26.35 978923
26.48 176044
27.14 584030
27.56 90170
28.27 645612
29.11 693185
28.61 113316
28.95 681985
29.69 588276
30.01 787375
29.53 565475
29.94 909399
29.82 327121
30.44 700530
30.66 495022
30.99 894643
31.80 641205
32.55 940055
33.31 397072
34.00 859735
33.84 128550
34.62 366816
34.38 115062
34.43 953227
34.88 843183
35.12 702247
35.79 557719
35.43 427519
35.46 692110
35.77 584332
35.54 512500
36.32 888754
36.05 599275
35.87 935923
36.79 580379
36.53 964947
36.89 301032
37.88 461376
37.73 282049
38.62 58981
38.28 516672
38.34 33407
38.38 307525
38.01 628009
37.91 396932
37.93 536788
37.69 921160
38.24 794469
38.98 177766
39.09 770236
39.37 489699
39.94 528359
39.85 235053
40.00 130474
40.62 486758
40.97 369454
41.07 443157
40.70 364522
40.63 669587
40.69 666363
41.23 338069
41.70 114985
41.34 199563
41.97 679195
41.96 512165
42.49 520544
43.16 554368
43.50 338105
43.69 50822
44.05 141897
43.88 911871
43.50 946278
43.70 265723
44.36 268891
44.34 14647
44.98 10133
45.56 900889
45.39 216871
46.18 638805
47.07 869260
47.31 204492
47.96 926624
48.22 221018
48.30 837206
48.40 343121
48.36 670028
49.00 664791
49.26 359511
50.15 554998
50.90 227834
51.38 955821
51.19 633608
50.81 705503
51.30 77942
51.35 892130
50.95 621684
50.47 334779
50.29 810660
50.60 537531
51.17 745098
51.14 759460
52.06 93401
51.90 678222
52.47 147619
52.38 68897
52.67 848938
53.18 973851
53.80 412575
53.55 256100
53.67 99300
54.51 443748
54.93 211354
55.35 554004
55.56 182725
55.85 43545
56.41 84283
56.43 46875
56.02 181370
56.20 495167
56.90 545874
57.43 439936
58.00 487155
58.42 748114
58.21 884927
58.66 239867
58.94 553939
59.78 644134
59.31 473954
60.26 133652
60.21 102435
60.97 382197
60.75 866232
60.35 687443
60.68 113015
60.44 210386
60.62 429704
61.06 857915
61.25 523705
61.85 405470
62.60 915285
62.82 66848
62.60 26507
62.77 836765
63.23 979774
63.38 729887
63.08 187871
63.15 623887
63.59 551916
64.19 126642
64.74 829720
65.07 691715
64.96 194813
65.94 444193
BUY 600
2721.00 7
913.94 94
1663.75 178
293.93 174
2889.93 136
1659.24 197
2966.09 164
1506.03 124
1550.79 143
1937.11 144
2797.56 145
2027.05 110
2302.92 160
1448.65 77
681.36 118
851.89 148
2918.63 132
60.00 75
2876.62 25
1906.99 49
1248.49 137
1616.76 12
1451.42 192
2562.06 182
2601.66 42
3277.68 139
1708.30 148
2265.65 20
684.21 15
2478.20 51
65.59 24
3005.03 91
3263.99 56
1573.73 169
439.59 125
636.54 38
2145.63 67
36.30 142
1111.27 143
14.25 107
242.45 105
368.12 83
3297.65 130
2724.10 51
1633.66 167
2472.97 86
406.30 74
2552.28 12
851.48 178
2492.18 51
1333.66 119
3049.36 106
227.26 136
223.26 133
3117.60 60
2941.48 172
1209.50 195
448.88 109
1910.52 142
1794.46 157
1441.84 123
2954.36 92
307.14 164
1376.56 78
2279.91 193
1786.50 54
1519.26 83
2161.42 0
617.45 142
1800.50 164
188.89 198
945.09 108
135.98 77
1006.30 78
143.62 51
3531.36 58
3342.53 14
133.23 97
472.02 3
3289.83 17
3375.39 146
3308.29 86
3524.37 11
1855.49 26
3525.24 135
3454.84 174
1061.97 21
1763.23 183
1740.01 171
3419.72 126
2227.41 27
1180.37 139
2777.03 98
1211.17 38
2157.61 175
1091.34 48
1549.06 80
1850.42 69
250.26 109
2414.44 52
3006.55 74
188.84 103
750.69 101
2214.86 186
1237.66 165
141.61 41
1046.07 119
727.42 93
3395.01 95
2746.75 1
323.72 145
1646.94 82
3098.35 48
1380.12 166
915.08 159
829.52 166
1378.55 85
2909.47 198
3493.40 150
3475.98 43
3124.33 114
145.60 106
2331.85 179
2328.96 76
452.00 116
111.49 70
1713.47 192
1091.78 67
3104.06 181
2456.54 191
1354.81 99
2790.42 190
76.02 78
1874.89 64
971.45 112
1018.68 195
1996.81 154
2408.39 163
3381.25 105
1780.36 75
755.19 197
3251.54 161
2965.78 141
3058.52 117
1889.11 197
11.27 174
2705.95 127
331.36 94
1638.49 140
735.89 18
2573.66 35
1578.55 64
3293.09 68
3216.04 67
1085.22 23
958.40 146
2549.52 45
3166.90 63
3330.85 6
1801.78 26
1009.70 126
761.66 36
2737.18 169
1160.00 158
2948.59 44
3430.43 17
2449.85 131
1908.02 144
3389.58 149
2594.79 145
2166.82 10
2175.78 94
1898.48 175
1085.12 93
225.41 49
2270.61 21
229.58 90
1530.47 176
1323.89 85
2781.06 10
2407.90 56
3106.41 170
2138.53 154
1806.30 35
867.81 29
1030.73 52
1457.24 125
1872.24 135
1657.35 101
666.15 85
912.88 110
3004.66 175
2178.97 112
714.91 91
1051.62 188
1148.89 138
303.15 6
2400.11 59
1807.85 6
1520.27 0
2787.19 146
2300.51 108
2357.37 26
3053.27 44
2406.60 190
327.74 192
3074.54 131
3434.36 128
2916.89 36
273.90 92
3052.08 166
2473.72 63
1520.20 175
2455.29 158
1833.84 154
3017.52 83
2413.44 81
2681.44 162
2628.52 156
1609.63 5
8.71 53
2031.83 183
1734.83 82
2184.48 58
2735.12 146
2421.17 55
597.20 166
967.18 46
478.81 79
3173.37 197
474.52 26
387.60 43
3445.25 191
2272.84 172
2559.18 92
3547.98 182
112.75 36
1958.14 122
1245.43 88
2918.75 134
SELL 100
3375.54 9
2519.08 45
1803.21 80
2476.37 24
494.63 13
2322.98 5
1248.42 10
1779.15 141
1650.64 35
1426.04 129
103.32 44
1416.81 149
3130.24 127
234.46 184
1021.87 91
2160.91 177
2588.19 127
2772.72 101
258.17 162
1952.52 167
276.03 4
1350.25 89
2747.86 28
1261.57 51
905.36 16
457.66 85
3417.65 185
2644.20 159
1347.45 118
259.20 184
1.44 33
3547.83 137
1638.47 28
1779.69 35
3017.01 190
686.59 20
1532.45 114
3168.94 190
2922.99 47
1144.48 138
1443.01 102
1056.15 100
2818.88 57
3100.06 43
3521.97 164
3227.20 176
2582.83 165
3436.09 59
3434.54 31
1945.92 135
2799.77 33
408.11 99
1753.67 89
1037.04 23
1167.52 67
1101.70 164
1830.71 38
3322.89 122
3041.78 141
584.63 23
2538.50 125
1227.50 187
1835.47 192
1712.98 84
3142.20 120
1719.12 64
1548.77 46
543.69 79
802.42 146
2026.06 25
2673.40 144
495.00 41
640.46 53
1256.44 91
3062.94 107
813.43 58
2756.29 41
1743.15 127
653.42 167
2917.28 148
3431.72 192
78.50 188
3191.62 67
2891.60 163
469.10 185
2516.99 100
2702.18 145
2962.44 146
2916.23 34
2095.55 94
2954.35 158
2483.82 79
45.07 115
1519.67 134
314.02 150
1803.70 137
3207.87 142
1149.22 110
1699.82 87
2460.78 177
2552.33 167
2420.87 0
1149.23 48
154.65 37
610.25 119
1881.06 66
540.20 156
3446.80 138
3464.82 86
3471.32 195
1273.77 3
236.42 95
3242.10 51
2392.26 108
254.53 52
3030.81 45
1054.24 139
822.76 77
2064.15 77
2846.10 198
26.80 183
3462.61 138
3200.33 18
2892.17 57
390.71 93
2927.14 140
1435.67 179
360.81 200
2447.58 22
2125.04 114
351.87 57
1467.48 108
3053.24 169
1237.12 131
3019.19 63
2764.81 68
497.27 149
2495.33 132
2822.49 72
1173.47 13
1271.72 73
2449.24 123
3505.38 165
1398.96 100
3402.90 147
2838.89 69
1321.84 65
1015.59 177
2424.96 12
2225.70 71
1749.85 154
846.76 71
2737.52 147
2148.77 101
594.77 190
1557.69 10
1701.62 27
245.73 170
114.57 153
2058.77 162
734.82 98
1546.82 180
3169.38 168
3323.64 161
612.91 14
3028.68 96
1267.52 8
3394.74 164
112.18 153
289.92 38
910.82 124
900.11 186
583.48 190
3066.25 55
2803.21 95
1376.01 129
2258.44 28
2162.20 117
892.27 7
538.53 115
1187.64 96
3117.69 152
298.70 179
2299.12 103
1010.44 53
3102.43 87
194.95 56
2315.39 100
713.07 141
1187.39 186
1267.95 193
2879.38 2
2660.81 3
450.46 72
2695.76 107
903.46 109
2214.08 191
2528.25 183
2408.71 28
3260.80 87
2949.22 111
2772.45 95
1619.25 51
2049.48 71
1670.83 184
1771.09 24
2973.94 198
2247.26 143
581.99 61
1186.36 143
2686.00 36
1310.10 60
1552.85 115
646.73 14
2467.25 57
424.38 54
2572.73 130
2814.99 86
868.57 14
222.57 55
2989.52 75
1220.52 176
1114.36 77
3171.02 187
1910.45 31
1305.40 136
1472.13 176
1533.22 195
1238.07 7
664.04 117
367.79 82
3502.56 140
467.09 95
2380.87 35
2844.92 111
1526.34 146
1873.95 86
3368.09 43
788.13 111
1337.24 46
SELL 1000
5.13 4202
5.01 4221
4.91 1017
4.96 58
4.92 1003
4.85 4234
4.92 1079
5.14 1010
4.87 1090
4.96 4262
4.94 78
4.95 1009
4.99 1099
4.97 100095
4.90 81
4.93 1058
5.03 100098
5.03 100008
5.03 1041
5.00 13
4.94 38
5.16 57
4.93 4276
5.09 100071
4.92 100093
5.31 4230
5.01 4276
4.92 1065
4.94 1027
5.03 4249
4.98 48
5.00 24
5.03 77
4.92 1043
5.24 100074
4.89 4213
4.85 4268
5.12 100019
4.85 100018
5.09 100100
5.08 1031
4.95 100073
5.00 100098
5.10 4
4.98 53
4.93 1076
4.98 61
4.84 4205
4.97 1050
4.98 1026
5.23 4268
4.76 4273
4.83 17
5.16 4257
5.10 1054
4.99 100100
5.14 100039
4.98 4259
5.03 77
5.21 100000
5.02 1098
5.14 100072
5.11 100019
5.04 34
5.10 90
4.84 4234
4.95 70
5.13 4220
4.99 4267
5.10 2
4.84 4251
5.07 100097
4.89 1004
4.95 1037
5.16 100013
4.97 1017
5.05 45
5.08 1073
4.84 87
4.80 100060
4.94 50
4.86 100029
5.23 1085
4.98 1084
4.84 8
5.07 58
4.98 100080
5.00 100023
4.95 100018
5.20 4250
4.93 1095
4.90 1005
5.08 100005
5.01 1095
4.92 4204
4.95 4207
5.06 4212
5.10 1011
4.89 46
4.98 4242
5.17 57
4.97 4207
4.96 4298
4.89 4257
4.82 45
4.93 90
5.12 4264
5.04 100020
5.25 1
4.82 1086
5.05 100068
4.78 72
4.87 21
4.88 6
5.02 4280
4.99 1026
4.80 4285
4.93 4279
5.23 89
5.17 1033
4.91 1034
4.95 4273
5.13 1051
4.96 96
4.95 4290
5.05 100062
4.94 1085
5.10 4208
5.10 1003
5.00 100032
5.01 4265
5.06 4261
4.98 4271
5.18 100001
4.91 4295
4.88 56
4.92 100078
4.95 81
4.98 96
4.93 4258
4.88 100008
5.02 100090
5.07 100079
4.95 4207
4.87 1075
5.16 1067
4.94 100077
4.93 31
5.00 1048
5.12 4221
4.92 4285
4.87 100059
5.01 100060
4.90 1053
5.05 4265
5.10 100038
5.01 49
4.92 100054
5.10 4237
4.93 1055
4.90 4266
4.99 4247
5.09 7
4.99 4250
4.91 4225
4.92 100045
4.96 100010
4.91 57
4.94 1035
5.16 75
4.97 1083
5.10 4252
5.11 50
5.11 100007
5.03 1074
4.92 100050
5.06 1000
5.06 100045
5.09 4286
5.09 4204
5.17 4297
5.04 100077
4.88 44
5.02 1096
5.15 1100
5.09 100055
4.93 4230
5.00 90
5.07 4295
5.20 4284
5.04 80
4.83 7
5.00 100033
4.93 53
4.98 1095
4.91 1069
4.98 40
5.16 100024
5.06 100089
5.01 100023
5.01 100075
4.77 100044
5.18 4277
5.08 4222
5.08 4203
5.09 4244
4.76 1010
5.05 1018
5.02 100020
5.01 4207
5.01 1029
5.27 4284
4.91 52
5.08 100099
5.03 100074
4.96 4225
5.22 1019
4.87 20
4.96 1013
5.06 33
4.94 74
5.04 1077
5.02 15
5.00 4274
5.05 1012
4.90 1004
5.21 4280
5.06 100051
5.04 100008
5.15 70
4.86 21
4.88 1097
5.28 1039
4.99 100013
5.02 4254
5.14 100069
5.03 14
4.92 100000
4.87 100017
5.02 1060
SELL 100
0.01 6125
0.01 8939
15.68 6567
0.01 3940
45.57 4036
283.96 2079
0.01 6986
0.01 2416
0.01 2014
0.01 2188
0.01 7788
0.01 6738
136.19 6011
0.01 6905
46.11 2082
140.68 4663
0.01 8648
49.21 7262
37.92 6318
0.01 9298
100.30 6864
0.01 5248
41.50 4674
0.01 6976
0.01 2541
0.01 2301
41.35 943
87.01 9598
150.69 2393
163.63 1824
0.01 1366
43.04 7628
68.39 1345
60.47 7268
9.85 6700
0.01 8146
0.01 9594
116.06 4177
0.01 5555
140.42 4425
1.46 5077
63.76 9139
25.34 5799
0.01 4704
107.44 3400
0.01 8226
0.01 8945
52.46 5684
92.39 3314
15.17 2890
42.18 4214
0.01 6245
61.67 7235
75.80 801
174.48 4008
0.01 336
56.22 6916
0.01 8999
0.01 3966
153.21 8935
235.26 1908
3.86 1291
0.01 2462
67.56 8501
0.01 8572
43.96 732
78.78 7954
0.01 5485
0.01 1661
42.38 6353
46.69 2950
48.06 8324
0.01 2629
0.01 1855
0.01 10097
130.08 10088
0.01 2279
139.59 9729
65.75 7034
122.00 4015
0.01 8280
32.46 5753
0.01 2774
7.08 9148
0.01 9644
78.06 4225
0.01 4052
0.01 3915
0.01 2247
0.01 4870
0.01 9823
0.01 10094
27.11 8556
30.46 5730
95.75 8845
11.01 200
32.93 3005
0.01 1987
92.20 7791
4.82 1051
82.28 1877
110.15 7317
0.01 3470
113.18 5842
153.65 3439
58.00 8260
78.98 990
0.01 7593
10.72 8162
0.01 336
79.98 5649
0.01 87
0.01 7481
21.58 3227
13.81 4486
83.93 6020
88.44 172
0.01 4806
0.01 6171
0.01 5501
248.17 3648
0.01 4782
0.01 5483
0.01 6377
27.01 1797
30.89 7294
5.52 8303
122.82 7282
12.90 6834
0.01 9412
161.08 4478
0.98 3492
0.01 8169
0.01 4977
42.98 1529
0.01 2875
0.01 2265
0.01 4385
0.01 6427
27.32 3248
163.12 2026
75.36 8549
59.64 7951
0.01 7405
0.01 5306
92.13 4460
0.01 2590
0.01 7096
0.01 249
0.71 876
77.97 1695
147.79 2988
0.01 6315
69.09 2200
0.01 5884
264.80 8115
0.01 7331
131.35 1287
96.34 2932
0.01 7491
0.01 7775
0.01 5603
16.05 9825
0.01 6130
87.18 6189
9.09 3456
90.41 3229
0.01 8799
0.01 7829
0.01 7053
103.12 7446
0.01 121
0.01 5500
0.01 8439
0.01 6558
79.98 6390
0.01 5442
113.49 8456
0.01 2779
0.01 487
41.44 6380
0.01 6739
0.01 8000
8.79 7785
0.01 5364
121.32 1785
0.01 4109
58.74 5244
0.01 8869
0.01 309
16.48 4009
0.01 86
0.01 1901
0.01 3072
105.69 1669
102.57 8890
0.01 9547
41.18 2588
263.77 10062
0.01 6279
9.16 3422
0.01 8114
86.96 7988
0.01 7653
0.01 9099
0.01 7159
77.96 1429
0.01 4068
0.01 6022
102.37 8642
12.39 5878
5.70 8183
109.31 5912
0.01 6581
0.01 1031
76.89 5153
0.01 7557
0.01 6628
0.01 1020
0.01 10011
0.01 2256
139.58 9065
68.78 801
0.01 749
22.98 10030
0.01 816
0.01 3008
0.01 68
0.01 1246
0.01 5257
0.01 4882
98.96 10071
72.77 5929
0.01 1468
48.23 2052
3.99 9619
0.01 505
103.99 1008
0.01 4191
0.01 1870
SELL 100
5.53 5000000
2.78 4999941
2.65 4999901
2.68 4999950
2.71 5000000
1.72 4999999
3.72 4999964
1.67 5000000
2.70 4999987
1.63 4999950
3.50 4999934
3.89 4999950
2.92 5000000
2.03 4999926
0.36 4999965
3.01 5000000
2.46 4999985
3.41 5000000
3.37 5000000
3.24 4999919
3.17 5000000
2.83 5000000
1.33 4999919
4.46 4999985
4.82 5000000
2.49 4999959
2.53 5000000
3.24 4999902
2.12 4999949
2.56 4999927
4.24 5000000
2.54 5000000
3.40 5000000
2.61 4999938
3.89 5000000
3.06 5000000
2.82 4999941
2.05 5000000
4.34 4999940
3.38 4999913
4.47 4999959
3.81 4999915
2.06 4999980
3.71 5000000
2.10 5000000
3.28 4999951
1.96 4999914
2.71 5000000
3.47 5000000
4.01 4999973
3.88 5000000
3.89 5000000
2.24 4999916
4.37 5000000
2.96 4999990
3.09 5000000
1.07 4999908
3.46 4999915
3.04 4999901
3.06 4999961
4.91 5000000
2.71 4999982
2.79 5000000
3.20 5000000
3.55 4999958
3.83 5000000
2.66 5000000
3.58 5000000
3.63 5000000
3.35 4999970
1.66 4999908
4.73 4999939
3.31 4999918
5.28 4999910
2.27 4999915
2.79 5000000
2.45 4999989
2.73 4999908
4.35 5000000
3.10 4999961
2.96 5000000
5.00 5000000
3.28 4999926
2.57 4999997
3.41 4999999
3.84 5000000
1.27 4999975
4.49 5000000
1.87 4999959
2.68 4999945
3.05 4999904
3.36 4999941
3.83 4999950
4.30 4999979
3.39 4999937
4.17 5000000
4.55 5000000
2.63 4999930
1.96 4999970
2.01 4999974
0.52 4999980
2.17 4999936
3.48 5000000
2.03 5000000
1.65 5000000
0.94 5000000
3.06 5000000
1.63 4999917
3.04 5000000
2.53 4999905
1.56 5000000
5.18 4999909
2.81 4999955
3.74 4999956
3.69 5000000
3.23 5000000
2.96 5000000
2.17 5000000
2.52 5000000
2.98 4999923
2.77 5000000
4.68 5000000
2.23 4999971
2.68 4999918
2.92 5000000
2.01 4999931
2.08 5000000
2.36 4999944
2.74 4999935
3.02 4999929
3.51 5000000
4.20 5000000
4.46 5000000
2.12 4999981
3.08 5000000
3.47 4999939
3.81 4999982
2.77 5000000
3.37 4999968
3.57 5000000
3.27 5000000
1.41 4999991
4.43 5000000
1.97 4999928
4.46 4999909
1.68 5000000
2.17 5000000
1.48 5000000
3.63 5000000
3.36 5000000
3.69 5000000
3.32 4999900
3.49 4999933
3.70 4999976
2.58 4999914
2.86 4999949
0.17 4999925
2.56 5000000
3.54 4999977
3.45 4999987
3.06 4999941
1.42 4999936
1.49 5000000
2.70 5000000
2.58 4999914
3.37 5000000
3.34 4999925
3.85 4999988
3.59 5000000
1.72 4999959
3.27 5000000
3.91 4999928
4.63 4999964
0.09 5000000
1.83 5000000
2.20 5000000
3.89 4999968
1.79 4999936
2.56 5000000
2.54 4999932
2.15 5000000
3.54 5000000
3.84 5000000
3.40 5000000
4.36 4999994
2.53 4999982
2.99 5000000
2.53 5000000
2.04 5000000
3.44 4999974
3.19 4999952
1.79 5000000
3.37 5000000
1.88 5000000
3.63 4999917
1.97 4999982
1.64 4999960
3.10 4999963
2.08 4999978
2.62 5000000
2.81 5000000
3.92 5000000
3.36 5000000
2.51 5000000
2.28 5000000
4.01 5000000
2.54 4999948
3.64 5000000
5.26 5000000
3.19 4999950
5.57 4999974
3.06 5000000
3.82 4999991
3.83 5000000
4.00 4999933
4.52 4999950
1.09 4999969
1.31 5000000
3.77 4999992
3.66 4999967
4.05 4999975
1.97 4999927
2.23 5000000
5.18 4999991
3.18 4999980
3.48 4999966
4.42 4999902
3.87 5000000
2.60 5000000
3.25 4999948
4.16 4999968
3.11 4999984
1.84 5000000
3.64 4999976
2.21 4999929
3.08 5000000
1.67 5000000
2.16 4999952
2.27 5000000
1.84 5000000
BUY 900
5.00 9599
5.01 4495
5.01 7904
5.00 8660
4.99 5144
4.98 5572
4.98 3610
4.99 3721
4.99 3875
4.99 2290
4.99 8916
5.00 5308
5.00 9892
5.00 930
4.99 5605
5.00 2156
4.99 8451
4.99 1772
4.98 1264
4.98 4433
4.97 2344
4.98 9352
4.97 2212
4.98 2967
4.98 9923
4.97 9108
4.97 3533
4.98 8939
4.98 1784
4.97 6580
4.97 2516
4.97 2387
4.98 6126
4.98 6714
4.97 4438
4.98 4183
4.98 7402
4.98 6973
4.99 407
4.99 7931
4.98 5189
4.98 8412
4.99 2603
4.99 9647
5.00 4506
5.00 1672
4.99 9384
5.00 652
4.99 6057
4.99 3545
5.00 1666
5.00 5910
5.00 7850
4.99 1968
4.99 6997
4.99 9139
4.99 9745
4.99 2523
5.00 298
5.00 1882
5.00 371
5.01 2899
5.02 9510
5.02 9966
5.02 4026
5.01 130
5.01 3534
5.01 253
5.01 1034
5.02 3202
5.01 1010
5.00 4759
5.00 4566
5.00 10016
5.00 7637
5.00 7589
5.01 147
5.01 2192
5.01 3523
5.01 800
5.00 3321
5.01 6737
5.02 4307
5.02 2362
5.02 8312
5.01 6483
5.01 6191
5.01 5622
5.02 6810
5.01 4133
5.02 7899
5.01 2082
5.00 8723
5.00 2858
5.01 4395
5.01 3095
5.01 5411
5.01 986
5.00 6766
5.00 4055
4.99 372
5.00 5402
5.00 2693
5.01 5421
5.00 9042
5.01 9824
5.01 5610
5.01 2740
5.02 8333
5.03 5452
5.02 2840
5.02 8072
5.01 4915
5.02 8914
5.01 10090
5.01 8089
5.01 2760
5.01 7337
5.02 3549
5.02 8483
5.02 3775
5.02 5325
5.01 4366
5.02 8239
5.02 9836
5.02 6604
5.02 5335
5.01 2156
5.02 6707
5.01 6939
5.01 1870
5.01 3615
5.00 1131
5.01 9342
5.02 7080
5.02 7028
5.01 6800
5.00 4554
5.01 2860
5.01 2580
5.02 5460
5.03 4815
5.03 9111
5.02 6361
5.02 8089
5.02 7412
5.02 8463
5.02 6248
5.02 8948
5.01 5155
5.01 7435
5.01 1568
5.00 9819
5.00 2554
5.01 267
5.01 5707
5.01 9216
5.02 9885
5.03 2032
5.03 8387
5.04 2794
5.03 6304
5.03 4450
5.02 930
5.02 9181
5.03 1015
5.04 417
5.05 9212
5.04 8629
5.05 7631
5.04 7881
5.03 9458
5.03 9928
5.03 10023
5.04 9361
5.04 9700
5.03 7086
5.03 7751
5.02 7026
5.03 8035
5.03 6570
5.03 3398
5.02 9999
5.01 8923
5.01 7649
5.00 8758
5.01 1246
5.02 9683
5.01 7150
5.00 3752
5.01 4844
5.01 7008
5.01 726
5.01 3088
5.01 4115
5.01 9910
5.01 363
5.01 9031
5.01 3677
5.01 6511
5.01 8509
5.01 1163
5.01 7963
5.01 3638
5.01 9947
5.00 2073
4.99 5027
4.99 5014
4.99 22
4.98 5817
4.98 4939
4.98 8275
4.99 8951
4.98 2207
4.97 9476
4.97 8043
4.97 9886
4.98 2810
4.98 1712
4.98 1572
4.97 2945
4.96 4262
4.96 1422
4.95 5616
4.94 8332
4.95 1496
4.96 3712
4.96 7586
4.96 340
4.97 3136
4.97 8918
4.96 2765
4.95 4930
4.96 1586
4.96 8756
4.97 8742
4.97 6274
4.97 1139
4.97 3668
4.98 7891
BUY 500
80.00 667954
80.14 822274
80.41 189980
80.47 272387
81.36 789530
81.07 991317
81.95 686099
81.89 654664
82.47 752266
82.60 465245
82.86 755992
83.52 706157
83.64 254764
83.47 203120
83.62 993634
84.18 877222
85.05 71060
84.60 400336
84.21 120281
84.83 101421
85.63 373022
85.46 353274
85.50 272918
85.26 715919
84.84 580720
84.61 591636
85.14 370756
84.96 460107
85.17 364892
84.70 325241
85.36 543117
86.05 468278
85.82 458444
85.76 386523
85.73 782239
86.14 746255
86.98 177361
86.67 149374
86.51 991812
86.86 760841
87.50 268032
88.01 606581
88.97 964100
89.64 560913
90.17 829120
89.88 224098
89.51 756742
90.28 533370
90.14 537424
89.88 2666
90.69 399574
90.48 261745
91.12 795127
91.91 158200
91.80 228886
91.71 468018
92.55 994092
92.41 649650
92.11 433513
92.38 359786
92.29 622249
91.90 387718
91.88 84762
91.54 470038
91.26 218321
91.94 285238
92.00 293021
92.47 591950
93.09 575207
92.85 606910
92.62 354019
92.24 555758
92.49 708908
93.20 958527
93.51 710799
93.41 341940
94.38 321374
95.05 873032
94.66 738973
95.28 75825
95.29 418285
96.15 806130
96.68 472697
96.62 236303
96.25 633564
95.96 492782
96.13 79035
95.92 80805
96.58 797273
96.41 315016
97.21 89382
97.11 365270
97.74 223881
98.02 969180
97.75 277783
98.52 400400
98.90 434906
99.13 914023
99.84 402832
99.81 487801
100.77 366369
100.39 902682
100.11 18957
100.58 764627
101.20 682765
102.07 340292
102.06 559933
103.04 890198
102.59 378819
102.59 780147
102.60 441332
103.03 403615
103.95 978233
104.31 921309
105.12 296576
104.75 580587
105.59 557895
106.00 870194
106.01 943814
105.91 819648
106.22 602898
105.90 956603
105.57 113394
106.41 518144
106.93 905151
106.56 437990
106.15 273946
106.82 57430
107.30 162734
107.56 39759
108.13 493
108.37 850889
108.24 31692
108.40 416513
108.29 839570
108.39 302961
108.75 713161
109.58 813969
109.56 457569
109.54 945682
109.50 114873
109.49 941118
109.44 785045
109.39 775902
109.38 938665
109.35 326517
109.33 36265
109.30 239577
109.29 343519
109.26 398515
109.25 574765
109.24 991194
109.19 186299
109.15 604701
109.12 849720
109.07 579879
109.06 305548
109.04 604209
109.01 142886
108.97 635175
108.95 4166
108.93 752998
108.90 906511
108.88 738640
108.84 393114
108.81 239299
108.78 876534
108.75 106091
108.72 697224
108.69 58473
108.66 867848
108.64 223378
108.60 279900
108.58 561247
108.53 905638
108.52 11529
108.50 949104
108.48 7454
108.47 335175
108.44 121886
108.41 204695
108.40 239019
108.35 86792
108.31 158765
108.27 337114
108.26 228834
108.22 151683
108.21 571882
108.20 123520
108.18 13798
108.14 266041
108.11 292265
108.08 965230
108.03 498725
108.00 623224
107.98 118259
107.97 432901
107.92 284749
107.91 933999
107.90 311430
107.86 342684
107.81 827240
107.78 572882
107.73 314424
107.72 262829
107.69 631984
107.67 957292
107.64 888941
107.61 337708
107.56 521992
107.52 258328
107.49 825091
107.48 623369
107.43 253605
107.39 966751
107.37 929836
107.32 905532
107.30 214059
107.26 231758
107.22 382463
107.19 129200
107.17 317438
107.13 546675
107.10 351586
107.08 498360
107.05 337792
107.03 493333
107.01 259356
106.97 485140
106.93 340144
106.92 400244
106.87 652530
106.83 507064
106.79 795622
106.76 9159
106.72 202340
106.71 263280
106.69 915865
106.66 303237
106.62 244641
BUY 700
327.30 550377
1490.14 467041
2574.28 485480
902.58 708729
2876.99 871654
1918.94 397963
989.38 769181
1826.32 307316
395.51 895113
3030.03 796704
17.35 166266
3058.07 332251
1838.00 828885
2680.83 123749
2909.19 603384
2990.25 991359
15.83 305856
1605.54 655784
1723.11 141212
1391.41 13168
2165.03 393633
547.03 919310
1622.46 493377
3212.47 10489
2881.26 324302
1042.01 783368
3509.44 517315
2231.83 828537
1180.06 254530
2293.87 433675
412.88 311435
2652.91 784019
427.31 249706
3067.19 584325
206.55 527065
553.71 88203
1094.99 650178
1192.48 710804
910.86 945797
1651.41 434932
2262.92 779371
1757.58 960063
1322.72 292297
1218.05 146808
2551.66 39348
1280.40 200474
1510.21 187719
3502.39 370966
2032.79 44760
3125.81 796817
3123.07 842628
1431.52 220971
3477.29 770376
2288.35 163283
185.40 467494
2581.77 374878
1987.57 801229
1022.88 784232
1245.50 744139
790.50 945101
1036.94 440194
614.43 944213
1647.44 448387
318.75 695794
2370.92 767655
3083.69 274977
562.54 344023
996.56 79847
349.73 61873
1117.48 936307
183.43 429589
40.31 977959
608.82 64516
506.33 881204
1404.47 450216
2482.08 830893
2585.06 887590
1176.98 449737
1817.34 791295
3120.79 766272
3476.64 658995
2198.49 287027
3060.15 410940
70.08 748592
3302.31 545247
80.75 37884
1068.04 976569
2304.75 286168
213.28 182467
2330.78 274770
2002.67 71237
561.26 862757
3360.22 532616
789.44 459701
2433.36 267881
2907.67 644823
1914.80 596602
2396.63 237318
3548.57 402978
2633.56 66065
3189.57 685442
3305.10 127007
116.13 59213
980.60 990076
3230.55 366957
1816.92 119445
1213.69 630658
2794.36 501014
1051.05 540281
2170.66 842635
1919.03 196105
315.49 100259
74.95 882540
600.86 172841
1716.46 484233
211.70 370313
4.27 526582
562.45 170245
1577.22 578454
244.81 766380
30.88 217258
928.85 679385
890.50 524522
1336.06 819199
357.49 470965
1232.58 414284
930.25 51314
3017.91 916942
978.76 642946
1984.80 425075
2358.25 865579
938.14 332124
2173.46 369951
2441.78 223976
3007.92 658515
3130.67 795992
1520.81 676893
1079.11 911829
360.33 421882
2596.94 928104
1595.41 100735
1590.07 350473
3474.39 366661
1988.97 24443
1425.83 250135
1749.40 844555
479.09 119758
3256.42 193158
2584.06 743623
680.05 148060
3042.08 951583
3460.54 368586
2163.50 355329
1335.17 457036
2786.61 213862
2912.40 382309
2765.45 226640
38.23 164887
2963.49 466164
251.40 327121
3242.95 978312
3280.03 837056
411.39 697701
1048.12 382901
2334.45 737436
3230.17 384748
790.48 998331
1071.22 76919
1471.55 237242
703.49 940248
1960.63 567306
3439.01 893897
3040.41 473543
3247.87 921647
2261.16 165519
1747.48 203787
1245.88 690585
2165.46 728636
301.34 196809
1501.86 48334
3172.31 788601
1881.03 433256
3454.55 311735
2048.35 502151
300.11 739836
901.20 454410
2842.45 909568
2604.41 523074
2619.43 333481
2504.13 840773
425.40 780154
2624.90 44608
214.90 214727
909.16 994759
2938.59 953709
1058.75 319512
1687.20 237792
862.17 928078
2950.38 107371
1958.18 315583
582.84 522332
3300.94 954559
1518.68 974530
1703.39 600150
3146.11 578149
2379.80 306251
2328.27 875276
703.66 266906
97.75 544571
2762.06 684489
534.74 506441
3102.73 418134
3339.17 37315
1777.48 630800
2514.08 647172
956.23 851205
1700.33 885690
1656.70 922918
2154.97 935996
1737.95 402453
1213.43 794902
2776.57 503381
2015.49 694255
210.35 84360
191.24 443622
3181.91 294416
197.92 599617
353.39 689578
1834.32 536621
2598.44 963192
1816.41 568584
1493.54 179530
3460.16 296485
3072.20 683264
1039.14 223769
1855.34 175143
1548.17 448076
1164.37 398470
686.80 651427
1566.72 314952
BUY 200
2969.30 113
104.27 24
427.98 195
140.33 139
1235.69 147
2113.57 43
1662.58 188
2729.48 69
3281.22 2859671
1697.39 22
133.75 135
838.71 151
2990.52 106
1160.31 95
76.33 153
3288.69 38
1113.95 8
682.39 140
1190.81 186
2506.30 67
640.66 73
1705.86 147
2283.69 119
1117.68 159
1803.77 46
3010.87 88
2858.24 129
3480.07 173
2912.15 115
2434.42 53
1004.07 188
2912.03 77
2390.34 66
1940.30 26
238.76 117
3365.44 68
887.24 136
113.68 85
1492.04 114
2875.70 1
2513.91 171
3050.94 97
947.30 79
709.46 179
3528.89 14
270.65 126
2249.91 96
118.57 160
3408.43 17
2408.39 199
2243.09 173
3404.04 45
1060.13 46
598.49 12
2820.93 81
605.67 91
270.45 72
2389.38 108
966.29 195
1348.44 101
1825.52 155
3146.49 90
441.57 126
868.98 51
2698.86 51
1225.21 45
427.43 2
466.67 131
79.83 54
2407.28 174
2970.03 158
2376.67 75
663.15 122
967.30 69
2416.90 192
2631.35 46
269.94 55
99.16 147
3286.22 69
1362.37 162
408.72 55
2209.96 106
3036.09 76
2235.15 146
1136.99 181
778.07 55
3184.93 11
712.56 27
1425.74 143
332.62 75
1494.06 120
250.48 141
1002.53 24
3091.18 197
206.35 13
369.84 166
814.26 20
2236.55 132
885.15 33
3471.17 2
162.89 186
2810.95 47
3484.89 6
877.85 140
1415.64 148
1078.14 67
1447.40 144
3233.64 45
1181.43 1
3526.20 22
2123.43 1
949.21 8
2546.58 179
1114.13 137
2712.34 155
2474.44 176
57.91 172
3076.85 4
1563.46 76
870.19 192
2766.70 96
2633.44 185
940.94 1
1972.96 56
762.09 194
1539.24 111
810.13 149
3350.03 2819626
266.10 100
257.79 90
2075.20 111
2153.76 56
3190.76 175
588.08 3
3129.58 93
320.38 47
1303.35 80
336.99 59
2328.78 194
3436.95 174
1379.34 58
382.25 38
3406.99 94
2119.12 127
1657.61 135
2454.66 80
2371.74 92
420.89 75
3413.10 144
593.09 100
3018.69 182
1446.24 75
3501.71 98
47.65 100
1857.90 154
3007.21 47
735.88 45
2203.08 128
1899.59 167
3135.23 61
512.63 13
1612.90 128
1926.94 185
2833.55 128
3428.41 169
3157.06 151
1529.90 123
114.19 159
3007.39 104
1694.26 5
5.29 164
2787.74 158
717.39 111
3440.76 72
545.76 27
3394.27 77
2011.68 190
3544.44 1969289
1608.80 171
1612.26 130
2976.02 152
1020.08 94
1020.00 67
1168.23 157
3439.25 190
1284.97 1783448
1510.41 123
2990.91 195
2398.24 167
2024.77 184
2697.76 910409
1694.65 54
1256.52 198
2415.27 108
3197.37 169
2681.41 150
2453.08 11
235.00 140
1454.95 119
1955.55 9
3334.47 42
19.17 150
2099.09 36
285.86 59
172.36 30
89.31 0
424.24 15
2035.87 186
876.81 63
3281.20 193
1101.09 52
2611.13 112
2646.29 1633878
2962.68 186
2111.97 190
2788.19 106
1824.98 136
2299.31 156
825.74 101
1175.63 142
2770.61 126
1616.28 2951775
2372.24 3012924
1391.52 180
1063.09 33
452.25 126
2839.94 199
2400.10 195
2856.48 2240338
2690.30 29
2036.40 26
2544.83 3
138.04 8
2114.65 1
1735.79 131
833.69 52
2610.65 114
414.09 31
158.95 184
3329.68 47
