64 467 30 536870912
34 35 36 37 38 39 40 41 42 43 44 45 46 47 48 49 50 51 52 53 54 55 56 57 58 59 60 61 62 63
2 3 2
2 4 4
2 5 8
2 6 16
2 7 32
2 8 64
2 9 128
2 10 256
2 11 512
2 12 1024
2 13 2048
2 14 4096
2 15 8192
2 16 16384
2 17 32768
2 18 65536
2 19 131072
2 20 262144
2 21 524288
2 22 1048576
2 23 2097152
2 24 4194304
2 25 8388608
2 26 16777216
2 27 33554432
2 28 67108864
2 29 134217728
2 30 268435456
2 31 536870912
3 4 2
3 5 4
3 6 8
3 7 16
3 8 32
3 9 64
3 10 128
3 11 256
3 12 512
3 13 1024
3 14 2048
3 15 4096
3 16 8192
3 17 16384
3 18 32768
3 19 65536
3 20 131072
3 21 262144
3 22 524288
3 23 1048576
3 24 2097152
3 25 4194304
3 26 8388608
3 27 16777216
3 28 33554432
3 29 67108864
3 30 134217728
3 31 268435456
4 5 2
4 6 4
4 7 8
4 8 16
4 9 32
4 10 64
4 11 128
4 12 256
4 13 512
4 14 1024
4 15 2048
4 16 4096
4 17 8192
4 18 16384
4 19 32768
4 20 65536
4 21 131072
4 22 262144
4 23 524288
4 24 1048576
4 25 2097152
4 26 4194304
4 27 8388608
4 28 16777216
4 29 33554432
4 30 67108864
4 31 134217728
5 6 2
5 7 4
5 8 8
5 9 16
5 10 32
5 11 64
5 12 128
5 13 256
5 14 512
5 15 1024
5 16 2048
5 17 4096
5 18 8192
5 19 16384
5 20 32768
5 21 65536
5 22 131072
5 23 262144
5 24 524288
5 25 1048576
5 26 2097152
5 27 4194304
5 28 8388608
5 29 16777216
5 30 33554432
5 31 67108864
6 7 2
6 8 4
6 9 8
6 10 16
6 11 32
6 12 64
6 13 128
6 14 256
6 15 512
6 16 1024
6 17 2048
6 18 4096
6 19 8192
6 20 16384
6 21 32768
6 22 65536
6 23 131072
6 24 262144
6 25 524288
6 26 1048576
6 27 2097152
6 28 4194304
6 29 8388608
6 30 16777216
6 31 33554432
7 8 2
7 9 4
7 10 8
7 11 16
7 12 32
7 13 64
7 14 128
7 15 256
7 16 512
7 17 1024
7 18 2048
7 19 4096
7 20 8192
7 21 16384
7 22 32768
7 23 65536
7 24 131072
7 25 262144
7 26 524288
7 27 1048576
7 28 2097152
7 29 4194304
7 30 8388608
7 31 16777216
8 9 2
8 10 4
8 11 8
8 12 16
8 13 32
8 14 64
8 15 128
8 16 256
8 17 512
8 18 1024
8 19 2048
8 20 4096
8 21 8192
8 22 16384
8 23 32768
8 24 65536
8 25 131072
8 26 262144
8 27 524288
8 28 1048576
8 29 2097152
8 30 4194304
8 31 8388608
9 10 2
9 11 4
9 12 8
9 13 16
9 14 32
9 15 64
9 16 128
9 17 256
9 18 512
9 19 1024
9 20 2048
9 21 4096
9 22 8192
9 23 16384
9 24 32768
9 25 65536
9 26 131072
9 27 262144
9 28 524288
9 29 1048576
9 30 2097152
9 31 4194304
10 11 2
10 12 4
10 13 8
10 14 16
10 15 32
10 16 64
10 17 128
10 18 256
10 19 512
10 20 1024
10 21 2048
10 22 4096
10 23 8192
10 24 16384
10 25 32768
10 26 65536
10 27 131072
10 28 262144
10 29 524288
10 30 1048576
10 31 2097152
11 12 2
11 13 4
11 14 8
11 15 16
11 16 32
11 17 64
11 18 128
11 19 256
11 20 512
11 21 1024
11 22 2048
11 23 4096
11 24 8192
11 25 16384
11 26 32768
11 27 65536
11 28 131072
11 29 262144
11 30 524288
11 31 1048576
12 13 2
12 14 4
12 15 8
12 16 16
12 17 32
12 18 64
12 19 128
12 20 256
12 21 512
12 22 1024
12 23 2048
12 24 4096
12 25 8192
12 26 16384
12 27 32768
12 28 65536
12 29 131072
12 30 262144
12 31 524288
13 14 2
13 15 4
13 16 8
13 17 16
13 18 32
13 19 64
13 20 128
13 21 256
13 22 512
13 23 1024
13 24 2048
13 25 4096
13 26 8192
13 27 16384
13 28 32768
13 29 65536
13 30 131072
13 31 262144
14 15 2
14 16 4
14 17 8
14 18 16
14 19 32
14 20 64
14 21 128
14 22 256
14 23 512
14 24 1024
14 25 2048
14 26 4096
14 27 8192
14 28 16384
14 29 32768
14 30 65536
14 31 131072
15 16 2
15 17 4
15 18 8
15 19 16
15 20 32
15 21 64
15 22 128
15 23 256
15 24 512
15 25 1024
15 26 2048
15 27 4096
15 28 8192
15 29 16384
15 30 32768
15 31 65536
16 17 2
16 18 4
16 19 8
16 20 16
16 21 32
16 22 64
16 23 128
16 24 256
16 25 512
16 26 1024
16 27 2048
16 28 4096
16 29 8192
16 30 16384
16 31 32768
17 18 2
17 19 4
17 20 8
17 21 16
17 22 32
17 23 64
17 24 128
17 25 256
17 26 512
17 27 1024
17 28 2048
17 29 4096
17 30 8192
17 31 16384
18 19 2
18 20 4
18 21 8
18 22 16
18 23 32
18 24 64
18 25 128
18 26 256
18 27 512
18 28 1024
18 29 2048
18 30 4096
18 31 8192
19 20 2
19 21 4
19 22 8
19 23 16
19 24 32
19 25 64
19 26 128
19 27 256
19 28 512
19 29 1024
19 30 2048
19 31 4096
20 21 2
20 22 4
20 23 8
20 24 16
20 25 32
20 26 64
20 27 128
20 28 256
20 29 512
20 30 1024
20 31 2048
21 22 2
21 23 4
21 24 8
21 25 16
21 26 32
21 27 64
21 28 128
21 29 256
21 30 512
21 31 1024
22 23 2
22 24 4
22 25 8
22 26 16
22 27 32
22 28 64
22 29 128
22 30 256
22 31 512
23 24 2
23 25 4
23 26 8
23 27 16
23 28 32
23 29 64
23 30 128
23 31 256
24 25 2
24 26 4
24 27 8
24 28 16
24 29 32
24 30 64
24 31 128
25 26 2
25 27 4
25 28 8
25 29 16
25 30 32
25 31 64
26 27 2
26 28 4
26 29 8
26 30 16
26 31 32
27 28 2
27 29 4
27 30 8
27 31 16
28 29 2
28 30 4
28 31 8
29 30 2
29 31 4
30 31 2
2 34 1
3 35 1
4 36 1
5 37 1
6 38 1
7 39 1
8 40 1
9 41 1
10 42 1
11 43 1
12 44 1
13 45 1
14 46 1
15 47 1
16 48 1
17 49 1
18 50 1
19 51 1
20 52 1
21 53 1
22 54 1
23 55 1
24 56 1
25 57 1
26 58 1
27 59 1
28 60 1
29 61 1
30 62 1
31 63 1
1 2 536870911
31 64 536870911
