2511 6643
0 1
1 0
1 1
0 3
1 2
2 2
1 3
2 3
1 4
3 2
3 3
2 4
1 5
2 5
3 5
2 6
4 4
4 5
3 6
2 7
4 6
3 7
5 8
4 8
5 7
7 6
6 6
7 5
7 7
8 7
7 8
8 8
9 8
9 7
10 7
10 8
9 9
8 10
9 10
10 10
11 9
10 11
11 11
12 10
12 11
13 10
13 11
12 12
13 12
14 11
14 12
13 13
14 13
13 14
15 12
15 13
16 12
16 13
15 14
16 14
15 15
17 14
16 15
17 15
16 16
15 16
16 17
17 17
16 18
17 18
18 17
18 18
17 19
18 19
17 20
18 20
19 19
19 20
18 21
19 21
20 20
19 23
18 23
20 22
20 23
19 24
18 24
18 25
20 24
20 25
19 26
21 25
20 26
21 26
20 27
21 27
20 28
22 26
21 28
22 28
21 29
23 28
22 29
23 29
22 30
24 29
24 30
23 31
25 29
25 30
25 31
26 31
25 32
24 32
26 32
25 33
24 34
26 34
27 33
27 34
26 35
25 35
25 36
27 35
26 36
27 36
28 35
28 36
27 37
28 37
27 38
29 36
29 37
30 36
30 37
29 38
30 38
29 39
30 39
31 38
31 39
30 40
29 40
29 41
31 40
30 41
29 42
31 41
31 42
32 42
31 43
30 43
30 44
32 43
31 44
30 45
32 44
31 45
32 45
31 46
29 46
37 46
36 45
37 45
38 45
39 46
39 45
40 45
41 46
41 45
42 45
43 46
43 45
44 45
45 46
45 45
46 45
47 46
47 45
48 45
49 46
50 45
51 46
51 45
52 45
53 46
53 45
54 45
55 46
55 45
56 45
57 46
57 45
58 45
59 46
59 45
60 45
61 46
61 45
62 45
63 46
63 45
64 45
63 44
64 43
63 42
63 43
64 41
63 40
63 41
64 39
63 38
63 39
62 38
62 40
60 38
61 40
61 41
62 41
61 42
60 42
59 42
60 41
60 43
58 43
59 44
62 43
60 44
61 44
62 44
58 44
57 44
56 43
56 44
57 43
57 42
56 41
56 42
57 41
58 41
57 40
58 40
59 40
59 41
60 40
60 39
59 38
58 38
58 39
59 37
60 37
60 36
61 36
61 37
61 38
62 37
62 36
63 37
63 36
63 35
64 35
63 34
64 33
63 32
63 33
64 31
63 30
62 31
64 29
63 28
63 29
64 25
63 24
63 25
63 26
62 26
62 27
63 27
62 28
61 27
62 29
61 29
61 30
62 30
61 31
60 30
60 31
61 32
60 32
60 33
61 33
62 33
62 34
61 34
62 35
61 35
60 34
60 35
59 35
59 34
59 36
58 36
57 36
58 34
58 37
57 37
56 37
56 38
57 38
57 39
56 39
55 38
55 39
56 40
55 40
54 40
55 41
54 41
54 42
55 44
54 43
54 44
53 44
52 44
53 42
52 42
51 42
52 41
51 41
52 40
51 39
52 39
53 39
52 38
53 38
54 38
54 39
53 37
55 37
55 36
54 35
55 35
56 35
55 34
56 34
56 33
57 33
57 34
57 32
58 32
58 30
59 31
59 32
59 33
59 30
58 29
60 29
59 28
58 27
58 28
59 27
60 27
60 26
61 26
60 25
61 25
62 25
62 24
61 23
61 24
62 23
62 22
63 22
63 21
64 21
63 20
64 19
63 18
63 19
64 17
63 16
63 17
64 15
63 14
63 15
64 13
63 12
61 13
64 11
63 10
63 11
62 11
61 10
61 11
62 10
62 12
61 12
60 11
60 12
60 13
59 13
59 14
60 14
60 15
61 15
62 14
62 15
61 16
60 16
60 17
62 16
61 18
60 18
62 17
62 18
61 19
59 19
60 20
62 19
61 20
62 20
61 21
60 21
61 22
60 23
59 22
59 23
60 24
58 24
59 25
58 25
57 24
56 24
56 25
57 23
58 23
58 22
57 21
58 21
57 20
58 20
59 21
57 19
58 19
58 18
57 18
58 17
59 17
58 16
59 16
58 15
59 15
58 14
57 13
56 13
57 12
58 12
57 11
58 11
59 12
59 11
58 10
60 10
59 9
60 9
60 8
61 8
62 9
62 8
63 9
63 8
63 7
64 7
63 6
64 5
63 4
63 5
64 3
63 2
63 3
64 1
63 0
63 1
62 1
61 0
61 1
62 2
61 3
62 3
61 4
62 4
60 6
62 5
62 6
61 6
62 7
61 7
60 7
59 7
59 8
58 7
58 8
57 7
57 8
57 9
56 9
56 10
57 10
56 11
55 11
54 11
54 12
55 12
54 13
55 13
55 14
52 14
55 15
54 15
56 15
55 16
54 16
56 17
57 16
57 17
56 18
55 18
55 19
56 19
56 20
54 20
56 21
55 21
55 22
56 22
55 23
54 22
53 23
54 24
52 24
53 25
54 25
55 25
55 26
56 26
56 27
57 27
57 28
56 29
57 29
56 30
57 30
56 31
55 31
55 32
54 32
55 33
54 33
53 33
54 34
53 35
52 34
52 35
51 34
51 35
52 36
51 36
51 37
50 36
50 37
51 38
50 38
49 38
50 39
49 40
50 40
49 41
50 41
50 42
49 42
50 43
49 44
51 43
50 44
51 44
48 44
47 44
46 44
47 43
46 43
47 42
45 42
47 41
48 41
48 42
47 40
48 40
48 39
47 38
47 39
48 38
48 37
47 36
48 36
49 36
49 37
49 35
50 35
50 34
49 33
49 34
50 33
50 32
51 32
52 33
50 31
51 31
51 30
52 31
52 30
53 31
53 30
54 30
54 31
55 30
55 29
55 27
54 27
53 26
53 27
54 28
53 28
53 29
52 29
51 28
51 29
50 28
50 30
49 29
49 30
48 29
48 31
49 32
48 32
47 32
47 33
48 33
48 34
47 34
48 35
47 35
45 35
46 36
45 36
45 37
46 38
45 38
45 39
46 39
46 40
45 40
46 41
45 41
44 40
44 41
44 42
43 41
43 42
42 41
42 43
43 43
42 44
43 44
44 44
45 43
45 44
41 43
41 44
40 43
40 44
39 43
39 44
38 44
37 43
36 43
38 42
37 41
38 41
37 40
38 40
39 41
39 40
40 40
40 41
41 41
41 40
41 42
41 39
42 40
43 40
43 39
43 38
42 38
43 37
44 38
42 37
43 36
44 36
43 35
44 35
43 34
44 34
45 34
44 33
45 33
46 34
46 33
46 32
45 32
46 31
45 30
46 30
47 31
47 30
46 29
44 29
44 30
44 31
43 30
43 31
44 32
43 32
42 32
43 33
42 33
41 35
40 34
40 35
40 36
41 34
41 36
42 36
41 37
40 37
41 38
39 38
38 37
38 38
38 39
39 37
39 39
40 39
37 38
37 39
36 38
35 37
35 38
36 37
37 37
36 40
35 40
35 41
36 41
34 41
34 42
35 42
35 43
34 43
35 44
34 44
34 45
36 44
35 45
33 45
33 44
33 40
33 41
32 39
32 40
33 39
34 39
34 38
33 38
34 37
33 37
34 36
34 35
35 36
35 35
36 36
36 35
37 36
38 36
38 35
39 35
39 34
38 33
38 34
39 33
38 32
39 32
40 33
40 32
41 33
41 32
40 31
39 31
40 30
41 30
41 29
42 30
42 29
42 28
43 28
42 27
43 27
44 28
44 27
45 28
45 27
45 26
46 27
46 26
47 26
47 27
47 28
48 27
48 28
49 27
49 28
49 26
50 26
50 25
51 26
51 25
52 26
51 27
52 27
52 25
51 24
50 23
51 23
52 23
51 22
52 22
52 21
53 21
53 22
52 20
53 20
53 19
53 18
54 19
54 18
54 17
53 17
52 16
52 17
52 18
51 18
50 17
51 17
51 19
50 19
50 20
51 20
49 19
49 20
50 21
49 21
50 22
48 21
48 22
49 23
48 23
49 24
48 24
48 25
49 25
47 23
46 23
47 22
46 21
46 22
47 21
46 20
47 20
47 19
48 19
48 20
47 18
48 18
48 17
49 17
49 18
49 16
50 16
50 15
51 16
51 15
50 14
51 14
52 15
53 15
49 14
50 13
49 12
50 12
51 12
51 11
52 11
52 12
52 13
53 13
53 12
53 11
53 10
52 9
52 10
53 9
53 8
54 8
53 7
54 7
55 8
55 7
56 8
55 6
56 6
56 5
57 6
57 5
58 6
58 5
59 6
60 5
59 4
60 4
60 3
59 2
58 3
60 2
60 1
59 1
57 1
58 2
57 2
56 1
56 2
57 3
56 4
55 3
55 4
55 5
54 5
54 6
53 5
53 6
52 5
52 6
52 7
51 7
51 8
52 8
50 8
50 9
51 9
50 10
51 10
50 11
48 9
49 11
48 10
48 11
48 12
47 11
47 12
48 13
47 13
48 15
47 14
46 15
45 15
45 16
46 14
46 16
47 16
45 17
46 17
45 18
46 18
46 19
45 19
44 19
44 20
45 20
45 21
44 21
45 22
44 22
45 23
44 23
45 24
45 25
46 25
44 25
43 25
43 26
42 26
41 26
42 25
40 25
42 24
43 24
43 23
42 23
43 22
43 21
42 21
43 20
42 20
43 19
42 19
41 19
41 20
42 18
41 18
42 17
41 16
41 17
42 16
43 16
43 17
44 16
44 17
44 18
43 15
44 15
42 13
44 14
44 13
45 13
44 12
45 12
46 12
46 13
46 11
45 10
45 11
46 10
47 10
47 9
47 8
46 7
47 7
48 8
48 7
49 8
49 9
49 7
48 6
49 6
50 6
49 5
50 5
51 5
51 4
50 4
51 3
52 4
52 3
53 3
53 4
54 3
53 2
54 1
53 0
53 1
55 0
55 1
55 2
57 0
52 1
51 1
52 2
50 1
50 2
49 2
50 3
49 3
49 4
48 4
47 3
47 4
47 5
48 3
48 2
47 2
48 1
49 1
49 0
47 0
45 0
46 1
45 1
46 2
46 3
45 3
44 2
44 3
44 4
45 4
45 5
46 5
46 6
47 6
44 5
44 6
43 6
44 7
45 7
44 8
44 9
45 9
44 10
43 9
43 10
43 11
42 10
42 11
43 12
42 12
41 12
40 12
41 11
41 13
40 13
41 14
42 14
42 15
41 15
40 15
39 14
39 15
39 16
40 16
39 17
40 17
39 18
40 18
38 20
40 19
40 20
39 20
40 21
39 21
39 22
41 21
40 22
41 22
40 23
41 23
40 24
41 24
39 24
39 25
38 25
39 26
38 26
39 27
40 27
39 28
41 27
40 28
39 29
38 28
38 30
39 30
37 30
37 31
36 31
36 32
37 32
36 33
37 33
35 33
35 34
36 34
34 33
34 34
33 34
32 33
32 34
33 33
33 35
32 35
31 35
31 36
30 35
29 34
30 34
31 34
30 33
31 33
31 32
32 32
32 31
33 32
33 31
34 32
34 31
35 31
35 30
34 29
34 30
35 29
35 28
36 28
36 29
37 28
36 27
35 27
36 26
35 26
37 26
37 25
37 24
38 24
37 23
38 23
37 22
38 22
37 21
38 21
36 21
37 20
36 19
36 20
37 19
38 19
38 18
37 18
38 17
36 17
36 18
37 16
36 16
37 15
38 15
38 14
37 13
38 13
39 13
39 12
38 12
39 11
38 10
38 11
39 10
40 10
40 11
40 9
41 10
41 9
42 9
41 8
42 8
42 7
43 7
41 7
42 6
40 6
42 5
42 4
43 4
43 5
42 3
43 3
43 2
41 2
43 1
44 1
43 0
41 0
39 0
40 1
41 1
40 2
39 1
39 2
39 3
40 3
41 3
41 4
40 5
39 4
39 5
38 4
38 5
38 6
37 6
38 7
37 8
39 7
38 8
37 9
38 9
40 7
39 9
40 8
35 9
37 10
36 10
37 11
36 11
37 12
36 12
36 13
35 13
36 14
35 14
35 15
34 14
34 15
33 15
33 16
34 16
34 17
35 17
34 18
35 18
34 19
35 19
35 20
35 21
34 21
34 22
35 22
36 22
36 23
35 23
35 24
36 24
34 24
34 25
35 25
34 26
33 25
33 26
34 27
33 27
33 28
34 28
33 29
32 29
33 30
31 30
30 29
30 30
31 31
30 31
29 30
29 31
29 32
28 31
28 32
29 33
27 31
27 32
27 30
26 29
27 29
28 29
28 28
29 29
29 27
30 28
30 27
31 27
31 28
32 27
32 28
32 26
32 25
31 24
32 24
33 24
31 23
32 23
31 22
32 22
32 21
33 21
33 22
33 20
32 20
33 19
32 18
32 19
33 18
33 17
32 16
32 17
31 16
31 17
31 18
30 17
30 18
30 19
31 19
31 20
30 21
31 21
29 20
29 21
30 22
29 22
30 23
29 23
29 24
30 24
29 25
30 25
30 26
29 26
28 26
27 26
28 25
28 27
27 27
27 28
26 28
25 28
26 27
26 26
25 25
25 26
24 26
24 27
23 27
24 28
24 25
23 24
23 25
24 24
25 24
25 23
26 24
26 23
27 24
28 23
28 24
27 25
28 22
27 21
28 21
28 20
27 20
28 19
26 19
28 18
29 18
29 19
28 17
29 17
29 16
30 16
29 15
30 15
30 14
29 13
29 14
30 13
31 14
32 14
32 15
32 12
33 13
33 12
34 12
34 13
34 11
33 11
34 10
35 11
35 10
33 10
34 8
33 8
34 6
35 8
35 6
36 7
36 8
36 6
35 5
36 5
36 4
37 4
37 5
37 3
36 3
37 2
36 1
36 2
37 1
38 1
38 2
37 0
35 0
33 0
35 1
35 2
34 2
34 3
35 3
34 4
35 4
33 3
33 4
34 5
33 5
33 6
32 6
32 5
32 7
31 7
32 8
31 8
33 9
31 9
30 8
30 9
30 10
31 10
32 10
31 11
30 11
31 12
29 11
28 11
28 12
29 10
29 12
28 13
27 12
27 13
27 14
26 14
26 15
27 15
28 15
27 16
26 16
26 17
27 17
26 18
27 18
25 17
25 18
24 17
24 18
25 19
24 19
25 20
26 21
25 22
26 22
24 22
23 22
23 23
24 21
24 23
23 20
23 21
22 20
22 21
22 22
21 21
21 22
22 23
21 23
21 24
22 24
22 25
21 20
21 19
22 19
23 18
23 19
22 17
23 17
23 16
24 16
23 15
24 15
25 16
24 14
25 14
24 13
25 13
25 12
26 13
26 12
25 11
26 11
27 11
27 10
26 9
27 9
27 8
28 8
28 9
29 9
29 8
29 7
28 7
29 6
28 5
29 5
30 6
30 5
31 5
31 4
30 4
31 3
30 2
30 3
31 2
32 3
32 2
31 1
32 1
33 1
33 2
30 1
29 0
29 1
29 2
28 1
28 2
28 3
29 3
28 4
29 4
27 3
27 4
27 5
26 5
27 6
26 6
27 7
26 7
25 6
25 7
25 8
24 7
24 8
25 9
25 10
24 10
24 11
23 10
23 11
22 13
24 12
21 13
22 12
23 13
22 14
21 14
21 15
22 15
21 16
22 16
20 15
20 16
20 17
21 18
20 18
20 19
19 18
19 17
18 16
19 16
18 15
19 15
19 14
18 13
19 13
20 13
19 12
20 12
21 12
21 11
22 11
21 10
22 10
22 9
21 8
21 9
22 8
23 9
23 8
22 7
23 7
23 6
24 6
24 5
23 4
23 5
24 4
25 4
25 3
26 4
26 3
26 2
25 2
26 1
27 1
27 2
25 0
25 1
24 1
24 2
23 2
24 3
22 1
22 2
23 1
23 0
21 2
22 4
21 3
21 4
21 5
22 5
20 5
20 6
19 5
19 6
20 7
19 7
21 7
20 8
19 8
19 9
20 9
20 10
19 10
19 11
20 11
18 11
18 12
17 11
16 11
17 9
16 9
17 8
18 9
18 8
18 6
17 5
17 6
17 7
16 6
16 7
15 7
15 8
14 7
14 8
15 9
14 9
14 10
15 11
13 9
13 8
12 8
13 5
12 4
12 5
12 6
13 4
14 4
14 5
14 6
15 6
15 5
16 5
15 4
16 4
16 3
17 4
17 3
18 4
18 3
19 3
19 4
20 3
20 2
19 1
19 2
20 1
19 0
17 0
18 1
17 2
18 2
16 2
15 2
16 1
15 0
15 1
14 1
13 1
14 2
13 2
13 3
12 2
12 3
11 2
11 3
10 3
11 4
10 4
10 5
11 5
11 6
10 6
11 7
11 8
9 6
8 5
9 5
9 4
9 3
8 3
9 2
8 2
9 1
10 1
10 2
11 1
9 0
7 0
8 1
7 1
7 2
6 1
6 2
7 3
6 3
7 4
6 4
6 5
5 5
5 6
5 3
4 2
5 2
4 1
3 0
2 1
5 0
58 4
32 38
57 15
27 46
29 45
28 44
27 45
29 44
29 43
28 43
27 42
26 43
28 42
28 41
27 40
27 41
28 39
27 39
26 39
25 38
25 39
26 38
26 40
25 40
25 41
26 41
26 42
25 42
25 43
24 42
24 43
25 44
26 44
27 44
26 45
25 45
25 46
23 46
24 45
23 44
23 45
22 44
21 44
22 43
21 43
22 42
23 43
23 42
23 41
24 41
24 40
24 39
23 39
24 38
23 38
24 37
25 37
24 36
26 37
23 35
23 36
23 37
24 35
22 36
22 37
21 37
20 36
20 37
21 36
21 38
20 38
21 39
22 39
22 40
21 41
22 41
20 40
20 41
21 42
20 42
19 42
19 43
20 43
19 44
20 44
19 45
20 45
21 45
21 46
19 46
17 46
18 45
17 45
18 44
17 43
18 42
17 42
18 41
19 41
17 39
19 40
19 39
20 39
18 38
18 39
17 38
16 38
17 37
18 37
19 37
16 37
17 36
16 35
16 36
17 35
17 34
18 35
18 34
19 34
19 35
20 34
20 35
21 34
21 35
22 34
22 35
21 33
22 33
23 33
22 32
21 32
22 31
21 31
20 31
20 32
18 32
17 31
17 32
17 33
18 31
19 31
18 33
19 33
18 30
19 30
20 30
19 29
19 28
18 28
19 27
18 26
17 26
17 27
16 26
15 27
16 28
17 28
17 29
16 29
16 30
17 30
15 30
16 31
15 31
16 32
15 32
16 33
16 34
14 32
15 35
14 34
14 35
14 36
15 36
15 37
14 37
14 38
15 38
14 39
15 39
15 40
16 40
14 42
17 40
16 41
17 41
16 42
15 42
16 44
15 43
15 44
15 45
16 45
15 46
13 46
14 45
13 44
12 44
12 45
11 44
11 45
11 46
9 46
10 45
10 44
9 44
10 43
11 43
11 41
12 43
12 42
12 41
13 42
13 41
14 41
13 40
14 40
12 39
13 39
13 38
12 37
12 38
13 37
13 36
12 35
12 36
11 36
10 35
9 36
10 37
11 37
10 38
9 38
10 39
9 39
9 40
11 39
11 40
10 41
9 41
10 42
8 42
9 43
8 43
7 42
7 43
8 44
7 44
7 45
8 45
7 46
5 46
5 44
4 44
5 43
6 44
5 45
4 45
3 44
3 45
3 46
1 46
2 45
1 45
2 44
1 43
1 44
2 43
2 42
3 42
3 43
4 42
4 43
3 41
4 41
4 40
5 41
5 40
6 42
5 39
6 40
7 39
7 40
7 41
8 40
8 41
8 39
8 38
7 38
6 37
6 38
7 37
6 36
7 36
6 35
7 35
8 35
8 36
9 37
8 34
9 34
9 35
9 32
10 33
10 31
11 33
11 34
12 33
12 34
13 33
13 34
12 32
13 32
14 33
12 31
13 31
13 30
14 31
14 29
13 28
13 29
14 28
15 29
14 27
13 26
13 27
14 26
13 25
14 25
15 25
15 26
15 24
16 25
16 23
17 25
17 24
17 23
16 22
17 22
18 22
16 21
17 21
16 20
15 20
15 21
14 20
15 22
14 22
15 23
14 23
14 24
13 24
12 24
13 23
12 22
12 23
11 23
11 24
10 23
10 25
11 25
10 26
12 26
11 27
12 27
12 28
11 28
12 29
11 29
11 30
12 30
10 29
11 31
11 32
9 29
10 28
9 27
8 28
7 28
8 27
8 29
7 30
8 30
9 30
8 31
7 31
8 32
7 32
8 33
7 33
6 32
6 33
7 34
6 34
4 34
5 35
4 35
5 36
4 37
5 37
4 38
5 38
3 38
4 39
3 40
2 41
1 41
0 41
1 42
0 39
2 39
0 45
1 39
2 38
1 38
2 37
3 37
3 36
2 36
1 35
1 36
2 35
2 34
3 34
4 33
3 32
4 32
4 31
5 32
5 31
5 30
6 30
5 29
4 29
4 30
5 28
4 27
5 27
6 28
6 27
5 26
6 26
7 27
7 26
7 25
8 26
8 25
9 26
9 25
8 24
9 24
8 23
9 23
9 22
10 22
10 21
11 21
10 20
11 20
12 21
12 20
13 20
13 19
14 19
14 18
15 19
13 17
13 18
14 17
13 16
14 16
14 15
13 15
12 14
12 15
12 16
11 16
12 17
11 17
11 18
10 18
10 19
12 19
9 18
9 20
8 20
9 21
8 21
7 21
8 22
7 23
6 23
5 23
5 24
6 22
6 24
6 25
4 25
3 25
4 24
3 23
4 23
5 22
5 21
5 20
6 21
6 20
5 19
6 19
7 19
7 20
8 19
8 17
7 16
7 17
8 16
9 16
9 17
10 17
10 15
9 14
10 14
11 14
11 15
11 13
10 12
10 13
9 13
8 13
8 14
9 12
8 11
8 12
9 11
7 12
6 12
7 14
6 14
6 15
7 15
6 16
8 15
4 14
6 17
5 17
5 18
6 18
7 18
4 17
4 18
4 19
4 20
2 20
3 21
2 21
2 22
1 21
1 22
2 23
1 23
2 24
1 25
2 25
2 26
1 26
1 27
2 27
3 27
3 28
2 29
3 29
3 30
2 30
2 31
3 31
1 30
1 31
1 32
2 32
1 33
0 33
0 31
0 35
0 37
1 37
0 29
0 27
1 28
0 25
0 23
0 21
0 19
1 20
1 19
2 19
2 18
1 18
2 17
1 17
2 16
3 17
3 16
4 16
4 15
3 14
3 15
2 15
1 15
2 14
1 13
0 13
1 12
1 11
2 12
2 11
3 12
3 13
4 13
4 12
5 13
5 12
6 13
5 14
4 11
5 11
4 10
6 11
6 9
7 10
7 9
4 9
2 9
1 8
1 9
2 8
3 10
1 10
3 11
0 9
0 7
0 5
1 6
3 8
0 15
0 17
1 16
14 43
1 2
1 3
1 4
1 5
5 6
5 7
5 8
8 9
8 10
8 11
8 12
12 13
12 14
12 15
15 16
15 17
15 18
15 19
19 20
19 21
19 22
19 23
23 24
23 25
23 26
26 27
26 28
26 29
29 30
29 31
29 32
32 33
33 34
33 35
33 36
33 37
37 38
37 39
37 40
40 41
40 42
40 43
43 44
43 45
45 46
45 47
45 48
45 49
49 50
49 51
49 52
49 53
53 54
53 55
53 56
56 57
56 58
56 59
56 60
60 61
60 62
60 63
63 64
63 65
65 66
65 67
67 68
67 69
67 70
70 71
70 72
70 73
73 74
73 75
73 76
76 77
76 78
76 79
76 80
80 81
80 82
82 83
82 84
82 85
82 86
86 87
86 88
86 89
86 90
90 91
90 92
90 93
93 94
93 95
93 96
96 97
96 98
96 99
96 100
100 101
100 102
100 103
100 104
104 105
104 106
104 107
107 108
107 109
107 110
107 111
111 112
111 113
113 114
113 115
113 116
116 117
116 118
118 119
118 120
118 121
121 122
121 123
121 124
121 125
121 126
126 127
126 128
126 129
126 130
130 131
130 132
130 133
133 134
133 135
133 136
136 137
136 138
136 139
139 140
139 141
139 142
142 143
142 144
142 145
142 146
146 147
146 148
146 149
149 150
149 151
151 152
151 153
151 154
151 155
155 156
155 157
155 158
158 159
158 160
160 161
160 162
162 163
162 164
162 165
162 166
166 167
166 168
166 169
169 170
169 171
169 172
172 173
172 174
172 175
175 176
175 177
175 178
178 179
178 180
178 181
181 182
181 183
183 184
183 185
183 186
186 187
186 188
186 189
189 190
189 191
189 192
192 193
192 194
192 195
195 196
195 197
195 198
198 199
198 200
198 201
201 202
201 203
203 204
203 205
205 206
205 207
205 208
208 209
208 210
208 211
211 212
211 213
213 214
213 215
215 216
215 217
215 218
215 219
219 220
220 221
221 222
221 223
221 224
224 225
224 226
224 227
224 228
228 229
229 230
227 230
226 231
226 228
231 232
232 233
232 234
232 235
235 236
236 237
236 238
236 239
236 240
240 241
240 242
240 243
240 244
244 245
245 246
246 247
247 248
247 249
247 250
247 251
251 252
251 253
251 254
251 255
254 256
254 255
256 257
256 258
258 259
259 260
259 261
261 262
261 263
263 264
263 265
263 266
266 267
266 268
266 269
269 270
269 271
269 272
272 273
272 274
272 275
275 276
275 277
275 278
278 279
279 280
279 281
281 282
281 283
281 284
284 285
285 286
285 287
285 288
288 289
288 290
288 291
288 292
292 293
293 294
293 295
295 296
296 297
296 298
298 299
299 300
299 301
301 302
302 303
302 304
302 305
305 306
306 307
306 308
306 309
309 310
310 311
311 312
311 313
311 314
314 315
315 316
315 317
317 318
317 319
317 320
320 321
320 322
322 323
323 324
323 325
325 326
326 327
326 328
328 329
328 330
330 331
330 332
330 333
333 334
333 335
333 336
333 337
336 338
336 339
336 337
339 340
340 341
340 342
340 343
343 344
343 345
345 346
345 347
345 348
347 349
347 350
347 348
350 351
350 352
350 353
350 354
353 354
352 355
352 353
355 356
355 357
357 358
358 359
358 360
358 361
358 362
362 363
362 364
364 365
364 366
364 367
367 368
368 369
368 370
368 371
371 372
371 373
373 374
373 375
375 376
375 377
377 378
377 379
377 380
380 381
380 382
380 383
383 384
383 385
383 386
386 387
386 388
386 389
389 390
389 391
391 392
392 393
392 394
392 395
392 396
396 397
397 398
397 399
397 400
400 401
400 402
400 403
403 404
403 405
405 406
405 407
405 408
408 409
408 410
408 411
408 412
412 413
412 414
412 415
412 416
416 417
416 418
416 419
416 420
416 421
421 422
422 423
422 424
424 425
425 426
425 427
425 428
428 429
428 430
430 431
431 432
432 433
432 434
432 435
432 436
436 437
437 438
437 439
439 440
439 441
439 442
441 443
441 444
441 442
444 445
445 446
445 447
445 448
448 449
448 450
450 451
450 452
452 453
453 454
454 455
454 456
454 457
457 458
457 459
457 460
460 461
461 462
461 463
463 464
463 465
465 466
465 467
465 468
468 469
468 470
470 471
471 472
471 473
473 474
473 475
475 476
475 477
475 478
478 479
478 480
478 481
481 482
481 483
483 484
484 485
484 486
484 487
487 488
487 489
489 490
489 491
491 492
491 493
493 494
494 495
494 496
496 497
497 498
498 499
498 500
500 501
500 502
502 503
502 504
502 505
505 506
505 507
505 508
507 508
507 509
509 510
510 511
510 512
510 513
513 514
513 515
515 516
516 517
516 518
518 519
518 520
518 521
521 522
521 523
523 524
523 525
523 526
526 527
526 528
526 529
529 530
530 531
530 532
532 533
532 534
532 535
535 536
536 537
536 538
536 539
539 540
539 541
539 542
539 543
543 544
543 545
545 546
545 547
547 548
548 549
548 550
550 551
550 552
552 553
553 554
553 555
555 556
555 557
557 558
558 559
558 560
560 561
561 562
561 563
563 564
563 565
563 566
566 567
566 568
568 569
568 570
568 571
571 572
572 573
572 574
574 575
574 576
576 577
576 578
578 579
579 580
579 581
581 582
581 583
581 584
584 585
583 584
583 585
582 586
582 584
586 587
587 588
587 589
589 590
589 591
591 592
591 593
591 594
591 595
594 596
594 597
594 595
597 598
598 599
598 600
598 601
601 602
602 603
602 604
602 605
602 606
605 607
605 608
605 606
608 609
609 610
609 611
609 612
612 613
612 614
612 615
614 616
614 617
614 615
617 618
617 619
619 620
619 621
621 622
621 623
621 624
624 625
625 626
626 627
627 628
628 629
628 630
628 631
631 632
631 633
633 634
634 635
634 636
636 637
636 638
638 639
638 640
640 641
640 642
640 643
643 644
644 645
644 646
644 647
647 648
648 649
648 650
650 651
651 652
651 653
653 654
653 655
653 656
656 657
656 658
656 659
659 660
660 661
660 662
662 663
663 664
663 665
663 666
666 667
666 668
668 669
668 670
668 671
671 672
671 673
673 674
674 675
674 676
675 676
672 677
672 678
672 673
678 679
678 680
680 681
680 682
682 683
683 684
684 685
684 686
686 687
686 688
688 689
688 690
688 691
691 692
691 693
691 694
694 695
695 696
695 697
696 698
696 699
699 700
700 701
701 702
702 703
702 704
702 705
704 706
704 707
704 708
704 705
708 709
708 710
710 711
710 712
710 713
713 714
713 715
713 716
716 717
717 718
718 719
718 720
720 721
720 722
720 723
723 724
724 725
722 725
722 724
722 723
721 726
721 727
721 728
721 725
721 722
728 729
728 730
728 731
731 732
732 733
732 734
734 735
734 736
736 737
736 738
736 739
736 740
736 741
741 742
741 743
743 744
743 745
745 746
746 747
746 748
746 749
746 750
746 751
746 752
751 752
749 753
749 754
749 751
754 755
755 756
755 757
755 758
755 759
755 760
760 761
760 762
760 763
762 764
762 765
762 763
762 766
766 767
767 768
767 769
769 770
769 771
769 772
769 773
772 773
771 774
771 773
774 775
770 775
770 774
770 771
768 770
768 769
765 766
765 768
765 767
764 776
764 777
764 765
776 778
776 779
776 780
776 781
776 777
781 782
782 783
782 784
784 785
784 786
786 787
786 788
788 789
788 790
790 791
790 792
792 793
793 794
793 795
795 796
796 797
796 798
796 799
799 800
799 801
799 802
802 803
802 804
804 805
805 806
806 807
806 808
806 809
809 810
809 811
811 812
812 813
812 814
814 815
814 816
814 817
817 818
817 819
819 820
820 821
820 822
822 823
822 824
822 825
822 826
826 827
826 828
828 829
828 830
829 831
829 832
829 830
832 833
832 834
834 835
834 836
834 837
837 838
836 837
836 839
836 838
839 840
840 841
840 842
840 843
843 844
843 845
845 846
845 847
845 848
847 849
847 850
847 848
850 851
851 852
851 853
853 854
854 855
855 856
856 857
856 858
856 859
859 860
860 861
860 862
860 863
863 864
863 865
863 866
865 867
865 868
865 866
865 869
869 870
869 871
870 872
870 873
870 874
870 871
874 875
874 876
876 877
876 878
876 879
878 879
877 880
877 878
880 881
880 882
882 883
882 884
882 885
885 886
885 887
887 888
887 889
887 890
889 891
889 892
889 890
892 893
892 894
892 895
894 896
894 897
894 895
897 898
897 899
899 900
900 901
900 902
900 903
903 904
902 903
901 905
901 906
901 902
906 907
906 908
906 909
909 910
909 911
909 912
909 913
913 914
914 915
915 916
916 917
917 918
917 919
917 920
920 921
920 922
922 923
922 924
922 925
925 926
925 927
926 928
926 929
929 930
929 931
931 932
931 933
933 934
933 935
935 936
936 937
936 938
938 939
939 940
939 941
939 942
942 943
943 944
944 945
944 946
946 947
947 948
947 949
947 950
950 951
951 952
951 953
951 954
954 955
954 956
956 957
956 958
958 959
958 960
958 961
961 962
961 963
961 964
963 965
963 966
963 964
963 967
967 968
967 969
968 969
968 970
970 971
970 972
972 973
972 974
972 975
975 976
975 977
975 978
978 979
978 980
980 981
980 982
982 983
982 984
982 985
982 986
982 987
986 988
986 987
986 989
989 990
989 991
991 992
992 993
993 994
993 995
993 996
996 997
997 998
997 999
999 1000
999 1001
1001 1002
1001 1003
1003 1004
1003 1005
1004 1006
1004 1005
1006 1007
1006 1008
1008 1009
1009 1010
1009 1011
1011 1012
1011 1013
1011 1014
1014 1015
1015 1016
1015 1017
1017 1018
1018 1019
1018 1020
1020 1021
1020 1022
1022 1023
1023 1024
1023 1025
1023 1026
1026 1027
1026 1028
1028 1029
1028 1030
1028 1031
1028 1032
1028 1033
1033 1034
1033 1035
1035 1036
1034 1037
1034 1038
1034 1035
1038 1039
1038 1040
1040 1041
1040 1042
1042 1043
1042 1044
1042 1045
1042 1046
1045 1047
1045 1046
1047 1048
1047 1049
1047 1050
1047 1051
1051 1052
1052 1053
1053 1054
1053 1055
1053 1056
1056 1057
1056 1058
1056 1059
1058 1060
1058 1059
1060 1061
1060 1062
1060 1063
1063 1064
1063 1065
1063 1066
1066 1067
1067 1068
1067 1069
1067 1070
1070 1071
1070 1072
1070 1073
1073 1074
1074 1075
1074 1076
1076 1077
1076 1078
1076 1079
1076 1080
1076 1081
1080 1081
1079 1082
1079 1080
1078 1083
1083 1084
1083 1085
1084 1086
1084 1087
1084 1085
1087 1088
1087 1089
1089 1090
1089 1091
1091 1092
1092 1093
1092 1094
1092 1095
1092 1096
1096 1097
1097 1098
1097 1099
1097 1100
1100 1101
1101 1102
1102 1103
1102 1104
1104 1105
1104 1106
1106 1107
1107 1108
1108 1109
1108 1110
1108 1111
1108 1112
1112 1113
1112 1114
1114 1115
1115 1116
1113 1117
1113 1118
1113 1114
1118 1119
1118 1120
1118 1121
1121 1122
1122 1123
1122 1124
1124 1125
1125 1126
1125 1127
1125 1128
1128 1129
1128 1130
1128 1131
1131 1132
1132 1133
1133 1134
1133 1135
1133 1136
1136 1137
1136 1138
1136 1139
1139 1140
1140 1141
1141 1142
1142 1143
1142 1144
1142 1145
1142 1146
1146 1147
1146 1148
1148 1149
1148 1150
1150 1151
1150 1152
1152 1153
1153 1154
1153 1155
1155 1156
1155 1157
1155 1158
1155 1159
1159 1160
1159 1161
1159 1162
1162 1163
1162 1164
1163 1165
1163 1166
1163 1164
1166 1167
1166 1168
1168 1169
1168 1170
1168 1171
1171 1172
1171 1173
1171 1174
1174 1175
1175 1176
1175 1177
1175 1178
1177 1179
1177 1180
1177 1178
1180 1181
1180 1182
1180 1183
1183 1184
1183 1185
1184 1186
1184 1187
1184 1185
1184 1188
1187 1189
1187 1190
1187 1188
1190 1191
1191 1192
1191 1193
1191 1194
1191 1195
1195 1196
1196 1197
1196 1198
1198 1199
1199 1200
1199 1201
1199 1202
1202 1203
1202 1204
1204 1205
1204 1206
1206 1207
1206 1208
1208 1209
1208 1210
1210 1211
1210 1212
1212 1213
1213 1214
1213 1215
1213 1216
1216 1217
1216 1218
1216 1219
1219 1220
1218 1221
1218 1220
1218 1219
1221 1222
1221 1223
1223 1224
1223 1225
1225 1226
1226 1227
1226 1228
1228 1229
1228 1230
1230 1231
1230 1232
1232 1233
1232 1234
1233 1235
1233 1236
1233 1234
1236 1237
1236 1238
1236 1239
1236 1240
1240 1241
1241 1242
1241 1243
1242 1244
1242 1245
1242 1246
1246 1247
1246 1248
1246 1249
1249 1250
1250 1251
1250 1252
1250 1253
1253 1254
1254 1255
1254 1256
1256 1257
1256 1258
1256 1259
1256 1260
1256 1261
1260 1262
1260 1263
1260 1261
1263 1264
1263 1265
1265 1266
1265 1267
1267 1268
1267 1269
1268 1270
1268 1271
1268 1269
1271 1272
1271 1273
1273 1274
1273 1275
1273 1276
1275 1277
1275 1278
1275 1276
1278 1279
1279 1280
1279 1281
1279 1282
1282 1283
1283 1284
1284 1285
1284 1286
1284 1287
1287 1288
1288 1289
1288 1290
1288 1291
1288 1292
1292 1293
1292 1294
1294 1295
1295 1296
1295 1297
1297 1298
1297 1299
1297 1300
1300 1301
1300 1302
1302 1303
1302 1304
1302 1305
1305 1306
1305 1307
1307 1308
1307 1309
1309 1310
1308 1310
1306 1311
1306 1307
1306 1312
1312 1313
1312 1314
1314 1315
1314 1316
1316 1317
1317 1318
1318 1319
1318 1320
1320 1321
1320 1322
1322 1323
1322 1324
1324 1325
1324 1326
1324 1327
1327 1328
1327 1329
1329 1330
1329 1331
1331 1332
1331 1333
1333 1334
1334 1335
1335 1336
1335 1337
1335 1338
1335 1339
1339 1340
1340 1341
1340 1342
1340 1343
1342 1344
1342 1345
1342 1343
1342 1346
1346 1347
1347 1348
1347 1349
1347 1350
1350 1351
1350 1352
1350 1353
1353 1354
1354 1355
1354 1356
1356 1357
1357 1358
1357 1359
1357 1360
1360 1361
1361 1362
1361 1363
1361 1364
1364 1365
1364 1366
1364 1367
1366 1368
1366 1369
1368 1370
1368 1369
1370 1371
1370 1372
1370 1373
1373 1374
1373 1375
1375 1376
1375 1377
1377 1378
1377 1379
1377 1380
1380 1381
1380 1382
1381 1383
1381 1382
1383 1384
1384 1385
1384 1386
1384 1387
1386 1388
1386 1389
1386 1387
1389 1390
1389 1391
1391 1392
1391 1393
1391 1394
1393 1395
1393 1394
1395 1396
1395 1397
1397 1398
1397 1399
1397 1400
1400 1401
1401 1402
1401 1403
1403 1404
1403 1405
1403 1406
1406 1407
1406 1408
1406 1409
1406 1410
1410 1411
1411 1412
1411 1413
1412 1414
1412 1415
1412 1413
1412 1416
1416 1417
1416 1418
1418 1419
1418 1420
1418 1421
1421 1422
1421 1423
1423 1424
1424 1425
1425 1426
1426 1427
1426 1428
1426 1429
1429 1430
1429 1431
1431 1432
1432 1433
1432 1434
1434 1435
1435 1436
1435 1437
1437 1438
1437 1439
1439 1440
1439 1441
1440 1441
1438 1440
1438 1442
1438 1439
1442 1443
1442 1444
1442 1445
1442 1446
1446 1447
1446 1448
1448 1449
1448 1450
1450 1451
1450 1452
1450 1453
1452 1453
1451 1454
1451 1452
1454 1455
1454 1456
1456 1457
1457 1458
1457 1459
1459 1460
1459 1461
1459 1462
1459 1463
1462 1464
1462 1465
1462 1463
1465 1466
1465 1467
1467 1468
1467 1469
1469 1470
1470 1471
1470 1472
1470 1473
1470 1474
1474 1475
1474 1476
1475 1477
1475 1478
1475 1476
1478 1479
1478 1480
1478 1481
1480 1482
1480 1481
1482 1483
1482 1484
1482 1485
1485 1486
1484 1487
1484 1488
1484 1486
1484 1485
1488 1489
1488 1490
1488 1491
1491 1492
1491 1493
1491 1494
1493 1495
1493 1494
1495 1496
1495 1497
1497 1498
1497 1499
1497 1500
1499 1501
1499 1500
1501 1502
1501 1503
1503 1504
1503 1505
1503 1506
1503 1507
1503 1508
1507 1509
1507 1508
1509 1510
1510 1511
1510 1512
1512 1513
1513 1514
1513 1515
1513 1516
1516 1517
1516 1518
1517 1519
1517 1520
1517 1518
1517 1521
1521 1522
1521 1523
1523 1524
1524 1525
1524 1526
1526 1527
1526 1528
1528 1529
1528 1530
1530 1531
1531 1532
1531 1533
1531 1534
1531 1535
1531 1536
1536 1537
1537 1538
1537 1539
1538 1540
1538 1539
1540 1541
1540 1542
1540 1543
1540 1544
1544 1545
1545 1546
1545 1547
1545 1548
1548 1549
1548 1550
1548 1551
1551 1552
1551 1553
1553 1554
1553 1555
1553 1556
1556 1557
1556 1558
1557 1559
1557 1560
1557 1558
1560 1561
1560 1562
1560 1563
1563 1564
1563 1565
1565 1566
1566 1567
1566 1568
1567 1569
1567 1568
1569 1570
1569 1571
1569 1572
1569 1573
1572 1574
1572 1575
1575 1576
1575 1577
1575 1578
1578 1579
1578 1580
1578 1581
1581 1582
1581 1583
1581 1584
1584 1585
1583 1584
1583 1585
1582 1583
1580 1582
1580 1581
1579 1586
1579 1580
1586 1587
1586 1588
1588 1589
1588 1590
1589 1591
1589 1592
1589 1590
1592 1593
1592 1594
1594 1595
1594 1596
1594 1597
1596 1598
1596 1599
1596 1597
1599 1600
1599 1601
1601 1602
1601 1603
1603 1604
1604 1605
1604 1606
1604 1607
1607 1608
1608 1609
1608 1610
1610 1611
1610 1612
1610 1613
1613 1614
1614 1615
1615 1616
1616 1617
1616 1618
1618 1619
1618 1620
1618 1621
1621 1622
1621 1623
1623 1624
1624 1625
1624 1626
1626 1627
1626 1628
1626 1629
1626 1630
1630 1631
1631 1632
1631 1633
1631 1634
1631 1635
1634 1635
1633 1634
1632 1636
1632 1633
1636 1637
1636 1638
1636 1639
1639 1640
1639 1641
1639 1642
1639 1643
1643 1644
1643 1645
1644 1646
1644 1647
1644 1648
1644 1645
1648 1649
1648 1650
1650 1651
1650 1652
1652 1653
1653 1654
1653 1655
1653 1656
1656 1657
1656 1658
1656 1659
1659 1660
1660 1661
1660 1662
1662 1663
1662 1664
1662 1665
1662 1666
1665 1667
1665 1668
1665 1669
1665 1670
1670 1671
1670 1672
1670 1673
1673 1674
1673 1675
1674 1676
1674 1677
1674 1678
1674 1675
1674 1679
1679 1680
1679 1681
1681 1682
1682 1683
1683 1684
1683 1685
1685 1686
1685 1687
1687 1688
1688 1689
1688 1690
1688 1691
1691 1692
1691 1693
1691 1694
1694 1695
1694 1696
1696 1697
1696 1698
1698 1699
1699 1700
1699 1701
1699 1702
1699 1703
1703 1704
1704 1705
1704 1706
1706 1707
1706 1708
1708 1709
1709 1710
1709 1711
1709 1712
1709 1713
1713 1714
1713 1715
1715 1716
1716 1717
1717 1718
1717 1719
1717 1720
1717 1721
1720 1721
1719 1722
1719 1723
1719 1720
1723 1724
1723 1725
1725 1726
1725 1727
1726 1728
1726 1729
1726 1730
1730 1731
1729 1732
1729 1733
1733 1734
1733 1735
1733 1736
1733 1737
1736 1738
1736 1739
1736 1737
1739 1740
1739 1741
1739 1742
1742 1743
1742 1744
1742 1745
1745 1746
1745 1747
1745 1748
1748 1749
1749 1750
1749 1751
1749 1752
1751 1753
1751 1754
1751 1752
1754 1755
1755 1756
1755 1757
1757 1758
1757 1759
1757 1760
1760 1761
1761 1762
1762 1763
1762 1764
1762 1765
1765 1766
1765 1767
1767 1768
1767 1769
1769 1770
1769 1771
1769 1772
1772 1773
1772 1774
1772 1775
1774 1776
1776 1777
1777 1778
1777 1779
1779 1780
1779 1781
1779 1782
1779 1783
1779 1784
1779 1785
1779 1786
1786 1787
1787 1788
1787 1789
1789 1790
1789 1791
1791 1792
1791 1793
1793 1794
1793 1795
1795 1796
1795 1797
1795 1798
1798 1799
1799 1800
1800 1801
1800 1802
1800 1803
1803 1804
1804 1805
1804 1806
1806 1807
1806 1808
1807 1809
1807 1808
1809 1810
1809 1811
1811 1812
1811 1813
1813 1814
1814 1815
1814 1816
1816 1817
1816 1818
1818 1819
1818 1820
1820 1821
1820 1822
1822 1823
1822 1824
1824 1825
1824 1826
1824 1827
1827 1828
1828 1829
1828 1830
1830 1831
1829 1832
1829 1830
1832 1833
1832 1834
1834 1835
1835 1836
1836 1837
1836 1838
1838 1839
1838 1840
1838 1841
1838 1842
1842 1843
1841 1844
1841 1843
1841 1842
1844 1845
1844 1846
1846 1847
1846 1848
1848 1849
1848 1850
1848 1851
1851 1852
1851 1853
1853 1854
1853 1855
1855 1856
1856 1857
1854 1858
1854 1856
1854 1855
1858 1859
1858 1860
1859 1861
1859 1860
1861 1862
1861 1863
1861 1864
1862 1863
1862 1864
1852 1860
1852 1858
1852 1854
1852 1853
1850 1860
1850 1852
1850 1851
1849 1864
1849 1850
1847 1849
1847 1848
1845 1864
1845 1849
1845 1847
1845 1846
1840 1846
1840 1844
1840 1841
1839 1848
1839 1851
1839 1846
1839 1840
1837 1851
1837 1839
1837 1838
1833 1853
1833 1834
1826 1835
1826 1834
1826 1832
1826 1827
1826 1829
1826 1828
1825 1835
1825 1826
1823 1838
1823 1836
1823 1835
1823 1842
1823 1825
1823 1824
1821 1842
1821 1823
1821 1843
1821 1822
1819 1843
1819 1821
1819 1820
1817 1819
1817 1818
1815 1843
1815 1817
1815 1816
1812 1814
1812 1813
1810 1814
1810 1816
1810 1813
1810 1811
1805 1812
1805 1811
1805 1807
1805 1806
1802 1806
1802 1808
1801 1806
1801 1804
1801 1803
1801 1802
1797 1808
1797 1802
1797 1800
1797 1799
1797 1798
1796 1808
1796 1797
1794 1809
1794 1807
1794 1808
1794 1796
1794 1795
1792 1810
1792 1818
1792 1809
1792 1794
1792 1793
1790 1792
1790 1791
1788 1790
1788 1789
1785 1790
1785 1788
1785 1786
1785 1787
1784 1818
1784 1790
1784 1785
1783 1818
1783 1784
1782 1827
1782 1828
1781 1827
1781 1782
1780 1822
1780 1824
1780 1827
1780 1820
1780 1818
1780 1783
1780 1781
1778 1831
1778 1782
1773 1776
1773 1774
1771 1777
1771 1776
1771 1773
1771 1772
1770 1786
1770 1787
1770 1771
1768 1770
1768 1787
1768 1769
1766 1787
1766 1768
1766 1789
1766 1767
1764 1766
1764 1765
1763 1791
1763 1789
1763 1766
1763 1793
1763 1795
1763 1764
1759 1765
1759 1761
1759 1760
1758 1772
1758 1767
1758 1759
1756 1775
1753 1755
1753 1754
1750 1753
1750 1751
1747 1760
1747 1748
1747 1750
1747 1749
1746 1761
1746 1760
1746 1747
1743 1762
1743 1761
1743 1746
1743 1745
1741 1762
1741 1743
1741 1742
1740 1798
1740 1741
1738 1798
1738 1740
1738 1739
1735 1799
1735 1736
1734 1799
1734 1735
1732 1803
1732 1800
1732 1799
1732 1734
1728 1731
1728 1730
1728 1729
1724 1731
1724 1730
1724 1726
1724 1725
1722 1731
1722 1724
1722 1723
1718 1725
1718 1727
1718 1723
1718 1719
1714 1727
1714 1718
1714 1717
1714 1716
1714 1715
1712 1727
1712 1714
1712 1713
1711 1737
1710 1733
1710 1737
1710 1727
1710 1712
1710 1711
1707 1737
1707 1711
1707 1709
1707 1708
1705 1744
1705 1737
1705 1707
1705 1706
1702 1744
1702 1705
1702 1704
1702 1703
1701 1748
1701 1749
1700 1742
1700 1745
1700 1748
1700 1744
1700 1702
1700 1701
1697 1749
1697 1701
1697 1699
1697 1698
1695 1749
1695 1752
1695 1697
1695 1696
1693 1751
1693 1752
1693 1695
1693 1694
1692 1754
1692 1751
1692 1693
1690 1692
1690 1691
1689 1754
1689 1692
1689 1690
1686 1688
1686 1687
1684 1686
1684 1685
1680 1682
1680 1681
1678 1685
1678 1683
1678 1682
1678 1680
1677 1687
1677 1685
1677 1678
1676 1687
1676 1691
1676 1677
1672 1676
1672 1673
1672 1674
1671 1691
1671 1676
1671 1672
1669 1670
1668 1694
1668 1696
1667 1691
1667 1694
1667 1668
1667 1671
1667 1670
1664 1696
1664 1668
1663 1699
1663 1698
1663 1696
1663 1703
1663 1664
1661 1703
1661 1663
1661 1662
1658 1706
1658 1704
1658 1703
1658 1661
1658 1659
1657 1706
1657 1708
1657 1658
1655 1657
1655 1656
1654 1709
1654 1708
1654 1657
1654 1655
1651 1654
1651 1653
1651 1652
1649 1713
1649 1654
1649 1715
1649 1651
1649 1650
1647 1716
1647 1715
1647 1649
1647 1648
1646 1717
1646 1716
1646 1721
1646 1647
1642 1646
1642 1643
1642 1644
1641 1721
1641 1646
1641 1642
1640 1720
1640 1721
1640 1641
1638 1640
1638 1639
1637 1722
1637 1640
1637 1638
1629 1632
1629 1631
1629 1630
1628 1643
1628 1645
1627 1639
1627 1643
1627 1636
1627 1632
1627 1629
1627 1628
1625 1645
1625 1628
1625 1626
1622 1625
1622 1624
1622 1623
1620 1644
1620 1645
1620 1625
1620 1622
1620 1621
1619 1648
1619 1650
1619 1644
1619 1620
1617 1650
1617 1652
1617 1619
1617 1618
1612 1617
1612 1616
1612 1615
1612 1613
1612 1614
1611 1652
1611 1617
1611 1612
1609 1656
1609 1659
1609 1653
1609 1610
1606 1660
1606 1607
1605 1662
1605 1666
1605 1660
1605 1606
1602 1666
1602 1605
1602 1604
1602 1603
1600 1669
1600 1666
1600 1602
1600 1601
1598 1600
1598 1599
1595 1670
1595 1673
1595 1675
1595 1669
1595 1598
1595 1596
1593 1675
1593 1595
1593 1594
1591 1674
1591 1679
1591 1675
1591 1593
1591 1592
1587 1681
1587 1679
1587 1588
1577 1586
1577 1579
1577 1578
1576 1586
1576 1588
1576 1577
1574 1588
1574 1576
1574 1590
1574 1575
1571 1578
1571 1581
1571 1584
1571 1573
1570 1578
1570 1575
1570 1572
1570 1571
1564 1589
1564 1590
1564 1574
1564 1565
1562 1589
1562 1564
1562 1563
1561 1592
1561 1589
1561 1594
1561 1597
1561 1562
1559 1561
1559 1597
1559 1560
1555 1559
1555 1556
1555 1557
1554 1597
1554 1559
1554 1555
1552 1553
1550 1599
1550 1596
1550 1551
1550 1554
1550 1553
1549 1601
1549 1599
1549 1603
1549 1550
1547 1604
1547 1603
1547 1549
1547 1548
1546 1604
1546 1607
1546 1547
1543 1613
1543 1608
1543 1614
1542 1607
1542 1546
1542 1544
1542 1545
1541 1607
1541 1543
1541 1542
1535 1538
1535 1536
1535 1537
1534 1543
1534 1540
1534 1535
1534 1538
1533 1614
1533 1543
1533 1534
1532 1616
1532 1615
1532 1614
1532 1621
1532 1533
1529 1532
1529 1531
1527 1621
1527 1529
1527 1528
1525 1623
1522 1525
1522 1524
1522 1523
1520 1624
1520 1525
1520 1522
1520 1521
1519 1631
1519 1630
1519 1635
1519 1520
1515 1635
1515 1519
1515 1516
1515 1517
1514 1634
1514 1635
1514 1515
1511 1637
1511 1633
1511 1634
1506 1509
1506 1507
1505 1512
1505 1513
1505 1516
1504 1510
1504 1512
1504 1509
1504 1506
1504 1505
1502 1516
1502 1505
1502 1503
1498 1516
1498 1518
1498 1502
1498 1501
1498 1499
1496 1517
1496 1521
1496 1518
1496 1498
1496 1497
1492 1521
1492 1496
1492 1495
1492 1493
1490 1523
1490 1521
1490 1492
1489 1526
1489 1528
1489 1530
1487 1536
1487 1530
1483 1536
1483 1487
1483 1484
1479 1483
1479 1482
1479 1480
1477 1539
1477 1483
1477 1479
1473 1538
1473 1539
1472 1548
1472 1552
1471 1545
1471 1544
1471 1473
1471 1472
1468 1552
1468 1472
1468 1470
1468 1469
1466 1468
1466 1467
1464 1556
1464 1466
1464 1465
1461 1556
1461 1558
1461 1464
1461 1462
1460 1560
1460 1563
1460 1565
1460 1557
1460 1558
1458 1460
1458 1566
1458 1459
1455 1566
1455 1568
1455 1458
1455 1457
1455 1456
1449 1567
1449 1568
1449 1451
1449 1450
1447 1569
1447 1573
1447 1567
1447 1449
1447 1448
1445 1571
1445 1573
1445 1447
1445 1446
1444 1584
1444 1585
1443 1584
1443 1571
1443 1445
1443 1444
1436 1442
1436 1438
1436 1446
1436 1448
1436 1453
1436 1437
1433 1441
1433 1434
1430 1434
1430 1432
1430 1431
1428 1453
1428 1452
1427 1435
1427 1434
1427 1453
1427 1428
1427 1430
1427 1429
1422 1428
1422 1426
1422 1423
1422 1425
1422 1424
1420 1452
1420 1428
1420 1421
1420 1422
1419 1454
1419 1451
1419 1452
1419 1420
1417 1456
1417 1454
1417 1419
1417 1418
1415 1456
1415 1417
1415 1416
1414 1459
1414 1457
1414 1456
1414 1463
1414 1415
1409 1462
1409 1463
1409 1414
1409 1410
1409 1412
1408 1462
1408 1409
1407 1465
1407 1462
1407 1467
1407 1408
1405 1467
1405 1407
1405 1406
1404 1469
1404 1467
1404 1474
1404 1476
1404 1405
1402 1404
1402 1476
1402 1403
1399 1410
1398 1406
1398 1410
1398 1403
1398 1401
1398 1400
1398 1399
1396 1410
1396 1411
1396 1399
1396 1397
1392 1411
1392 1413
1392 1396
1392 1395
1392 1393
1390 1412
1390 1416
1390 1413
1390 1392
1390 1391
1388 1416
1388 1418
1388 1421
1388 1390
1388 1389
1385 1421
1385 1423
1385 1388
1385 1386
1379 1385
1379 1383
1379 1381
1379 1380
1378 1425
1378 1424
1378 1379
1376 1426
1376 1429
1376 1425
1376 1378
1376 1377
1374 1431
1374 1429
1372 1432
1372 1431
1372 1374
1372 1373
1371 1433
1371 1432
1371 1372
1365 1370
1365 1368
1365 1373
1365 1366
1363 1365
1363 1364
1362 1365
1362 1375
1362 1363
1359 1362
1359 1361
1359 1360
1358 1375
1358 1362
1358 1377
1358 1380
1358 1359
1355 1382
1355 1356
1352 1381
1352 1382
1352 1355
1352 1353
1352 1354
1351 1381
1351 1352
1349 1383
1349 1381
1349 1351
1349 1350
1348 1384
1348 1383
1348 1387
1348 1349
1345 1348
1345 1346
1345 1347
1344 1387
1344 1348
1344 1345
1341 1344
1341 1342
1338 1339
1338 1341
1338 1340
1337 1394
1337 1386
1337 1338
1337 1341
1336 1393
1336 1394
1336 1337
1332 1397
1332 1395
1332 1333
1332 1334
1330 1400
1330 1397
1330 1331
1330 1332
1328 1401
1328 1400
1328 1329
1328 1330
1326 1402
1326 1327
1326 1401
1326 1328
1325 1476
1325 1402
1325 1478
1325 1326
1323 1478
1323 1325
1323 1481
1323 1324
1321 1481
1321 1323
1321 1322
1319 1481
1319 1321
1319 1320
1315 1485
1315 1317
1315 1316
1313 1486
1313 1485
1313 1315
1313 1314
1311 1488
1311 1491
1311 1494
1311 1486
1311 1313
1304 1305
1304 1308
1303 1493
1303 1494
1303 1305
1303 1306
1301 1497
1301 1495
1301 1493
1301 1500
1299 1499
1299 1500
1299 1301
1299 1300
1298 1499
1298 1299
1296 1503
1296 1298
1296 1297
1293 1294
1291 1508
1291 1292
1291 1296
1290 1507
1290 1508
1290 1291
1289 1507
1289 1290
1286 1289
1286 1287
1286 1288
1285 1509
1285 1507
1285 1289
1285 1286
1281 1287
1281 1283
1281 1282
1280 1288
1280 1292
1280 1287
1280 1293
1277 1280
1277 1293
1277 1294
1277 1278
1274 1294
1274 1277
1274 1275
1272 1297
1272 1300
1272 1304
1272 1295
1272 1308
1270 1272
1270 1308
1270 1310
1266 1310
1266 1270
1266 1268
1266 1267
1264 1266
1264 1265
1262 1309
1262 1310
1262 1266
1262 1264
1262 1263
1259 1309
1259 1262
1259 1260
1258 1314
1257 1306
1257 1312
1257 1314
1257 1307
1257 1309
1257 1259
1257 1258
1255 1314
1255 1316
1255 1258
1255 1256
1252 1316
1252 1255
1252 1254
1252 1253
1251 1317
1251 1318
1251 1320
1251 1316
1251 1252
1248 1320
1248 1251
1248 1250
1248 1249
1247 1322
1247 1248
1245 1329
1245 1331
1244 1329
1244 1247
1244 1246
1244 1245
1239 1245
1239 1242
1239 1241
1239 1240
1238 1334
1237 1331
1237 1333
1237 1334
1237 1245
1237 1239
1237 1238
1235 1334
1235 1335
1235 1238
1235 1236
1235 1339
1231 1235
1231 1339
1231 1340
1231 1233
1231 1232
1229 1340
1229 1343
1229 1231
1229 1230
1227 1343
1227 1229
1227 1228
1224 1347
1224 1350
1224 1346
1224 1227
1222 1350
1222 1224
1222 1223
1217 1350
1217 1353
1217 1222
1217 1221
1217 1218
1215 1354
1215 1356
1214 1354
1214 1353
1214 1217
1214 1216
1214 1215
1211 1356
1211 1215
1211 1213
1211 1212
1209 1356
1209 1211
1209 1210
1207 1357
1207 1360
1207 1209
1207 1208
1205 1361
1205 1360
1205 1207
1205 1206
1203 1364
1203 1367
1203 1361
1203 1204
1201 1203
1201 1202
1200 1367
1200 1203
1200 1201
1197 1199
1197 1202
1197 1198
1194 1208
1193 1202
1193 1197
1193 1196
1193 1195
1192 1204
1192 1202
1192 1206
1192 1208
1192 1194
1192 1193
1189 1208
1189 1194
1189 1191
1189 1210
1189 1190
1186 1189
1186 1212
1186 1187
1182 1212
1182 1183
1182 1184
1181 1213
1181 1212
1181 1182
1179 1219
1179 1181
1179 1220
1179 1180
1176 1220
1172 1176
1172 1174
1172 1175
1170 1171
1170 1172
1169 1225
1169 1176
1169 1170
1167 1226
1167 1225
1167 1228
1167 1169
1167 1168
1165 1228
1165 1167
1165 1166
1161 1165
1161 1162
1161 1163
1160 1162
1158 1159
1158 1160
1157 1232
1157 1230
1157 1159
1157 1165
1156 1234
1156 1232
1156 1157
1154 1234
1154 1156
1154 1155
1151 1236
1151 1233
1151 1240
1151 1154
1151 1234
1149 1243
1149 1241
1149 1150
1147 1243
1147 1148
1147 1149
1145 1243
1145 1146
1145 1147
1144 1250
1144 1249
1144 1145
1143 1250
1143 1253
1143 1144
1138 1139
1138 1141
1138 1140
1137 1253
1137 1143
1135 1260
1135 1261
1135 1263
1134 1256
1134 1254
1134 1253
1134 1261
1134 1135
1134 1137
1134 1136
1130 1135
1130 1133
1130 1132
1130 1131
1129 1263
1129 1135
1129 1265
1129 1130
1127 1265
1127 1129
1127 1128
1126 1265
1126 1127
1123 1126
1123 1124
1123 1125
1120 1269
1120 1121
1120 1122
1119 1273
1119 1271
1119 1268
1119 1276
1119 1269
1119 1120
1117 1276
1117 1119
1117 1118
1111 1275
1111 1276
1111 1112
1111 1117
1111 1113
1110 1279
1110 1278
1110 1275
1110 1111
1109 1279
1109 1282
1109 1110
1105 1282
1105 1106
1103 1283
1103 1282
1103 1105
1103 1104
1099 1102
1099 1101
1099 1100
1098 1104
1098 1106
1098 1107
1098 1099
1095 1114
1095 1115
1095 1116
1094 1107
1094 1114
1094 1095
1093 1107
1093 1098
1093 1097
1093 1096
1093 1094
1090 1097
1090 1096
1090 1092
1090 1091
1088 1097
1088 1100
1088 1090
1088 1089
1086 1101
1086 1100
1086 1088
1086 1087
1077 1101
1077 1083
1077 1079
1077 1078
1075 1083
1075 1085
1075 1078
1072 1085
1072 1075
1072 1074
1072 1073
1071 1085
1071 1072
1069 1087
1069 1089
1069 1084
1069 1085
1069 1071
1069 1070
1068 1091
1068 1089
1068 1069
1065 1091
1065 1068
1065 1067
1065 1066
1064 1092
1064 1091
1064 1065
1062 1064
1062 1063
1061 1095
1061 1116
1061 1064
1061 1062
1057 1061
1057 1060
1057 1058
1055 1115
1055 1116
1055 1061
1055 1057
1055 1056
1054 1121
1054 1115
1054 1055
1050 1052
1050 1051
1048 1125
1048 1131
1048 1124
1048 1050
1048 1049
1044 1049
1044 1047
1044 1045
1043 1131
1043 1049
1043 1044
1041 1131
1041 1043
1041 1042
1039 1133
1039 1136
1039 1132
1039 1139
1037 1139
1037 1140
1037 1038
1032 1037
1032 1034
1032 1033
1031 1140
1031 1037
1031 1032
1030 1146
1030 1148
1029 1142
1029 1146
1029 1141
1029 1140
1029 1031
1029 1030
1027 1148
1027 1150
1027 1030
1027 1028
1025 1152
1025 1153
1025 1155
1025 1158
1024 1150
1024 1152
1024 1027
1024 1026
1024 1025
1021 1025
1021 1023
1021 1022
1019 1025
1019 1158
1019 1160
1019 1021
1019 1020
1016 1160
1016 1162
1016 1164
1016 1017
1013 1164
1013 1016
1013 1015
1013 1014
1012 1166
1012 1163
1012 1164
1012 1171
1010 1171
1010 1173
1007 1011
1007 1009
1007 1014
1007 1008
1002 1015
1002 1006
1000 1018
1000 1017
1000 1015
1000 1002
1000 1001
998 1020
998 1018
998 1000
998 999
995 1020
995 996
995 998
995 997
994 1028
994 1022
994 1020
994 1036
994 995
990 1036
990 994
990 991
990 993
990 992
988 1034
988 1035
988 1036
988 989
988 990
985 1042
985 1046
984 1038
984 1034
984 986
984 988
983 1040
983 1038
983 1042
983 984
981 985
981 982
979 1046
979 985
979 981
977 1047
977 1045
977 1046
977 979
977 978
976 1047
976 1051
976 977
974 976
974 975
973 1051
973 976
973 974
971 1053
971 1052
971 1051
971 1056
971 1059
971 973
966 1059
966 967
966 968
965 1058
965 1059
965 966
962 1060
962 965
962 1066
962 963
960 1066
960 962
960 961
959 1067
959 1066
959 1070
959 1073
959 960
957 959
957 1073
957 958
955 1073
955 957
955 956
953 1074
953 954
952 1074
952 1081
952 953
949 1081
949 952
949 950
948 1079
948 1080
948 1081
948 1082
948 949
945 948
945 1082
945 947
941 947
941 950
941 946
941 1865
940 946
940 941
940 944
940 943
940 942
937 1865
937 939
937 938
934 1865
934 935
932 1865
932 934
932 933
930 954
930 951
930 941
930 932
930 931
928 956
928 954
928 930
928 929
924 956
924 928
924 926
924 925
923 961
923 958
923 956
923 924
921 961
921 964
921 923
921 922
919 969
918 963
918 967
918 969
918 964
918 921
918 920
918 919
912 915
912 913
912 914
911 919
911 917
911 916
911 912
911 915
910 968
910 970
910 969
910 919
910 911
908 970
908 910
908 909
907 975
907 978
907 972
907 970
907 908
905 906
898 905
898 901
898 900
898 899
896 980
896 905
896 898
896 897
893 987
893 980
893 894
891 989
891 991
891 987
891 893
891 892
888 991
888 992
888 891
888 889
886 993
886 996
886 992
886 888
886 887
884 999
883 996
883 997
883 999
883 886
883 885
883 884
881 999
881 1001
881 1003
881 884
881 882
875 880
875 877
875 876
873 885
873 882
873 880
873 875
873 874
872 887
872 885
872 890
872 873
868 889
868 890
868 872
868 870
868 869
867 892
867 889
867 895
867 868
864 895
864 867
864 865
862 899
861 894
861 895
861 897
861 899
861 862
861 864
858 899
858 862
858 860
858 859
857 900
857 899
857 903
857 904
857 858
852 859
852 856
852 855
852 854
852 853
849 863
849 866
849 851
849 850
846 866
846 849
846 847
844 869
844 871
844 846
844 845
842 844
842 843
841 874
841 876
841 871
841 844
841 842
835 840
835 839
835 836
833 876
833 879
833 840
833 835
833 834
831 879
831 833
831 832
827 829
827 828
825 827
825 826
824 1005
824 878
824 825
824 827
823 1004
823 1005
823 824
821 1008
821 1004
821 823
821 822
818 820
818 819
816 1009
816 1008
816 818
816 817
815 1010
815 1173
815 1009
815 816
813 1173
813 815
813 814
810 1174
810 812
810 811
808 1175
808 1178
808 810
808 809
807 1180
807 1178
807 808
803 807
803 806
803 805
803 804
801 807
801 803
801 802
800 1183
800 1185
800 807
800 801
798 1185
797 1185
797 800
797 799
797 798
794 1184
794 798
794 796
794 795
791 1188
791 792
789 1187
789 1188
789 791
789 790
787 1191
787 1195
787 1190
787 1187
787 789
787 788
785 1866
785 786
783 1866
783 785
783 784
780 1866
780 783
780 782
780 781
778 1866
778 780
778 779
761 781
761 764
761 762
759 790
759 792
759 793
758 788
758 790
758 759
757 782
757 781
757 761
756 786
756 784
756 782
756 788
756 758
756 757
753 755
753 759
753 754
748 753
748 749
747 759
747 753
747 793
747 750
747 748
744 750
744 746
744 745
742 743
740 802
740 804
739 795
739 750
739 741
739 744
739 743
738 795
738 739
737 799
737 796
737 795
737 802
737 740
737 738
735 805
735 804
733 805
733 811
733 735
733 734
730 733
730 732
730 731
729 811
729 730
727 729
727 728
726 814
726 812
726 817
726 819
726 727
719 731
719 720
715 731
715 719
715 718
715 717
715 716
714 732
714 734
714 731
714 715
712 714
712 713
711 734
711 714
711 712
709 711
709 710
707 742
707 709
707 708
706 743
706 745
706 742
706 707
703 745
703 706
703 704
698 752
698 745
698 703
698 699
693 752
693 698
693 696
693 694
693 695
692 751
692 752
692 693
690 749
690 751
690 692
690 691
689 760
689 754
689 749
689 690
687 760
687 763
687 689
687 688
685 766
685 767
685 769
685 763
685 772
681 686
681 682
679 681
679 694
679 697
679 680
677 679
677 697
677 678
670 697
670 677
670 671
670 672
669 696
669 695
669 697
669 699
669 700
667 669
667 700
667 668
665 667
665 666
664 701
664 700
664 667
664 665
661 664
661 663
661 662
658 705
658 701
658 664
658 659
658 661
658 660
657 705
657 658
655 708
655 704
655 657
654 710
654 708
654 655
652 710
652 713
652 654
649 716
649 651
649 650
646 717
646 716
646 647
646 649
646 648
645 720
645 718
645 717
645 723
645 646
642 724
642 723
642 645
642 644
642 643
641 725
641 724
641 828
639 828
639 641
639 830
639 640
637 830
637 837
637 638
635 637
635 837
635 636
632 838
632 633
630 838
630 632
630 631
629 839
629 836
629 838
629 630
623 631
623 625
623 624
622 633
622 623
620 636
620 634
620 633
620 622
620 621
618 638
618 636
618 620
618 619
616 638
616 618
616 617
613 643
613 616
613 614
611 648
611 650
610 644
610 647
610 648
610 643
610 613
610 612
610 611
607 650
607 611
607 609
607 608
604 651
604 650
604 607
604 605
603 653
603 651
603 604
600 656
600 659
600 660
599 656
599 603
599 602
599 601
599 600
596 660
596 662
596 600
596 598
596 597
593 662
593 596
593 594
592 666
592 673
592 663
592 675
590 675
590 676
590 591
588 676
588 590
588 589
580 595
580 587
577 597
577 594
577 595
577 578
577 580
577 579
575 597
575 576
575 577
573 602
573 601
573 606
573 575
573 574
570 606
570 573
570 572
570 571
569 605
569 606
569 608
569 570
567 569
567 568
565 609
565 608
565 569
565 567
565 566
564 612
564 609
564 615
564 565
562 564
562 615
562 563
559 615
559 562
559 560
556 624
556 558
556 557
554 624
554 556
554 625
554 555
551 626
551 625
551 554
551 552
551 553
549 626
549 550
549 551
546 627
546 547
544 628
544 545
544 627
544 546
542 629
542 543
541 839
541 542
541 629
540 840
540 843
540 839
538 845
538 843
538 848
538 539
537 848
534 537
534 535
534 536
533 537
533 534
531 851
531 850
531 847
531 853
531 537
531 533
528 853
528 531
528 529
527 854
527 853
527 528
525 526
524 1867
524 525
522 904
522 856
522 855
520 1867
520 523
520 524
519 904
519 522
519 521
517 902
517 913
517 914
517 903
517 904
514 914
514 515
514 516
512 916
512 915
512 914
512 513
512 514
511 917
511 916
511 512
506 927
506 507
504 927
504 506
504 505
503 927
503 931
503 504
501 931
501 503
501 933
501 502
499 933
499 501
499 935
499 500
495 498
495 497
495 496
492 935
492 499
492 936
492 495
492 498
490 939
490 938
490 491
488 942
488 939
488 489
488 490
486 943
486 942
486 488
486 487
485 1082
485 943
485 486
482 485
482 484
482 483
480 489
479 484
479 487
479 489
479 483
479 481
479 480
477 493
477 494
476 489
476 491
476 493
476 480
476 478
476 477
474 494
474 496
474 477
474 475
472 496
472 474
472 473
469 497
469 496
469 472
469 471
469 470
467 498
467 497
467 469
467 468
466 500
466 498
466 467
464 500
464 466
464 465
462 505
462 508
462 464
459 462
459 461
459 460
458 507
458 509
458 508
458 462
458 459
456 509
456 458
456 457
455 515
455 509
455 520
451 1867
451 453
451 452
449 1867
449 524
449 451
449 450
447 524
447 525
447 449
447 448
446 526
446 529
446 525
446 447
443 529
443 446
443 445
443 444
440 529
440 530
440 532
440 443
440 441
438 532
438 535
438 440
438 439
435 535
435 436
434 543
434 545
433 536
433 435
433 434
429 432
429 436
429 431
429 430
427 436
427 429
427 428
426 439
426 437
426 436
426 442
426 427
423 442
423 426
423 424
420 421
420 422
419 421
418 420
418 423
418 422
417 445
417 444
417 418
415 416
415 419
414 415
413 417
413 416
411 414
410 448
410 413
409 452
409 450
409 448
409 410
407 408
407 411
406 407
404 452
404 405
404 409
404 408
402 453
402 403
402 452
402 404
401 454
401 453
401 460
401 402
399 461
399 460
399 401
399 400
398 461
398 463
398 399
395 468
394 398
394 397
394 396
393 465
393 463
393 398
393 468
393 395
393 394
390 468
390 395
390 392
390 470
390 391
388 400
388 403
388 397
388 396
388 405
388 406
387 392
387 396
387 391
387 389
385 407
385 411
384 406
384 407
384 386
384 385
382 414
382 415
381 411
381 414
381 385
381 383
381 382
379 419
379 421
378 415
378 419
378 382
378 380
378 379
376 421
376 379
376 377
374 421
374 376
374 375
372 422
372 424
372 421
372 373
370 425
370 428
369 425
369 424
369 372
369 371
369 370
366 370
366 368
366 367
365 430
365 428
365 370
365 366
363 430
363 365
363 364
361 430
361 363
361 362
360 547
360 548
360 550
359 547
359 431
359 361
359 360
356 550
356 552
356 360
356 358
351 552
351 356
351 355
349 553
349 552
349 350
346 555
346 557
346 553
346 347
344 558
344 560
344 557
344 346
344 345
342 560
342 344
342 343
341 561
341 560
341 342
338 566
338 339
335 338
335 336
334 568
334 571
334 335
332 334
332 333
331 572
331 574
331 576
331 571
331 334
331 332
329 578
329 331
327 578
327 579
327 581
327 329
327 328
327 583
324 583
324 585
324 326
321 325
321 323
321 322
319 325
319 321
318 328
318 319
316 337
316 318
316 317
313 337
313 316
313 315
313 314
312 336
312 337
312 339
312 313
308 312
308 309
308 311
308 310
307 339
307 312
307 308
304 347
304 348
303 307
303 348
303 306
303 305
300 304
300 354
297 354
297 300
297 299
297 298
294 297
294 296
294 295
291 297
291 292
291 294
291 293
290 354
290 291
290 297
289 352
289 353
289 354
289 290
287 355
287 352
287 289
287 288
286 355
286 357
286 287
283 286
283 284
283 285
282 357
282 286
282 283
280 362
280 364
280 282
277 364
277 280
277 278
277 279
276 364
276 367
276 277
274 367
274 276
274 275
273 368
273 367
273 274
271 279
271 281
271 284
270 279
270 278
270 271
268 285
268 284
267 284
267 271
267 269
265 292
264 268
264 288
264 292
264 266
264 265
262 292
262 293
262 295
262 265
262 263
260 295
260 262
260 261
257 295
257 260
257 259
257 258
253 298
253 296
253 295
253 257
253 254
253 256
252 299
252 301
252 298
252 253
250 302
250 305
250 301
250 252
250 251
249 310
248 306
248 309
248 310
248 305
248 250
248 249
243 246
243 245
243 244
242 310
242 249
242 243
241 311
241 314
241 310
241 242
239 314
239 241
239 240
238 317
237 315
237 317
237 314
237 239
237 238
234 320
233 320
233 238
233 236
233 235
233 234
225 236
225 235
225 232
225 231
225 226
223 244
223 245
222 225
222 244
222 223
218 223
218 221
218 219
218 220
217 245
217 223
217 218
216 247
216 251
216 255
216 246
214 254
214 255
214 256
212 256
212 214
212 258
212 213
210 219
209 215
209 219
209 213
209 211
209 210
207 227
207 230
206 220
206 227
206 210
206 208
206 207
204 230
204 207
204 205
202 230
202 204
202 203
200 229
200 230
200 202
200 201
199 228
199 229
199 200
197 228
197 199
197 198
196 226
196 228
196 197
194 232
194 231
194 226
194 196
194 195
193 232
193 194
191 234
191 232
191 193
191 192
190 322
190 320
190 234
190 191
188 322
188 190
188 189
187 323
187 322
187 188
185 324
185 323
185 187
185 186
184 584
184 585
184 324
184 185
182 582
182 584
182 184
182 183
180 586
180 582
180 181
179 587
179 586
179 180
177 588
177 587
177 179
177 178
176 674
176 676
176 588
176 177
174 673
174 674
174 176
174 175
173 673
173 174
171 678
171 672
171 673
171 173
171 172
170 678
170 171
168 682
168 680
168 678
168 170
168 169
167 682
167 168
165 683
165 682
165 167
165 166
164 684
164 683
164 165
163 773
163 772
163 164
161 1868
161 1869
1869 1870
1869 1871
1869 1872
1872 1873
1873 1874
1874 1875
1874 1876
1874 1877
1877 1878
1878 1879
1878 1880
1878 1881
1881 1882
1882 1883
1883 1884
1883 1885
1883 1886
1883 1887
1887 1888
1887 1889
1887 1890
1890 1891
1891 1892
1891 1893
1893 1894
1893 1895
1893 1896
1893 1897
1897 1898
1897 1899
1899 1900
1899 1901
1901 1902
1901 1903
1903 1904
1903 1905
1905 1906
1906 1907
1906 1908
1908 1909
1908 1910
1908 1911
1911 1912
1912 1913
1912 1914
1914 1915
1915 1916
1916 1917
1916 1918
1918 1919
1918 1920
1918 1921
1921 1922
1921 1923
1922 1924
1922 1925
1922 1926
1922 1927
1926 1928
1926 1929
1929 1930
1930 1931
1930 1932
1930 1933
1930 1934
1934 1935
1934 1936
1934 1937
1937 1938
1938 1939
1938 1940
1939 1941
1939 1942
1939 1940
1939 1943
1943 1944
1944 1945
1944 1946
1944 1947
1947 1948
1947 1949
1949 1950
1949 1951
1949 1952
1952 1953
1953 1954
1954 1955
1954 1956
1956 1957
1956 1958
1958 1959
1958 1960
1960 1961
1960 1962
1960 1963
1963 1964
1963 1965
1965 1966
1965 1967
1966 1968
1966 1969
1966 1967
1969 1970
1970 1971
1970 1972
1970 1973
1973 1974
1972 1975
1972 1976
1972 1973
1976 1977
1976 1978
1976 1979
1979 1980
1979 1981
1981 1982
1981 1983
1981 1984
1984 1985
1984 1986
1986 1987
1986 1988
1988 1989
1988 1990
1989 1991
1989 1992
1989 1993
1989 1990
1993 1994
1994 1995
1994 1996
1996 1997
1997 1998
1997 1999
1999 2000
2000 2001
2000 2002
2000 2003
2000 2004
2000 2005
2000 2006
2000 2007
2006 2007
2005 2008
2005 2009
2005 2010
2010 2011
2011 2012
2012 2013
2012 2014
2014 2015
2015 2016
2015 2017
2017 2018
2017 2019
2017 2020
2017 2021
2021 2022
2022 2023
2022 2024
2022 2025
2024 2026
2024 2025
2024 2027
2027 2028
2027 2029
2029 2030
2029 2031
2031 2032
2032 2033
2032 2034
2034 2035
2034 2036
2034 2037
2034 2038
2038 2039
2039 2040
2039 2041
2039 2042
2042 2043
2042 2044
2044 2045
2044 2046
2046 2047
2046 2048
2046 2049
2049 2050
2049 2051
2051 2052
2051 2053
2053 2054
2053 2055
2053 2056
2053 2057
2057 2058
2058 2059
2058 2060
2060 2061
2061 2062
2061 2063
2063 2064
2063 2065
2063 2066
2066 2067
2066 2068
2068 2069
2069 2070
2069 2071
2069 2072
2072 2073
2072 2074
2074 2075
2075 2076
2075 2077
2077 2078
2077 2079
2079 2080
2079 2081
2080 2082
2080 2083
2080 2081
2083 2084
2084 2085
2084 2086
2084 2087
2087 2088
2088 2089
2088 2090
2090 2091
2091 2092
2091 2093
2091 2094
2091 2095
2095 2096
2096 2097
2096 2098
2098 2099
2098 2100
2098 2101
2098 2102
2102 2103
2103 2104
2103 2105
2105 2106
2105 2107
2107 2108
2108 2109
2108 2110
2108 2111
2111 2112
2111 2113
2111 2114
2114 2115
2115 2116
2115 2117
2117 2118
2117 2119
2117 2120
2117 2121
2121 2122
2122 2123
2122 2124
2122 2125
2125 2126
2125 2127
2127 2128
2127 2129
2129 2130
2129 2131
2129 2132
2132 2133
2132 2134
2132 2135
2135 2136
2135 2137
2136 2138
2136 2139
2136 2137
2139 2140
2139 2141
2141 2142
2141 2143
2142 2144
2142 2145
2145 2146
2145 2147
2145 2148
2148 2149
2148 2150
2149 2151
2149 2150
2151 2152
2152 2153
2153 2154
2153 2155
2153 2156
2156 2157
2156 2158
2158 2159
2158 2160
2158 2161
2158 2162
2162 2163
2161 2164
2161 2165
2161 2166
2161 2162
2165 2167
2165 2168
2165 2166
2168 2169
2168 2170
2168 2171
2171 2172
2171 2173
2173 2174
2173 2175
2174 2176
2174 2177
2174 2178
2174 2175
2177 2179
2177 2180
2177 2178
2180 2181
2180 2182
2182 2183
2183 2184
2183 2185
2183 2186
2183 2187
2186 2188
2186 2187
2188 2189
2188 2190
2188 2191
2191 2192
2191 2193
2191 2194
2191 2195
2194 2196
2194 2197
2194 2195
2197 2198
2197 2199
2199 2200
2200 2201
2201 2202
2201 2203
2201 2204
2203 2205
2203 2206
2203 2204
2206 2207
2207 2208
2207 2209
2209 2210
2209 2211
2211 2212
2211 2213
2213 2214
2213 2215
2215 2216
2216 2217
2216 2218
2218 2219
2218 2220
2220 2221
2220 2222
2222 2223
2222 2224
2222 2225
2225 2226
2225 2227
2227 2228
2227 2229
2229 2230
2230 2231
2230 2232
2232 2233
2232 2234
2232 2235
2234 2236
2234 2235
2234 2237
2237 2238
2236 2239
2236 2240
2240 2241
2240 2242
2242 2243
2242 2244
2242 2245
2245 2246
2245 2247
2247 2248
2247 2249
2249 2250
2249 2251
2251 2252
2251 2253
2253 2254
2254 2255
2254 2256
2254 2257
2257 2258
2258 2259
2258 2260
2260 2261
2260 2262
2262 2263
2262 2264
2264 2265
2264 2266
2265 2267
2265 2266
2265 2268
2268 2269
2269 2270
2270 2271
2271 2272
2271 2273
2272 2274
2272 2275
2272 2276
2272 2273
2275 2277
2275 2278
2278 2279
2278 2280
2278 2281
2281 2282
2282 2283
2283 2284
2283 2285
2283 2286
2286 2287
2286 2288
2288 2289
2289 2290
2289 2291
2291 2292
2291 2293
2293 2294
2294 2295
2294 2296
2296 2297
2297 2298
2297 2299
2297 2300
2300 2301
2300 2302
2300 2303
2303 2304
2304 2305
2304 2306
2304 2307
2307 2308
2308 2309
2308 2310
2310 2311
2310 2312
2312 2313
2313 2314
2313 2315
2315 2316
2315 2317
2317 2318
2317 2319
2319 2320
2319 2321
2321 2322
2321 2323
2321 2324
2324 2325
2324 2326
2326 2327
2326 2328
2328 2329
2328 2330
2329 2331
2329 2332
2329 2333
2329 2330
2333 2334
2333 2335
2335 2336
2336 2337
2337 2338
2337 2339
2337 2340
2340 2341
2340 2342
2342 2343
2342 2344
2344 2345
2344 2346
2344 2347
2346 2348
2346 2349
2349 2350
2349 2351
2351 2352
2352 2353
2352 2354
2354 2355
2355 2356
2356 2357
2356 2358
2356 2359
2356 2360
2360 2361
2361 2362
2362 2363
2362 2364
2364 2365
2364 2366
2366 2367
2367 2368
2368 2369
2368 2370
2370 2371
2371 2372
2371 2373
2371 2374
2371 2375
2375 2376
2376 2377
2377 2378
2377 2379
2377 2380
2377 2381
2377 2382
2382 2383
2383 2384
2384 2385
2384 2386
2384 2387
2384 2388
2387 2389
2387 2388
2389 2390
2389 2391
2391 2392
2392 2393
2392 2394
2392 2395
2395 2396
2395 2397
2395 2398
2397 2399
2399 2400
2399 2401
2401 2402
2401 2403
2401 2404
2404 2405
2404 2406
2405 2407
2405 2408
2408 2409
2408 2410
2408 2411
2408 2412
2411 2412
2410 2413
2410 2414
2410 2415
2410 2411
2415 2416
2416 2417
2416 2418
2418 2419
2418 2420
2420 2421
2420 2422
2420 2423
2423 2424
2423 2425
2425 2426
2425 2427
2427 2428
2428 2429
2428 2430
2428 2431
2428 2432
2432 2433
2433 2434
2433 2435
2435 2436
2436 2437
2436 2438
2436 2439
2438 2440
2438 2441
2438 2442
2438 2439
2438 2443
2443 2444
2444 2445
2445 2446
2445 2447
2447 2448
2448 2449
2446 2450
2450 2451
2450 2452
2451 2453
2451 2452
2453 2454
2454 2455
2455 2456
2455 2457
2457 2458
2457 2459
2459 2460
2460 2461
2460 2462
2462 2463
2462 2464
2462 2465
2465 2466
2465 2467
2467 2468
2468 2469
2468 2470
2470 2471
2471 2472
2471 2473
2473 2474
2474 2475
2474 2476
2476 2477
2476 2478
2478 2479
2478 2480
2478 2481
2481 2482
2482 2483
2482 2484
2484 2485
2484 2486
2484 2487
2486 2487
2485 2488
2485 2489
2489 2490
2489 2491
2491 2492
2491 2493
2493 2494
2492 2495
2492 2494
2492 2493
2495 2496
2496 2497
2496 2498
2496 2499
2496 2500
2500 2501
2500 2502
2501 2503
2503 2504
2504 2505
2504 2506
2505 2506
2499 2507
2498 2503
2498 2501
2497 2504
2497 2503
2497 2499
2497 2498
2490 2500
2490 2495
2488 2500
2488 2502
2488 2490
2488 2489
2483 2502
2483 2488
2483 2485
2483 2484
2480 2502
2480 2483
2480 2481
2480 2482
2479 2501
2479 2500
2479 2502
2479 2480
2477 2501
2477 2479
2477 2478
2475 2503
2475 2476
2475 2508
2508 2509
2508 2510
2509 2510
2472 2508
2472 2474
2472 2473
2472 2510
2469 2473
2469 2471
2469 2481
2469 2470
2466 2471
2466 2470
2466 2468
2466 2467
2464 2472
2464 2510
2464 2471
2464 2466
2464 2465
2463 2509
2463 2510
2463 2464
2461 2509
2461 2463
2461 2462
2458 2461
2458 2460
2458 2459
2456 2509
2456 2461
2456 2458
2456 2457
2442 2446
2442 2445
2442 2443
2442 2444
2441 2446
2441 2442
2440 2450
2440 2446
2440 2452
2440 2441
2437 2440
2437 2438
2434 2452
2434 2440
2434 2435
2434 2437
2434 2436
2431 2432
2431 2433
2430 2451
2430 2431
2430 2452
2429 2453
2429 2451
2429 2430
2426 2453
2426 2427
2426 2429
2426 2428
2424 2454
2424 2425
2422 2455
2422 2454
2422 2424
2422 2423
2421 2455
2421 2457
2421 2422
2419 2421
2419 2420
2417 2457
2417 2421
2417 2459
2417 2419
2417 2418
2414 2465
2414 2415
2413 2465
2413 2467
2413 2414
2409 2467
2409 2413
2409 2410
2407 2481
2407 2469
2407 2482
2407 2484
2407 2487
2407 2468
2403 2487
2403 2404
2403 2405
2402 2487
2402 2486
2402 2403
2400 2489
2400 2485
2400 2484
2400 2491
2400 2486
2396 2399
2396 2398
2396 2397
2394 2401
2394 2404
2394 2406
2393 2397
2393 2395
2393 2394
2390 2395
2390 2392
2390 2391
2386 2391
2386 2389
2386 2387
2385 2394
2385 2406
2385 2392
2385 2391
2385 2386
2381 2406
2381 2385
2381 2384
2381 2382
2380 2406
2380 2381
2379 2408
2379 2412
2378 2405
2378 2408
2378 2404
2378 2406
2378 2380
2378 2379
2374 2412
2374 2376
2374 2375
2373 2411
2373 2412
2373 2374
2372 2415
2372 2416
2372 2410
2372 2411
2372 2373
2369 2416
2369 2372
2369 2371
2369 2370
2365 2423
2365 2368
2365 2366
2363 2427
2363 2428
2363 2364
2363 2432
2359 2368
2359 2367
2359 2370
2358 2366
2358 2364
2358 2362
2358 2360
2357 2366
2357 2367
2357 2359
2357 2358
2353 2371
2353 2370
2353 2359
2353 2375
2350 2375
2350 2353
2350 2376
2350 2352
2350 2351
2348 2376
2348 2382
2345 2382
2345 2348
2345 2383
2345 2346
2343 2383
2343 2345
2343 2344
2341 2388
2341 2343
2341 2342
2339 2387
2339 2388
2339 2341
2339 2340
2338 2387
2338 2339
2334 2340
2334 2337
2334 2336
2334 2335
2332 2342
2332 2347
2331 2340
2331 2342
2331 2334
2331 2333
2331 2332
2327 2347
2327 2332
2327 2329
2327 2328
2325 2347
2325 2327
2325 2326
2323 2346
2323 2347
2323 2325
2323 2324
2322 2349
2322 2346
2322 2323
2320 2349
2320 2351
2320 2322
2320 2321
2318 2352
2318 2354
2318 2351
2318 2320
2318 2319
2316 2355
2316 2354
2316 2318
2316 2317
2314 2316
2314 2315
2311 2314
2311 2313
2311 2312
2309 2360
2309 2361
2309 2355
2309 2314
2309 2311
2309 2310
2306 2361
2306 2309
2306 2308
2306 2307
2305 2362
2305 2361
2305 2306
2302 2305
2302 2304
2302 2303
2301 2432
2301 2305
2301 2302
2299 2435
2299 2436
2298 2433
2298 2435
2298 2301
2298 2300
2298 2299
2295 2299
2295 2297
2295 2296
2292 2436
2292 2439
2292 2299
2292 2295
2292 2294
2292 2293
2290 2438
2290 2443
2290 2439
2290 2292
2290 2291
2287 2444
2287 2288
2285 2447
2285 2448
2285 2449
2284 2447
2284 2287
2284 2286
2284 2285
2280 2285
2280 2449
2280 2283
2280 2282
2280 2281
2279 2448
2279 2449
2279 2280
2277 2279
2277 2278
2274 2448
2274 2279
2274 2277
2267 2278
2267 2275
2267 2281
2267 2269
2267 2268
2263 2282
2263 2281
2263 2267
2263 2264
2263 2265
2261 2282
2261 2263
2261 2262
2259 2288
2259 2283
2259 2289
2259 2261
2259 2260
2256 2258
2256 2257
2255 2294
2255 2293
2255 2256
2252 2255
2252 2254
2252 2253
2250 2296
2250 2252
2250 2251
2248 2249
2246 2296
2246 2247
2246 2250
2246 2249
2244 2308
2244 2307
2244 2310
2243 2304
2243 2303
2243 2307
2243 2244
2243 2245
2241 2310
2241 2244
2241 2312
2239 2242
2239 2245
2239 2247
2239 2240
2239 2248
2233 2236
2233 2234
2231 2240
2231 2236
2231 2233
2231 2232
2228 2229
2228 2231
2228 2230
2226 2312
2226 2227
2226 2240
2224 2315
2224 2313
2224 2312
2224 2225
2224 2226
2223 2317
2223 2315
2223 2319
2221 2223
2221 2222
2219 2321
2219 2221
2219 2324
2219 2220
2217 2222
2217 2220
2217 2218
2214 2218
2214 2216
2214 2215
2212 2219
2212 2214
2212 2213
2210 2326
2210 2219
2210 2328
2210 2330
2210 2212
2208 2210
2208 2330
2208 2209
2205 2209
2205 2211
2205 2207
2205 2206
2202 2211
2202 2213
2202 2205
2202 2203
2198 2213
2198 2202
2198 2201
2198 2200
2196 2215
2196 2213
2193 2215
2193 2196
2193 2194
2192 2217
2192 2216
2192 2215
2192 2193
2190 2229
2189 2227
2189 2229
2189 2192
2189 2191
2189 2190
2185 2230
2185 2232
2184 2229
2184 2230
2184 2190
2184 2188
2184 2186
2184 2185
2181 2232
2181 2235
2181 2185
2181 2182
2179 2234
2179 2237
2179 2238
2179 2235
2179 2181
2179 2180
2176 2238
2176 2179
2176 2177
2172 2238
2172 2176
2172 2174
2172 2173
2170 2238
2170 2172
2170 2171
2169 2248
2169 2234
2169 2237
2167 2249
2167 2251
2167 2169
2167 2168
2164 2254
2164 2257
2164 2253
2164 2165
2160 2257
2160 2164
2160 2161
2159 2260
2159 2262
2159 2258
2159 2257
2159 2160
2157 2262
2157 2264
2157 2159
2157 2158
2155 2264
2155 2266
2154 2264
2154 2157
2154 2156
2154 2155
2147 2151
2147 2149
2147 2148
2146 2153
2146 2152
2146 2151
2146 2147
2144 2265
2144 2268
2144 2266
2140 2269
2140 2268
2140 2144
2140 2142
2140 2141
2138 2270
2138 2269
2138 2140
2138 2139
2134 2138
2134 2136
2134 2135
2133 2271
2133 2273
2133 2270
2133 2138
2133 2134
2131 2276
2130 2273
2130 2133
2130 2132
2130 2131
2128 2276
2128 2131
2128 2129
2126 2276
2126 2128
2126 2127
2124 2127
2124 2125
2123 2132
2123 2129
2123 2127
2123 2135
2123 2137
2123 2124
2120 2143
2119 2136
2119 2137
2119 2141
2119 2120
2118 2123
2118 2137
2118 2119
2118 2122
2118 2121
2116 2125
2116 2122
2116 2121
2113 2120
2113 2114
2113 2115
2112 2120
2112 2113
2110 2143
2110 2120
2110 2112
2110 2111
2109 2142
2109 2143
2109 2148
2109 2110
2106 2148
2106 2109
2106 2150
2106 2108
2104 2149
2104 2150
2104 2106
2101 2102
2100 2149
2100 2102
2100 2104
2100 2103
2099 2151
2099 2149
2099 2100
2097 2158
2097 2152
2097 2151
2097 2163
2097 2099
2097 2098
2094 2163
2094 2097
2094 2095
2094 2096
2093 2161
2093 2162
2093 2166
2093 2163
2092 2165
2092 2166
2092 2093
2092 2171
2089 2092
2089 2173
2089 2090
2086 2095
2086 2101
2085 2091
2085 2095
2085 2090
2085 2088
2085 2087
2085 2086
2082 2101
2082 2086
2082 2084
2082 2083
2078 2101
2078 2080
2078 2079
2076 2078
2076 2077
2073 2103
2073 2102
2073 2076
2073 2075
2071 2107
2071 2105
2071 2072
2070 2108
2070 2111
2070 2107
2070 2071
2067 2115
2067 2114
2067 2068
2065 2068
2065 2066
2064 2069
2064 2068
2064 2072
2064 2074
2064 2065
2062 2064
2062 2074
2062 2063
2059 2066
2059 2063
2059 2060
2056 2060
2056 2057
2056 2058
2055 2511
2055 2061
2055 2056
2054 2511
2054 2055
2052 2511
2052 2054
2048 2049
2048 2050
2047 2077
2047 2079
2047 2052
2047 2511
2045 2081
2045 2079
2045 2046
2043 2083
2043 2080
2043 2044
2043 2081
2043 2045
2041 2087
2041 2084
2041 2083
2041 2042
2041 2043
2040 2087
2040 2041
2037 2088
2037 2087
2037 2038
2037 2040
2037 2039
2036 2175
2036 2088
2036 2037
2035 2174
2035 2175
2035 2178
2035 2036
2033 2180
2033 2177
2033 2182
2033 2178
2030 2182
2030 2033
2028 2182
2028 2030
2028 2029
2026 2182
2026 2187
2026 2028
2026 2027
2023 2187
2023 2026
2023 2024
2020 2187
2020 2021
2020 2023
2020 2022
2019 2191
2019 2188
2019 2195
2019 2187
2018 2194
2018 2195
2018 2197
2016 2197
2016 2018
2016 2199
2016 2017
2013 2017
2013 2021
2013 2022
2013 2014
2009 2011
2009 2010
2008 2025
2008 2013
2008 2009
2004 2008
2004 2005
2003 2029
2003 2031
2003 2006
2002 2029
2002 2003
2001 2024
2001 2027
2001 2029
2001 2025
2001 2008
2001 2004
2001 2002
1998 2005
1998 2010
1998 1999
1995 1999
1995 1997
1995 1996
1992 1994
1992 1993
1991 1999
1991 2007
1991 1995
1991 1994
1991 1992
1987 1991
1987 1989
1987 1988
1985 2007
1985 1987
1985 1986
1983 2007
1983 1985
1983 1984
1982 2006
1982 2007
1982 1983
1980 2031
1980 2032
1980 2003
1980 2006
1980 1982
1980 1981
1978 2038
1977 2034
1977 2038
1977 2032
1977 1980
1977 1979
1977 1978
1975 2038
1975 2039
1975 2042
1975 1978
1975 1976
1971 2042
1971 1975
1971 1972
1971 2046
1968 1970
1968 1973
1968 1974
1968 1969
1964 1970
1964 1969
1964 2048
1962 2050
1962 1963
1961 2049
1961 2051
1961 2050
1961 1962
1959 2051
1959 2053
1959 1961
1957 2053
1957 2057
1957 1958
1955 2058
1955 2057
1955 1957
1955 1956
1951 1954
1951 1952
1951 1953
1950 1956
1950 1951
1950 1954
1948 1958
1948 1956
1948 1949
1948 1950
1946 1958
1946 1947
1946 1948
1945 1960
1945 1963
1945 1946
1942 1963
1942 1945
1942 1944
1942 1943
1941 1965
1941 1963
1941 1967
1941 1942
1936 1967
1936 1941
1936 1937
1936 1938
1935 1967
1935 1936
1933 1986
1933 1988
1933 1990
1932 1974
1932 1935
1932 1934
1931 1974
1931 1986
1931 1933
1931 1932
1928 1933
1928 1930
1928 1990
1928 1929
1925 1990
1925 1928
1925 1926
1924 1990
1924 1927
1924 1925
1920 1926
1920 1922
1920 1921
1919 1929
1919 1926
1919 1920
1917 1937
1917 1919
1917 1918
1913 1938
1913 1940
1913 1914
1910 1939
1910 1943
1910 1940
1910 1913
1910 1912
1910 1911
1909 1944
1909 1947
1909 1943
1909 1910
1907 1947
1907 1949
1907 1909
1907 1908
1907 1952
1904 1908
1904 1906
1904 1911
1904 1905
1902 1953
1902 1905
1902 1903
1900 1903
1900 1901
1898 1899
1896 1903
1896 1897
1896 1900
1896 1899
1895 1912
1895 1911
1895 1904
1895 1896
1894 1912
1894 1914
1894 1895
1892 1914
1892 1894
1892 1893
1889 1915
1889 1914
1889 1890
1889 1892
1889 1891
1888 1915
1888 1889
1886 1921
1886 1923
1885 1918
1885 1916
1885 1915
1885 1888
1885 1887
1884 1918
1884 1921
1884 1886
1884 1885
1880 1887
1880 1890
1880 1891
1879 1883
1879 1887
1879 1882
1879 1881
1879 1880
1876 1893
1876 1891
1876 1897
1876 1898
1875 1891
1875 1876
1875 1880
1875 1878
1875 1877
1871 1899
1871 1898
1870 1898
1870 1874
1870 1873
1870 1872
1868 1901
1868 1899
1868 1871
159 160
159 774
157 158
157 775
157 159
157 774
156 1869
156 161
156 158
156 160
154 155
154 157
154 775
153 1872
153 1869
153 155
153 156
152 1873
152 1872
152 153
150 151
150 777
150 154
148 779
148 777
148 149
147 1877
147 1874
147 1873
145 146
145 778
145 779
145 148
144 1878
144 1877
144 146
144 147
143 1881
143 1878
143 144
141 142
141 778
141 145
140 1866
140 141
140 778
138 1881
138 139
138 143
138 142
137 140
137 139
135 136
135 1198
135 137
135 140
134 1199
134 1198
134 135
132 134
132 133
131 1923
131 1886
131 1883
131 136
131 1882
129 1923
129 130
129 131
128 132
128 130
127 128
127 132
125 126
125 1923
125 129
124 127
124 126
123 1927
123 1922
123 125
123 1921
123 1923
122 1927
122 123
120 121
120 124
120 127
119 1369
119 1366
119 1367
119 120
117 118
117 1927
117 122
115 116
115 1368
115 1369
115 119
114 1994
114 1993
114 116
112 113
112 1371
112 1368
112 115
110 1371
110 111
109 1433
109 1371
109 110
108 1996
108 1994
108 114
106 1441
106 1433
106 109
106 107
105 2010
105 107
105 1996
103 104
103 105
102 1440
102 1441
102 104
102 106
101 2010
101 103
99 100
99 101
98 1585
97 2012
97 2011
97 99
97 101
95 2014
95 2012
95 96
95 97
94 98
94 96
92 93
92 1583
92 1585
92 94
92 98
91 2015
91 93
91 2014
91 95
89 1582
89 1583
89 90
89 92
88 2199
88 2016
88 2015
88 91
87 2200
87 2199
87 88
85 86
85 1582
85 89
84 1580
84 85
84 1582
83 2201
83 2200
83 2204
83 87
83 86
81 1681
81 1587
81 1586
81 84
81 1579
79 2206
79 2203
79 80
79 2204
78 81
78 80
77 1682
77 1681
77 78
77 81
75 2207
75 76
75 2206
75 79
74 77
74 76
72 73
72 1682
72 74
72 77
71 1684
71 1683
71 72
71 1682
69 2330
69 70
69 2207
69 73
68 71
68 70
66 2335
66 2333
66 2330
66 67
64 1686
64 68
62 63
62 1689
62 64
62 1686
61 2336
61 2335
61 63
61 66
61 65
59 60
59 61
58 1689
58 60
57 1756
57 1755
57 58
55 1775
55 1756
55 57
55 56
54 2338
54 59
54 2337
52 2338
52 53
52 54
51 55
51 53
50 1774
50 1775
50 51
50 55
48 2389
48 49
48 2338
47 50
47 49
46 1776
46 1774
46 47
46 50
44 1776
44 46
44 45
42 2398
42 2395
42 43
42 2390
41 1831
41 1778
41 1776
41 43
41 44
39 40
39 2398
39 42
38 2494
38 2493
38 39
38 2396
38 2398
36 37
36 1831
36 41
35 1829
35 1830
35 36
35 1831
34 1832
34 1829
34 35
31 2492
31 32
31 2494
30 1832
30 34
30 32
30 33
28 1855
28 1853
28 1833
27 1856
27 1857
27 1855
27 28
25 1857
25 27
24 2507
24 2495
22 2507
22 24
21 1857
21 25
20 2506
20 2504
20 22
20 2499
20 2507
18 19
18 1856
18 21
18 1857
17 1858
17 1854
17 18
16 2506
16 19
16 20
14 2506
14 15
14 16
13 2505
13 14
13 2506
11 12
11 17
10 1863
10 1861
10 1859
10 11
9 2505
9 12
9 13
7 8
7 9
6 1863
6 10
6 8
4 5
4 7
4 2505
4 9
3 1863
3 5
3 6
2 1862
2 3
2 1863
