1721 4230
0 1
1 0
1 1
0 3
1 2
2 1
1 3
3 3
1 4
2 4
1 5
2 5
0 7
4 3
3 5
2 6
1 7
3 6
2 7
1 8
2 8
3 8
2 9
4 7
4 8
6 8
4 9
5 9
6 9
4 11
7 9
6 10
7 10
7 11
6 11
9 11
7 12
6 12
6 13
8 12
9 12
8 13
10 13
8 14
5 14
7 15
8 15
10 15
9 16
7 16
8 17
11 16
9 17
8 18
9 18
10 18
9 19
11 18
10 19
12 20
11 20
13 20
12 21
13 21
12 22
11 22
11 23
13 22
12 23
13 23
12 24
14 23
13 25
14 24
15 24
14 26
13 26
15 26
16 26
15 28
16 27
17 27
17 26
18 26
17 28
18 28
19 27
19 28
19 29
17 29
20 29
19 30
17 30
21 30
21 29
22 29
22 28
23 29
23 28
24 28
24 29
25 28
25 29
25 30
26 29
27 30
27 29
28 29
29 30
29 29
30 29
31 30
31 29
32 29
33 30
34 29
35 30
35 29
36 29
37 30
37 28
38 29
39 30
39 29
40 29
41 30
41 29
42 29
43 30
44 29
45 30
46 29
47 30
47 29
48 29
49 30
49 29
50 29
51 30
51 29
52 29
53 30
53 29
55 30
55 29
57 28
57 30
57 29
58 29
59 30
59 28
60 29
61 30
61 28
62 29
63 30
63 29
64 29
65 30
66 29
67 30
67 29
68 29
69 30
69 29
70 29
71 30
72 29
73 30
73 29
74 29
73 28
74 27
73 26
74 25
73 24
73 25
74 23
73 22
74 21
73 20
74 19
73 18
74 15
73 14
73 15
73 16
74 13
73 13
74 9
73 8
73 9
73 10
74 7
73 6
73 7
74 5
73 4
73 5
74 3
73 2
73 3
74 1
73 0
73 1
72 1
71 0
71 1
72 2
71 3
72 3
71 4
72 4
71 5
72 5
71 6
72 7
71 7
72 8
71 8
72 9
71 9
72 10
71 10
72 11
73 11
72 12
71 12
72 13
71 13
70 12
70 13
71 14
70 14
71 15
72 15
71 16
70 15
71 17
72 17
73 17
72 18
71 18
72 19
72 20
71 20
72 21
71 22
72 22
72 23
71 23
71 24
70 24
71 25
70 26
72 25
71 26
70 27
72 26
71 27
72 27
71 28
70 28
69 27
69 28
68 28
68 27
67 26
67 27
68 26
67 25
68 25
69 26
68 24
67 23
67 24
68 23
69 23
68 22
69 21
70 22
70 23
70 21
70 20
68 20
70 19
69 19
70 18
69 18
68 18
68 19
67 18
67 19
66 19
67 20
66 21
67 21
68 21
67 22
66 22
66 23
65 23
65 24
66 26
64 24
66 27
65 27
66 28
65 28
64 27
64 28
63 27
63 28
62 26
63 26
64 26
64 25
63 25
62 24
62 25
63 24
63 23
62 22
63 22
64 23
62 21
63 21
64 21
64 20
65 20
65 21
63 19
64 19
63 18
64 18
63 17
64 16
65 17
65 18
66 18
66 17
66 16
66 15
67 15
67 16
68 16
68 15
69 15
69 16
68 14
66 14
68 13
67 13
68 12
69 12
69 11
69 10
70 11
70 10
69 9
69 8
70 8
69 7
68 7
70 6
69 5
68 6
70 4
69 3
69 4
68 3
68 5
67 4
67 6
67 7
66 7
67 8
66 8
67 9
66 9
67 10
66 11
67 11
67 12
66 13
65 13
64 12
64 13
64 14
65 12
65 14
64 15
65 15
63 15
61 15
62 16
63 16
62 17
62 19
61 18
60 19
59 18
59 19
60 18
60 20
59 20
59 21
60 21
61 21
60 22
61 22
60 23
61 23
61 24
60 24
60 25
61 25
61 26
59 24
58 23
58 25
59 23
59 22
57 25
58 26
57 27
59 26
58 27
59 27
58 28
60 27
56 26
56 27
55 28
56 28
54 28
53 27
53 28
54 27
53 26
54 26
55 26
55 25
55 24
56 25
57 24
57 23
56 22
57 22
56 21
57 20
56 20
58 20
58 19
57 18
56 19
58 18
58 17
57 16
57 17
58 16
59 17
60 17
60 16
58 14
60 15
61 16
59 14
60 14
61 14
61 13
60 12
60 13
61 12
62 13
62 11
63 12
63 13
63 10
62 10
63 9
64 10
64 11
65 10
65 11
64 9
64 8
63 8
64 7
62 7
64 6
65 7
65 6
65 5
66 5
66 4
65 4
66 3
65 3
67 2
67 3
68 2
67 1
68 1
69 2
70 1
70 2
69 0
67 0
65 0
66 1
65 1
64 1
64 2
63 1
63 2
64 3
63 3
63 4
62 4
63 5
62 5
63 6
62 6
61 7
60 7
61 8
60 8
61 9
60 9
62 9
60 10
59 10
60 11
61 11
59 11
59 12
58 11
58 12
57 11
57 12
58 13
56 13
57 14
56 14
57 15
56 15
56 16
55 16
54 18
56 17
56 18
53 18
53 19
54 17
54 19
55 19
54 21
55 20
55 21
55 22
54 22
55 23
54 24
53 23
53 24
52 23
52 24
52 25
51 24
51 26
52 26
52 27
50 27
52 28
50 28
48 28
47 28
48 27
47 27
48 26
48 25
49 25
49 26
48 24
49 24
50 25
50 24
52 22
51 21
51 22
52 21
53 21
52 20
51 19
51 20
52 19
51 18
52 18
53 17
54 16
53 15
54 15
54 14
55 14
55 13
53 13
55 12
53 12
55 11
56 11
56 12
56 10
55 9
55 10
56 9
57 9
57 8
58 9
58 10
59 8
58 7
57 6
58 6
59 6
59 5
60 6
60 5
61 5
60 4
59 3
59 4
60 3
60 2
61 2
61 3
61 1
60 1
61 0
59 0
57 0
59 1
58 2
59 2
57 1
57 2
58 3
57 4
58 4
58 5
56 5
55 4
55 5
55 6
56 6
55 7
56 7
55 8
54 8
53 8
54 9
52 9
53 10
52 10
53 11
54 11
51 11
52 12
51 12
51 13
50 13
51 14
52 14
51 15
50 14
50 15
51 16
50 16
49 16
50 17
49 17
49 18
48 17
48 18
48 19
49 19
50 19
49 21
48 20
48 21
48 22
49 22
48 23
47 22
47 23
46 23
47 24
47 25
46 25
46 26
45 25
45 26
44 26
45 27
45 28
46 28
44 28
43 28
42 27
42 28
43 27
43 25
42 24
42 25
43 24
44 25
44 24
44 23
45 23
43 22
43 23
44 22
43 21
44 21
43 20
44 20
45 20
45 19
46 19
46 20
47 19
47 20
46 21
47 21
47 18
46 18
47 17
45 17
47 16
46 15
46 16
47 14
48 15
48 14
49 15
48 13
47 13
48 12
47 12
48 11
49 12
49 11
50 12
48 10
49 10
50 10
49 9
50 9
51 9
51 10
50 8
51 8
53 7
52 7
53 6
52 5
52 6
53 4
54 5
54 4
54 3
53 2
53 3
56 3
55 2
54 1
55 1
56 1
55 0
53 0
51 0
52 1
53 1
52 2
52 3
50 3
52 4
51 4
51 5
50 4
51 6
49 6
50 7
49 7
49 8
48 7
48 8
47 9
48 9
46 8
46 9
45 11
47 5
46 5
46 6
47 4
48 4
48 6
49 5
49 4
48 3
47 3
48 2
49 2
48 1
50 2
50 1
51 1
47 1
46 1
46 2
47 2
45 1
45 2
46 3
45 3
44 2
45 4
44 4
44 5
45 5
44 6
45 6
45 7
44 7
44 8
45 8
45 9
44 10
45 10
44 11
43 10
43 11
43 12
45 12
44 13
46 12
45 13
45 14
46 14
44 14
45 15
43 15
44 16
45 16
42 16
44 17
43 18
44 18
43 19
45 18
42 18
42 19
41 19
41 20
42 20
42 21
41 21
42 22
41 23
42 23
40 22
40 23
41 25
40 25
40 26
41 26
41 27
41 28
40 28
39 28
38 28
37 27
38 26
37 26
38 25
39 25
39 26
39 24
38 23
38 24
39 23
39 22
38 21
38 22
40 21
40 20
39 19
39 20
40 19
39 18
38 18
39 17
40 17
39 16
41 17
41 16
42 17
42 15
40 15
42 14
41 13
41 14
42 12
43 13
43 14
41 12
42 11
41 10
40 9
40 10
41 9
40 8
42 9
42 8
43 8
41 7
42 7
41 6
42 6
43 6
42 5
41 5
42 4
41 4
42 3
43 3
43 4
42 2
43 2
43 0
41 0
45 0
44 1
39 0
40 1
41 1
40 2
41 2
40 3
39 3
39 4
40 4
39 5
40 7
39 6
39 8
38 7
38 8
37 8
38 9
37 10
39 10
39 11
38 12
40 11
40 12
39 13
39 14
40 14
37 12
38 14
38 15
37 14
37 15
37 16
38 16
37 17
36 17
36 18
37 18
37 20
36 21
38 19
37 21
36 22
37 22
37 23
35 23
34 23
34 24
35 22
35 24
36 24
35 25
34 25
34 26
36 25
35 27
36 26
35 28
33 26
33 28
36 28
32 28
33 27
32 27
31 28
32 26
31 25
31 26
32 24
31 24
32 23
33 24
31 22
32 22
32 21
33 22
33 20
34 21
34 20
35 21
35 20
34 19
35 19
36 19
35 18
35 17
34 17
35 16
34 15
34 16
35 15
36 16
34 14
35 14
37 13
36 13
35 13
36 12
35 12
36 11
35 10
35 11
36 10
37 11
35 9
36 9
36 8
34 8
36 7
35 7
36 6
36 5
38 6
38 5
38 4
37 3
37 4
38 3
37 2
36 1
36 2
37 1
38 1
37 0
39 1
35 0
33 0
34 1
35 1
34 2
33 2
34 3
35 3
35 4
33 4
36 4
35 5
34 6
33 5
33 6
34 7
32 5
32 6
32 7
33 8
32 9
33 9
32 10
34 9
33 10
33 11
34 11
33 12
32 13
33 13
32 14
34 13
33 14
33 15
33 16
31 14
33 17
32 17
33 18
32 18
32 19
31 18
31 20
30 19
29 20
30 21
29 21
30 22
29 22
30 23
30 24
29 24
30 25
29 25
30 26
29 26
27 26
28 27
29 28
28 28
27 27
27 28
26 27
26 26
25 26
26 25
25 25
26 24
25 23
27 24
27 23
28 23
28 24
27 22
26 22
27 21
28 21
26 21
25 21
25 22
26 20
26 19
27 19
27 18
28 19
29 18
29 19
29 17
28 17
29 16
30 16
30 17
31 16
31 15
29 13
29 15
28 14
29 14
28 13
28 11
27 10
27 11
28 10
29 10
29 11
30 10
30 11
29 12
30 12
31 12
30 13
31 13
31 10
31 9
30 8
31 8
31 7
30 6
30 7
29 6
29 8
28 7
28 8
28 9
27 8
26 7
26 8
26 9
25 8
25 9
24 10
25 10
24 11
25 11
26 11
25 12
26 12
27 12
26 13
25 13
25 14
26 14
27 14
27 15
26 15
27 16
26 17
28 16
25 17
26 18
25 18
24 18
23 17
23 18
24 20
23 19
23 20
23 21
24 23
23 23
24 25
23 25
24 26
23 27
24 27
21 27
20 26
20 27
20 28
22 26
21 25
22 23
21 23
21 24
22 21
21 20
21 21
22 20
21 19
20 19
21 18
20 17
18 18
21 17
22 18
22 17
22 16
22 15
21 14
21 15
22 14
23 15
24 15
24 16
25 16
25 15
23 13
22 13
23 12
24 13
22 11
22 12
23 11
22 10
23 10
22 9
23 9
23 8
24 8
24 7
23 6
23 7
24 6
25 6
25 7
24 5
25 5
26 6
26 5
27 5
27 6
28 6
28 5
29 5
28 4
29 4
31 5
30 4
31 4
30 3
31 3
32 3
31 2
32 2
32 1
31 0
31 1
33 1
30 1
29 0
29 1
28 1
29 2
27 2
28 3
29 3
27 3
26 2
26 3
27 4
25 2
25 3
24 2
23 2
24 1
23 0
25 0
27 0
26 1
21 0
22 1
22 2
21 3
23 3
23 4
24 4
23 5
22 5
21 5
20 7
22 6
22 7
21 7
20 8
21 9
20 9
21 10
20 11
19 10
18 11
20 12
21 12
20 13
21 13
19 13
19 14
20 14
20 15
19 15
18 14
18 15
19 16
18 16
18 17
19 17
17 17
16 16
16 18
17 15
17 19
16 20
18 19
17 20
18 20
18 21
16 21
18 23
17 22
17 23
19 22
19 23
18 24
17 24
18 25
17 25
20 25
20 24
20 23
21 22
16 25
16 24
15 23
16 23
15 22
16 22
14 21
15 21
15 20
14 19
14 20
15 19
14 18
13 18
14 17
13 17
14 16
15 17
15 15
14 14
14 15
16 14
16 13
17 13
16 12
17 12
18 12
18 13
17 11
16 11
15 11
16 10
15 9
15 10
16 9
17 9
18 10
18 9
17 8
19 8
19 9
19 7
18 6
19 6
18 5
19 5
20 6
20 5
19 4
20 4
20 3
21 4
20 2
19 2
20 1
19 0
19 1
18 1
17 0
18 2
17 3
18 3
18 4
17 4
16 4
16 5
17 6
16 7
15 6
15 7
15 8
14 8
13 8
14 7
14 10
13 9
13 10
13 11
14 11
13 12
14 12
13 13
14 13
12 12
12 13
11 12
11 13
12 14
11 14
11 15
10 11
11 11
12 11
11 10
12 10
11 9
10 9
10 10
11 8
10 8
11 7
12 7
12 8
11 6
12 6
13 6
13 7
12 5
14 6
15 5
11 4
11 5
12 4
12 1
13 3
14 4
14 3
15 3
14 2
15 2
15 1
16 1
15 0
13 0
11 0
13 1
13 2
9 0
10 1
11 1
10 2
11 2
10 3
9 3
9 4
10 4
8 4
9 5
8 5
8 6
9 6
10 6
9 7
8 8
9 8
9 9
7 7
7 8
6 6
5 5
6 5
7 5
7 4
7 3
8 3
8 2
7 2
8 1
7 0
9 1
5 0
6 1
5 1
6 2
5 2
5 3
6 3
5 4
4 4
4 5
4 6
3 2
3 1
4 1
3 0
13 15
12 16
13 16
12 17
12 18
19 19
20 21
20 20
37 25
15 30
16 29
15 29
14 29
13 28
12 29
13 30
14 28
13 27
12 27
12 28
11 27
11 28
10 28
10 29
9 28
9 29
9 30
11 30
5 30
8 29
7 28
8 27
7 27
8 26
9 27
9 26
10 26
10 25
11 26
11 25
12 25
9 25
8 25
9 24
8 23
8 24
9 23
8 22
10 23
10 22
10 20
9 20
8 20
8 21
7 21
6 21
6 22
7 20
6 19
7 19
8 19
7 18
7 17
6 17
5 17
6 16
6 15
4 15
3 15
4 16
2 16
1 16
2 14
2 17
1 18
2 18
3 18
4 18
3 19
2 20
4 19
3 20
4 20
3 21
2 21
2 22
4 21
3 22
5 23
4 23
4 24
5 22
6 23
7 23
6 24
7 24
6 25
5 25
6 26
7 26
6 27
5 26
5 27
5 28
6 28
6 29
4 29
3 28
3 29
3 30
4 28
3 27
4 27
2 27
2 28
1 28
1 29
2 29
1 30
0 29
0 27
0 25
1 26
1 25
2 26
3 25
4 25
1 24
2 24
3 23
0 23
0 21
1 22
0 17
1 20
1 19
0 15
0 13
1 15
1 13
1 12
2 13
2 12
3 13
4 13
3 14
4 12
5 12
3 11
2 11
3 10
1 10
0 9
0 11
1 9
5 21
5 20
5 18
0 5
1 2
1 3
1 4
1 5
5 6
5 7
7 8
7 9
7 10
10 11
10 12
12 13
12 14
12 15
12 16
16 17
16 18
16 19
19 20
19 21
19 22
22 23
22 24
22 25
25 26
25 27
25 28
28 29
29 30
29 31
29 32
29 33
33 34
34 35
34 36
34 37
37 38
37 39
37 40
40 41
40 42
42 43
42 44
44 45
44 46
44 47
47 48
47 49
49 50
49 51
49 52
49 53
53 54
53 55
53 56
56 57
56 58
56 59
56 60
60 61
60 62
60 63
63 64
63 65
65 66
65 67
65 68
65 69
65 70
70 71
70 72
70 73
70 74
74 75
74 76
76 77
76 78
78 79
78 80
78 81
81 82
82 83
82 84
82 85
82 86
86 87
86 88
86 89
89 90
89 91
89 92
92 93
92 94
94 95
94 96
96 97
96 98
98 99
98 100
98 101
101 102
101 103
101 104
104 105
104 106
106 107
106 108
106 109
109 110
109 111
109 112
112 113
112 114
112 115
115 116
115 117
117 118
117 119
117 120
120 121
120 122
120 123
123 124
123 125
123 126
126 127
126 128
126 129
129 130
129 131
131 132
131 133
133 134
133 135
133 136
136 137
136 138
136 139
139 140
139 141
139 142
142 143
142 144
144 145
144 146
144 147
147 148
147 149
147 150
150 151
150 152
150 153
153 154
153 155
153 156
156 157
156 158
156 159
159 160
159 161
161 162
161 163
161 164
164 165
164 166
164 167
167 168
167 169
169 170
169 171
171 172
171 173
173 174
173 175
175 176
175 177
175 178
178 179
178 180
180 181
180 182
182 183
182 184
184 185
184 186
184 187
184 188
188 189
188 190
190 191
190 192
190 193
190 194
194 195
194 196
194 197
197 198
197 199
197 200
200 201
200 202
200 203
203 204
203 205
205 206
206 207
206 208
206 209
209 210
209 211
211 212
211 213
213 214
213 215
215 216
215 217
217 218
217 219
219 220
219 221
221 222
221 223
223 224
223 225
223 226
226 227
227 228
227 229
229 230
230 231
230 232
230 233
233 234
233 235
233 236
236 237
237 238
237 239
237 240
240 241
240 242
242 243
242 244
244 245
245 246
245 247
247 248
247 249
249 250
250 251
250 252
252 253
252 254
254 255
254 256
254 257
257 258
257 259
257 260
257 261
260 261
260 262
262 263
263 264
263 265
265 266
266 267
267 268
267 269
267 270
270 271
270 272
270 273
272 274
272 273
274 275
274 276
274 277
274 278
278 279
278 280
278 281
278 282
281 283
281 282
283 284
284 285
284 286
286 287
286 288
288 289
289 290
289 291
291 292
291 293
293 294
293 295
295 296
295 297
297 298
297 299
299 300
299 301
301 302
301 303
301 304
304 305
304 306
306 307
306 308
308 309
309 310
309 311
311 312
311 313
312 314
312 315
312 316
312 313
316 317
317 318
318 319
318 320
318 321
321 322
322 323
322 324
322 325
324 326
324 327
324 325
327 328
328 329
328 330
328 331
330 331
329 332
329 333
329 330
333 334
333 335
335 336
335 337
335 338
335 339
339 340
340 341
341 342
342 343
342 344
342 345
345 346
346 347
346 348
346 349
348 350
348 349
350 351
350 352
352 353
352 354
352 355
355 356
356 357
356 358
358 359
359 360
360 361
360 362
362 363
363 364
363 365
365 366
365 367
365 368
368 369
368 370
370 371
370 372
372 373
372 374
374 375
375 376
375 377
377 378
377 379
379 380
379 381
381 382
381 383
383 384
384 385
385 386
386 387
386 388
386 389
386 390
386 391
391 392
391 393
392 394
392 393
394 395
394 396
394 397
397 398
398 399
399 400
399 401
401 402
401 403
401 404
401 405
405 406
405 407
405 408
405 409
409 410
409 411
411 412
411 413
413 414
414 415
414 416
414 417
417 418
416 419
416 417
419 420
419 421
419 422
422 423
421 424
421 425
425 426
425 427
425 428
428 429
428 430
429 430
429 431
427 428
427 429
427 431
426 432
426 433
426 428
426 430
433 434
433 435
434 436
434 435
436 437
436 438
436 439
439 440
439 441
439 442
442 443
443 444
443 445
445 446
446 447
447 448
447 449
449 450
449 451
451 452
451 453
453 454
454 455
454 456
454 457
457 458
458 459
458 460
458 461
458 462
462 463
463 464
464 465
464 466
464 467
466 468
466 469
466 470
466 467
470 471
471 472
471 473
471 474
471 475
475 476
475 477
475 478
477 479
477 478
479 480
479 481
479 482
479 483
483 484
483 485
484 485
482 486
482 484
482 483
486 487
487 488
487 489
489 490
489 491
489 492
492 493
493 494
493 495
495 496
496 497
496 498
498 499
498 500
498 501
501 502
502 503
502 504
502 505
505 506
505 507
506 508
506 507
508 509
509 510
509 511
511 512
512 513
512 514
514 515
514 516
514 517
517 518
517 519
519 520
519 521
521 522
521 523
523 524
524 525
525 526
525 527
527 528
527 529
529 530
529 531
530 532
532 533
532 534
532 535
534 536
534 537
534 535
537 538
537 539
539 540
539 541
539 542
542 543
542 544
544 545
544 546
546 547
546 548
548 549
548 550
548 551
551 552
550 553
550 554
550 555
550 552
550 556
556 557
556 558
556 559
559 560
560 561
561 562
561 563
563 564
564 565
564 566
566 567
566 568
566 569
569 570
569 571
569 572
572 573
573 574
573 575
575 576
576 577
577 578
577 579
579 580
579 581
581 582
581 583
581 584
583 585
583 586
583 587
583 584
587 588
588 589
589 590
589 591
589 592
589 593
593 594
594 595
594 596
594 597
597 598
597 599
599 600
600 601
601 602
601 603
603 604
603 605
605 606
606 607
606 608
608 609
608 610
608 611
608 612
611 613
611 612
613 614
613 615
613 616
613 617
617 618
617 619
617 620
619 621
619 620
621 622
622 623
622 624
622 625
625 626
625 627
627 628
627 629
629 630
630 631
630 632
630 633
633 634
633 635
633 636
635 637
635 636
637 638
637 639
639 640
640 641
640 642
642 643
642 644
643 645
643 646
643 644
643 647
647 648
647 649
649 650
650 651
651 652
651 653
651 654
651 655
655 656
655 657
657 658
658 659
659 660
659 661
661 662
661 663
663 664
663 665
663 666
665 667
665 668
665 666
668 669
668 670
670 671
670 672
670 673
673 674
674 675
674 676
674 677
677 678
678 679
678 680
680 681
680 682
682 683
682 684
682 685
682 686
686 687
686 688
688 689
688 690
688 691
688 692
692 693
693 694
693 695
695 696
695 697
697 698
698 699
698 700
700 701
700 702
702 703
702 704
704 705
704 706
705 707
705 706
707 708
708 709
708 710
708 711
711 712
712 713
712 714
712 715
712 716
716 717
717 718
717 719
718 720
718 721
718 722
718 719
722 723
722 724
724 725
724 726
724 727
727 728
727 729
727 730
730 731
730 732
730 733
733 734
732 733
732 734
731 735
731 732
735 736
735 737
737 738
737 739
739 740
739 741
739 742
739 743
743 744
743 745
744 746
744 745
746 747
746 748
748 749
748 750
748 751
751 752
751 753
752 754
752 755
752 756
756 757
756 758
756 759
756 760
759 761
759 762
759 763
759 760
763 764
763 765
765 766
765 767
765 768
765 769
769 770
770 771
771 772
771 773
771 774
774 775
775 776
775 777
775 778
778 779
779 780
780 781
780 782
780 783
783 784
784 785
785 786
785 787
787 788
787 789
789 790
789 791
791 792
791 793
793 794
793 795
795 796
795 797
797 798
797 799
798 800
798 801
798 802
798 803
798 799
803 804
803 805
803 806
803 807
803 808
808 809
809 810
807 811
807 810
807 809
811 812
811 813
811 814
814 815
814 816
816 817
816 818
817 818
815 819
815 817
819 820
819 821
819 822
821 823
821 824
821 822
821 825
825 826
826 827
826 828
828 829
828 830
828 831
831 832
831 833
833 834
834 835
834 836
834 837
837 838
838 839
838 840
840 841
841 842
841 843
841 844
841 845
845 846
845 847
845 848
848 849
848 850
849 851
849 850
849 852
852 853
852 854
852 855
854 856
854 855
854 857
857 858
857 859
859 860
859 861
860 862
860 863
863 864
863 865
863 866
866 867
867 868
867 869
869 870
869 871
870 872
870 873
870 871
870 874
874 875
874 876
874 877
877 878
878 879
879 880
880 881
881 882
882 883
882 884
884 885
884 886
884 887
884 888
887 889
887 888
889 890
889 891
889 892
892 893
893 894
893 895
893 896
896 897
897 898
897 899
897 900
900 901
901 902
901 903
901 904
904 905
904 906
906 907
906 908
907 909
907 908
909 910
909 911
911 912
911 913
911 914
911 915
911 916
915 916
914 917
914 918
918 919
919 920
919 921
919 922
922 923
922 924
924 925
924 926
925 927
925 928
925 926
928 929
928 930
928 931
931 932
932 933
932 934
934 935
934 936
934 937
934 938
937 939
937 940
937 938
940 941
941 942
941 943
941 944
943 944
942 945
942 946
942 947
947 948
947 949
949 950
950 951
950 952
950 953
953 954
953 955
955 956
955 957
957 958
957 959
959 960
959 961
961 962
961 963
963 964
964 965
964 966
964 967
967 968
968 969
968 970
969 971
969 972
969 973
969 970
973 974
973 975
973 976
973 977
977 978
978 979
978 980
978 981
981 982
982 983
982 984
982 985
985 986
985 987
987 988
988 989
989 990
989 991
989 992
989 993
993 994
993 995
995 996
995 997
995 998
995 999
999 1000
999 1001
1001 1002
1001 1003
1001 1004
1003 1005
1003 1006
1006 1007
1007 1008
1007 1009
1009 1010
1009 1011
1009 1012
1012 1013
1012 1014
1012 1015
1014 1016
1014 1017
1017 1018
1017 1019
1019 1020
1019 1021
1021 1022
1021 1023
1023 1024
1024 1025
1024 1026
1024 1027
1027 1028
1028 1029
1029 1030
1029 1031
1031 1032
1031 1033
1031 1034
1031 1035
1034 1036
1034 1037
1034 1038
1034 1035
1038 1039
1039 1040
1039 1041
1041 1042
1041 1043
1043 1044
1043 1045
1043 1046
1043 1047
1046 1048
1046 1049
1046 1047
1049 1050
1050 1051
1050 1052
1052 1053
1052 1054
1054 1055
1054 1056
1056 1057
1057 1058
1058 1059
1058 1060
1058 1061
1061 1062
1062 1063
1062 1064
1062 1065
1062 1066
1066 1067
1066 1068
1067 1069
1069 1070
1069 1071
1069 1072
1072 1073
1073 1074
1073 1075
1073 1076
1076 1077
1077 1078
1077 1079
1077 1080
1080 1081
1081 1082
1081 1083
1081 1084
1083 1085
1083 1086
1083 1087
1083 1088
1083 1084
1088 1089
1088 1090
1090 1091
1090 1092
1090 1093
1093 1094
1094 1095
1094 1096
1096 1097
1096 1098
1098 1099
1098 1100
1098 1101
1101 1102
1102 1103
1103 1104
1103 1105
1105 1106
1105 1107
1107 1108
1107 1109
1109 1110
1109 1111
1111 1112
1111 1113
1111 1114
1114 1115
1114 1116
1116 1117
1116 1118
1118 1119
1119 1120
1119 1121
1121 1122
1121 1123
1123 1124
1124 1125
1124 1126
1124 1127
1127 1128
1128 1129
1128 1130
1130 1131
1131 1132
1132 1133
1132 1134
1134 1135
1134 1136
1136 1137
1136 1138
1138 1139
1138 1140
1138 1141
1140 1142
1140 1141
1142 1143
1142 1144
1142 1145
1144 1146
1144 1145
1146 1147
1146 1148
1146 1149
1149 1150
1149 1151
1151 1152
1151 1153
1153 1154
1153 1155
1154 1156
1154 1155
1156 1157
1156 1158
1156 1159
1156 1160
1160 1161
1161 1162
1162 1163
1162 1164
1164 1165
1164 1166
1166 1167
1167 1168
1168 1169
1168 1170
1168 1171
1168 1172
1168 1173
1173 1174
1173 1175
1173 1176
1176 1177
1177 1178
1177 1179
1179 1180
1178 1179
1178 1181
1178 1180
1181 1182
1182 1183
1182 1184
1184 1185
1185 1186
1185 1187
1187 1188
1187 1189
1189 1190
1189 1191
1189 1192
1191 1193
1191 1192
1193 1194
1193 1195
1193 1196
1196 1197
1196 1198
1198 1199
1198 1200
1200 1201
1200 1202
1200 1203
1203 1204
1203 1205
1203 1206
1206 1207
1207 1208
1207 1209
1207 1210
1207 1211
1211 1212
1212 1213
1212 1214
1214 1215
1214 1216
1215 1217
1215 1218
1218 1219
1219 1220
1220 1221
1220 1222
1220 1223
1223 1224
1223 1225
1223 1226
1223 1227
1227 1228
1227 1229
1229 1230
1229 1231
1231 1232
1231 1233
1232 1234
1232 1233
1234 1235
1234 1236
1234 1237
1234 1238
1238 1239
1238 1240
1240 1241
1240 1242
1240 1243
1243 1244
1243 1245
1243 1246
1246 1247
1247 1248
1247 1249
1249 1250
1249 1251
1249 1252
1249 1253
1253 1254
1254 1255
1255 1256
1256 1257
1256 1258
1256 1259
1256 1260
1260 1261
1260 1262
1262 1263
1263 1264
1264 1265
1265 1266
1265 1267
1265 1268
1267 1269
1267 1270
1267 1271
1267 1268
1271 1272
1271 1273
1273 1274
1273 1275
1275 1276
1275 1277
1277 1278
1278 1279
1278 1280
1278 1281
1278 1282
1278 1283
1282 1284
1282 1285
1282 1286
1282 1283
1286 1287
1286 1288
1286 1289
1289 1290
1290 1291
1290 1292
1292 1293
1292 1294
1292 1295
1295 1296
1295 1297
1297 1298
1297 1299
1297 1300
1300 1301
1300 1302
1302 1303
1303 1304
1303 1305
1303 1306
1305 1307
1307 1308
1307 1309
1309 1310
1309 1311
1311 1312
1311 1313
1311 1314
1313 1315
1313 1314
1315 1316
1315 1317
1315 1318
1317 1319
1317 1320
1320 1321
1321 1322
1321 1323
1323 1324
1323 1325
1325 1326
1325 1327
1326 1327
1324 1328
1324 1329
1324 1325
1329 1330
1330 1331
1330 1332
1332 1333
1332 1334
1334 1335
1335 1336
1336 1337
1336 1338
1336 1339
1339 1340
1340 1341
1341 1342
1341 1343
1343 1344
1343 1345
1345 1346
1346 1347
1346 1348
1346 1349
1349 1350
1349 1351
1349 1352
1351 1353
1351 1354
1351 1352
1351 1355
1355 1356
1356 1357
1357 1358
1357 1359
1357 1360
1360 1361
1360 1362
1360 1363
1362 1364
1362 1363
1364 1365
1364 1366
1364 1367
1364 1368
1368 1369
1368 1370
1368 1371
1371 1372
1371 1373
1373 1374
1373 1375
1375 1376
1375 1377
1375 1378
1375 1379
1375 1380
1380 1381
1380 1382
1382 1383
1382 1384
1384 1385
1385 1386
1386 1387
1383 1388
1388 1389
1389 1390
1389 1391
1391 1392
1391 1393
1392 1394
1392 1395
1392 1393
1395 1396
1396 1397
1396 1398
1396 1399
1399 1400
1400 1401
1400 1402
1402 1403
1402 1404
1402 1405
1405 1406
1406 1407
1406 1408
1406 1409
1409 1410
1409 1411
1411 1412
1411 1413
1411 1414
1411 1415
1414 1415
1413 1416
1413 1414
1416 1417
1417 1418
1417 1419
1419 1420
1419 1421
1419 1422
1419 1423
1419 1424
1424 1425
1425 1426
1425 1427
1425 1428
1427 1429
1427 1428
1429 1430
1429 1431
1431 1432
1431 1433
1431 1434
1434 1435
1435 1436
1435 1437
1437 1438
1437 1439
1438 1440
1438 1439
1440 1441
1440 1442
1442 1443
1442 1444
1444 1445
1445 1446
1445 1447
1447 1448
1447 1449
1449 1450
1450 1451
1451 1452
1451 1453
1451 1454
1454 1455
1455 1456
1455 1457
1455 1458
1458 1459
1459 1460
1459 1461
1459 1462
1462 1463
1462 1464
1462 1465
1462 1466
1466 1467
1466 1468
1468 1469
1468 1470
1469 1471
1469 1472
1469 1470
1472 1473
1472 1474
1472 1475
1475 1476
1475 1477
1476 1477
1474 1476
1474 1475
1473 1478
1473 1479
1473 1480
1473 1474
1480 1481
1480 1482
1482 1483
1483 1484
1483 1485
1483 1486
1486 1487
1486 1488
1486 1489
1486 1490
1489 1491
1489 1492
1489 1493
1489 1494
1489 1490
1493 1495
1493 1496
1493 1494
1496 1497
1495 1498
1495 1499
1495 1500
1500 1501
1500 1502
1500 1503
1503 1504
1503 1505
1505 1506
1505 1507
1507 1508
1507 1509
1509 1510
1510 1511
1511 1512
1511 1513
1513 1514
1512 1515
1512 1516
1512 1517
1517 1518
1517 1519
1519 1520
1520 1521
1520 1522
1520 1523
1522 1524
1522 1523
1522 1525
1525 1526
1525 1527
1525 1528
1525 1529
1529 1530
1530 1531
1530 1532
1532 1533
1531 1534
1531 1535
1531 1532
1531 1533
1534 1536
1534 1535
1536 1537
1536 1538
1536 1539
1539 1540
1540 1541
1540 1542
1542 1543
1543 1544
1543 1545
1545 1546
1545 1547
1546 1548
1546 1549
1549 1550
1549 1551
1551 1552
1551 1553
1551 1554
1554 1555
1555 1556
1555 1557
1557 1558
1556 1557
1553 1554
1553 1555
1552 1559
1552 1553
1559 1560
1559 1561
1561 1562
1560 1562
1560 1561
1550 1561
1550 1552
1550 1551
1548 1562
1548 1561
1548 1550
1548 1549
1544 1551
1544 1554
1541 1554
1541 1544
1541 1543
1541 1542
1538 1540
1538 1539
1537 1557
1537 1555
1537 1538
1528 1529
1528 1530
1527 1539
1527 1534
1527 1528
1527 1530
1526 1540
1526 1539
1526 1527
1524 1540
1524 1542
1524 1526
1524 1525
1521 1543
1521 1542
1521 1524
1521 1522
1518 1547
1518 1543
1518 1521
1518 1519
1518 1520
1516 1547
1516 1517
1516 1518
1515 1546
1515 1545
1515 1547
1515 1516
1508 1510
1508 1509
1506 1513
1506 1514
1506 1508
1506 1507
1504 1514
1504 1506
1504 1505
1502 1514
1502 1504
1502 1503
1501 1512
1501 1517
1501 1511
1501 1513
1499 1523
1498 1523
1498 1519
1498 1500
1498 1499
1492 1495
1492 1493
1491 1529
1491 1499
1491 1495
1491 1492
1488 1529
1488 1491
1488 1489
1487 1530
1487 1532
1487 1533
1487 1529
1487 1488
1485 1533
1484 1533
1484 1487
1484 1486
1484 1485
1481 1485
1481 1483
1481 1482
1479 1481
1479 1480
1478 1485
1478 1481
1478 1479
1471 1473
1471 1480
1471 1472
1467 1480
1467 1471
1467 1468
1467 1469
1465 1480
1465 1466
1465 1467
1464 1486
1464 1482
1464 1480
1464 1465
1463 1490
1463 1464
1461 1493
1461 1494
1461 1496
1460 1489
1460 1490
1460 1494
1460 1461
1460 1463
1457 1496
1457 1461
1457 1459
1457 1458
1456 1496
1456 1497
1456 1457
1453 1497
1453 1456
1453 1454
1452 1497
1452 1453
1448 1452
1448 1449
1448 1451
1448 1450
1446 1510
1446 1509
1443 1446
1443 1445
1443 1444
1441 1445
1441 1447
1441 1444
1441 1442
1436 1449
1436 1450
1436 1441
1436 1437
1433 1436
1433 1435
1433 1434
1432 1451
1432 1450
1432 1436
1432 1433
1430 1454
1430 1432
1430 1431
1426 1427
1423 1426
1423 1425
1423 1424
1422 1458
1422 1455
1422 1426
1422 1423
1421 1462
1420 1462
1420 1458
1420 1422
1420 1421
1418 1462
1418 1466
1418 1468
1418 1421
1418 1419
1412 1418
1412 1468
1412 1417
1412 1416
1412 1413
1410 1470
1410 1412
1410 1411
1408 1563
1563 1564
1563 1565
1564 1565
1564 1566
1566 1567
1407 1469
1407 1470
1407 1408
1404 1563
1404 1565
1404 1408
1404 1405
1403 1564
1403 1566
1403 1567
1403 1565
1403 1404
1401 1567
1401 1403
1401 1402
1397 1401
1397 1400
1397 1399
1397 1398
1394 1398
1394 1396
1394 1395
1390 1392
1390 1391
1381 1389
1381 1388
1381 1383
1381 1382
1379 1380
1379 1386
1378 1568
1378 1569
1378 1387
1378 1379
1378 1386
1569 1570
1568 1570
1377 1391
1377 1389
1377 1381
1377 1380
1376 1393
1376 1391
1376 1377
1374 1396
1374 1395
1374 1392
1374 1393
1374 1376
1372 1568
1372 1373
1370 1371
1370 1568
1370 1372
1369 1396
1369 1371
1369 1374
1367 1409
1367 1411
1366 1405
1366 1399
1366 1368
1365 1406
1365 1367
1365 1366
1361 1367
1361 1364
1361 1362
1359 1367
1359 1361
1359 1360
1358 1411
1358 1415
1358 1359
1354 1358
1354 1355
1354 1357
1354 1356
1353 1415
1353 1358
1353 1354
1350 1352
1348 1416
1348 1413
1348 1424
1348 1414
1347 1425
1347 1424
1347 1428
1344 1427
1344 1428
1344 1346
1342 1429
1342 1427
1342 1344
1338 1431
1338 1429
1338 1434
1338 1341
1338 1342
1337 1437
1337 1435
1337 1439
1333 1439
1333 1336
1333 1334
1333 1335
1331 1440
1331 1438
1331 1439
1328 1443
1328 1442
1328 1329
1322 1329
1322 1330
1322 1323
1322 1332
1319 1321
1319 1325
1319 1327
1319 1320
1316 1319
1316 1327
1316 1317
1312 1316
1312 1315
1312 1313
1310 1326
1310 1312
1310 1311
1308 1326
1308 1310
1308 1309
1304 1308
1304 1307
1304 1305
1301 1305
1301 1303
1301 1302
1299 1301
1299 1300
1298 1311
1298 1314
1298 1307
1298 1299
1296 1298
1296 1297
1294 1314
1294 1298
1294 1296
1293 1315
1293 1318
1293 1313
1293 1314
1293 1294
1291 1318
1291 1293
1291 1292
1288 1318
1288 1291
1288 1289
1288 1290
1287 1318
1287 1288
1285 1320
1285 1315
1285 1287
1285 1286
1284 1335
1284 1334
1284 1285
1281 1284
1281 1282
1280 1339
1280 1340
1279 1336
1279 1339
1279 1335
1279 1284
1279 1281
1279 1280
1276 1340
1276 1280
1276 1278
1276 1277
1274 1343
1274 1276
1274 1275
1272 1343
1272 1345
1272 1274
1272 1273
1270 1350
1270 1352
1269 1345
1269 1346
1269 1350
1269 1272
1269 1271
1269 1270
1266 1352
1266 1270
1266 1267
1261 1264
1261 1262
1261 1263
1259 1266
1259 1265
1258 1355
1258 1356
1257 1351
1257 1355
1257 1352
1257 1266
1257 1259
1257 1258
1252 1255
1252 1254
1252 1253
1251 1364
1251 1362
1251 1363
1251 1370
1250 1363
1250 1356
1250 1252
1248 1568
1248 1249
1248 1570
1245 1569
1245 1387
1244 1248
1244 1570
1244 1569
1244 1247
1244 1246
1244 1245
1242 1386
1242 1385
1241 1386
1241 1387
1241 1242
1239 1385
1239 1384
1239 1242
1236 1237
1235 1384
1235 1239
1235 1236
1230 1238
1230 1231
1228 1240
1228 1230
1226 1243
1226 1228
1225 1246
1225 1243
1225 1226
1224 1246
1224 1225
1222 1253
1222 1224
1221 1255
1221 1254
1221 1253
1221 1260
1221 1222
1217 1262
1217 1221
1217 1263
1217 1219
1217 1218
1213 1264
1213 1263
1213 1214
1210 1264
1210 1211
1210 1213
1210 1212
1209 1268
1209 1210
1209 1264
1208 1268
1208 1209
1205 1206
1205 1207
1204 1267
1204 1268
1204 1205
1204 1208
1204 1207
1202 1203
1202 1204
1201 1271
1201 1267
1201 1202
1201 1204
1199 1273
1199 1271
1199 1200
1199 1201
1197 1278
1197 1277
1197 1283
1197 1198
1195 1197
1195 1196
1194 1282
1194 1283
1194 1197
1194 1286
1194 1195
1190 1289
1190 1290
1190 1191
1188 1290
1188 1292
1186 1188
1186 1295
1186 1187
1183 1189
1183 1187
1183 1185
1183 1184
1175 1176
1175 1181
1175 1177
1174 1181
1174 1175
1172 1192
1172 1174
1172 1173
1171 1192
1171 1172
1170 1203
1170 1206
1169 1203
1169 1193
1169 1171
1169 1170
1165 1211
1165 1212
1165 1167
1165 1166
1165 1216
1163 1167
1163 1176
1163 1177
1163 1179
1163 1166
1159 1164
1159 1161
1159 1160
1158 1216
1158 1164
1158 1159
1157 1214
1157 1216
1157 1158
1152 1215
1152 1218
1152 1214
1152 1157
1152 1153
1150 1219
1150 1218
1150 1152
1150 1151
1147 1223
1147 1219
1147 1148
1143 1148
1143 1146
1143 1144
1139 1143
1139 1142
1139 1140
1137 1227
1137 1148
1137 1139
1135 1229
1135 1136
1133 1229
1133 1231
1133 1233
1133 1135
1133 1134
1129 1132
1129 1131
1129 1130
1126 1129
1126 1128
1126 1127
1125 1132
1125 1138
1125 1129
1122 1141
1122 1124
1122 1123
1120 1141
1120 1122
1120 1121
1117 1145
1117 1142
1117 1118
1115 1145
1115 1117
1115 1116
1113 1149
1113 1155
1113 1115
1113 1114
1112 1154
1112 1155
1112 1113
1110 1160
1110 1112
1110 1111
1108 1110
1108 1109
1106 1161
1106 1108
1106 1107
1104 1179
1104 1180
1104 1162
1100 1101
1099 1104
1099 1101
1099 1102
1097 1178
1097 1180
1097 1104
1097 1098
1097 1099
1095 1096
1092 1093
1091 1182
1091 1181
1091 1093
1089 1184
1089 1182
1089 1090
1089 1091
1087 1185
1087 1184
1087 1089
1087 1088
1086 1185
1086 1087
1085 1295
1085 1086
1082 1085
1082 1083
1079 1080
1078 1300
1078 1085
1078 1082
1075 1078
1075 1076
1075 1077
1074 1303
1074 1302
1074 1300
1074 1306
1074 1078
1074 1075
1071 1306
1071 1074
1071 1072
1071 1073
1070 1304
1070 1303
1070 1306
1070 1071
1065 1067
1065 1066
1064 1076
1063 1069
1063 1072
1063 1067
1063 1065
1063 1064
1060 1079
1059 1064
1059 1079
1059 1062
1059 1061
1059 1060
1055 1080
1055 1079
1055 1060
1055 1057
1053 1081
1053 1084
1053 1054
1051 1088
1051 1090
1051 1084
1051 1053
1051 1092
1048 1092
1048 1094
1048 1050
1048 1049
1045 1095
1045 1098
1044 1095
1044 1048
1044 1046
1044 1045
1042 1045
1042 1043
1040 1100
1040 1042
1040 1041
1037 1100
1037 1040
1037 1039
1036 1101
1036 1102
1036 1100
1036 1037
1033 1103
1032 1102
1032 1103
1032 1036
1032 1034
1032 1033
1030 1103
1030 1105
1030 1107
1030 1033
1030 1031
1026 1028
1026 1027
1025 1028
1025 1026
1022 1025
1022 1024
1022 1023
1020 1025
1020 1022
1020 1021
1018 1111
1018 1114
1018 1109
1018 1020
1018 1019
1016 1114
1016 1116
1016 1118
1016 1018
1016 1017
1013 1118
1013 1119
1013 1121
1013 1014
1011 1121
1011 1123
1010 1121
1010 1013
1010 1011
1008 1011
1005 1008
1005 1007
1005 1006
1002 1009
1002 1007
1002 1015
1002 1006
1000 1571
1000 1004
998 1571
998 1000
997 1002
997 999
996 1015
996 997
994 995
994 998
992 1019
992 1023
991 1015
991 993
991 996
991 995
990 1015
990 992
990 991
986 1023
986 992
986 989
986 987
983 1023
983 985
983 986
980 1029
980 1028
980 981
980 1027
979 1031
979 1029
979 1035
979 980
976 1035
976 979
976 977
976 978
975 1034
975 1035
975 976
974 1038
974 975
972 1038
972 974
972 973
971 1043
971 1041
971 1039
971 1047
971 1038
966 967
965 1047
965 971
965 967
962 1046
962 963
962 1047
960 1050
960 1049
960 961
958 1052
958 1056
958 959
956 1056
956 958
954 1058
954 1057
954 1056
954 956
952 1058
952 953
952 954
951 1061
951 1058
951 1068
951 952
948 949
948 950
946 1068
946 947
946 948
945 1067
945 1066
945 1068
945 946
939 949
939 940
936 949
936 939
936 937
935 953
935 936
933 935
933 934
930 932
930 931
929 933
929 932
929 930
927 955
927 929
927 928
923 957
923 955
921 963
921 964
921 966
920 957
920 963
920 923
920 922
920 921
917 966
917 967
917 918
913 970
912 967
912 968
912 970
912 917
912 913
910 973
910 970
910 913
905 973
905 977
905 910
903 978
903 905
903 904
902 981
902 984
899 984
898 902
898 984
898 901
898 900
898 899
895 985
895 987
895 988
894 982
894 985
894 899
894 895
891 994
891 1571
890 988
890 895
890 893
890 892
890 891
886 1571
886 891
886 889
886 887
885 1000
885 1571
885 886
883 1000
883 885
876 888
876 877
876 880
876 878
875 889
875 887
875 888
875 876
873 893
873 892
873 889
872 893
872 896
872 873
868 897
868 896
865 900
865 897
865 866
865 868
865 867
864 900
864 906
864 865
862 908
862 863
858 862
858 859
858 860
856 907
856 909
856 908
853 911
853 909
853 916
853 854
851 915
851 916
851 853
851 852
847 850
846 915
846 848
846 851
846 849
844 918
844 914
844 915
844 846
843 918
843 844
842 924
842 843
839 842
839 840
839 841
836 926
836 837
836 839
836 838
835 926
835 836
832 931
832 833
832 835
832 834
830 938
830 931
830 831
830 832
829 937
829 938
829 830
827 940
827 937
827 944
824 827
824 826
824 825
823 944
823 827
823 943
823 824
820 943
820 823
820 821
813 819
813 822
813 815
813 814
812 821
812 825
812 822
812 813
806 825
806 812
806 811
806 807
805 833
804 828
804 831
804 833
804 805
802 841
802 840
802 845
802 847
801 838
801 840
800 837
800 838
800 805
800 801
796 808
796 797
794 796
794 795
792 808
792 796
792 809
792 794
790 810
790 809
788 790
788 789
786 814
786 810
786 816
786 790
786 788
782 818
782 783
782 784
781 817
781 818
781 782
777 779
777 778
776 780
776 783
776 779
776 777
773 784
773 785
773 787
772 784
772 783
772 773
768 787
768 773
768 771
768 770
768 769
767 789
767 791
766 789
766 787
766 768
766 767
764 767
764 765
762 793
762 764
761 795
761 793
761 762
758 761
758 759
757 797
757 799
757 795
757 761
757 758
755 757
755 756
754 799
754 757
754 755
750 754
750 752
750 751
749 847
749 750
747 850
747 749
747 748
742 850
742 747
742 746
742 744
742 743
741 855
740 849
740 852
740 855
740 850
740 741
738 854
738 857
738 859
738 855
738 741
738 861
736 738
736 861
736 737
729 861
729 736
729 735
729 731
729 730
728 861
728 729
726 860
726 728
726 727
725 863
725 866
725 867
725 860
725 726
723 867
723 869
723 725
723 724
721 869
721 871
720 869
720 723
720 722
720 721
715 721
715 718
715 717
715 716
714 874
714 877
713 870
713 874
713 871
713 721
713 715
713 714
710 879
709 878
709 879
709 711
709 710
703 711
703 716
703 707
701 717
701 716
701 703
701 719
701 702
699 701
699 700
696 719
696 699
694 733
694 696
694 734
694 695
691 734
691 694
691 692
691 693
690 734
690 691
689 731
689 732
689 734
689 690
685 735
685 731
685 686
685 689
684 737
684 735
684 685
683 739
683 737
683 684
681 683
681 682
679 683
679 745
679 681
679 680
676 745
676 679
676 678
676 677
675 745
675 676
672 675
672 673
672 674
671 753
671 675
671 672
669 753
669 671
669 670
667 756
667 753
667 760
667 669
664 760
664 665
662 759
662 760
662 664
662 663
660 662
660 763
660 661
656 659
656 657
656 658
654 655
654 656
653 769
653 654
652 771
652 770
652 769
652 653
648 774
648 649
648 650
646 778
646 775
646 774
646 648
646 647
645 778
645 646
641 779
641 778
641 645
638 640
638 642
638 644
638 639
634 644
634 638
634 637
634 635
632 647
632 649
631 643
631 647
631 644
631 634
631 633
631 632
628 630
628 629
626 649
626 650
626 632
626 630
626 628
626 627
624 650
624 626
624 625
623 651
623 655
623 624
618 657
618 621
618 619
616 658
616 618
616 617
615 661
615 666
614 659
614 661
614 658
614 616
614 615
610 666
610 615
610 613
610 611
609 668
609 665
609 666
607 668
607 673
607 609
604 607
604 606
604 605
602 673
602 604
602 603
598 687
598 677
598 599
596 687
595 687
595 598
595 597
595 596
592 594
592 593
591 692
590 596
590 594
590 592
590 591
586 692
586 591
586 588
586 587
585 695
585 697
585 693
585 586
582 697
582 698
582 585
582 583
580 704
580 706
580 581
578 706
578 580
578 579
574 584
574 576
571 587
571 584
571 574
571 572
570 588
570 571
568 570
568 569
567 589
567 568
565 589
565 567
565 566
562 593
562 563
558 593
558 559
558 560
558 562
558 561
557 559
555 600
555 601
554 597
554 556
553 599
553 597
553 600
553 555
553 554
549 601
549 555
547 549
547 548
545 606
545 605
545 601
545 547
545 546
543 608
543 606
543 612
543 545
541 611
541 612
540 611
540 541
538 540
538 620
538 539
536 620
536 538
536 537
533 620
533 536
533 534
528 621
528 620
528 530
528 529
526 625
526 627
526 528
526 527
522 629
522 526
522 524
522 523
520 636
520 522
520 521
518 636
518 519
516 518
516 517
515 637
515 516
513 515
513 514
510 639
510 513
510 512
510 511
504 509
504 508
504 505
503 511
503 509
503 504
500 503
500 502
500 501
499 517
499 503
497 517
497 519
497 499
497 498
494 497
494 496
494 495
491 521
491 523
491 494
491 493
491 492
490 525
490 527
490 524
488 490
488 531
481 531
481 488
481 487
481 486
481 482
480 529
480 531
480 481
476 530
476 535
476 480
476 479
476 477
474 535
474 476
474 475
473 542
472 537
472 534
472 535
472 474
472 473
469 473
469 471
469 470
468 473
468 469
465 544
465 542
465 468
461 546
461 462
460 551
459 548
459 551
459 546
459 461
459 460
456 557
456 552
455 551
455 552
455 460
455 458
455 457
452 557
452 559
452 456
450 559
450 560
450 452
450 451
448 560
448 561
448 563
448 450
448 449
444 564
444 563
444 446
441 564
441 443
441 442
440 569
440 572
440 441
438 575
437 572
437 573
437 575
437 440
437 439
437 438
432 443
432 442
432 445
432 433
424 445
424 432
424 446
420 447
420 423
420 422
420 421
415 419
415 416
412 423
412 422
412 419
412 413
412 415
412 414
410 423
410 411
410 412
408 409
408 410
407 408
407 423
407 410
406 453
406 407
404 462
404 463
403 454
403 453
403 406
403 405
402 458
402 457
402 454
402 462
402 404
402 403
400 463
400 404
400 401
400 467
396 467
396 397
396 398
395 466
395 470
395 467
390 483
390 485
389 478
389 394
389 391
389 392
388 478
388 389
387 477
387 478
387 483
387 390
387 388
382 484
382 485
382 383
382 385
382 384
380 486
380 484
378 492
378 380
378 379
376 492
376 378
376 377
373 498
373 496
373 495
373 501
373 374
371 501
371 373
371 502
371 505
369 371
369 505
369 370
367 374
367 372
366 372
366 370
366 368
364 374
364 375
364 377
364 367
361 364
361 377
361 363
361 362
357 377
357 381
357 360
357 359
357 358
354 383
354 384
354 356
354 355
353 385
353 384
353 354
351 386
351 391
351 393
351 385
347 350
347 348
344 347
344 345
344 346
343 393
343 351
343 344
338 341
338 339
338 340
337 394
337 397
337 392
337 338
336 398
336 397
334 399
334 336
334 335
332 399
332 334
332 333
326 409
326 327
323 409
323 411
323 413
323 326
323 324
320 414
320 417
320 418
319 413
319 414
319 321
319 320
315 318
315 317
315 316
314 418
314 320
314 318
314 315
310 312
310 316
310 311
307 316
307 310
307 309
307 308
305 322
305 321
305 318
305 325
305 317
303 325
303 305
302 327
302 325
302 303
300 331
300 301
296 330
296 331
296 297
296 300
296 299
294 339
294 330
294 340
292 341
292 340
292 294
292 345
292 293
290 292
290 346
290 291
287 291
287 289
287 288
285 293
285 295
285 297
285 291
285 298
280 298
280 283
279 297
279 299
279 298
279 280
277 299
277 279
277 278
276 301
275 301
275 299
275 277
275 276
271 304
271 276
271 274
271 272
269 306
269 308
268 304
268 306
268 271
268 270
268 269
264 270
264 267
264 266
264 273
264 265
259 261
258 273
258 264
258 260
258 263
258 262
256 257
256 259
255 273
255 257
255 258
253 278
253 274
253 282
253 254
251 281
251 282
251 253
251 252
248 281
248 249
248 251
248 250
246 286
246 284
246 283
243 349
243 288
243 286
241 242
239 240
239 243
239 242
238 348
238 349
235 238
235 236
235 237
234 348
234 238
234 235
232 234
232 233
231 356
231 355
231 358
231 232
228 231
228 230
228 229
225 226
225 227
224 359
224 358
224 225
222 224
222 223
220 362
220 222
220 221
218 362
218 220
218 219
216 365
216 218
214 215
214 216
212 368
212 213
212 214
210 507
210 211
210 212
208 506
208 507
208 209
207 508
207 506
207 208
204 207
204 206
204 205
202 209
202 211
201 206
201 209
201 205
201 203
201 202
199 215
198 211
198 213
198 215
198 202
198 200
198 199
196 217
195 199
195 197
195 196
193 223
193 226
192 219
192 221
192 223
192 193
191 217
191 219
191 196
191 194
191 192
189 227
189 229
187 236
187 240
187 241
186 236
186 187
185 189
185 188
185 186
183 242
183 244
183 241
181 244
181 245
181 182
179 247
179 249
179 250
179 181
179 180
177 256
177 259
176 252
176 256
176 178
176 177
174 259
174 177
174 175
172 261
172 174
172 173
170 172
170 171
168 262
168 170
168 169
166 263
166 168
166 167
165 266
165 265
165 263
165 166
163 266
163 165
163 164
162 266
162 163
160 309
160 308
160 162
160 161
158 313
158 311
158 309
158 159
157 313
157 158
155 314
155 157
155 156
154 418
154 155
152 431
152 154
152 153
151 430
151 429
151 431
149 430
149 150
148 430
148 149
146 433
146 435
146 426
146 430
146 148
145 436
145 434
145 435
143 575
143 438
141 575
141 143
141 142
140 576
140 141
138 576
138 140
138 139
137 576
137 138
135 578
135 577
135 137
135 136
134 706
134 578
134 135
132 706
132 134
132 133
130 707
130 705
130 131
128 879
128 710
128 708
128 129
127 879
127 128
125 881
125 880
125 879
125 127
125 126
124 881
124 125
122 882
122 881
122 124
122 123
121 1004
121 883
121 882
121 122
119 1001
119 1004
119 121
119 120
118 1001
118 119
116 1003
116 1001
116 118
116 117
114 1008
114 1005
114 1003
114 115
113 1008
113 114
111 1008
111 113
111 112
110 1127
110 111
108 1130
108 1128
108 1127
108 110
108 109
107 1130
107 108
105 107
105 106
103 105
103 104
102 1131
102 103
100 1232
100 1233
100 1132
100 102
100 101
99 1232
99 100
97 1237
97 99
97 98
95 97
95 96
93 1572
93 1573
1573 1574
1574 1575
1575 1576
1575 1577
1575 1578
1575 1579
1579 1580
1580 1581
1580 1582
1582 1583
1582 1584
1584 1585
1584 1586
1586 1587
1586 1588
1586 1589
1586 1590
1589 1591
1589 1592
1589 1590
1592 1593
1592 1594
1594 1595
1594 1596
1594 1597
1597 1598
1597 1599
1599 1600
1599 1601
1601 1602
1602 1603
1600 1604
1600 1602
1600 1601
1604 1605
1604 1606
1606 1607
1606 1608
1606 1609
1609 1610
1609 1611
1611 1612
1612 1613
1613 1614
1614 1615
1614 1616
1616 1617
1617 1618
1617 1619
1617 1620
1620 1621
1620 1622
1620 1623
1622 1624
1622 1623
1624 1625
1625 1626
1626 1627
1626 1628
1628 1629
1629 1630
1630 1631
1630 1632
1632 1633
1633 1634
1633 1635
1633 1636
1636 1637
1636 1638
1636 1639
1639 1640
1639 1641
1641 1642
1641 1643
1641 1644
1644 1645
1644 1646
1646 1647
1646 1648
1646 1649
1646 1650
1646 1651
1651 1652
1651 1653
1651 1654
1651 1655
1655 1656
1655 1657
1655 1658
1657 1658
1657 1659
1659 1660
1659 1661
1659 1662
1662 1663
1663 1664
1663 1665
1663 1666
1663 1667
1667 1668
1668 1669
1669 1670
1669 1671
1669 1672
1669 1673
1673 1674
1673 1675
1674 1676
1674 1677
1674 1675
1677 1678
1677 1679
1677 1680
1680 1681
1681 1682
1682 1683
1683 1684
1683 1685
1685 1686
1685 1687
1687 1688
1688 1689
1686 1690
1686 1691
1686 1688
1686 1687
1691 1692
1690 1693
1690 1691
1693 1694
1693 1695
1694 1696
1694 1697
1694 1695
1697 1698
1696 1699
1699 1700
1699 1701
1701 1702
1702 1703
1702 1704
1704 1705
1704 1706
1706 1707
1706 1708
1707 1709
1707 1710
1709 1711
1709 1710
1711 1712
1711 1713
1713 1714
1714 1715
1714 1716
1714 1717
1715 1717
1715 1716
1712 1714
1705 1712
1705 1706
1703 1716
1703 1712
1703 1705
1703 1704
1700 1716
1700 1703
1700 1702
1684 1693
1684 1690
1684 1686
1684 1685
1679 1682
1679 1680
1679 1681
1678 1683
1678 1682
1678 1679
1676 1685
1676 1687
1676 1677
1672 1681
1672 1680
1671 1680
1671 1672
1670 1677
1670 1680
1670 1674
1670 1673
1670 1671
1666 1675
1666 1673
1666 1669
1666 1667
1665 1675
1665 1666
1664 1689
1664 1687
1664 1665
1661 1664
1661 1662
1661 1663
1660 1689
1660 1664
1660 1661
1656 1658
1654 1718
1654 1655
1718 1719
1719 1720
1653 1692
1653 1688
1653 1689
1652 1692
1652 1653
1650 1692
1650 1652
1649 1719
1649 1718
1648 1695
1648 1650
1648 1691
1647 1697
1647 1695
1647 1648
1645 1646
1645 1719
1645 1649
1643 1644
1643 1645
1643 1719
1642 1698
1642 1697
1642 1644
1642 1647
1642 1646
1640 1641
1640 1720
1640 1643
1638 1698
1638 1639
1638 1641
1637 1696
1637 1638
1637 1698
1635 1701
1635 1704
1635 1706
1635 1708
1634 1699
1634 1696
1634 1701
1631 1633
1631 1708
1631 1632
1627 1632
1627 1628
1627 1720
1621 1720
1621 1719
1621 1622
1619 1718
1619 1654
1619 1655
1619 1656
1618 1719
1618 1718
1618 1620
1618 1619
1615 1620
1615 1617
1615 1623
1615 1616
1610 1617
1610 1616
1610 1612
1608 1656
1608 1658
1607 1656
1607 1610
1607 1609
1607 1608
1605 1608
1605 1606
1598 1605
1598 1604
1598 1600
1598 1599
1596 1657
1596 1662
1596 1605
1596 1598
1596 1597
1595 1663
1595 1662
1595 1596
1593 1663
1593 1667
1593 1668
1593 1595
1591 1672
1591 1669
1591 1668
1588 1592
1588 1589
1587 1597
1587 1588
1585 1597
1585 1587
1585 1586
1583 1599
1583 1597
1583 1585
1583 1601
1583 1584
1581 1601
1581 1583
1581 1582
1578 1590
1577 1584
1577 1590
1577 1582
1577 1578
1576 1582
1576 1580
1576 1579
1572 1578
1572 1575
1572 1574
1572 1573
91 92
91 1237
91 95
91 94
90 1573
90 93
88 1237
88 89
88 91
87 1236
87 88
87 1237
85 86
85 90
84 1383
84 1382
83 1383
83 84
80 1579
80 1575
80 81
80 85
80 1574
79 1388
79 1383
79 83
79 81
79 82
77 1603
77 1580
75 1390
75 1389
75 1388
73 1603
73 74
73 77
73 76
72 1392
72 1390
72 74
72 75
71 1602
71 1603
71 73
69 70
69 71
68 1394
68 70
68 72
67 1611
67 1604
67 69
67 71
66 1612
66 1611
66 67
64 65
64 1394
64 68
62 63
62 1401
62 1397
62 1398
62 64
62 1394
61 1613
61 66
61 63
59 1614
59 1613
58 1566
58 1567
57 1623
57 1615
57 59
57 1614
55 56
55 57
54 1624
54 1622
54 55
54 1623
54 57
52 1477
52 1564
52 58
51 1625
51 1624
51 53
51 54
50 1629
50 1628
50 1626
50 1625
50 51
48 1476
48 1477
48 52
46 1629
46 47
46 50
45 1707
45 1708
45 1630
45 1710
43 1478
43 1473
43 1474
41 42
41 43
39 1710
39 45
38 1710
38 39
36 40
36 1478
36 41
35 1710
35 38
35 37
32 33
32 35
32 34
31 1535
31 33
30 1713
30 1711
30 1709
27 1713
27 28
26 28
26 1534
26 1535
26 29
26 31
24 1558
24 25
23 1717
23 1714
23 27
21 22
21 23
20 1715
20 21
20 1717
20 23
18 1558
18 24
17 19
17 20
15 16
15 1556
15 1557
15 18
15 1558
14 1553
14 1556
14 1555
13 1721
13 17
13 1715
13 20
11 1721
11 12
9 1721
9 10
9 11
8 10
8 1559
8 14
6 1562
6 1560
4 5
4 7
4 1721
4 9
3 6
3 5
2 1562
2 3
2 6
