1204 2836
0 1
1 0
1 1
0 3
1 2
2 1
2 2
1 3
1 4
2 4
1 5
3 3
2 5
1 6
3 5
2 6
1 7
3 7
2 8
4 7
3 8
4 8
3 9
4 9
3 10
4 10
3 11
4 11
3 12
1 10
2 12
3 13
4 13
3 14
2 14
4 14
3 16
2 17
4 16
3 17
4 17
3 18
4 18
5 18
4 19
3 19
6 19
4 20
3 21
5 20
5 21
4 22
6 21
5 22
6 22
5 23
7 22
6 24
5 24
6 25
5 25
6 26
5 27
7 26
6 27
5 28
7 27
7 28
9 28
9 27
10 27
11 28
11 27
13 28
13 27
14 27
17 28
16 27
17 27
19 28
19 27
20 27
23 28
23 26
24 27
25 28
25 27
26 27
27 28
27 27
28 27
27 26
29 27
27 25
29 26
30 27
30 26
31 27
31 28
32 27
33 28
33 27
34 27
37 28
36 27
37 27
39 28
39 27
40 27
43 28
42 27
44 27
45 28
45 27
46 27
47 28
48 27
49 28
49 27
50 27
53 28
52 27
53 27
54 27
55 28
56 27
57 28
58 27
59 28
59 27
60 27
59 26
60 25
59 24
59 25
60 23
59 22
60 19
59 18
59 19
59 20
60 17
59 16
60 15
59 14
60 13
59 13
60 11
59 10
59 11
60 9
59 8
60 7
59 6
59 7
60 5
59 4
59 5
60 3
59 2
58 3
60 1
59 0
59 1
58 1
57 0
56 1
57 2
56 2
57 3
56 4
58 4
57 5
56 5
57 6
56 6
58 6
58 7
58 8
57 8
58 9
57 9
57 10
58 11
57 11
56 11
57 13
56 14
58 14
57 15
58 15
57 16
58 16
58 17
57 18
58 18
56 17
56 19
57 19
57 20
58 20
57 21
56 21
58 21
57 22
55 22
58 22
58 23
57 24
58 24
58 25
55 25
57 26
55 26
54 26
53 25
54 24
55 23
55 24
56 23
56 24
54 22
53 21
52 22
54 20
54 19
55 19
55 21
54 18
55 18
55 17
54 16
55 16
55 15
55 14
54 14
55 13
54 13
55 12
56 12
54 11
55 10
54 9
54 10
55 8
56 10
56 9
54 7
55 7
55 6
53 6
52 6
53 5
53 7
53 8
52 8
51 7
50 8
51 9
50 9
51 10
52 10
51 11
53 10
52 12
53 11
53 12
53 13
52 14
53 14
53 15
52 15
53 16
51 16
52 17
53 17
51 17
52 18
51 18
51 19
50 19
50 20
51 20
52 20
51 21
50 21
51 23
50 23
52 23
51 24
50 24
52 24
51 25
52 25
51 26
52 26
51 27
49 24
49 25
47 25
49 26
46 24
46 25
46 26
47 23
47 26
46 22
46 23
47 22
48 23
49 22
49 23
48 21
47 20
48 20
49 20
49 18
48 17
48 18
49 17
50 17
50 18
50 15
49 15
50 14
51 15
48 14
47 13
47 14
49 13
48 12
49 12
49 11
51 12
50 11
48 10
48 11
49 9
48 8
47 9
48 7
49 7
48 6
50 6
50 7
49 5
50 5
51 5
51 6
52 5
52 4
51 3
51 4
52 3
53 3
53 4
54 3
54 4
55 3
54 2
54 1
53 0
53 1
55 0
52 1
52 2
51 1
49 1
51 0
49 0
47 0
48 1
47 1
47 2
49 2
50 2
49 3
48 3
49 4
50 4
47 4
46 3
45 4
47 6
46 6
47 7
46 7
46 8
45 8
44 7
44 8
45 9
44 9
45 10
44 10
47 10
45 11
44 11
44 12
43 12
46 12
45 13
46 13
45 14
44 14
45 15
46 15
47 15
46 16
44 18
47 16
47 17
46 18
45 18
45 19
47 19
46 20
48 19
46 21
44 21
43 20
43 21
44 22
45 22
44 23
45 23
45 24
44 24
45 25
44 25
43 26
42 26
41 26
42 25
41 25
42 24
41 23
41 24
42 23
41 22
42 22
41 21
43 22
40 21
40 22
39 22
40 23
38 23
39 24
40 24
39 25
38 25
36 23
35 23
37 22
37 23
36 24
35 24
36 25
34 25
36 26
35 26
35 27
33 24
34 24
33 23
32 22
32 23
32 24
34 22
34 21
34 20
35 20
35 21
36 20
36 21
37 21
38 21
38 22
38 19
37 19
39 19
39 17
40 19
40 20
40 18
41 18
42 19
42 18
43 18
43 19
44 19
42 17
43 17
42 16
43 16
42 15
43 15
44 16
43 14
42 14
41 14
42 13
41 12
41 13
42 11
41 10
41 11
40 10
40 11
40 12
39 11
39 12
38 11
38 12
39 13
38 14
39 15
38 15
38 16
40 14
40 15
40 16
41 15
41 16
40 17
37 16
38 17
36 17
35 16
36 16
36 18
35 18
36 19
34 19
33 19
34 18
34 17
33 16
33 17
34 16
35 15
35 14
36 15
36 14
36 13
37 14
37 13
37 11
37 10
38 10
37 9
38 9
39 10
39 9
38 8
39 8
39 7
40 8
40 7
41 8
41 9
42 9
43 10
41 6
42 7
43 6
43 7
44 6
44 5
45 6
43 4
44 4
44 3
42 3
45 2
45 3
44 1
46 2
46 1
45 0
43 0
41 0
42 1
43 1
43 2
42 2
41 2
40 1
40 2
41 3
41 4
39 4
40 5
39 5
39 6
40 6
38 5
37 4
37 6
38 3
37 2
37 3
38 2
37 1
38 1
39 1
39 2
39 0
37 0
36 1
35 1
35 2
36 2
34 2
35 3
34 3
35 5
36 4
36 5
36 6
35 6
36 7
35 8
36 8
35 9
34 10
35 10
35 11
34 12
35 12
35 13
34 13
33 13
32 13
33 14
32 14
33 15
32 15
31 16
30 15
30 16
32 17
30 17
31 18
32 18
31 19
30 18
29 19
30 20
29 20
29 21
31 21
32 20
32 21
31 22
30 23
31 23
31 24
29 24
31 25
32 25
32 26
29 25
28 24
29 23
28 22
28 23
27 23
26 22
26 24
27 22
27 24
27 21
26 20
27 20
28 21
28 20
27 19
28 19
28 17
27 17
27 18
28 16
29 17
29 16
29 18
27 15
28 15
27 14
28 14
29 14
28 13
29 13
30 14
30 13
31 13
32 12
31 11
32 11
31 10
32 10
32 9
33 9
32 8
33 8
33 7
34 8
34 7
34 6
33 5
33 6
34 5
33 4
34 4
32 3
32 4
33 3
31 3
31 5
29 3
30 5
30 6
29 6
30 7
32 7
31 8
29 8
28 7
28 8
29 9
30 9
29 10
30 10
30 11
29 11
30 12
29 12
28 12
27 12
28 11
26 11
28 10
27 9
27 10
26 9
25 10
24 9
24 10
25 8
24 8
25 7
26 8
27 8
27 7
26 6
27 6
26 5
25 4
25 5
26 4
28 5
28 4
29 5
27 3
26 2
26 3
28 2
27 1
28 1
29 1
29 2
30 2
30 1
31 1
31 2
32 2
32 1
33 1
33 0
34 1
31 0
27 0
25 0
26 1
23 0
24 1
23 1
24 2
25 3
23 3
22 2
22 3
23 4
22 4
22 5
23 6
22 7
24 5
23 7
24 7
23 8
23 9
22 9
21 11
23 10
22 11
23 11
22 12
24 12
25 12
24 13
23 14
25 13
24 14
25 14
24 15
25 15
25 16
24 17
26 16
25 17
26 17
25 18
26 18
24 18
25 20
24 20
25 21
24 21
25 23
24 24
25 24
25 25
23 25
24 26
22 24
23 24
22 23
21 23
22 22
23 22
23 21
22 20
23 20
22 19
23 19
21 18
21 19
22 18
22 17
23 17
22 16
23 16
22 15
21 15
21 16
20 15
20 16
21 17
20 17
19 16
18 17
17 17
18 16
18 18
20 19
19 20
21 20
20 21
21 21
20 22
19 22
19 23
18 23
19 24
20 24
20 25
21 25
21 26
20 26
19 26
18 25
18 26
17 25
17 26
16 25
15 27
15 26
14 25
15 25
15 24
16 23
15 22
17 22
16 21
17 21
18 22
18 20
17 19
18 19
16 19
15 18
15 19
16 18
16 20
14 20
15 21
14 22
13 22
14 23
13 23
13 24
12 23
12 24
12 25
11 25
12 26
13 26
10 26
9 25
8 24
10 24
9 23
10 23
11 23
10 22
11 22
11 21
12 21
12 20
11 20
12 19
13 19
12 18
14 19
11 17
12 17
11 16
12 16
13 16
12 15
14 16
14 15
16 16
15 17
16 17
17 16
16 15
17 15
17 14
17 13
18 13
18 14
19 14
19 13
20 14
21 13
21 12
22 13
17 12
18 12
18 11
19 11
18 10
19 9
20 10
20 9
20 8
19 7
20 6
21 7
21 8
19 5
20 5
19 4
20 4
21 4
20 3
19 2
20 2
21 2
22 1
21 0
20 1
19 0
17 0
18 1
17 1
18 2
18 3
17 3
17 4
18 4
18 5
17 5
17 6
18 6
17 7
18 7
18 8
17 8
18 9
16 9
15 8
15 9
15 10
16 12
15 11
15 12
14 12
15 13
14 13
15 14
13 14
15 15
12 13
12 14
13 13
12 12
13 12
12 11
11 10
11 11
13 10
14 11
14 10
13 9
14 9
14 8
12 8
11 7
11 8
11 9
12 6
12 9
12 5
13 5
13 6
14 6
14 4
15 6
15 4
16 6
16 4
15 1
14 1
16 1
16 2
13 0
13 1
14 3
13 2
13 3
12 2
11 3
9 3
10 4
11 1
11 4
12 4
10 1
11 0
12 1
9 0
7 0
8 1
6 1
8 2
9 2
8 3
8 4
9 4
8 5
9 5
8 6
9 6
10 6
9 7
8 8
9 8
9 9
8 10
10 9
9 10
10 10
10 11
8 11
7 11
7 12
10 13
9 13
11 12
10 14
11 14
9 14
10 16
9 15
9 16
10 17
9 18
8 18
8 19
9 19
8 20
9 20
9 21
8 21
9 22
7 20
6 20
7 19
7 17
8 17
8 16
7 15
8 15
8 14
7 13
7 14
8 13
6 15
5 16
6 17
5 17
4 15
5 14
6 12
5 11
5 12
5 10
7 9
6 8
7 8
6 7
5 6
6 6
6 5
5 4
6 4
7 4
6 3
5 3
6 2
5 2
4 2
5 1
4 1
5 0
3 0
4 3
4 4
4 5
4 6
5 9
7 23
26 13
33 20
40 26
47 11
53 19
59 21
3 28
4 27
2 27
4 26
3 25
4 25
4 23
3 22
2 21
1 22
0 21
0 23
1 21
1 23
2 23
1 24
2 24
2 25
1 26
0 25
0 27
1 27
1 28
1 20
0 19
1 19
1 18
2 18
2 19
0 17
0 15
1 16
1 15
1 14
0 13
1 13
1 12
0 11
1 11
0 9
0 7
1 8
1 2
1 3
1 4
1 5
5 6
5 7
5 8
8 9
8 10
10 11
10 12
10 13
13 14
13 15
13 16
16 17
16 18
18 19
18 20
18 21
21 22
21 23
23 24
23 25
25 26
25 27
27 28
27 29
29 30
29 31
29 32
32 33
32 34
34 35
34 36
34 37
37 38
37 39
37 40
40 41
40 42
40 43
43 44
43 45
45 46
45 47
45 48
48 49
48 50
48 51
51 52
51 53
51 54
51 55
55 56
55 57
55 58
58 59
58 60
60 61
60 62
62 63
62 64
62 65
65 66
65 67
65 68
68 69
69 70
69 71
69 72
72 73
72 74
74 75
74 76
74 77
77 78
77 79
77 80
80 81
80 82
80 83
83 84
83 85
83 86
86 87
86 88
86 89
89 90
89 91
91 92
91 93
93 94
93 95
93 96
96 97
96 98
96 99
99 100
99 101
101 102
101 103
101 104
104 105
104 106
104 107
107 108
107 109
107 110
110 111
110 112
110 113
113 114
113 115
113 116
116 117
116 118
118 119
118 120
118 121
121 122
121 123
121 124
121 125
125 126
125 127
127 128
127 129
129 130
129 131
131 132
131 133
133 134
133 135
133 136
136 137
136 138
138 139
138 140
138 141
138 142
142 143
142 144
144 145
144 146
146 147
146 148
148 149
148 150
148 151
151 152
151 153
153 154
153 155
153 156
156 157
156 158
156 159
159 160
159 161
159 162
162 163
162 164
164 165
165 166
165 167
165 168
168 169
168 170
170 171
170 172
172 173
173 174
173 175
175 176
175 177
177 178
178 179
179 180
179 181
181 182
181 183
181 184
184 185
185 186
185 187
187 188
187 189
189 190
189 191
191 192
191 193
193 194
194 195
194 196
195 197
195 198
195 196
195 199
199 200
200 201
200 202
202 203
202 204
202 205
205 206
205 207
205 208
208 209
208 210
210 211
211 212
211 213
213 214
214 215
215 216
215 217
217 218
217 219
219 220
219 221
220 221
218 222
218 220
218 219
222 223
222 224
222 225
225 226
225 227
225 228
227 229
227 230
227 228
230 231
231 232
231 233
233 234
234 235
235 236
235 237
237 238
237 239
237 240
239 241
239 242
239 240
242 243
242 244
242 245
242 246
246 247
245 248
245 249
245 247
249 250
250 251
251 252
251 253
251 254
254 255
255 256
256 257
256 258
256 259
259 260
259 261
259 262
262 263
262 264
262 265
262 266
266 267
267 268
268 269
268 270
270 271
271 272
271 273
273 274
273 275
273 276
275 277
275 276
275 278
278 279
278 280
280 281
280 282
280 283
283 284
283 285
285 286
285 287
287 288
287 289
287 290
290 291
290 292
290 293
293 294
293 295
295 296
295 297
296 297
294 295
294 296
292 293
292 294
291 298
291 299
291 293
299 300
299 301
300 302
300 303
300 304
300 305
300 306
305 307
305 308
305 309
305 310
310 311
310 312
311 313
311 312
313 314
313 315
313 316
316 317
317 318
317 319
317 320
317 321
317 322
321 323
321 322
323 324
323 325
323 326
325 327
325 326
327 328
327 329
327 330
330 331
330 332
332 333
332 334
334 335
333 336
333 337
333 338
333 335
338 339
339 340
339 341
339 342
342 343
342 344
342 345
344 346
344 347
344 348
344 349
344 345
349 350
350 351
351 352
351 353
351 354
351 355
351 356
356 357
356 358
358 359
359 360
360 361
361 362
361 363
361 364
363 365
363 366
366 367
367 368
367 369
369 370
370 371
370 372
372 373
372 374
372 375
375 376
375 377
377 378
377 379
379 380
378 381
378 379
381 382
381 383
381 384
384 385
384 386
386 387
386 388
388 389
389 390
389 391
389 392
392 393
392 394
394 395
394 396
394 397
397 398
397 399
399 400
399 401
399 402
402 403
402 404
404 405
404 406
404 407
407 408
407 409
409 410
409 411
409 412
412 413
413 414
413 415
413 416
416 417
416 418
417 419
419 420
420 421
420 422
420 423
420 424
424 425
424 426
426 427
427 428
427 429
429 430
430 431
431 432
432 433
432 434
434 435
434 436
436 437
436 438
436 439
439 440
439 441
441 442
441 443
442 444
442 445
445 446
445 447
447 448
447 449
447 450
450 451
451 452
452 453
453 454
453 455
453 456
453 457
457 458
457 459
459 460
459 461
461 462
461 463
462 463
460 464
460 465
460 462
465 466
466 467
466 468
466 469
466 470
470 471
471 472
471 473
471 474
474 475
474 476
476 477
477 478
477 479
478 480
478 479
480 481
480 482
482 483
482 484
482 485
484 486
484 487
484 488
484 485
488 489
488 490
488 491
491 492
490 493
490 494
490 491
494 495
494 496
496 497
496 498
496 499
498 500
498 499
500 501
501 502
501 503
503 504
503 505
503 506
506 507
506 508
508 509
508 510
508 511
511 512
511 513
513 514
513 515
513 516
516 517
516 518
518 519
518 520
518 521
518 522
518 523
523 524
523 525
523 526
525 526
524 525
522 524
522 523
521 522
521 524
520 527
520 528
528 529
529 530
529 531
529 532
532 533
532 534
534 535
535 536
535 537
537 538
538 539
538 540
538 541
541 542
542 543
542 544
544 545
545 546
545 547
547 548
548 549
549 550
549 551
551 552
551 553
551 554
554 555
555 556
555 557
557 558
557 559
559 560
559 561
559 562
562 563
563 564
561 565
561 566
561 562
561 563
566 567
566 568
568 569
569 570
569 571
570 572
570 573
573 574
574 575
574 576
574 577
576 578
576 579
576 577
579 580
580 581
581 582
582 583
582 584
582 585
585 586
586 587
587 588
588 589
588 590
588 591
591 592
592 593
592 594
594 595
594 596
594 597
596 597
595 598
595 596
598 599
598 600
598 601
601 602
601 603
601 604
604 605
604 606
604 607
604 608
607 609
607 608
609 610
610 611
611 612
611 613
611 614
613 615
613 614
613 616
616 617
616 618
616 619
619 620
620 621
621 622
621 623
623 624
623 625
625 626
626 627
626 628
628 629
629 630
629 631
631 632
632 633
633 634
634 635
634 636
636 637
636 638
638 639
639 640
640 641
640 642
640 643
643 644
643 645
643 646
646 647
647 648
647 649
647 650
650 651
650 652
650 653
653 654
653 655
653 656
656 657
656 658
658 659
659 660
659 661
659 662
662 663
661 664
661 662
660 665
660 666
660 664
666 667
666 668
668 669
669 670
669 671
669 672
669 673
672 674
674 675
674 676
674 677
677 678
678 679
678 680
680 681
681 682
681 683
681 684
681 685
685 686
685 687
684 688
684 689
684 686
684 685
689 690
689 691
689 692
692 693
692 694
692 695
695 696
695 697
697 698
698 699
698 700
700 701
700 702
702 703
702 704
704 705
704 706
706 707
706 708
708 709
709 710
710 711
710 712
710 713
713 714
713 715
714 716
714 717
714 718
714 715
717 719
717 720
720 721
720 722
720 723
723 724
723 725
725 726
725 727
727 728
728 729
728 730
728 731
728 732
732 733
732 734
734 735
735 736
735 737
737 738
738 739
739 740
739 741
741 742
741 743
743 744
743 745
745 746
745 747
747 748
747 749
747 750
750 751
750 752
750 753
753 754
754 755
755 756
755 757
757 758
758 759
758 760
758 761
758 762
762 763
762 764
763 765
763 764
765 766
765 767
765 768
768 769
768 770
768 771
768 772
772 773
773 774
773 775
773 776
776 777
777 778
777 779
779 780
779 781
780 782
780 781
778 782
778 780
778 779
775 782
775 778
775 776
775 777
774 782
774 775
771 774
771 772
771 773
770 783
770 771
783 784
783 785
784 786
784 787
784 785
787 788
787 789
789 790
790 791
791 792
791 793
791 794
794 795
794 796
794 797
797 798
797 799
797 800
797 801
801 802
802 803
803 804
803 805
803 806
806 807
806 808
808 809
808 810
810 811
810 812
812 813
812 814
812 815
815 816
815 817
815 818
818 819
819 820
819 821
819 822
822 823
822 824
822 825
824 826
824 825
824 827
827 828
827 829
829 830
829 831
831 832
831 833
833 834
834 835
834 836
835 837
835 838
835 836
838 839
839 840
839 841
839 842
842 843
843 844
843 845
845 846
845 847
846 848
846 849
846 850
846 847
850 851
850 852
852 853
852 854
854 855
855 856
855 857
857 858
857 859
857 860
860 861
861 862
861 863
863 864
863 865
863 866
863 867
867 868
867 869
869 870
869 871
871 872
872 873
872 874
874 875
874 876
874 877
877 878
877 879
879 880
880 881
881 882
882 883
882 884
884 885
884 886
885 887
885 888
885 886
888 889
889 890
889 891
891 892
892 893
893 894
893 895
895 896
895 897
895 898
897 899
897 898
899 900
899 901
900 902
900 901
902 903
902 904
902 905
902 906
906 907
906 908
908 909
909 910
909 911
911 912
911 913
913 914
913 915
913 916
916 917
916 918
916 919
918 920
918 919
920 921
921 922
921 923
923 924
923 925
923 926
926 927
926 928
928 929
928 930
930 931
931 932
931 933
931 934
934 935
934 936
935 937
935 938
938 939
938 940
938 941
941 942
941 943
943 944
943 945
943 946
946 947
947 948
948 949
948 950
950 951
951 952
951 953
951 954
954 955
955 956
955 957
957 958
958 959
958 960
959 960
956 958
956 957
953 961
953 962
953 956
953 954
953 955
962 963
962 964
964 965
964 966
964 967
967 968
968 969
969 970
969 971
969 972
969 973
972 973
971 974
971 975
971 972
975 976
975 977
975 978
978 979
979 980
979 981
979 982
982 983
983 984
983 985
985 986
986 987
986 988
988 989
988 990
990 991
991 992
991 993
991 994
994 995
995 996
995 997
995 998
998 999
998 1000
1000 1001
1001 1002
1001 1003
1003 1004
1004 1005
1004 1006
1004 1007
1004 1008
1008 1009
1008 1010
1010 1011
1010 1012
1012 1013
1012 1014
1014 1015
1014 1016
1015 1017
1015 1018
1015 1019
1019 1020
1019 1021
1021 1022
1022 1023
1022 1024
1022 1025
1022 1026
1026 1027
1027 1028
1027 1029
1029 1030
1030 1031
1031 1032
1031 1033
1031 1034
1031 1035
1031 1036
1035 1037
1035 1038
1035 1039
1039 1040
1040 1041
1040 1042
1042 1043
1042 1044
1044 1045
1043 1046
1043 1045
1046 1047
1046 1048
1046 1049
1048 1049
1047 1050
1047 1051
1047 1052
1052 1053
1052 1054
1054 1055
1054 1056
1056 1057
1056 1058
1056 1059
1056 1060
1056 1061
1060 1061
1059 1062
1059 1063
1059 1064
1063 1065
1063 1064
1065 1066
1065 1067
1067 1068
1067 1069
1067 1070
1070 1071
1071 1072
1071 1073
1073 1074
1073 1075
1075 1076
1075 1077
1075 1078
1078 1079
1079 1080
1079 1081
1081 1082
1082 1083
1082 1084
1082 1085
1082 1086
1086 1087
1087 1088
1088 1089
1088 1090
1088 1091
1091 1092
1091 1093
1091 1094
1091 1095
1094 1096
1094 1095
1094 1097
1097 1098
1097 1099
1097 1100
1100 1101
1101 1102
1101 1103
1101 1104
1104 1105
1104 1106
1106 1107
1107 1108
1107 1109
1108 1110
1110 1111
1110 1112
1105 1112
1105 1110
1105 1106
1105 1108
1105 1107
1103 1112
1103 1104
1103 1105
1102 1113
1102 1114
1102 1103
1114 1115
1115 1116
1115 1117
1117 1118
1118 1119
1118 1120
1118 1121
1120 1122
1122 1123
1122 1124
1124 1125
1123 1126
1123 1127
1123 1125
1126 1127
1119 1121
1119 1120
1116 1122
1116 1120
1116 1118
1116 1117
1113 1124
1113 1115
1113 1114
1099 1117
1099 1115
1099 1114
1099 1100
1098 1117
1098 1099
1096 1121
1096 1118
1096 1117
1096 1098
1093 1095
1092 1121
1092 1096
1092 1094
1090 1128
1090 1119
1128 1129
1128 1130
1129 1131
1129 1132
1129 1130
1132 1133
1132 1134
1134 1135
1135 1136
1135 1137
1137 1138
1138 1139
1138 1140
1138 1141
1141 1142
1142 1143
1142 1144
1144 1145
1145 1146
1145 1147
1147 1148
1147 1149
1149 1150
1148 1150
1148 1149
1146 1148
1146 1147
1146 1151
1151 1152
1152 1153
1153 1154
1143 1146
1143 1151
1143 1152
1143 1145
1143 1144
1140 1143
1140 1142
1140 1141
1139 1152
1139 1153
1139 1143
1139 1140
1136 1153
1136 1154
1136 1139
1136 1137
1133 1155
1133 1135
1133 1134
1131 1155
1089 1128
1089 1132
1089 1090
1085 1086
1085 1087
1084 1086
1083 1089
1083 1085
1083 1088
1080 1137
1080 1134
1080 1132
1080 1081
1080 1082
1077 1078
1077 1079
1076 1077
1076 1079
1074 1141
1074 1138
1074 1075
1074 1076
1072 1141
1072 1073
1072 1074
1069 1144
1069 1070
1069 1071
1068 1149
1068 1147
1068 1145
1068 1144
1066 1149
1066 1068
1066 1067
1062 1065
1062 1070
1062 1063
1058 1073
1058 1075
1058 1060
1057 1071
1057 1070
1057 1073
1055 1056
1055 1064
1053 1064
1053 1055
1053 1054
1051 1064
1051 1053
1050 1063
1050 1064
1050 1051
1041 1052
1041 1043
1038 1061
1038 1054
1038 1041
1038 1039
1038 1040
1037 1060
1037 1061
1037 1038
1034 1084
1034 1036
1033 1081
1033 1084
1033 1034
1032 1078
1032 1079
1032 1033
1028 1031
1028 1036
1028 1029
1025 1028
1025 1027
1025 1026
1024 1086
1024 1087
1024 1093
1023 1084
1023 1086
1023 1034
1023 1036
1023 1024
1020 1024
1020 1093
1020 1022
1020 1021
1018 1095
1018 1097
1017 1020
1017 1019
1017 1018
1013 1019
1013 1015
1011 1021
1011 1019
1011 1026
1011 1013
1011 1012
1009 1026
1009 1011
1009 1010
1007 1027
1007 1026
1007 1009
1006 1030
1006 1029
1006 1027
1006 1007
1005 1039
1005 1030
1005 1042
1005 1006
1002 1004
1002 1003
999 1044
999 1000
999 1002
999 1001
997 1044
997 998
997 999
996 1045
996 1044
996 997
993 1045
993 994
993 996
993 995
992 1049
992 1045
992 993
989 1048
989 1049
989 990
987 1048
987 989
987 988
984 986
984 985
981 985
981 982
980 990
980 991
980 986
980 981
977 979
977 978
976 994
976 977
974 994
974 995
974 976
974 975
970 1000
970 1001
970 974
970 971
966 1001
966 1003
966 968
966 967
965 1003
965 966
963 965
963 964
961 1008
961 963
961 962
952 1016
952 961
952 953
949 1016
949 950
945 946
945 949
945 948
945 947
944 1015
944 1014
944 1016
942 1018
942 944
940 942
940 941
939 1097
939 940
937 1097
937 1100
937 1104
937 939
937 938
933 935
933 934
932 1106
932 933
929 932
929 931
929 930
927 1109
927 929
927 928
925 1109
925 927
925 926
924 1156
924 1109
924 925
922 1156
922 924
922 923
917 923
917 920
917 918
915 923
915 916
914 928
914 926
914 915
912 914
912 913
910 930
910 928
910 914
910 912
910 911
907 936
907 909
905 947
904 936
904 907
903 936
903 946
903 947
903 905
903 904
896 908
896 906
896 897
894 909
894 908
894 896
894 895
890 913
890 919
890 892
890 891
887 892
887 891
887 889
883 893
883 885
883 884
878 882
878 879
878 881
878 880
876 883
876 877
875 895
875 898
875 876
873 898
873 875
873 874
870 873
870 871
870 872
868 901
868 899
868 873
868 870
866 905
866 900
866 901
865 950
865 948
865 954
864 947
864 948
864 865
864 866
862 865
862 863
859 862
859 861
859 860
858 957
858 859
856 858
856 958
856 857
853 857
853 860
853 855
853 854
851 860
851 853
851 852
849 867
849 869
848 860
848 851
848 850
848 849
844 849
844 869
844 871
844 846
844 845
841 871
841 842
840 872
840 877
840 841
837 879
837 839
837 838
832 838
832 835
832 833
832 834
830 845
830 843
830 842
828 847
828 845
828 830
828 829
826 847
826 828
823 825
821 822
821 823
820 854
820 852
820 822
820 826
820 824
817 854
817 818
817 819
816 1157
816 818
814 815
814 1157
814 816
813 960
813 855
813 815
811 812
811 814
809 959
809 810
809 960
807 808
807 809
805 967
805 807
805 959
805 809
804 973
804 968
800 801
800 802
799 801
798 972
798 973
798 800
798 804
796 978
796 975
795 978
795 796
793 982
793 978
793 795
793 794
792 982
792 983
792 793
788 983
788 789
786 984
786 983
786 788
786 787
769 785
769 783
769 770
767 790
766 789
766 785
766 769
766 767
761 790
761 767
760 799
759 794
759 799
759 790
759 761
759 760
756 760
756 758
756 757
752 801
752 753
751 802
751 803
751 801
751 752
749 803
749 806
748 803
748 751
748 750
748 749
746 750
746 747
746 753
746 754
744 746
744 754
744 745
742 811
742 745
742 1157
740 742
740 1157
740 741
736 743
736 741
736 739
736 738
736 737
733 743
733 734
733 736
733 735
731 732
731 733
730 754
730 731
729 757
729 755
729 754
729 762
729 730
724 762
724 764
724 725
722 764
722 724
722 723
721 765
721 763
721 772
719 773
719 776
719 777
716 719
716 777
716 718
716 717
712 726
711 714
711 713
711 712
707 726
707 712
707 710
707 709
707 708
705 727
705 726
705 707
705 706
703 727
703 705
703 704
701 734
701 702
699 734
699 735
699 701
699 700
696 738
696 737
696 697
694 739
694 738
694 696
694 695
693 739
693 694
691 693
691 692
690 693
690 691
688 821
688 690
688 689
683 825
682 821
682 823
682 825
682 683
679 683
679 680
676 824
676 679
676 678
676 677
675 827
675 829
675 676
671 831
671 833
671 673
670 829
670 831
670 674
670 672
667 674
667 672
667 669
667 677
667 668
665 669
665 673
665 668
665 666
657 666
657 658
657 659
655 1158
654 1158
654 655
652 678
652 677
652 667
652 653
652 666
651 678
651 652
649 680
649 678
649 687
649 651
648 687
648 649
645 648
645 646
645 647
644 685
644 687
644 648
642 686
642 685
642 644
641 692
641 686
641 695
641 642
637 639
637 638
635 697
635 698
635 637
635 636
630 634
630 631
630 633
630 632
627 702
627 628
627 630
627 629
624 709
624 708
624 625
624 626
622 713
622 710
622 709
622 623
618 715
618 713
618 619
618 620
618 622
618 621
617 718
617 714
617 715
615 718
615 781
615 617
615 616
612 781
612 615
612 613
606 610
606 609
606 607
605 611
605 614
605 610
605 606
603 616
602 614
602 605
602 604
602 603
600 620
600 621
600 623
599 619
599 603
599 601
593 608
593 595
593 594
590 608
590 591
589 609
589 607
589 608
589 590
584 588
584 585
584 587
584 586
583 609
583 589
583 584
578 582
578 585
578 581
575 588
575 591
575 587
575 586
572 592
572 574
572 573
567 570
567 569
567 568
565 597
565 572
565 566
560 596
560 597
558 596
558 560
558 559
556 558
556 557
553 623
553 556
553 555
553 554
552 625
552 553
550 628
550 552
550 551
546 631
546 632
546 548
546 547
543 633
543 632
543 546
543 545
543 544
540 643
540 646
539 639
539 643
539 638
539 543
539 541
539 540
536 654
536 537
536 1158
533 538
533 537
533 535
531 542
531 544
530 541
530 538
530 542
530 531
530 533
527 531
527 547
527 528
519 527
519 520
517 548
517 547
517 519
515 548
515 516
514 549
514 551
514 554
514 515
512 514
512 554
512 513
510 512
510 511
509 554
509 512
509 510
507 557
507 509
507 562
507 563
507 564
507 508
505 516
504 511
504 508
504 505
502 521
502 505
502 503
502 524
497 502
497 524
497 501
497 500
497 498
495 524
495 525
495 497
495 496
493 495
493 494
489 493
489 490
487 489
487 488
486 526
486 495
486 487
483 520
483 528
483 523
483 526
483 486
481 532
481 534
475 534
475 481
475 476
473 535
473 534
473 475
473 474
472 536
472 1158
472 535
472 473
469 658
469 659
469 662
468 656
468 658
468 469
467 653
467 656
467 655
467 470
467 468
464 469
464 662
464 466
464 465
458 465
458 459
456 479
455 476
455 477
455 479
455 456
454 470
454 465
454 474
454 458
454 457
449 452
449 450
449 451
448 456
448 479
448 452
446 478
446 479
444 480
444 446
444 485
444 445
440 445
440 442
440 441
438 450
437 445
437 447
437 450
437 440
437 439
437 438
435 450
435 451
435 1159
435 438
435 436
433 1159
433 435
433 434
428 430
428 429
425 443
425 426
425 428
425 427
423 443
423 424
423 425
422 441
422 443
422 423
421 485
421 491
421 422
415 492
415 417
414 492
414 415
411 412
410 494
410 490
410 491
410 499
410 414
410 492
408 409
408 411
406 499
406 407
405 500
405 498
405 499
405 406
403 404
401 402
401 1160
401 403
400 506
400 564
400 404
398 564
398 399
396 1160
395 564
395 398
395 397
393 395
393 394
391 393
391 392
390 568
390 563
390 569
390 571
390 391
387 571
387 389
387 388
385 571
385 387
385 386
383 574
383 573
383 577
382 576
382 577
382 383
382 579
376 377
376 380
374 579
374 382
374 378
373 580
373 579
373 374
371 581
371 580
371 373
371 372
368 372
368 370
368 375
365 369
365 367
365 366
362 369
362 365
362 364
362 363
357 360
357 359
357 358
355 360
355 357
355 356
354 366
354 355
353 380
352 376
352 380
352 354
352 353
348 380
348 353
348 351
348 350
348 349
347 379
347 380
347 348
346 379
346 347
343 384
343 386
343 346
343 344
341 386
341 343
341 342
340 388
340 396
337 1160
336 340
336 396
336 1160
336 338
336 337
331 1160
331 337
331 333
331 332
329 403
329 407
329 408
328 401
328 403
328 330
328 329
324 327
324 325
320 324
320 321
319 413
319 418
318 411
318 412
318 320
318 319
315 418
315 316
314 417
314 419
314 416
314 418
314 315
309 313
309 310
308 426
307 424
307 426
307 419
307 309
307 308
304 306
303 427
303 429
303 304
302 426
302 427
302 308
302 303
298 310
298 312
298 299
289 290
289 292
288 312
288 298
288 291
288 290
286 316
286 311
284 285
284 1161
282 316
282 283
282 286
282 285
281 317
281 322
281 282
279 321
279 322
279 281
279 280
277 321
277 279
277 278
274 326
274 277
272 326
272 274
272 273
269 270
269 272
269 271
265 334
265 266
265 267
265 269
264 266
263 335
263 334
261 335
261 262
261 263
260 338
260 261
258 342
258 338
258 345
258 260
258 259
257 344
257 345
257 258
257 349
253 351
253 350
253 356
253 358
252 349
252 257
252 350
252 253
252 254
248 254
248 255
248 250
248 249
244 256
244 264
243 255
243 248
243 245
243 244
241 264
241 266
241 267
241 244
241 242
238 268
238 270
236 270
236 238
236 237
232 273
232 276
232 234
232 233
229 276
229 1161
229 231
229 230
226 1161
226 229
226 227
224 285
224 287
224 289
223 284
223 224
223 1161
216 294
216 217
212 217
212 219
212 221
212 214
209 220
209 221
209 210
209 211
207 1162
207 208
206 222
206 228
206 218
204 205
204 1162
204 207
203 228
203 206
201 202
201 204
201 1162
198 230
198 227
198 199
198 203
198 200
197 233
197 231
192 197
192 193
190 234
190 191
190 192
188 235
188 240
188 189
186 246
186 240
183 246
183 186
183 185
183 184
182 247
182 246
182 183
180 247
180 182
180 181
176 250
176 249
176 179
174 250
174 176
174 175
171 359
171 358
171 174
171 173
169 359
169 171
167 364
167 169
166 364
166 167
163 166
163 165
163 164
161 168
161 170
161 172
160 165
160 164
160 162
158 177
157 172
157 159
157 158
155 178
155 179
154 177
154 178
154 158
154 156
154 155
152 179
152 181
152 155
152 153
150 184
150 187
149 181
149 151
149 150
147 187
147 150
145 189
145 147
145 146
143 191
143 193
143 194
143 144
141 201
141 1162
140 196
140 199
140 141
139 194
139 196
139 142
139 140
137 207
137 1162
135 211
134 208
134 210
134 211
134 137
134 136
134 135
132 211
132 135
132 133
130 132
130 131
128 213
128 211
128 130
128 129
126 214
126 213
126 127
124 215
124 125
123 216
123 124
122 297
122 296
122 123
120 301
120 295
120 297
119 301
119 120
117 306
117 301
117 119
117 118
115 304
115 306
115 116
114 304
114 115
112 431
112 430
112 114
112 113
111 433
111 432
111 431
109 1159
109 433
109 111
108 1159
108 109
106 461
106 108
105 463
105 461
105 106
103 462
103 463
102 663
102 103
100 663
100 102
100 101
98 663
98 100
98 99
97 664
97 661
95 664
95 97
95 96
94 671
94 673
94 665
94 664
92 94
90 92
90 91
88 92
88 90
88 89
87 94
87 88
85 836
85 87
85 86
84 880
84 835
84 836
84 85
82 882
82 881
81 882
81 82
79 886
79 81
78 888
78 886
78 79
76 889
76 888
75 918
75 919
75 76
73 918
73 75
71 920
71 73
71 72
70 921
70 71
67 70
67 68
66 1163
66 1164
66 68
1164 1165
1164 1166
1166 1167
1166 1168
1168 1169
1169 1170
1170 1171
1170 1172
1172 1173
1172 1174
1172 1175
1172 1176
1172 1177
1177 1178
1177 1179
1179 1180
1180 1181
1181 1182
1181 1183
1181 1184
1184 1185
1183 1184
1183 1185
1182 1183
1178 1182
1178 1179
1178 1180
1176 1177
1176 1178
1175 1186
1186 1187
1186 1188
1188 1189
1188 1190
1188 1191
1190 1191
1189 1192
1189 1190
1192 1193
1192 1194
1194 1195
1195 1196
1196 1197
1196 1198
1198 1199
1199 1200
1199 1201
1200 1202
1200 1201
1202 1203
1202 1204
1203 1204
1197 1200
1197 1199
1197 1198
1193 1197
1193 1196
1193 1195
1193 1194
1187 1192
1187 1189
1187 1188
1174 1176
1174 1182
1174 1178
1173 1187
1173 1186
1173 1175
1173 1174
1171 1175
1171 1191
1167 1179
1167 1180
1167 1168
1165 1181
1165 1184
1165 1185
1165 1180
1163 1185
1163 1165
1163 1164
64 65
64 1156
64 67
63 1166
63 1164
63 65
63 66
61 1168
61 1166
61 63
61 62
59 1169
59 61
59 60
57 1110
57 1108
57 1109
57 1156
56 1169
56 59
56 58
54 1169
54 55
54 56
53 1111
53 55
52 1170
52 54
52 1169
50 1111
50 51
50 53
49 1171
49 51
49 1170
47 50
47 1124
47 1112
47 1111
47 1110
46 1191
46 48
44 45
44 1125
42 1190
42 1191
42 43
42 46
42 45
41 1123
41 1125
41 43
41 44
39 40
39 1126
39 1123
39 41
38 1194
38 40
38 1190
38 42
36 1127
36 1126
35 1198
35 1196
35 1195
33 34
33 1130
33 36
33 1127
31 1201
31 1199
31 1198
31 32
30 1202
30 1200
30 1201
28 1129
28 33
28 1130
26 27
26 1131
26 28
26 1129
24 25
24 1155
24 26
24 1131
22 23
22 24
22 1155
20 21
20 1154
20 22
19 1204
19 21
17 1203
17 1204
17 19
15 16
15 1153
15 1154
14 1203
14 16
14 17
12 1151
12 15
12 1152
11 13
11 14
9 10
9 11
7 8
7 12
6 1150
6 7
4 5
4 8
4 9
3 6
3 5
2 1150
2 3
2 6
