49 109
0 1
1 0
1 1
0 3
1 2
1 3
1 5
2 4
3 3
3 4
3 5
4 5
3 6
5 5
4 6
5 6
4 7
6 5
6 6
6 7
5 8
7 7
7 8
8 7
7 6
8 5
7 4
8 3
7 2
7 3
8 1
7 0
7 1
6 1
5 2
6 2
5 3
4 2
6 4
3 1
3 2
2 1
3 0
3 8
1 8
2 7
1 6
1 7
0 7
1 2
1 3
1 4
1 5
5 6
6 7
6 8
8 9
8 10
10 11
10 12
12 13
12 14
12 15
12 16
16 17
16 18
16 19
16 20
20 21
20 22
20 23
23 24
24 25
24 26
26 27
26 28
28 29
28 30
28 31
31 32
31 33
33 34
34 35
34 36
36 37
37 38
37 39
38 40
38 41
41 42
42 43
40 42
40 43
40 41
35 38
35 36
35 37
32 43
32 34
32 33
30 37
30 39
29 34
29 36
29 33
29 31
29 30
27 39
27 30
27 28
25 27
25 26
22 25
22 24
22 23
21 44
21 23
44 45
44 46
46 47
46 48
48 49
47 49
47 48
45 49
45 48
45 46
19 25
19 20
19 22
18 39
18 19
17 44
17 21
15 16
15 17
14 37
14 18
14 16
13 15
13 17
11 12
11 13
9 41
9 38
9 37
9 10
7 8
7 11
7 47
4 5
4 6
4 49
3 42
3 5
2 43
2 3
2 42
