50 115
0 1
1 0
1 1
0 3
1 2
2 1
3 2
1 3
2 3
1 4
2 4
3 3
4 4
2 5
3 5
4 5
3 6
2 7
3 7
4 7
3 8
5 8
6 7
7 8
7 7
8 7
7 6
8 5
7 5
8 3
7 2
6 3
6 5
8 1
7 0
7 1
6 1
5 0
5 1
6 2
4 1
4 2
5 3
5 4
3 0
6 6
1 8
0 7
1 7
1 6
1 2
1 3
1 4
1 5
5 6
5 7
5 8
8 9
8 10
10 11
11 12
11 13
11 14
11 15
15 16
15 17
17 18
17 19
17 20
20 21
20 22
22 23
22 24
24 25
24 26
26 27
26 28
28 29
28 30
30 31
30 32
30 33
30 34
34 35
34 36
36 37
37 38
37 39
37 40
39 41
39 42
39 40
42 43
43 44
41 45
41 42
38 45
38 41
38 39
35 38
35 37
35 36
33 46
32 43
32 44
32 40
32 33
31 37
31 40
31 36
31 34
29 33
29 46
27 46
27 29
27 28
25 27
25 26
23 46
23 27
23 25
23 24
21 47
21 22
47 48
47 49
49 50
48 50
48 49
19 20
19 21
18 50
18 49
18 47
18 19
18 21
16 17
16 44
14 50
14 15
14 18
14 17
13 43
13 44
13 16
12 42
12 13
9 10
9 12
9 11
7 41
7 42
7 12
6 45
6 41
6 7
4 5
4 8
4 48
4 10
3 6
3 5
2 45
2 3
2 6
