1000
536870911
387420488
244140624
362797055
282475248
134217727
999999999
214358880
429981695
815730720
105413503
170859374
410338672
612220031
893871738
63999999
85766120
113379903
148035888
191102975
1000000000
1
2
3
4
5
6
7
8
9
10
11
12
13
14
15
16
17
18
19
20
21
22
23
24
25
26
27
28
29
30
31
32
33
34
35
36
37
38
39
40
41
42
43
44
45
46
47
48
49
50
51
52
53
54
55
56
57
58
59
60
61
62
63
64
65
66
67
68
69
70
71
72
73
74
75
76
77
78
79
80
81
82
83
84
85
86
87
88
89
90
91
92
93
94
95
96
97
98
99
100
613078651
723922852
976269820
47028665
63553695
602944646
296609675
700724436
266104962
975482902
446758293
402678650
554548759
837158744
380975487
952449515
400083768
243960962
926112380
260583162
791343009
80292232
187657502
819839702
735090170
861601920
392166653
145066006
64746595
10094263
788285953
923704538
285387976
578349244
514665039
634231995
637031480
300899939
396212638
963692034
691575926
942425555
413872125
120662420
449725788
705996382
422001917
552260564
823447041
564577628
705225699
273761083
924691145
371199923
185638386
675547153
658240209
103282540
665967477
345092571
106081324
310411390
787023765
311194541
400184109
695435630
195346687
836339300
274929606
135607195
806976560
910581847
460728946
315411320
370004523
687168068
630059218
932040317
204674168
385791258
200896258
3526171
931016300
659847541
911788790
218331862
644520663
369867087
697001800
62861431
914559272
911403187
457739009
648128202
809061716
645603315
763320439
203100992
810157426
247443965
514191685
459776771
631248331
665089917
892379424
530656578
794681739
412245624
364348503
794485949
189688045
531064262
539425046
772444470
668686846
498200379
134438140
161757552
883606182
272267125
126001091
558703723
819352178
643089171
853303871
755046153
152240623
544579411
354621407
779104224
913786359
578608420
864747421
91427201
876599379
259677480
700833440
457053460
162550097
211028295
344337841
707279128
501474306
104506288
262146089
573615851
426155607
832204159
271272706
303436231
886532916
394210449
40113295
117606756
225327781
493402498
310751121
433080652
254855966
79426739
364826750
334659337
388211336
483108922
219565789
746698500
882104298
462473986
735996405
20197619
875488070
145629795
53749797
383685840
311923299
191338357
605728936
453194357
828987523
932346527
7717938
490343938
911866997
627205198
875986255
131956308
924772228
560892621
600810038
406589537
673524348
411825997
451145918
477082289
642902414
827511551
883720214
804729804
833125765
998170601
719955291
912451133
227765312
775285971
488082662
201673221
736081043
591693257
792975016
395712566
747276710
328726360
592013170
438144603
805290599
11777901
334548052
931534111
989624274
92965491
43364071
121092360
210667474
774540731
579433054
502222494
55407353
962920316
225337662
628590514
630698632
212564579
757693275
621750749
572374582
953883490
742372717
690249050
799986938
92215971
819707118
462523623
440352369
535502645
278659950
185810732
425978377
312382451
480341729
217666506
274063650
991920170
301186560
615383427
296236469
433875030
59687202
531303795
325370397
440561859
249399029
55491622
957618031
333635226
823887067
786163990
145081313
250360608
998787855
750298299
883584882
430861017
859159867
72084781
596104640
283334371
957230765
699746794
850968998
597787965
351872508
770327806
657316609
112266974
829615205
809550979
718059552
501522440
806754357
536952352
71774552
90213940
364831974
536525501
220786870
909151163
69757374
782191929
94537716
88738698
737325460
574083429
166388619
141433247
41282450
741479157
619526222
860147706
878424399
869556935
457636470
420138452
493823272
846854842
889463383
819002114
848604060
173711116
773580796
106769639
108478505
304576713
911448049
24321521
459969582
873493965
938996769
81031958
639031056
839628270
35255389
843627473
977875566
162589895
197862434
482096071
800575601
814067909
74329670
302996131
313232801
683088603
670731032
132704920
148044843
332491008
746844691
582493982
204529552
61564344
414171188
266396568
871354879
412996903
29958225
481860569
482693640
33636767
104763326
275521433
653845348
903257236
188451144
925725192
958083632
347784152
810881277
529035629
226120368
390806970
456533659
625863702
666229449
511812449
708336168
82203231
659784201
195513957
449544991
212702222
881510561
341682210
878903462
594029349
811619621
280432077
170781892
679441992
883397019
552609887
21300153
865006258
215253196
999449833
895203746
901278619
746541747
275349205
805148953
65722104
242609439
754849949
268017056
963306259
776042613
150193556
479821308
44521181
860370259
414127711
683825294
144017257
585008293
782024667
31713444
967793715
767882086
523954281
541174261
174384431
543062434
82519704
611867387
78758086
568967930
348985598
768123812
889589476
341749894
724786493
200903807
8193015
363138915
574073948
329425397
828764142
616390658
166831428
113751317
997208414
228316653
66310577
701395191
539399813
863051693
418485189
508019001
385586573
8397678
792761161
751575979
114761001
840248091
917890060
453294187
222333242
609198751
855736675
294276763
396197347
134024072
443358254
786618780
160523104
572116943
542536078
540923120
221866968
799918921
256126717
159272002
642827710
616077327
580967239
744871010
140056809
177907981
420234557
225214053
952152094
695899513
850293093
713110773
20904413
934899681
827277594
163637231
436641316
249476492
185391178
827677218
208152132
474621493
70900855
533291058
650453193
162111194
463807322
332624323
658309609
174430509
888194274
582972285
264166606
714441008
557085822
178366032
383061191
477905846
577695338
890353185
135707732
81185137
764293628
263576175
714926179
375810246
245494868
664897534
679013740
178016352
887602228
115047924
303173621
95623759
704773046
310433899
448799049
21677325
873101373
243347378
420459272
905469975
613832321
22205520
207974536
582307904
773508474
597666771
830212806
724371742
991746064
155886501
803021917
437102404
426145125
467622772
151005930
997739802
14138716
32410872
114006931
105657111
457065834
891069531
368771467
821356402
839151605
567701067
54918524
777149091
736324741
178469888
325030036
530578903
463093276
553519111
403615269
655384702
948902923
434565631
815035311
8102002
450834071
699018427
779532608
193093285
482887046
588655176
77404623
865188682
173797724
635755819
252331232
481674274
361195603
920402421
8705677
717866191
728193136
998477715
531384904
708222991
809884421
185768616
959312903
26677065
274194164
65402157
143347072
564716530
766368157
193609954
814009458
504906263
285676461
149911935
228489281
709591192
944997633
11618112
491424235
22665432
839397170
406345831
686493700
817419680
532246858
315294164
863648478
222632234
744308975
350390335
448443739
672759013
865843073
324625841
380108500
623622130
494086754
164711286
423838279
110429560
536217411
902981795
662748136
628935629
997792237
936455285
687571147
205676464
781726246
423389169
527903037
637955113
58938203
792773936
973960236
637519896
338459178
165786125
677450699
979018186
452523206
905842711
292049182
296719976
885179393
952727450
894754063
307098371
519487152
362192234
212858480
830797555
292617578
773538848
793348728
458997989
601938753
737639408
338625284
240892041
854769799
580279475
641559274
204760821
446361423
854296318
439936774
245535269
879186586
511779518
156136413
85934045
333589310
28166451
653173217
465109706
798281795
749109118
48708145
397424990
870043056
130401466
275594486
388408740
732178672
702667554
288938233
153414816
931631792
596996415
29248505
435658612
107216194
86769609
653508818
163316120
508224161
826788107
186426808
478245342
536926433
603794993
361571774
448360811
103260062
564320164
952269242
616699928
105369462
454647627
115880156
850671699
531929363
26042270
232669492
578068039
342701154
49481422
791121909
839532314
687010916
624336372
558751160
674741888
249339105
319419330
52485488
336125792
689777413
234690217
110771716
216296075
210021400
786947159
325964558
677666591
590479936
549911389
308892531
671200880
716296576
377872494
823975098
116023400
775899845
453318532
847953336
1830698
975891302
814538491
26177538
475841240
8681232
431709149
462228770
842821739
124402437
514974085
888335525
103831155
890266697
246890434
17343064
936256824
287993023
772100394
229659299
955653655
960584886
402361911
984371164
549752328
874653002
284181934
249500344
204885871
901138323
272257045
389336403
163221301
244938035
831638361
509847492
202446202
864747403
392624449
695103215
495836945
149746544
66327212
615576953
63946214
441126060
541235252
777611478
238836667
487224147
23696345
56653613
926463266
627326947
693973110
728758962
429350533
735311873
438280663
29035099
166785570
339032077
928656380
421393730
633898082
267877111
527383756
127574660
607109083
291956780
421047564
657550487
587015590
565914613
278629979
482054268
979737244
916612239
981523385
347707679
442698842
769913960
274557113
171331166
32827451
199257306
209989120
870471138
112428546
54211247
508922808
434191483
838911072
856642229
292147632
740887393
131065760
913288853
710110771
724814456
992054187
257864663
363353668
289156825
408230405
572740219
156430086
362011559
630349744
958138762
297526683
882851633
47752160
29666659
575665423
756924009
575290917
637956160
290696879
