500 5082
324 260
411 143
487 367
487 74
328 148
282 367
112 53
221 273
153 182
139 247
218 277
78 51
422 159
153 334
148 468
150 111
371 129
79 265
478 90
334 332
412 388
188 157
18 1
13 210
76 419
191 11
7 323
265 58
470 329
89 151
200 14
142 56
19 487
139 482
49 272
137 486
254 365
204 238
369 357
248 291
247 248
352 34
409 448
51 234
431 229
31 471
267 471
139 19
65 265
174 398
466 490
65 241
79 65
278 436
180 271
467 371
295 124
225 189
88 35
73 249
299 282
112 159
105 244
14 125
100 66
319 133
154 105
323 380
355 477
59 346
112 51
295 291
435 16
17 390
440 491
17 487
211 15
71 380
200 38
382 88
53 159
420 320
207 466
299 107
159 375
53 51
56 375
95 25
181 212
167 318
254 422
174 350
248 299
242 236
367 270
343 297
320 46
142 23
451 337
24 309
115 394
12 14
471 431
73 87
345 178
146 445
202 415
194 435
212 457
327 204
61 489
447 125
413 247
132 256
493 125
325 492
426 110
6 234
478 338
459 128
286 145
467 479
329 241
49 314
95 482
266 478
51 398
355 151
92 331
322 237
383 75
216 174
314 270
69 243
284 219
334 89
222 182
212 270
360 239
286 177
147 231
49 482
9 99
271 410
88 51
132 29
342 193
357 193
179 384
57 157
212 299
270 96
254 240
360 186
423 174
365 422
31 375
96 247
452 117
95 314
398 134
139 104
129 479
85 307
71 322
485 188
170 491
430 473
350 431
255 183
368 309
96 104
14 110
255 420
152 20
412 372
124 335
124 105
222 476
328 312
334 477
224 336
100 312
214 104
437 35
351 39
37 42
350 26
38 14
19 387
439 154
214 341
200 447
17 161
456 189
319 475
304 121
212 321
431 375
378 29
154 413
176 371
122 401
171 292
134 53
187 177
379 235
139 270
459 136
419 73
441 269
107 105
489 179
153 126
110 102
11 321
351 236
359 24
270 214
394 280
121 97
469 401
295 341
157 205
159 56
390 345
148 292
283 159
474 68
263 107
488 444
412 101
300 251
420 473
356 410
5 344
146 186
391 308
9 360
23 229
414 406
59 83
500 55
306 151
476 168
487 295
214 191
488 142
382 431
436 308
291 49
405 268
44 106
380 373
279 236
107 246
209 453
16 211
23 43
333 410
268 371
451 253
182 355
36 271
311 162
83 402
82 474
472 81
125 101
419 484
38 103
192 104
360 99
484 266
57 372
324 1
473 21
49 192
123 260
398 88
247 181
186 109
67 492
363 406
473 46
70 118
282 248
47 220
73 48
400 266
413 104
437 423
365 437
197 80
437 229
181 263
294 319
105 270
154 482
31 43
480 121
291 252
157 424
135 129
220 478
396 360
43 51
9 491
456 229
392 261
14 103
194 320
92 49
321 107
45 238
475 325
243 368
281 481
170 326
48 452
202 33
251 182
314 272
154 272
136 17
489 71
329 58
229 398
62 401
277 263
267 437
142 134
64 111
89 162
267 23
457 92
104 291
441 178
132 168
245 47
485 478
129 94
499 392
212 247
89 303
467 405
96 218
70 393
355 334
387 299
23 26
218 299
400 478
154 49
396 146
84 360
172 230
487 96
470 377
461 109
139 282
479 293
259 461
144 179
229 290
112 437
32 18
74 65
451 177
373 480
74 27
485 484
43 88
263 331
263 192
273 475
62 364
218 439
479 94
128 269
104 105
478 245
241 79
497 111
475 185
318 427
141 393
295 434
493 110
378 303
403 60
410 109
391 345
472 224
186 99
384 233
208 395
143 41
11 212
277 95
95 248
53 423
11 487
340 81
478 108
442 393
222 151
213 398
128 284
27 496
131 70
432 297
484 188
271 461
84 410
360 410
456 78
435 86
326 16
51 142
42 399
401 275
251 294
370 73
140 164
277 107
342 366
377 329
367 212
112 174
353 472
493 103
499 117
87 370
404 306
417 202
181 291
306 182
95 434
434 92
19 272
187 353
482 263
108 220
17 391
341 218
330 18
166 103
2 413
334 162
244 49
264 260
262 33
388 14
336 451
411 91
291 387
323 39
375 8
308 4
181 246
468 37
323 71
344 419
78 216
11 482
20 311
283 142
335 263
132 126
422 35
11 277
276 269
60 73
220 485
160 258
257 73
87 60
254 23
283 78
283 227
201 330
257 87
350 382
277 272
355 29
102 389
2 191
292 66
182 300
322 302
367 272
234 8
304 373
315 170
378 334
278 136
372 223
329 496
21 494
367 149
54 402
335 361
240 456
194 473
418 265
174 437
311 168
367 104
439 252
23 274
412 38
123 330
255 46
205 419
474 460
457 321
259 410
12 103
256 126
225 431
377 433
280 113
213 350
191 25
430 465
274 112
321 299
254 31
305 111
2 295
336 116
53 437
126 477
216 274
144 373
208 464
373 322
56 229
457 244
247 321
267 35
477 311
110 198
256 182
254 398
82 253
17 298
303 404
19 218
367 74
146 36
122 309
146 449
11 247
92 107
499 73
323 480
79 418
351 466
224 235
359 364
382 274
80 220
321 19
260 313
240 398
160 226
35 213
113 301
413 387
459 391
151 152
305 441
436 305
488 6
50 310
443 59
371 138
272 321
246 244
314 335
434 321
439 263
213 189
478 392
254 456
19 96
6 437
212 291
282 321
274 78
370 22
456 382
214 95
59 54
425 414
104 107
26 174
362 63
367 241
176 138
19 181
244 11
401 316
104 321
134 365
274 240
286 379
138 479
5 22
477 162
191 19
41 334
252 49
339 338
375 35
221 376
418 433
408 468
362 280
283 383
401 359
23 213
300 475
305 269
446 69
350 189
475 182
247 295
212 218
1 340
216 240
321 367
487 244
305 212
429 30
149 241
6 43
11 434
314 482
159 398
367 361
17 269
348 451
340 472
291 263
398 56
53 488
286 337
304 163
335 11
356 146
313 32
9 461
104 361
305 280
217 319
284 178
247 95
318 250
216 56
192 282
130 84
283 365
93 294
398 437
212 19
412 426
377 487
59 369
174 488
41 89
187 253
93 217
476 89
152 153
179 302
196 498
492 165
335 246
31 274
265 487
105 25
224 81
439 341
303 132
288 349
219 269
228 323
443 379
272 2
204 45
393 349
252 181
146 15
113 427
469 260
295 154
56 189
237 163
475 67
252 124
156 403
460 379
331 214
181 335
159 213
192 270
366 59
201 193
295 11
123 324
478 73
149 13
422 189
274 229
106 130
437 471
390 269
341 191
278 276
353 116
334 303
54 1
69 338
29 306
105 95
194 494
20 476
216 35
499 452
214 25
212 119
194 420
367 11
125 110
52 207
365 456
314 413
295 96
59 81
25 277
355 476
399 281
423 8
265 496
103 447
45 420
348 474
56 437
270 321
87 419
2 482
235 348
35 159
454 409
104 457
391 127
174 229
485 296
362 427
45 46
331 95
322 97
360 445
419 478
277 291
495 426
434 361
167 362
160 100
388 38
266 47
388 372
338 401
344 48
423 456
104 247
165 438
254 382
153 306
319 300
146 211
495 12
6 350
159 240
324 32
183 238
88 423
121 380
252 487
460 187
139 331
397 448
174 23
221 492
64 427
165 319
308 345
400 188
493 495
2 487
43 437
95 341
65 172
102 157
105 212
25 341
303 29
177 235
317 325
310 232
181 439
103 223
440 239
197 188
235 59
41 256
77 371
23 456
293 94
212 387
482 181
327 473
439 95
64 301
195 61
431 174
366 201
350 267
413 270
439 105
107 335
398 365
246 96
205 188
130 500
456 437
13 470
246 282
266 157
457 270
154 214
252 95
350 78
182 232
475 93
270 252
230 65
276 441
199 70
83 1
489 237
200 388
229 283
365 112
216 422
212 462
88 422
180 396
78 229
177 145
415 409
303 168
391 161
292 226
163 323
385 455
475 317
495 160
230 149
311 306
20 153
349 486
43 365
267 213
272 244
367 96
291 244
56 88
476 182
83 313
470 230
302 373
213 43
128 278
230 79
342 488
346 123
43 431
270 191
159 78
475 165
341 367
343 52
222 41
480 384
320 183
362 301
327 435
152 132
181 413
112 8
92 270
287 24
124 19
439 104
176 268
139 291
6 88
92 367
272 291
24 446
43 283
23 35
104 154
377 230
375 398
491 186
332 306
342 324
65 377
331 247
59 193
107 181
284 4
154 124
477 20
492 376
225 267
107 387
229 375
103 110
192 25
2 457
213 112
186 440
247 154
150 427
297 497
167 64
263 387
259 360
94 138
334 151
286 353
92 212
192 413
299 154
3 42
204 46
375 225
154 92
59 201
421 203
487 154
53 274
171 100
361 341
305 390
192 107
466 206
323 84
380 61
203 15
335 139
170 435
59 287
465 146
341 299
314 105
480 61
179 304
436 276
135 405
58 487
54 340
314 487
408 164
87 344
139 439
357 54
382 51
234 365
491 99
360 146
10 403
48 403
66 171
291 247
413 439
195 72
330 402
431 254
465 473
59 32
286 224
252 2
378 411
365 216
24 338
389 57
8 398
299 181
260 24
351 7
95 295
490 52
491 84
184 409
132 355
368 401
431 267
19 95
312 160
396 109
306 355
32 83
370 452
332 151
351 242
435 203
259 36
42 173
361 139
422 431
419 117
51 56
260 357
149 329
99 109
205 47
348 116
396 84
173 463
320 255
461 396
35 398
312 258
242 279
109 180
323 179
436 115
212 413
315 15
58 65
178 136
11 96
460 177
457 282
362 497
342 201
322 384
56 26
114 39
291 96
406 425
157 296
20 151
498 143
487 270
15 449
147 137
422 350
79 470
457 107
372 447
489 323
226 66
19 341
187 472
179 373
495 14
254 234
60 478
373 489
224 353
244 25
67 319
267 382
247 25
10 117
433 27
362 250
441 390
306 222
179 343
117 344
148 160
17 128
282 214
259 239
107 49
440 99
214 457
253 337
343 207
11 361
261 90
318 150
59 340
443 353
72 233
128 436
336 340
406 77
371 288
299 270
169 409
378 50
497 307
163 195
11 263
100 148
88 283
379 145
323 195
462 158
134 240
267 398
312 408
190 264
58 377
24 469
311 332
253 443
436 301
256 162
271 440
182 93
11 457
299 246
240 375
445 396
274 365
470 149
233 322
245 484
398 471
424 372
336 379
431 35
159 23
135 268
26 365
195 480
229 88
481 453
348 460
469 359
267 375
335 214
482 105
11 252
309 338
126 182
104 270
135 293
256 378
402 346
451 82
267 422
281 453
328 66
361 487
372 101
387 192
24 316
436 394
376 317
454 415
469 175
391 136
387 434
88 134
273 325
392 60
205 478
126 222
256 334
309 358
431 26
181 49
495 103
435 238
463 399
224 337
478 5
476 378
361 299
260 59
387 439
366 83
157 372
289 100
340 83
237 343
19 105
362 113
323 207
169 454
378 355
216 382
31 174
434 248
457 439
11 248
254 88
9 180
107 214
240 142
470 418
149 265
96 244
59 357
124 248
216 88
124 92
210 27
16 146
88 225
367 277
291 335
302 436
142 456
74 13
153 355
107 282
149 58
41 29
472 336
114 207
314 244
393 464
191 96
482 413
95 457
395 464
269 284
115 113
443 286
422 488
183 46
219 436
257 5
6 254
241 265
482 212
161 305
174 422
181 321
212 252
318 280
39 84
262 393
11 25
105 252
291 367
118 33
24 347
105 181
195 489
114 490
56 134
247 49
487 241
92 181
191 124
177 224
213 174
267 423
222 311
64 362
245 220
248 139
234 23
248 321
9 333
384 144
128 308
351 343
162 126
19 92
449 16
336 187
133 475
37 325
308 161
144 97
97 72
285 203
22 87
457 487
279 84
278 127
127 441
436 250
95 387
393 395
185 325
172 470
361 331
413 434
379 337
364 275
482 191
402 342
462 298
133 93
477 306
282 96
283 267
41 306
277 295
378 196
98 494
472 337
371 147
322 163
51 456
375 142
153 162
488 254
59 24
135 371
328 258
221 381
291 95
330 346
22 344
331 246
337 59
13 79
410 239
324 330
54 313
487 104
315 435
182 50
178 17
11 331
321 335
139 272
246 321
270 107
296 245
133 300
35 234
210 487
201 83
89 132
382 174
108 245
247 19
210 418
19 277
403 22
386 110
122 243
194 327
149 210
32 193
239 186
305 345
192 341
84 259
60 370
105 291
482 107
298 119
340 313
139 321
331 457
139 487
11 387
56 365
459 4
240 234
95 361
337 177
341 139
279 466
114 242
348 353
387 457
323 114
197 220
301 280
446 243
119 487
464 184
270 439
72 384
184 429
403 249
265 230
439 191
317 492
48 22
367 418
460 336
282 361
162 303
224 116
255 194
340 474
378 126
207 7
343 432
53 350
285 449
335 277
402 313
292 408
431 112
498 416
25 107
466 242
174 88
341 413
422 8
67 165
171 408
437 26
170 449
272 218
97 304
96 263
233 163
124 25
124 95
431 31
311 151
354 479
477 89
218 387
413 95
31 189
394 113
6 267
100 226
335 244
78 174
491 146
167 497
145 460
49 439
275 264
181 387
33 464
235 474
216 488
273 381
205 266
154 331
78 88
348 379
18 123
478 257
149 172
491 421
182 20
234 274
209 281
174 267
4 391
56 78
338 446
115 497
435 449
229 227
136 4
134 159
403 392
26 216
74 230
146 421
397 455
33 184
97 233
26 8
225 213
423 398
376 475
192 457
341 181
4 345
120 24
182 41
414 199
458 483
327 98
469 275
440 333
59 324
493 166
51 189
321 277
480 237
472 443
338 120
187 116
189 78
236 207
343 490
189 134
71 304
136 276
438 185
49 2
320 21
107 413
480 97
418 74
387 487
478 117
84 207
248 214
442 395
26 422
427 250
138 340
405 94
152 29
418 487
99 271
168 404
181 191
277 341
487 181
335 49
373 163
179 71
6 423
272 331
53 234
342 346
283 6
368 338
409 202
28 157
33 417
295 387
244 341
490 236
434 291
2 335
66 495
447 14
319 492
200 412
280 150
83 18
191 104
13 172
211 285
229 234
254 8
212 439
270 247
210 265
387 361
343 114
495 200
192 191
302 72
63 427
437 31
98 238
487 192
335 367
271 109
220 157
40 24
284 136
138 268
500 228
187 286
451 353
275 316
300 294
278 308
340 253
60 117
32 369
285 491
439 314
305 115
435 211
487 27
251 93
354 176
189 159
341 331
244 295
40 347
161 441
98 46
212 139
25 487
252 19
425 262
302 304
53 43
434 270
8 142
325 173
270 361
68 138
56 350
460 235
396 333
193 366
305 459
377 74
128 276
246 247
146 285
313 18
452 403
118 262
49 331
211 203
253 286
123 83
92 439
117 370
430 146
258 148
411 416
267 365
295 192
2 124
183 420
154 252
339 243
135 176
333 356
229 142
216 350
404 132
364 264
120 358
94 135
289 328
328 160
105 341
36 84
114 206
26 134
291 487
380 384
373 72
434 191
240 431
110 166
54 32
169 184
192 124
168 89
461 239
265 74
336 177
317 185
61 163
440 146
401 190
350 225
253 474
386 157
124 218
145 451
206 84
113 497
259 491
269 4
302 85
12 110
274 422
326 15
97 489
157 400
197 485
335 439
41 153
425 33
257 249
402 340
6 456
241 470
81 353
470 433
25 92
434 487
51 213
145 116
272 457
298 212
192 181
259 9
219 391
464 442
212 335
488 43
252 282
301 250
195 373
127 308
366 313
361 124
255 45
353 460
283 471
407 160
212 248
282 387
347 287
28 57
78 112
244 218
178 459
58 367
121 237
73 22
295 246
142 350
366 402
25 282
343 121
462 119
65 13
284 441
257 403
437 23
98 45
313 324
380 302
112 422
375 216
319 93
187 82
403 499
191 331
61 179
367 210
387 272
231 77
97 380
302 121
35 382
230 241
387 104
218 282
459 345
343 466
392 73
43 382
240 78
250 113
31 112
283 254
8 382
379 451
350 229
319 378
255 98
270 331
123 340
92 361
225 471
128 345
493 412
128 178
84 228
223 388
146 239
476 151
314 282
142 78
243 120
110 495
61 97
270 263
385 184
21 435
122 120
50 232
362 115
291 192
96 92
270 95
23 6
235 451
213 365
437 488
214 361
489 480
111 115
154 25
109 84
365 23
353 59
198 447
218 192
311 303
439 361
80 419
25 272
396 271
452 22
342 1
233 61
151 153
351 114
234 471
380 237
234 267
78 431
67 185
431 456
442 184
477 29
198 101
260 330
438 273
242 39
357 330
392 87
154 11
278 161
305 167
365 51
42 325
350 134
269 136
12 447
125 388
495 171
392 10
139 277
198 426
475 381
280 497
178 276
154 2
80 188
308 136
162 151
152 378
303 476
270 272
419 485
58 13
413 214
223 101
264 469
322 195
216 142
244 282
105 277
158 298
434 482
19 192
163 480
96 272
59 402
357 18
223 14
49 191
477 404
422 134
365 375
421 449
471 35
78 6
314 218
154 341
144 121
223 493
54 18
487 214
423 375
497 150
192 139
182 334
451 116
254 134
67 325
434 192
272 124
153 168
436 111
311 29
131 425
55 323
344 60
445 491
299 49
63 497
255 494
337 145
277 96
103 426
331 244
482 25
301 305
265 13
319 381
144 480
437 382
201 32
189 382
83 369
241 433
423 26
107 341
496 433
276 219
123 342
412 12
62 264
260 347
469 316
26 240
445 186
214 246
367 49
223 200
487 246
336 82
82 116
84 180
425 118
9 146
445 36
124 247
65 487
246 92
156 370
353 235
241 210
17 436
281 173
236 323
147 428
263 413
108 296
358 401
467 354
23 488
256 311
329 79
343 450
87 10
419 188
456 174
340 116
169 415
422 53
33 70
195 233
252 96
6 53
147 406
494 45
97 71
474 293
315 211
230 496
179 195
321 252
154 277
51 488
355 222
191 457
334 132
234 159
226 408
377 265
373 343
375 43
368 122
337 348
299 247
436 497
113 305
218 482
355 126
436 284
237 302
240 8
487 321
44 323
317 165
282 95
314 11
154 270
259 146
302 497
192 2
366 54
53 189
433 230
279 52
25 212
117 257
487 215
234 225
276 17
92 248
330 83
25 218
415 374
440 180
124 321
293 405
114 279
305 219
461 360
225 112
51 26
229 31
299 25
63 436
197 157
214 124
413 218
340 451
88 365
314 96
163 384
282 247
325 319
96 49
20 132
330 32
471 78
212 295
145 235
104 272
65 27
59 18
175 260
182 477
443 336
19 244
191 92
329 172
8 134
318 305
252 92
350 88
260 18
436 167
456 422
496 149
187 340
323 384
9 440
47 484
329 65
155 91
134 174
212 272
156 344
472 253
194 98
490 84
54 260
457 25
219 441
183 194
482 439
97 163
63 301
283 225
59 336
11 282
123 32
413 49
478 188
295 272
238 21
244 263
173 37
127 161
337 443
426 166
229 383
248 96
316 175
478 370
340 193
214 272
308 269
367 192
325 281
335 92
117 48
358 338
387 139
40 287
28 389
224 474
152 303
255 21
431 398
487 191
238 473
413 124
23 283
318 436
189 471
355 404
34 37
314 367
342 340
363 141
434 104
36 356
107 247
180 239
98 435
277 252
357 402
308 219
258 292
7 242
49 487
497 450
31 159
80 47
401 175
212 434
252 192
111 362
357 324
219 161
89 153
105 247
146 180
88 267
225 229
1 201
184 397
438 381
164 34
123 366
32 366
339 358
431 88
43 229
23 350
369 324
109 36
471 43
262 406
491 16
14 412
263 434
258 289
407 328
56 213
351 323
129 405
239 271
247 341
406 428
365 225
252 263
348 224
432 307
172 367
223 426
413 331
72 121
330 313
474 443
179 121
104 299
408 100
367 413
202 374
100 292
226 258
384 373
207 490
198 14
471 142
24 264
471 56
101 103
239 491
80 296
467 268
150 436
282 335
451 81
162 132
2 439
500 44
56 6
284 276
477 168
11 104
295 457
266 245
7 206
439 282
152 162
132 222
149 65
400 484
369 366
2 96
294 475
88 240
72 489
47 419
149 377
20 29
375 51
498 378
181 124
244 181
287 260
367 265
96 212
488 78
56 43
23 240
423 225
183 473
125 103
378 332
470 367
2 107
321 413
472 379
311 182
23 375
350 43
249 48
257 452
491 55
391 284
210 58
99 84
164 468
244 92
440 356
492 438
274 350
191 335
488 56
179 233
139 92
274 134
33 131
8 159
418 27
246 434
177 472
354 129
299 291
324 366
331 105
213 254
225 35
278 4
318 63
18 193
151 132
166 372
126 89
222 334
305 4
262 414
58 433
254 437
185 273
248 295
234 78
124 277
477 222
49 214
247 367
306 334
105 335
321 95
302 480
422 213
282 295
367 27
170 421
435 420
95 367
65 433
404 311
429 455
240 51
240 471
327 420
148 110
488 91
33 169
335 218
182 168
409 397
244 439
196 41
39 7
241 27
31 134
112 471
497 394
45 473
166 198
111 113
434 139
19 214
479 268
229 254
422 225
419 156
401 120
41 303
476 126
496 13
305 362
296 205
4 178
213 382
379 177
433 367
105 191
269 436
478 22
218 139
248 192
210 230
277 282
423 35
85 432
291 246
219 4
51 159
299 105
150 113
429 433
272 246
282 181
93 300
433 13
214 192
274 283
435 430
343 279
88 375
484 108
413 335
168 332
487 329
289 160
388 110
222 89
240 382
474 116
182 310
461 440
327 320
96 124
148 226
348 81
386 102
60 5
107 124
124 457
435 320
305 63
350 159
212 487
184 374
2 367
242 343
185 165
299 482
494 420
286 340
192 299
112 423
369 260
25 104
2 104
181 367
376 438
445 239
92 263
456 31
81 82
162 476
321 341
314 457
355 20
109 491
257 48
121 233
170 285
11 2
253 353
14 372
52 84
87 452
299 277
107 19
256 303
92 387
302 297
3 399
439 291
95 104
381 185
248 107
146 86
443 116
375 471
186 333
274 142
234 422
447 101
242 323
434 124
259 445
52 323
8 88
229 213
303 306
88 213
36 186
244 482
157 478
191 321
434 341
497 318
186 259
260 40
443 82
244 192
183 435
478 261
152 89
272 92
19 104
265 172
330 340
49 341
6 112
42 281
106 55
53 88
213 375
404 256
497 432
95 192
491 106
394 150
299 96
195 71
32 340
269 161
432 450
271 360
439 248
343 163
151 256
184 208
142 234
121 384
154 321
6 31
271 333
45 183
401 446
395 33
260 402
140 34
158 487
136 436
302 323
295 105
457 247
33 409
95 107
96 321
284 305
96 214
482 124
193 260
23 398
88 31
322 72
61 343
31 422
384 97
195 302
83 346
488 382
15 491
152 404
447 493
24 175
7 52
309 401
127 128
80 478
288 293
214 218
367 429
212 282
435 285
142 365
130 55
284 345
365 423
200 125
351 490
326 285
240 423
99 36
75 290
370 499
301 111
31 213
386 28
388 12
387 321
422 437
295 181
406 70
178 161
499 249
469 364
51 6
20 378
471 6
361 291
213 471
494 320
496 65
207 279
367 244
412 125
89 29
149 27
1 357
53 31
15 435
382 6
390 436
367 496
355 168
387 314
198 38
348 145
274 431
34 468
35 240
218 361
219 390
283 350
218 270
139 244
51 437
80 485
278 441
322 179
240 350
314 331
423 23
99 445
487 282
355 332
216 134
110 412
282 482
220 205
456 350
319 232
357 366
272 181
409 374
337 82
62 24
220 188
145 253
82 353
493 388
486 406
127 284
189 8
174 375
369 330
132 476
248 191
395 184
377 367
60 419
392 5
234 456
345 17
270 2
218 105
213 53
356 259
479 371
56 283
274 6
324 83
260 201
306 152
112 189
254 142
353 145
348 187
445 9
12 198
207 206
34 408
369 201
426 38
412 103
331 19
159 142
484 197
447 426
461 356
134 35
494 183
116 286
313 1
155 488
230 329
41 126
222 152
273 492
247 361
37 3
53 26
5 370
417 374
181 2
207 242
488 41
229 488
193 330
174 274
17 308
495 258
459 436
104 218
406 371
256 222
343 7
431 142
266 485
191 314
494 473
235 472
310 378
233 237
321 331
459 276
317 221
272 107
219 136
254 159
378 143
246 457
371 405
219 128
342 83
372 493
327 238
455 409
340 348
69 401
77 147
350 35
332 153
250 280
491 435
290 383
275 175
47 108
388 198
312 407
6 398
4 128
387 49
423 51
103 198
30 433
344 257
355 311
9 84
154 191
41 332
324 340
279 206
56 274
293 371
5 10
195 144
95 244
422 398
153 378
11 218
457 335
283 51
398 112
461 410
214 181
146 99
136 390
109 239
331 295
229 26
47 400
372 102
224 443
141 406
354 293
27 265
349 428
459 127
180 36
435 494
216 398
325 453
58 470
104 252
134 283
97 302
445 271
111 394
411 196
343 39
25 387
419 108
291 124
431 365
143 416
204 21
181 361
221 438
487 462
434 299
332 126
350 234
289 171
43 267
184 417
110 38
277 439
413 272
407 292
433 79
10 257
78 8
267 56
73 344
208 33
308 390
75 229
218 263
390 284
25 96
212 104
358 446
419 400
43 35
434 2
127 390
306 256
314 252
254 350
371 486
220 484
118 393
495 407
325 438
51 471
451 460
387 244
235 336
423 43
105 246
84 114
463 42
10 344
230 13
36 440
438 475
46 435
221 325
459 284
112 488
11 214
434 252
263 299
437 225
221 475
168 20
406 137
498 411
339 368
244 277
234 213
489 302
59 1
150 305
272 439
58 418
218 367
262 199
270 277
151 182
338 261
134 23
419 403
120 69
383 227
291 282
467 94
234 189
377 172
252 387
314 139
54 83
189 174
277 247
338 122
146 410
214 387
175 264
134 437
276 391
5 499
216 229
88 471
331 104
190 316
422 6
24 339
429 448
364 175
105 487
5 156
342 54
49 11
265 329
47 485
127 276
434 247
315 491
472 82
206 242
112 382
330 1
495 312
43 134
59 253
25 181
181 139
337 235
187 81
457 248
216 51
371 428
196 143
293 176
181 218
109 440
104 314
427 111
38 12
320 98
423 471
250 305
305 64
84 106
132 306
323 373
482 96
391 305
291 25
169 417
398 43
107 367
94 176
59 347
429 397
139 25
215 119
31 8
425 199
337 353
189 254
377 13
295 252
361 2
487 496
216 6
239 99
109 146
421 211
309 69
333 445
457 181
259 333
28 102
341 124
139 124
225 134
477 41
466 236
331 367
472 59
419 245
156 22
89 306
324 18
471 159
350 112
403 344
428 137
282 49
4 127
291 191
129 467
111 318
319 221
367 434
58 241
216 283
92 247
474 451
431 283
248 154
74 210
74 470
29 168
9 36
488 431
77 428
240 422
345 441
87 403
394 427
439 487
31 234
491 130
192 96
336 348
357 201
423 431
452 60
105 214
440 360
274 488
270 291
245 485
31 240
441 391
156 392
82 177
27 230
314 124
212 49
263 19
293 483
161 284
356 445
291 341
17 215
335 247
291 457
95 212
267 456
292 160
495 292
382 422
423 213
6 134
299 191
128 136
17 158
86 430
404 182
471 53
457 434
316 364
382 31
155 411
21 98
368 358
266 188
56 423
267 159
28 372
332 477
39 207
496 58
154 387
343 497
471 488
59 187
59 145
361 212
123 193
321 361
6 213
369 1
213 216
213 240
466 84
95 11
358 243
58 230
439 214
314 295
4 17
180 356
17 284
154 457
417 409
52 466
405 138
213 8
335 95
299 335
11 246
181 248
241 377
163 121
387 331
48 478
489 380
114 236
325 463
314 181
457 218
255 327
223 166
53 240
303 355
246 191
38 125
267 274
225 142
71 237
115 167
212 192
82 235
477 303
142 213
299 331
64 250
246 367
11 107
244 321
96 387
452 249
217 251
500 323
64 63
352 37
337 460
389 386
159 26
78 134
18 201
362 318
295 361
340 337
253 81
431 134
92 291
291 321
367 457
256 20
298 487
212 263
89 355
321 214
289 407
43 159
176 129
35 229
330 54
41 404
189 437
101 38
157 389
212 341
293 129
499 478
138 458
247 214
191 263
213 456
387 124
88 26
433 74
401 243
124 212
465 435
437 274
439 295
8 225
419 22
480 380
157 245
142 26
342 330
382 78
321 295
19 2
436 113
71 302
228 491
240 225
149 74
326 435
283 437
16 285
134 213
124 246
488 267
451 472
254 78
6 431
131 406
336 145
250 63
274 375
2 282
425 393
13 487
84 7
45 320
192 331
223 110
245 400
488 159
51 31
388 101
343 195
45 435
292 328
354 371
357 346
29 404
495 388
181 277
159 423
17 459
153 477
2 139
422 423
145 224
346 369
80 108
84 445
8 51
342 369
229 422
441 436
475 217
217 182
148 408
214 139
244 248
146 203
381 492
124 487
463 281
382 471
226 328
476 404
96 95
185 376
66 408
495 101
5 48
323 72
367 65
484 157
482 192
344 499
248 270
154 218
262 70
482 272
381 165
448 184
202 454
478 344
11 272
260 316
213 437
216 225
312 66
282 92
3 173
81 336
339 122
435 255
436 4
81 337
189 216
340 443
335 295
41 162
200 12
361 277
293 349
18 369
132 378
343 72
313 193
38 223
206 490
86 473
362 150
429 409
398 142
422 43
154 282
400 485
80 157
273 319
225 78
388 166
111 250
314 192
32 402
474 353
381 376
251 133
181 434
421 16
36 410
343 97
63 167
131 393
134 423
181 154
456 88
154 335
205 80
439 107
92 482
437 216
8 283
450 297
90 392
178 127
41 151
156 48
396 36
36 360
34 148
275 24
200 110
282 331
111 167
222 303
260 190
43 142
85 343
35 174
11 192
346 324
49 277
426 388
408 495
314 321
154 244
234 423
19 291
465 86
335 248
187 474
77 486
441 17
332 303
271 146
274 26
190 175
146 333
5 452
139 95
31 78
323 144
178 269
260 1
218 95
376 273
263 247
6 35
264 316
192 246
441 128
222 153
43 234
139 457
263 104
475 453
142 35
234 375
8 53
440 396
39 206
304 489
96 107
286 81
420 238
340 177
406 199
370 10
413 92
360 356
270 124
233 144
447 110
419 5
94 371
124 244
295 25
112 216
43 189
458 474
400 197
237 179
282 104
402 369
79 74
435 421
105 321
379 224
6 365
359 275
225 274
204 420
477 378
263 361
470 265
461 146
193 54
237 373
495 289
379 81
73 117
431 23
127 305
142 267
405 176
476 477
304 380
281 3
471 229
174 225
392 452
64 436
10 249
494 46
212 246
368 24
216 159
313 342
105 2
338 392
23 422
404 89
413 252
216 423
110 389
244 270
11 181
49 95
184 202
401 364
121 61
394 305
254 56
309 339
193 346
44 228
210 433
499 419
294 182
213 283
365 35
437 88
361 49
380 163
95 2
1 346
282 19
487 263
263 105
81 116
355 162
370 419
365 488
284 308
154 139
145 187
446 309
456 274
306 168
473 320
196 416
247 244
494 327
218 248
293 458
240 488
148 140
488 8
165 376
159 382
474 336
369 340
61 384
246 104
154 95
375 6
313 346
478 249
72 480
478 296
64 115
162 404
285 421
358 24
159 225
216 456
459 278
200 101
80 245
172 210
225 31
72 61
435 204
212 191
105 272
306 378
471 456
154 246
322 343
217 294
365 471
419 10
474 59
48 10
338 90
13 329
478 156
59 342
418 149
372 389
237 384
491 356
248 341
256 153
308 276
449 326
378 311
161 436
489 233
115 63
123 54
355 41
59 177
412 166
192 247
134 375
150 63
154 212
13 27
247 2
344 452
162 222
398 283
384 195
132 332
475 281
253 379
218 487
19 25
125 495
126 151
274 423
112 142
69 368
43 78
214 434
203 170
134 234
342 357
111 63
99 461
35 53
336 286
134 267
21 194
23 216
433 487
476 311
418 377
97 179
253 460
11 439
254 112
152 256
463 3
91 41
19 49
32 1
434 282
225 53
49 104
410 180
56 456
431 213
96 105
69 339
179 72
31 283
43 254
148 164
378 404
204 255
439 96
222 378
223 198
139 413
190 275
434 107
41 168
270 482
325 399
67 376
156 452
191 244
271 186
485 108
271 9
348 253
218 191
152 476
447 223
105 457
496 79
454 184
497 64
87 478
343 206
331 218
19 248
256 355
52 114
52 206
252 299
127 269
443 451
64 150
282 341
343 236
121 323
377 496
78 213
361 246
404 153
329 433
67 273
375 112
47 157
343 233
163 71
178 308
219 17
266 220
314 299
391 178
454 417
39 466
394 167
339 120
51 35
322 304
144 163
106 500
244 299
406 118
214 252
212 215
391 278
375 488
233 71
117 403
43 240
25 314
344 392
299 19
56 234
306 20
367 230
331 487
60 48
422 78
385 448
194 45
29 126
229 6
439 124
119 17
244 212
189 488
136 441
403 370
51 267
488 350
8 6
89 378
36 333
470 65
342 32
23 8
84 236
172 79
220 419
324 193
480 233
254 35
259 109
88 234
491 203
345 278
10 60
35 189
21 46
439 246
233 380
341 270
470 27
372 125
31 23
248 277
274 471
407 66
115 427
423 350
215 158
413 277
294 133
116 235
420 21
87 5
27 377
151 477
440 410
56 422
252 367
405 479
356 186
44 84
20 222
124 367
461 186
71 144
36 239
277 104
4 390
373 121
295 263
147 486
135 479
398 53
451 224
318 394
373 71
402 201
263 246
166 125
81 235
24 401
125 223
105 139
112 134
161 390
356 99
270 19
71 61
13 367
71 121
62 260
364 24
268 129
267 254
78 437
420 46
47 296
191 272
457 299
341 272
199 118
51 431
192 277
28 110
69 122
372 12
183 204
62 359
57 110
415 33
107 331
47 478
79 149
459 219
497 85
340 357
122 446
319 438
184 415
427 280
152 477
456 134
145 340
15 170
244 434
360 180
151 29
144 61
53 365
413 191
108 400
274 189
301 427
162 29
477 132
434 19
466 323
252 247
455 184
181 95
51 225
225 456
482 277
348 82
488 398
431 216
19 367
112 234
372 110
311 152
6 174
49 321
488 283
398 225
113 167
254 174
17 278
171 226
229 112
167 280
98 183
434 335
449 491
45 21
216 254
474 81
490 242
367 214
422 471
107 191
53 283
146 435
306 162
226 495
87 249
361 252
61 304
334 126
278 305
338 243
19 361
256 29
308 441
272 263
331 252
2 25
82 460
283 290
364 260
112 23
126 20
429 385
401 264
382 283
81 145
449 315
31 365
367 299
26 382
374 454
107 487
189 431
101 110
349 77
500 84
214 299
191 95
487 277
456 159
291 214
253 177
472 460
258 171
189 398
51 254
193 1
60 257
212 158
317 273
421 15
73 5
126 404
11 291
300 217
325 481
346 32
293 467
229 240
461 84
36 461
37 463
286 348
11 413
181 331
311 126
398 350
332 162
145 443
54 346
103 388
117 5
221 165
367 329
457 252
51 23
335 387
26 78
396 259
476 334
38 372
189 375
416 41
23 78
11 341
466 114
124 299
23 225
431 437
361 191
92 314
325 376
218 246
323 237
240 56
306 126
369 54
22 499
137 349
326 146
462 215
246 49
78 35
361 314
192 321
423 189
233 302
41 378
108 197
369 193
213 26
401 339
182 332
434 154
305 128
174 56
379 187
234 382
273 165
495 328
263 248
482 387
131 414
356 396
259 99
269 345
154 314
278 284
59 379
431 159
267 8
26 225
341 457
203 326
488 456
299 2
496 172
304 384
125 426
203 315
387 246
335 331
127 345
259 180
333 239
357 123
26 189
199 131
423 488
210 65
367 105
396 186
439 25
472 474
8 431
375 382
62 316
322 144
236 7
295 49
161 276
9 356
104 124
407 226
191 367
116 337
111 280
232 378
475 209
263 154
230 418
2 277
399 37
172 433
283 189
179 480
393 208
204 98
247 482
112 43
406 393
103 200
80 484
302 307
364 190
317 67
351 207
135 354
398 382
314 107
11 299
96 457
372 495
156 257
191 139
27 329
88 112
51 422
491 44
341 263
72 380
400 80
369 313
354 268
185 492
156 10
344 249
195 237
96 341
180 99
39 490
187 337
12 223
353 340
214 295
404 151
272 282
283 422
114 7
48 370
35 26
346 340
311 132
489 322
341 92
335 192
84 271
41 152
488 225
167 150
6 240
365 229
260 32
423 78
329 210
356 84
159 229
277 331
346 18
108 188
177 353
408 352
490 323
200 198
414 70
332 89
367 25
195 97
352 468
413 487
375 254
229 51
11 105
421 326
185 319
92 295
234 488
396 239
482 291
238 320
295 367
402 123
274 213
57 102
482 361
433 409
457 413
314 212
58 27
402 324
107 361
493 200
474 145
482 335
104 248
421 315
393 414
31 398
157 419
177 348
19 335
53 382
74 241
392 22
148 289
278 178
9 109
71 384
159 6
193 402
302 61
154 291
444 91
11 139
43 456
254 274
177 81
192 105
164 352
63 394
457 263
330 59
419 48
72 163
116 253
365 8
361 413
115 318
239 84
343 380
24 122
6 189
234 437
302 144
452 419
238 46
270 295
480 304
365 382
64 113
27 172
387 270
267 78
188 296
266 296
266 197
92 277
355 152
87 117
235 286
391 269
146 170
79 487
380 144
361 457
25 413
323 343
20 334
7 466
127 136
51 174
439 367
49 270
70 425
76 157
63 113
138 467
189 229
439 192
474 177
404 334
92 214
392 401
94 354
314 434
380 195
325 209
375 437
460 81
104 341
390 128
348 472
334 29
417 415
304 144
431 53
391 128
295 218
335 341
327 46
241 172
302 163
97 323
2 244
197 47
26 267
59 82
18 340
225 43
79 27
250 497
280 436
127 17
291 314
319 50
494 238
323 322
13 418
382 134
316 359
214 277
299 439
134 471
345 436
360 333
66 148
349 406
400 220
334 152
396 491
267 53
11 19
326 315
349 147
295 104
297 307
437 350
254 53
424 419
398 26
488 134
189 240
488 411
110 157
403 5
411 444
182 303
372 419
246 95
489 343
351 279
272 192
13 241
41 132
23 382
418 65
390 278
309 243
361 25
312 226
328 171
205 197
263 95
394 64
237 304
360 109
311 41
105 387
39 52
337 474
362 436
46 194
335 25
435 473
104 335
251 475
387 367
313 201
375 456
97 237
372 426
73 10
359 190
341 487
10 22
348 59
244 104
413 291
277 246
85 450
306 476
361 105
318 64
476 153
276 4
397 385
304 343
375 350
89 182
107 218
234 283
420 98
358 122
390 391
72 237
197 419
184 393
375 283
335 252
2 341
343 144
142 423
49 457
396 9
152 126
95 487
323 279
96 181
443 235
176 479
214 482
308 305
267 229
79 58
120 446
373 233
302 450
123 1
367 139
191 282
168 334
295 139
400 296
8 56
83 193
195 121
109 356
244 214
20 89
244 361
456 398
246 413
335 487
101 426
484 296
491 360
172 418
280 115
299 95
36 491
321 25
79 210
299 139
201 346
456 8
41 411
414 118
58 74
7 279
19 154
375 422
234 216
314 277
141 349
251 319
499 48
197 245
33 374
398 234
15 16
309 120
413 282
49 263
301 394
170 211
159 365
56 112
375 78
78 398
216 53
381 67
341 314
445 410
444 41
473 255
142 53
244 252
136 305
239 356
274 159
234 26
33 393
304 72
248 331
60 22
23 471
83 357
222 168
282 124
484 205
375 26
472 116
434 218
106 228
274 8
31 488
183 327
369 123
139 252
343 84
8 471
148 352
58 172
156 249
341 252
45 327
324 201
112 35
433 265
471 26
342 18
256 332
295 413
485 205
452 478
19 295
73 156
371 137
336 253
76 424
460 443
248 387
54 324
282 105
314 19
192 154
259 440
200 166
293 138
456 26
329 74
43 174
227 290
224 59
480 343
151 378
142 422
482 331
333 109
189 23
35 283
447 388
263 2
88 23
11 124
198 372
166 101
326 491
277 434
493 12
199 393
49 248
206 323
167 427
404 20
350 471
257 22
219 278
373 61
438 317
224 460
214 212
248 361
71 480
366 18
162 20
157 108
15 285
472 286
84 146
10 478
49 139
191 252
334 311
156 499
138 129
224 253
245 205
386 57
220 296
332 152
321 2
332 404
439 331
279 39
450 307
218 2
413 244
423 283
245 188
252 107
275 260
285 315
392 370
323 130
350 51
64 280
325 3
96 434
41 20
156 60
8 35
460 116
138 474
223 412
358 69
53 174
474 286
315 16
227 75
60 249
313 123
29 153
263 314
295 107
101 493
283 456
14 426
23 56
237 61
418 241
471 216
35 31
282 270
100 495
283 174
303 153
154 361
469 62
301 115
218 49
219 345
139 96
299 487
359 264
246 2
487 247
116 177
32 357
401 260
154 367
84 333
410 186
384 489
259 271
451 59
248 105
492 475
254 26
403 478
115 250
340 82
328 408
252 482
69 24
14 166
487 272
353 379
470 210
198 493
289 292
382 142
37 140
299 413
445 461
125 198
462 17
246 139
148 495
272 247
242 84
84 440
107 154
179 380
186 84
490 279
221 185
321 482
94 268
22 249
272 335
142 6
267 31
235 340
277 212
315 146
206 236
256 476
197 478
257 370
260 359
305 178
55 44
387 277
226 289
248 252
14 101
367 248
82 145
319 317
217 133
322 61
156 87
271 491
136 345
373 97
218 252
377 79
250 167
92 11
328 100
82 286
180 445
105 49
291 331
76 372
17 212
348 443
132 182
66 160
138 483
9 410
308 459
404 222
477 256
301 318
325 381
481 475
150 250
209 481
263 321
252 25
314 2
174 240
53 375
33 199
153 132
23 53
211 449
112 240
349 363
107 291
126 168
272 361
149 487
92 105
243 24
166 447
174 8
246 314
55 84
402 1
247 191
142 88
107 244
215 298
250 394
274 35
410 99
85 297
276 345
491 333
105 434
366 346
451 187
62 275
336 337
246 270
41 498
431 56
314 214
319 310
198 495
201 54
455 448
495 38
44 130
231 349
31 142
460 340
53 229
218 321
392 48
319 182
26 43
191 387
472 145
105 413
405 354
447 38
96 331
495 447
419 266
254 471
178 219
295 299
33 406
305 497
52 236
445 109
474 379
431 234
148 407
218 247
211 326
283 411
192 92
333 180
4 161
302 432
434 439
182 378
495 223
393 363
446 368
131 262
282 263
301 497
159 88
62 190
454 33
343 71
258 407
59 460
350 8
423 382
419 249
496 74
372 386
119 158
272 299
77 137
203 449
303 20
73 452
303 151
272 252
188 47
361 192
357 313
409 385
117 156
117 249
263 124
270 25
240 365
100 258
263 25
445 440
66 258
382 229
482 457
204 494
333 461
206 351
408 281
437 8
291 2
155 41
276 305
419 257
260 366
200 426
231 428
378 416
231 406
426 12
138 354
267 189
166 12
181 270
38 493
423 254
333 99
26 6
200 372
67 221
29 182
56 225
322 121
39 236
409 30
25 331
31 350
332 29
88 274
153 311
123 201
500 491
366 330
152 168
137 231
396 410
35 56
246 19
255 238
433 149
257 392
340 201
439 321
170 16
142 189
165 325
441 459
368 120
20 332
71 72
378 168
229 423
427 497
419 296
174 365
361 96
260 342
82 379
437 240
323 233
277 191
174 471
92 299
390 276
438 67
53 56
127 436
253 235
382 225
266 80
128 161
162 182
499 87
35 456
461 491
49 434
18 402
343 384
487 248
212 2
113 318
189 365
139 263
187 443
104 92
274 398
210 377
189 88
169 374
387 247
161 136
104 482
423 31
75 283
10 499
68 340
392 117
40 59
359 175
489 144
163 179
491 323
140 468
482 248
339 446
106 323
130 228
376 319
301 150
55 228
139 107
155 444
408 160
202 169
171 312
103 372
277 457
252 246
491 410
371 231
408 140
59 286
246 482
9 239
283 26
171 407
482 19
127 219
131 118
434 272
218 291
390 459
419 392
489 121
231 486
101 12
208 442
225 6
78 365
351 84
320 204
278 269
29 476
56 382
301 167
390 178
72 144
212 107
49 124
79 367
366 340
407 100
470 496
493 426
384 302
142 174
443 81
7 490
499 60
26 112
37 408
171 148
311 89
37 148
248 314
489 163
341 482
391 436
26 31
146 473
224 187
78 53
392 249
49 25
312 292
408 407
19 439
461 180
246 341
224 340
24 190
403 73
159 437
493 14
205 400
148 312
371 349
437 142
270 11
459 161
123 59
486 428
394 362
483 474
229 8
25 246
379 340
447 412
332 222
95 272
296 197
286 451
344 370
134 229
157 485
436 427
414 33
467 176
484 478
412 495
302 343
204 194
216 267
321 92
2 331
182 152
134 51
89 256
473 98
29 222
413 19
434 331
322 480
162 378
304 195
233 304
295 191
53 456
496 210
87 48
140 352
248 413
186 180
307 343
115 150
214 263
341 387
59 116
257 499
495 166
25 248
61 323
412 198
439 247
482 295
178 436
43 216
2 214
92 2
1 366
31 56
2 387
331 212
304 323
8 216
488 88
116 379
31 216
135 467
443 177
59 313
10 452
267 240
172 487
408 289
249 370
488 35
92 95
33 442
256 168
22 117
62 175
26 488
268 293
203 16
460 286
381 317
96 413
274 43
225 254
365 350
125 12
351 52
418 496
258 408
332 476
270 335
305 17
289 66
52 242
124 331
237 144
25 434
488 213
180 491
218 92
246 248
247 314
346 260
174 234
8 43
235 187
82 224
162 168
269 459
205 108
112 267
266 108
230 487
135 138
441 4
63 280
96 154
283 112
469 190
399 173
353 336
164 37
211 491
166 38
161 345
174 159
160 171
356 271
418 329
183 21
204 473
272 248
260 83
263 367
99 396
172 74
482 487
151 168
456 112
340 260
9 186
482 367
327 21
238 194
2 248
249 5
335 96
496 241
470 487
181 104
289 312
37 281
427 305
487 92
51 274
126 303
380 322
457 19
133 182
283 240
476 41
