1
1000
1 4
2 290
3 613
4 446
4 288
4 99
5 54
6 604
6 44
6 861
6 740
7 955
7 449
7 196
8 845
8 511
8 989
9 472
9 395
9 22
10 603
11 860
11 891
12 929
13 996
14 243
14 723
15 468
15 48
16 915
17 42
17 409
17 177
18 78
19 451
20 307
21 107
21 177
22 554
22 168
22 43
23 578
23 415
24 215
25 41
26 865
26 868
27 608
28 571
29 447
30 592
30 768
31 79
31 745
31 354
32 722
32 463
32 582
33 589
33 167
34 716
34 425
34 236
34 400
35 49
36 959
37 491
38 611
38 396
38 594
38 367
39 424
39 260
39 154
40 491
41 720
41 512
41 539
42 979
43 575
43 988
44 822
44 325
45 587
46 100
47 951
48 807
48 495
49 418
49 256
49 544
50 319
50 651
51 771
51 764
51 901
52 545
52 211
52 253
53 666
54 721
54 458
54 62
55 911
55 904
56 715
57 242
58 915
59 731
59 601
59 404
60 646
60 600
60 585
60 473
61 245
62 990
62 650
62 737
63 210
64 72
65 125
66 606
67 586
67 620
67 280
67 602
68 654
69 108
70 829
71 859
72 226
72 166
72 200
73 777
74 654
75 835
75 686
75 321
75 209
76 857
77 728
77 158
77 918
77 602
78 967
78 421
78 701
79 884
79 556
80 878
80 473
80 167
80 238
81 693
82 788
83 191
83 495
83 439
83 750
84 676
84 435
84 953
85 978
86 290
86 989
87 334
88 819
89 232
90 660
90 419
90 445
91 112
92 897
92 322
92 291
92 954
93 675
94 951
95 815
95 370
95 318
95 831
96 437
97 98
98 405
98 569
99 817
99 920
100 970
100 213
100 776
101 929
101 755
102 385
103 484
103 208
103 956
103 747
104 832
105 707
106 644
106 891
106 431
107 779
107 381
107 267
108 280
109 624
110 872
111 707
112 386
112 723
113 302
114 681
114 652
115 184
115 744
115 968
116 221
117 186
118 762
118 339
119 650
120 740
120 609
120 968
120 348
121 811
121 388
121 954
121 327
122 242
123 813
124 313
124 481
125 994
125 738
125 299
126 639
126 566
126 389
126 642
127 678
128 204
129 148
130 297
131 187
131 960
131 697
132 269
133 763
133 896
134 190
134 751
135 511
136 933
136 559
137 265
137 513
137 177
137 904
138 399
139 842
140 327
140 955
141 751
141 329
141 668
142 239
142 652
143 763
144 470
145 956
146 485
147 977
147 925
147 279
147 851
148 371
149 769
150 229
151 159
152 232
153 992
153 733
153 709
153 179
154 799
155 845
156 836
156 826
156 280
157 576
157 334
157 395
158 656
158 364
159 623
159 960
160 928
160 717
160 356
160 445
161 718
161 540
162 833
163 535
164 451
165 447
167 996
168 354
168 926
168 989
169 958
169 201
169 366
170 804
170 590
171 470
171 287
172 819
173 520
173 707
173 252
174 746
174 736
174 508
175 561
176 832
176 689
177 452
178 454
179 742
179 920
180 978
181 420
182 608
183 211
184 724
184 683
184 469
185 784
185 348
185 988
186 800
186 786
187 300
188 797
188 343
188 534
188 911
189 543
189 196
190 876
190 682
190 854
191 882
192 697
192 463
193 675
194 206
195 349
195 292
195 652
196 988
196 582
197 443
198 437
199 792
199 262
199 851
200 887
200 659
202 221
202 799
203 364
204 914
204 774
204 984
205 550
206 981
206 295
206 339
207 461
207 400
207 329
208 401
208 268
209 931
209 926
210 615
210 954
211 529
212 223
212 490
212 237
214 908
215 671
215 476
216 430
216 263
216 957
217 272
217 340
218 856
219 758
219 625
219 813
219 513
220 801
222 361
223 643
224 550
225 837
227 872
228 656
229 371
230 978
231 813
232 705
232 517
233 357
234 801
235 907
235 809
235 436
235 719
237 898
237 541
237 464
238 340
238 575
240 951
240 491
240 689
241 912
241 864
241 610
241 415
242 796
242 954
244 670
245 858
245 781
245 787
246 900
247 866
247 611
248 971
248 373
249 636
250 442
250 461
251 625
252 901
252 880
253 972
253 697
254 718
255 940
255 949
255 920
255 496
257 278
258 938
258 735
258 596
258 373
259 965
259 708
259 552
259 445
261 528
264 1000
264 372
264 518
265 518
265 810
265 304
266 903
266 659
266 756
269 941
269 772
269 289
270 357
271 317
271 896
271 549
271 750
272 839
273 812
274 624
275 336
275 527
275 385
275 403
276 711
277 789
277 766
277 695
277 516
278 569
280 833
281 936
281 371
281 957
281 622
282 307
283 852
284 999
285 794
286 972
287 508
287 506
289 834
289 317
293 783
294 861
296 915
297 930
297 953
298 480
298 590
299 788
299 307
299 502
300 983
300 757
301 744
302 730
302 618
302 388
303 601
304 916
304 837
304 777
305 999
306 558
307 725
308 453
308 516
309 379
310 399
310 504
311 358
312 482
314 916
315 636
316 816
316 680
316 844
317 642
319 785
319 384
320 931
323 357
324 870
324 560
326 649
326 783
326 959
326 549
328 528
329 747
329 799
330 729
331 438
332 997
332 630
332 345
333 553
334 991
334 547
335 534
336 976
337 350
338 769
338 890
339 890
341 750
341 496
341 499
342 990
343 944
343 351
344 956
345 732
345 875
345 904
346 698
346 630
347 570
348 880
350 787
352 744
353 613
354 500
354 652
355 465
355 651
357 476
358 974
358 642
359 845
360 553
361 893
361 810
362 576
363 587
364 479
364 407
365 832
366 438
366 454
366 609
367 890
367 380
368 670
369 651
369 784
371 734
373 495
374 387
375 702
375 620
376 832
377 813
378 833
379 473
380 668
382 653
382 706
382 588
382 439
383 807
385 888
385 628
387 607
387 692
390 485
391 745
392 581
393 768
393 431
394 648
394 523
395 850
396 525
396 657
396 420
397 588
398 416
402 509
402 630
403 554
404 622
406 441
408 535
409 963
409 909
410 535
411 420
412 482
413 601
414 457
415 493
415 737
416 743
416 498
416 728
417 817
420 655
422 530
423 598
423 522
423 611
426 474
427 982
428 570
429 700
431 572
432 465
433 845
434 574
434 489
437 605
437 776
438 688
439 786
440 734
441 538
441 586
443 947
443 760
443 703
444 583
445 875
447 699
447 452
448 899
449 572
450 749
450 882
451 924
452 537
452 482
454 696
454 577
455 624
456 599
457 505
457 824
459 833
460 474
462 587
464 905
464 722
465 961
465 667
466 657
467 929
471 487
471 518
472 637
472 877
473 608
474 719
475 718
476 613
476 911
477 990
478 852
481 921
482 661
483 783
484 946
484 616
485 726
485 539
486 879
486 798
486 551
486 517
488 503
489 921
490 794
490 908
490 606
491 927
492 640
493 952
494 497
495 703
496 770
497 936
499 543
500 583
501 748
502 880
503 741
503 531
503 851
504 905
506 647
506 575
507 758
508 599
510 633
511 895
513 569
513 544
514 761
515 745
516 968
517 666
517 968
519 788
520 584
521 525
523 559
523 905
524 962
525 838
526 791
526 773
527 669
528 775
528 932
530 645
530 891
532 668
532 582
533 562
535 878
536 744
537 950
537 821
539 553
539 647
540 851
540 880
541 953
542 571
544 558
546 869
548 801
550 867
550 957
554 638
554 737
555 706
557 603
558 564
559 849
560 689
561 727
561 714
561 823
562 863
562 637
563 687
565 852
567 579
568 713
570 674
570 787
571 960
572 602
573 718
575 622
576 871
576 780
579 811
580 767
581 685
581 782
582 820
586 801
587 891
590 638
591 887
593 656
594 978
595 604
597 653
599 987
601 840
602 755
603 802
603 918
608 846
611 713
612 711
613 943
614 855
617 748
619 934
620 693
620 829
621 731
622 921
624 786
625 828
626 761
627 807
629 742
630 675
631 769
632 854
633 902
633 803
633 881
634 711
635 849
636 712
636 877
637 883
638 723
640 703
641 857
642 872
643 985
643 942
643 795
644 853
644 678
644 859
647 868
648 998
649 964
649 892
653 980
653 948
654 873
654 957
657 843
658 986
658 850
659 776
662 678
663 756
663 988
664 734
665 837
670 844
672 883
673 869
675 993
677 687
678 894
679 797
682 690
684 706
687 886
687 924
689 770
691 972
692 875
694 807
700 752
700 953
701 875
704 817
707 995
710 861
711 877
713 793
715 765
715 719
719 896
729 827
729 984
731 814
732 824
734 790
737 773
739 777
748 939
748 984
753 916
754 788
759 794
761 850
763 841
763 818
767 824
768 852
768 842
769 973
773 857
776 999
777 805
778 956
782 949
783 847
786 915
787 920
794 917
797 885
806 849
808 876
810 962
811 900
812 923
812 823
817 848
819 910
819 966
820 919
823 926
825 834
829 935
830 951
831 911
834 922
844 903
853 862
854 906
855 969
855 868
856 997
869 889
869 901
874 916
877 899
881 940
883 913
887 975
890 924
896 984
898 932
901 934
904 919
926 966
931 945
937 990
960 982
