1000 2687
466 13
624 177
157 929
422 277
164 730
270 111
924 837
725 292
676 568
69 676
235 483
876 623
177 194
261 849
9 774
389 541
507 165
1 101
616 268
329 279
460 65
725 514
217 110
857 82
355 854
463 64
361 802
198 178
59 424
487 496
609 272
148 88
920 32
156 620
409 343
164 491
916 795
161 684
581 256
774 397
627 567
646 874
847 526
496 406
425 906
979 694
403 670
91 602
45 791
505 698
906 384
735 435
159 354
885 7
588 763
947 361
729 929
896 824
776 848
706 982
851 140
383 250
424 577
360 928
433 694
698 641
478 84
543 918
134 797
377 226
304 858
208 893
620 585
319 159
37 570
139 836
708 835
932 408
571 661
460 149
665 40
860 763
339 968
400 38
378 478
881 730
222 164
103 175
766 314
609 664
681 227
938 170
167 947
506 125
608 258
878 209
209 213
687 610
411 785
951 445
40 59
388 671
234 667
560 703
296 728
560 527
253 865
169 891
112 812
457 601
67 114
40 181
995 958
329 174
804 252
473 526
830 423
437 607
580 812
644 984
340 685
373 635
28 663
505 983
143 290
770 297
26 782
611 939
565 472
830 83
210 572
983 415
745 851
798 15
536 408
401 410
402 25
815 161
247 90
493 474
68 941
811 747
925 552
950 601
550 114
774 958
7 191
216 945
555 376
765 681
896 809
434 357
98 572
719 131
789 288
957 771
454 146
721 633
7 430
5 538
148 459
988 997
512 711
650 232
613 45
709 987
408 592
609 133
423 656
693 40
810 233
367 348
953 419
612 790
237 918
119 417
666 309
109 949
621 48
607 815
529 236
443 487
642 345
619 648
851 978
140 662
499 183
397 482
448 431
18 57
652 124
959 278
936 828
838 647
894 715
984 526
895 950
408 929
509 71
974 816
353 250
292 731
984 149
958 35
837 180
252 207
679 243
839 50
341 659
165 224
16 629
81 45
54 308
38 4
921 265
991 161
136 190
299 634
408 479
828 83
659 756
848 533
811 204
723 98
576 327
656 777
20 17
864 342
326 315
892 682
914 250
427 256
125 710
171 257
72 717
630 921
458 159
83 656
204 128
852 333
229 960
465 102
797 315
523 968
823 965
516 165
724 914
575 837
804 106
528 976
707 232
188 439
290 705
584 884
72 677
685 944
678 42
63 524
452 38
252 997
295 298
863 171
485 194
785 834
76 124
617 746
797 539
486 413
991 542
460 77
495 266
183 545
275 405
756 730
204 790
676 338
278 75
88 41
790 668
654 431
763 692
782 545
162 824
330 540
805 411
81 661
989 159
150 408
735 802
460 720
387 833
923 364
203 91
735 466
786 565
969 310
744 363
155 963
536 942
759 424
136 72
542 962
766 591
757 984
697 615
695 980
197 203
155 369
826 579
741 7
150 536
266 610
161 115
854 957
517 322
645 446
794 824
424 956
958 397
115 962
189 949
841 979
251 165
526 644
692 956
247 190
247 521
694 181
527 322
897 310
761 55
511 804
678 398
24 451
991 850
149 77
169 408
59 609
231 743
10 769
391 247
408 942
277 726
226 338
649 972
405 351
59 979
979 584
592 981
282 260
103 782
242 723
610 681
156 629
532 44
835 635
365 194
846 927
476 819
705 471
647 129
108 353
859 130
170 505
534 315
400 433
891 932
998 483
404 131
335 454
659 39
394 68
930 514
127 972
129 870
252 228
513 582
24 980
638 181
841 484
640 328
885 356
958 611
233 568
593 118
454 835
182 876
221 994
574 111
787 537
842 333
243 560
537 661
690 769
682 623
729 520
403 782
480 323
64 966
685 65
257 863
806 442
866 606
923 511
252 41
24 12
833 553
665 759
168 556
936 553
272 59
223 644
735 361
337 50
24 126
841 52
231 94
508 853
212 360
236 518
465 775
424 692
847 904
637 694
494 24
47 909
413 528
998 475
702 942
78 170
728 540
46 838
589 893
645 466
801 447
83 777
698 296
625 309
547 256
780 360
250 581
629 858
225 475
63 124
249 478
748 96
746 565
161 437
39 881
60 798
837 908
479 157
52 544
924 342
627 547
939 35
309 579
577 428
466 658
30 301
912 492
392 382
537 435
665 312
616 820
879 214
336 710
879 671
165 463
315 961
577 59
554 751
545 77
180 949
951 665
853 693
15 253
384 278
28 736
568 165
693 577
148 878
684 943
3 363
854 153
399 513
694 400
759 951
430 885
813 120
579 143
352 568
839 66
491 341
906 214
739 372
712 620
485 177
989 555
545 670
719 198
212 504
744 152
802 309
500 405
396 47
288 26
215 161
806 440
948 718
658 446
339 434
926 304
507 220
905 325
107 200
779 644
402 44
295 950
140 182
120 274
838 507
349 110
699 111
378 287
154 591
421 140
313 292
108 250
237 317
208 300
228 207
3 744
169 932
848 845
823 61
530 309
759 416
478 314
137 13
538 838
825 138
871 719
40 424
4 400
70 736
362 493
761 47
458 354
638 180
834 159
187 667
964 256
60 453
960 874
435 626
727 653
165 838
618 46
694 875
525 213
3 143
684 115
509 900
425 167
208 673
290 3
90 937
246 274
885 734
694 38
878 1000
938 57
534 273
705 309
737 66
793 798
41 9
379 134
735 537
64 647
186 561
542 239
186 14
127 32
155 462
824 809
210 687
280 47
793 750
874 936
659 491
273 952
787 974
500 659
16 37
537 311
815 368
947 906
992 481
535 399
284 291
39 655
38 841
362 39
348 545
339 914
184 866
773 141
490 744
336 785
906 278
575 59
196 457
669 357
166 41
310 294
366 475
598 225
718 664
634 477
377 812
621 301
797 534
462 369
503 278
403 545
566 592
422 232
259 58
935 943
439 477
495 681
964 51
815 115
509 256
826 666
148 830
915 241
762 427
783 143
510 351
897 834
957 350
47 67
119 525
535 432
206 405
60 168
263 649
292 889
988 286
157 729
601 196
303 870
481 375
326 534
77 252
334 252
677 717
649 533
851 800
435 81
31 351
82 426
329 824
372 24
500 387
227 985
697 73
711 590
580 112
327 260
735 626
660 572
146 835
960 16
521 937
725 336
999 207
43 276
226 404
471 530
87 506
626 791
253 793
576 260
658 825
334 448
186 815
964 696
533 776
39 493
322 560
467 159
644 817
617 768
327 885
703 92
16 481
192 957
214 388
376 159
954 344
664 690
204 747
183 236
287 478
764 289
778 126
242 996
759 577
326 411
770 680
763 123
522 711
836 972
411 262
54 758
16 634
40 123
488 730
469 367
417 913
270 829
15 622
957 355
984 973
44 720
805 646
709 694
806 208
149 219
152 11
723 210
405 890
649 346
841 694
522 903
313 603
426 190
352 590
892 876
806 872
436 994
363 583
786 742
650 707
231 149
598 475
320 39
518 183
563 971
84 239
680 262
369 963
292 596
460 944
398 237
145 311
41 219
850 560
464 74
919 319
105 170
338 955
941 722
962 885
610 210
126 2
520 335
505 641
845 464
174 896
620 299
774 252
872 442
719 178
176 617
142 233
656 867
11 490
800 662
299 585
284 360
28 385
788 866
318 304
856 604
143 309
631 384
14 561
706 784
566 582
223 179
377 810
325 878
61 970
33 692
410 202
457 950
400 452
590 210
103 236
947 23
812 226
544 637
39 474
852 842
436 837
264 339
521 90
392 580
247 110
991 962
913 241
95 774
496 285
218 414
103 499
215 186
396 586
833 423
175 469
149 94
219 972
947 278
446 466
149 593
551 710
343 542
407 774
624 365
96 297
815 58
257 873
579 625
242 390
866 557
373 708
671 214
170 531
171 60
879 388
638 949
505 608
85 846
116 999
994 548
266 687
278 869
935 56
100 220
404 838
816 661
159 691
149 934
231 370
762 256
59 759
366 225
235 366
424 588
541 149
533 219
205 180
936 785
517 527
630 384
42 398
459 724
402 887
197 497
245 403
200 595
294 147
833 981
190 336
980 12
229 722
990 204
53 86
814 746
874 785
480 764
498 294
336 247
726 492
537 808
593 848
533 845
309 11
179 934
802 492
518 103
365 485
405 374
968 701
369 976
143 713
906 361
305 488
982 65
707 818
995 611
139 593
881 946
26 403
960 304
362 474
294 159
311 661
789 26
360 927
158 850
979 575
274 41
376 919
500 962
813 274
704 96
638 221
921 631
827 514
681 266
601 559
875 772
837 548
210 98
185 786
500 158
721 139
359 472
426 247
593 649
480 71
666 625
833 612
412 723
27 376
180 575
60 257
117 967
568 131
948 293
809 794
767 911
387 991
402 532
352 210
13 361
27 159
172 67
408 520
42 859
551 125
925 957
758 780
991 881
644 219
359 584
549 985
746 558
229 394
927 85
103 348
484 637
537 816
886 297
305 756
922 47
933 81
910 433
672 758
593 263
334 207
196 950
292 426
123 424
110 82
426 889
102 565
421 980
426 785
798 253
426 677
401 925
343 803
17 383
648 499
185 742
497 91
683 294
294 844
807 426
362 881
55 280
987 801
822 344
202 552
110 857
468 753
104 396
230 965
519 460
239 161
458 376
566 535
366 383
967 634
725 788
939 958
372 421
835 335
695 451
713 783
460 44
11 802
740 375
710 381
588 860
869 906
13 735
237 42
967 620
176 768
553 83
668 93
855 981
424 860
69 226
284 927
41 804
303 647
636 492
460 982
129 224
782 597
284 780
652 76
777 404
749 577
65 519
960 477
181 979
293 718
212 846
352 711
482 995
941 394
531 461
2 980
512 86
873 863
953 300
980 140
81 537
832 278
925 394
370 644
644 94
154 314
677 136
608 386
935 115
83 459
256 567
263 307
956 33
105 461
573 294
139 972
102 185
838 883
592 855
550 840
694 162
602 497
9 643
733 238
427 581
173 189
489 857
155 39
193 686
218 468
773 477
738 168
327 282
149 526
560 500
407 252
156 901
60 30
622 865
327 542
753 477
156 283
152 490
56 115
940 876
309 290
811 990
269 807
230 823
979 38
989 27
746 979
377 233
722 957
666 579
302 192
883 507
763 600
54 780
34 513
539 961
339 509
834 194
856 466
475 383
647 870
507 5
996 98
783 309
855 387
34 566
885 191
672 212
469 103
954 852
668 594
364 804
16 477
176 814
428 853
633 599
374 510
684 19
461 505
681 687
799 378
922 761
537 316
833 855
452 4
647 463
380 81
211 81
160 673
77 41
104 163
239 314
922 280
985 687
646 336
86 711
65 899
160 589
122 823
139 911
615 73
315 539
609 293
423 352
270 699
934 223
745 662
218 753
272 690
165 352
285 406
615 297
834 969
908 924
856 13
735 137
969 897
649 219
437 186
140 24
785 326
50 737
395 698
88 77
818 232
191 430
66 50
760 308
411 819
349 857
659 455
431 89
150 702
545 699
923 804
203 429
2 140
872 440
65 706
852 300
757 389
768 746
94 779
309 713
210 711
40 759
358 718
679 850
724 317
505 714
277 29
962 478
467 458
475 509
281 797
192 771
820 953
563 30
51 581
444 149
45 626
900 71
502 889
665 416
235 475
826 625
603 710
820 268
164 881
698 170
693 749
297 680
544 841
819 124
974 537
994 837
659 164
817 223
623 182
571 145
294 194
191 343
771 302
533 464
635 708
901 283
395 641
676 226
392 112
59 137
191 542
407 274
710 292
409 885
98 412
225 17
619 499
430 741
351 374
449 158
14 368
31 374
219 984
569 512
151 558
889 785
161 186
592 34
778 2
458 919
416 916
898 246
218 477
604 663
888 294
325 714
166 88
373 835
141 477
781 852
336 889
700 525
656 940
83 833
292 785
339 108
141 414
47 114
629 960
585 634
429 91
894 449
774 995
806 160
526 219
313 551
775 565
626 716
849 673
453 168
347 809
254 685
219 460
262 297
42 130
393 804
431 334
793 1000
695 12
240 153
170 18
743 644
323 289
496 443
212 758
399 432
113 632
221 548
851 24
556 80
377 404
881 155
320 946
731 1
469 348
649 307
884 359
892 182
814 472
868 446
278 977
206 890
368 561
132 765
208 209
681 98
456 50
390 723
591 478
784 65
316 931
110 578
101 725
733 264
559 196
806 880
509 443
140 867
215 437
381 596
841 772
281 534
166 77
238 234
740 16
286 21
458 834
700 907
995 939
556 793
11 583
991 833
982 944
270 166
686 601
336 110
421 739
559 686
505 728
575 181
871 178
657 746
565 742
300 673
637 875
805 326
604 70
975 810
45 716
75 869
702 408
486 976
465 565
704 748
367 103
780 237
987 447
59 181
19 115
24 421
952 797
447 564
351 275
318 926
478 43
244 943
630 631
886 262
731 725
91 197
241 119
655 474
44 25
416 795
605 462
396 163
730 305
864 908
380 211
106 21
587 640
803 885
726 802
817 179
737 839
155 605
983 714
970 460
384 265
38 801
792 120
54 760
976 413
372 494
898 274
259 815
659 821
780 672
82 489
976 881
991 158
239 991
339 250
750 563
582 201
891 520
511 364
904 862
13 81
979 801
281 952
995 9
270 782
674 70
595 638
356 191
553 830
640 438
559 193
910 38
750 248
94 934
651 256
709 801
231 934
138 658
251 516
309 826
612 991
504 360
812 382
677 807
109 180
61 230
413 155
137 83
219 402
361 137
414 468
814 558
947 384
895 196
672 902
317 672
176 472
834 326
229 646
251 456
425 23
323 764
798 622
1000 209
232 492
793 30
605 963
119 700
165 220
488 756
902 918
709 564
155 976
343 734
512 546
552 410
920 972
418 282
905 213
450 852
855 83
184 788
336 292
581 509
62 781
969 683
646 960
307 346
736 604
566 399
906 13
383 509
26 545
728 698
701 523
702 729
957 240
475 17
780 212
285 487
503 977
844 147
722 394
190 717
36 294
688 441
722 401
947 689
56 943
488 659
23 689
580 382
596 313
195 118
107 595
366 483
959 503
522 512
772 135
919 691
634 629
974 321
32 515
673 209
771 355
162 993
336 805
873 171
920 127
829 699
833 13
948 609
42 902
522 53
120 898
507 46
744 11
565 584
62 216
626 562
729 479
62 852
434 669
594 387
570 375
194 805
595 550
392 812
477 629
763 40
568 377
87 551
70 28
415 386
442 880
634 960
460 61
375 16
285 443
919 834
790 345
116 207
835 520
501 556
420 226
893 160
78 105
704 297
24 695
326 797
314 249
505 1000
998 235
310 573
805 297
767 836
953 849
312 759
499 348
721 599
609 358
542 576
896 347
751 162
555 27
219 965
423 83
230 122
274 792
983 698
954 822
381 371
863 60
61 122
334 41
861 916
202 401
81 816
97 38
644 934
275 449
525 907
162 329
234 264
350 192
626 537
875 135
902 237
53 512
946 39
701 353
472 162
390 996
295 457
101 731
566 201
219 593
252 988
472 584
629 414
250 509
558 176
170 983
805 797
829 574
45 211
123 692
629 570
610 765
476 63
722 771
5 838
677 190
856 735
342 837
874 858
673 953
114 595
509 914
255 708
377 142
570 16
663 856
969 36
60 793
568 382
229 874
46 165
455 821
424 600
855 137
863 168
671 278
478 470
247 937
796 804
979 472
287 84
590 98
794 347
802 3
489 110
847 444
601 295
24 778
159 194
325 673
83 878
412 572
433 38
888 844
945 781
47 595
65 944
940 867
213 119
851 940
457 40
896 279
244 56
818 726
20 475
323 71
853 40
330 296
745 978
785 646
449 351
681 210
196 193
270 545
780 927
565 185
460 593
38 331
726 13
211 562
297 748
881 850
999 228
534 952
977 959
935 244
847 862
33 271
221 436
333 216
459 317
161 962
959 869
834 805
674 604
836 911
158 351
337 516
604 28
670 782
820 849
77 219
224 870
872 208
349 82
411 297
996 723
936 646
214 959
366 998
186 368
441 356
34 399
30 248
614 626
712 634
124 99
478 799
697 297
103 166
3 309
419 820
992 740
264 108
477 468
725 557
349 489
724 672
334 89
817 934
922 595
329 896
375 992
822 852
573 628
451 12
634 117
451 980
828 553
77 774
987 564
272 769
288 782
513 201
308 758
461 170
181 137
725 710
951 416
972 599
672 42
114 172
131 165
324 882
621 30
699 574
338 267
338 49
856 81
545 499
858 318
1000 714
865 798
29 422
944 254
547 567
426 877
678 130
239 249
676 420
131 178
803 734
881 491
751 993
350 771
883 538
41 995
662 851
726 636
793 505
258 415
194 624
711 53
961 797
705 530
993 979
979 896
393 796
196 295
732 94
534 379
123 22
644 231
470 249
659 881
612 387
702 536
864 837
574 270
637 841
822 216
189 180
185 472
271 956
96 886
453 738
216 852
868 645
725 866
254 340
518 529
851 876
46 917
754 86
289 71
425 947
73 297
510 31
124 411
520 592
793 248
967 629
741 885
81 735
881 500
181 664
60 80
461 78
793 621
227 549
350 302
240 355
811 128
106 988
418 327
704 886
798 714
98 242
618 838
820 673
470 276
945 852
51 256
162 896
596 371
657 814
159 805
256 696
286 106
747 790
248 621
60 873
87 125
190 807
546 522
272 664
103 183
416 40
188 773
668 642
720 402
834 376
636 912
722 874
664 457
212 85
943 161
758 760
107 396
792 813
965 402
593 721
803 409
702 891
654 448
109 638
601 193
165 50
400 97
396 595
953 209
231 752
43 470
121 560
226 267
682 876
137 979
485 624
267 955
380 45
638 575
409 734
338 568
597 670
82 217
531 105
396 575
633 972
745 140
139 127
725 606
408 891
853 577
386 983
804 988
854 240
429 960
148 77
429 858
407 41
1000 325
925 410
502 727
581 383
102 472
284 212
731 866
487 406
255 373
909 114
47 840
576 282
995 882
526 904
681 985
833 181
253 622
921 384
965 460
245 782
659 155
8 318
799 84
737 251
664 358
703 322
424 271
168 793
629 620
922 114
321 537
804 207
404 165
804 21
31 405
524 476
212 291
991 500
609 718
73 411
805 785
911 972
827 725
560 517
176 746
331 910
180 173
142 975
2 421
972 32
959 832
731 557
229 925
389 984
344 852
886 411
122 965
333 450
506 551
13 181
115 943
271 692
124 524
634 6
923 997
966 463
33 424
184 725
6 156
190 72
237 672
532 25
407 120
371 710
149 644
557 292
1 725
747 128
47 172
233 975
435 831
30 798
3 579
544 484
90 391
196 298
211 626
411 834
775 102
212 927
885 688
639 252
955 49
426 937
121 92
965 113
512 903
162 979
782 166
127 721
774 882
424 763
738 60
886 73
739 494
986 200
972 533
988 21
39 500
15 865
403 755
766 478
525 241
691 319
516 50
586 200
639 393
988 639
629 141
973 757
818 277
568 404
228 116
834 624
688 356
797 273
206 275
526 862
225 383
369 605
339 353
931 537
97 452
325 209
654 334
8 926
655 493
466 138
60 714
805 124
438 587
558 472
40 951
190 269
229 957
885 542
402 65
343 885
896 794
148 83
746 151
590 522
874 429
901 6
140 940
553 423
247 877
522 86
746 472
590 777
546 569
387 137
668 204
815 14
475 443
564 801
782 755
524 819
913 213
801 694
215 259
875 841
260 418
696 51
739 24
333 822
827 557
477 188
108 238
833 830
997 364
647 224
799 287
457 59
924 638
900 383
962 239
850 703
273 281
107 104
384 361
675 272
367 175
835 408
278 214
608 983
158 881
596 710
664 40
52 484
590 404
24 2
515 127
791 716
296 540
796 639
387 83
748 886
219 65
877 937
841 801
922 550
190 110
830 325
679 322
683 36
391 937
414 753
500 850
828 646
405 894
614 380
23 906
681 590
173 949
515 920
629 429
264 434
972 515
205 109
316 661
522 754
477 414
336 727
478 239
971 750
487 383
87 710
57 170
789 782
500 155
743 370
503 832
673 905
993 896
647 404
249 276
882 958
408 729
77 407
578 217
303 129
547 581
459 830
427 547
508 428
682 182
720 887
863 793
363 11
859 678
332 30
377 975
925 722
252 89
967 156
441 885
345 668
226 568
921 906
316 81
575 137
315 379
710 313
993 554
714 698
407 898
520 702
427 51
127 593
552 401
661 145
195 649
306 849
60 556
375 629
542 161
149 847
219 88
119 913
780 317
160 208
577 508
93 345
5 883
396 200
191 741
692 40
370 752
300 822
543 237
353 968
460 402
232 726
30 750
28 674
421 494
10 272
354 467
321 787
81 466
773 439
347 824
593 533
628 310
71 764
632 965
84 249
73 262
406 443
687 227
314 84
331 433
232 277
159 919
955 226
781 216
959 906
581 900
41 207
183 529
971 30
816 316
394 957
674 736
121 703
585 712
324 995
619 103
59 196
983 258
382 112
725 930
606 788
217 426
658 735
759 916
447 709
651 762
22 424
215 815
945 62
653 502
774 41
133 358
874 629
654 89
434 108
861 416
136 717
537 145
858 960
440 442
986 586
53 79
55 47
867 423
541 973
222 659
389 973
387 962
960 203
944 340
197 602
361 640
963 462
750 621
302 957
473 444
897 294
637 52
549 687
263 346
576 418
332 248
459 878
905 119
703 679
385 663
644 732
647 966
643 95
245 755
159 555
965 970
797 379
26 670
790 594
600 588
110 426
769 664
199 663
107 163
787 816
386 258
516 737
275 158
158 405
439 141
348 175
594 612
560 92
29 232
766 154
647 50
877 144
681 132
352 404
962 815
642 93
882 397
423 777
203 602
210 266
24 876
804 639
833 137
108 357
391 521
770 262
719 404
834 310
34 981
187 264
34 520
655 362
48 30
528 486
838 50
4 97
294 628
366 17
220 838
897 844
698 330
49 267
99 652
531 78
181 472
972 767
289 480
290 471
550 47
147 897
328 361
837 638
679 560
962 327
641 728
251 50
264 238
333 300
752 743
837 221
449 405
432 566
569 522
103 529
632 970
715 449
635 335
507 538
328 906
818 650
278 879
620 634
43 249
520 635
897 888
300 209
573 498
334 804
224 463
343 356
830 88
501 80
18 938
255 635
478 154
115 244
752 644
972 721
805 294
144 247
810 142
623 892
727 889
95 9
613 626
108 234
549 681
181 457
303 224
808 931
944 519
131 352
306 953
264 667
412 210
816 321
903 546
917 618
397 995
65 254
634 901
119 915
448 89
405 715
942 150
330 728
420 69
821 341
209 905
806 673
815 437
899 519
767 139
103 270
925 202
165 737
297 124
924 221
611 35
830 878
279 174
35 995
759 861
795 759
162 181
557 930
648 103
997 639
276 478
187 234
352 777
336 426
250 900
290 579
183 348
504 928
880 440
829 111
871 198
3 13
514 557
724 830
290 530
747 990
757 541
140 876
626 81
388 278
498 310
843 412
153 957
841 135
166 545
917 838
396 986
118 263
819 99
660 98
13 802
157 408
929 479
628 498
51 547
513 566
784 982
316 808
613 791
99 76
989 376
309 471
11 3
212 928
278 361
537 571
475 483
761 280
57 505
907 119
659 730
501 60
890 275
219 166
556 863
511 997
355 153
965 61
977 832
525 913
155 486
759 445
84 378
132 610
328 587
326 379
969 294
57 461
283 634
815 561
476 124
286 804
30 714
491 730
455 491
565 979
100 838
694 472
213 241
380 626
802 232
226 49
294 834
113 970
664 59
540 698
390 98
146 335
47 575
866 292
341 455
48 301
491 821
675 690
265 631
77 593
411 99
256 627
860 600
46 220
802 137
427 651
497 203
647 165
28 199
716 613
571 311
28 735
812 404
812 568
63 819
528 155
3 726
314 591
845 593
551 292
443 383
930 827
900 323
306 261
575 595
419 616
545 103
909 172
972 593
908 342
520 981
188 141
450 842
732 779
255 835
891 729
924 864
922 55
459 914
997 804
356 542
572 723
746 584
128 990
13 328
300 216
888 147
16 992
265 630
714 170
365 177
74 845
405 510
548 436
50 404
24 940
861 795
8 304
156 634
533 74
714 793
196 686
722 355
305 659
415 608
881 369
712 299
79 522
58 215
526 444
541 984
852 673
914 830
953 208
519 982
543 902
322 850
237 678
283 6
965 65
740 481
592 835
67 909
595 181
340 65
933 435
856 28
179 644
551 596
214 869
903 569
40 577
872 880
735 446
199 385
204 594
649 118
250 459
843 98
831 933
362 946
184 606
419 268
