5000 9997
4421 1842
961 4590
2095 3023
662 3882
2175 1463
1248 3420
1943 3331
4988 955
3611 1753
3362 4697
1618 2310
2138 3091
720 4511
1877 1693
642 1043
2930 4044
2163 4303
2962 135
1789 3791
2830 2345
1677 1252
4108 661
414 4102
443 3538
927 3467
3593 2174
1655 4499
3915 2673
899 1507
3021 1137
3427 3514
2484 531
1971 4320
914 4639
4894 182
787 4017
4867 1423
4580 1475
2259 356
1542 3646
2622 4457
313 3842
1942 2565
1586 4571
2750 4043
4140 4694
496 292
3616 1341
4903 4173
1644 4795
4473 575
464 3497
935 2376
702 1678
694 2651
2984 1449
4771 4370
2633 1682
2366 3978
4797 700
102 4179
4020 174
4111 3162
519 4201
882 2405
948 673
2622 1493
470 25
4684 2826
2575 2187
2167 1984
1752 4659
1090 1904
809 2360
3710 4081
1459 3408
3873 4751
873 2776
1802 1550
4073 1385
4924 2660
1038 2818
1871 3284
1650 3010
3480 324
3686 4626
2757 2747
2431 4171
3275 3539
4413 894
602 1527
3702 805
216 4252
1042 4229
4007 1972
1548 1380
1169 3857
936 3326
449 1670
2043 2883
2390 4075
3985 2186
3153 1269
1221 2415
92 1539
4209 165
2187 2449
3374 1333
2761 1297
4713 3733
2973 1691
1254 1691
4800 1109
552 2021
4067 4718
3498 1657
4802 2911
3612 1550
646 3515
512 3249
3145 4107
2806 2254
4883 2467
3296 3456
17 4794
3581 4799
122 2184
1159 1075
2355 3557
2570 1535
3178 1785
2817 2959
2699 494
4842 62
4985 3302
491 4799
1994 1955
2041 1172
2061 4392
4657 1947
4610 2852
125 101
4613 89
1119 2506
4726 1124
3064 287
2765 2948
1458 720
4053 3948
1996 3822
1997 3236
409 1801
2576 3937
708 4069
4373 4155
4333 594
47 587
4641 2895
3898 1801
2127 2428
900 2979
2123 575
986 916
4519 4056
4232 512
2145 1700
3416 4973
4873 4653
4185 2689
4610 4009
2836 4580
4010 3141
221 798
4042 431
1992 695
1615 3834
875 2412
4431 1792
622 4246
1842 951
4277 3801
3452 4084
3916 1099
2754 2914
4395 4193
4569 3080
2749 4911
2382 1177
911 4081
4526 2671
643 1802
3032 254
3656 2111
3882 2552
144 1128
3641 1499
2753 761
4979 1304
2529 1637
4676 1952
539 2131
4248 3644
1188 3929
4163 2950
874 2574
830 4557
3300 2925
4568 2082
4492 3674
558 1769
84 561
2812 3587
3203 3613
4132 2615
842 1524
1054 335
3285 499
1561 3850
584 4311
2437 2548
4874 1136
62 2517
4405 3894
1002 2333
3093 2367
4734 3585
2618 1130
882 3928
2059 2514
4839 195
3216 3663
3594 3709
1032 1301
2081 1993
301 680
4800 2014
1241 1794
1201 4847
314 3402
4300 3503
436 3703
986 770
2487 3640
3578 4513
4814 1466
2011 1834
3186 151
2227 3399
3353 3218
1693 3128
2023 2122
3727 666
4091 1871
2878 4782
1830 3789
2026 4498
2104 1005
993 2715
1963 1025
595 4224
492 4423
2442 3169
2020 2368
1674 4134
2497 4656
1627 3322
1541 978
2924 2583
3620 3026
1898 3081
4817 4789
3350 656
4124 4202
443 282
1976 2820
2019 2574
3902 171
2832 3487
440 2238
1304 3154
824 1428
1751 723
4130 4672
4919 2106
1977 4289
3150 2717
701 3283
1599 450
1573 269
3533 31
2634 1482
4927 1484
895 710
1803 4841
4372 4758
4527 430
2730 1966
548 584
3813 4982
992 2109
4393 3552
2607 1195
2683 2696
3622 231
1135 2946
4709 4618
2545 4032
4922 454
3128 1877
807 3353
2024 4416
941 3544
4942 1602
4157 1564
3563 1794
2593 4504
4412 4518
865 705
824 1911
3417 346
4719 4472
2054 4393
2062 2011
3927 167
3725 388
929 4101
2134 353
2931 1318
2398 546
4866 1544
4413 3933
4801 1058
4956 137
1600 3299
2108 963
4770 4079
2377 4350
3798 722
2730 3753
4919 1774
2872 1951
1824 1636
3780 1153
3984 1110
4794 679
3557 423
2617 1024
3297 2374
2321 4904
1556 4555
1369 2665
276 3784
4368 3527
1579 4707
4575 4328
2427 2305
302 4529
1117 1257
2668 783
1683 1479
1776 4355
2710 68
776 2388
2562 3598
2921 1150
3258 4217
2879 3177
4963 744
1208 1770
4152 3575
263 1129
462 1217
1532 4971
1772 4796
2353 1317
3520 1291
4400 2632
562 1688
975 3230
1273 3257
3223 4679
260 1783
856 2665
1097 2272
4780 2802
804 2776
3264 2012
724 3078
2796 4690
1650 1908
214 3433
487 3669
4278 244
660 2290
1430 1456
2223 1726
4351 1425
3722 19
3065 4244
4396 4591
800 1437
468 4418
754 573
3166 257
3618 579
1254 2973
2808 3105
3423 3899
4778 553
1864 2999
4968 1908
1642 2272
2773 3208
1137 3068
1033 1718
307 3669
3318 2711
1553 4045
1947 706
749 4991
3340 2509
2323 3778
3990 4914
453 468
623 2087
1466 235
2049 3383
2755 4527
4263 4903
2463 2302
1575 2284
1913 2999
1389 827
4014 4511
4579 4433
3146 1542
1673 1026
3152 2326
378 1390
2659 1407
382 4414
1729 3731
3488 4178
738 3961
3477 2795
2656 3351
4039 2854
4119 3983
2795 4570
2037 1526
4349 1708
2201 2163
2661 2618
2531 3835
4524 4804
3452 3993
3907 3981
3527 881
4890 4478
3858 361
4460 2343
3731 1410
4936 4224
1481 121
4048 2377
4293 3304
496 788
444 2482
312 1525
4427 4414
2172 3892
2864 3826
3744 1286
1487 3961
1921 310
358 186
2838 307
1540 4714
3205 4684
1453 1890
1071 3562
1400 881
2863 3364
421 2179
1459 279
3666 1404
1882 321
3806 4644
1942 2677
4498 635
3334 3081
1203 3172
320 4772
2796 4386
3062 3122
389 2531
843 2828
2014 1893
2508 2257
1838 3126
4329 2191
844 3728
574 2757
1998 3606
437 4255
2772 4826
3606 2055
2910 755
3528 861
1533 2060
4117 970
1656 698
3939 2486
1187 84
4276 1543
397 3410
3811 1255
4301 3074
4482 4374
4009 4612
4650 1326
4163 4463
1572 3277
4878 1955
3996 576
3423 2919
4223 3359
2615 3953
3936 135
1237 2684
1081 1389
4900 4472
4737 3450
1470 2533
3857 4061
1347 2467
2897 261
2828 3651
4031 942
2538 2051
2739 2146
1570 3828
381 3315
4878 3688
4628 683
2411 4493
3502 2898
2608 4830
3743 1086
401 2614
3069 41
3354 4999
3765 1352
2658 4559
2513 2047
4609 379
3812 4366
2363 689
1277 1744
4349 387
343 2707
386 83
417 891
2099 3125
3727 4302
4791 3630
346 2498
833 4546
441 13
3380 4898
1030 2558
4604 4589
4433 469
2609 4688
3945 2376
4934 2363
3074 2611
1664 3579
3457 966
1819 621
1209 2091
1325 3901
924 3684
2775 3753
3027 3071
1151 3304
1270 3292
2236 305
777 2646
1934 1272
2056 2728
635 1501
682 2605
2454 2100
1686 637
4665 4967
2960 4264
1418 1451
1127 769
4281 2955
1477 418
170 2919
3614 3920
4611 2182
2743 2119
4001 2636
3251 1756
1918 4645
4794 4111
3719 1627
1628 4229
3394 1855
401 4772
4477 4617
4298 4894
3772 2042
4373 2674
454 4809
2142 4723
4951 3925
4056 1719
326 3736
4851 38
277 465
2442 3674
3926 100
45 489
832 2037
974 2098
328 925
3718 2731
291 3718
4990 2594
2938 3272
2804 4318
3064 3869
3899 1195
2582 103
2394 3705
2750 173
2889 4245
2454 802
4775 1498
619 3001
371 1052
3191 3961
939 4331
4469 561
3694 2923
1104 2245
4166 3165
3598 2051
3923 1306
2025 137
4392 4682
3459 1631
3587 4955
1807 1697
2114 377
4025 4433
87 4669
408 4861
1674 3022
4348 2711
2190 4959
3437 4539
441 3391
2142 4672
220 396
4537 1445
4382 187
389 2254
4407 3661
3700 1920
4957 705
4941 4869
2396 4774
4430 765
558 1531
2074 2724
2917 1021
1735 1139
695 2808
926 1496
2785 3910
4531 3364
1053 3839
3431 4161
4032 1320
1518 1313
757 1220
172 2257
532 2092
393 2429
2320 769
1992 3647
1531 3966
3546 1946
1849 1822
3527 1966
3038 4365
4681 3429
1859 2609
407 2136
532 629
3346 2729
1591 4779
2071 2462
2214 507
1621 1940
3558 2443
2948 3413
3331 4050
4112 2839
319 4524
4025 4579
1806 525
2533 1376
4692 4752
4638 837
2965 3531
4662 410
3265 818
2809 4858
3380 4786
1620 1764
797 4922
3091 3677
2697 534
2236 1887
3627 1150
453 2502
2826 3593
3170 1791
943 1812
50 1876
1175 3138
1433 549
3742 858
3151 3433
4165 2746
4752 3795
4515 2996
4596 3440
582 526
2200 2215
1059 2370
2575 211
1865 3779
768 3282
4643 2218
3425 64
2736 4504
1826 1974
939 3412
4302 666
2742 660
3025 2102
2329 4717
701 2401
671 4912
2463 954
2622 4393
4282 3294
274 36
3044 2149
1641 3096
2452 1851
1440 1881
2001 2359
1090 3017
813 2646
4366 3346
1580 3601
3270 3146
88 404
470 2307
4498 1501
2007 586
1890 861
4912 3585
2531 2514
1949 2567
117 4033
93 2704
2593 2457
2793 4034
179 1346
3145 3049
804 3851
1090 196
4693 3371
1299 1034
11 3957
1779 4050
3416 2903
44 4351
3393 1481
4512 987
1668 1756
330 1204
2220 3372
65 4758
1902 2902
1059 1564
1112 4747
4642 454
1222 2666
4371 3314
4821 2318
98 2316
2401 2146
4074 780
1326 3679
3295 1993
4959 3758
4149 747
3860 10
1860 4775
1366 2403
2249 4585
558 2824
4559 1029
3107 1930
374 3996
4923 4628
2945 1350
1581 2994
2057 4768
4375 1371
103 2479
2107 149
204 1078
1893 3345
4542 906
4539 2369
5 4076
1284 3153
3793 315
24 1563
1775 3170
1739 230
459 4110
2119 1081
3621 2963
4200 4962
1229 1426
1523 2760
3328 4571
1343 3365
2090 3766
2019 874
2500 1996
670 3648
3735 2886
4181 3137
1167 2992
1536 758
3261 3481
3327 1009
2380 4709
2023 1711
1142 74
3727 3796
2130 2987
3100 736
267 3332
2124 27
4994 4089
4201 2328
4394 1242
640 1150
4747 148
2037 4105
930 1117
268 4052
3801 1034
4870 3615
3092 2980
526 3652
1739 4088
3692 3177
4120 1838
1811 958
972 2711
3020 929
695 4696
931 3972
1913 3214
1754 2695
2269 1690
2933 1870
4960 3250
1111 3598
2829 4456
4061 412
2014 4058
1064 2421
2005 3972
1129 4661
1060 2021
4243 4333
2799 3664
2068 1277
308 4016
1709 62
2109 3179
1686 2710
4833 975
2821 445
2213 1085
4541 368
4082 2602
2620 1086
375 952
3123 2466
1488 688
971 3973
3030 531
4417 3702
4738 1145
1017 2147
3908 1595
1469 4309
3219 3015
691 3043
502 613
3706 2885
780 3548
1409 1465
2582 4385
954 2302
4303 1163
4200 2841
2187 1092
2160 4595
3454 828
4612 4610
1153 1490
3907 1126
2027 2105
396 252
557 4725
3483 486
2126 1581
2508 4954
3106 505
2029 4878
3534 3957
2320 4660
3339 1170
4254 603
3602 4477
4340 4002
4460 4512
4740 265
2489 2560
919 1076
372 3876
1758 2713
2006 2217
3196 4829
44 1466
1121 2015
1999 4100
3420 4852
1228 3050
2143 1869
737 2432
1059 3537
4722 334
1231 1639
1364 733
3809 3535
3364 309
4844 1736
3507 1478
3226 1362
4716 4179
4607 391
1639 774
918 3321
256 3080
3861 2664
1942 3603
1199 1529
1592 4373
1639 3229
3233 1104
1872 3104
4397 2139
4299 3668
4449 1282
2381 2989
4517 2139
745 821
4062 2527
3416 3942
4060 229
2590 2226
2381 3711
2571 136
4047 1667
2064 3458
1343 14
670 4474
161 748
4141 1894
369 2722
2085 2277
4198 1641
1197 2069
1862 341
170 1713
2551 1355
2710 637
4384 1281
2438 3257
3311 2784
1765 1975
3228 2616
4850 4360
2122 748
330 3057
4813 3092
854 4278
1165 4
1663 2850
2850 4458
4733 398
1101 2475
4892 576
2321 2073
572 877
3325 894
3445 968
615 3815
1219 2177
4926 3045
1730 535
2619 4565
475 2559
2187 660
3295 2081
1651 2738
3427 1549
2772 2033
4441 4721
4601 1477
1399 2995
2453 2640
1537 3447
2778 2519
1971 4939
76 2106
150 2535
284 4733
4560 41
1310 594
3704 478
2513 2625
3823 4098
4436 1795
2945 3807
2664 4039
3013 4619
20 840
3882 3149
1510 3227
2316 755
966 3815
2998 4175
3968 4124
695 3105
1338 3016
199 2735
1962 2709
2472 2868
28 3308
1058 60
3842 15
3392 4523
2534 4168
3352 1111
3250 2969
3014 3887
4341 4864
4280 1029
1674 4123
2721 3168
2011 2860
1933 1346
2265 2290
3896 1491
1230 3547
807 1726
3654 2652
2322 2726
1622 1772
1615 2740
3744 3312
2990 1837
4564 4543
795 539
3454 584
672 3998
2457 715
498 4315
2914 4213
1966 881
2691 2118
2324 67
1302 1529
2543 3420
3495 1375
897 3595
349 3973
1176 4370
4267 3618
4779 2227
585 601
2219 1391
2401 2739
4509 866
4843 1024
943 2958
3639 2544
2503 385
863 3334
3263 529
3900 2511
3329 820
3005 3933
878 3305
1128 159
4249 3399
1379 4028
3578 2843
700 1684
676 3941
1843 3936
4506 3572
3340 4892
140 4528
4523 1897
4736 776
4754 2980
207 3685
3619 1107
1978 3924
686 3113
1540 241
3373 406
1104 1646
1344 394
2149 3756
2778 35
1568 1030
1547 929
921 4949
3020 2079
123 1530
3884 2000
1430 2246
4867 2831
164 3716
4510 3992
1511 726
3475 591
1307 58
316 2186
128 3325
2353 1491
3166 4361
3504 1933
4992 2797
1198 3769
612 4349
1382 2403
953 2177
4953 1372
2038 2151
254 1259
1903 793
3974 2917
2456 3171
2929 2867
3987 2404
2813 1176
1145 2742
4384 1671
1065 3220
1181 996
4401 4294
3637 3088
1802 3447
4440 819
4034 399
1416 3303
2018 3259
1247 2480
2941 979
4614 912
3479 3678
2430 2037
4001 2633
4061 1377
1931 3517
1504 1203
2649 605
1822 1050
449 3802
3582 3389
2139 4726
2464 4611
4858 3792
4404 1765
1145 2265
1847 23
3409 2295
2504 1866
793 3457
403 3498
1214 1400
2913 3361
1983 3581
2952 2647
4450 3855
496 3951
262 3027
1874 2777
1883 3986
2844 1716
809 330
1928 2891
1078 3883
2385 978
1543 1373
429 1863
4644 1845
2902 2452
654 1208
4024 1208
439 3175
4852 1248
2739 3283
4555 2361
1961 4131
4909 827
1346 4585
3141 4305
1610 197
309 2863
3117 3150
242 1559
3650 2926
4024 1770
1673 4068
3320 4570
1761 892
468 2502
2453 4361
3825 2382
4239 2817
2126 2994
4635 1626
2044 169
1814 3359
1962 63
3185 2354
567 2749
425 4070
4566 4309
4353 3868
3294 1854
4588 1962
31 3363
2990 2975
4810 3001
2752 3402
1559 2951
813 4027
1518 743
2447 3654
1450 1097
1521 3361
282 619
3803 3278
1757 2446
3448 2981
3246 1775
3261 3466
27 1390
3620 4646
4078 4929
717 1772
1866 2775
493 3496
2350 4855
1357 2063
1493 4457
1014 559
4367 2836
3767 2944
4944 2827
1134 3999
2644 1082
696 4116
2078 4669
2848 2681
3880 206
65 3009
256 2932
4408 3975
219 3388
4844 895
3835 2514
2695 3315
3587 1517
159 3243
3208 2779
3868 3253
4466 1000
804 4269
4442 3788
1607 3303
3414 1053
2218 3726
4353 1723
3832 3827
2328 4106
1596 3944
2036 3815
1198 1119
2312 1949
1111 1995
3135 1973
1083 3599
2490 1577
224 3216
3807 1014
1191 2476
3472 3442
3695 398
2959 4357
3172 4505
2373 3061
2653 3281
93 3723
3924 996
4441 4159
949 2727
997 785
879 735
4208 1727
4558 4729
3023 4440
2226 1597
3946 2744
4018 837
4144 198
3704 4331
480 1828
1142 3881
825 3107
2492 2887
304 3221
1607 2584
3795 2708
1804 1309
2316 2910
1945 2889
2088 4871
1714 202
3249 630
3682 3686
1316 1800
3568 473
3735 2994
3054 1849
229 676
4642 4809
664 1399
1027 464
4792 1161
619 4810
2619 1810
4631 3132
3783 904
4160 2495
4161 2770
1261 4982
3703 1963
4012 544
1653 1716
2715 3965
4953 3813
2464 2942
3938 2557
3079 298
4863 60
85 4741
1001 2329
599 3028
690 3056
3688 2029
4453 3343
59 3982
2110 1937
4203 2149
3449 4153
3458 2332
4203 1722
2725 4827
4005 4803
4141 140
1355 836
2558 2693
246 3163
2573 1172
344 2241
1335 3735
4136 3068
2562 3958
3961 1808
3468 2888
726 4094
1562 4061
4402 4988
3028 34
1088 1574
172 3829
4862 1688
4158 441
4029 173
310 2293
2595 1431
3746 4258
4444 2870
2226 773
332 1499
1342 3432
76 4766
4927 3855
2463 4010
2894 2610
3628 4364
3523 1712
886 624
4301 2611
3430 3709
2625 2047
2602 4291
143 359
1004 1601
3235 3326
582 2885
4736 2931
1122 3560
3927 2631
958 3460
3093 4728
4271 1985
46 447
547 4087
4181 3085
3061 4049
3175 1158
2002 102
2859 3314
2375 2766
622 4699
3975 3202
3578 1462
1420 3018
598 1218
2688 1860
4747 266
1123 1426
1294 4848
3778 2714
906 4312
1589 3469
48 4751
3124 2191
3688 395
49 1634
139 2379
1048 4433
3683 2835
4430 1791
1341 210
2444 1840
3537 2370
1736 3739
1164 2723
2481 3365
1243 2234
792 756
3434 4065
4287 4030
569 4288
1529 322
3893 507
295 841
3584 3940
185 1234
1322 4862
4342 1408
4183 4979
965 834
3709 2414
2610 1049
299 2553
727 1021
656 4197
3553 417
3428 1470
3280 416
2775 2504
3131 935
1155 949
1725 962
400 2955
1339 36
4181 4807
4386 1654
748 418
285 2721
4005 2785
83 392
944 3341
942 1535
1316 4237
2461 3158
2547 4812
855 955
3988 3477
3905 2710
867 96
3726 2905
4486 3265
4363 3194
996 2563
1077 4186
1098 1395
991 4081
3992 4057
2774 1319
4946 2239
4769 2606
4680 2752
373 2468
3270 2402
73 2362
4496 3689
4855 4439
386 1020
4388 4139
1812 45
4286 4059
1818 3285
427 197
3626 4738
2056 2959
3173 4896
3201 511
430 437
1830 2082
4676 1662
898 1448
1809 4420
521 3922
3681 2197
200 4501
1088 3564
2758 4837
4703 1353
3883 116
2459 4314
3180 3707
234 3
1576 3012
3831 2418
3653 3867
3297 4083
2397 3463
2064 4313
1858 2197
4426 78
3501 3778
1322 2568
559 3807
846 4544
1075 5000
117 4188
1603 134
1732 4827
1247 90
1896 936
1665 2486
1731 2598
4277 220
760 4346
2471 3777
3589 4041
2466 3548
850 2323
4331 258
3192 3875
2089 2392
3935 1901
4231 2948
259 2594
3349 4953
4757 91
1039 1981
1608 3622
104 1117
3439 2632
3963 1776
2639 3516
726 4547
4636 2974
2106 1774
2327 4081
3077 2100
1655 544
1264 4978
3373 2657
4499 544
467 951
3923 839
3154 4326
591 4594
2087 1451
2203 1061
3322 3719
3056 4784
21 2038
779 2736
3276 3171
964 4488
2849 4685
3060 2043
2556 1187
2497 2526
3054 3823
951 451
3368 1766
3012 1
2667 963
216 3176
479 344
1619 190
3622 4875
3094 128
4980 4762
1364 4398
3029 2587
2632 4445
3475 1592
4309 1602
2703 3809
2336 3909
264 1611
3238 464
2277 3804
2975 1837
1239 297
3455 1576
1216 3211
1396 541
3788 1435
1218 1903
1474 1099
837 132
4470 4348
3087 4763
4151 1393
3062 736
4720 687
1989 3976
2961 4671
3224 4338
1799 532
4813 4754
3311 4868
338 4154
491 1983
1482 3689
3116 4279
2974 1606
1300 4167
1291 2268
641 2293
2462 3745
4547 1807
4094 1511
40 1503
1448 2626
4367 1475
2427 4032
1659 2582
3536 1315
1878 2711
745 3539
116 204
4137 3392
1317 4911
31 3870
1578 590
1985 3620
3274 887
3812 2233
2341 1440
1525 912
638 2528
1476 2777
3198 2182
1419 299
892 3492
4145 969
4833 378
3029 1964
3888 3142
2013 376
2216 2577
2330 4255
1917 973
4866 410
4802 693
1434 4759
1446 458
288 1656
628 2127
3028 3836
239 688
2837 65
1079 1266
145 261
392 1568
4980 900
1314 4825
337 1900
3982 3640
4226 2282
1062 4554
385 3133
319 4804
42 2159
3247 2678
3199 4195
1734 4530
2388 4736
3631 4939
3215 458
4408 2395
1155 2727
4171 2899
966 699
2239 934
3894 4264
3375 4529
2404 2106
3076 1007
2624 4420
153 3302
2130 3589
3350 878
4666 943
648 2940
3785 1436
383 2570
1784 3943
429 4313
668 2405
3175 2188
3387 928
1151 2589
1416 1941
2786 3421
3172 4806
4401 3184
3792 3496
1687 1769
4879 2594
3808 1850
193 4358
2686 4089
4256 3687
1806 2354
1366 1381
2833 3118
2000 4539
4128 3051
1360 4246
4902 4108
656 3177
2287 2429
1729 2347
4292 3202
4133 1217
4230 4019
2705 1148
3419 753
2614 4624
4930 2405
4490 3885
3095 539
4228 2811
1728 4720
4795 3591
849 2954
2551 4663
3783 2922
1588 3437
4267 4265
3743 578
3801 1299
2968 413
3781 4655
2334 3895
1509 3296
4813 4048
4250 3862
4928 3208
155 3296
3827 4778
1294 2781
2240 2172
3086 3955
3854 3877
2024 2882
182 1541
555 1344
4385 255
497 4679
2702 3875
213 3715
683 3268
4731 3289
3864 4534
2979 688
3433 4924
3763 679
4673 2736
2445 3066
2128 3589
2285 4167
4162 3495
1734 1438
907 4272
2108 2173
875 138
4992 3617
4847 1626
3173 524
176 1367
4243 4857
1549 1437
1965 4146
2662 1210
1374 4885
3246 3050
3278 904
4104 94
4107 3049
520 1008
428 4080
2459 581
2319 2637
1485 3333
1813 1149
3265 1205
2074 4647
1746 1368
3889 3034
2656 2911
1097 1974
4973 1361
980 2694
1143 4370
2324 2490
3856 4442
802 4672
2094 3024
4328 3254
2609 4464
4634 4306
3344 630
1364 2876
2891 3217
3914 3690
3468 1160
888 3565
963 4147
63 4588
4142 2869
4989 246
2491 508
3440 3014
2359 3319
3693 4604
1333 4668
3560 524
3259 1752
4 12
1027 3676
1394 880
3078 2999
1313 743
3157 4064
1321 2222
4272 3863
488 3233
47 4784
4818 1914
1456 3928
658 4720
896 4184
3572 848
1899 3398
1730 918
1047 3098
1042 2530
3277 1427
4771 3644
1306 839
3948 2472
2700 3333
3207 2159
1519 4945
4112 1429
4294 3184
4695 678
2836 4279
2493 3886
349 2941
976 4280
4273 53
1123 1229
440 3400
2352 930
789 1874
3917 1779
3599 4306
2748 4344
3800 682
1244 2907
134 2650
2002 1666
4220 3833
2194 2471
3881 579
3692 4197
948 665
1149 2124
342 4578
189 4284
1514 1950
4006 1220
2264 1153
4708 1949
3959 2759
3909 1598
950 1406
1951 3997
631 2965
1848 1731
1970 3037
1886 1946
4502 799
3900 3969
1926 2091
4041 2130
2072 2229
2731 291
4910 1705
3702 3959
2134 2150
2648 1870
364 1726
4071 2512
3862 3363
4227 1180
536 3347
3409 1469
4742 34
426 3150
2281 3284
1793 2947
2367 2925
3048 2587
245 1247
557 3747
3304 571
354 983
3207 1986
1458 4511
593 1909
1952 1662
2059 4677
2765 2855
853 3227
4343 4859
3917 3331
2684 1715
1394 1436
2780 292
4509 1207
4038 2548
1161 3398
3555 4135
1445 2246
1545 4682
2202 1700
2373 4049
3052 997
3561 3383
4358 2155
3498 2473
3845 2495
3767 2384
1902 2047
2679 82
2489 623
2175 2093
2620 4409
3903 2528
1582 126
2194 3931
4715 556
3397 2018
1373 4276
1400 4575
988 4972
4511 3956
4755 709
236 4564
566 2338
1740 2121
2222 4776
4767 3904
3705 3353
2255 4403
4630 2852
3217 3293
4841 3954
717 1178
1301 4435
2356 4476
3667 4168
4319 3401
1096 4236
3870 3862
2611 821
110 2726
2309 1479
2809 4815
2732 1525
386 920
4647 2724
4930 668
4396 190
833 1497
3609 3000
3063 573
566 4466
4275 3138
621 2068
284 2811
2989 1076
347 4565
4114 2263
2778 782
4451 1936
3720 198
143 1147
1077 1919
420 2528
4182 1667
2321 508
1528 1894
4424 504
2492 2896
2892 1032
16 2007
1262 1302
1887 852
810 233
2963 4069
2086 283
1957 2969
4389 3814
780 3739
1846 602
3 2063
2110 2196
2564 1935
1442 2671
814 4086
3627 4070
1613 2942
1582 4076
1709 2517
4948 154
3242 3090
4447 4694
4352 4163
3618 4938
4905 1979
478 3412
3633 4880
1826 1593
1106 2144
3446 1953
1694 2151
518 4283
4500 4068
4089 440
2674 333
4311 551
4354 2767
2706 2326
4381 4147
3314 1166
267 3482
2626 898
4946 1133
4908 3865
1648 4969
2692 2353
520 1126
178 3656
4119 465
3741 439
2942 142
4752 2708
2601 3070
865 4957
1022 3253
1724 2004
4018 4638
275 2217
2786 4071
3818 4563
4253 3912
3156 2181
3254 3220
3361 2050
1514 4687
3883 3500
2024 149
2294 1027
4825 2344
621 1680
2892 1924
2901 1644
364 1825
4856 445
4098 3054
1189 648
1134 3273
4340 1410
4876 2396
1737 1874
2991 2568
1117 4011
2448 3446
3289 4303
677 4128
3247 607
3015 2127
1144 1643
3019 2124
4326 1304
4334 3354
2177 2304
2522 2653
2601 707
1211 1848
2255 3513
3530 4224
3179 2365
4253 1465
3255 4499
2101 4493
222 2525
4895 1423
4248 545
2719 4202
4665 2639
409 1088
983 2353
2466 4074
2251 546
1014 402
1439 4823
3372 2425
2372 2023
4268 3224
797 3142
4866 3839
118 796
3915 1832
1836 111
1432 790
4241 4735
2053 1408
4552 4095
1195 3423
2732 1491
3825 1177
4940 2925
2851 529
4258 3156
3519 2781
4068 1026
2957 92
7 407
298 4612
228 1136
1203 4706
4271 1225
4149 2763
2249 179
39 1055
4756 1137
366 3203
4666 1964
1101 857
243 3095
3512 2440
3525 3388
706 3275
2234 4613
1596 4283
3983 1640
193 3342
881 4368
3555 1139
3369 1303
1671 1707
2417 2722
3236 3144
185 4377
4902 3424
4133 1811
4041 3913
1352 575
847 4970
2268 1043
4441 2193
4632 3146
4290 1421
2008 4974
1372 3349
1401 4132
4270 4106
4042 1293
280 3823
2986 38
3105 130
1534 2210
1849 4712
327 1848
3003 72
2822 1807
1342 3538
2619 2399
3703 2949
2075 1258
3797 2564
2046 4036
2952 4014
4310 3124
2464 1613
752 3712
3101 1337
662 3149
4237 3327
1211 2598
4023 569
3690 3036
2847 2918
2944 986
3516 3592
2644 1713
2053 4353
1401 2615
3187 3254
468 3056
4376 3116
2767 1350
1889 2075
3475 4155
1587 366
3927 4126
2217 3239
3073 1974
2258 1572
4909 1389
2908 4851
2807 4337
4908 3986
3161 1461
12 4263
3232 400
2681 2513
4109 2407
3026 3129
1687 1681
4356 1230
1862 1979
650 801
2893 4234
737 1954
4037 800
1067 1954
2797 3970
91 1610
4238 616
970 663
3978 340
2469 3027
3810 4196
615 2036
363 358
3692 656
4380 3932
1281 260
4203 3756
4428 3861
4793 2925
826 2517
4176 2344
2771 4210
4004 897
4581 163
4338 4093
4821 486
2958 1812
4806 2451
1663 4458
3979 3213
1861 918
4866 4674
3241 4626
2842 3329
2303 4686
4709 3356
4777 3787
3039 806
3878 2499
1184 350
871 4154
2169 2006
2700 1485
4607 2719
541 4914
4629 1391
1223 1119
4749 3000
1070 67
1305 370
1920 324
2375 334
4999 3223
654 271
3027 2242
818 3411
3129 4646
2248 4609
4442 3181
2929 3224
472 1965
3973 4099
4485 1643
1526 1702
2384 209
4804 1332
2019 3004
3956 720
1984 1187
4760 1766
92 1108
3402 4680
4047 2017
3271 2001
316 222
4152 2009
4836 2283
1747 43
3410 1824
1832 271
985 1194
1840 763
3984 2338
2511 3171
4075 4939
2099 1425
2745 1522
4910 1185
3145 1855
566 1110
831 2166
3297 4043
1494 2174
1543 1817
2859 1166
1664 1166
228 2927
4514 3374
1263 4285
1695 1566
4065 3795
606 3465
1057 2468
2462 585
1755 2117
1637 4289
1651 1967
4615 768
3290 1011
4143 1209
1665 80
1995 3352
2737 1539
326 1276
2811 2306
1454 1020
1512 3100
300 4249
982 2508
223 1087
4225 900
4747 3746
3583 2140
4151 1917
3737 3673
583 303
2640 9
2288 376
4619 1369
4697 3058
4535 1292
1331 729
380 2021
3671 1208
3129 632
487 2390
4705 2005
1936 2097
1556 4060
3060 2810
2539 4912
30 3242
4697 2823
3303 2584
4183 3903
508 4904
1203 4505
2578 4917
1385 3858
41 4978
712 521
967 3380
382 2196
3045 226
4934 2641
4702 3483
3153 1630
2104 3485
554 100
917 2576
2254 305
1664 4535
1524 2422
1721 2825
3738 3279
208 3415
3351 2911
402 3807
4390 3341
1340 1438
4904 1972
2981 3043
3621 1920
621 3636
1754 1047
2420 4484
1810 2399
4616 41
1815 1401
4965 4601
3319 311
970 564
3193 2943
500 3534
3307 3079
4856 3932
2411 3876
2387 1976
4257 3108
2639 3592
328 3731
4190 432
2993 1264
3676 464
3427 4037
4319 482
2494 4577
4587 2058
3883 204
3229 1231
976 3848
1959 3965
3784 741
730 3822
3252 4482
4230 3445
4213 2596
1783 4384
716 3077
2507 1267
2953 2833
3262 2110
29 1175
4177 4940
29 6
3220 4328
3281 3502
2016 1629
755 1028
754 2940
256 1689
4121 1557
3654 4266
3518 760
833 230
1630 1590
2743 1081
2978 4020
1318 411
2172 3733
4215 2551
959 4077
1472 2247
1157 2012
2050 2913
1506 4104
2164 3838
1278 3014
3580 4596
687 1728
2070 608
3565 4174
474 2571
3258 3055
3844 3940
823 681
3058 3670
491 3500
4303 2201
2459 801
538 244
4218 639
60 2734
3318 1878
2135 2676
633 4364
4590 1971
1135 3436
445 3932
2247 2266
1353 3066
886 1624
1953 3212
1383 2195
3818 3046
457 3090
675 4015
1648 4295
1329 377
2314 1579
580 2941
4805 4834
1521 733
4783 3376
3316 678
4424 4790
1481 4599
450 2086
4466 2467
1950 2102
2977 2228
2879 980
700 1693
2912 4143
3596 2348
249 2922
2365 2671
300 2227
1890 4241
2964 712
2596 3759
4009 298
778 4801
1510 2132
4941 293
3340 576
4582 847
1353 2445
1411 4945
2605 571
1635 383
1044 3925
716 802
4830 3089
1390 4833
284 3695
4057 2027
2915 2410
3084 3518
375 4882
3704 939
2569 2667
4598 2204
4295 247
2194 982
1960 1170
3119 1079
2785 4055
1997 2364
633 2451
1275 3290
4378 4846
538 2869
4470 3087
1614 556
3691 1666
2366 888
1800 4237
3259 1905
3072 2897
4439 2275
3925 2591
3853 28
4944 1449
2440 265
1904 3017
2239 2040
2447 4266
3981 345
220 1034
4757 4455
938 1613
3530 4936
1513 4500
1299 50
1461 4675
2641 2363
3680 2061
1702 1624
2091 160
1561 2322
1210 1296
3241 4256
608 3469
915 1700
3783 751
907 3863
1344 2723
3096 4487
1221 3349
4107 3554
1067 737
4315 303
3272 2683
2663 874
852 2236
664 1182
4219 3422
551 548
3287 2270
2223 1825
4807 811
303 498
1419 2553
4419 2951
2957 2249
3337 4170
1402 2532
3562 2602
2491 4193
570 2867
2831 2884
1714 3591
206 3761
3864 3760
2330 437
1235 550
2685 873
3422 2485
3973 580
1569 4035
1975 4404
2266 3164
3405 4029
2311 3234
2152 4899
785 2705
1748 3389
2192 1932
3357 2882
4260 3365
1408 1037
1409 2098
3932 4562
3137 3085
1792 2523
2256 2059
3142 2439
2858 4166
2680 1685
5 4849
3441 1509
2986 1703
3342 2241
2586 1231
2472 3787
2330 430
4811 4897
4436 2044
4954 740
4871 368
2561 622
3898 409
4536 2085
3732 2995
933 2840
4277 1034
4694 323
3471 1845
940 4092
4901 1470
4465 4960
722 1631
3336 4448
4603 1741
2166 1516
4559 4235
2758 1256
1387 696
4683 4544
1969 977
3108 2361
3270 1542
2058 964
4488 2888
2310 4898
224 1041
1999 3489
1322 2991
1725 995
2920 3700
714 3435
3301 1763
4699 1360
3951 1335
511 4161
1805 4032
2629 1710
449 4492
4765 651
4508 2939
39 2672
3112 3841
4244 3989
158 46
865 844
3648 4496
2095 4440
2454 4672
2755 430
647 4947
4643 2905
3698 2684
3818 2920
2589 4293
1114 1010
2868 3948
1632 3567
4013 2541
2223 364
4531 2857
962 995
139 2923
3243 1128
77 4577
2296 668
3060 2883
4746 870
1170 3345
158 243
2360 2331
2031 4660
3082 3878
4977 442
3640 3251
693 2656
1853 4914
622 1360
4556 1882
345 4019
3001 3930
938 4002
4163 268
4761 3317
4619 1835
840 4209
4791 918
1206 2792
4950 2317
525 287
2897 3667
1990 1327
4694 2474
1517 4955
1101 3248
4662 4674
1846 184
4039 3209
2416 4601
1019 3016
1507 1798
3486 4508
617 1467
1124 4517
4619 2665
2402 3403
1781 2764
227 151
4040 3576
1309 3914
1788 1809
2362 646
3747 428
4287 1935
890 3728
1670 2740
19 1771
756 3828
555 4581
1159 5000
1797 3041
2339 3606
1250 1300
4298 3369
2900 1786
1645 4583
1605 2110
1194 2298
2634 1917
4057 2635
2802 2657
291 2764
2483 1270
3337 2701
4628 1725
22 2509
1031 4404
2586 1358
630 512
3271 2045
2350 4439
1410 925
1100 498
3238 3497
1499 1710
4205 3462
2924 3355
3510 2448
2481 3466
4597 4119
3556 1415
365 4481
3558 4423
2865 3942
4063 2280
2896 2887
3094 3544
1991 4040
391 2719
4574 4904
153 2201
1819 1680
4900 3273
2936 234
689 2887
4961 2109
2697 4097
1742 697
4160 3493
1842 1636
3810 4084
4593 2952
3057 2340
4164 1691
2632 766
3656 3450
4730 4633
2128 2987
4210 4186
2975 4072
2833 2798
1889 1575
812 3652
2105 3610
3930 4810
528 1368
3636 2068
2078 339
1675 4761
762 3384
2189 3442
4130 2142
3739 4074
527 3630
1131 4817
872 3937
142 23
994 58
498 1784
3123 218
2438 1273
2855 393
4468 1724
3669 2390
338 2831
874 3528
1497 230
1608 4292
752 2830
3838 4812
2444 4186
3550 4945
2529 4289
1052 4903
1293 3950
2716 2559
1224 1923
3225 343
4713 2240
1852 1839
1756 1177
2540 3485
592 1877
4884 2978
1959 993
1381 141
3921 310
4500 1026
226 3469
3378 2170
4704 4522
2400 4478
2568 444
4686 435
384 3234
3508 149
2049 3261
332 4212
3238 743
305 852
4481 1782
3849 2800
3885 2033
3460 325
4268 358
3224 186
1450 2272
4192 2373
3140 2252
1968 1967
2030 2599
107 2869
3178 4642
4109 2904
4333 1310
1289 2967
4095 1337
1351 120
4524 1625
4234 2224
1457 1871
4473 359
4030 825
4267 579
3474 1448
2898 3864
2886 1335
4195 4662
1632 808
3781 3734
1144 4485
37 2548
4930 2296
4165 3147
73 2737
4622 3396
4684 3593
2676 2860
3667 2041
1025 2141
3002 293
4583 719
3118 2953
777 4027
2364 3236
2669 3522
533 1240
2601 2410
4504 779
469 3740
4381 4461
4986 3762
173 514
2919 3899
1512 1154
4602 3793
1234 4377
683 962
4239 3375
4208 2167
3217 3271
4026 3059
876 4745
2915 3911
4430 1621
3808 522
362 3900
2617 4452
2219 2340
94 1506
3937 744
105 4982
4850 2796
3874 1252
551 2061
4536 3474
2122 1787
1708 786
2562 1339
2225 1178
2770 3479
4997 1577
880 3785
3947 4459
1107 4137
926 3053
2921 3627
4692 3033
1761 3492
2578 3311
3745 840
674 2244
3536 1191
1982 3539
1264 4399
836 2551
1463 2838
2144 2315
1896 2613
4935 3832
3777 2194
3872 3624
3076 3955
3762 593
257 4231
2137 4378
1827 1654
3030 4966
3429 4648
4374 3770
3431 2129
4656 659
2117 4204
1922 327
3771 1359
941 3772
3811 822
4395 2434
383 942
296 24
4952 460
1120 3572
2735 3993
3876 3222
2819 1199
207 3750
667 3707
4817 255
598 1090
13 1371
2919 2178
438 3381
588 3821
4270 987
4976 4841
88 277
2938 2696
2375 2797
4079 1932
1549 4037
2208 4354
3761 4622
1498 1600
1418 1989
4169 1287
891 3553
3082 4570
4352 2950
215 1659
2013 2288
3191 3540
2417 4516
4507 4217
4188 3534
733 3764
3161 2840
2891 857
3722 1560
2319 1781
4281 3699
3044 728
1003 4382
1457 2281
4311 548
2421 463
2935 4485
2161 3657
2804 2704
4735 4507
3012 1923
711 480
2104 4274
3377 2282
3564 409
4724 1257
526 812
3482 3977
3221 3879
1579 4745
4804 1625
4734 380
4816 228
4727 4685
3042 4050
1192 3525
2290 2742
4444 146
724 1864
3830 2716
3366 2825
3379 3594
3598 2538
1639 2586
3612 3638
2423 2523
4046 2342
3664 1415
3250 2090
1916 410
738 1808
2842 868
919 1548
2066 368
2173 1604
2151 3103
2230 4191
4462 3180
1143 4248
2355 423
4880 952
2955 4872
2878 3199
2755 437
2499 901
4067 3306
90 4190
4980 729
4548 580
2650 369
3690 1309
1844 1862
3512 1827
1913 718
2402 4632
1237 2358
573 32
4471 1799
4775 687
2713 1778
1901 1556
2927 4816
4691 730
2638 550
2327 2890
1932 4199
3188 2819
3005 1179
1951 2936
386 392
1676 3891
3509 1405
1193 2960
4434 1831
1284 1269
4856 2821
4122 2105
4734 671
1146 4552
2570 942
711 3160
3588 4845
566 1000
1682 3461
503 3368
3309 3791
3653 4967
2392 4760
1857 2117
3031 2813
1506 1238
1103 2192
4313 2655
159 144
599 3944
3959 805
3410 4415
2266 1472
4750 1633
3239 2006
904 3803
4981 209
2335 2790
4937 3949
4469 2335
3477 3320
2072 4438
1673 1169
3690 3550
315 4540
945 2311
872 2576
3597 2286
1197 1686
1363 2478
869 2720
3970 4992
2655 200
2545 4699
4038 2435
253 803
1162 1807
3716 4117
765 1791
1420 4285
4317 4457
3096 4198
805 4472
4388 3384
4900 1483
4937 2753
4105 3551
944 1585
2562 2051
1649 1050
4719 4900
3338 1703
3540 2600
442 225
4251 1493
1952 2139
3094 1565
4809 3840
2779 1996
4331 4785
898 421
1018 247
713 2278
703 2536
4704 2112
562 4862
3699 400
2635 2027
3996 4892
2612 2527
1629 2297
1881 412
990 3821
4060 1901
2104 2540
518 1596
811 1931
1929 509
1892 4817
2224 1750
1072 2255
3061 1428
533 1304
2883 4324
523 3521
619 443
2097 3152
1818 3282
3310 816
3963 4355
2788 3395
3482 317
589 4787
2775 2730
4518 3182
2618 187
2473 4015
2789 4670
1004 3776
3160 1046
4327 750
4924 214
4565 2773
4247 3120
3573 2356
4553 2297
373 3070
200 281
4055 4005
420 3571
1012 3613
4719 1483
2303 435
259 4990
3989 3065
2261 2982
3101 4095
4028 2245
2003 1803
3059 3473
4539 3911
2578 2784
4410 3446
273 2451
3136 238
3724 770
1967 1633
759 1355
3524 4626
3633 952
543 458
3192 1077
3983 4597
2423 3324
3148 3773
4755 283
4528 4141
4506 848
3717 3673
1972 4574
1518 1398
725 4707
1941 3330
4559 4394
1825 4189
2904 2675
3628 4637
300 980
2824 1531
2746 3147
2229 905
2738 2630
341 4739
2532 4550
1471 1472
3701 3603
2419 4638
2195 2815
455 3485
1760 4497
2111 2585
2284 1889
4192 3482
1543 4746
2228 4221
4721 4159
2569 704
2798 3969
4383 1985
3851 3799
3230 4833
1885 1173
4959 1096
4298 2498
3013 2665
1331 190
960 3623
2787 1016
4625 2077
4723 3712
718 3078
4464 2686
3850 4284
3245 1474
2553 4838
1314 2344
1188 523
3158 4598
2714 2323
462 4337
1237 3698
363 3718
1811 1217
4965 4440
2115 4485
2012 4307
466 1173
2430 4105
4014 2647
4396 729
1715 3698
501 3552
121 3393
855 574
262 93
3206 2889
2695 1735
4997 3443
2888 1612
1956 803
4153 4729
4340 1847
1984 1727
2995 1699
2838 97
4839 4419
1050 1849
582 3652
4739 3655
3528 2019
4264 1183
4937 4425
549 1940
1431 202
1051 1389
715 3478
3559 611
4091 3240
1174 2032
1214 4368
517 1353
4729 2388
943 1964
4599 3393
1816 1695
3513 1072
947 3244
2803 3625
1987 3749
3200 4265
4257 2231
873 1388
1977 1637
3425 2988
56 4493
3140 3596
517 4609
1480 1278
1748 4822
3783 4156
4669 922
983 4911
773 1311
1028 3147
4013 1977
2585 4737
162 3488
3244 2670
2516 3860
3406 4138
471 770
4218 863
3253 353
1038 145
3601 4431
3508 4858
1226 2886
2347 3435
3597 4993
1512 736
629 560
2642 1961
880 1818
1436 2276
626 1097
1150 1062
1647 2534
2879 3692
1018 4622
3920 3355
2482 143
2972 4534
3953 4948
990 588
2907 2839
3972 3451
3843 507
4652 2760
2891 4336
1826 3348
4087 2627
4227 63
1753 2550
150 2271
1439 4848
1737 521
2162 1109
4382 1241
2394 2484
4367 2288
2944 348
639 863
2815 4187
1347 1000
1937 1310
337 184
4556 4773
4459 448
3906 2928
1640 3024
4551 30
2291 1050
2830 2876
1757 3476
4296 3748
2434 1682
3169 4870
2171 1186
4613 2038
161 418
994 792
4537 3754
516 2432
3098 4744
4070 3683
4540 2616
2787 2871
1853 3990
2336 3658
3772 3924
2301 501
1262 3109
4530 2413
4016 299
2235 4101
78 3691
3588 3630
741 3532
4162 4403
2156 3189
2780 788
3021 3068
4422 2441
346 940
4561 3328
977 2569
1316 4296
1396 2782
3776 597
2233 902
3401 1859
363 2731
3980 3909
4353 2116
4991 2115
1022 353
2926 66
1886 3895
798 4896
1366 3551
3119 1734
4322 1461
4129 4716
1141 1979
2274 1763
1759 1909
4167 1245
2913 3764
2698 2181
1233 3897
3962 2273
1540 3490
369 2417
2872 4499
4347 4071
4317 1534
4266 114
2934 3510
2022 1120
2500 3822
1723 1408
3985 1121
4829 438
1740 203
2680 2200
550 1616
3632 3588
1362 1336
109 2229
4987 4667
119 3502
1277 3874
4162 2255
368 2088
687 684
1508 417
3939 1959
2168 4577
1804 3914
1538 797
1588 1513
3206 1945
1600 2688
3447 1550
99 3569
4432 3228
3519 4848
3345 3099
4131 2721
4 4232
238 4327
3636 1819
4120 3126
3234 4525
680 397
3518 4346
3287 1334
657 43
1317 2692
4881 3770
1282 1968
4715 1220
3798 3459
3343 565
663 164
248 4915
320 2614
1912 4515
703 3843
282 3538
1705 4223
1983 3500
274 3053
835 356
4374 3252
2453 3166
268 129
326 632
3924 2042
2908 3243
3748 3115
891 2079
1934 3511
4534 2521
930 2052
1274 815
2232 677
2300 4710
2425 2074
2430 1702
1156 2713
2969 4960
3159 123
2926 4391
516 2347
1663 2476
364 2762
3165 4711
2035 3200
4196 355
1619 944
2512 2786
1295 40
2628 1308
4110 2648
3651 4885
432 90
4329 3124
1138 858
44 2099
1605 3262
1942 3701
2199 3868
4745 2314
3786 4099
302 1392
4099 349
2985 3976
641 3493
657 1747
4272 4655
821 3539
2574 2663
4683 4146
1007 3549
845 4316
4236 1396
1324 4308
2729 4335
648 3280
2651 1962
1112 4258
1895 4687
2789 3223
1241 187
4083 419
1823 1330
3960 1943
507 703
35 636
139 1761
1647 2573
4636 1743
4805 1435
738 3652
4183 4891
2410 3911
4182 2901
484 1064
2356 4379
1402 4550
821 3275
728 4627
4055 3910
1474 3696
1393 2788
4629 459
2651 2709
2324 2873
37 2437
4637 753
3612 1537
1617 2218
3581 1656
18 4831
2554 129
889 3130
3235 3827
1788 4405
2683 3787
1193 1789
2643 4836
1957 764
2268 3006
3379 4624
4342 270
950 4194
731 624
570 2616
2478 2571
800 1683
4822 3582
1644 4182
451 467
2907 1468
275 3239
1681 1769
921 1061
3448 2542
2668 778
1168 2628
2674 1953
4466 1347
3301 2274
604 4774
2450 1805
3705 4966
116 3906
4432 4540
85 3582
3347 4682
2812 321
1746 528
2600 463
1813 3298
3887 1278
1935 4030
2066 1777
535 3321
2026 663
2171 823
578 1865
194 1980
3608 1095
3626 2265
2192 4079
2903 2662
180 4445
1915 105
3059 3982
2243 449
3728 310
4788 4917
2751 4849
4681 775
1070 3407
4487 4198
1327 1796
2606 838
3414 184
2720 67
985 2389
3292 870
4854 3732
4860 1678
2132 853
2611 745
431 693
3258 1417
2423 1910
1213 2342
2384 4981
2035 4267
4344 1333
1330 492
4905 1862
3623 1930
3732 1399
462 2807
4021 3794
3906 627
4118 4608
2113 623
4131 4693
3581 698
4116 1867
2822 1162
3635 2473
3978 1741
317 267
4811 3614
3730 473
3453 2363
1820 2358
3851 4269
3229 2532
127 4300
4161 2129
3119 1340
4719 4417
1852 3418
3639 2931
3396 3761
4310 4975
2519 2271
3283 1102
1617 3559
1887 606
1842 451
1608 3202
2649 198
2522 4604
3542 1348
4045 172
2469 642
4978 2993
1895 1033
1048 469
12 1165
4221 3790
4972 901
2032 1837
2457 4238
3825 1668
4357 1084
567 866
1272 2179
2399 2436
3907 1008
1718 4687
3713 2034
1665 3939
4717 2299
4819 1958
1790 818
223 3657
2155 193
688 1011
1530 1751
1580 4148
1797 3055
2932 4255
2078 922
1648 4623
3824 3357
29 3112
893 3531
3793 2212
2339 2055
2235 3020
2368 162
428 131
3358 2912
482 3401
180 1459
160 2912
2095 3914
460 2276
3682 4626
4126 835
1836 3711
1717 4243
1558 2751
1694 1341
4730 2549
4987 2417
2767 950
1123 1363
4170 1628
1435 4834
907 3366
2847 2604
1290 3577
3046 2920
2095 1804
2536 2118
830 2043
565 3009
4406 3194
2756 1211
169 4436
106 3385
3524 3241
2708 4692
1520 1587
4222 1934
1267 4868
2929 4338
2183 4929
1521 4398
970 3716
503 4564
2180 2794
4446 954
504 4616
3053 2550
3103 1341
1706 11
4335 4761
1855 3696
3356 2205
3861 2854
1660 1156
2862 1956
4204 864
3097 2849
2654 4166
4299 1375
4854 1182
2971 4578
356 3155
4150 1500
3758 1096
3313 2203
2727 2561
911 2783
2357 2325
2114 1329
3273 1483
2543 185
741 276
3974 1259
4816 4412
4260 1343
2115 749
4130 3712
2000 2369
3584 4491
3454 2747
1665 4671
4921 2418
3907 520
1495 3786
2519 35
4028 1580
3745 1271
1650 405
3826 2008
2529 3049
1074 4530
3193 1553
1998 2874
4157 2313
4721 4491
21 2151
1978 2563
3473 59
4538 685
3887 4596
1898 787
3525 1987
2526 659
1258 909
825 960
2871 817
4269 3799
611 22
3659 345
4465 2969
3210 4416
2950 404
2443 1330
2314 4707
3600 4567
3424 4108
3310 2830
3401 2609
1202 672
1207 3039
2890 991
1249 2744
3187 2501
2757 855
1766 4543
447 4362
1109 2555
4284 4521
3249 569
3130 3163
4898 1618
4770 3871
1012 1611
3954 4976
3238 1821
2756 4012
4863 4240
3676 2294
4883 1347
910 2671
4848 272
662 678
1438 3119
1762 3565
4290 2420
525 1215
2864 4974
2763 485
2641 4116
4698 1675
4722 2057
3079 4484
4496 1482
1767 4853
2908 1128
4225 2979
4764 4691
4369 2119
3619 4523
3642 3398
4931 2224
329 976
1040 1909
3374 4668
3634 1342
3563 4194
97 1349
676 3935
1386 2936
340 1741
1160 3930
1450 4823
2349 1094
3369 346
2857 309
4199 2352
122 4788
3096 1290
1583 1351
3379 2614
3830 2559
2621 3204
4106 4494
1516 831
4985 153
4787 2832
1721 212
4434 154
4424 4616
56 2101
281 4501
3191 1487
2729 3317
2807 3134
1152 4429
3967 798
1878 4348
1536 1260
4605 476
1422 4476
4724 3877
1960 1893
2120 4556
3771 4725
756 72
3570 3237
585 1271
4550 1231
4543 503
3495 4299
4657 1982
4476 4379
1599 863
1100 3943
1068 3154
2411 372
1489 2585
552 2966
3143 2081
1021 4175
4959 1738
697 3737
27 3298
3034 4847
506 4660
2592 4730
1058 4863
2909 4465
3971 1668
289 3074
2762 4189
812 1808
831 3231
3117 426
1943 2862
985 704
1546 2530
2594 3566
2089 3368
279 4820
4293 2605
1002 4508
1997 3144
704 2389
1767 2946
2223 807
730 4764
4177 3590
4819 3830
4753 3252
1204 1503
1924 1301
3535 2069
990 4950
4202 3968
2728 3375
2309 2157
1775 1228
1553 3829
2791 764
1726 3353
1718 2102
4444 4728
1837 3604
3291 709
3031 723
1894 4528
4800 4058
2145 2202
1084 174
2270 191
3661 3816
1085 3301
1069 87
4372 734
1253 4285
4882 3139
2115 1144
522 2521
4469 3607
1690 1870
2385 1541
1006 1209
2738 1282
2451 4364
3880 2120
3174 1883
2076 3612
259 4654
1795 618
4085 569
1264 4065
183 4686
856 1397
126 3507
4650 4198
4795 1714
2267 1855
4196 3452
295 3729
717 2225
3754 4649
1135 927
4044 3987
4387 2651
2580 884
2888 577
2873 1577
2855 3413
2032 3384
1610 1672
3195 3157
4259 3514
4944 2984
4561 3715
34 3144
1944 2435
276 4727
2293 3921
4029 3449
163 555
1251 3339
1642 4823
2640 2232
4954 982
241 4273
588 2971
3623 3107
882 1880
145 2818
2789 4998
4109 4797
1892 4789
2470 2897
1167 1307
4748 2761
1489 456
3950 693
2615 2690
3085 1486
2277 2161
4223 4910
4271 4383
3209 2854
2918 356
1666 1212
3117 1586
1312 2596
2329 296
2928 1895
3824 4180
1469 2295
4090 1958
3015 3808
3444 1897
3819 2788
718 2999
1195 351
2690 3052
3393 302
2379 3492
1233 2220
2089 1049
2504 2349
1279 4222
2097 4451
2607 3899
616 2457
121 1392
74 425
2577 2184
2624 2937
4407 4991
1759 4986
2853 3242
3599 1302
4772 1769
2336 2494
237 2253
195 931
1365 2415
3178 3840
4818 3114
3755 2191
4662 1916
3659 1126
4484 3307
3759 1312
2352 3871
1043 3006
3879 655
3330 850
1582 1478
1062 640
2352 2052
286 1764
4980 4225
3905 1197
1487 1808
3916 1328
2846 3377
1 1093
1680 692
3977 612
4072 644
3134 1171
823 4925
2511 362
4297 3179
483 1699
1115 3402
1017 3385
1303 4894
2472 4777
1622 717
1380 1076
3209 2247
1242 4887
1170 3099
649 1833
3984 4100
614 3923
3254 1065
2315 1782
961 1971
2090 4960
3385 906
3497 1027
2455 3817
3450 2111
543 1446
2147 4400
643 125
80 2961
2263 1572
3882 2628
4778 2031
2440 1827
385 1423
513 1468
2904 4797
1198 2506
322 2819
4098 4712
4214 2013
3548 902
136 474
26 1147
1898 4017
2278 3697
88 465
1797 3258
739 2847
4546 230
342 4259
1762 4174
3391 4158
2867 4093
4806 273
4973 1432
1465 3313
2197 605
2183 4078
433 820
2791 962
2781 3358
110 2039
3801 50
835 167
2331 1391
1362 3003
2167 4876
3975 2206
2458 4969
2426 3988
3478 616
826 1473
472 4683
4002 23
4732 2949
1544 4674
1455 636
989 3733
1806 1215
4708 1268
2127 1225
2911 2768
327 1211
4502 613
2475 113
2595 1714
1068 4326
4905 3918
3149 678
947 2282
1877 1911
674 1270
3771 1383
2138 1536
3071 2242
1645 245
312 912
4589 2522
1545 536
1080 3139
1564 3665
3076 2501
618 4436
4824 1615
1906 4158
2102 1514
3822 4764
780 2466
3600 2477
3625 2009
3420 2687
2380 1306
2005 931
211 4751
4554 640
2123 2502
113 1308
4100 3286
3558 2260
4418 2123
1091 1253
4873 2769
1344 163
1749 2
4868 2507
887 2623
1023 3445
4770 1932
146 3093
765 3246
1429 4521
3114 4984
2726 4843
1917 1393
1414 617
4767 3148
4359 1568
4020 1084
2937 4420
539 2374
757 4715
4298 1303
921 974
3023 1804
859 3744
3031 1176
896 1284
354 2749
1228 4604
3603 1991
3489 1110
393 2765
527 1861
1080 791
413 4021
2492 689
2482 2991
995 2791
201 4990
3456 3465
126 2685
4958 583
560 94
4138 293
554 3926
2978 174
4422 1161
2065 1747
3405 4558
186 4268
4809 1378
1510 853
2673 1732
877 3780
2979 1488
4006 1575
4011 1257
4090 475
4877 3750
1452 946
1066 694
3287 191
3852 2166
661 2292
932 1447
826 70
3037 1460
3058 1305
2752 124
1767 1546
2940 3063
3740 1048
2779 4928
3971 3640
297 803
4965 819
3725 1374
481 2666
3805 1745
4732 4475
3441 3456
4885 843
4653 2769
2909 1891
2634 973
998 2899
2827 1449
3300 1184
1613 4611
652 4005
2312 4708
1339 2051
4315 583
1455 887
2829 1876
3467 4853
1265 82
2441 2896
3187 1065
4476 4576
2491 4395
1965 4871
115 1897
2856 2608
4790 504
2963 3305
1957 4465
4195 1916
1172 1647
4042 3950
3741 3940
554 4066
3333 603
86 772
3207 42
4306 1083
4555 3108
4247 2303
4671 80
1928 3293
725 1609
4250 4974
822 1255
3227 4513
4794 3162
1623 2629
2033 1505
2458 2783
1002 3486
3381 2182
2967 647
461 1327
312 3811
4191 1118
3997 2872
574 955
2977 118
3994 4231
1854 3757
2518 998
3833 1283
2801 4516
2313 3665
2040 934
2942 938
374 576
2005 195
3736 2693
634 3277
4401 336
2682 2748
4236 2782
2393 4377
759 4215
3409 1980
1647 2237
4218 3291
1561 2039
4435 1924
2766 2797
1699 1399
1919 2444
4376 4908
3358 1584
4411 2983
29 3138
1896 3326
1415 3010
698 4164
1384 1191
3066 517
2511 3276
2934 4171
1169 956
1698 4820
3359 3945
3812 2010
964 577
1694 21
1658 1046
4854 3102
1185 657
744 872
1281 3190
1451 2560
4742 3236
1067 714
4016 2553
734 1547
2447 114
540 815
3174 546
359 3765
4827 1348
1332 1625
3641 332
1424 4602
2882 3210
2299 1001
1200 2613
4970 2717
4695 1286
3508 2107
1713 2178
2565 1236
2014 1960
4039 3164
3357 3210
4865 658
4003 2571
3411 3265
1502 3003
1841 3158
3741 3175
280 213
4067 2524
3957 500
111 352
519 4494
1771 1998
578 1086
2982 1357
77 909
542 3719
2957 69
3361 3764
3753 1866
3088 803
4925 1186
1114 1883
3809 3378
4667 2801
4261 1274
2045 2001
3646 1414
1562 412
2938 3609
9 677
1677 4907
975 378
3854 4724
937 2880
2589 2350
3661 108
2869 3083
2876 3310
3266 1082
1316 3327
4830 2856
1966 3753
719 367
147 1069
1501 1330
1884 1372
1504 273
3520 642
2827 806
485 949
3113 1701
2998 727
133 2465
6 4275
329 391
701 4355
4180 3357
188 2557
4548 979
4640 4795
3767 348
432 4475
4003 474
4598 4479
1630 1269
1165 4263
595 2304
1888 3543
1693 1684
1926 2577
1289 3549
2606 3999
1864 3078
884 670
511 3431
4254 3333
3275 1982
3491 4717
3896 912
1828 2400
111 563
339 147
1785 53
201 3799
4972 3878
1873 4291
4949 1061
1214 4575
1300 1245
3498 4015
1440 1611
3404 1573
2341 1012
202 2595
1771 2460
3268 4923
176 3008
1294 3519
3639 2388
1315 47
4164 288
2156 2505
961 957
3937 4963
3613 264
472 4871
4361 2640
917 872
1258 4625
2851 3866
2250 1760
2583 1206
2467 1246
2212 4540
4318 4207
3717 1492
3483 1834
1863 2064
3828 1413
4635 4073
3181 4834
2655 429
267 3977
4366 2233
4950 588
769 506
1641 1290
2981 2262
218 902
1465 3912
258 75
2762 2437
3326 4935
1960 3345
1367 849
3206 383
1521 3764
1868 4097
4581 3573
1035 4343
3278 2250
3205 2826
4819 475
3779 578
1192 3388
1679 4036
4385 4789
1953 333
1436 4952
855 4988
1648 247
3577 319
1295 1954
2707 3225
2464 3198
2325 589
250 1348
17 679
3478 3515
4254 1485
264 3203
1654 265
2696 3787
3754 1456
1927 222
4397 4517
3766 3846
4897 1803
3649 4074
2644 3266
4410 2431
1122 402
4695 3312
3985 814
1365 1884
2452 4659
433 1186
2971 342
1080 3891
3531 1696
2409 1018
3929 4096
2342 4677
2673 271
4324 692
763 1919
1863 4313
2439 4121
114 1973
3334 1780
3021 4756
4714 241
1911 592
2592 1426
4103 2612
3076 3086
2300 3244
2048 4299
385 4895
124 4680
2113 2489
4250 4489
2459 1181
4177 350
1880 4022
4041 1685
1819 692
2718 650
959 294
2425 1233
1652 1479
2063 4899
3062 3100
2331 4629
398 2083
3256 4867
479 2155
99 1235
2371 3207
488 1646
2219 2360
4676 4397
3675 3314
680 3410
1511 3113
580 349
2818 2554
4566 4942
213 4561
1388 3507
808 1857
3409 194
4230 3768
4996 1844
2984 2346
2672 2046
2974 1287
3695 4733
2153 2278
2990 644
1850 522
2997 4066
4067 2333
634 1572
4760 2089
2449 2575
302 121
3599 3109
2844 4605
869 67
1622 2016
947 4226
3966 1321
4150 1602
2715 3583
4148 4431
4008 1852
4090 4819
4879 3566
3700 1280
3392 3619
2345 1364
1762 888
1939 213
3684 212
4567 4781
2221 3936
3847 4420
4442 4675
953 2308
1439 1642
4840 4913
4121 1057
2635 2105
998 842
4082 4291
2795 3320
194 2295
2579 935
272 1439
1653 238
375 4798
3615 2442
95 4853
2981 4962
927 3436
2422 2518
3788 3181
3645 3933
2408 2393
3580 3440
630 4023
4792 2896
165 20
786 4664
4218 1599
4882 952
1148 4132
2345 2876
946 232
1789 2960
858 607
3470 1841
279 4956
1829 4692
877 1153
1181 2563
3269 1434
242 2951
4701 414
2260 3569
1320 4699
2098 3313
3279 2408
3108 1556
3406 3386
315 4432
1453 861
1591 1273
2140 4113
1468 2839
4932 1196
1528 4207
2976 1071
1376 2588
957 4993
2682 3752
4115 2387
1786 1486
2258 4114
217 149
4193 2636
124 2624
4295 4969
2819 4503
1898 411
4432 2616
1148 2690
3419 4637
798 3110
545 4941
484 2998
556 3432
914 2477
4323 63
1179 772
3494 3438
1492 4689
1328 1099
3048 4976
1728 684
4891 1240
2047 1851
932 4822
500 3421
261 3072
633 4637
2304 4224
3127 3802
4460 32
967 3845
3934 1745
894 128
2687 185
2311 434
3678 1981
2875 1887
2111 178
2823 1548
2957 179
702 4673
2221 1899
1456 4649
2209 1987
3888 797
2771 1733
2449 211
313 38
4004 2294
1916 3199
4835 68
2483 2244
120 1583
1136 2057
14 4362
1573 1188
3028 3944
16 3509
3736 1276
3302 1163
524 402
3260 760
407 1293
2107 217
4921 3831
1107 4305
3703 1025
4339 2955
3779 1086
307 2175
435 4247
3957 4188
4329 4245
3324 3934
1946 2334
5 2436
3800 2863
3327 1634
4721 2997
1573 4096
1840 162
1688 2378
3267 3130
1183 3894
4576 2356
4579 3860
4335 3317
4117 2113
2954 4554
513 3963
399 3290
2282 2025
3819 4923
311 2734
1584 4143
4058 1893
3114 18
2882 4416
3355 2792
215 2479
4491 3844
4516 4987
1711 2372
1778 2841
2206 2395
4097 534
3276 2456
2148 1297
1132 984
1473 3564
1140 4521
988 3082
900 4762
1504 3172
2328 3600
84 3607
2343 32
1471 3707
2674 3212
1351 135
3968 4552
4777 2868
3233 2332
3397 1752
2309 1652
673 1054
1606 1743
1179 86
489 1812
4391 66
3796 3504
3308 934
3658 2494
1338 1019
835 2259
4334 1918
2264 1490
4021 4936
629 94
95 1546
3311 2507
427 1661
4771 1143
3927 4946
1845 510
281 2733
1861 4791
3200 829
3865 1883
78 2702
4783 221
229 3935
1274 540
3463 3800
2894 1049
3036 1519
1591 3257
3723 2804
3040 2760
3055 4217
3617 287
4103 2317
4138 3002
2645 4447
2758 194
864 4477
2330 1689
371 1434
1790 3387
574 828
1589 608
1125 4496
3131 2579
4132 2690
2098 2203
3888 1538
2943 1553
235 2676
235 2135
3272 4749
3230 377
1793 3726
4100 3489
4948 1815
3371 1720
614 2761
4318 3723
1578 1941
4779 3257
466 1885
2823 3362
610 3572
635 2026
2767 2208
4051 370
2307 25
3733 3892
2461 4330
2679 731
3371 4131
4535 1494
4905 341
141 1382
742 1589
2295 4566
2915 2369
4869 293
862 989
4189 37
2889 3755
3151 3861
3126 3201
2813 4370
2300 3763
2861 4856
4156 2922
3744 4563
2166 3167
316 2015
1912 306
459 2648
2903 1210
3562 3574
3666 958
3491 24
1270 2244
4990 4654
4098 280
3813 1915
3160 480
1773 4600
4097 215
1251 1432
3116 4908
1398 1569
3837 4447
4415 680
965 3501
859 3046
4766 653
609 1831
995 1891
3051 9
2190 3758
2945 2208
2435 4877
387 3332
1910 3934
1306 4618
2283 52
4687 1033
2659 2653
1301 2892
2287 393
605 3681
4456 2384
3005 3645
4329 4975
3400 4744
4260 14
2997 4441
181 1067
157 4703
3444 115
375 3633
1629 4553
3575 1127
1055 2046
3408 766
1822 1649
4509 2749
1779 2668
2687 2543
2034 3024
2125 2433
2817 2728
1698 1459
4497 2337
783 778
3322 542
3354 1918
4825 2816
928 1790
4658 1332
1238 4288
301 397
150 1460
2371 1986
2712 1212
1462 2843
713 3592
929 734
4525 543
2436 4849
783 4801
4766 4996
460 1490
1773 1022
148 266
4454 3793
4458 2476
529 1583
1621 1433
1256 4837
3978 888
3902 4545
729 4762
1657 157
2658 1029
2816 2
2527 2317
816 4723
1871 3240
4927 4450
746 2802
735 2438
1020 920
2893 781
2058 577
123 1751
3448 691
841 2190
4479 3158
3884 1513
3839 1544
3637 2862
3336 2677
484 1095
4176 3067
3221 4312
2306 284
1291 642
3306 4718
1246 3602
3264 4307
1743 1879
208 769
1563 2303
2846 4820
4128 705
4261 2072
2852 408
665 335
4088 1345
1527 337
2510 772
3979 3387
2543 1248
481 781
228 4768
109 4963
2446 4053
1386 3
3938 1552
1164 4906
3015 2428
4931 4234
632 4646
4824 3956
1632 864
1872 1368
175 1260
1407 2653
3549 2572
2214 3893
3256 4895
3748 1907
1419 4838
396 4277
4159 3584
3646 617
2555 2162
4504 4238
3093 4793
3629 1300
980 4249
616 715
4421 951
899 3506
1100 4315
2143 2988
990 4062
885 4087
2545 1320
2715 2140
4869 4248
17 4710
4765 4872
403 1657
4006 2284
4679 4999
109 2072
3994 257
2705 3052
4399 2993
4818 18
3049 3554
3541 3106
1011 1275
3140 2246
1552 344
112 189
811 3517
2101 372
3188 4503
111 2381
1814 4910
2898 3760
4999 497
3369 2498
4416 217
4243 61
3348 3073
3698 4880
1788 3894
2175 2838
4997 3681
141 1366
4985 4302
2399 4565
4803 652
730 2500
2737 3211
4645 899
304 4542
1879 2407
3430 2406
4935 3235
4233 4376
4320 961
4187 2195
4737 1489
4134 1019
2281 1015
1626 2391
3726 2947
4025 2516
3237 4572
4305 4137
1309 3036
1180 4071
55 166
3635 2170
3474 2085
3994 3166
1679 3532
3691 1212
611 3340
2970 2213
1413 2992
564 623
3484 2559
4251 2622
4219 2483
4240 2734
1867 2641
684 4775
2188 853
4536 898
1640 4597
3356 2380
4859 28
188 4345
3164 3209
312 4614
3390 500
17 3763
2082 3789
2280 240
2556 84
3727 4985
4234 781
3567 864
4931 3499
2357 1990
1479 800
4111 4595
1185 43
786 4349
3664 1345
450 3291
4091 3472
2934 998
4727 2849
3061 3872
4450 1484
3351 4000
4386 4740
572 4027
1194 1970
2903 3942
1358 1202
1356 4262
1262 1199
181 1295
1956 3088
4975 3124
1757 3762
890 844
614 839
4558 4153
1138 607
4417 4472
4147 1969
4456 4981
3775 2661
2514 4677
1416 1607
1305 4051
2431 2448
2154 3505
4670 4836
2638 99
1176 4771
4717 1001
283 457
422 3902
2446 4986
4388 762
674 3292
4627 3044
784 2468
4606 1792
2659 3281
4022 882
3765 4473
2875 2236
647 1289
3091 152
1873 759
1759 593
2488 914
36 3958
4917 122
2722 4987
4864 2065
4745 3989
2132 439
4035 2699
1826 3073
2097 2326
407 2164
721 3044
4857 61
4191 3587
3201 4120
347 2619
2582 255
3002 4941
1243 1230
53 3178
2987 3589
3871 4199
2696 4777
4140 4447
1684 3128
4003 2478
4881 4753
3111 2731
4649 1880
3833 1486
2631 167
4054 4263
2705 997
1709 70
1738 295
3988 2795
2496 3277
1801 3794
627 1895
4021 2968
1325 597
1988 1710
2658 4394
4963 905
51 1382
2766 331
4899 2261
2256 1213
4567 2477
3394 3245
3995 1260
4283 2828
1255 4907
1087 3657
4123 4134
2341 1611
4179 4519
291 2637
99 2260
1965 2088
4788 2184
3607 561
1480 4915
1923 1
1115 314
4346 3084
1404 3460
2643 4998
4587 4216
2751 5
2447 2652
596 1094
175 758
1571 3908
1174 3604
2096 4176
1283 1786
600 1571
163 394
1585 1200
2948 3994
72 1570
308 794
2071 601
830 2810
3737 602
3086 3751
3380 2310
4209 1271
3438 1138
1704 1926
3788 4834
69 2249
586 762
3747 131
251 2706
204 3906
4359 2558
1502 1570
3205 4077
1102 4355
1616 901
3338 3842
443 3001
3608 2998
3477 1045
4282 1854
3881 4938
1232 4514
4135 1735
1129 2287
2367 4728
3334 639
4336 2475
2791 1891
1013 2964
1135 2128
1325 3959
3992 3107
1190 1215
2130 1685
4242 1749
2583 2305
3846 3529
1215 3064
2004 237
4255 1689
2220 4888
2949 436
2932 3080
651 2465
1589 2070
4049 3872
2126 1914
4084 4196
2200 1976
2091 1006
4676 1444
2238 2686
1583 2851
1345 3556
1392 4239
1594 61
3770 3252
4026 2496
4481 2980
1155 485
4844 710
323 2474
3919 4258
774 2586
3665 2370
1340 4958
4735 1890
889 3163
530 3974
3666 1811
3844 1158
2784 4788
4836 4998
3814 2069
2936 3997
4253 2030
211 3873
2121 4429
452 250
2344 3067
1492 969
1424 2532
4375 4621
2433 618
570 4093
536 3996
2980 365
400 4281
3375 2817
1568 83
3055 4507
2865 3416
4964 1929
1227 2463
298 4484
2805 1524
1590 3153
2506 3769
2721 4693
1028 2316
2315 4371
4947 2557
2309 4842
4102 3580
2003 4841
926 2550
3213 3886
1023 4468
663 3716
4062 4950
2870 3543
4052 129
4019 490
1205 1661
467 1254
2396 604
2204 4330
1450 626
1250 4127
1588 4500
4007 3925
4087 4995
4920 3080
4390 1200
2709 4387
258 4785
3434 4399
166 4374
4995 3831
2460 3722
3297 419
381 1735
4858 4815
2745 4304
2768 4000
1184 4177
2627 2067
4982 289
2745 2279
3695 2811
3904 3773
3039 866
1238 4085
1265 984
2000 3437
673 2084
3022 2378
4406 4455
4949 4557
3679 4487
4948 4434
1008 2351
3146 3646
4951 1044
3986 3865
4812 2136
2539 2861
3397 3259
4961 992
1941 1607
1875 1029
2346 1395
220 252
1427 634
2007 1405
1967 4750
108 3816
406 207
4957 3051
2604 625
367 45
2857 3663
3468 4488
631 4933
1605 4427
325 969
3694 2515
1988 2597
2200 2820
2038 89
2654 2858
4220 3085
4964 4913
2348 2160
4773 3880
4321 4646
343 1196
4677 2256
3708 3348
4245 2191
3403 2735
1169 1377
4172 3303
972 4348
1437 4037
3696 2267
4613 21
3780 572
4531 3216
2521 2972
3659 3981
4389 2069
3161 933
3900 3276
851 2643
3867 4665
4974 4489
3219 2428
376 4367
843 3651
2513 2848
2851 3263
71 2679
1009 4467
2613 4390
3795 3434
4743 606
1233 4888
1943 3637
3949 1618
4930 4022
530 2917
3674 2243
4356 2951
4118 609
3675 1106
4497 3430
174 2211
3830 475
3336 1838
1178 1772
1605 2196
896 3193
1939 280
586 4139
1447 3902
156 2141
4537 2246
3405 3449
1349 4698
3837 4140
4038 4678
2961 3204
2598 1848
852 2806
4952 2276
3461 2633
4489 2864
4113 1326
1160 1612
2600 2421
4585 179
568 893
811 3137
1455 2623
1683 1652
2140 1326
4341 2065
4512 4494
664 4854
2125 1795
4122 2027
996 1978
777 2890
317 2373
1720 1566
3228 4093
1846 1742
1964 2587
1818 499
1405 16
3197 2261
2162 3826
1204 3057
3106 4538
1740 515
2563 4314
1403 858
1323 81
260 4384
746 2657
4864 669
1266 4958
725 2314
3159 4918
4867 4895
592 3624
2109 4297
2480 4583
575 4418
1856 3735
3437 3884
2912 1584
4429 3505
732 198
3880 4556
1571 1595
3664 3556
3689 2634
4853 1546
3208 1996
4605 4764
2326 4451
2644 1638
708 3350
10 2209
1653 476
3263 3910
3775 3492
1163 153
4798 4882
1113 4280
3834 4824
2229 4261
4214 1993
1669 4425
3134 1154
778 1058
4002 142
3540 2421
1430 3754
2529 3554
733 4398
792 1413
3499 1484
739 2604
1247 432
2181 3919
3991 14
227 4886
682 571
4226 2670
3435 516
1157 219
4375 1906
1374 3651
2257 4045
239 3290
11 4188
3041 4549
1179 3645
3571 4256
3305 4069
434 945
4532 2792
956 1673
15 1755
4104 1238
1418 2560
3269 371
2298 2535
3069 4616
1268 2743
883 3790
4421 1824
4650 3679
2697 3611
1940 224
4151 2788
3222 4713
388 1374
1259 205
3520 2469
825 3623
2158 1625
336 3184
880 3285
3790 3889
4276 1817
1537 1550
3616 3798
1115 4680
1471 3180
3515 2362
1214 4328
1412 2386
672 2364
3484 452
1392 4529
4336 857
1795 2433
3496 767
72 1502
263 4661
2234 89
926 1753
306 620
3083 4142
3835 389
3120 435
1939 3715
3083 107
438 1066
4415 1636
4455 3194
62 3545
547 2627
4805 4971
2809 3792
2054 3552
1359 1383
1736 3649
162 2020
2790 3607
867 357
2833 2313
603 4063
658 1728
4217 4735
4438 540
4763 1700
4961 3740
2921 4070
2148 4748
4568 4294
3292 4746
2135 4814
495 1707
1196 2707
784 4121
3798 210
3980 1411
3112 1175
3850 189
3193 3829
289 1261
557 131
1770 654
2017 4527
1833 785
2675 2407
4381 2108
3910 3866
1652 2157
405 1908
608 1441
2607 351
2321 4574
702 4860
2211 4357
1868 2479
331 2375
2940 416
4595 192
4057 4510
1790 3411
1319 922
3318 1239
3273 3999
1227 4305
1881 1562
4658 2158
2918 3155
1007 2572
1021 530
638 3687
4607 3848
3464 1146
1116 652
248 3887
4260 2481
2701 4706
1756 3825
949 4149
1547 4372
429 2733
1814 4223
700 2904
3212 4410
2861 2821
4278 397
4956 4820
3722 2916
3386 361
1209 160
2910 547
3620 3129
4825 4242
192 4651
570 3228
3235 3832
3938 2241
922 2774
2846 137
3471 2515
3941 1950
3947 2231
3551 832
4307 2930
2849 3784
2195 1359
1441 2848
4233 4580
4897 3614
1742 602
2259 3155
4989 4544
2588 2533
4214 2103
2647 4593
1011 239
903 3412
750 1620
2947 1697
605 732
965 2935
115 4523
427 1610
4344 2682
4726 4517
4639 4781
3192 4210
3746 3156
1892 1124
3949 4425
932 1748
775 3429
2359 2045
165 4409
2155 2497
4469 2790
2799 3010
2906 25
1817 4746
3535 3378
40 1204
528 3455
1906 13
1785 3586
1480 999
4040 3782
1379 1646
3247 1403
2642 1720
4983 2422
2238 4089
3328 1586
1016 1412
1643 2935
2625 1902
2280 603
890 865
854 538
4480 414
3804 2161
3137 4807
1820 1267
1857 15
4663 49
4971 493
3072 2470
3874 1677
3639 4736
420 3903
2805 2422
1402 4602
1051 3805
897 3676
1952 4397
3180 667
3481 3365
2723 394
1323 2424
2832 1182
3448 3043
3381 3198
763 2444
3841 2623
4304 390
3538 3634
2880 1248
4510 2635
4030 960
4094 4547
2274 1085
1719 4519
127 4671
1963 2141
3602 4617
3169 1587
4857 1717
113 3248
1696 2965
4310 4808
4126 2259
3188 2542
3456 155
2566 1288
1424 1402
3757 2426
2740 3834
31 2814
1298 2270
4689 325
2557 4345
743 1821
4127 3629
3226 3003
4053 2868
3081 787
2630 4449
4793 3300
1868 534
3260 4346
3838 2547
4634 1083
3967 4896
2718 505
1951 3255
3619 1897
3262 1937
2544 1318
2706 3152
65 565
3431 3201
722 3459
2273 2914
3121 1446
1305 3670
4967 3725
2122 161
442 2279
1469 4566
515 290
1343 4362
3529 3766
721 728
553 506
232 308
1105 1674
3991 4362
4378 3189
2750 4083
158 447
4837 1980
123 4918
3557 2253
3233 3075
1886 140
4560 3069
749 1144
745 4301
3362 1548
303 1266
991 2327
2461 2204
2793 5000
1750 4927
3426 4007
1475 2836
1269 4184
4593 3045
3315 3098
564 4117
653 3655
76 1774
389 2806
2258 336
885 2627
1626 3034
3011 4489
2391 883
201 4269
3958 274
1969 2667
3785 2276
4369 4708
4877 1944
4678 2548
3241 3687
1471 2266
4322 4675
1477 2416
3768 968
4595 3162
2680 2215
2004 2253
3132 509
1698 180
4332 1495
2039 3850
977 2667
192 2160
740 172
2420 3307
3177 2694
932 4545
3814 3378
4251 4393
1046 33
2377 4150
2318 486
3502 2659
1361 2865
2146 3643
2274 4633
4102 4480
1056 1544
886 1702
2269 1870
502 799
3594 2414
1445 2252
1798 899
784 1057
1441 2681
3912 2030
1222 481
518 2828
4122 3893
2796 4740
3756 721
2371 4391
2546 2205
1540 604
1376 3444
3506 1798
4427 2196
3037 2535
1147 444
4635 4847
4111 2160
1961 3371
322 1199
3382 915
3829 4045
2928 116
2646 4027
2270 1013
3245 1328
1052 4173
1061 974
4857 1594
1354 4158
979 838
3591 4640
3561 2382
1764 3424
4064 4276
2202 868
4187 3523
4840 4631
2733 2655
100 3668
2783 3710
391 4202
4280 1875
2412 2985
3011 3862
1841 4479
3143 96
367 1089
2837 4758
4254 4063
1302 3109
1260 1094
3668 2048
4288 1506
3547 4356
3185 1190
4942 4350
2088 2066
3546 2334
1515 1638
4520 48
3928 4649
4872 651
459 4125
3631 4320
3570 4306
924 4865
3411 3387
226 742
2733 200
1779 3042
24 183
3486 2291
3530 2968
1295 1503
4722 2520
1758 2424
2176 2926
2203 974
419 795
554 2193
1574 3564
1692 3319
1512 1171
2780 496
698 288
4342 2053
424 1420
323 351
2374 795
709 450
1854 2426
1035 3294
755 2067
1114 3865
4545 171
3427 4259
171 422
2660 3215
3018 424
3752 4344
834 4437
3532 3890
978 182
1222 796
1189 3280
2824 3966
782 150
1692 2734
410 4674
2338 1110
571 4293
1088 1801
3806 3471
3424 286
4666 2587
3377 2025
735 1273
4222 3837
1737 712
2250 3803
581 650
2837 4372
4519 4129
3662 1427
987 2343
7 1293
3684 2825
1157 1192
4419 1559
3467 1767
1023 1724
4889 3148
3544 2042
643 101
4712 1822
649 785
4325 2822
779 4673
1823 492
4798 3139
4173 371
4332 1841
3617 3970
1567 3863
4639 3686
3628 3419
4026 3662
2842 4206
3929 523
1853 3897
3256 338
3975 1608
1219 2304
2252 4651
1501 1823
4179 4129
3267 3451
1809 3847
1717 4333
832 4105
4170 2701
2205 4000
1331 4762
4890 2400
3912 1409
2987 3436
1776 513
3671 654
1551 2646
4084 1354
1888 1798
2234 1230
98 2746
1036 3846
4461 156
4184 2943
1948 1066
2691 2536
4471 2395
4652 4657
1511 686
164 4498
1282 1651
626 3073
4741 4658
3686 2488
4395 2636
799 4546
1922 2756
378 3298
659 168
4756 495
846 4989
3493 2495
4242 2816
550 901
412 3857
4206 3329
56 3017
242 3547
1685 3913
1670 3127
1283 2900
947 2025
3610 3893
186 2929
1750 3499
221 2080
884 4180
1084 2211
33 4780
232 1452
1907 4296
3397 4659
2485 4078
168 1196
318 1224
2933 4110
4422 3642
4238 2593
4155 1592
846 4146
1285 4431
697 3673
1508 2079
2165 4307
1940 1041
4456 1876
1031 1662
3025 676
4599 3425
3206 1635
2770 2129
3347 1545
327 2756
4135 1040
4342 1037
68 1905
4286 1367
253 1239
3032 817
4351 1466
1989 2985
3328 3715
3952 2989
590 2323
1523 3040
1193 1183
3817 466
2394 4966
3067 2630
4728 146
3436 2128
2167 1727
2271 1460
155 3465
2125 4495
4716 102
2290 1145
776 4153
531 4411
1925 3590
1398 2699
1358 3998
3685 3373
120 529
4417 805
448 4257
4580 4279
4698 97
875 2985
1552 2241
3675 4371
3367 3185
2523 1910
2516 3749
3097 1431
3243 4851
3873 48
522 2972
583 1266
1827 1189
148 535
1777 903
1789 3309
4006 4715
600 3908
2575 4751
1833 997
3105 4881
3576 3777
2785 3866
3337 4706
2590 773
358 3111
4520 2383
3849 3595
478 903
4007 2591
1489 3859
2084 948
2603 3442
4268 3111
1178 2895
2227 4249
3047 4414
3465 4743
352 1836
686 4094
2289 3701
1313 1821
3885 4136
4879 3006
4207 1894
2251 456
827 2119
2748 1281
2264 4952
514 4029
2048 1375
3182 4144
4325 2947
4915 761
1559 4839
1457 3240
3308 2794
3135 114
2777 789
4784 587
631 1696
501 2054
3749 2209
3312 1286
1600 510
2386 1016
3165 2858
4543 236
4875 771
3306 2598
2016 4796
2410 707
1445 3140
4178 735
3529 4655
3374 3752
1289 2572
1516 3167
4668 2308
2639 3867
4445 3408
2800 1701
2757 828
3693 3050
1661 1672
4409 3743
2201 1163
59 2487
381 2695
667 4600
1078 491
4322 933
4901 1288
1274 4438
3731 925
3963 1244
1380 919
306 4515
2864 2008
1633 1968
3946 2566
2413 2307
3084 3013
953 1219
937 4852
4354 1406
355 3993
2436 1810
1464 4452
2205 4709
4988 768
519 2328
3711 2989
1914 1581
4673 1678
1051 1745
3007 3626
2884 4154
1473 1574
2560 2087
3253 2199
4663 836
2580 1125
3859 4737
3022 4123
911 2458
830 4949
4311 3454
4984 4818
2741 1201
1130 3775
1245 3629
3836 4742
3915 4827
799 613
3542 250
4772 1687
212 924
1907 1800
2428 628
3216 2857
244 4142
579 2035
2222 4970
2881 4838
4758 734
4019 3768
1676 147
104 3877
4134 1105
747 2763
2148 4731
3220 4575
1236 4040
3992 1930
2590 1311
954 3494
3396 2409
3428 4901
1127 208
4259 4578
3104 917
4133 2807
2359 311
665 4621
2834 4205
3426 1972
3828 792
1498 1860
854 244
3248 2475
913 2818
1783 1707
1384 2476
4120 4448
3219 1850
4864 4165
1839 133
1584 2781
1152 3505
2060 1816
2963 4211
3700 3480
4594 3475
2238 2198
1329 3721
285 4693
2816 1749
1056 1053
4184 1284
1744 3636
2100 4918
199 4632
2848 2070
441 1906
705 890
1006 1704
4997 1858
1732 2725
3466 3481
669 2065
2872 3255
1835 3013
2429 2855
4490 3021
3249 4023
2873 3443
2975 644
3838 2136
4753 130
3926 4066
3776 3901
4059 2866
3537 4653
3875 2771
3570 4634
1920 3480
1752 2452
810 4365
3471 4644
319 1290
4552 3464
714 2432
4330 1912
3278 1760
3702 2759
1133 2239
1421 2420
4889 537
4832 1874
1829 4752
3833 1786
4846 2956
1595 2237
3739 3649
2880 4852
3077 4918
3721 101
416 754
913 3072
2453 257
442 2028
1056 1900
4330 620
2626 2179
2871 1412
2468 3070
345 490
869 2324
4553 2780
4478 480
3706 526
2590 3089
2877 1419
860 4017
3413 4231
646 3360
3955 1007
3222 372
4571 4561
1028 98
965 4437
2279 4304
3488 2368
4495 2433
1809 4405
2977 4221
1121 316
2302 4446
379 2269
4082 3574
4996 4739
1035 4282
4608 2419
3136 4327
1416 1578
4230 968
2927 4412
4437 2935
1782 365
2418 2652
3381 3196
2322 2039
3042 783
263 625
4454 4602
1422 4576
2489 2087
1118 2230
3852 2678
601 1781
4380 4821
2799 405
4712 3054
1563 183
2296 3462
4534 4828
1585 1619
1108 69
3659 490
1280 2920
509 2976
3526 4690
71 624
3338 313
741 3890
89 1243
2423 4606
2100 716
249 1087
2581 4906
4262 1701
1879 2675
3335 107
3987 4919
1002 2939
318 151
2922 751
3560 3967
1151 4439
4308 236
2621 446
1073 3719
2704 262
434 2880
1361 1432
1999 3286
2966 4024
4932 168
3555 1040
1955 2029
305 2806
1707 4756
1276 4321
4321 632
4109 2675
2648 2933
1082 1713
4492 3802
2878 3943
4614 3811
4968 169
1387 4861
3095 3714
1824 4415
2217 2169
3545 2157
1377 3857
2392 1049
2470 3667
3251 3971
2354 1190
4879 2268
2028 4977
4906 3526
3190 2682
1397 1369
105 1261
907 1567
1286 3316
959 3205
4683 846
2493 4056
2866 1062
2526 4656
3186 4520
867 3370
1160 54
2351 3626
892 2661
842 2518
3484 2716
4647 1973
176 4286
2228 3790
2285 895
1999 423
4785 1152
4048 1500
1963 156
1527 1846
2156 4790
4066 2193
3748 1365
2859 3579
4461 2173
3608 484
351 2474
3550 3036
3674 3615
4978 4560
2905 2218
3260 1638
1139 4135
1157 2165
1596 599
2183 2385
4631 4964
4418 2502
455 269
2383 151
982 3931
3839 1056
27 1813
972 4470
421 2626
2549 4633
3523 57
110 2322
3951 788
3132 1929
1509 1560
242 4356
1764 4902
1139 381
4475 4190
2210 615
1213 4046
3268 3819
847 1321
4888 3990
4335 2010
2049 3561
3769 4127
2839 1140
625 2847
2480 1645
610 848
2073 508
3672 4644
2402 199
752 3310
4608 1831
4767 2895
2510 3605
4363 3756
1536 175
4008 3418
4773 3761
2567 2312
856 1369
3632 233
2445 4703
144 1327
33 1658
3118 4157
3295 3143
1759 3762
2419 4018
4228 2306
633 3628
3729 652
362 3969
2901 1667
2814 3533
2832 3102
66 3197
3694 139
3484 250
1395 2984
1162 726
2688 1498
3849 4004
4823 2272
1565 3544
1092 2449
1149 3019
3507 2685
4337 3134
4591 190
4350 1602
4640 4182
126 1478
1560 2916
4270 4512
3186 318
4533 2403
4926 2647
103 4385
3280 3512
2700 352
203 515
3287 3509
2773 4928
3594 4624
3648 2580
1566 2642
1660 370
3840 1785
4906 2723
3192 2771
3368 4760
4236 3758
4548 4769
4787 3487
971 4099
2235 1508
4175 530
4845 3630
701 1102
4168 2041
3870 2814
3708 2834
2850 3008
3601 1285
4892 2509
4452 1024
335 1371
4503 322
992 3740
1829 3033
1609 4707
4323 4227
3590 747
2996 4378
2679 1265
3890 276
4406 91
3382 4470
810 2456
3123 3548
1298 191
390 523
3269 3546
4251 2054
589 3487
2524 2333
766 4445
1594 52
1671 495
540 3647
44 1425
168 2707
2173 4381
195 4419
3799 4654
1753 2697
4600 2150
4664 3553
3418 3643
2677 3701
1430 4537
4113 3679
3364 2397
1532 493
4568 1830
4047 4527
4468 237
4589 1407
283 3090
2288 2103
2597 2629
3984 3489
956 1026
4289 4013
2930 3987
1387 408
117 1706
696 1867
192 2348
3223 4670
2583 2450
4753 3770
4938 1142
4538 505
1535 1098
2137 4515
771 231
4645 4334
2292 4783
813 3780
247 4623
4943 2061
4173 1434
1031 1444
2512 4227
2044 4968
3706 4840
203 3131
419 2374
4024 1060
4913 4631
263 2604
223 249
3113 4262
876 3065
3188 691
2686 2198
2342 2256
850 2714
4229 2701
1193 3309
3513 3677
2050 2599
2769 893
2758 1980
4493 3017
1227 3141
3528 3004
3033 1712
1838 4448
850 590
1207 806
2837 3009
710 2285
4769 979
175 3995
839 2761
3121 3215
2654 482
285 3168
4861 2852
3182 4412
4831 3114
1737 4832
3404 269
1370 4265
2318 4702
233 3038
2378 4862
4284 112
4859 3853
2153 3592
3736 2558
1393 3395
3476 2446
1872 528
4738 2351
3685 3750
3329 433
3322 2055
1644 4640
649 4316
4874 2520
1719 3213
4863 4801
641 3921
2623 3112
1565 128
4522 2299
3376 4108
9 2232
1240 4979
4632 3270
1379 2245
4246 2727
1749 2455
1417 1797
205 177
2189 4451
3543 4444
2490 2873
3904 4641
1496 3053
4025 3860
2699 1569
4984 1914
4363 4203
3352 4453
399 2793
1352 4473
1324 1864
1615 3956
3905 1686
788 1226
3662 2496
3751 2501
891 1508
760 1515
2773 347
214 3121
3231 3214
2530 95
2568 562
3928 1880
2782 4914
1961 1720
3035 4951
4229 4170
2419 4118
1044 537
4426 2702
1701 1356
1099 3245
3989 876
3627 640
431 4802
2809 3496
4573 725
2978 3323
1711 3855
3184 4568
4338 2867
1632 4204
2983 531
4620 4411
2263 634
902 3123
4563 859
3022 1688
4213 3759
4389 3905
4796 1629
3331 3960
1 1576
246 4544
4570 988
1120 4506
2564 4216
4800 2555
2537 4776
212 2825
3584 3844
4369 1268
439 2188
4046 1039
1695 2060
851 1594
2277 3474
1378 454
1140 1429
10 3749
2380 4618
1297 4731
2581 4360
1634 1009
1631 848
434 937
134 369
4443 3578
1758 1660
4428 3433
4798 1080
1593 3708
3952 1380
4786 3845
3742 1138
1888 3506
1457 3284
4991 3816
2840 1452
3392 1107
2694 2879
4776 2717
3414 1900
3774 2083
2320 506
1716 476
1461 3856
4214 3295
4304 1522
177 817
4807 1931
2588 4901
1235 2260
4092 3417
976 1113
1729 328
1234 2393
3802 1670
234 3997
610 1631
1933 4585
3204 4300
841 1738
101 1802
4324 3060
4252 270
2176 66
1782 2144
1692 4240
4969 2783
2570 1635
3968 1146
895 645
677 3051
4569 2022
3279 2387
1285 4606
626 1974
1253 2843
90 245
2962 1351
1245 645
4464 2198
1738 2190
3459 210
431 3950
4443 1510
2207 1336
1925 2763
781 2666
3796 666
3836 599
296 183
3741 1158
3441 3296
3993 3403
1185 1705
3043 4962
2064 2332
1492 4145
2107 4815
1198 4127
4805 1532
2379 1761
4584 1872
2406 4497
1032 3133
1212 2002
3704 3412
1218 793
4424 2505
1370 3200
495 1137
1345 1739
3395 3819
457 4755
3774 4812
1229 1363
903 4541
4627 473
331 334
4232 3344
681 1115
110 1464
482 4166
3866 3263
4169 2698
3684 4865
669 4165
3898 413
2579 203
2224 3499
1425 3125
273 4364
4205 3708
3916 4983
3988 1045
428 4172
2581 3526
973 1482
2043 2810
978 4929
415 2046
3002 3406
761 999
3091 758
2941 4548
3421 3390
333 4373
1637 3554
1216 2737
2075 2077
3082 3320
4532 3920
779 702
2886 1856
2772 1505
4009 4630
2137 306
4043 4083
1696 240
214 2660
251 2574
1909 3555
3120 753
2426 1045
1684 4797
2892 2503
1975 1865
3542 452
3890 1679
2460 1998
196 1218
2717 2537
822 4907
286 2689
3962 2754
513 1244
3428 1288
1180 4323
3203 1520
2787 1412
1414 771
4429 2154
3568 3730
1095 463
2242 262
2108 4147
1978 3772
3281 119
1420 1263
1627 3122
2302 4010
601 2462
1555 2244
3915 1732
1373 4064
1675 1443
2414 3430
479 193
3789 1885
292 2297
1415 2799
112 1429
3643 4008
4056 4129
4294 1830
4494 4270
3005 4413
2319 2764
4232 12
3162 679
1912 620
3958 1339
2805 4983
4091 3442
2377 1500
1721 3366
2405 4022
4711 2858
2306 39
1336 3226
1280 3480
4514 4668
1447 4545
849 4059
3935 3941
2787 177
3633 1715
3194 1722
2770 3678
655 4312
3218 2394
988 3878
1221 1372
1947 3040
3125 4549
2257 740
1712 57
1005 2540
544 3255
1523 3724
2036 2210
1012 264
4428 4924
1765 1865
981 3517
3792 767
3476 3948
1042 1628
2485 4219
604 3490
3858 3386
774 1358
4711 1609
738 812
3274 636
159 1796
1446 3215
4840 2885
718 3214
205 817
2871 177
3035 3773
3953 1401
771 1467
873 804
1690 2933
1276 2693
4765 2465
1154 4337
2486 993
822 1677
3408 180
2486 1959
2393 3279
2337 1760
2860 2062
1731 4718
674 870
1082 170
1646 2245
3077 3159
4532 3614
3683 74
1620 2689
969 4689
2022 4920
1246 4617
787 1780
4488 577
4095 3464
3014 4596
4582 1531
649 845
1132 2525
2970 685
4696 1992
1463 97
777 1551
3919 2698
3100 1171
3945 935
3947 4826
4743 155
2607 323
3239 4092
4391 3650
4316 1833
686 4262
1202 3998
3503 446
3720 3182
292 4553
4253 2599
2365 1442
1832 2673
1106 2315
2300 2670
1388 2685
4422 4792
2147 3439
2746 669
4893 1730
4522 2207
279 1698
3980 1598
3820 3660
720 4824
563 352
1472 3707
2283 851
1504 4806
258 939
411 860
3806 2515
866 1207
1518 1569
2798 2953
4832 789
463 1064
2645 1279
4076 2751
461 2325
3990 3897
4388 1174
3421 4347
4275 644
4510 1930
2186 4086
436 4475
3439 4400
2484 3030
4855 3195
2870 3506
3115 1365
1815 3953
392 4359
4542 106
2504 596
991 1551
1161 3642
4160 641
91 197
637 4835
4589 3693
2765 3413
591 1592
1552 188
1288 2744
3697 2153
1765 1031
2966 1060
1324 236
2554 4052
2439 1057
4636 1879
4538 3541
3455 1746
4382 2618
4630 4861
3161 4322
3720 4518
4664 417
2628 2552
937 945
4648 775
3771 557
4211 3621
2554 1038
2784 4917
3451 889
537 3035
3439 766
1131 1892
3376 661
4201 4567
3360 3478
1606 4169
1105 1338
294 1004
4264 4405
3167 2678
2662 3225
3176 3879
1984 2556
1323 2841
2564 4587
1455 3841
138 2777
3960 3917
414 2301
4590 3597
1982 706
277 4463
3647 815
1517 321
1079 1340
3901 597
209 348
2231 448
3171 810
205 3032
1098 2346
3683 425
4139 762
2143 3425
4902 661
4705 3972
1709 3545
2398 456
3991 46
4112 1140
3529 3781
3757 4282
3896 1525
3196 438
2404 4044
388 4885
3101 51
3148 3904
1096 1396
3522 1024
2517 70
4768 2927
1143 3644
4876 4208
3083 3335
3377 137
1992 3964
266 4893
1262 1529
3805 4909
2163 278
3344 512
4624 320
1994 4887
1010 3174
4062 2317
1093 1576
3355 1206
1421 3688
451 1254
2488 3682
3167 3852
1530 723
1414 1467
4954 3931
3729 841
3341 1200
2803 2988
1228 3693
1158 3940
16 1334
4216 2058
4086 3985
176 2850
919 2823
1857 1755
2569 4483
2177 1232
1612 3468
2240 3876
3909 3658
2361 4257
3429 1454
1924 2801
4191 4955
4886 1224
4979 533
4720 4865
1681 558
2977 796
2362 4916
1993 2103
1095 1064
4678 2435
398 3774
3018 108
3625 4152
2662 1296
659 4932
808 2117
2956 3189
1458 2952
699 3815
908 2354
4351 4814
4784 690
2250 2337
75 3505
3183 4174
3398 2221
229 1901
2577 1704
3035 4889
2067 2910
699 3457
3103 1694
420 4891
1246 4883
1443 3317
4688 1859
3064 525
1391 4125
2974 1743
2990 3604
3550 1519
4250 3011
23 4340
4732 4190
2810 4557
2235 2079
148 4893
415 1679
2595 3591
1817 870
54 3930
2204 620
2031 553
326 4321
234 1386
1603 2720
2251 1010
3242 4551
3734 4272
3903 4891
1936 2189
1497 4088
1003 3563
4034 1075
981 3638
3660 1039
2174 4684
3407 134
809 2340
4593 4926
4317 2210
144 1796
3511 1768
2565 3603
1168 1308
1623 2597
2610 814
709 2086
3136 1716
248 1278
2566 2744
2633 910
2608 3089
1599 3291
2170 2703
4826 1505
3869 287
1356 2800
711 1658
1040 593
4526 1442
3282 499
2123 1352
486 4380
4149 485
3460 4689
2460 19
2349 1866
3751 3187
696 408
1845 3672
4984 2126
2954 2866
4052 4352
3388 1987
2301 4701
3438 3742
3007 520
2169 4749
1768 421
3052 1148
2082 1173
4755 2086
2805 3916
4651 3596
2185 1487
4048 4754
3324 1745
2500 2779
3567 3602
2924 2305
3662 3473
1683 1437
1488 239
1528 4318
2714 3501
2355 3286
1359 4725
52 61
834 3778
1958 2335
3631 4075
2184 2216
2931 2544
2652 4921
790 1361
3018 3661
704 4483
4212 1710
4054 1052
1805 2427
2262 81
1736 710
2296 4205
944 4591
4387 1948
4551 4501
1060 552
3559 3288
380 3585
243 3714
2899 2934
2993 4560
2369 3911
3122 1073
1313 1398
3650 1986
3843 2536
2669 871
4122 3610
301 4278
268 4352
223 2161
191 1334
58 2992
4667 4516
4314 581
2185 3540
1476 789
4968 1650
2407 4636
487 4075
3118 2313
2762 1825
671 2861
3680 4392
197 4757
477 1411
3621 324
1601 3776
2094 4597
4310 1223
2386 2125
3738 2408
2338 1000
3142 1557
382 4427
4889 3773
4996 3655
934 2794
2261 1357
494 3237
1467 4875
4133 462
3041 3125
3724 471
4890 862
3759 2914
2279 225
2136 2164
3677 152
136 178
4106 519
4197 3350
2473 675
4012 1922
999 4915
3672 3299
100 2048
1859 4319
3760 119
2612 2118
1979 3918
1085 1063
171 1533
4271 3026
1015 3284
4599 64
533 3154
2018 4835
4104 560
4150 4350
332 3854
290 2121
296 3491
971 3786
889 3267
592 824
2684 2358
3097 4685
37 4678
3842 1755
2901 4047
2033 4136
4219 1555
1947 4652
2650 2722
3426 2591
3406 361
1995 2538
4168 2470
3995 1094
2921 425
3769 1250
3048 3954
4845 8
1105 1019
1010 546
3494 4446
838 4769
406 746
3046 1280
3786 4332
1722 4363
3864 4828
2103 2013
3372 2074
2983 1597
1661 4486
4621 1371
4201 3600
3403 199
415 3532
80 3939
3419 3120
4896 3110
719 1089
4876 4774
210 3616
675 2703
2427 2450
1622 4796
4612 3079
2371 3650
2499 1616
2741 4073
4705 3267
1744 2068
2147 106
1763 4633
4235 1242
3653 4665
3789 1173
1243 3547
791 1676
4942 4309
3363 3870
2704 3723
3577 4524
2076 3517
2009 3575
611 2509
1523 471
4380 4562
1806 1190
547 2067
2131 3095
868 2145
2528 3571
2275 4855
318 227
1703 38
4705 3451
4700 773
3515 3360
1601 294
1520 366
3190 2748
2168 77
3545 4842
2176 2982
859 3818
2829 50
521 2964
1444 1662
1164 394
1114 3174
2822 1697
2992 994
3057 809
340 4603
479 3342
3668 3926
2592 2549
2996 4846
4573 4711
3642 1899
184 1527
2360 2340
706 4657
3168 4837
3694 2379
2973 4164
202 3097
1355 4215
2629 1988
2853 4551
301 854
4750 1149
2080 3110
313 1703
2772 4459
1601 959
1223 4808
3570 4572
3458 1863
4956 2846
1715 4880
3824 4474
2637 2764
1597 4700
2052 4011
2471 3576
1773 2134
1620 286
1331 4396
3521 390
446 1370
646 4916
4162 3513
1905 2018
1581 1856
2044 1908
2413 1074
1667 2017
476 2844
4443 3227
4647 3135
4695 3316
655 3176
2649 4144
4884 3323
328 2347
2874 3606
146 3543
4704 2207
4323 4588
2 3817
2565 1991
3546 4759
594 1937
2937 2752
930 4011
3339 3099
4690 4850
3631 2390
2585 3450
2939 2524
4096 1188
4437 1643
4609 2269
941 2042
2561 4246
4360 3526
3170 3246
4995 4921
4090 2335
2348 4651
4932 4656
2182 3196
433 2171
275 4092
2364 3998
295 1116
1244 1468
227 1224
2337 2406
2090 1036
2713 2424
2062 4702
1558 4076
315 2212
3390 3534
4828 2972
481 2893
2708 3434
1803 3954
3438 4446
2193 2997
4878 1994
1542 617
4144 3720
2215 3913
217 2024
2778 3274
1623 4977
1319 1422
4588 2709
1307 4244
1201 4635
2376 3131
4453 1995
2712 4426
278 4731
4741 2158
1534 4457
26 359
1731 3306
1491 2692
790 3339
3282 4615
4209 20
1268 2312
1516 3231
1410 1847
3892 862
4608 609
2694 300
3713 2094
2131 3714
4245 3755
4297 1442
2660 3121
1534 615
4526 3461
2209 3525
2970 3541
4506 2022
1778 2424
3800 2397
3845 4160
2287 4661
4034 1275
2455 2
1451 1989
3337 4505
639 1780
3966 4582
2491 2073
2398 3859
3794 3898
2492 3453
2415 1884
2243 2442
87 339
1834 4702
304 906
3047 107
1205 818
3705 3218
2645 3837
714 737
1579 876
71 1624
1241 1003
759 4291
885 3831
524 1122
4192 317
2230 4681
1814 3945
1748 3582
1171 1154
1869 2803
4288 4085
637 68
225 2745
4723 4130
470 1074
1522 390
453 3056
4874 2057
2593 2736
3675 2859
2292 3376
1411 1598
4491 4159
2083 2547
3750 1944
3983 465
4992 3869
333 4155
4448 2289
4528 3895
794 4016
362 2798
3752 1333
3211 1108
4744 1047
1073 1627
4114 4401
2835 4938
4008 2146
586 1405
4490 4136
4529 4239
4408 4471
3672 510
4297 2365
4569 1120
3779 1975
251 3152
3217 1928
1614 3432
2211 2056
2961 127
3264 4044
3889 2391
4814 235
2159 1141
3141 4137
4463 404
3834 3127
3000 2169
2093 3669
595 1219
2006 3000
120 135
4055 4803
2991 444
2960 1183
3432 757
1083 3109
54 4810
2080 4783
4343 3853
3075 2332
4700 4620
281 2853
3970 2766
1375 4403
1997 672
2485 2183
1388 2776
1835 3518
1840 2020
3960 3637
344 3342
3383 3466
2518 1524
3553 1708
1659 103
1448 4536
4059 2954
4617 4883
628 1225
252 600
2240 3222
1957 2909
1051 4909
275 3417
2905 1793
2845 2084
388 4967
3849 1356
387 612
488 3075
54 1612
2545 1805
2439 1557
1621 549
269 4096
93 2242
3971 2487
2135 2860
3611 534
2866 4554
379 1690
3949 2310
4035 4572
2884 871
1016 4495
1202 774
703 2214
2319 2071
3462 668
829 3503
2541 2906
1251 3099
1680 4324
722 610
1562 1440
3495 4403
3151 4428
4281 4339
1242 1994
2383 48
1708 4664
3138 6
2412 138
1681 2824
2962 1843
3618 3881
1725 683
4212 1499
2494 2168
3335 3047
4464 4688
1175 3841
1800 4296
4922 1378
1744 3874
2572 2967
4611 3198
3117 4571
2121 2154
3059 59
4844 3649
4124 1146
3157 2275
4080 131
2541 25
2096 3067
3394 1474
1249 923
4894 1541
1030 2693
3516 3867
4774 4208
3524 3687
4618 3923
3995 596
4148 4028
3332 612
657 1705
1079 4958
4376 3986
1502 3226
2361 2231
1494 1292
224 3663
2207 1362
2150 4462
4581 4379
4237 1009
2739 3643
3527 2730
636 887
2683 2938
4897 2003
1520 4870
1733 2702
1554 2114
4989 2133
1360 1320
3490 241
3493 2293
2573 1595
987 4460
3356 2546
4486 1672
3074 1938
3820 3678
2738 4449
2689 750
2029 395
3665 4157
3301 1063
2432 3435
4266 1973
3414 337
2750 514
3422 4078
776 4729
4212 1988
133 3418
879 3488
3836 34
2478 1123
2180 4859
1481 64
2083 4733
218 4366
3936 2962
2803 4152
2286 4603
2199 2116
2845 2278
2906 1977
2906 4013
2237 2573
266 1112
3063 754
2346 1449
2669 2617
1315 1384
1820 1237
2769 568
4641 2225
2885 4913
1452 933
3964 4696
2262 4200
4479 3470
3663 1041
749 4407
1191 1315
3558 3569
1687 401
240 631
1151 2350
1216 4916
3405 173
4983 1328
4 3344
3232 2596
4759 1946
3542 2725
3657 3804
4732 436
4739 1844
4940 1184
427 1672
3964 815
2642 1695
353 2199
4207 4141
2515 2923
51 4533
1900 1053
1526 2430
1134 1483
2539 671
4899 1357
3214 831
2793 1075
782 2519
4051 1660
461 1990
1598 477
2334 1886
2706 2663
2189 2603
1348 2725
4167 645
3730 3605
1464 4843
3271 3293
1875 1113
2579 515
4933 240
1417 4549
2477 4781
4082 3562
1689 2932
724 4308
770 916
3596 2252
4151 973
940 3417
4287 3797
1513 4068
3976 1418
4185 4327
598 196
1147 2482
2056 4357
4116 4934
4562 4821
2631 4946
4849 1810
967 2495
338 2884
2081 96
3391 3810
3479 2129
768 4402
4101 3020
3817 4592
3563 1406
2080 2292
4706 4505
4620 1597
169 618
1054 948
3521 1522
4782 3199
282 3634
2153 713
1860 684
4875 231
4727 3784
4574 3426
251 2663
4846 3189
536 374
1287 1606
1164 2581
222 2015
1636 4421
4176 1314
3743 2620
2742 1092
694 4387
3240 3472
3848 329
3763 4710
4128 4957
2664 2854
1935 3797
4792 2441
3523 2815
154 1831
4220 4181
3843 2691
405 3010
3041 1417
4943 4392
361 1385
3071 3520
862 2400
290 2154
2516 10
4200 81
1387 1867
1829 57
2592 1229
3531 568
440 4994
4143 160
22 3559
3549 3955
1141 42
3653 3725
252 3908
1072 3677
3524 3682
4001 1682
8 3038
2613 936
4681 1118
1216 73
2924 1206
4520 3873
3803 4156
494 4035
376 1475
4221 118
4628 3268
816 3712
58 1167
4586 3234
2561 1155
4320 4939
3713 1015
152 2138
2297 2016
460 2264
2894 4086
2720 1070
2171 4925
2902 4659
1919 4186
4625 909
1433 1791
5000 3533
3696 3394
4426 1733
3399 1591
4691 4605
573 2343
1617 4643
562 1322
1758 1156
3946 1249
4010 1227
3232 1312
3871 2052
104 1257
2071 1781
820 2842
4839 931
3514 1549
4051 3058
1788 3847
4312 304
1424 4454
254 3974
4893 535
3092 4754
4654 201
3299 510
1944 4038
4015 1657
993 3965
1423 3133
2404 4919
1816 422
716 2454
1197 4389
1970 2389
3931 2471
4577 909
1773 2150
2164 7
2599 2913
1787 2023
2983 4620
1915 3349
4345 4947
1746 1093
3453 689
81 2841
994 1413
4835 1905
4301 1938
4502 1005
167 4126
1603 1070
1013 3922
2133 3163
2899 842
2670 4710
1054 665
1336 4704
1354 3391
3766 1036
4592 2455
1317 983
3443 1858
4606 2523
2206 4408
2041 2534
2262 4962
4046 3660
3872 1428
1122 1014
4252 3176
2351 3007
404 277
3042 2668
261 913
2063 2152
4815 3508
2677 2289
8 3632
2149 721
1828 4478
4781 914
3821 342
69 92
3115 2415
3312 4563
3351 2768
3574 2976
1958 2790
3029 3048
4811 4532
2267 3145
2219 2331
1875 2658
1910 3324
3613 366
2692 2732
1976 4115
130 4881
908 3185
1235 2638
2877 2881
3019 1633
1828 3160
3443 1577
238 4185
166 4482
2015 2525
3717 697
4113 3583
231 4292
1180 2512
3655 4766
4180 4474
1896 4935
4920 4569
3671 271
2728 2959
108 424
3264 2930
4592 1885
3081 1780
3491 2329
3305 708
3038 3632
4615 499
981 2076
3323 4020
4394 4235
3604 2032
2411 2101
4778 3832
259 3566
910 4526
3219 3808
1727 2556
3449 4558
1740 290
2311 4586
1038 129
2524 4718
3102 1182
3560 3173
1784 2878
3728 1921
2483 1555
1069 339
426 2537
4842 2157
4486 1205
1165 4054
915 3087
1213 3660
555 3573
3588 8
731 71
3494 3742
986 348
3605 86
2853 4501
4869 545
1307 360
401 320
370 1156
2040 2794
4530 1438
2801 4435
471 916
2617 3522
3382 972
4204 808
1649 2291
136 3656
141 2403
4042 7
2010 2729
517 2248
3183 3565
3671 1832
285 1256
1774 653
4587 3797
1239 1878
647 4345
1990 1796
1948 694
1263 1253
3490 2396
527 4791
3441 2916
4377 2408
2318 3483
1324 724
2059 2531
1129 625
1500 4813
3500 1078
3536 47
2307 2541
968 1023
596 2349
1296 343
4413 3325
2681 2625
3824 3210
2237 1571
1382 4533
3126 511
3195 4064
4993 2286
1476 138
1329 1554
395 1421
4779 3399
1873 4215
2965 893
4438 4261
4031 1098
2874 1771
1294 272
3869 3617
1729 516
3791 2881
4925 681
1104 488
4546 502
1558 1582
2213 685
3530 595
4492 2243
2418 3654
3030 4411
1071 509
2870 1888
2441 2887
4036 1055
1588 3884
360 4244
3586 4273
363 3111
32 3063
2077 1889
2894 814
3922 2964
3467 2946
4564 4308
1645 719
1130 187
883 2228
4888 3897
3197 2982
3710 2327
154 1815
3782 3777
2192 1397
122 2216
2225 2895
3447 643
416 648
2092 4471
1954 181
2967 4947
3670 3362
232 794
894 3094
4518 4816
820 1186
3503 2621
564 2113
2141 1604
49 836
3090 30
85 4658
4679 2789
910 3461
960 4287
2021 3585
681 314
747 1925
1335 1226
4955 2230
1923 4886
3308 2180
1490 877
2131 795
455 4274
584 2747
1968 1651
2649 732
98 3147
2958 4666
4383 628
1986 2159
1350 2208
1739 1497
4103 2527
1794 1003
4430 1433
4686 1563
4197 878
1134 2606
20 4409
3510 4171
4483 985
2703 3635
4829 1066
1799 2092
4189 2437
501 4701
911 3710
2883 692
406 3685
2584 4172
74 2835
2124 1813
4789 255
4945 477
1587 4870
4744 4994
2680 3913
3047 382
886 1526
1918 497
4603 4993
3469 742
1272 3511
4630 4610
928 3979
299 794
923 837
1020 83
1081 827
377 975
746 3373
941 1565
1422 2774
1868 215
2645 4222
4928 347
3179 4961
125 3721
923 4018
1836 2381
532 560
1590 4174
775 1118
856 1103
3039 2827
1004 597
1453 4241
2657 4780
2863 2397
2099 4549
2412 1476
3782 3576
3116 4233
2134 1022
4399 4065
1590 3183
278 3289
1236 3782
87 2078
253 3318
1792 1285
884 4474
1496 274
1337 4533
19 1560
3195 2275
2434 4001
591 2900
4140 2474
1938 289
2909 764
4358 2497
1102 1776
4802 2656
4423 2443
422 1533
4274 3485
582 3706
2480 245
3680 4682
2197 732
4110 4125
2499 4972
2001 3293
834 3501
4225 1488
426 1586
336 4114
105 3813
790 1251
2620 165
1675 1349
4652 3040
60 4240
2222 847
3016 845
2012 2165
82 984
3221 655
3868 2116
3579 4535
4787 3102
4483 977
157 2445
784 373
466 4592
4600 4462
4697 3670
4765 4339
308 946
3552 2301
2724 3135
1507 4645
423 3286
4178 2438
3244 4226
3569 4423
1494 3593
2226 4700
2283 2643
470 2413
360 1167
1706 4033
1232 953
1922 1655
2576 4584
2386 4495
3895 140
1936 2603
1390 3298
4773 206
1458 4014
115 1376
3810 1354
2510 3730
1431 4685
1321 4582
1484 1750
3497 1821
2918 739
4943 548
477 1519
2185 2600
3691 2712
3729 1116
869 2490
4786 4898
3302 4302
3023 819
2945 559
142 938
3143 867
1152 75
2538 1111
85 3389
966 2036
2812 1882
1619 4591
3384 1174
1574 826
254 2917
1378 1538
3229 4550
1664 1292
3069 504
2970 1063
1578 3330
3335 4414
1741 2366
3321 1730
3472 2603
4749 3609
3348 1593
1181 4314
3323 3962
1447 4822
4761 1443
1757 4986
331 2520
2286 340
816 752
3624 824
3597 957
563 2700
3967 3173
1851 2902
1059 4873
3947 448
3595 2800
2003 4811
2178 170
3917 4050
2165 219
4123 2378
489 1089
4467 49
4482 55
1655 4012
3202 2206
36 1496
3128 1911
1035 3853
2688 3299
3951 1226
538 4142
2605 3463
1635 1945
4206 2202
1033 627
380 552
3256 2831
2718 3106
675 3635
3004 1453
4663 4467
4192 4049
1913 3231
813 572
1921 844
838 3999
892 3775
4661 2429
2308 1232
1593 2834
1881 2341
483 18
4290 395
1843 1899
690 453
1485 563
3629 1250
3260 1515
3689 1125
3941 3025
4584 917
945 4586
2591 1044
3804 2085
2944 916
2299 2112
1724 3445
2298 1970
2392 2610
4358 2526
1043 1291
3952 1076
161 1477
233 4365
764 1891
4080 2584
2076 3638
4643 3288
2456 4365
763 2020
1777 478
963 1969
1950 3025
699 793
2028 225
189 1561
2232 4361
4740 4850
1858 3681
3889 883
4965 2416
1407 2522
1119 4808
1585 3341
82 1132
4146 472
2145 4763
2937 124
664 3732
1091 1263
341 1844
4966 2484
660 1092
2220 2425
1428 3624
561 1187
52 851
3370 1678
2953 3969
4995 885
1539 3211
3964 3647
1659 2479
4785 75
2198 4688
3737 1742
46 243
2815 1383
1712 4187
226 4926
2829 4981
1929 2976
3980 3658
682 3463
2398 2251
3820 1981
3567 4477
1370 829
4507 4241
4390 936
3608 727
2753 999
2966 1770
3011 3363
403 157
4911 354
3007 1008
2094 1640
964 4216
4648 1454
1039 3820
490 3768
1125 3648
3982 2487
4154 2669
2501 3086
4634 3237
216 3879
3791 2877
1100 1784
2004 4468
3315 1754
4490 3068
1580 1379
4410 2448
2549 1763
4467 1634
166 2567
2719 4124
587 3536
1113 3848
4722 4874
3453 4934
4799 1983
879 2368
396 600
3827 2031
878 708
4767 4641
1177 3561
4386 265
2893 4931
1777 4541
1089 4583
3826 79
1903 3457
4513 1462
3462 2834
77 1258
3568 4627
2325 3487
4615 4402
3197 2176
3383 3261
2588 1470
3366 1567
216 270
22 3288
350 3590
4614 1255
2813 723
3738 4115
1121 2186
1668 3251
1063 2213
3336 2289
13 4375
598 1903
1325 2759
452 2716
4944 806
2988 1869
1547 4101
2112 4522
3858 2741
2505 2956
497 3354
3389 4741
4043 514
3885 1505
3615 3169
26 3765
2916 1509
2162 79
1159 2814
2542 4503
158 3714
2631 1133
384 543
1566 2060
3190 260
3212 3446
1109 4058
1283 4594
1395 4031
3977 3332
3760 4828
1856 2994
4655 3734
1747 4341
1103 4079
3250 1036
2589 3304
905 109
3390 4347
3370 357
1697 4325
4877 207
4125 4629
4400 1017
1225 4383
4023 4085
3774 2547
3522 871
3170 765
1704 2216
311 1692
1717 594
1933 3796
2840 946
288 2973
373 707
690 587
4371 1106
1554 3721
4228 39
1733 3875
3050 1775
307 2093
715 3360
4063 4933
4742 3144
1093 3455
3747 4725
4860 3370
1904 196
2461 4598
2070 1441
461 2357
2156 2956
3921 1921
2062 1834
1168 113
505 650
3724 2760
2808 4696
4971 767
4295 2458
861 3004
750 4185
3638 1537
1189 3512
4780 1658
418 2416
3519 3358
2698 1287
469 4579
3470 1495
1507 4334
4286 849
1172 2534
4621 335
3809 2170
3404 4274
541 1853
3745 585
2542 691
4326 2856
3183 1630
4799 1656
294 4077
4873 3537
3877 3641
3343 3352
3289 2163
3156 3919
3386 4138
3404 455
1463 4698
2743 4369
1047 3400
607 1403
4690 4360
1108 1539
3127 2740
2320 208
325 1404
4017 411
1985 3026
1223 2506
1001 2112
3071 2469
3307 4290
4557 921
4325 1793
3283 2401
736 3122
3346 2010
1721 1567
4292 3622
2034 2281
2028 1623
3571 638
70 1473
2776 3851
2050 2030
76 653
2503 3133
828 2747
2881 3309
2009 3415
3551 1381
1768 2179
3892 989
857 1928
940 2498
3359 2376
4713 2172
1381 832
246 2133
3274 35
2754 2273
133 1852
3981 1126
2409 4622
379 2248
2035 4265
4860 357
2158 1332
209 3767
3008 1663
2898 119
4933 2280
1927 984
565 4453
1653 3136
256 4920
1032 2503
613 1005
4542 3385
357 96
3062 1073
4572 494
4923 3395
1142 2835
51 1337
4803 1116
1346 3504
4407 3816
1766 503
3266 1638
1130 2661
1915 4953
2687 1234
3066 2248
1927 1132
3319 2045
4228 2672
3422 1555
2096 2630
1557 3888
2908 2986
2358 1267
3781 3846
4461 1604
1614 3634
2510 473
2753 1669
3213 2493
1259 3032
1299 1876
2395 1799
879 4178
2741 1385
2654 4319
1616 2638
537 4951
4940 3300
967 4786
2116 1723
3580 4480
1303 182
4069 4211
4148 3601
2096 4449
1503 330
860 1318
3379 2414
542 2055
4973 2865
3 2152
3942 1210
4675 3856
845 1338
355 3452
1882 2120
3470 4332
4590 957
2792 3920
297 253
1292 2174
3248 1308
3440 4480
3415 3575
4922 1538
2002 4716
3031 1530
3486 1649
1427 2496
2808 130
2077 2284
1517 2812
4607 329
4118 4638
4623 2409
4936 2968
2181 4169
2759 3901
2845 3697
2465 1839
4790 2505
3855 2372
758 2138
4912 4734
4502 2540
748 1787
3709 2406
955 4402
2294 897
3840 4642
367 489
2298 3037
1624 624
4525 458
2382 2049
4425 1618
3991 447
1222 118
2533 3444
1460 2535
751 1087
1018 4623
221 3110
667 4462
744 905
3012 4886
4450 1711
3886 928
3734 3863
3976 875
2958 45
493 767
1131 4726
2939 2333
3407 2650
727 4175
1558 1478
3269 4759
4194 1794
4343 3294
4508 2291
4145 3717
1042 95
3016 4316
742 3045
1141 3918
117 11
248 1480
925 1847
4845 527
860 2544
2308 4514
26 143
2636 2434
1787 2372
1570 756
28 2180
4339 4872
4782 4195
740 2508
3019 4750
4156 904
1981 3479
1762 2366
4247 753
1112 3746
1277 1252
2114 3230
833 502
446 829
237 3557
1904 56
1068 4830
1124 1131
4072 4275
4459 4826
3139 3891
3070 707
1907 3115
1934 1279
3568 728
4976 3029
4256 638
2132 2188
1495 971
4884 2273
2152 1386
1037 4252
1342 1614
4115 2820
651 1839
125 1554
4843 4452
1384 4458
843 4283
3854 3641
3823 1939
4770 4199
1535 4031
164 2026
4975 4808
3367 908
2664 3151
2066 4541
1938 1261
2215 2820
673 2845
4578 3514
4782 3943
556 757
1271 840
4000 2546
3814 3535
1462 1091
553 4660
399 1275
791 3891
545 3644
3285 1394
4172 4080
2678 1403
801 581
981 1931
2718 801
915 4763
1723 2053
1454 920
178 474
2597 4977
3583 3965
3609 3272
3504 666
4831 483
3697 2084
2539 2821
1394 3785
1699 4831
4887 4235
567 354
1168 2552
3088 2862
1162 4547
270 1037
3382 3087
4210 1077
3313 1409
2450 2305
4714 3586
3101 3464
467 1691
3325 3933
2986 4851
3859 456
1435 1532
1666 102
1312 3699
4757 4406
1323 1778
3852 3247
2624 3847
1617 3288
1194 2389
1297 4748
1311 2608
1604 156
731 1265
1850 2521
321 2120
761 1669
1669 4937
3165 4573
4776 4970
3346 3812
4317 1493
2923 3806
249 751
4341 43
1072 152
53 3586
3104 1368
3008 1367
3611 2550
1927 2525
4060 4555
2247 3164
4220 1486
365 2144
3191 2185
3946 132
4336 1101
1609 4573
2339 542
2137 2996
950 4354
712 4832
1068 2856
2732 3896
2440 1654
4233 4279
2178 3423
1311 3089
106 1017
3929 3521
15 3338
3577 1641
549 1041
4768 1136
559 1350
1945 3755
4119 88
3075 3458
147 791
1948 4829
384 4525
3150 2537
2928 627
1873 2602
2093 487
4890 989
4650 4487
424 4285
2580 670
127 3204
2370 1564
2946 927
4703 403
3033 57
606 2875
3738 2387
1236 1991
1013 1298
2253 2355
1783 1671
2915 2601
1133 2040
1192 219
3034 2391
4077 2826
2092 629
2481 3481
1252 4907
1925 350
2493 1719
3510 2431
2367 4793
3922 1298
4347 2786
3372 2724
2221 1843
2148 278
2073 4193
3666 1217
3266 1515
4748 614
551 4943
2254 3835
2443 492
1363 4003
3321 1861
33 2802
4669 2774
55 2567
3428 2566
2488 4639
4903 4054
3805 3934
3511 1279
2214 3610
206 3396
2804 1528
786 387
3757 1045
3938 188
4073 1201
3157 1373
3533 1159
4139 2007
1642 272
1533 1816
4036 415
541 2782
4576 1319
1074 1734
2552 662
3009 3343
2233 218
1046 711
2285 645
3149 3316
3944 518
3415 1127
3092 4481
1754 3098
1069 1676
4088 3556
1820 4868
3476 4053
4183 1240
3711 3952
2267 4107
4300 2621
374 3347
739 3155
3516 713
4112 2907
4653 568
2530 1628
3132 4964
4368 1400
1220 1575
2034 1015
2383 3186
1851 1902
4213 2754
1956 297
1272 1768
4586 384
355 2735
324 4211
1426 4730
2265 4738
78 2712
4701 4102
2755 2017
4206 868
4242 1314
1296 3225
2385 4929
3262 1310
1256 3168
920 4648
2995 483
1055 2672
4667 4435
819 4601
3713 3024
4998 4670
1065 3751
4103 2118
2271 782
1443 1349
2843 1091
609 4434
3330 590
913 145
1545 3680
3473 4026
923 132
4625 2075
1166 3579
413 3794
2691 2612
112 4521
567 4509
4463 2950
2874 2339
3509 1334
4359 1030
802 2142
360 3065
40 181
1926 1006
3573 4379
3886 3979
79 2555
1444 4404
2900 4594
2336 2168
314 823
1048 992
30 457
1751 3159
3595 4004
1823 635
4455 1722
4513 4443
1955 4887
2357 589
956 1377
1949 55
3006 3566
1025 2949
2844 4691
3541 685
4584 3104
3103 3616
658 924
4884 3962
1514 1718
2011 2676
132 1249
4838 2877
4194 1406
1221 1884
64 2143
3625 1869
4454 2212
3218 807
4145 3673
2971 3821
2726 1464
334 2520
2008 79
104 4724
4531 309
1835 3084
4072 6
4562 445
1103 1397
3856 3181
3605 772
2768 2546
3918 42
86 3645
3407 1603
4743 2875
3718 2637
896 2943
2258 2263
2345 4398
2507 2578
1551 2890
3574 1071
73 4916
3699 3232
2133 3130
4273 4714
1404 958
4994 3400
796 2666
