1000 1177 488 55
93 191 519 863 993 136 638 383 826 418 333 913 523 206 882 608 320 265 746 869 248 739 920 162 384 811 195 156 307 554 284 645 365 872 587 580 703 66 342 682 706 650 876 567 151 237 781 35 196 534 431 83 978 620 989 338 623 404 833 788 225 741 67 461 425 745 914 930 449 766 302 201 943 552 955 514 744 937 931 119 135 799 369 374 641 271 725 32 684 389 977 363 609 589 203 524 843 823 939 470 902 2 315 640 693 138 300 839 91 336 464 919 4 36 38 944 13 405 115 161 47 663 893 677 816 794 239 513 712 643 979 885 806 838 502 308 729 624 155 830 598 735 19 251 646 496 717 411 909 403 28 985 769 666 953 550 774 750 605 831 475 213 873 125 356 787 804 396 453 417 888 981 250 879 44 231 938 419 716 204 92 426 633 991 578 318 359 815 8 789 208 886 1000 84 687 26 164 18 305 740 950 433 224 304 25 145 77 54 181 60 349 226 936 628 158 949 842 94 58 549 829 73 429 954 345 11 637 102 982 469 72 493 721 758 536 967 509 614 260 296 116 664 572 192 5 827 612 786 800 64 515 540 996 961 354 647 198 269 443 86 101 381 169 760 649 773 112 947 651 353 551 463 292 602 275 916 107 446 459 890 331 728 262 168 437 179 149 881 335 286 478 568 143 497 530 109 100 340 987 364 447 163 476 864 259 603 726 436 965 698 380 512 55 579 547 973 379 391 399 326 416 350 373 246 908 68 65 527 24 952 702 368 780 235 590 244 613 522 960 599 998 681 731 723 48 510 836 480 634 957 105 420 15 837 616 627 30 360 108 70 865 282 658 144 516 20 355 674 484 140 542 424 439 822 178 330 280 61 971 868 629 588 545 784 117 848 592 785 344 104 852 352 495 435 940 696 576 772 621 803 477 141 451 832 210 929 293 630 127 88 685 615 563 57 442 329 193 103 283 220 452 490 980 660 984 782 147 665 695 157 858 559 22 148 862 900 298 722 668 288 214 367 595 387 245 570 777 705 219 912 710 207 46 183 669 935 847 671 216 544 962 841 757 648 483 325 652 129 166 153 825 377 525 97 174 667 467 855 619 656 506 537 31 631 139 274 753 718 762 189 361 165 783 877 796 266 802 849 828 856 390 558 582 392 252 607 295 897 184 941 99 959 738 654 915 81 505 253 427 986 966 618 69 850 385 486 853 904 526 51 428 75 840 89 661 454 676 644 328 797 482 593 504 227 844 988 256 238 230 539 704 434 297 95 751 131 767 243 351 756 37 678 408 180 707 626 736 228 130 958 805 341 765 860 808 242 813 370 846 177 556 1 892 233 254 473 487 995 317 711 565 742 927 401 281 871 889 734 159 574 821 294 398 715 934 291 113 56 596 313 479 561 946 764 170 388 430 778 445 150 466 267 215 701 606 508 895 10 261 969 186 520 303 372 999 541 499 798 423 503 896 880 601 79 412 727 743 870 176 221 670 700 200 918 583 921 29 462 309 52 910 378 820 98 217 801 319 814 172 925 749 415 683 898 672 923 636 906 43 538 951 142 337 257 617 23 59 301 673 290 3 16 122 327 120 714 694 610 236 809 600 976 85 299 994 332 450 793 465 185 494 222 126 171 249 884 692 285 39 642 688 917 733 432 12 824 132 543 548 279 362 611 662 63 71 62 791 489 591 400 409 50 474 472 137 247 167 406 422 594 348 635 933 440 273 316 460 492 397 6 187 867 40 34 521 229 911 747 458 268 232 110 375 312 697 597 194 974 932 945 438 263 754 861 857 106 358 531 255 444 761 211 123 533 339 421 468 622 9 287 212 713 604 382 111 752 817 818 481 14 357 770 223 755 121 455 311 518 74 968 218 146 653 922 901 730 928 891 90 555 632 851 42 689 970 488 152 448 875 45 414 874 775 240 571 845 720 975 21 964 241 441 566 310 407 322 737 903 289 258 511 160 386 887 948 49 819 894 907 584 175 82 792 532 972 768 759 17 924 76 657 564 686 188 546 118 343 680 691 371 395 997 771 866 810 277 573 983 270 659 569 748 334 154 276 878 124 402 834 724 699 779 507 394 625 272 96 366 926 413 457 708 500 639 690 202 812 346 557 205 577 264 581 173 560 41 562 655 33 80 278 182 763 709 854 491 87 53 128 586 376 393 807 7 114 485 234 323 456 528 27 324 585 899 133 990 679 963 859 553 347 314 732 942 199 134 306 835 410 883 795 190 197 78 535 905 776 790 498 675 575 209 719 471 501 517 529 321 992 956
239 441
590 27
338 643
591 338
10 236
61 952
400 759
14 325
536 783
985 304
888 278
663 133
995 627
709 909
164 45
569 186
199 427
590 95
394 238
383 813
401 582
218 370
439 488
267 980
206 908
738 264
220 340
746 648
140 951
915 385
489 299
995 340
687 640
745 833
228 888
820 97
671 271
282 924
320 542
584 674
166 536
860 596
866 37
303 232
370 315
109 342
380 854
870 512
626 261
596 826
206 590
932 911
60 934
688 610
497 192
823 225
152 323
60 458
495 935
281 98
244 948
217 711
555 1
391 316
605 461
455 650
548 246
936 24
639 283
340 722
374 465
421 605
755 159
913 373
979 258
660 106
991 526
318 849
70 728
567 701
846 166
392 468
420 519
22 538
356 96
846 485
156 502
944 729
82 363
736 636
87 825
651 688
226 514
71 502
632 43
893 165
93 836
430 546
253 404
418 381
104 62
628 519
94 284
929 300
668 411
66 528
356 151
307 22
7 556
486 798
41 623
327 105
692 263
629 730
914 774
841 529
552 800
929 791
524 235
637 805
179 417
821 971
329 936
591 527
232 861
945 264
653 541
49 241
561 580
908 873
443 539
584 966
967 84
725 625
524 978
733 851
764 939
671 422
843 212
159 813
376 972
847 58
893 922
573 521
732 212
209 405
296 972
519 424
597 672
547 121
130 768
240 40
114 266
178 579
923 32
681 813
976 735
551 644
43 189
990 2
42 556
82 126
256 921
698 980
515 203
519 375
366 322
713 292
707 266
1000 1
641 766
557 973
349 907
753 999
330 256
223 595
172 577
504 349
564 539
275 148
661 57
325 600
573 527
869 794
662 373
222 879
511 615
550 8
951 559
530 262
669 582
148 188
504 907
594 976
998 860
490 116
986 133
930 232
750 169
586 723
890 415
40 81
107 261
34 250
494 21
623 10
108 74
927 170
64 811
868 857
157 185
26 269
899 942
211 922
729 474
85 334
248 975
319 55
462 904
797 62
996 990
291 333
896 784
609 958
495 311
700 156
216 157
700 822
603 162
673 249
200 924
864 275
849 308
960 568
726 367
478 237
28 680
20 438
580 352
30 560
50 277
751 613
635 926
64 317
961 811
340 233
845 691
583 917
867 574
92 837
381 114
674 326
221 267
268 175
966 136
346 24
102 406
387 176
408 510
26 739
398 938
770 80
377 531
919 643
784 782
194 54
594 218
523 974
367 217
839 763
8 244
983 82
195 351
342 112
960 13
863 345
89 288
783 135
616 135
656 265
537 235
346 260
535 481
202 76
532 563
208 695
273 895
693 153
919 445
759 716
852 343
117 347
792 409
368 880
211 274
808 956
684 713
163 655
532 518
203 269
323 612
350 129
97 961
324 676
356 148
661 472
243 658
504 720
798 602
123 705
290 117
467 431
147 253
644 336
448 517
660 431
683 616
773 491
955 796
133 677
822 882
130 376
785 607
345 780
550 469
197 303
678 180
611 965
477 316
25 883
537 575
701 894
403 946
169 950
298 288
549 215
297 711
158 155
356 188
943 787
721 758
925 253
106 778
790 734
527 521
961 616
963 377
652 482
436 874
864 716
757 692
645 449
78 802
124 856
55 723
161 842
182 315
859 210
481 581
407 884
125 804
774 602
612 337
175 522
112 772
877 355
903 1000
321 440
935 975
484 173
827 711
513 70
171 970
33 666
204 592
414 522
59 21
789 898
233 995
404 70
205 520
563 979
72 751
891 102
923 436
984 780
364 906
498 496
706 534
303 264
235 58
196 14
214 953
787 75
335 704
312 817
433 435
619 969
758 367
625 120
608 777
268 880
791 725
413 581
631 626
986 73
196 762
51 775
747 503
336 551
150 143
12 809
111 183
722 191
83 758
622 545
900 339
957 933
845 242
103 452
529 814
693 142
545 405
955 611
410 915
529 434
174 240
949 3
873 160
360 603
691 90
903 772
131 417
993 964
109 775
884 537
906 701
645 941
212 39
739 901
343 240
538 104
88 654
230 392
982 103
672 353
679 134
75 300
197 945
962 719
591 919
133 852
42 702
842 304
619 786
689 809
892 241
327 832
307 547
743 901
537 37
659 195
123 724
77 803
20 35
509 565
736 261
146 628
666 709
245 510
890 243
384 716
569 428
446 5
379 585
991 566
247 965
837 442
522 544
630 516
910 642
285 850
981 246
588 65
894 989
88 865
94 775
876 872
187 173
167 193
275 151
520 957
799 305
782 127
2 714
951 932
897 79
511 896
948 824
184 825
1000 555
216 128
383 828
181 363
887 604
171 607
945 96
63 314
983 572
108 395
742 404
914 710
662 949
280 16
524 884
881 435
184 819
366 393
689 23
558 416
289 332
229 981
472 796
45 139
823 733
450 676
889 863
429 44
234 621
654 448
478 296
123 214
361 229
566 63
668 153
185 359
492 91
631 745
88 816
138 278
544 758
92 652
491 414
36 545
213 826
866 807
283 451
445 153
70 742
937 512
622 281
90 419
777 361
728 213
67 115
88 1
535 71
160 562
353 567
408 925
233 587
883 549
983 181
699 811
29 293
165 541
352 488
745 181
756 427
195 24
600 253
618 804
53 218
276 868
522 721
922 815
994 423
779 371
480 932
260 335
419 498
80 105
301 315
493 306
839 687
885 385
577 207
926 694
890 86
818 896
357 483
257 469
386 68
247 795
297 217
539 723
637 869
931 624
615 415
456 365
438 52
255 759
328 239
358 421
813 476
641 493
651 788
595 335
46 429
525 28
201 634
492 902
768 899
764 529
741 575
118 250
647 559
584 116
838 270
785 977
673 654
205 219
986 343
230 770
964 170
388 593
77 412
723 309
667 722
649 318
7 458
446 48
462 686
28 243
475 312
986 852
782 399
875 638
52 466
302 771
843 391
369 389
571 546
614 137
586 359
601 609
653 165
120 515
122 634
907 453
187 484
875 145
12 201
153 574
700 917
53 665
177 69
197 738
583 156
453 871
836 94
719 842
31 206
956 284
190 224
24 351
152 81
707 605
358 344
618 668
399 784
910 443
66 675
299 571
761 792
843 339
617 184
987 997
244 425
600 925
526 34
528 794
633 291
236 704
343 174
760 67
463 483
486 717
734 560
920 721
326 393
753 50
858 853
650 618
658 680
592 375
195 912
779 800
939 139
428 887
562 908
132 51
947 41
198 727
38 866
506 199
100 480
664 918
375 918
755 403
119 507
502 718
262 233
144 831
925 404
160 697
425 321
335 936
191 667
769 969
968 718
180 198
27 31
23 900
137 280
934 606
752 859
80 832
28 930
289 89
447 501
992 337
110 305
631 833
656 831
444 675
940 971
913 18
705 214
455 618
728 731
617 521
816 654
149 962
19 893
262 995
786 179
460 219
928 382
148 96
595 648
952 486
558 158
331 767
386 760
892 119
677 499
324 950
604 894
116 101
745 983
459 508
23 339
240 372
35 124
99 543
503 227
528 187
390 302
712 271
128 500
409 621
105 149
989 701
649 923
50 996
168 781
418 952
752 285
144 473
533 464
191 212
265 294
94 956
348 74
118 308
27 908
578 219
210 437
598 30
617 87
677 819
251 886
401 715
750 747
599 434
6 260
439 362
332 808
620 310
760 214
940 440
479 988
177 141
531 56
876 274
695 475
544 920
339 39
261 866
696 384
793 477
696 255
5 237
855 576
550 948
996 277
544 721
614 685
191 732
832 968
64 15
933 426
272 601
589 426
885 610
830 642
712 982
595 947
835 81
867 445
850 799
136 100
255 864
457 193
740 465
489 748
912 496
333 590
633 18
954 557
896 615
649 113
279 881
245 147
838 46
132 93
460 703
355 593
664 424
724 461
743 183
699 485
840 814
389 685
437 973
827 262
49 707
523 985
812 877
646 927
708 801
635 762
930 861
286 313
587 627
816 1
999 399
56 690
805 755
909 450
893 815
439 277
692 416
354 192
334 200
487 710
829 598
757 84
476 383
111 898
47 194
776 309
543 916
11 454
749 978
789 459
464 311
548 797
371 411
629 879
365 715
139 570
870 684
670 473
640 341
164 115
114 952
873 17
50 714
672 894
668 744
720 360
517 940
922 600
189 606
737 830
422 848
374 844
40 835
706 533
942 272
857 59
480 963
234 482
646 396
811 470
165 19
372 81
113 874
39 793
572 181
731 657
378 525
773 350
655 142
682 286
717 597
373 333
167 505
486 61
107 37
252 101
585 341
244 550
208 647
441 993
205 129
509 308
9 218
413 156
351 997
57 954
828 155
415 994
810 514
997 978
844 790
730 287
69 306
673 940
594 434
159 812
333 95
457 678
150 416
754 805
254 328
173 628
40 152
824 301
946 226
520 368
834 440
504 992
322 937
383 416
47 540
703 204
683 961
749 997
820 616
513 763
607 310
454 76
259 889
471 682
841 764
748 134
327 468
816 865
771 518
679 516
821 321
301 948
872 694
382 776
923 977
717 190
626 854
784 127
801 451
907 208
4 444
330 534
665 370
911 140
412 630
578 357
855 891
996 399
444 637
402 769
832 502
958 632
1000 109
698 638
445 338
219 501
336 400
221 442
871 817
421 123
72 588
509 98
11 931
99 639
644 878
138 554
298 882
23 842
379 228
803 938
332 956
987 659
349 354
782 818
364 186
347 432
878 15
507 421
6 329
125 744
432 293
378 930
735 599
802 395
85 897
63 545
494 258
988 727
320 252
44 943
140 690
29 16
405 820
570 68
17 131
848 740
624 530
146 420
467 858
387 552
294 479
862 143
38 37
394 766
539 131
362 207
928 225
858 728
121 78
490 765
398 471
756 788
944 402
406 397
414 589
105 719
941 613
620 32
662 650
605 553
276 110
249 448
767 263
702 540
594 9
456 579
319 851
3 650
348 568
122 974
677 184
145 886
967 608
565 314
152 349
351 242
205 463
916 270
287 795
584 136
277 352
282 862
570 295
292 279
657 858
856 905
223 853
243 423
873 697
295 953
141 79
407 847
380 636
370 53
806 178
254 65
508 227
765 238
171 977
505 331
434 840
449 708
559 871
163 176
959 470
649 308
154 149
781 500
561 172
686 806
822 332
25 921
474 17
447 460
344 553
466 829
290 430
452 215
653 906
778 853
737 168
161 154
423 86
726 506
448 673
222 761
231 48
13 984
273 248
760 570
576 33
959 317
564 131
852 73
998 554
542 904
396 313
259 390
902 54
162 497
388 681
410 83
663 499
182 53
17 160
257 425
487 224
807 741
970 126
202 827
501 592
223 746
4 794
321 834
369 91
425 440
722 220
36 209
905 669
171 82
895 231
251 433
397 670
810 754
