1000 1227 103 667
526 299 198 373 432 999 404 557 775 486 149 888 948 551 204 241 892 697 691 466 304 356 872 47 895 271 383 513 923 475 63 57 945 535 970 515 590 105 268 672 946 624 633 338 958 396 310 9 735 550 676 579 909 290 791 485 451 240 490 226 354 264 233 731 706 344 158 980 511 789 685 521 932 898 348 934 232 836 740 734 7 488 434 941 297 844 498 3 439 531 334 759 693 726 331 469 835 387 635 435 132 278 283 647 448 106 82 662 77 409 321 821 884 202 823 31 316 611 222 998 667 931 117 971 596 270 471 622 780 307 317 842 484 450 713 403 743 37 619 642 309 927 689 510 684 327 291 707 967 41 825 717 320 152 94 529 17 217 192 174 949 336 371 732 552 903 295 420 113 877 559 96 209 368 739 438 289 752 234 765 142 274 812 558 188 179 242 926 608 977 35 873 4 285 116 991 919 147 887 363 345 36 425 606 795 528 677 910 614 197 257 982 604 512 103 562 293 325 24 90 312 298 940 799 243 957 879 501 430 875 499 215 522 654 446 738 851 549 533 211 160 1000 771 369 66 495 388 852 107 586 524 745 252 959 162 699 719 279 853 541 337 809 978 889 847 183 708 58 711 615 758 655 181 251 33 421 997 894 755 736 178 426 16 658 159 989 313 859 256 990 569 262 23 897 506 235 841 994 560 683 983 173 500 228 10 133 796 527 813 857 134 696 618 634 896 431 154 620 695 787 776 632 78 681 206 858 801 272 151 505 352 210 374 119 637 342 680 176 75 937 346 523 649 838 157 750 785 976 862 137 850 890 339 282 392 565 762 556 405 646 163 816 402 127 144 514 837 102 648 729 582 459 427 64 688 544 140 643 122 364 860 422 915 424 259 169 830 906 597 208 661 701 492 907 250 83 834 993 87 81 180 355 930 518 184 324 54 32 164 277 214 411 781 600 187 899 540 953 84 803 42 267 532 714 347 150 2 48 306 822 115 723 761 784 266 126 497 865 118 979 885 72 545 855 625 963 458 904 89 674 68 100 141 168 376 55 845 882 960 213 802 905 330 108 322 972 917 854 581 395 139 86 538 135 165 587 414 671 52 817 253 479 592 840 199 200 104 871 467 925 148 300 294 155 367 675 567 323 827 603 14 548 594 814 60 443 25 547 555 955 849 869 49 613 401 238 846 829 61 727 397 189 935 114 704 709 810 570 824 453 870 74 489 912 386 493 756 328 584 343 773 911 480 269 504 774 436 966 378 933 664 962 943 177 628 494 856 470 580 399 543 315 573 981 382 918 644 8 630 616 407 71 668 883 65 788 703 166 26 964 410 792 530 886 46 39 406 203 705 29 746 275 819 281 599 944 460 767 722 91 30 423 929 768 525 461 121 585 832 487 627 617 575 255 11 516 362 361 951 950 848 861 763 239 900 449 12 473 985 237 878 539 457 440 171 124 769 88 790 340 27 867 753 468 583 128 742 588 744 50 866 916 650 170 319 301 390 456 273 602 546 112 657 874 956 302 794 974 463 474 428 143 261 101 804 936 190 221 365 138 357 153 928 413 377 589 136 764 53 478 902 986 236 968 416 109 757 811 503 305 220 561 400 19 326 13 807 67 733 921 224 246 193 942 129 640 678 464 229 212 992 43 626 786 571 577 947 995 445 553 863 572 18 286 191 360 954 922 772 123 660 97 496 444 766 1 93 716 415 314 987 393 80 576 839 258 939 694 692 542 961 22 437 520 333 218 207 51 44 651 737 670 491 62 924 79 381 195 335 185 223 45 843 537 901 38 481 653 698 99 777 783 876 429 730 621 741 455 303 442 40 358 534 379 778 815 349 145 465 891 418 718 656 131 913 747 712 908 715 818 110 76 973 288 938 56 808 201 749 607 969 6 20 828 247 227 260 881 85 631 864 509 318 623 564 292 359 826 375 341 663 5 652 263 276 477 161 384 194 598 167 196 59 472 536 248 639 175 833 205 372 332 412 965 265 351 641 793 700 754 760 483 34 219 702 419 686 574 482 452 666 73 120 230 629 280 417 728 502 447 394 398 638 216 988 554 975 254 720 880 380 519 612 721 682 385 806 389 182 408 591 665 441 609 95 462 800 296 952 687 350 779 797 605 595 308 893 782 996 805 69 311 690 28 563 156 125 476 770 130 831 172 21 92 679 593 70 284 868 98 15 329 568 507 287 366 353 454 724 111 710 244 725 636 249 751 659 370 669 517 391 748 508 914 820 920 566 645 984 186 673 610 798 225 245 433 231 146 601 578
33 672
919 674
666 948
409 536
558 662
861 786
389 926
184 824
857 597
704 204
285 668
262 55
363 155
861 406
689 592
794 293
553 77
142 230
310 945
813 93
826 182
240 669
872 653
491 855
917 716
200 471
946 105
903 815
891 56
139 428
528 368
865 118
436 932
292 519
918 79
407 212
57 176
925 310
838 49
441 487
781 743
95 51
15 970
806 193
683 612
909 185
577 839
11 60
649 470
29 116
835 278
276 286
456 610
130 46
123 750
107 408
753 300
580 525
779 45
942 969
180 113
619 840
288 605
695 323
939 759
951 87
874 794
683 499
987 119
639 720
127 339
944 811
883 649
433 952
234 279
26 395
938 566
357 460
467 757
510 693
25 237
988 884
319 309
117 399
32 767
625 163
313 746
639 318
219 531
101 699
875 215
457 358
587 867
507 656
132 51
32 197
27 509
888 687
473 354
898 219
981 722
440 345
512 217
156 725
559 573
7 416
527 301
180 135
490 749
476 748
241 216
774 155
449 364
226 340
754 380
958 624
612 596
458 47
727 293
244 384
284 911
324 440
973 970
310 520
870 367
494 597
581 236
982 164
260 395
830 278
254 732
305 692
207 351
888 104
332 388
404 846
936 582
868 498
884 205
907 940
645 42
958 614
660 183
102 172
123 911
849 757
546 363
34 575
18 736
714 106
657 481
929 731
428 900
555 71
869 16
490 444
258 367
575 809
670 799
100 499
266 240
695 567
741 378
770 200
587 175
718 831
353 769
709 342
563 5
972 942
882 926
526 94
173 576
73 497
462 562
844 82
905 21
170 614
856 275
246 934
125 820
318 635
389 962
537 499
619 405
475 270
424 935
870 25
670 359
274 925
964 372
327 914
517 305
303 756
68 731
898 889
745 291
194 375
897 53
199 650
530 410
267 546
277 752
686 933
577 37
43 667
258 25
644 270
105 483
129 569
560 613
43 711
664 955
741 369
766 85
22 710
680 617
246 721
302 205
48 369
602 146
492 196
56 829
290 778
836 257
720 815
146 338
223 567
72 763
4 628
612 460
579 841
715 373
296 989
171 106
221 209
213 553
903 625
30 504
677 744
700 200
648 887
483 879
663 538
349 880
606 722
908 893
164 280
361 412
102 632
358 144
713 298
790 54
403 675
500 570
39 159
444 978
374 117
293 474
479 113
244 374
698 959
190 726
335 990
215 526
35 913
532 696
907 463
564 932
141 412
610 453
334 49
953 920
325 818
980 90
250 712
650 333
873 74
426 762
445 145
571 158
794 766
563 336
787 288
615 458
520 274
840 109
933 175
796 557
139 661
263 406
422 956
549 383
548 404
646 707
66 244
709 655
726 611
201 665
603 434
228 347
210 943
152 340
62 501
816 950
283 251
877 539
968 729
875 621
861 140
166 476
112 694
466 161
126 910
377 400
937 96
284 461
178 888
296 125
838 802
108 763
58 671
407 152
865 920
986 893
218 603
96 255
421 981
917 858
225 931
55 921
845 320
849 819
999 896
299 218
294 986
370 711
452 133
559 33
596 113
65 671
868 451
363 739
335 237
220 381
559 138
102 679
384 533
641 701
268 37
496 232
799 593
132 927
636 839
354 235
14 602
276 628
326 281
763 178
552 749
194 848
799 506
64 235
656 324
957 435
459 116
941 265
406 494
624 170
529 983
211 353
157 924
738 452
353 376
941 470
847 143
980 788
566 621
998 348
402 23
109 405
63 791
927 185
121 76
671 437
666 651
632 2
734 897
623 923
667 380
314 789
515 103
251 98
935 724
740 586
169 453
145 136
523 609
145 989
654 960
312 478
68 355
133 183
373 61
278 690
148 233
285 753
923 764
636 37
362 202
960 503
472 390
266 768
607 29
643 418
737 1
248 243
755 864
681 376
578 716
759 310
613 776
129 797
416 577
534 454
440 365
295 960
434 822
27 523
12 405
172 469
332 982
992 994
558 12
877 547
531 706
733 150
32 99
618 865
747 468
729 40
899 87
897 347
423 809
571 831
211 856
396 946
30 590
466 591
388 742
767 795
417 827
197 936
336 833
930 261
155 468
179 856
273 144
876 861
976 245
919 476
438 325
435 89
921 817
607 418
837 766
312 885
568 238
835 168
584 546
818 635
147 152
41 641
555 21
227 213
616 88
959 324
730 995
705 543
901 462
695 730
59 362
847 968
181 881
187 91
73 220
9 12
407 640
327 508
420 879
344 208
547 356
186 906
493 981
829 992
556 488
844 436
409 589
768 938
783 387
542 541
835 823
775 956
177 755
474 874
785 589
590 965
447 819
767 342
877 836
616 31
184 261
38 915
454 125
912 448
430 830
624 408
256 951
356 306
201 723
242 996
933 505
108 330
520 719
951 128
982 506
841 437
747 363
495 457
827 394
447 854
851 431
442 45
906 206
776 359
134 290
281 669
916 799
349 484
798 321
417 485
13 966
600 742
579 189
810 130
728 537
997 207
692 618
191 146
213 79
291 234
935 856
143 952
289 715
870 269
882 991
446 805
121 745
411 950
451 689
886 707
652 236
801 765
745 519
972 204
480 233
85 259
684 791
662 9
687 985
332 277
333 702
844 221
502 775
995 494
299 647
545 700
31 617
395 340
858 431
758 750
375 63
488 507
825 792
67 548
166 249
997 270
110 421
162 542
885 561
199 773
966 282
664 979
710 569
860 331
366 843
418 589
800 391
231 824
24 303
44 343
214 663
158 66
287 90
671 122
474 766
81 397
506 280
613 743
784 665
229 682
616 379
740 465
387 660
633 655
339 294
341 10
211 572
214 92
607 676
229 846
115 988
552 928
518 371
193 358
323 551
433 53
77 227
473 429
111 161
624 905
131 361
564 29
846 499
308 381
575 312
954 504
489 442
898 250
827 224
994 891
895 3
248 227
487 148
138 80
908 837
8 993
111 216
39 993
441 252
573 80
670 916
752 332
206 758
153 283
810 124
697 210
560 892
930 705
889 268
356 63
890 83
848 685
853 73
493 91
253 909
128 899
371 482
633 342
417 492
11 244
356 684
26 514
175 222
99 795
637 392
696 404
676 643
83 989
543 355
843 943
163 124
608 609
820 297
973 761
646 486
851 725
254 737
153 370
195 592
279 338
348 599
501 780
596 357
177 225
65 432
58 432
762 527
535 730
82 36
427 699
921 627
997 455
647 346
69 119
581 507
807 382
292 479
485 808
208 846
400 979
93 961
598 767
848 740
158 313
487 796
497 110
443 413
560 515
550 800
494 801
921 232
16 35
968 952
392 166
598 866
688 353
855 92
377 69
521 417
328 995
717 289
418 450
391 850
247 346
33 580
953 807
581 556
320 913
872 706
428 637
120 219
61 961
520 925
695 619
406 765
574 177
207 968
107 905
524 555
937 738
1000 615
316 679
28 654
167 876
601 314
84 832
912 580
890 145
962 379
730 223
736 322
681 769
859 778
638 220
857 995
255 735
922 19
487 251
706 120
600 973
1 297
22 513
231 8
252 148
577 270
574 864
783 652
703 803
622 264
554 604
98 188
140 167
329 317
970 358
217 463
626 634
287 910
850 990
134 486
347 20
249 439
338 291
301 867
73 421
751 949
890 125
967 364
431 651
13 558
101 645
2 834
706 104
179 971
286 860
103 756
84 46
551 307
920 517
66 60
446 880
545 330
833 512
309 546
642 114
683 357
862 771
690 214
658 984
55 414
823 430
120 708
977 178
978 415
165 398
888 570
319 584
535 328
744 89
34 220
637 661
737 50
307 619
539 97
741 740
411 233
837 986
502 159
511 158
178 350
820 737
302 3
709 565
338 234
255 476
97 239
464 821
574 759
534 820
40 455
160 524
631 851
559 525
10 508
583 686
693 420
317 596
260 226
858 578
902 981
41 438
251 272
309 926
708 531
991 309
987 396
953 992
769 376
469 679
973 388
924 544
672 525
477 211
298 784
960 87
507 771
429 383
834 829
582 151
886 173
419 984
925 719
940 845
974 265
974 601
422 6
677 295
78 732
138 78
459 607
673 804
571 337
168 631
503 842
679 55
606 421
464 773
976 763
922 238
176 409
181 829
549 186
963 79
828 149
157 805
75 475
247 790
183 738
928 779
929 74
595 493
933 193
222 505
191 14
678 620
283 393
513 576
81 378
739 267
410 574
196 808
52 71
998 114
376 591
627 580
4 401
329 113
188 393
390 142
969 409
571 746
112 118
538 690
723 127
34 423
831 949
963 271
67 696
851 835
662 405
334 198
644 7
154 23
948 858
131 697
539 565
304 202
518 996
156 431
63 848
366 668
965 657
828 331
759 530
321 79
515 629
219 712
814 269
478 36
195 733
659 498
659 788
301 311
582 32
75 997
66 44
826 967
508 975
585 691
170 896
782 18
340 212
700 852
900 532
898 37
873 427
192 256
62 315
696 428
239 877
415 419
528 509
295 435
582 58
604 942
177 774
834 102
540 72
656 862
578 524
510 878
275 424
94 472
326 59
832 721
191 111
630 599
414 817
273 871
524 678
572 688
48 465
944 934
365 594
399 605
714 588
182 398
863 426
827 800
146 234
554 972
881 834
104 985
585 92
461 887
653 104
797 915
171 162
588 64
522 360
780 648
761 15
990 800
670 613
952 897
255 738
844 564
821 812
562 883
262 316
853 638
321 793
999 89
894 88
594 324
259 837
630 54
248 951
658 154
552 905
627 448
859 895
254 138
386 253
34 308
785 536
990 25
149 954
87 28
811 150
272 557
147 212
277 982
175 301
515 24
527 640
269 187
920 382
450 777
564 529
230 608
675 640
407 403
394 550
685 586
842 295
148 816
852 770
291 76
445 914
347 440
271 213
278 663
806 583
793 918
379 926
13 203
401 701
137 306
935 233
397 741
522 38
777 589
122 395
304 322
118 784
282 558
471 727
479 745
581 783
445 86
709 372
544 198
485 691
392 439
957 744
748 735
374 605
782 264
754 43
70 58
787 378
508 445
352 901
386 611
118 692
311 425
942 792
983 29
892 629
760 904
769 591
682 100
190 368
372 539
47 165
568 869
122 189
627 496
17 413
772 50
10 972
680 379
151 70
724 480
321 610
511 343
425 527
863 640
702 955
489 620
127 986
902 595
479 135
13 610
108 700
344 404
263 786
822 703
516 814
243 947
541 467
140 894
388 277
191 241
402 385
947 227
455 207
804 803
200 293
939 945
977 540
192 248
52 17
813 904
491 214
616 140
485 92
673 449
315 300
484 717
764 1000
166 674
718 337
971 477
5 878
345 228
565 964
350 500
561 575
170 89
547 257
495 970
56 953
456 798
481 642
82 209
916 506
694 784
728 683
56 992
193 871
283 43
734 20
521 224
623 854
174 578
341 975
751 274
593 916
155 634
560 781
870 516
115 443
772 254
19 760
385 802
352 42
812 126
493 269
392 139
783 183
866 342
174 160
698 656
482 360
141 6
704 10
665 713
242 95
831 274
136 86
127 665
378 605
169 203
374 533
547 137
931 774
591 111
351 455
626 774
122 514
622 789
108 245
57 969
825 969
82 312
