1000 1192 762 181
725 309 96 226 297 651 455 25 797 279 477 146 892 964 58 1000 706 939 899 510 283 784 474 987 925 845 935 716 4 593 880 869 317 156 241 956 406 162 637 74 18 81 526 966 12 666 268 329 737 11 595 924 27 957 733 659 87 515 993 546 487 582 687 463 506 492 391 267 691 832 685 30 278 817 799 624 247 573 371 227 984 770 239 101 294 911 44 346 642 355 509 372 919 820 871 789 815 535 992 365 166 454 527 731 482 293 555 676 763 68 970 961 703 165 680 688 93 570 783 228 773 306 152 500 843 465 842 736 902 380 404 540 720 83 480 257 426 541 774 95 168 82 856 800 411 928 310 225 479 345 750 946 183 944 276 73 973 67 471 985 795 812 26 302 174 316 551 839 281 727 367 401 726 998 790 351 122 931 521 544 315 320 796 962 139 852 177 145 574 764 826 374 8 288 344 423 290 361 447 285 427 647 295 130 758 230 190 960 36 331 243 414 415 269 545 245 851 669 616 390 171 908 883 113 347 412 844 192 568 195 496 564 464 481 202 909 425 592 254 776 990 410 942 260 408 375 170 552 176 211 240 178 175 684 22 311 270 628 213 828 967 3 115 887 513 577 501 71 108 286 683 901 434 903 700 830 556 772 537 473 53 836 29 846 775 827 840 489 478 495 472 923 663 801 710 296 79 210 256 220 682 767 80 900 393 997 483 417 419 23 522 6 576 369 591 204 787 704 518 609 54 460 578 459 625 994 744 785 979 768 335 927 579 155 348 689 203 741 153 327 224 109 890 62 299 193 759 631 57 547 136 626 120 349 399 566 723 161 142 342 940 717 661 205 811 118 922 913 865 461 525 877 253 19 632 802 529 950 673 879 644 265 248 55 549 977 640 51 382 197 893 907 623 94 392 761 116 816 167 332 354 853 186 572 458 187 528 467 905 387 377 916 701 926 196 356 326 963 809 699 752 675 301 932 134 690 512 352 508 885 621 914 894 258 438 421 328 63 289 70 638 319 884 976 945 132 718 542 255 75 368 154 897 818 806 147 765 157 215 100 949 221 614 613 65 822 896 714 657 895 424 698 97 284 486 983 947 788 24 917 102 490 904 338 639 298 630 322 619 814 131 402 829 287 662 749 244 912 563 810 493 920 199 557 728 730 694 206 413 37 238 86 502 612 531 622 652 858 112 148 738 753 233 16 766 886 91 921 562 875 596 850 641 825 7 250 779 491 325 745 781 792 824 715 864 444 49 78 611 988 650 440 5 135 692 655 231 48 188 441 313 457 678 394 308 878 358 760 219 448 249 90 933 648 184 532 485 999 597 860 32 50 859 569 936 216 888 951 778 339 312 972 978 876 251 104 264 470 635 314 1 874 384 271 291 324 872 125 831 671 746 847 405 40 14 60 262 503 587 867 397 755 137 664 629 602 246 66 43 594 889 821 185 191 697 519 126 955 59 601 819 959 633 782 488 336 103 605 45 571 543 9 747 954 450 560 554 163 588 121 138 575 209 234 266 274 739 207 303 15 41 658 180 88 667 232 586 462 803 476 141 449 794 654 743 72 42 585 179 982 300 263 833 674 646 124 702 164 507 400 395 862 499 323 443 649 807 385 39 431 550 719 173 516 854 705 89 713 85 330 292 144 237 446 92 793 524 307 748 106 534 615 863 915 389 222 665 989 751 740 117 160 159 729 17 396 712 236 708 548 756 681 808 172 442 610 581 754 398 366 668 143 114 603 252 762 834 660 33 378 99 553 724 201 539 722 198 606 995 69 937 437 305 620 505 804 439 357 194 212 584 898 813 456 607 861 980 432 445 868 841 520 318 656 341 128 84 981 934 709 200 929 735 189 511 409 599 618 580 386 777 583 653 695 214 429 866 881 791 364 217 277 643 169 407 353 693 514 334 38 363 975 105 590 938 838 565 2 47 798 420 10 272 381 504 259 679 523 340 600 304 373 235 627 941 617 129 952 31 873 734 360 986 273 181 968 418 906 538 677 433 558 969 229 416 469 76 46 333 965 77 742 343 672 110 559 696 721 451 805 20 771 497 837 435 376 732 379 711 634 350 158 930 133 468 182 321 383 971 223 107 111 208 891 35 436 589 769 261 151 28 494 707 849 484 61 786 882 943 52 645 823 34 430 359 835 536 608 670 242 533 337 370 604 123 910 127 275 567 388 855 498 282 958 517 561 149 422 98 362 64 428 119 996 21 475 530 974 140 452 13 780 857 466 848 870 218 150 991 953 918 598 453 403 280 686 636 757 948 56
97 185
221 162
235 628
170 934
844 802
132 3
764 1000
695 16
366 130
943 526
700 895
323 703
888 719
677 902
286 702
247 686
777 67
737 327
452 393
567 895
776 362
153 374
442 111
583 461
816 156
222 631
561 424
682 765
522 727
678 905
84 22
47 313
828 386
900 429
508 109
677 103
131 360
691 600
767 295
413 358
126 140
389 699
722 35
911 887
234 446
353 792
989 291
434 347
798 518
276 809
764 479
462 92
244 912
902 582
902 159
337 174
522 751
710 982
396 608
991 629
577 120
18 162
955 219
401 848
657 561
226 257
194 351
841 523
960 449
189 227
621 768
433 518
647 872
621 203
208 514
460 737
159 677
675 642
217 454
236 184
394 687
599 169
44 18
498 933
935 102
222 973
636 37
901 484
871 135
250 66
976 349
860 297
602 846
714 579
506 687
461 616
743 342
888 216
476 88
562 947
152 180
391 39
418 487
794 108
755 352
383 339
644 434
980 158
852 487
309 382
533 588
433 646
623 769
270 271
606 959
125 468
733 641
440 992
331 717
242 323
788 504
69 76
54 784
467 310
379 542
391 26
318 925
516 292
285 882
847 599
473 213
641 369
979 801
120 681
544 689
681 31
632 893
478 79
932 9
424 963
885 15
548 338
763 671
41 268
269 593
459 997
171 107
607 941
502 721
580 793
185 960
635 249
921 886
729 147
459 121
880 410
750 539
958 207
51 253
833 692
730 156
496 775
378 571
393 832
423 793
751 742
762 128
519 325
838 452
354 244
697 463
406 281
670 41
290 694
504 476
929 805
965 728
455 639
373 940
653 109
999 61
210 243
151 261
304 144
181 231
244 580
311 820
699 233
390 965
803 317
129 492
609 173
190 634
470 909
834 40
77 725
7 823
382 658
924 77
404 565
33 59
335 780
439 365
533 733
167 480
112 417
783 918
953 574
824 664
731 350
234 59
878 635
22 684
319 482
273 951
18 268
312 143
316 320
749 805
942 664
759 562
252 374
449 97
178 821
299 40
330 588
413 799
669 287
298 661
757 513
233 389
870 74
11 913
876 917
672 259
983 75
546 994
769 345
275 740
123 736
744 284
332 307
904 166
57 172
707 760
739 166
202 161
939 387
884 537
809 190
901 802
696 198
958 704
748 42
343 471
197 611
87 972
263 13
566 823
122 431
797 142
157 266
241 614
786 540
430 654
892 966
599 804
657 45
469 509
78 723
481 176
93 183
312 654
685 596
211 145
336 969
510 483
13 708
89 306
504 384
228 341
915 672
899 923
927 358
606 11
198 502
910 426
172 566
845 258
711 896
197 707
898 401
904 739
201 689
462 796
106 400
690 427
658 860
105 482
188 601
784 545
106 829
833 836
476 813
665 534
274 811
279 256
192 502
822 303
62 529
344 129
86 876
4 644
983 679
575 690
634 276
599 527
773 225
113 457
160 742
20 443
881 51
996 406
259 326
564 722
397 326
979 355
700 17
775 456
443 56
30 643
477 656
810 54
613 122
948 438
848 924
81 94
773 30
336 749
706 152
82 382
696 21
466 438
245 987
521 519
262 668
559 800
528 86
959 437
214 496
947 782
283 174
974 631
875 508
168 606
727 668
369 161
335 153
972 943
186 950
849 798
808 307
796 537
126 500
560 998
612 636
535 1000
73 230
239 235
436 274
748 313
589 819
427 738
351 531
944 879
718 177
198 89
734 100
439 801
668 806
683 552
997 795
385 45
874 713
735 527
848 503
549 495
178 864
211 992
952 206
60 479
657 963
165 403
246 442
117 745
405 375
676 831
126 409
474 745
538 23
889 58
721 704
17 467
815 986
843 36
296 85
444 555
63 538
75 765
523 584
886 655
132 509
780 792
657 372
713 348
618 558
770 906
5 639
553 145
33 339
426 610
172 231
575 26
730 19
758 751
551 439
498 664
991 289
513 573
251 737
458 428
759 907
70 934
974 624
932 568
189 857
563 300
984 267
874 83
380 833
893 827
808 716
742 920
463 315
619 519
399 968
869 14
285 817
799 16
194 615
254 645
570 595
530 404
79 695
133 725
925 600
262 193
10 197
343 169
169 847
881 867
415 194
474 107
951 814
385 772
969 164
858 314
239 640
520 444
338 229
899 99
2 946
971 455
689 275
59 807
24 551
60 246
196 601
447 420
926 217
597 328
185 460
623 312
873 596
246 479
666 718
36 746
180 377
76 154
497 720
850 484
534 38
975 837
49 298
777 862
583 530
512 12
136 412
654 805
649 218
735 852
809 990
790 676
866 528
880 830
604 598
554 937
345 90
768 158
305 710
515 741
552 650
949 701
394 590
688 137
978 80
483 888
272 239
144 819
727 751
401 716
271 500
237 91
238 171
9 288
101 756
240 318
198 21
825 973
828 949
781 55
124 337
116 490
714 493
790 468
70 486
127 893
286 628
663 25
263 541
493 755
328 495
489 859
708 541
300 602
613 945
864 922
272 843
142 95
201 275
445 401
594 793
967 544
85 607
789 732
782 868
344 278
666 177
439 993
314 326
633 812
913 589
627 639
877 851
560 209
663 686
685 873
143 623
536 340
616 872
752 133
963 110
938 667
117 855
866 818
262 163
14 147
582 505
95 407
39 292
978 669
303 333
253 71
585 384
741 378
403 123
48 374
114 415
321 705
674 725
655 29
570 656
984 919
57 566
98 293
165 494
63 428
884 779
121 997
447 819
271 71
830 558
824 790
666 596
983 765
648 346
208 926
787 877
981 795
295 649
448 820
128 232
257 632
531 615
416 648
470 273
546 703
757 12
163 991
332 201
726 920
685 957
728 324
480 407
339 354
43 183
411 255
963 572
181 172
511 485
380 836
464 982
793 745
64 581
357 136
968 281
164 525
865 187
617 367
921 833
31 360
566 970
530 461
536 842
163 806
432 543
580 912
364 324
554 545
263 936
894 883
335 962
90 9
827 43
515 904
249 486
226 167
300 425
204 834
853 914
590 137
790 264
254 112
175 727
933 490
280 282
637 400
571 584
255 74
890 620
448 692
418 852
341 272
227 823
622 351
771 766
452 971
270 500
363 340
563 832
103 492
441 952
461 872
261 539
863 817
327 529
168 437
720 425
372 385
990 92
964 482
8 259
569 619
240 13
659 750
252 662
422 693
404 967
466 816
113 279
567 789
66 680
744 698
343 72
571 523
894 800
451 431
662 100
248 821
517 950
928 298
745 58
451 34
317 767
102 389
523 435
2 472
711 605
585 788
831 824
898 848
350 851
942 863
116 824
931 856
716 898
294 489
787 774
144 447
251 62
329 574
622 615
918 412
42 499
603 205
580 423
138 578
772 45
212 760
857 363
344 103
179 643
630 642
447 785
134 632
381 660
526 65
862 236
954 384
564 854
83 464
91 151
489 204
688 224
319 105
747 376
897 650
960 32
839 753
673 297
925 946
353 780
592 913
671 908
826 922
622 474
510 260
216 717
393 838
294 718
51 419
30 225
390 587
47 611
215 736
845 487
955 939
810 923
405 68
429 280
653 425
302 667
637 905
111 284
214 807
232 597
704 919
76 750
948 678
888 651
524 308
815 215
956 818
936 708
689 761
575 391
519 930
104 212
470 814
10 850
525 920
139 938
911 434
182 468
392 210
367 265
6 755
514 679
221 18
806 193
840 475
800 326
651 483
292 551
516 24
835 698
454 370
81 242
800 883
201 716
312 430
6 154
685 673
797 258
693 812
435 64
273 659
976 729
937 196
65 310
308 395
497 875
908 87
794 213
692 510
52 259
705 133
224 783
865 724
471 370
361 115
738 199
702 228
35 56
819 115
577 485
503 157
854 945
264 468
108 229
318 322
179 30
52 397
954 568
95 480
53 870
719 985
865 221
1000 644
595 897
195 652
98 663
304 774
398 119
844 707
823 970
55 244
946 853
465 366
839 706
954 932
987 879
436 811
153 547
627 316
544 404
265 586
232 675
315 334
550 917
504 388
247 465
267 993
61 697
8 223
986 861
309 371
646 861
575 8
581 499
977 33
356 609
90 769
189 363
674 752
252 356
916 368
924 725
975 998
277 230
399 392
51 271
380 118
953 225
328 765
881 327
785 144
192 191
981 661
330 381
565 967
542 964
803 382
273 168
563 846
517 494
916 778
99 209
624 291
544 275
149 734
155 474
46 724
505 731
898 445
28 576
216 985
373 362
43 619
842 532
302 377
610 557
67 80
34 78
608 941
500 885
721 207
995 683
134 127
473 980
900 763
95 258
488 49
414 555
36 450
7 333
102 760
82 625
603 45
238 184
110 395
682 549
829 283
73 296
383 33
673 957
883 301
906 282
476 973
663 247
928 488
121 961
491 15
3 878
98 507
291 631
626 670
606 743
589 361
724 520
597 630
200 130
471 72
49 540
27 791
915 223
543 591
664 817
665 617
294 709
871 756
219 149
652 28
125 421
453 530
148 221
119 331
939 100
420 304
591 493
625 658
359 84
163 629
887 250
182 194
175 668
704 993
746 450
638 19
342 11
882 966
306 191
929 654
647 614
387 301
32 436
195 20
961 105
8 199
37 841
350 304
714 289
489 40
593 409
277 712
388 813
408 376
766 206
913 115
991 714
252 68
746 786
202 622
620 457
288 1
311 118
203 478
692 260
556 29
470 750
754 169
522 758
712 364
343 804
993 365
287 940
771 139
556 809
764 535
903 38
442 835
170 256
328 642
522 742
849 660
914 2
626 44
25 507
347 96
548 903
680 96
214 98
205 321
701 27
731 582
50 386
237 220
435 612
594 891
881 419
226 632
904 378
90 1
892 999
140 491
380 921
927 469
472 911
23 996
46 645
141 512
907 441
375 662
988 527
840 694
187 150
770 778
779 411
329 398
416 453
368 477
233 966
754 527
301 939
262 806
379 409
182 114
969 805
837 550
944 357
11 592
896 573
501 553
572 524
720 190
579 432
446 977
409 964
200 278
825 88
598 638
994 155
417 520
684 396
791 305
581 611
735 988
817 882
322 691
164 920
185 529
493 352
48 578
521 218
410 605
962 547
186 243
227 822
220 755
471 514
233 334
889 440
956 586
855 101
126 269
935 389
776 501
93 325
366 492
732 715
989 5
726 160
696 299
146 521
856 290
309 317
50 576
148 150
385 603
188 723
124 826
402 146
13 318
205 133
587 747
346 967
173 138
421 182
761 740
4 434
44 572
563 393
715 506
216 331
298 997
556 53
414 112
408 910
456 293
930 619
890 135
353 811
5 320
753 348
931 995
458 131
141 359
909 168
569 402
869 475
618 604
707 104
803 371
176 858
322 946
532 241
69 220
354 781
859 709
349 557
640 541
111 179
355 551
872 363
417 166
245 868
633 248
511 422
481 559
891 94
266 924
867 327
