1000 1498 62 783
593 115 832 4 910 845 770 806 900 188 79 162 619 370 805 979 919 701 820 497 571 145 447 688 554 967 909 917 201 727 337 228 606 985 193 329 511 231 662 303 73 401 555 825 758 898 587 902 789 516 579 51 209 589 168 369 675 765 984 972 948 953 905 823 454 864 499 409 49 443 345 615 630 477 20 112 403 371 269 253 489 708 34 940 602 929 716 507 562 218 502 461 907 389 89 135 280 186 982 541 374 257 847 277 591 799 911 590 237 72 800 64 625 705 396 48 224 855 330 42 196 503 690 74 976 177 462 737 410 399 99 993 10 877 576 996 122 138 242 671 129 521 673 817 778 552 26 273 480 863 706 623 761 695 25 566 386 62 262 254 970 106 134 601 500 21 491 945 415 358 852 69 776 187 338 60 621 412 592 263 660 677 493 275 794 556 741 360 301 842 926 422 50 734 646 364 451 6 942 435 573 449 404 295 175 834 923 98 150 649 169 267 882 779 866 239 372 417 220 738 1000 393 956 657 946 402 719 436 248 326 65 568 166 274 310 204 616 250 718 419 47 687 830 655 713 424 860 826 822 968 792 958 111 570 558 185 151 200 980 535 1 44 694 398 285 932 774 90 327 760 595 543 884 889 281 754 215 32 897 488 444 381 990 908 536 222 191 57 2 849 363 93 883 550 821 583 901 357 899 165 796 400 959 787 341 40 331 198 140 533 828 217 342 450 974 745 167 585 783 596 147 378 15 808 233 994 722 319 767 961 647 446 704 978 938 216 292 609 920 835 105 642 631 174 195 819 795 663 406 983 492 793 473 768 352 508 456 654 698 916 61 346 927 429 857 312 153 951 913 735 441 977 481 969 868 23 307 314 311 96 692 538 19 643 440 14 605 627 29 560 748 906 548 833 691 869 297 365 510 163 928 715 172 316 426 667 36 361 509 143 320 664 780 392 86 751 376 530 110 640 469 861 730 656 148 207 313 733 127 84 241 801 336 323 950 92 308 17 94 339 634 276 682 650 328 666 848 659 997 390 159 757 838 351 268 504 113 744 653 876 505 189 133 347 769 149 935 547 914 637 879 736 645 35 999 753 306 210 117 205 531 975 700 181 465 97 680 278 584 816 137 283 487 463 290 82 674 355 723 837 7 121 484 763 803 686 261 496 431 54 577 523 844 305 963 651 782 67 197 476 452 458 802 564 85 867 427 478 720 875 620 448 739 565 182 891 272 921 726 580 843 784 425 102 407 288 70 18 781 387 797 282 58 359 391 604 116 408 343 164 136 206 156 557 962 525 377 294 561 227 813 226 676 356 238 973 732 934 123 109 131 998 284 373 610 943 850 394 211 772 771 482 988 740 459 270 265 126 43 101 252 304 240 475 549 873 130 468 171 930 986 809 192 413 300 324 717 83 45 526 614 551 235 881 474 829 856 208 66 225 759 617 12 804 190 512 38 567 588 214 39 30 433 575 467 746 903 55 383 124 846 773 540 750 678 622 418 520 639 255 854 952 872 669 63 947 668 498 382 260 683 954 173 256 607 624 559 104 299 966 689 710 354 515 22 628 532 470 672 334 827 495 152 696 223 180 894 764 8 362 594 247 139 81 479 395 125 455 71 658 212 411 524 158 599 944 271 989 603 896 53 414 981 289 244 814 506 460 514 259 46 199 578 987 721 853 430 119 157 652 33 438 711 818 885 807 315 321 874 714 925 24 245 572 626 912 679 68 574 964 87 184 120 75 243 707 434 5 598 317 183 397 296 318 791 31 483 445 432 681 709 421 457 348 385 728 437 179 279 333 955 890 648 731 841 37 178 161 78 291 862 537 322 743 798 597 618 810 933 91 724 368 725 517 629 685 670 612 924 939 785 439 644 472 77 995 335 992 858 287 811 428 332 712 52 453 221 144 527 141 786 608 922 546 824 957 965 893 471 851 367 513 836 246 661 142 490 16 600 831 755 170 742 95 880 3 128 729 522 749 918 613 960 59 76 486 258 176 519 878 11 266 702 581 886 949 752 213 665 931 28 108 423 344 309 775 887 699 747 638 790 349 202 416 501 582 380 703 9 236 194 991 697 230 302 485 871 941 388 865 442 219 325 27 812 632 904 353 529 936 915 892 937 350 766 762 539 234 405 155 229 88 870 840 298 114 545 641 249 286 118 684 100 839 971 542 859 41 756 251 420 154 528 107 518 103 494 636 293 586 895 544 553 203 693 815 375 611 534 264 379 340 888 160 80 633 563 466 232 366 132 635 788 464 777 569 56 13 384 146
260 504
112 295
927 111
957 48
939 541
774 23
402 846
210 307
531 761
569 684
78 431
414 573
392 901
960 209
287 232
613 670
113 475
224 12
89 966
745 828
129 740
105 203
108 414
739 846
895 872
558 497
551 279
669 15
490 164
233 188
672 131
216 353
988 454
156 241
143 585
379 937
91 923
23 794
441 480
428 102
258 320
831 804
368 890
116 338
42 486
10 437
42 298
432 102
165 949
427 121
908 870
722 166
950 655
470 479
697 370
253 567
592 953
151 650
987 270
702 458
591 648
247 386
880 340
23 958
9 53
247 538
668 653
322 391
65 575
815 114
399 137
786 351
742 481
810 445
28 413
999 928
938 213
268 607
491 9
266 181
571 765
81 99
11 878
655 201
413 735
381 53
845 189
343 795
370 403
783 139
96 587
916 917
667 958
101 556
510 315
813 478
45 139
791 896
327 664
953 626
27 3
374 440
647 146
734 660
597 834
676 526
194 959
178 229
916 746
688 551
115 753
401 122
502 572
869 629
176 204
526 826
956 951
649 556
503 177
454 674
949 331
105 609
5 704
136 259
339 594
748 862
39 424
254 326
894 541
648 886
302 38
560 1000
658 434
966 824
119 389
923 699
460 706
324 36
7 567
466 586
7 963
393 461
265 619
519 41
690 510
1000 957
700 512
86 165
629 383
759 81
743 618
119 372
463 608
866 30
670 282
251 316
985 2
827 767
525 21
34 72
407 41
275 829
677 514
214 478
188 335
771 71
753 544
816 548
448 507
554 283
762 793
178 162
677 637
763 643
586 981
185 562
364 720
687 231
707 142
946 650
483 66
190 925
158 388
146 823
868 308
912 757
357 117
305 702
95 835
431 533
157 325
372 769
464 30
306 775
827 399
439 516
683 614
798 323
696 364
433 215
146 503
865 495
69 101
284 920
299 209
239 422
525 235
117 678
139 689
498 702
946 365
140 180
657 547
123 517
459 545
148 265
710 615
54 387
10 120
939 636
727 493
813 989
530 958
828 425
652 399
56 617
267 493
557 661
760 136
894 524
909 205
431 366
446 435
797 75
17 976
357 128
403 903
983 186
591 723
294 402
673 261
236 715
372 926
705 965
992 722
590 910
700 761
531 545
294 746
369 455
212 16
183 951
857 851
446 636
896 937
275 223
263 735
550 858
542 91
359 811
837 776
537 75
612 71
622 212
145 639
892 125
931 118
720 941
685 561
762 374
883 183
770 39
2 534
504 305
570 144
694 871
641 262
529 621
473 438
804 3
171 103
373 855
511 154
444 490
642 996
190 499
571 35
205 477
501 919
793 787
623 978
352 684
200 918
823 543
199 700
202 381
457 811
887 73
770 745
353 239
11 837
160 496
750 261
729 27
780 867
885 253
687 311
318 135
973 348
54 670
506 772
820 242
821 446
924 246
524 854
876 892
815 393
631 258
870 602
526 187
932 255
280 329
295 784
772 790
944 825
346 705
876 967
869 712
790 509
55 76
507 645
621 60
758 164
692 921
306 88
395 79
411 688
225 329
135 167
128 513
914 278
245 115
598 954
853 981
333 547
191 909
652 734
866 129
295 717
938 807
998 20
382 679
427 480
177 858
378 78
516 278
110 933
624 518
952 157
398 610
541 854
598 301
969 169
913 226
47 108
781 120
31 599
276 417
77 290
286 159
444 7
535 728
51 161
390 757
560 574
378 999
974 274
487 943
434 436
616 721
661 945
308 384
561 904
208 490
980 141
766 15
642 471
6 505
20 601
281 993
86 876
597 606
442 415
467 975
97 533
225 152
371 342
904 593
808 60
991 241
633 881
337 724
329 422
515 174
123 130
561 696
262 453
983 998
148 206
343 615
930 112
43 430
279 409
35 302
624 718
133 34
683 888
814 587
536 505
358 856
204 32
361 255
331 945
742 475
625 788
322 418
750 244
540 501
638 336
25 204
62 689
844 144
861 943
137 644
370 590
600 962
109 58
39 312
580 428
328 589
795 516
577 571
357 121
478 94
111 377
817 920
528 646
898 640
995 833
528 995
992 14
519 440
63 494
766 74
758 208
369 4
238 61
739 294
416 124
555 448
88 257
678 221
300 53
145 304
852 891
227 278
452 520
527 519
280 239
159 455
470 535
43 595
418 603
376 134
622 860
915 244
933 368
65 724
768 538
95 181
218 147
698 850
757 358
957 489
256 445
17 816
273 91
263 755
751 612
646 884
893 781
285 356
131 991
772 715
442 36
203 104
271 485
153 233
728 401
812 375
444 635
67 301
68 24
486 488
578 542
951 419
582 709
821 68
769 808
575 100
905 190
352 579
882 914
250 197
501 234
810 457
801 819
18 859
675 387
824 864
514 936
581 28
271 156
619 52
179 764
511 844
631 270
106 938
839 908
639 852
33 622
574 620
178 250
515 850
828 976
430 435
345 240
537 568
952 51
819 580
627 616
754 141
167 817
29 572
817 318
417 956
264 73
230 845
21 184
487 359
686 384
836 303
207 236
874 168
443 969
739 362
345 235
760 974
500 408
134 359
341 502
84 315
752 639
791 776
275 589
350 302
986 296
512 950
984 709
703 740
756 972
964 119
14 166
360 331
44 169
609 285
626 743
395 968
451 902
500 467
616 784
753 993
653 663
595 435
196 26
994 759
855 725
849 762
927 829
992 923
67 954
796 259
56 645
563 803
264 972
976 242
222 570
87 415
710 704
861 809
4 610
779 310
246 339
219 265
847 349
633 138
313 832
397 211
336 593
807 782
628 701
291 385
806 835
906 114
154 985
498 553
729 804
789 461
867 623
314 788
323 451
227 795
29 468
79 536
637 681
889 54
481 324
645 303
93 464
984 269
209 606
339 885
106 518
321 89
284 844
965 799
952 330
433 871
150 955
747 148
752 891
397 230
680 564
252 716
163 838
909 211
253 963
651 442
649 69
588 697
210 830
243 476
887 870
127 603
985 406
589 995
517 404
400 94
502 288
780 426
458 504
691 390
597 785
267 922
969 64
588 403
895 728
51 649
864 89
380 738
424 745
269 698
402 916
225 155
379 281
642 950
658 456
309 230
50 337
166 600
398 312
8 871
731 881
107 288
977 532
732 281
662 323
975 158
977 429
133 692
409 931
310 899
434 940
792 320
947 188
474 112
100 10
132 934
868 933
895 122
717 733
379 581
203 483
731 984
593 765
411 982
215 527
330 161
988 499
746 910
730 805
158 500
802 669
249 420
651 160
316 891
837 735
153 947
309 191
792 117
482 818
304 752
716 380
98 822
354 335
96 966
890 868
567 635
93 546
711 116
767 103
369 398
997 832
997 825
585 364
286 76
554 46
160 415
665 64
778 287
123 674
394 463
81 538
944 978
794 539
656 863
173 349
811 376
521 70
245 214
856 168
552 40
711 173
320 513
934 946
243 20
709 881
26 246
531 810
38 583
581 896
257 210
17 820
125 86
644 666
970 721
787 682
657 973
675 790
912 874
495 586
624 289
5 439
873 673
354 521
883 956
866 93
628 625
491 347
708 799
714 420
900 932
414 138
32 472
385 405
245 599
196 843
338 396
110 33
717 930
664 1
489 576
682 327
310 539
880 296
755 878
827 734
600 691
333 59
742 36
287 58
805 272
918 737
696 143
247 13
79 947
50 863
126 733
177 954
307 775
456 436
680 404
237 872
513 631
563 193
366 928
315 537
922 760
634 612
924 594
83 607
509 889
873 276
449 462
596 800
659 393
558 780
949 40
229 429
59 441
392 549
629 293
836 389
208 416
685 143
472 25
353 694
912 856
229 192
423 63
360 40
685 638
971 940
628 520
220 292
55 913
373 654
19 592
587 578
675 889
935 479
926 389
698 174
406 511
573 47
543 647
577 879
462 352
182 360
293 290
460 101
701 257
626 823
522 308
416 306
317 584
266 175
779 806
355 914
423 400
893 921
345 97
474 627
712 665
920 222
122 237
22 82
495 987
695 37
704 453
407 841
417 419
425 424
767 660
473 1
346 799
583 577
58 249
632 723
90 74
694 421
986 340
554 131
859 71
744 659
231 756
375 614
487 840
605 94
719 355
839 602
15 915
213 740
428 801
812 683
216 421
521 102
469 150
297 410
761 459
862 44
121 678
911 885
925 988
98 522
755 184
553 22
68 636
989 214
559 841
978 997
724 228
771 18
193 412
688 392
576 967
362 176
671 666
213 782
497 906
128 792
764 292
721 748
439 343
300 491
525 240
266 955
447 453
120 198
70 335
564 517
217 492
62 783
962 390
313 825
796 218
187 632
371 271
977 194
473 118
738 252
832 630
964 529
84 690
98 886
656 337
863 800
8 421
347 679
713 835
82 498
299 405
24 939
766 80
865 466
314 452
743 543
344 312
447 349
113 107
715 838
860 16
522 686
95 175
458 553
672 241
488 693
756 565
142 251
61 934
460 141
42 693
140 518
82 217
344 770
840 195
608 754
476 186
546 703
494 618
601 530
197 162
692 373
449 468
708 277
917 910
332 929
850 900
807 180
165 552
590 903
640 325
897 662
196 2
47 149
317 803
749 948
22 492
106 180
836 555
980 608
907 3
100 198
411 549
754 706
877 272
254 941
848 367
484 237
822 686
445 545
834 92
255 662
544 31
972 367
474 784
212 110
126 621
25 6
781 437
290 383
293 712
812 18
940 189
462 172
313 730
192 162
422 152
328 223
111 168
979 45
797 777
975 716
994 99
207 838
542 814
924 57
623 426
454 130
457 256
231 367
201 199
362 32
173 338
842 777
853 466
843 534
550 647
584 412
46 410
580 432
641 847
726 234
251 340
470 401
45 809
574 85
905 170
365 61
737 49
900 361
707 316
650 351
892 611
725 654
550 503
269 582
536 153
285 824
851 613
973 736
926 555
630 272
617 999
449 341
72 893
619 747
877 872
224 737
342 485
899 948
216 280
505 395
890 384
195 809
928 78
888 66
303 448
523 286
773 797
319 637
714 918
170 499
394 205
438 682
937 732
849 787
485 598
254 381
798 902
617 507
57 843
358 962
262 710
658 189
423 605
898 330
570 284
429 959
49 12
532 350
179 220
30 653
103 831
911 594
905 801
508 888
942 773
334 727
176 846
676 391
350 194
968 6
913 145
786 90
883 588
288 475
291 705
582 174
514 319
63 19
547 736
693 471
156 566
29 341
803 418
974 87
559 8
219 52
927 223
552 125
107 572
283 410
549 562
971 397
842 860
408 759
971 845
319 297
798 268
818 476
826 632
523 4
719 219
942 568
169 970
363 640
595 821
276 261
138 731
333 480
583 35
477 463
646 833
273 814
625 830
300 202
211 309
922 259
942 75
818 680
378 56
677 875
385 965
232 200
671 137
400 19
674 404
356 105
990 993
602 85
557 182
862 970
427 221
27 469
328 833
853 436
24 894
877 484
115 31
540 332
268 206
186 482
215 841
132 238
848 887
699 14
568 510
596 656
273 699
450 85
66 104
197 479
351 74
199 459
236 506
935 535
108 718
380 467
921 34
163 185
136 274
635 164
248 181
620 450
830 701
579 172
875 292
132 252
206 83
802 750
69 706
149 718
903 917
931 1
377 874
118 279
437 72
873 419
676 127
391 187
55 159
982 562
627 748
227 355
124 775
413 776
375 859
220 854
9 679
90 80
382 465
396 334
654 133
578 321
831 907
998 530
560 48
217 84
584 563
64 44
326 720
124 758
800 296
455 523
524 179
374 41
282 387
222 167
532 38
695 382
326 202
109 488
277 789
901 551
982 163
703 782
347 695
681 875
248 469
425 242
786 151
12 193
592 494
311 604
234 348
901 409
142 986
848 264
465 684
244 669
763 865
361 897
747 83
334 116
155 260
301 342
785 671
655 996
575 228
21 878
668 383
815 789
777 16
443 665
544 990
191 394
813 605
908 73
778 109
558 744
243 983
690 492
50 228
96 321
955 248
376 256
559 433
412 49
964 769
714 224
134 840
226 76
508 104
483 356
633 573
182 945
673 802
201 512
929 726
149 289
432 70
687 565
907 171
882 52
936 46
751 13
609 864
496 274
92 299
796 267
263 11
33 368
852 707
729 150
751 386
207 185
60 733
727 147
996 298
614 508
471 298
771 634
842 773
87 496
834 961
672 283
638 904
711 847
564 482
461 708
861 979
557 929
144 406
644 652
322 127
336 879
270 643
548 820
497 426
822 648
826 591
438 664
528 857
882 719
884 857
897 451
348 919
691 722
464 663
936 297
371 566
13 768
1000 576
697 183
668 77
486 778
481 113
736 919
527 407
170 819
667 601
713 779
606 92
332 661
377 829
388 994
155 305
152 260
363 741
765 879
741 548
221 441
569 579
440 793
420 200
311 43
898 157
915 80
534 154
198 65
520 788
232 249
258 643
899 806
489 611
59 657
805 484
171 660
318 855
282 851
477 980
327 849
468 172
456 981
88 307
869 443
472 968
991 566
990 732
67 858
943 195
816 363
388 408
738 238
129 546
791 28
175 713
354 233
140 289
960 291
405 960
884 613
659 114
450 839
867 944
599 989
130 925
959 192
794 749
37 465
48 620
565 604
634 386
126 930
324 651
979 689
607 902
967 611
961 785
961 666
726 540
151 365
430 604
663 77
396 147
569 37
808 529
744 906
506 509
317 603
618 953
681 764
26 57
5 615
99 768
250 935
539 948
493 218
277 346
886 723
741 325
987 763
161 556
235 184
304 226
366 97
963 911
730 630
135 725
880 596
533 240
774 667
941 585
641 447
344 610
932 515
774 749
