1000 1498 239 71
200 27 823 136 689 246 455 995 86 640 397 179 896 447 99 121 798 473 616 814 553 369 430 139 924 348 815 819 178 98 800 319 893 333 882 421 168 363 921 602 453 413 810 230 612 145 354 864 505 870 528 306 457 485 659 122 490 520 197 635 472 372 744 583 936 811 84 577 761 448 154 902 370 438 275 1000 771 343 54 410 741 977 309 247 73 452 573 950 973 750 978 389 570 435 885 475 585 89 728 339 587 690 669 298 196 633 711 237 832 677 120 526 263 477 662 705 266 382 345 610 273 974 449 383 790 258 478 241 185 386 317 30 679 733 169 962 53 753 537 25 59 758 935 262 628 272 403 603 890 303 43 695 717 828 256 189 824 760 416 137 527 29 993 507 732 626 725 251 186 748 803 205 443 901 428 774 944 843 868 335 813 161 142 694 286 148 841 617 375 401 469 755 296 411 727 451 100 817 491 917 904 541 157 155 683 33 133 269 687 405 847 979 199 967 757 456 772 425 341 440 15 821 418 28 236 163 619 201 277 720 609 775 393 961 293 834 112 850 106 569 144 270 45 422 423 923 14 719 357 385 188 830 486 523 548 751 707 867 638 538 337 637 589 948 22 658 517 846 806 929 110 782 989 221 208 318 52 444 330 899 783 66 909 180 429 966 855 353 955 320 55 877 183 908 74 613 243 436 984 88 38 81 19 408 352 223 518 623 857 91 329 943 622 624 280 21 914 165 260 8 271 892 162 900 959 392 9 173 71 362 704 193 504 313 991 615 737 468 666 11 965 739 985 167 650 20 238 1 140 593 818 259 174 226 420 693 176 419 51 791 118 699 124 257 184 35 754 501 554 716 605 858 5 58 940 681 969 998 498 649 304 210 730 10 953 826 578 514 956 7 715 465 708 675 916 340 556 233 918 734 777 119 268 261 654 946 647 752 285 531 884 724 439 215 700 876 606 402 115 844 344 729 928 925 926 294 866 211 888 871 676 407 600 709 398 718 349 784 97 47 511 177 301 69 668 714 579 65 839 982 342 786 849 988 336 46 563 404 252 990 894 838 512 701 891 494 458 551 279 976 92 913 796 598 915 60 532 735 129 424 315 466 992 4 762 878 347 90 565 833 290 248 780 907 547 862 875 691 461 835 497 510 316 350 130 664 781 288 265 555 645 549 387 314 476 533 87 111 67 245 141 672 331 499 464 954 216 696 441 463 787 519 234 983 276 79 738 152 454 160 57 525 879 77 768 934 378 646 625 560 409 564 652 770 773 592 484 759 872 459 580 3 312 599 426 368 722 980 220 685 801 417 434 794 661 604 249 48 897 922 792 713 996 680 255 825 194 242 618 334 80 856 883 987 648 34 6 327 972 283 181 586 534 636 920 799 217 591 39 117 960 845 138 663 568 840 24 898 629 667 116 698 198 851 147 697 550 749 373 559 83 156 50 964 639 660 85 651 323 837 204 703 214 521 820 567 96 49 338 126 999 218 665 61 905 384 611 446 412 822 171 253 359 536 911 767 765 797 399 674 493 779 56 942 297 793 41 881 17 292 187 224 281 572 522 202 75 2 500 12 311 941 947 530 377 18 861 641 82 653 355 390 686 235 170 146 300 809 495 107 267 462 764 576 542 113 219 36 203 692 535 743 816 657 324 13 310 515 655 557 195 487 396 433 939 231 244 125 228 957 149 105 94 250 365 919 76 481 630 566 132 887 460 166 721 558 103 873 788 865 682 895 356 482 503 952 601 376 474 93 869 848 726 614 608 595 254 31 763 445 596 32 442 671 326 488 889 562 836 807 710 159 44 134 951 745 731 802 284 131 192 104 128 229 643 325 769 175 240 305 415 496 963 937 723 470 190 143 971 958 574 597 232 546 706 747 968 688 746 588 808 859 414 108 40 805 544 278 206 910 575 853 480 406 766 471 506 931 903 742 627 756 778 388 863 102 431 509 361 209 150 391 109 289 975 632 581 561 123 736 634 854 212 364 307 371 678 938 508 437 427 489 594 880 812 295 539 225 702 287 827 358 308 222 328 590 829 64 101 164 78 997 927 151 545 37 114 930 785 483 582 852 23 795 16 789 740 264 374 842 172 932 540 712 776 949 332 831 191 945 524 673 182 42 367 642 804 291 26 860 432 906 994 933 981 516 322 874 207 321 607 621 68 95 158 62 479 552 620 492 513 543 213 584 381 912 394 302 274 656 299 450 529 72 395 379 670 986 380 366 631 970 153 351 63 346 227 239 360 127 502 571 644 886 282 70 400 467 135 684
74 456
985 816
324 635
119 506
584 379
245 936
520 840
453 825
313 493
397 282
597 81
56 567
198 664
324 65
644 278
983 202
749 34
807 583
519 263
614 713
300 915
97 80
8 901
887 516
447 831
500 738
848 751
308 485
277 523
353 882
626 574
272 553
360 374
422 838
538 578
802 466
967 712
139 672
341 848
455 433
90 639
242 93
715 764
802 727
75 121
584 32
138 405
781 376
171 593
286 287
224 19
127 752
769 370
3 433
445 259
397 492
767 466
881 956
18 795
458 579
312 385
424 333
449 160
500 177
745 777
869 355
949 573
896 759
87 396
539 773
778 502
985 269
332 693
603 135
485 544
307 860
950 911
337 322
35 655
88 887
184 427
105 878
399 314
354 295
946 629
317 479
527 654
304 162
170 434
173 609
480 193
307 652
565 333
422 320
885 412
118 246
468 476
847 95
289 482
178 545
275 357
164 410
676 685
1000 658
830 789
541 67
132 37
673 418
830 919
915 454
279 125
392 594
649 489
19 221
961 68
819 825
933 589
994 517
346 72
858 267
157 972
526 36
382 582
550 187
930 65
110 29
363 454
717 103
980 721
424 268
943 846
266 334
654 414
491 880
293 673
386 10
134 479
566 303
326 433
741 548
707 877
146 143
23 445
364 645
595 644
914 378
413 98
698 240
682 910
542 172
1 112
664 741
54 548
791 427
415 670
81 996
165 135
73 252
910 828
676 960
762 220
47 568
885 604
212 773
808 754
138 736
460 12
408 683
487 396
237 306
652 176
172 615
92 662
614 253
281 881
37 191
744 842
635 402
416 686
1 708
877 559
556 165
486 303
675 901
969 614
162 587
147 632
748 898
557 349
533 731
469 111
695 490
24 6
302 550
573 853
309 105
256 222
710 878
749 115
34 411
172 265
797 988
85 423
715 781
441 799
867 914
69 984
356 493
892 484
340 43
724 775
106 591
639 393
486 854
780 823
581 37
618 504
784 916
357 225
818 289
991 728
620 107
886 156
681 686
24 678
628 908
594 72
829 448
481 561
298 496
542 9
637 187
230 342
677 8
687 606
834 753
495 855
356 755
258 370
778 374
337 200
633 78
721 582
89 234
805 707
391 495
597 112
764 758
136 94
336 425
280 134
849 590
731 390
540 231
190 44
855 217
55 59
571 937
295 431
108 242
43 911
532 136
304 632
33 301
726 314
467 264
750 421
534 499
321 226
792 192
953 919
766 90
587 684
977 553
403 247
51 322
882 605
932 674
686 908
541 940
294 121
541 798
226 835
174 567
200 578
712 158
955 806
624 478
956 545
76 845
856 871
436 181
549 379
58 783
468 524
132 880
214 701
529 922
241 978
76 473
309 729
428 971
353 220
62 692
967 621
485 256
592 501
956 782
944 772
690 127
978 935
648 28
558 874
292 118
827 790
152 722
596 476
363 300
384 270
588 899
968 672
819 413
896 177
263 148
192 261
246 247
948 951
613 694
131 182
699 43
78 859
796 365
339 835
554 907
133 347
707 62
395 822
262 757
761 91
166 743
997 537
666 663
67 385
207 354
393 224
295 569
418 860
636 358
817 347
70 695
108 253
492 785
84 617
573 501
538 51
824 447
508 727
599 60
331 79
860 566
661 955
46 585
957 947
851 377
964 199
401 812
711 626
381 702
639 599
26 154
398 754
128 883
929 845
954 35
129 440
570 92
861 913
44 39
696 197
66 250
620 941
520 434
470 416
178 782
70 1000
233 280
315 208
235 305
321 339
934 698
179 918
948 489
572 327
536 200
720 669
338 645
889 359
348 117
655 216
883 100
245 204
51 384
168 665
488 542
261 330
946 465
604 461
842 21
716 619
874 784
55 875
691 741
944 382
163 404
777 657
787 909
800 504
849 797
451 895
511 976
546 973
876 765
129 363
830 420
155 564
670 476
975 634
534 776
978 284
594 607
497 823
218 962
417 456
565 97
320 214
120 88
739 944
470 908
408 9
925 927
683 897
678 196
517 22
375 304
759 601
482 445
345 63
610 609
366 481
788 716
666 385
425 250
391 217
179 34
979 829
737 5
283 969
963 993
869 46
552 743
279 441
728 603
705 925
811 705
399 671
27 150
959 958
144 839
831 415
931 804
962 484
522 25
943 661
343 163
599 224
491 920
555 362
178 123
257 366
875 769
827 36
536 229
893 183
246 48
590 388
703 878
630 74
989 148
515 203
917 149
255 106
345 209
746 565
508 466
194 201
459 5
747 680
672 79
260 995
346 392
656 751
547 629
20 729
154 567
888 271
414 719
2 203
900 379
619 563
62 872
668 929
156 606
946 890
175 760
42 483
39 739
532 285
603 556
640 857
661 133
70 838
981 326
116 450
937 165
323 911
789 953
176 673
164 191
517 339
580 864
863 600
499 820
987 754
475 623
834 196
156 98
866 427
323 699
186 814
61 312
249 20
330 404
893 815
839 996
698 638
562 924
615 9
423 462
195 49
210 21
390 137
795 153
180 736
71 11
810 213
256 112
137 311
205 683
819 844
213 230
779 459
3 892
130 848
77 884
292 48
394 117
243 230
75 204
248 926
249 960
616 299
285 786
308 906
657 627
451 863
328 195
285 61
678 563
93 253
414 822
276 647
126 431
526 990
194 805
578 322
715 735
16 768
276 269
90 211
293 965
346 699
800 327
884 317
437 564
461 457
877 692
53 919
186 153
940 684
469 294
369 512
570 995
831 406
91 851
611 107
387 241
932 367
729 960
641 507
869 352
986 355
14 866
740 278
50 962
940 983
516 39
18 186
474 758
822 527
260 650
398 450
335 601
329 277
426 543
763 440
432 727
254 348
140 227
566 854
21 970
704 399
6 610
429 509
441 438
85 99
886 413
910 829
952 38
54 66
865 318
160 10
64 489
522 605
483 316
759 500
710 238
971 411
290 692
257 561
868 257
409 383
373 189
746 424
902 146
223 912
653 511
949 592
671 574
766 393
790 389
267 83
273 133
201 439
151 607
234 120
772 980
149 552
677 891
125 438
876 592
486 78
271 274
158 924
221 477
124 577
502 360
903 738
215 316
464 29
175 669
900 32
59 267
508 113
921 183
460 97
691 198
142 389
71 291
721 38
669 197
986 352
443 460
812 694
477 60
816 419
894 7
618 327
974 589
904 4
681 203
931 676
17 188
631 469
114 27
652 418
791 362
84 796
446 816
645 826
386 449
679 647
228 260
854 307
804 328
540 515
182 177
157 336
765 621
505 23
358 898
954 216
108 969
3 981
711 196
245 954
490 771
801 990
865 259
718 791
810 575
185 824
615 442
957 275
183 586
966 591
658 701
847 148
351 350
262 308
923 364
810 342
325 897
939 487
894 155
753 711
219 439
395 719
556 991
653 507
264 240
389 512
882 212
748 545
623 973
233 329
236 244
443 80
664 401
270 340
103 998
571 462
40 638
189 478
255 607
149 659
942 448
91 332
779 124
595 126
814 612
265 442
932 588
480 297
885 457
927 463
206 771
828 979
558 435
75 936
251 452
86 492
762 52
268 114
934 577
926 407
435 643
660 429
239 71
338 836
349 750
521 546
426 13
771 361
654 557
204 35
747 792
583 141
59 769
516 190
429 317
138 351
643 602
820 287
316 520
827 142
255 966
98 825
192 680
428 197
755 313
60 19
354 87
790 306
700 697
352 288
905 356
66 972
941 487
400 130
807 367
632 794
218 714
986 161
155 271
617 365
598 174
311 820
917 579
624 842
733 926
525 380
531 734
237 369
560 167
891 760
730 858
239 984
585 355
547 465
899 58
325 205
350 903
907 314
405 534
808 890
373 662
989 770
742 853
507 41
15 907
266 301
273 817
993 434
449 591
290 559
530 644
807 588
999 776
298 244
38 403
96 57
463 945
402 604
61 136
660 310
642 152
193 549
690 781
368 793
665 115
746 80
83 55
703 309
193 900
529 763
329 321
688 96
855 371
687 886
880 924
474 870
11 984
843 761
668 344
116 890
490 974
291 985
380 65
613 498
409 244
786 312
774 642
405 180
367 159
818 201
31 375
161 862
979 651
212 982
417 630
331 958
73 330
101 609
388 586
106 151
44 494
145 756
33 334
45 697
629 208
928 373
999 287
397 364
552 579
835 994
443 930
938 992
874 299
12 324
753 510
641 905
421 223
950 384
412 751
642 184
965 770
100 598
488 408
261 252
656 625
25 220
89 467
970 624
953 857
942 69
33 199
893 814
437 894
473 344
118 64
668 76
400 341
636 947
805 872
957 536
219 194
787 747
580 96
13 296
174 26
30 128
806 649
4 861
905 41
524 670
6 716
653 879
626 510
28 938
659 122
306 512
826 657
86 464
141 58
714 50
137 533
94 241
206 933
42 821
169 569
708 537
993 159
733 366
776 180
912 750
770 117
951 64
502 958
523 233
226 277
667 358
419 472
884 509
723 113
359 643
394 847
510 704
671 726
901 891
222 544
587 873
843 851
782 793
382 980
264 638
828 799
248 318
634 103
720 428
955 846
696 918
637 472
109 763
347 943
185 57
703 20
551 928
273 284
631 141
398 139
292 951
483 503
752 904
440 922
168 749
608 190
611 941
551 732
121 111
127 376
142 526
844 453
553 498
83 730
171 436
371 213
857 809
523 134
467 40
837 849
342 455
779 737
571 135
606 800
456 589
988 921
378 377
319 995
251 611
181 4
49 528
801 17
223 130
320 658
920 381
775 813
845 756
803 742
218 725
744 82
528 685
568 68
655 359
633 102
475 166
232 982
82 189
215 42
562 132
99 506
554 726
369 701
765 501
577 240
57 447
764 690
717 706
700 803
873 202
839 52
123 793
719 514
210 600
663 798
378 693
802 514
249 685
689 143
258 471
181 593
682 438
994 211
254 293
474 50
229 337
608 887
421 557
319 650
794 850
846 649
457 625
570 104
406 596
383 298
77 280
680 252
826 836
139 987
498 832
982 605
952 48
535 725
784 906
560 756
150 268
479 77
927 811
305 576
144 762
509 310
687 504
909 792
243 455
628 515
278 102
484 725
67 663
89 88
852 459
635 380
675 274
294 936
430 616
897 488
225 636
482 865
116 465
475 458
538 270
973 166
161 288
275 229
970 600
760 720
646 497
23 289
740 859
524 998
248 259
923 338
990 188
945 693
902 334
868 733
519 797
503 821
809 444
732 104
119 462
613 272
410 288
513 2
620 939
111 783
154 328
16 648
808 450
74 933
533 93
30 5
251 426
518 232
706 811
889 602
350 736
722 115
723 123
708 597
478 744
976 145
372 109
412 625
437 236
916 757
883 56
265 546
247 952
242 731
370 856
10 787
208 47
859 102
917 122
576 871
774 718
853 700
423 506
873 147
563 834
151 392
400 912
881 748
909 160
315 961
417 110
724 401
94 935
627 836
796 171
471 856
158 491
963 674
8 888
416 832
555 14
237 214
105 238
387 284
662 551
279 453
202 684
535 981
199 481
272 813
803 45
452 107
477 238
12 930
432 113
996 997
789 640
755 336
72 323
795 858
938 734
543 452
872 219
572 864
788 173
730 18
833 129
665 152
975 998
146 266
817 387
458 743
29 630
862 191
519 837
967 381
899 583
217 575
396 207
53 420
677 175
679 187
463 867
22 211
646 46
634 706
348 965
395 767
494 739
377 332
718 184
574 704
761 391
128 737
702 876
210 451
531 228
415 596
740 530
804 49
966 386
528 931
17 227
879 976
564 274
903 131
185 688
444 640
864 618
923 282
100 30
617 14
2 540
745 518
47 547
898 281
742 949
682 799
757 906
580 841
968 331
651 69
402 525
422 1000
840 215
783 631
231 513
824 406
928 82
375 794
948 806
170 840
562 581
205 140
809 27
24 619
119 937
586 815
968 959
188 140
695 361
1 222
892 535
302 529
560 929
371 575
961 991
780 646
913 904
41 511
648 992
505 818
353 522
543 296
362 866
282 86
56 598
637 647
850 31
918 411
650 622
283 915
124 852
372 679
863 15
302 109
361 838
610 788
723 368
920 712
144 25
150 444
531 28
372 550
448 651
902 689
472 276
235 871
728 68
539 777
988 590
841 688
345 660
341 656
232 773
888 675
420 16
357 947
601 45
714 870
432 368
505 439
696 971
7 409
325 227
925 867
530 169
945 914
576 471
595 169
147 162
521 442
681 628
812 775
164 581
735 758
470 977
167 145
582 403
52 997
532 935
286 311
310 63
300 833
667 281
258 875
297 374
521 623
950 340
131 351
431 207
499 999
333 114
616 558
772 494
122 689
774 722
390 286
622 228
895 554
569 126
269 419
159 674
198 724
404 496
612 815
745 627
53 768
732 92
785 110
735 870
959 360
568 315
666 786
262 544
394 989
527 349
15 895
388 921
468 975
216 889
182 738
705 717
633 303
916 299
841 572
694 813
81 537
496 343
95 263
143 659
454 713
713 283
63 101
461 525
702 621
446 291
555 365
376 709
179 168
344 821
430 602
691 54
305 32
939 87
343 383
243 326
584 235
495 843
99 823
173 209
798 983
861 436
221 710
942 11
837 95
104 319
407 868
167 879
480 778
407 318
667 225
85 780
987 79
236 7
709 752
768 992
125 844
513 296
709 913
464 785
514 767
446 239
157 313
163 73
170 963
612 153
832 977
972 425
862 410
26 195
549 297
22 766
335 697
539 518
922 833
40 234
101 209
896 335
497 585
473 503
964 561
493 641
593 84
964 301
435 430
622 734
36 801
548 250
974 206
852 934
231 13
176 254
120 608
