1000 1930 239 890
522 167 256 518 857 877 42 644 319 291 497 46 879 379 640 39 575 981 563 135 893 399 949 360 799 22 948 251 782 213 851 321 728 341 593 23 929 162 707 491 75 108 968 633 444 52 891 234 498 738 290 502 244 90 672 746 704 274 860 823 137 77 911 122 957 960 622 904 506 687 24 935 242 164 264 104 368 917 239 142 725 233 112 80 362 871 942 111 212 128 761 608 790 411 568 220 915 511 977 115 974 471 585 186 648 281 875 899 979 123 742 183 258 695 272 315 445 489 543 850 820 976 303 701 151 896 692 113 436 947 185 890 546 711 196 668 219 517 126 919 133 460 604 671 832 33 719 44 789 420 755 208 714 351 521 87 318 815 175 366 395 662 56 428 589 243 266 770 174 553 881 299 476 9 479 6 731 509 838 861 31 433 647 316 169 510 973 642 824 210 429 810 93 438 630 786 706 544 594 453 447 193 134 548 657 702 504 526 539 845 157 424 357 839 287 73 636 488 779 792 667 835 330 358 529 641 5 81 926 107 720 95 944 370 97 730 201 36 121 347 777 858 895 759 343 296 226 149 666 670 984 214 560 388 195 634 450 675 406 905 101 531 55 674 15 962 381 7 778 809 473 477 398 961 772 430 855 735 283 653 114 580 54 588 956 329 853 255 478 808 939 349 136 21 797 156 435 337 932 848 468 663 503 582 894 434 520 328 110 353 982 40 868 199 155 945 986 753 30 586 800 168 805 407 91 902 467 788 833 158 717 14 96 612 898 61 191 282 688 43 643 480 818 267 624 579 918 765 908 415 25 207 221 409 59 844 629 741 610 38 205 656 505 661 991 658 525 288 862 269 106 414 245 880 682 950 829 865 934 131 512 385 50 606 883 886 176 952 578 726 209 474 332 846 495 469 67 192 570 499 852 165 16 583 740 572 660 455 280 534 909 32 92 825 217 426 757 301 237 456 749 828 718 567 964 1000 29 350 394 569 864 493 314 83 590 238 732 262 607 599 261 528 146 652 625 421 310 801 333 650 951 432 708 144 485 130 454 549 247 781 515 202 694 28 530 542 729 654 439 390 289 571 812 651 615 64 750 206 79 308 235 710 486 645 807 785 699 849 994 987 551 263 500 946 803 591 954 737 673 367 405 120 177 558 998 160 763 286 466 621 124 179 346 771 921 419 187 966 41 437 819 344 215 970 910 722 227 145 26 878 963 912 774 284 635 163 132 715 74 985 70 751 941 609 423 138 322 334 698 82 863 649 352 541 900 119 440 326 574 53 335 613 581 86 250 830 980 665 442 576 317 760 766 240 684 940 10 276 793 51 294 712 545 618 462 734 955 45 268 371 888 418 4 425 47 246 369 204 359 965 198 972 279 377 166 859 172 211 271 816 764 84 403 696 811 566 616 57 355 565 611 307 664 637 391 856 309 602 494 373 248 537 744 933 62 461 292 412 743 721 920 313 831 527 538 655 375 783 971 384 225 416 475 228 882 827 273 680 587 117 311 216 802 999 678 49 705 620 449 776 724 482 990 88 277 197 19 600 323 396 464 60 989 348 564 448 739 885 484 623 605 170 487 496 181 614 523 669 458 747 285 992 907 116 938 389 65 679 94 796 685 363 431 632 681 561 836 18 978 259 723 628 922 562 931 241 683 27 736 768 639 532 686 472 2 536 727 969 597 617 627 492 676 260 387 936 834 305 413 925 252 71 99 573 814 535 817 295 140 457 552 897 152 813 953 501 967 63 229 302 422 733 11 327 382 748 324 306 913 392 892 441 356 427 153 58 470 338 906 598 483 927 837 339 821 293 514 34 822 806 13 188 693 103 231 270 716 840 596 943 798 547 465 784 178 342 463 417 691 937 76 304 72 374 550 1 519 8 459 516 223 914 218 300 841 150 533 222 173 923 402 540 874 340 85 780 100 410 364 325 184 775 887 236 161 12 320 400 224 794 66 404 48 452 619 89 297 203 869 993 842 584 876 194 508 507 232 446 903 983 592 916 386 995 451 275 17 847 365 481 190 20 958 870 129 376 843 697 703 139 254 490 745 767 200 249 68 872 397 189 769 105 336 98 866 524 889 147 795 924 787 401 513 361 78 595 659 626 638 443 180 148 884 804 127 959 372 555 554 154 408 689 700 265 577 118 901 646 331 854 345 762 143 171 312 354 298 182 709 975 380 996 230 826 690 559 773 35 3 756 930 601 752 631 159 109 928 125 997 603 556 141 37 69 257 102 867 393 557 873 758 378 988 677 791 278 383 713 754 253
886 213
869 220
569 148
84 742
293 195
128 196
382 263
771 435
679 804
162 337
588 64
997 643
594 566
145 28
680 111
831 453
531 551
281 529
438 743
631 628
393 98
362 675
548 31
449 627
418 112
423 948
663 643
936 408
72 513
309 367
977 950
62 522
215 111
641 316
403 400
248 233
745 569
173 693
445 621
463 279
658 672
72 945
458 986
558 137
483 69
624 302
218 319
852 260
560 851
729 30
372 547
418 801
672 125
21 505
366 664
692 578
775 599
925 29
636 186
818 362
667 361
821 916
924 21
795 471
619 405
783 284
667 475
209 354
491 906
937 723
953 477
55 190
450 903
624 236
485 270
884 772
862 164
469 148
644 149
857 767
497 783
952 286
625 2
556 46
665 604
178 657
883 653
713 75
944 536
962 806
211 880
875 298
683 883
928 976
726 32
3 569
394 993
954 416
543 549
846 79
138 366
49 974
705 906
592 79
404 185
607 609
741 416
892 454
31 482
365 8
323 738
375 994
246 119
873 209
344 980
540 357
217 60
535 265
744 457
548 157
935 678
638 760
615 508
231 438
772 299
140 648
311 10
731 887
135 96
49 910
664 451
330 317
478 424
982 386
510 629
516 754
676 830
106 767
194 423
495 177
331 629
387 240
695 951
757 769
635 564
14 587
670 708
101 692
264 532
425 470
143 744
545 649
197 228
613 834
41 579
553 522
275 347
527 568
815 13
343 704
394 33
899 115
10 590
969 354
558 491
917 89
791 383
567 189
995 1000
273 406
591 433
116 829
752 196
158 113
776 784
132 546
321 115
788 581
951 598
594 880
300 364
237 304
924 685
255 909
612 951
916 546
641 289
182 619
157 480
447 948
889 74
65 325
432 362
945 529
297 926
760 493
731 160
910 860
110 640
766 854
268 859
323 141
271 839
302 891
91 109
686 4
166 71
17 741
921 880
100 592
825 177
725 545
143 984
764 492
193 956
606 87
912 332
908 369
167 140
359 550
841 776
100 25
901 431
532 578
153 927
393 123
461 917
215 596
844 507
662 856
2 675
785 162
614 192
469 889
76 932
779 312
678 681
163 360
87 669
192 415
212 517
623 287
154 779
517 414
426 374
62 56
244 586
746 565
359 660
703 85
845 617
754 930
934 982
297 419
92 591
455 846
782 173
640 396
585 738
856 536
662 918
842 407
284 20
526 57
737 742
575 145
506 193
978 941
783 709
317 284
781 522
573 712
754 419
468 315
691 89
175 297
885 560
454 15
392 649
514 386
894 63
539 239
358 936
68 197
38 175
365 556
725 836
154 662
342 444
540 242
943 247
86 322
927 303
647 431
861 789
948 34
120 91
420 203
55 870
292 660
560 732
279 892
159 466
206 164
792 917
952 371
254 486
147 368
308 350
177 593
549 241
782 474
229 784
912 566
186 663
689 934
21 607
876 54
259 865
341 201
395 953
284 838
58 905
728 477
14 171
623 943
142 52
283 259
327 371
106 428
210 755
194 947
670 695
650 902
388 873
390 780
492 884
502 104
587 737
282 682
483 313
84 627
959 612
430 52
989 509
602 487
488 514
311 716
116 876
203 574
692 103
971 456
462 452
911 67
529 330
852 219
11 142
941 833
38 926
103 450
774 309
74 398
101 258
501 483
652 538
730 875
503 399
921 702
728 264
370 262
93 690
256 322
874 651
18 568
683 519
470 482
712 83
710 985
165 222
542 236
958 497
398 975
730 46
757 5
977 340
719 761
601 985
20 518
929 87
453 131
278 420
242 360
400 758
40 137
314 564
48 238
256 476
280 166
906 160
907 594
668 851
345 258
291 706
834 96
559 656
27 844
281 696
325 387
848 410
37 736
402 318
418 486
45 257
94 619
334 540
325 771
946 144
793 500
54 226
311 59
736 811
440 174
899 745
340 748
685 607
601 133
38 712
58 77
488 186
170 213
973 42
58 255
233 949
169 280
421 753
812 813
275 671
763 305
159 817
276 784
842 350
107 816
727 214
654 777
922 589
34 552
374 830
918 50
920 192
100 108
100 153
989 423
519 370
198 597
313 430
748 919
102 150
29 963
700 999
186 760
43 140
705 155
856 877
973 684
875 687
677 996
744 853
456 442
742 14
575 571
913 123
788 621
310 562
109 235
508 19
592 346
721 261
164 516
246 444
617 394
481 154
464 799
209 376
743 12
715 93
377 176
208 769
138 983
356 6
768 133
424 345
865 722
480 413
932 560
95 349
850 202
301 534
975 559
92 397
420 385
904 847
602 118
753 309
353 701
19 923
440 667
424 101
477 428
523 524
355 404
291 537
795 677
963 897
599 405
134 355
448 380
618 555
237 26
60 525
634 290
396 923
1 379
815 1
724 750
169 117
333 497
426 506
222 798
490 233
698 544
317 61
893 487
616 204
247 703
753 15
684 781
657 170
375 35
173 852
320 445
236 721
326 108
36 666
966 504
451 516
771 634
261 542
777 800
690 99
22 152
531 344
867 279
106 258
726 562
547 531
427 624
988 831
654 253
875 956
129 965
818 146
836 21
245 386
703 863
668 766
549 212
809 745
618 979
998 235
688 124
189 933
141 277
571 115
30 537
488 245
216 505
408 426
182 607
460 89
429 135
405 505
520 785
827 961
603 922
82 53
666 378
467 114
671 434
135 214
804 831
813 845
971 494
965 682
987 175
76 732
389 624
480 80
459 150
711 846
895 221
117 338
957 738
367 616
641 188
944 662
638 997
985 717
550 515
187 126
832 700
796 701
95 338
617 220
620 694
973 294
530 727
490 183
631 572
866 911
716 247
581 445
680 787
887 768
876 687
89 735
380 673
586 416
158 850
799 661
731 869
476 94
12 966
500 454
589 277
142 595
599 94
30 963
690 81
508 734
437 452
353 457
206 453
293 420
488 718
378 251
689 755
797 391
176 257
294 781
892 615
333 608
97 459
285 543
762 390
939 498
663 245
832 81
378 890
104 979
588 704
901 348
45 288
772 377
928 510
18 826
934 88
787 639
673 919
363 880
339 110
743 303
373 390
796 457
142 313
460 134
202 837
905 909
574 6
707 883
105 64
913 885
511 45
465 247
121 63
801 639
871 310
376 68
521 552
162 392
824 282
839 403
582 665
35 806
536 780
592 422
3 442
417 334
666 659
71 583
612 554
40 232
617 717
243 863
160 220
291 729
877 972
882 839
458 335
691 792
819 871
503 688
765 110
263 750
270 960
947 989
27 944
90 136
155 683
674 884
576 375
61 696
812 985
260 507
924 798
261 644
344 518
713 132
573 267
512 626
195 203
959 504
67 187
106 622
26 107
198 674
606 413
156 373
997 372
482 252
942 352
578 728
151 900
816 723
273 220
122 301
805 341
823 302
995 866
525 221
221 166
327 249
751 334
168 527
557 1
795 819
705 496
243 224
227 587
24 139
133 710
801 152
451 419
339 656
725 674
886 564
764 45
126 543
223 821
929 31
147 718
998 762
218 744
57 41
23 758
252 181
463 611
836 384
563 214
76 47
103 324
432 797
702 363
826 981
680 972
642 165
459 925
174 77
283 128
938 475
380 995
504 553
418 647
266 562
299 410
412 790
456 658
399 633
67 448
7 27
12 292
107 631
672 161
423 131
509 206
153 769
664 430
944 770
917 794
842 163
9 326
759 310
217 167
613 172
567 288
159 471
441 337
168 981
535 681
383 843
657 1000
632 810
443 881
928 623
274 499
410 377
661 868
954 16
952 306
113 165
593 348
469 939
693 144
468 188
69 331
73 794
118 786
497 547
770 7
35 95
226 588
398 498
294 62
778 80
694 817
79 278
412 953
283 752
551 174
646 853
887 710
651 740
200 750
39 429
610 506
726 818
439 899
820 351
73 461
889 498
895 60
372 333
576 806
55 364
805 168
346 293
974 840
612 670
322 207
719 709
275 293
782 903
212 102
699 499
964 916
586 444
859 620
253 327
739 216
863 244
321 889
298 318
97 645
473 441
507 173
568 561
710 869
121 571
660 515
678 365
818 268
795 845
577 714
290 583
789 909
957 603
460 897
64 116
518 783
252 323
707 155
210 312
981 628
244 85
992 436
991 978
531 41
913 99
176 637
464 773
161 456
470 929
272 919
990 385
712 987
999 81
125 962
810 908
828 512
53 828
490 520
435 65
274 528
248 178
652 768
932 251
356 552
698 478
938 551
329 256
258 857
246 942
756 671
52 563
965 852
798 772
669 805
611 35
663 608
748 950
361 65
788 250
831 164
634 523
933 511
574 385
448 811
324 144
122 42
5 660
824 970
573 747
521 276
613 365
465 85
980 336
304 411
307 231
435 221
481 934
463 734
896 601
83 747
5 485
741 243
394 273
383 714
595 563
366 501
287 955
118 878
270 26
478 633
888 676
198 545
682 260
548 413
939 656
493 240
873 201
584 714
823 216
225 190
757 78
706 22
739 236
329 462
229 356
937 122
195 347
922 757
379 48
158 555
787 600
359 26
811 977
230 799
995 178
425 822
156 409
994 95
348 647
713 826
96 935
808 495
884 597
610 374
368 802
129 970
691 486
614 598
727 263
669 822
527 341
655 527
447 276
673 1000
864 417
223 964
16 786
565 437
401 804
161 148
60 316
496 652
703 286
396 559
679 306
799 778
181 535
298 230
797 582
539 540
212 335
786 119
938 440
254 647
194 34
391 502
117 867
218 646
189 40
632 996
23 930
864 223
604 146
18 132
598 415
955 943
50 904
339 125
858 740
923 975
374 226
351 259
13 921
82 630
825 808
603 585
674 798
88 260
603 78
29 874
434 347
330 72
119 893
992 3
7 507
780 156
392 520
343 830
331 281
438 670
183 785
160 933
68 720
948 521
56 966
234 210
708 959
837 391
534 684
25 769
605 58
75 301
16 878
330 838
130 335
57 352
448 340
185 232
77 648
774 421
725 924
429 38
118 893
793 15
577 945
752 351
52 39
728 412
66 422
199 361
152 291
513 902
767 991
580 814
553 807
654 841
42 534
137 185
242 828
885 207
320 896
720 512
277 960
274 974
391 979
946 300
740 67
402 702
435 71
808 370
402 127
182 700
494 269
991 820
238 354
695 415
15 204
113 609
745 992
168 18
858 150
640 19
907 211
729 645
421 793
585 9
447 131
381 432
860 200
509 930
295 163
699 974
250 810
263 563
28 571
833 399
388 341
596 639
422 153
714 849
558 461
182 505
282 982
312 481
120 596
910 544
56 515
69 699
234 414
231 881
557 702
927 827
97 517
504 62
37 368
79 108
32 266
360 512
495 691
523 37
983 516
528 577
371 243
949 170
555 609
636 718
696 10
533 994
686 478
208 5
565 894
859 726
614 180
349 533
65 895
586 119
627 323
370 883
850 625
854 932
134 963
165 850
282 88
675 381
466 33
98 104
794 355
340 673
152 112
708 743
105 566
290 950
322 668
625 381
204 867
711 931
645 706
861 217
754 206
697 352
972 50
342 465
904 210
611 338
209 197
43 361
11 840
661 402
929 822
148 442
467 266
127 557
321 439
658 494
72 650
187 811
17 954
126 241
471 871
780 870
463 110
367 525
251 659
711 194
413 778
465 311
814 121
796 853
457 984
437 766
789 468
377 492
117 349
731 705
502 582
816 237
716 590
709 838
114 562
736 126
968 688
765 611
803 414
620 871
796 404
605 487
225 790
269 314
874 218
986 514
595 840
555 832
371 328
697 342
644 649
368 636
480 8
860 724
638 240
39 214
290 524
447 915
188 861
766 746
357 239
952 863
454 867
315 44
193 556
139 913
539 749
905 167
272 205
573 429
591 44
675 268
583 296
602 433
54 610
320 191
770 144
821 751
262 653
760 643
237 550
1000 484
73 404
382 124
580 74
733 124
812 896
207 99
179 83
279 338
427 542
620 159
802 493
765 806
449 171
958 761
888 343
451 138
590 629
112 537
307 443
59 526
550 411
823 436
386 824
474 843
541 472
252 548
157 181
964 305
843 584
844 481
509 131
33 176
721 384
939 161
937 572
137 73
677 813
814 115
44 255
274 945
367 316
915 453
966 708
482 141
388 376
967 234
891 389
835 314
533 151
46 80
93 618
336 10
930 400
659 746
984 233
297 664
511 567
170 564
640 734
949 149
331 499
487 255
446 105
773 70
14 179
994 272
427 269
914 235
576 872
219 782
692 4
955 862
542 886
864 751
450 4
847 803
756 307
358 830
940 385
899 28
403 947
877 762
204 169
23 175
633 345
183 984
489 870
650 719
855 397
733 358
816 572
868 127
37 241
659 854
271 947
473 232
926 39
888 978
187 285
646 29
855 188
698 584
303 292
681 8
568 546
878 433
464 969
300 324
346 278
379 308
837 158
962 658
428 101
292 208
313 366
848 642
633 544
817 637
376 630
671 443
579 352
462 809
730 193
353 441
836 216
738 84
286 943
761 970
66 275
93 832
996 819
606 31
123 690
635 484
132 763
936 530
931 34
124 936
11 699
287 983
775 329
819 759
775 809
513 577
911 380
844 88
329 94
1 921
910 849
225 364
759 632
326 882
558 683
988 654
154 27
490 149
940 6
307 961
333 643
937 826
82 561
881 920
145 437
981 572
835 576
918 779
381 202
955 679
879 351
41 174
693 903
357 417
956 610
914 762
346 66
17 224
724 49
298 661
536 489
927 208
541 250
915 841
295 350
833 345
993 471
303 961
514 479
655 388
288 473
373 914
630 720
700 609
630 655
183 353
615 500
97 102
215 787
972 998
742 585
753 616
808 792
894 36
940 552
520 644
419 23
103 532
838 650
151 71
579 77
146 32
305 546
461 519
113 685
827 756
364 264
491 40
191 621
967 335
800 249
128 395
639 22
171 84
706 803
879 704
414 645
737 9
336 61
737 882
172 556
409 190
196 622
7 693
339 396
129 902
51 434
306 327
129 719
240 199
25 326
634 387
655 561
254 593
950 296
405 823
597 764
400 989
951 90
349 900
815 308
676 733
566 116
628 805
510 501
931 940
342 59
245 898
149 213
150 285
411 294
280 525
735 486
501 976
86 476
484 919
75 763
369 472
667 140
302 739
570 484
688 200
872 635
771 583
747 265
608 898
900 169
759 114
474 686
407 360
747 449
155 491
680 184
616 280
733 968
452 256
406 33
526 980
249 328
635 657
455 271
689 312
969 70
891 436
922 485
384 545
543 102
267 135
584 686
13 211
905 648
942 893
515 12
653 538
862 983
296 205
817 848
866 319
506 172
336 59
551 372
999 476
701 185
858 874
856 390
649 721
496 887
529 499
475 199
179 227
715 123
888 820
3 891
109 111
926 430
200 382
600 22
895 43
197 238
676 941
820 704
958 608
399 968
324 903
569 439
99 86
872 570
496 707
959 807
604 362
587 839
524 736
834 530
694 268
971 389
697 526
636 493
833 857
885 24
228 295
265 678
363 829
332 105
379 295
877 918
741 244
8 46
180 136
628 822
681 157
623 716
668 452
801 431
20 61
600 184
406 257
778 773
503 544
595 750
723 304
201 669
455 882
848 2
205 533
130 986
960 425
477 622
729 459
277 470
976 138
321 580
262 825
646 134
862 804
575 63
82 821
125 765
416 786
735 897
48 228
171 83
687 318
261 213
85 444
642 625
971 427
443 51
228 626
775 992
66 756
554 807
537 897
619 999
54 64
696 629
641 309
264 790
411 56
849 698
355 853
2 694
446 879
513 383
267 935
42 723
246 697
9 78
764 337
108 455
605 942
473 701
450 474
755 458
554 90
254 495
911 651
740 285
47 251
407 749
724 840
986 718
91 215
318 363
685 222
442 389
44 602
904 779
55 946
835 962
935 613
941 968
925 30
53 751
598 136
829 594
489 946
665 432
717 813
315 92
682 970
234 847
792 519
695 231
523 802
446 722
606 773
996 621
532 300
958 709
717 869
286 679
715 979
549 130
854 851
494 835
438 961
993 466
130 147
162 597
287 976
843 219
749 242
344 57
990 846
503 860
248 866
122 713
69 510
898 761
794 460
217 43
774 289
727 96
440 648
876 956
851 207
517 967
436 599
475 638
982 479
957 589
205 748
431 596
589 270
791 902
735 112
11 483
28 809
868 354
920 51
464 868
179 987
191 677
172 408
637 466
80 230
672 656
253 401
890 47
980 20
687 829
528 49
189 906
78 25
485 359
590 928
178 949
973 304
990 931
410 637
865 879
334 828
458 479
227 758
387 802
987 758
521 229
230 730
824 898
627 181
489 770
626 163
789 167
689 479
755 967
392 198
127 238
241 147
446 588
227 403
734 892
575 565
791 219
406 511
841 276
273 933
70 87
224 328
226 343
849 528
439 469
272 570
199 325
202 797
993 845
424 4
319 651
978 857
253 800
492 257
837 618
538 707
715 98
739 384
776 777
139 393
50 184
299 222
561 916
462 145
965 791
631 425
81 86
288 337
900 166
998 111
315 909
827 422
518 547
382 530
467 908
957 141
395 622
861 316
401 988
120 901
265 267
401 306
278 990
271 711
870 409
143 319
785 441
53 720
289 855
358 426
428 578
269 886
859 310
600 803
873 969
369 250
847 184
248 143
48 557
408 834
296 151
581 541
881 415
570 375
988 915
107 960
767 196
907 912
232 567
524 977
925 858
997 938
201 70
746 36
632 788
449 535
317 281
559 498
397 468
812 191
626 68
810 114
722 332
299 642
991 752
24 732
314 872
605 579
