500 2000 81 410
199 182 230 436 475 300 32 479 181 329 228 338 351 167 395 36 232 411 356 412 314 317 467 464 257 405 162 438 426 483 43 435 461 319 361 343 15 381 401 91 156 493 447 37 172 470 268 117 299 274 18 473 275 367 98 277 133 127 205 35 45 220 204 140 290 72 402 27 382 302 129 389 318 416 255 247 147 235 121 339 22 114 222 219 489 433 215 136 392 499 424 459 236 99 152 38 353 90 375 370 50 137 14 383 463 108 231 377 474 31 198 494 77 28 272 430 305 107 241 177 61 84 380 185 288 466 366 458 369 388 408 139 8 5 284 328 20 415 321 169 66 209 448 225 445 455 497 173 468 86 326 21 397 295 476 315 174 159 331 175 400 347 385 44 348 104 313 65 93 226 194 281 387 59 266 332 485 26 24 64 422 60 52 457 149 279 217 40 248 301 210 188 249 197 115 418 298 453 462 183 289 51 364 417 103 431 335 440 246 124 434 120 378 180 212 409 206 490 414 74 150 29 161 263 164 227 296 271 273 58 365 189 294 148 481 360 224 282 297 143 406 135 492 336 243 176 283 223 316 49 349 280 33 62 67 439 75 444 460 154 57 337 368 355 207 92 324 399 78 242 13 259 70 171 125 244 214 6 158 54 46 253 495 265 237 9 340 472 345 393 47 233 341 73 403 390 55 100 113 245 404 262 454 101 193 342 119 190 131 4 25 346 3 477 208 202 186 376 469 429 379 258 79 344 132 386 211 166 192 128 482 254 413 39 238 443 452 16 442 153 334 76 304 391 260 278 123 85 322 229 441 491 451 138 276 178 81 105 359 97 102 384 110 363 264 122 106 71 87 94 310 144 179 187 357 465 240 96 203 287 398 23 267 303 270 218 141 437 250 371 292 157 488 239 68 19 496 373 374 41 34 88 160 327 446 325 30 309 170 500 285 200 134 48 333 293 484 109 1 307 251 419 56 425 63 168 286 10 480 7 89 95 269 306 17 428 471 291 146 196 165 42 112 256 396 82 487 372 449 394 145 427 163 261 195 216 83 201 421 11 354 320 118 111 12 234 362 432 456 80 420 478 350 69 407 486 53 410 151 330 191 450 155 184 221 423 252 498 116 2 312 142 126 311 358 130 308 323 352 213
196 9
9 18
13 18
107 196
13 121
18 384
9 84
121 459
302 18
102 84
95 13
396 459
424 396
9 2
291 84
302 486
93 396
396 77
366 93
84 106
486 219
13 83
301 9
219 475
321 219
271 93
355 121
404 83
321 211
271 337
341 13
196 407
198 95
366 312
337 117
156 302
48 312
420 198
425 106
424 336
394 18
139 77
156 412
1 9
481 93
496 117
13 332
321 253
384 180
84 323
289 139
407 147
496 335
20 486
2 112
238 481
121 203
70 366
117 41
112 273
180 120
253 43
76 407
77 442
321 63
425 474
289 288
337 113
474 87
83 168
2 487
337 204
200 2
323 127
82 273
420 67
13 390
190 219
425 383
102 318
227 107
447 323
432 83
179 335
76 221
412 402
161 404
456 291
25 337
47 156
301 382
231 203
43 358
27 198
178 238
497 117
360 67
344 190
344 495
486 375
242 424
219 298
291 340
318 3
396 451
119 424
147 303
375 458
345 312
299 358
87 361
358 308
22 95
258 432
140 70
273 145
48 143
289 35
303 16
344 279
200 311
19 87
231 367
165 355
447 59
500 25
403 321
363 35
481 409
106 246
403 471
112 222
163 161
109 25
154 127
140 104
1 45
18 493
29 190
471 56
190 414
157 112
489 211
374 486
340 466
299 317
464 456
178 499
149 203
16 411
47 85
390 251
192 384
1 385
414 292
292 296
236 451
238 406
481 94
102 297
346 77
229 149
291 21
412 78
252 363
72 337
208 487
175 383
6 404
424 356
148 121
387 497
147 357
132 113
180 265
121 55
374 210
193 94
79 13
363 274
164 318
13 233
463 198
127 110
24 1
238 11
341 460
484 336
443 70
409 477
42 161
178 448
387 133
78 14
296 142
145 223
406 388
399 1
170 132
163 276
202 399
261 471
54 192
59 58
222 218
313 425
466 118
356 417
417 379
448 162
16 71
196 131
292 99
45 410
461 332
220 417
75 59
133 498
479 417
193 28
353 486
119 334
281 479
431 143
496 171
160 24
165 342
258 421
359 78
470 112
469 251
29 254
445 366
372 18
137 55
403 167
433 252
36 113
339 204
128 9
84 100
188 495
363 324
285 78
374 86
54 380
316 227
233 468
372 371
422 384
374 322
171 401
283 493
38 156
482 344
191 67
483 283
409 278
376 417
358 354
420 300
466 46
173 300
14 377
203 62
321 68
366 89
312 169
23 414
488 160
182 167
184 238
274 378
9 97
321 454
460 381
339 428
255 160
137 57
27 305
353 166
289 239
74 428
141 499
165 397
59 217
33 6
51 156
12 253
427 78
154 418
423 337
190 34
408 404
302 473
453 271
290 500
72 270
207 19
286 33
93 130
423 185
421 347
442 103
449 56
463 214
313 309
122 401
64 371
369 208
186 346
333 469
298 439
467 342
204 326
416 200
136 388
186 452
39 175
120 244
320 83
436 416
63 435
249 418
144 427
295 471
10 246
495 172
199 133
90 410
485 409
1 155
392 171
299 349
482 60
306 422
446 422
478 416
163 194
346 209
467 177
160 405
171 398
374 272
450 121
66 28
369 330
329 471
422 440
150 410
135 191
463 365
189 265
267 200
397 389
25 262
306 52
251 88
255 263
187 177
91 360
86 494
145 224
235 68
484 343
305 426
229 174
455 107
406 492
250 428
157 415
165 491
49 187
129 127
197 450
71 69
419 464
226 330
91 213
399 314
99 159
127 230
351 85
237 214
439 80
310 292
386 347
251 243
167 462
206 447
317 245
123 75
79 348
234 493
444 230
4 157
36 304
368 217
480 467
191 280
263 472
78 294
212 474
338 175
393 166
19 37
270 391
430 341
429 486
477 216
252 98
362 271
416 73
3 151
329 284
190 441
225 417
35 328
247 366
96 128
270 277
228 472
425 257
434 443
467 293
495 400
5 149
493 215
216 315
142 138
490 22
396 364
296 126
471 176
90 370
116 396
486 111
241 400
437 171
342 183
314 105
44 430
225 152
26 217
134 429
113 319
282 407
40 148
430 260
413 168
61 123
445 395
32 367
268 339
158 111
201 234
262 287
415 124
157 195
82 146
92 353
264 396
260 65
181 445
446 352
132 81
17 60
97 331
8 164
350 285
157 114
371 457
30 267
39 476
87 108
53 201
388 153
62 15
86 275
287 31
240 365
152 327
164 125
325 140
266 360
176 465
155 7
438 468
205 103
43 232
119 373
230 269
50 60
492 307
248 4
457 256
115 400
259 425
90 101
224 411
476 263
270 386
447 354
331 108
408 258
417 67
466 126
444 476
500 426
423 495
483 482
266 161
4 188
498 492
14 68
485 498
181 388
298 34
424 464
29 208
350 357
275 43
383 82
118 223
494 496
310 10
152 7
409 93
471 493
8 161
439 450
43 103
500 47
407 470
350 483
420 271
138 150
32 18
456 71
434 488
454 420
78 399
94 118
480 439
294 407
478 374
447 299
339 488
292 367
440 461
303 70
464 472
451 389
214 74
414 181
386 298
188 257
317 432
422 450
312 482
275 384
333 391
500 494
163 56
463 498
67 158
376 20
224 476
341 11
164 86
470 473
398 422
334 348
188 65
321 238
414 356
359 305
493 368
280 251
407 90
383 156
39 284
409 394
180 178
497 490
258 456
16 72
208 408
125 19
285 422
82 50
379 208
361 119
340 276
213 317
477 268
310 366
86 244
283 467
36 24
437 420
500 499
460 279
416 445
431 43
378 412
401 418
188 55
326 441
484 495
319 369
497 488
483 299
454 390
124 438
474 491
476 181
300 370
308 66
461 415
165 439
71 292
333 87
415 288
338 315
471 428
397 316
5 147
140 494
464 268
104 426
278 331
478 218
467 247
285 441
361 431
78 325
197 171
300 434
278 385
442 407
475 423
363 353
471 383
384 372
311 275
181 259
422 465
387 336
474 398
313 482
265 231
191 39
338 326
254 39
381 201
350 45
353 178
322 492
409 229
327 443
442 480
335 462
472 421
493 489
373 477
481 317
492 434
444 428
487 435
213 296
462 198
486 494
429 448
456 253
411 306
295 1
462 338
483 496
259 454
309 290
158 129
181 492
419 334
418 457
304 246
404 385
497 492
23 399
388 476
245 35
474 409
189 211
300 244
343 471
263 258
409 421
498 91
449 432
32 413
384 393
199 324
45 300
344 469
420 419
51 67
150 330
465 489
343 345
479 461
190 500
253 144
11 432
343 281
475 474
410 309
224 382
84 346
492 477
362 299
477 482
239 443
430 271
349 372
451 411
465 476
448 478
426 274
357 419
368 470
189 360
463 446
10 101
232 433
70 476
242 398
444 242
210 179
402 465
340 397
453 450
474 488
179 183
330 487
453 481
440 349
423 393
222 158
358 366
486 485
441 376
3 57
472 196
220 202
453 442
87 313
161 279
491 492
448 469
482 354
416 345
440 494
414 108
420 411
179 460
383 466
499 490
454 446
318 362
378 46
124 427
493 500
438 488
131 189
225 182
438 475
486 455
24 194
3 230
146 162
302 250
278 284
357 340
11 134
164 276
459 492
292 402
430 357
405 364
444 425
42 414
368 69
417 500
327 346
496 420
328 275
251 121
493 416
495 205
387 448
398 438
400 486
97 132
482 495
425 387
100 277
463 476
109 249
483 406
292 129
490 488
468 380
445 448
423 446
291 285
385 432
344 373
397 465
498 499
352 500
207 306
303 226
469 370
493 467
377 385
219 264
497 495
392 231
342 74
31 46
464 391
495 442
352 386
490 112
237 335
484 482
432 231
468 456
492 460
349 332
394 230
238 487
307 407
334 493
406 284
139 421
440 319
441 377
186 410
359 153
406 404
405 406
384 455
136 58
412 443
419 110
217 312
242 277
238 182
477 359
43 427
70 465
439 420
414 221
329 266
478 493
353 395
124 209
399 150
417 386
405 381
335 280
439 224
260 273
286 94
287 435
355 246
227 459
212 470
500 497
482 328
155 74
389 495
489 459
58 235
451 416
149 133
456 153
31 317
90 411
308 344
421 218
408 460
50 333
368 118
486 500
242 374
288 377
411 479
364 116
84 220
394 285
433 335
204 358
409 307
61 191
464 94
200 227
406 204
163 46
371 306
382 124
181 354
366 472
281 145
433 397
348 474
52 474
319 279
455 130
265 372
279 155
323 79
234 498
404 332
434 396
477 473
167 316
427 264
90 303
493 496
170 276
382 249
201 388
407 463
362 410
493 497
500 390
443 359
170 388
167 253
217 135
477 416
123 8
386 432
412 215
410 304
395 364
254 157
246 343
452 477
193 328
302 469
426 423
244 421
462 164
167 471
324 484
106 434
53 379
250 118
187 348
350 280
495 366
314 144
417 485
439 99
242 482
434 271
459 176
371 181
334 429
482 393
424 483
142 303
357 468
494 493
349 343
337 299
458 474
51 480
254 271
121 403
42 114
376 214
356 201
131 402
40 467
290 297
407 360
370 98
398 389
453 121
209 65
434 225
304 291
305 205
338 357
223 409
471 485
295 3
472 475
461 409
222 297
95 210
495 338
26 31
159 11
75 87
345 382
100 242
295 372
385 458
37 257
173 285
375 221
469 435
460 449
411 382
460 481
175 124
116 210
261 108
355 71
478 441
401 370
308 222
406 324
221 287
472 437
406 399
314 374
458 181
69 100
468 487
96 190
461 371
430 438
347 311
12 144
209 82
271 343
263 217
458 248
333 486
358 329
447 107
13 112
476 468
340 368
285 404
334 392
491 62
346 438
351 436
456 472
8 487
83 105
407 436
352 434
407 393
227 393
300 470
438 167
122 187
450 363
407 428
428 232
494 197
452 202
463 112
407 180
180 485
400 432
51 336
148 248
332 269
87 177
121 479
493 434
391 310
232 494
126 44
137 186
222 224
268 303
329 414
479 433
490 373
99 15
455 159
478 490
490 399
306 261
326 301
454 344
402 420
438 492
238 38
353 271
244 208
331 440
344 321
416 399
337 361
434 69
494 251
371 250
496 495
414 421
90 68
12 85
426 6
461 433
305 124
295 14
479 379
467 465
55 448
158 348
273 168
442 471
307 367
322 473
452 481
43 395
438 306
394 393
327 333
182 267
470 461
367 412
402 485
266 101
470 422
399 109
157 500
399 430
130 201
25 408
318 372
440 427
451 428
472 303
220 486
364 468
300 190
442 230
476 500
413 438
292 412
112 17
341 228
353 403
428 299
407 169
459 142
370 449
263 366
114 75
469 226
348 224
310 380
228 247
464 232
408 451
459 472
253 365
220 193
430 251
388 452
77 57
463 54
338 31
282 427
416 480
229 394
479 434
420 445
444 292
467 301
433 172
228 157
321 185
374 476
439 341
386 21
454 237
488 491
317 291
359 474
427 238
425 432
354 399
466 482
327 316
173 464
295 401
410 348
229 120
387 394
292 140
112 79
489 161
482 346
491 138
148 228
499 475
398 312
420 374
481 9
485 493
106 317
463 410
489 441
280 387
218 43
439 441
472 454
418 497
303 382
103 286
44 434
380 404
460 469
82 410
382 173
366 71
429 483
409 418
380 481
498 500
262 143
265 483
239 272
497 485
410 420
475 439
378 479
406 377
97 240
246 313
289 445
253 495
466 430
150 438
231 328
164 2
328 452
458 309
281 176
438 276
416 433
309 491
104 120
394 269
475 415
18 36
213 218
374 446
384 261
216 127
339 367
351 427
303 411
307 291
337 424
315 432
365 475
400 99
459 385
372 105
412 342
146 45
399 495
248 111
227 359
61 417
175 251
394 204
495 490
383 360
370 225
477 52
414 245
236 177
499 491
216 217
466 303
491 483
212 338
96 209
181 400
402 441
186 391
117 96
204 438
468 72
94 104
446 106
234 291
195 468
322 213
369 483
461 429
424 315
346 264
467 374
459 495
492 231
326 287
491 495
438 371
379 498
268 334
173 402
373 386
417 284
343 422
208 467
147 240
442 182
455 473
34 474
162 453
436 411
489 338
438 280
458 226
241 375
222 282
467 170
147 429
326 495
419 484
430 253
291 249
58 66
203 499
460 395
180 202
120 92
447 380
419 100
38 193
467 409
136 340
174 189
381 398
228 352
9 43
117 488
262 53
334 423
461 476
387 450
357 483
56 396
76 115
163 259
197 286
330 322
303 224
496 389
107 189
3 373
134 197
232 21
411 200
204 240
432 445
128 398
240 306
348 286
321 325
16 148
455 369
176 462
498 488
408 347
125 263
20 179
23 338
130 227
69 106
303 305
308 468
166 201
353 500
476 460
467 455
474 118
403 238
308 411
459 463
278 342
266 295
499 482
422 368
462 491
312 421
50 342
400 475
380 183
340 197
70 398
149 377
480 472
486 496
312 293
479 397
459 488
350 114
462 360
427 153
423 45
381 431
422 433
301 374
479 488
438 108
483 468
158 461
458 481
483 473
206 497
310 271
421 286
40 18
388 97
387 350
42 420
349 297
199 474
484 408
475 484
463 492
229 160
266 144
279 276
184 64
235 285
402 448
41 200
3 488
370 456
499 412
264 121
454 334
305 465
95 276
477 498
493 244
488 483
480 487
446 498
94 189
397 488
465 487
461 484
103 320
281 410
81 1
416 485
57 477
276 44
311 360
461 450
428 366
145 476
162 118
480 476
467 475
1 476
229 321
485 15
465 497
292 98
293 399
38 139
495 276
311 454
377 93
249 263
402 272
89 349
370 290
486 435
69 247
370 447
353 209
462 375
385 272
338 58
114 54
353 365
435 399
430 318
150 239
82 442
500 427
279 175
474 366
233 418
46 387
176 289
386 442
490 477
462 202
264 12
5 442
427 34
111 467
301 432
418 455
350 396
493 448
225 489
435 370
189 2
354 435
186 271
374 108
189 109
458 265
493 455
433 143
208 219
18 89
103 93
58 46
146 215
366 459
445 467
323 114
265 279
284 270
436 113
431 260
259 383
489 488
274 488
40 177
107 274
13 12
413 297
484 493
172 149
275 260
95 491
495 314
113 258
200 32
39 242
419 493
467 226
3 405
343 369
483 433
414 361
443 447
166 458
496 183
262 190
264 380
437 83
342 246
139 429
360 470
436 479
352 341
450 419
308 293
315 486
289 476
264 220
495 492
325 51
15 294
431 441
253 262
447 407
415 66
255 57
164 104
404 491
148 269
350 229
423 465
258 103
118 436
371 365
140 461
461 458
465 456
422 328
77 15
287 69
87 336
97 456
276 448
268 360
459 436
452 375
336 177
136 383
499 229
340 188
401 95
464 297
363 454
344 241
429 393
491 487
129 147
354 499
346 434
360 429
126 499
311 223
419 279
485 298
186 238
398 341
345 468
124 346
397 355
310 96
366 496
395 198
465 323
338 202
250 376
461 471
246 317
335 410
314 217
443 470
204 171
208 173
422 334
497 466
320 132
317 81
183 245
219 301
454 389
219 312
262 104
359 271
305 246
367 420
245 267
498 369
145 198
444 352
434 413
291 245
436 355
416 414
441 255
498 471
445 466
327 237
342 379
481 222
457 432
232 93
44 471
393 334
487 471
190 306
168 122
294 436
107 24
458 418
32 215
468 247
38 257
440 336
450 345
271 416
414 458
495 483
376 359
361 356
385 402
148 34
469 416
292 217
468 447
463 499
182 380
491 106
387 243
160 324
258 478
363 499
386 452
475 465
376 175
427 346
469 437
388 392
437 38
486 493
12 404
497 477
286 349
494 375
462 79
19 75
336 242
494 303
318 330
95 218
170 483
206 294
444 496
209 405
137 341
432 267
211 148
495 500
119 406
470 458
497 496
24 399
233 416
175 9
199 153
96 229
197 484
408 421
450 469
400 338
35 25
343 151
189 145
477 384
367 119
374 353
75 293
140 174
496 212
248 168
454 387
131 425
126 232
358 399
384 450
407 391
75 431
485 480
364 353
70 93
489 480
331 366
425 476
394 337
440 455
73 92
443 458
466 251
32 102
241 346
85 462
158 81
230 432
462 187
430 416
426 214
480 393
473 497
40 460
218 374
477 478
279 63
440 384
440 278
408 412
345 358
372 460
243 225
311 339
445 53
432 176
493 401
487 494
444 361
159 172
265 459
102 212
467 476
341 428
193 360
498 194
462 464
210 60
373 464
311 61
165 388
413 390
495 213
294 113
14 137
300 151
407 148
470 98
251 495
31 318
250 307
117 36
377 448
323 290
163 265
461 151
270 382
486 471
125 403
354 279
402 74
357 354
108 66
53 163
60 339
451 204
390 447
320 373
473 388
161 117
445 376
373 264
350 415
499 473
229 252
429 443
161 159
378 179
443 476
42 170
301 479
134 78
271 461
103 249
407 160
448 408
417 406
176 380
456 484
359 367
386 240
340 17
271 213
394 434
297 43
16 157
135 145
368 397
413 426
434 51
29 206
495 358
427 401
388 404
355 408
500 462
432 171
416 441
195 425
321 228
315 349
134 325
461 350
466 477
389 258
195 20
316 151
475 496
87 335
278 435
471 480
490 107
131 20
392 481
324 125
24 229
475 482
323 356
376 490
374 122
381 378
116 118
203 12
308 195
453 304
434 327
376 336
356 426
175 447
383 443
96 407
482 39
53 151
367 402
233 448
75 310
113 305
145 230
368 454
260 274
418 231
500 482
127 83
334 290
367 468
48 236
485 429
462 429
180 425
357 235
45 498
59 232
462 489
500 265
239 153
497 494
474 482
336 47
439 482
464 336
108 447
103 79
473 480
138 247
299 409
432 481
61 306
204 150
22 500
158 70
478 500
377 215
287 216
396 143
484 459
320 439
444 316
477 468
194 428
453 449
286 139
500 475
168 396
492 500
307 450
303 434
483 479
489 471
484 472
308 306
453 467
207 313
494 398
453 4
326 481
45 128
89 483
259 15
412 288
148 277
326 428
256 327
209 117
265 80
367 445
168 351
305 188
368 404
396 444
273 426
323 228
354 319
44 468
433 125
125 270
491 490
76 288
106 152
361 177
491 489
482 323
382 392
256 289
368 8
412 309
422 314
70 474
60 379
197 430
