192 12245
1 13
1 14
1 15
1 18
1 23
1 28
1 30
1 34
1 35
1 42
1 47
1 54
1 70
1 71
1 74
1 80
1 83
1 85
1 88
1 91
1 92
1 94
1 100
1 115
1 116
1 118
1 119
1 121
1 123
1 129
1 132
1 136
1 140
1 144
1 147
1 150
1 162
1 164
1 169
1 170
1 173
1 175
1 176
1 182
1 185
1 187
1 191
1 99
1 93
1 102
1 19
1 9
1 5
1 46
1 53
1 55
1 61
1 20
1 183
1 48
1 157
1 38
1 103
1 188
1 124
1 76
1 126
1 40
1 107
1 125
1 68
1 158
1 133
1 64
1 167
1 151
1 114
1 7
1 87
1 81
1 101
1 192
1 153
1 58
1 75
1 160
1 49
1 112
1 59
1 122
1 33
1 139
1 190
1 134
1 149
1 31
1 148
1 32
1 65
1 128
1 106
1 24
1 98
1 8
1 44
1 2
1 51
1 50
1 79
1 172
1 62
1 6
1 67
1 86
1 189
1 156
1 89
1 109
1 45
1 141
1 138
1 154
1 135
1 78
1 84
1 69
1 22
1 37
1 181
1 143
1 82
1 159
1 63
1 26
1 177
1 146
1 39
1 97
1 73
1 4
1 29
1 155
1 96
1 43
1 180
1 184
1 3
1 145
1 120
1 117
1 131
1 90
1 161
1 113
1 21
1 108
1 10
1 16
1 66
1 130
1 178
1 41
1 56
1 104
1 171
1 105
1 110
1 179
1 111
1 72
1 152
1 186
1 11
1 168
1 166
1 127
1 12
1 77
1 52
1 163
1 174
1 25
1 95
1 36
1 137
1 165
1 27
2 5
2 7
2 8
2 9
2 13
2 14
2 15
2 24
2 30
2 31
2 33
2 34
2 38
2 42
2 44
2 46
2 47
2 49
2 53
2 54
2 55
2 58
2 59
2 61
2 65
2 68
2 70
2 71
2 74
2 75
2 76
2 80
2 81
2 83
2 85
2 87
2 88
2 91
2 92
2 94
2 98
2 99
2 101
2 102
2 106
2 107
2 112
2 114
2 115
2 116
2 118
2 121
2 122
2 123
2 124
2 125
2 126
2 128
2 129
2 133
2 139
2 144
2 148
2 149
2 151
2 153
2 157
2 158
2 160
2 162
2 164
2 167
2 169
2 173
2 175
2 176
2 182
2 185
2 188
2 190
2 191
2 192
2 51
2 50
2 79
2 172
2 62
2 6
2 67
2 86
2 189
2 156
2 89
2 109
2 45
2 141
2 138
2 154
2 135
2 78
2 84
2 69
2 22
2 37
2 181
2 143
2 82
2 159
2 63
3 4
3 6
3 8
3 9
3 13
3 14
3 22
3 24
3 26
3 29
3 30
3 31
3 33
3 34
3 37
3 38
3 39
3 42
3 43
3 44
3 45
3 49
3 50
3 53
3 55
3 58
3 61
3 62
3 67
3 68
3 69
3 73
3 74
3 75
3 76
3 79
3 82
3 83
3 84
3 87
3 88
3 89
3 91
3 92
3 94
3 96
3 97
3 99
3 101
3 102
3 109
3 112
3 114
3 115
3 116
3 123
3 124
3 125
3 126
3 128
3 129
3 133
3 135
3 138
3 139
3 143
3 144
3 146
3 148
3 149
3 151
3 155
3 157
3 158
3 159
3 160
3 162
3 164
3 167
3 169
3 172
3 176
3 177
3 180
3 182
3 184
3 185
3 188
3 189
3 190
3 191
3 192
3 145
3 120
3 117
3 131
3 90
3 161
3 113
3 21
3 108
3 10
3 16
3 66
3 130
3 178
3 41
3 56
3 104
3 171
3 105
3 110
3 179
3 111
3 72
3 152
3 186
3 11
3 168
3 166
3 127
3 12
3 77
3 52
3 163
3 174
3 25
3 95
3 36
3 137
3 165
3 27
3 57
3 17
4 5
4 6
4 8
4 9
4 13
4 14
4 22
4 24
4 26
4 30
4 31
4 33
4 34
4 37
4 38
4 39
4 42
4 44
4 45
4 49
4 50
4 53
4 54
4 55
4 58
4 61
4 62
4 63
4 67
4 68
4 69
4 73
4 74
4 75
4 76
4 78
4 79
4 82
4 83
4 84
4 87
4 88
4 89
4 91
4 92
4 94
4 97
4 99
4 101
4 102
4 109
4 112
4 114
4 115
4 116
4 123
4 124
4 125
4 126
4 128
4 129
4 133
4 135
4 138
4 139
4 143
4 144
4 146
4 148
4 149
4 151
4 154
4 157
4 158
4 159
4 160
4 162
4 164
4 167
4 169
4 172
4 176
4 177
4 181
4 182
4 185
4 188
4 189
4 190
4 191
4 192
4 29
4 155
4 96
4 43
4 180
4 184
4 145
4 120
4 117
4 131
4 90
4 161
4 113
4 21
4 108
4 10
4 16
4 66
4 130
4 178
4 41
4 56
4 104
4 171
4 105
4 110
4 179
4 111
4 72
4 152
4 186
4 11
4 168
4 166
4 127
4 12
4 77
4 52
4 163
4 174
4 25
4 95
4 36
4 137
4 165
4 27
4 57
4 17
5 9
5 13
5 14
5 15
5 19
5 23
5 28
5 30
5 34
5 35
5 42
5 47
5 54
5 70
5 71
5 74
5 80
5 83
5 85
5 88
5 91
5 92
5 93
5 94
5 99
5 100
5 102
5 115
5 116
5 118
5 119
5 121
5 123
5 129
5 132
5 136
5 140
5 144
5 147
5 150
5 162
5 164
5 169
5 170
5 173
5 175
5 176
5 182
5 185
5 187
5 191
5 46
5 53
5 55
5 61
5 20
5 183
5 48
5 157
5 38
5 103
5 188
5 124
5 76
5 126
5 40
5 107
5 125
5 68
5 158
5 133
5 64
5 167
5 151
5 114
5 7
5 87
5 81
5 101
5 192
5 153
5 58
5 75
5 160
5 49
5 112
5 59
5 122
5 33
5 139
5 190
5 134
5 149
5 31
5 148
5 32
5 65
5 128
5 106
5 24
5 98
5 8
5 44
5 51
5 50
5 79
5 172
5 62
5 6
5 67
5 86
5 189
5 156
5 89
5 109
5 45
5 141
5 138
5 154
5 135
5 78
5 84
5 69
5 22
5 37
5 181
5 143
5 82
5 159
5 63
5 26
5 177
5 146
5 39
5 97
5 73
5 29
6 7
6 8
6 9
6 13
6 14
6 15
6 24
6 30
6 31
6 33
6 34
6 38
6 42
6 44
6 46
6 47
6 49
6 50
6 51
6 53
6 54
6 55
6 58
6 59
6 61
6 62
6 65
6 68
6 70
6 71
6 74
6 75
6 76
6 79
6 80
6 81
6 83
6 85
6 87
6 88
6 91
6 92
6 94
6 98
6 99
6 101
6 102
6 106
6 107
6 112
6 114
6 115
6 116
6 118
6 121
6 122
6 123
6 124
6 125
6 126
6 128
6 129
6 133
6 139
6 144
6 148
6 149
6 151
6 153
6 157
6 158
6 160
6 162
6 164
6 167
6 169
6 172
6 176
6 182
6 185
6 188
6 190
6 191
6 192
6 67
6 86
6 189
6 156
6 89
6 109
6 45
6 141
6 138
6 154
6 135
6 78
6 84
6 69
6 22
6 37
6 181
6 143
6 82
6 159
6 63
6 26
6 177
6 146
6 39
6 97
6 73
6 29
6 155
6 96
6 43
6 180
6 184
6 145
6 120
6 117
6 131
6 90
6 161
6 113
6 21
6 108
6 10
6 16
6 66
6 130
6 178
6 41
6 56
6 104
6 171
6 105
6 110
6 179
6 111
6 72
6 152
6 186
6 11
6 168
6 166
6 127
6 12
6 77
6 52
6 163
6 174
6 25
6 95
6 36
6 137
6 165
6 27
6 57
6 17
7 9
7 13
7 14
7 15
7 19
7 20
7 23
7 30
7 34
7 35
7 38
7 40
7 42
7 46
7 47
7 53
7 54
7 55
7 61
7 64
7 68
7 70
7 71
7 74
7 76
7 80
7 83
7 85
7 88
7 91
7 92
7 93
7 94
7 99
7 102
7 103
7 107
7 114
7 115
7 116
7 118
7 119
7 121
7 123
7 124
7 125
7 126
7 129
7 133
7 140
7 144
7 151
7 157
7 158
7 162
7 164
7 167
7 169
7 170
7 173
7 175
7 176
7 182
7 183
7 185
7 188
7 191
7 87
7 81
7 101
7 192
7 153
7 58
7 75
7 160
7 49
7 112
7 59
7 122
7 33
7 139
7 190
7 134
7 149
7 31
7 148
7 32
7 65
7 128
7 106
7 24
7 98
7 8
7 44
7 51
7 50
7 79
7 172
7 62
7 67
7 86
7 189
7 156
7 89
7 109
7 45
7 141
7 138
7 154
7 135
7 78
7 84
7 69
8 9
8 13
8 14
8 15
8 24
8 30
8 31
8 33
8 34
8 35
8 38
8 42
8 46
8 47
8 49
8 53
8 54
8 55
8 58
8 59
8 61
8 65
8 68
8 70
8 71
8 74
8 75
8 76
8 80
8 81
8 83
8 85
8 87
8 88
8 91
8 92
8 94
8 98
8 99
8 101
8 102
8 106
8 107
8 112
8 114
8 115
8 116
8 118
8 121
8 122
8 123
8 124
8 125
8 126
8 128
8 129
8 133
8 139
8 144
8 148
8 149
8 151
8 153
8 157
8 158
8 160
8 162
8 164
8 167
8 169
8 170
8 173
8 175
8 176
8 182
8 185
8 188
8 190
8 191
8 192
8 44
8 51
8 50
8 79
8 172
8 62
8 67
8 86
8 189
8 156
8 89
8 109
8 45
8 141
8 138
8 154
8 135
8 78
8 84
8 69
8 22
8 37
8 181
8 143
8 82
8 159
8 63
8 26
8 177
8 146
8 39
8 97
8 73
8 29
8 155
8 96
8 43
8 180
8 184
8 145
8 120
8 117
8 131
8 90
8 161
8 113
8 21
8 108
8 10
8 16
8 66
8 130
8 178
8 41
8 56
8 104
8 171
8 105
8 110
8 179
8 111
8 72
8 152
8 186
9 13
9 14
9 15
9 19
9 23
9 28
9 30
9 34
9 35
9 42
9 47
9 54
9 70
9 71
9 74
9 80
9 83
9 85
9 88
9 91
9 92
9 93
9 94
9 99
9 100
9 102
9 115
9 116
9 118
9 119
9 121
9 123
9 129
9 132
9 136
9 140
9 144
9 147
9 150
9 162
9 164
9 169
9 170
9 173
9 175
9 176
9 182
9 185
9 187
9 191
9 46
9 53
9 55
9 61
9 20
9 183
9 48
9 157
9 38
9 103
9 188
9 124
9 76
9 126
9 40
9 107
9 125
9 68
9 158
9 133
9 64
9 167
9 151
9 114
9 87
9 81
9 101
9 192
9 153
9 58
9 75
9 160
9 49
9 112
9 59
9 122
9 33
9 139
9 190
9 134
9 149
9 31
9 148
9 32
9 65
9 128
9 106
9 24
9 98
9 44
9 51
9 50
9 79
9 172
9 62
9 67
9 86
9 189
9 156
9 89
9 109
9 45
9 141
9 138
9 154
9 135
9 78
9 84
9 69
9 22
9 37
9 181
9 143
9 82
9 159
9 63
9 26
9 177
9 146
9 39
9 97
9 73
9 29
9 155
9 96
9 43
9 180
9 184
9 145
9 120
9 117
9 131
9 90
9 161
9 113
9 21
9 108
9 10
9 16
9 66
9 130
9 178
9 41
9 56
9 104
9 171
9 105
9 110
9 179
9 111
9 72
9 152
9 186
9 11
9 168
9 166
9 127
9 12
9 77
9 52
9 163
9 174
9 25
9 95
9 36
9 137
9 165
9 27
9 57
9 17
10 13
10 14
10 21
10 22
10 24
10 26
10 29
10 30
10 31
10 34
10 38
10 39
10 43
10 44
10 45
10 49
10 50
10 53
10 55
10 58
10 61
10 62
10 67
10 68
10 69
10 73
10 74
10 75
10 79
10 82
10 83
10 84
10 87
10 88
10 89
10 90
10 91
10 92
10 94
10 96
10 97
10 99
10 101
10 102
10 108
10 109
10 112
10 113
10 114
10 115
10 116
10 117
10 120
10 123
10 124
10 125
10 126
10 128
10 129
10 131
10 133
10 135
10 138
10 139
10 143
10 144
10 146
10 148
10 157
10 158
10 159
10 160
10 161
10 162
10 169
10 172
10 176
10 180
10 182
10 184
10 185
10 188
10 189
10 190
10 191
10 192
10 16
10 66
10 130
10 178
10 41
10 56
10 104
10 171
11 14
11 16
11 21
11 22
11 26
11 29
11 30
11 31
11 34
11 41
11 44
11 45
11 49
11 50
11 55
11 56
11 58
11 61
11 62
11 66
11 67
11 69
11 72
11 73
11 74
11 75
11 82
11 83
11 84
11 87
11 88
11 89
11 90
11 91
11 92
11 96
11 97
11 99
11 101
11 102
11 104
11 105
11 109
11 110
11 114
11 115
11 116
11 117
11 124
11 125
11 128
11 129
11 130
11 133
11 138
11 139
11 143
11 144
11 148
11 152
11 158
11 159
11 160
11 169
11 172
11 176
11 178
11 179
11 182
11 185
11 186
11 188
11 189
11 190
11 191
11 168
11 166
11 127
11 12
11 77
11 52
11 163
11 174
11 25
12 14
12 16
12 21
12 22
12 26
12 29
12 31
12 34
12 41
12 44
12 45
12 55
12 58
12 61
12 62
12 66
12 67
12 69
12 72
12 73
12 74
12 75
12 82
12 83
12 84
12 89
12 90
12 91
12 92
12 96
12 97
12 99
12 101
12 104
12 105
12 109
12 110
12 115
12 116
12 117
12 124
12 127
12 128
12 130
12 133
12 138
12 139
12 143
12 144
12 148
12 152
12 159
12 160
12 166
12 168
12 169
12 176
12 178
12 179
12 182
12 185
12 186
12 188
12 189
12 190
12 191
12 77
12 52
12 163
12 174
12 25
12 95
12 36
12 137
12 165
12 27
12 57
12 17
13 60
13 100
13 34
13 116
13 182
13 175
13 28
13 70
13 123
13 173
13 142
13 47
13 144
13 164
13 80
13 119
13 150
13 121
13 185
13 85
13 88
13 132
13 18
13 191
13 42
13 15
13 71
13 91
13 23
13 94
13 83
13 30
13 14
13 169
13 118
13 187
13 35
13 176
13 115
13 140
13 54
13 74
13 162
13 92
13 136
13 170
13 147
13 129
13 99
13 93
13 102
13 19
13 46
13 53
13 55
13 61
13 20
13 183
13 48
13 157
13 38
13 103
13 188
13 124
13 76
13 126
13 40
13 107
13 125
13 68
13 158
13 133
13 64
13 167
13 151
13 114
13 87
13 81
13 101
13 192
13 153
13 58
13 75
13 160
13 49
13 112
13 59
13 122
13 33
13 139
13 190
13 134
13 149
13 31
13 148
13 32
13 65
13 128
13 106
13 24
13 98
13 44
13 51
13 50
13 79
13 172
13 62
13 67
13 86
13 189
13 156
13 89
13 109
13 45
13 141
13 138
13 154
13 135
13 78
13 84
13 69
13 22
13 37
13 181
13 143
13 82
13 159
13 63
13 26
13 177
13 146
13 39
13 97
13 73
13 29
13 155
13 96
13 43
13 180
13 184
13 145
13 120
13 117
13 131
13 90
13 161
13 113
13 21
13 108
13 16
13 66
13 130
13 178
13 41
13 56
13 104
13 171
14 15
14 18
14 23
14 28
14 30
14 34
14 42
14 47
14 60
14 70
14 71
14 80
14 83
14 85
14 88
14 91
14 94
14 100
14 116
14 119
14 121
14 123
14 132
14 144
14 150
14 164
14 173
14 175
14 182
14 185
14 191
14 169
14 118
14 187
14 35
14 176
14 115
14 140
14 54
14 74
14 162
14 92
14 136
14 170
14 147
14 129
14 99
14 93
14 102
14 19
14 46
14 53
14 55
14 61
14 20
14 183
14 48
14 157
14 38
14 103
14 188
14 124
14 76
14 126
14 40
14 107
14 125
14 68
14 158
14 133
14 64
14 167
14 151
14 114
14 87
14 81
14 101
14 192
14 153
14 58
14 75
14 160
14 49
14 112
14 59
14 122
14 33
14 139
14 190
14 134
14 149
14 31
14 148
14 32
14 65
14 128
14 106
14 24
14 98
14 44
14 51
14 50
14 79
14 172
14 62
14 67
14 86
14 189
14 156
14 89
14 109
14 45
14 141
14 138
14 154
14 135
14 78
14 84
14 69
14 22
14 37
14 181
14 143
14 82
14 159
14 63
14 26
14 177
14 146
14 39
14 97
14 73
14 29
14 155
14 96
14 43
14 180
14 184
14 145
14 120
14 117
14 131
14 90
14 161
14 113
14 21
14 108
14 16
14 66
14 130
14 178
14 41
14 56
14 104
14 171
14 105
14 110
14 179
14 111
14 72
14 152
14 186
14 168
14 166
14 127
14 77
14 52
14 163
14 174
14 25
14 95
14 36
14 137
14 165
14 27
14 57
14 17
15 18
15 28
15 34
15 42
15 47
15 60
15 70
15 80
15 85
15 88
15 100
15 116
15 119
15 121
15 123
15 132
15 144
15 150
15 164
15 173
15 175
15 182
15 185
15 191
15 71
15 91
15 23
15 94
15 83
15 30
15 169
15 118
15 187
15 35
15 176
15 115
15 140
15 54
15 74
15 162
15 92
15 136
15 170
15 147
15 129
15 99
15 93
15 102
15 19
15 46
15 53
15 55
15 61
15 20
15 183
15 48
15 157
15 38
15 103
15 188
15 124
15 76
15 126
15 40
15 107
15 125
15 68
15 158
15 133
15 64
15 167
15 151
15 114
15 87
15 81
15 101
15 192
15 153
15 58
15 75
15 160
15 49
15 112
15 59
15 122
15 33
15 139
15 190
15 134
15 149
15 31
15 148
15 32
15 65
15 128
15 106
15 24
15 98
15 44
15 51
15 50
15 79
15 172
15 62
15 67
15 86
15 189
15 156
15 89
15 109
15 45
15 141
15 138
15 154
15 135
15 78
15 84
16 21
16 22
16 24
16 26
16 29
16 30
16 31
16 34
16 38
16 39
16 43
16 44
16 45
16 49
16 50
16 53
16 55
16 58
16 61
16 62
16 67
16 68
16 69
16 73
16 74
16 75
16 79
16 82
16 83
16 84
16 87
16 88
16 89
16 90
16 91
16 92
16 94
16 96
16 97
16 99
16 101
16 102
16 108
16 109
16 112
16 113
16 114
16 115
16 116
16 117
16 120
16 123
16 124
16 125
16 126
16 128
16 129
16 131
16 133
16 135
16 138
16 139
16 143
16 144
16 146
16 148
16 158
16 159
16 160
16 161
16 162
16 169
16 172
16 176
16 180
16 182
16 184
16 185
16 188
16 189
16 190
16 191
16 66
16 130
16 178
16 41
16 56
16 104
16 171
16 105
16 110
16 179
16 111
16 72
16 152
16 186
16 168
16 166
16 127
16 77
16 52
16 163
16 174
16 25
16 95
16 36
17 27
17 31
17 41
17 52
17 57
17 69
17 75
17 77
17 83
17 91
17 92
17 96
17 109
17 115
17 124
17 133
17 137
17 168
17 169
17 179
17 190
18 28
18 34
18 47
18 60
18 70
18 80
18 85
18 88
18 100
18 116
18 119
18 121
18 123
18 132
18 144
18 150
18 164
18 173
18 175
18 182
18 185
18 191
18 42
18 71
18 91
18 23
18 94
18 83
18 30
18 169
18 118
18 187
18 35
18 176
18 115
18 140
18 54
18 74
18 162
18 92
18 136
18 170
18 147
18 129
18 99
18 93
18 102
19 23
19 28
19 30
19 34
19 35
19 42
19 47
19 54
19 70
19 71
19 74
19 80
19 83
19 85
19 88
19 91
19 92
19 93
19 94
19 99
19 100
19 102
19 115
19 116
19 118
19 119
19 121
19 123
19 129
19 132
19 136
19 140
19 144
19 147
19 150
19 162
19 164
19 169
19 170
19 173
19 175
19 176
19 182
19 185
19 187
19 191
19 46
19 53
19 55
19 61
19 20
19 183
19 48
19 157
19 38
19 103
19 188
19 124
19 76
19 126
19 40
19 107
19 125
19 68
19 158
19 133
19 64
19 167
19 151
19 114
19 87
19 81
19 101
19 192
19 153
19 58
19 75
19 160
19 49
19 112
19 59
19 122
19 33
19 139
19 190
19 134
19 149
19 31
19 148
19 32
19 65
20 23
20 30
20 34
20 35
20 42
20 46
20 47
20 53
20 54
20 55
20 61
20 70
20 71
20 74
20 80
20 83
20 85
20 88
20 91
20 92
20 93
20 94
20 99
20 100
20 102
20 115
20 116
20 118
20 119
20 121
20 123
20 129
20 132
20 136
20 140
20 144
20 147
20 162
20 164
20 169
20 170
20 173
20 175
20 176
20 182
20 185
20 187
20 191
20 183
20 48
20 157
20 38
20 103
20 188
20 124
20 76
20 126
20 40
20 107
20 125
20 68
20 158
20 133
20 64
20 167
20 151
20 114
20 87
20 81
20 101
20 192
20 153
20 58
20 75
20 160
20 49
20 112
20 59
20 122
20 33
20 139
20 190
20 134
20 149
20 31
20 148
21 22
21 24
21 26
21 29
21 30
21 31
21 34
21 38
21 39
21 42
21 43
21 44
21 45
21 49
21 50
21 53
21 55
21 58
21 61
21 62
21 67
21 68
21 69
21 73
21 74
21 75
21 76
21 79
21 82
21 83
21 84
21 87
21 88
21 89
21 90
21 91
21 92
21 94
21 96
21 97
21 99
21 101
21 102
21 109
21 112
21 113
21 114
21 115
21 116
21 117
21 120
21 123
21 124
21 125
21 126
21 128
21 129
21 131
21 133
21 135
21 138
21 139
21 143
21 144
21 146
21 148
21 151
21 157
21 158
21 159
21 160
21 161
21 162
21 169
21 172
21 176
21 180
21 182
21 184
21 185
21 188
21 189
21 190
21 191
21 192
21 108
21 66
21 130
21 178
21 41
21 56
21 104
21 171
21 105
21 110
21 179
21 111
21 72
21 152
21 186
21 168
21 166
21 127
21 77
21 52
21 163
21 174
21 25
21 95
21 36
22 24
22 30
22 31
22 33
22 34
22 38
22 42
22 44
22 45
22 49
22 50
22 51
22 53
22 54
22 55
22 58
22 59
22 61
22 62
22 65
22 67
22 68
22 69
22 70
22 71
22 74
22 75
22 76
22 78
22 79
22 83
22 84
22 85
22 87
22 88
22 89
22 91
22 92
22 94
22 99
22 101
22 102
22 106
22 107
22 109
22 112
22 114
22 115
22 116
22 122
22 123
22 124
22 125
22 126
22 128
22 129
22 133
22 135
22 138
22 139
22 144
22 148
22 149
22 151
22 153
22 154
22 156
22 157
22 158
22 160
22 162
22 164
22 167
22 169
22 172
22 176
22 182
22 185
22 188
22 189
22 190
22 191
22 192
22 37
22 181
22 143
22 82
22 159
22 63
22 26
22 177
22 146
22 39
22 97
22 73
22 29
22 155
22 96
22 43
22 180
22 184
22 145
22 120
22 117
22 131
22 90
22 161
22 113
22 108
22 66
22 130
22 178
22 41
22 56
22 104
22 171
22 105
22 110
22 179
22 111
22 72
22 152
22 186
22 168
22 166
22 127
22 77
22 52
22 163
22 174
22 25
22 95
22 36
22 137
22 165
23 28
23 34
23 42
23 47
23 60
23 70
23 71
23 80
23 85
23 88
23 91
23 100
23 116
23 119
23 121
23 123
23 132
23 144
23 150
23 164
23 173
23 175
23 182
23 185
23 191
23 94
23 83
23 30
23 169
23 118
23 187
23 35
23 176
23 115
23 140
23 54
23 74
23 162
23 92
23 136
23 170
23 147
23 129
23 99
23 93
23 102
23 46
23 53
23 55
23 61
23 183
23 48
23 157
23 38
23 103
23 188
23 124
23 76
23 126
23 40
23 107
23 125
23 68
23 158
23 133
23 64
23 167
23 151
23 114
23 87
23 81
23 101
23 192
23 153
23 58
23 75
23 160
23 49
23 112
23 59
23 122
23 33
23 139
23 190
23 134
23 149
23 31
23 148
23 32
23 65
24 30
24 31
24 33
24 34
24 35
24 38
24 42
24 46
24 47
24 49
24 53
24 54
24 55
24 58
24 59
24 61
24 65
24 68
24 70
24 71
24 74
24 75
24 76
24 80
24 81
24 83
24 85
24 87
24 88
24 91
24 92
24 94
24 99
24 101
24 102
24 106
24 107
24 112
24 114
24 115
24 116
24 118
24 121
24 122
24 123
24 124
24 125
24 126
24 128
24 129
24 133
24 139
24 144
24 148
24 149
24 151
24 153
24 157
24 158
24 160
24 162
24 164
24 167
24 169
24 170
24 173
24 175
24 176
24 182
24 185
24 188
24 190
24 191
24 192
24 98
24 44
24 51
24 50
24 79
24 172
24 62
24 67
24 86
24 189
24 156
24 89
24 109
24 45
24 141
24 138
24 154
24 135
24 78
24 84
24 69
24 37
24 181
24 143
24 82
24 159
24 63
24 26
24 177
24 146
24 39
24 97
24 73
24 29
24 155
24 96
24 43
24 180
24 184
24 145
24 120
24 117
24 131
24 90
24 161
24 113
24 108
24 66
24 130
24 178
24 41
24 56
24 104
24 171
24 105
24 110
24 179
24 111
25 29
25 31
25 34
25 41
25 44
25 45
25 52
25 58
25 62
25 66
25 67
25 69
25 72
25 74
25 75
25 77
25 82
25 83
25 84
25 89
25 90
25 91
25 92
25 96
25 99
25 101
25 104
25 105
25 109
25 115
25 116
25 124
25 128
25 130
25 133
25 138
25 143
25 148
25 152
25 159
25 160
25 166
25 168
25 169
25 174
25 176
25 178
25 179
25 182
25 185
25 186
25 188
25 189
25 190
25 191
25 95
25 36
25 137
25 165
25 27
25 57
26 30
26 31
26 33
26 34
26 37
26 38
26 42
26 44
26 45
26 49
26 50
26 51
26 53
26 54
26 55
26 58
26 61
26 62
26 63
26 67
26 68
26 69
26 74
26 75
26 76
26 78
26 79
26 82
26 83
26 84
26 85
26 87
26 88
26 89
26 91
26 92
26 94
26 99
26 101
26 102
26 106
26 107
26 109
26 112
26 114
26 115
26 116
26 122
26 123
26 124
26 125
26 126
26 128
26 129
26 133
26 135
26 138
26 139
26 143
26 144
26 148
26 149
26 151
26 154
26 156
26 157
26 158
26 159
26 160
26 162
26 164
26 167
26 169
26 172
26 176
26 181
26 182
26 185
26 188
26 189
26 190
26 191
26 192
26 177
26 146
26 39
26 97
26 73
26 29
26 155
26 96
26 43
26 180
26 184
26 145
26 120
26 117
26 131
26 90
26 161
26 113
26 108
26 66
26 130
26 178
26 41
26 56
26 104
26 171
26 105
26 110
26 179
26 111
26 72
26 152
26 186
26 168
26 166
26 127
26 77
26 52
26 163
27 31
27 36
27 41
27 52
27 69
27 74
27 75
27 77
27 83
27 90
27 91
27 92
27 95
27 96
27 104
27 109
27 115
27 124
27 130
27 133
27 137
27 143
27 148
27 152
27 165
27 168
27 169
27 174
27 179
27 190
27 57
28 34
28 60
28 100
28 116
28 175
28 182
28 70
28 123
28 173
28 142
28 47
28 144
28 164
28 80
28 119
28 150
28 121
28 185
28 85
28 88
28 132
28 191
28 42
28 71
28 91
28 94
28 83
28 30
28 169
28 118
28 187
28 35
28 176
28 115
28 140
28 54
28 74
28 162
28 92
28 136
28 170
28 147
28 129
28 99
28 93
28 102
28 46
28 53
29 30
29 31
29 33
29 34
29 37
29 38
29 39
29 42
29 44
29 45
29 49
29 50
29 53
29 54
29 55
29 58
29 61
29 62
29 63
29 67
29 68
29 69
29 73
29 74
29 75
29 76
29 78
29 79
29 82
29 83
29 84
29 87
29 88
29 89
29 91
29 92
29 94
29 97
29 99
29 101
29 102
29 109
29 112
29 114
29 115
29 116
29 123
29 124
29 125
29 126
29 128
29 129
29 133
29 135
29 138
29 139
29 143
29 144
29 146
29 148
29 149
29 151
29 154
29 157
29 158
29 159
29 160
29 162
29 164
29 167
29 169
29 172
29 176
29 177
29 181
29 182
29 185
29 188
29 189
29 190
29 191
29 192
29 155
29 96
29 43
29 180
29 184
29 145
29 120
29 117
29 131
29 90
29 161
29 113
29 108
29 66
29 130
29 178
29 41
29 56
29 104
29 171
29 105
29 110
29 179
29 111
29 72
29 152
29 186
29 168
29 166
29 127
29 77
29 52
29 163
29 174
29 95
30 34
30 42
30 47
30 60
30 70
30 71
30 80
30 83
30 85
30 88
30 91
30 94
30 100
30 116
30 119
30 121
30 123
30 132
30 144
30 150
30 164
30 173
30 175
30 182
30 185
30 191
30 169
30 118
30 187
30 35
30 176
30 115
30 140
30 54
30 74
30 162
30 92
30 136
30 170
30 147
30 129
30 99
30 93
30 102
30 46
30 53
30 55
30 61
30 183
30 48
30 157
30 38
30 103
30 188
30 124
30 76
30 126
30 40
30 107
30 125
30 68
30 158
30 133
30 64
30 167
30 151
30 114
30 87
30 81
30 101
30 192
30 153
30 58
30 75
30 160
30 49
30 112
30 59
30 122
30 33
30 139
30 190
30 134
30 149
30 31
30 148
30 32
30 65
30 128
30 106
30 98
30 44
30 51
30 50
30 79
30 172
30 62
30 67
30 86
30 189
30 156
30 89
30 109
30 45
30 141
30 138
30 154
30 135
30 78
30 84
30 69
30 37
30 181
30 143
30 82
30 159
30 63
30 177
30 146
30 39
30 97
30 73
30 155
30 96
30 43
30 180
30 184
30 145
30 120
30 117
30 131
30 90
30 161
30 113
30 108
30 66
30 130
30 178
30 41
30 56
30 104
30 171
30 105
30 110
30 179
30 111
30 72
30 152
30 186
30 168
30 166
31 33
31 34
31 35
31 38
31 42
31 46
31 47
31 49
31 53
31 54
31 55
31 58
31 59
31 61
31 64
31 68
31 70
31 71
31 74
31 75
31 76
31 80
31 81
31 83
31 85
31 87
31 88
31 91
31 92
31 93
31 94
31 99
31 101
31 102
31 103
31 107
31 112
31 114
31 115
31 116
31 118
31 121
31 122
31 123
31 124
31 125
31 126
31 129
31 133
31 134
31 139
31 144
31 149
31 151
31 153
31 157
31 158
31 160
31 162
31 164
31 167
31 169
31 170
31 173
31 175
31 176
31 182
31 185
31 188
31 190
31 191
31 192
31 148
31 32
31 65
31 128
31 106
31 98
31 44
31 51
31 50
31 79
31 172
31 62
31 67
31 86
31 189
31 156
31 89
31 109
31 45
31 141
31 138
31 154
31 135
31 78
31 84
31 69
31 37
31 181
31 143
31 82
31 159
31 63
31 177
31 146
31 39
31 97
31 73
31 155
31 96
31 43
31 180
31 184
31 145
31 120
31 117
31 131
31 90
31 161
31 113
31 108
31 66
31 130
31 178
31 41
31 56
31 104
31 171
31 105
31 110
31 179
31 111
31 72
31 152
31 186
31 168
31 166
31 127
31 77
31 52
31 163
31 174
31 95
31 36
31 137
31 165
31 57
32 33
32 34
32 35
32 38
32 42
32 46
32 47
32 49
32 53
32 54
32 55
32 58
32 59
32 61
32 68
32 70
32 71
32 74
32 75
32 76
32 80
32 81
32 83
32 85
32 87
32 88
32 91
32 92
32 93
32 94
32 99
32 101
32 102
32 103
32 107
32 112
32 114
32 115
32 116
32 118
32 121
32 122
32 123
32 124
32 125
32 126
32 129
32 133
32 134
32 139
32 144
32 148
32 149
32 151
32 153
32 157
32 158
32 160
32 162
32 164
32 167
32 169
32 170
32 173
32 175
32 176
32 182
32 185
32 188
32 190
32 191
32 192
32 65
32 128
33 34
33 35
33 38
33 40
33 42
33 46
33 47
33 49
33 53
33 54
33 55
33 58
33 59
33 61
33 64
33 68
33 70
33 71
33 74
33 75
33 76
33 80
33 81
33 83
33 85
33 87
33 88
33 91
33 92
33 93
33 94
33 99
33 101
33 102
33 103
33 107
33 112
33 114
33 115
33 116
33 118
33 121
33 122
33 123
33 124
33 125
33 126
33 129
33 133
33 140
33 144
33 151
33 153
33 157
33 158
33 160
33 162
33 164
33 167
33 169
33 170
33 173
33 175
33 176
33 182
33 185
33 188
33 191
33 192
33 139
33 190
33 134
33 149
33 148
33 65
33 128
33 106
33 98
33 44
33 51
33 50
33 79
33 172
33 62
33 67
33 86
33 189
33 156
33 89
33 109
33 45
33 141
33 138
33 154
33 135
33 78
33 84
33 69
33 37
33 181
33 143
33 82
33 159
33 63
33 177
33 146
33 39
33 97
33 73
33 155
33 96
33 43
33 180
33 184
34 60
34 100
34 116
34 182
34 175
34 70
34 123
34 173
34 142
34 47
34 144
34 164
34 80
34 119
34 150
34 121
34 185
34 85
34 88
34 132
34 191
34 42
34 71
34 91
34 94
34 83
34 169
34 118
34 187
34 35
34 176
34 115
34 140
34 54
34 74
34 162
34 92
34 136
34 170
34 147
34 129
34 99
34 93
34 102
34 46
34 53
34 55
34 61
34 183
34 48
34 157
34 38
34 103
34 188
34 124
34 76
34 126
34 40
34 107
34 125
34 68
34 158
34 133
34 64
34 167
34 151
34 114
34 87
34 81
34 101
34 192
34 153
34 58
34 75
34 160
34 49
34 112
34 59
34 122
34 139
34 190
34 134
34 149
34 148
34 65
34 128
34 106
34 98
34 44
34 51
34 50
34 79
34 172
34 62
34 67
34 86
34 189
34 156
34 89
34 109
34 45
34 141
34 138
34 154
34 135
34 78
34 84
34 69
34 37
34 181
34 143
34 82
34 159
34 63
34 177
34 146
34 39
34 97
34 73
34 155
34 96
34 43
34 180
34 184
34 145
34 120
34 117
34 131
34 90
34 161
34 113
34 108
34 66
34 130
34 178
34 41
34 56
34 104
34 171
34 105
34 110
34 179
34 111
34 72
34 152
34 186
34 168
34 166
34 127
34 77
34 52
34 163
34 174
34 95
34 36
35 42
35 47
35 70
35 71
35 80
35 83
35 85
35 88
35 91
35 94
35 100
35 116
35 118
35 119
35 121
35 123
35 132
35 144
35 150
35 164
35 169
35 173
35 175
35 182
35 185
35 187
35 191
35 176
35 115
35 140
35 54
35 74
35 162
35 92
35 136
35 170
35 147
35 129
35 99
35 93
35 102
35 46
35 53
35 55
35 61
35 183
35 48
35 157
35 38
35 103
35 188
35 124
35 76
35 126
35 40
35 107
35 125
35 68
35 158
35 133
35 64
35 167
35 151
35 114
35 87
35 81
35 101
35 192
35 153
35 58
35 75
35 160
35 49
35 112
35 59
35 122
35 139
35 190
35 134
35 149
35 148
35 65
35 128
35 106
35 98
36 41
36 44
36 45
36 52
36 58
36 62
36 66
36 67
36 69
36 72
36 74
36 75
36 77
36 82
36 83
36 84
36 89
36 90
36 91
36 92
36 95
36 96
36 99
36 101
36 104
36 105
36 109
36 115
36 116
36 124
36 128
36 130
36 133
36 138
36 143
36 148
36 152
36 159
36 160
36 168
36 169
36 174
36 176
36 178
36 179
36 182
36 185
36 189
36 190
36 191
36 137
36 165
37 38
37 42
37 44
37 45
37 49
37 50
37 51
37 53
37 54
37 55
37 58
37 59
37 61
37 62
37 67
37 68
37 69
37 70
37 74
37 75
37 76
37 78
37 79
37 83
37 84
37 85
37 87
37 88
37 89
37 91
37 92
37 94
37 99
37 101
37 102
37 106
37 107
37 109
37 112
37 114
37 115
37 116
37 122
37 123
37 124
37 125
37 126
37 128
37 129
37 133
37 135
37 138
37 139
37 144
37 148
37 149
37 151
37 154
37 156
37 157
37 158
37 160
37 162
37 164
37 167
37 169
37 172
37 176
37 182
37 185
37 188
37 189
37 190
37 191
37 192
37 181
37 143
37 82
37 159
37 63
37 177
37 146
37 39
37 97
37 73
37 155
37 96
37 43
37 180
37 184
37 145
37 120
37 117
37 131
37 90
37 161
37 113
38 42
38 46
38 47
38 53
38 54
38 55
38 61
38 70
38 71
38 74
38 80
38 83
38 85
38 88
38 91
38 92
38 93
38 94
38 99
38 100
38 102
38 115
38 116
38 118
38 119
38 121
38 123
38 129
38 132
38 136
38 140
38 144
38 157
38 162
38 164
38 169
38 170
38 173
38 175
38 176
38 182
38 183
38 185
38 187
38 191
38 103
38 188
38 124
38 76
38 126
38 40
38 107
38 125
38 68
38 158
38 133
38 64
38 167
38 151
38 114
38 87
38 81
38 101
38 192
38 153
38 58
38 75
38 160
38 49
38 112
38 59
38 122
38 139
38 190
38 134
38 149
38 148
38 65
38 128
38 106
38 98
38 44
38 51
38 50
38 79
38 172
38 62
38 67
38 86
38 189
38 156
38 89
38 109
38 45
38 141
38 138
38 154
38 135
38 78
38 84
38 69
38 181
38 143
38 82
38 159
38 63
38 177
38 146
38 39
38 97
38 73
38 155
38 96
38 43
38 180
38 184
38 145
38 120
38 117
38 131
38 90
38 161
38 113
38 108
38 66
38 130
38 178
38 41
38 56
38 104
38 171
38 105
38 110
38 179
38 111
39 42
39 44
39 45
39 49
39 50
39 53
39 54
39 55
39 58
39 61
39 62
39 63
39 67
39 68
39 69
39 74
39 75
39 76
39 78
39 79
39 82
39 83
39 84
39 87
39 88
39 89
39 91
39 92
39 94
39 99
39 101
39 102
39 109
39 112
39 114
39 115
39 116
39 123
39 124
39 125
39 126
39 128
39 129
39 133
39 135
39 138
39 139
39 143
39 144
39 146
39 148
39 149
39 151
39 154
39 157
39 158
39 159
39 160
39 162
39 164
39 167
39 169
39 172
39 176
39 177
39 181
39 182
39 185
39 188
39 189
39 190
39 191
39 192
39 97
39 73
39 155
39 96
39 43
39 180
39 184
39 145
39 120
39 117
39 131
39 90
39 161
39 113
39 108
39 66
39 130
39 178
39 41
39 56
39 104
39 171
40 42
40 46
40 47
40 53
40 54
40 55
40 61
40 70
40 71
40 74
40 76
40 80
40 83
40 85
40 88
40 91
40 92
40 93
40 94
40 99
40 102
40 103
40 115
40 116
40 118
40 119
40 121
40 123
40 124
40 126
40 129
40 132
40 136
40 140
40 144
40 157
40 162
40 164
40 169
40 170
40 173
40 175
40 176
40 182
40 183
40 185
40 188
40 191
40 107
40 125
40 68
40 158
40 133
40 64
40 167
40 151
40 114
40 87
40 81
40 101
40 192
40 153
40 58
40 75
40 160
40 49
40 112
40 59
40 122
41 44
41 45
41 49
41 50
41 55
41 58
41 61
41 62
41 66
41 67
41 68
41 69
41 73
41 74
41 75
41 79
41 82
41 83
41 84
41 87
41 88
41 89
41 90
41 91
41 92
41 94
41 96
41 97
41 99
41 101
41 102
41 108
41 109
41 112
41 113
41 114
41 115
41 116
41 117
41 120
41 124
41 125
41 126
41 128
41 129
41 130
41 131
41 133
41 135
41 138
41 139
41 143
41 144
41 146
41 148
41 158
41 159
41 160
41 161
41 162
41 169
41 172
41 176
41 178
41 180
41 182
41 184
41 185
41 188
41 189
41 190
41 191
41 56
41 104
41 171
41 105
41 110
41 179
41 111
41 72
41 152
41 186
41 168
41 166
41 127
41 77
41 52
41 163
41 174
41 95
41 137
41 165
41 57
42 47
42 60
42 70
42 80
42 85
42 88
42 100
42 116
42 119
42 121
42 123
42 132
42 144
42 150
42 164
42 173
42 175
42 182
42 185
42 191
42 71
42 91
42 94
42 83
42 169
42 118
42 187
42 176
42 115
42 140
42 54
42 74
42 162
42 92
42 136
42 170
42 147
42 129
42 99
42 93
42 102
42 46
42 53
42 55
42 61
42 183
42 48
42 157
42 103
42 188
42 124
42 76
42 126
42 107
42 125
42 68
42 158
42 133
42 64
42 167
42 151
42 114
42 87
42 81
42 101
42 192
42 153
42 58
42 75
42 160
42 49
42 112
42 59
42 122
42 139
42 190
42 134
42 149
42 148
42 65
42 128
42 106
42 98
42 44
42 51
42 50
42 79
42 172
42 62
42 67
42 86
42 189
42 156
42 89
42 109
42 45
42 141
42 138
42 154
42 135
42 78
42 84
42 69
42 181
42 143
42 82
42 159
42 63
42 177
42 146
42 97
42 73
42 155
42 96
42 43
42 180
42 184
42 145
42 120
42 117
42 131
42 90
42 161
42 113
42 108
43 44
43 45
43 49
43 50
43 53
43 54
43 55
43 58
43 61
43 62
43 63
43 67
43 68
43 69
43 73
43 74
43 75
43 76
43 78
43 79
43 82
43 83
43 84
43 87
43 88
43 89
43 91
43 92
43 94
43 96
43 97
43 99
43 101
43 102
43 109
43 112
43 114
43 115
43 116
43 123
43 124
43 125
43 126
43 128
43 129
43 133
43 135
43 138
43 139
43 143
43 144
43 146
43 148
43 149
43 151
43 154
43 155
43 157
43 158
43 159
43 160
43 162
43 164
43 167
43 169
43 172
43 176
43 177
43 181
43 182
43 185
43 188
43 189
43 190
43 191
43 192
43 180
43 184
43 145
43 120
43 117
43 131
43 90
43 161
43 113
43 108
43 66
43 130
44 46
44 47
44 49
44 53
44 54
44 55
44 58
44 59
44 61
44 65
44 68
44 70
44 71
44 74
44 75
44 76
44 80
44 81
44 83
44 85
44 87
44 88
44 91
44 92
44 94
44 98
44 99
44 101
44 102
44 106
44 107
44 112
44 114
44 115
44 116
44 118
44 121
44 122
44 123
44 124
44 125
44 126
44 128
44 129
44 133
44 139
44 144
44 148
44 149
44 151
44 153
44 157
44 158
44 160
44 162
44 164
44 167
44 169
44 173
44 175
44 176
44 182
44 185
44 188
44 190
44 191
44 192
44 51
44 50
44 79
44 172
44 62
44 67
44 86
44 189
44 156
44 89
44 109
44 45
44 141
44 138
44 154
44 135
44 78
44 84
44 69
44 181
44 143
44 82
44 159
44 63
44 177
44 146
44 97
44 73
44 155
44 96
44 180
44 184
44 145
44 120
44 117
44 131
44 90
44 161
44 113
44 108
44 66
44 130
44 178
44 56
44 104
44 171
44 105
44 110
44 179
44 111
44 72
44 152
44 186
44 168
44 166
44 127
44 77
44 52
44 163
44 174
44 95
44 137
44 165
45 46
45 47
45 49
45 50
45 51
45 53
45 54
45 55
45 58
45 59
45 61
45 62
45 65
45 67
45 68
45 70
45 71
45 74
45 75
45 76
45 79
45 80
45 81
45 83
45 85
45 86
45 87
45 88
45 89
45 91
45 92
45 94
45 99
45 101
45 102
45 106
45 107
45 109
45 112
45 114
45 115
45 116
45 118
45 121
45 122
45 123
45 124
45 125
45 126
45 128
45 129
45 133
45 139
45 144
45 148
45 149
45 151
45 153
45 156
45 157
45 158
45 160
45 162
45 164
45 167
45 169
45 172
45 176
45 182
45 185
45 188
45 189
45 190
45 191
45 192
45 141
45 138
45 154
45 135
45 78
45 84
45 69
45 181
45 143
45 82
45 159
45 63
45 177
45 146
45 97
45 73
45 155
45 96
45 180
45 184
45 145
45 120
45 117
45 131
45 90
45 161
45 113
45 108
45 66
45 130
45 178
45 56
45 104
45 171
45 105
45 110
45 179
45 111
45 72
45 152
45 186
45 168
45 166
45 127
45 77
45 52
45 163
45 174
45 95
45 137
45 165
46 47
46 54
46 70
46 71
46 74
46 80
46 83
46 85
46 88
46 91
46 92
46 93
46 94
46 99
46 100
46 102
46 115
46 116
46 118
46 119
46 121
46 123
46 129
46 132
46 136
46 140
46 144
46 147
46 150
46 162
46 164
46 169
46 170
46 173
46 175
46 176
46 182
46 185
46 187
46 191
46 53
46 55
46 61
46 183
46 48
46 157
46 103
46 188
46 124
46 76
46 126
46 107
46 125
46 68
46 158
46 133
46 64
46 167
46 151
46 114
46 87
46 81
46 101
46 192
46 153
46 58
46 75
46 160
46 49
46 112
46 59
46 122
46 139
46 190
46 134
46 149
46 148
46 65
46 128
46 106
46 98
46 51
46 50
46 79
46 172
46 62
46 67
46 86
46 189
46 156
46 89
46 109
46 141
46 138
46 154
46 135
46 78
46 84
47 60
47 70
47 100
47 116
47 123
47 142
47 173
47 175
47 182
47 144
47 164
47 80
47 119
47 150
47 121
47 185
47 85
47 88
47 132
47 191
47 71
47 91
47 94
47 83
47 169
47 118
47 187
47 176
47 115
47 140
47 54
47 74
47 162
47 92
47 136
47 170
47 147
47 129
47 99
47 93
47 102
47 53
47 55
47 61
47 183
47 48
47 157
47 103
47 188
47 124
47 76
47 126
47 107
47 125
47 68
47 158
47 133
47 64
47 167
47 151
47 114
47 87
47 81
47 101
47 192
47 153
47 58
47 75
47 160
47 49
47 112
47 59
47 122
47 139
47 190
47 134
47 149
47 148
47 65
47 128
47 106
47 98
47 51
47 50
47 79
47 172
47 62
47 67
47 86
47 189
47 156
47 89
47 109
47 141
47 138
47 154
47 135
47 78
47 84
48 53
48 54
48 55
48 61
48 70
48 71
48 74
48 80
48 83
48 85
48 88
48 91
48 92
48 93
48 94
48 99
48 100
48 102
48 115
48 116
48 118
48 119
48 121
48 123
48 129
48 132
48 136
48 140
48 144
48 147
48 162
48 164
48 169
48 170
48 173
48 175
48 176
48 182
48 183
48 185
48 187
48 191
49 53
49 54
49 55
49 58
49 61
49 64
49 68
49 70
49 71
49 74
49 75
49 76
49 80
49 81
49 83
49 85
49 87
49 88
49 91
49 92
49 93
49 94
49 99
49 101
49 102
49 103
49 107
49 114
49 115
49 116
49 118
49 119
49 121
49 123
49 124
49 125
49 126
49 129
49 133
49 140
49 144
49 151
49 153
49 157
49 158
49 160
49 162
49 164
49 167
49 169
49 170
49 173
49 175
49 176
49 182
49 185
49 188
49 191
49 192
49 112
49 59
49 122
49 139
49 190
49 134
49 149
49 148
49 65
49 128
49 106
49 98
49 51
49 50
49 79
49 172
49 62
49 67
49 86
49 189
49 156
49 89
49 109
49 141
49 138
49 154
49 135
49 78
49 84
49 69
49 181
49 143
49 82
49 159
49 63
49 177
49 146
49 97
49 73
49 155
49 96
49 180
49 184
49 145
49 120
49 117
49 131
49 90
49 161
49 113
49 108
49 66
49 130
49 178
49 56
49 104
49 171
49 105
49 110
49 179
49 111
49 72
49 152
49 186
49 168
50 51
50 53
50 54
50 55
50 58
50 59
50 61
50 65
50 68
50 70
50 71
50 74
50 75
50 76
50 80
50 81
50 83
50 85
50 87
50 88
50 91
50 92
50 94
50 98
50 99
50 101
50 102
50 106
50 107
50 112
50 114
50 115
50 116
50 118
50 121
50 122
50 123
50 124
50 125
50 126
50 128
50 129
50 133
50 139
50 144
50 148
50 149
50 151
50 153
50 157
50 158
50 160
50 162
50 164
50 167
50 169
50 173
50 176
50 182
50 185
50 188
50 190
50 191
50 192
50 79
50 172
50 62
50 67
50 86
50 189
50 156
50 89
50 109
50 141
50 138
50 154
50 135
50 78
50 84
50 69
50 181
50 143
50 82
50 159
50 63
50 177
50 146
50 97
50 73
50 155
50 96
50 180
50 184
50 145
50 120
50 117
50 131
50 90
50 161
50 113
50 108
50 66
50 130
50 178
50 56
50 104
50 171
50 105
50 110
50 179
50 111
50 72
50 152
50 186
50 168
50 166
51 53
51 54
51 55
51 58
51 59
51 61
51 65
51 68
51 70
51 71
51 74
51 75
51 76
51 80
51 81
51 83
51 85
51 87
51 88
51 91
51 92
51 94
51 98
51 99
51 101
51 102
51 106
51 107
51 112
51 114
51 115
51 116
51 118
51 121
51 122
51 123
51 124
51 125
51 126
51 128
51 129
51 133
51 139
51 144
51 148
51 149
51 151
51 153
51 157
51 158
51 160
51 162
51 164
51 167
51 169
51 173
51 175
51 176
51 182
51 185
51 188
51 190
51 191
51 192
51 79
51 172
51 62
51 67
51 86
51 189
51 156
51 89
51 109
51 141
51 138
51 154
51 135
51 78
51 84
51 69
51 181
51 143
51 82
51 159
51 63
51 177
52 55
52 58
52 61
52 62
52 66
52 67
52 69
52 72
52 74
52 75
52 77
52 82
52 83
52 84
52 89
52 90
52 91
52 92
52 96
52 97
52 99
52 101
52 104
52 105
52 109
52 110
52 115
52 116
52 124
52 127
52 128
52 130
52 133
52 138
52 143
52 148
52 152
52 159
52 160
52 166
52 168
52 169
52 176
52 178
52 179
52 182
52 185
52 186
52 188
52 189
52 190
52 191
52 163
52 174
52 95
52 137
52 165
52 57
53 54
53 70
53 71
53 74
53 80
53 83
53 85
53 88
53 91
53 92
53 93
53 94
53 99
53 100
53 102
53 115
53 116
53 118
53 119
53 121
53 123
53 129
53 132
53 136
53 140
53 144
53 147
53 150
53 162
53 164
53 169
53 170
53 173
53 175
53 176
53 182
53 185
53 187
53 191
53 55
53 61
53 183
53 157
53 103
53 188
53 124
53 76
53 126
53 107
53 125
53 68
53 158
53 133
53 64
53 167
53 151
53 114
53 87
53 81
53 101
53 192
53 153
53 58
53 75
53 160
53 112
53 59
53 122
53 139
53 190
53 134
53 149
53 148
53 65
53 128
53 106
53 98
53 79
53 172
53 62
53 67
53 86
53 189
53 156
53 89
53 109
53 141
53 138
53 154
53 135
53 78
53 84
53 69
53 181
53 143
53 82
53 159
53 63
53 177
53 146
53 97
53 73
53 155
53 96
53 180
53 184
53 145
53 120
53 117
53 131
53 90
53 161
53 113
53 108
53 66
54 70
54 71
54 80
54 83
54 85
54 88
54 91
54 94
54 100
54 115
54 116
54 118
54 119
54 121
54 123
54 132
54 140
54 144
54 150
54 164
54 169
54 173
54 175
54 176
54 182
54 185
54 187
54 191
54 74
54 162
54 92
54 136
54 170
54 147
54 129
54 99
54 93
54 102
54 55
54 61
54 183
54 157
54 103
54 188
54 124
54 76
54 126
54 107
54 125
54 68
54 158
54 133
54 64
54 167
54 151
54 114
54 87
54 81
54 101
54 192
54 153
54 58
54 75
54 160
54 112
54 59
54 122
54 139
54 190
54 134
54 149
54 148
54 65
54 128
54 106
54 98
54 79
54 172
54 62
54 67
54 86
54 189
54 156
54 89
54 109
54 141
54 138
54 154
54 135
54 78
54 84
54 69
54 181
54 143
54 82
54 159
54 63
54 177
54 146
54 97
54 73
54 155
54 96
54 180
55 70
55 71
55 74
55 80
55 83
55 85
55 88
55 91
55 92
55 93
55 94
55 99
55 100
55 102
55 115
55 116
55 118
55 119
55 121
55 123
55 129
55 132
55 136
55 140
55 144
55 147
55 150
55 162
55 164
55 169
55 170
55 173
55 175
55 176
55 182
55 185
55 187
55 191
55 61
55 183
55 157
55 103
55 188
55 124
55 76
55 126
55 107
55 125
55 68
55 158
55 133
55 64
55 167
55 151
55 114
55 87
55 81
55 101
55 192
55 153
55 58
55 75
55 160
55 112
55 59
55 122
55 139
55 190
55 134
55 149
55 148
55 65
55 128
55 106
55 98
55 79
55 172
55 62
55 67
55 86
55 189
55 156
55 89
55 109
55 141
55 138
55 154
55 135
55 78
55 84
55 69
55 181
55 143
55 82
55 159
55 63
55 177
55 146
55 97
55 73
55 155
55 96
55 180
55 184
55 145
55 120
55 117
55 131
55 90
55 161
55 113
55 108
55 66
55 130
55 178
55 56
55 104
55 171
55 105
55 110
55 179
55 111
55 72
55 152
55 186
55 168
55 166
55 127
55 77
55 163
56 58
56 61
56 62
56 66
56 67
56 68
56 69
56 73
56 74
56 75
56 79
56 82
56 83
56 84
56 87
56 88
56 89
56 90
56 91
56 92
56 94
56 96
56 97
56 99
56 101
56 102
56 108
56 109
56 112
56 114
56 115
56 116
56 117
56 120
56 124
56 125
56 126
56 128
56 129
56 130
56 131
56 133
56 135
56 138
56 139
56 143
56 144
56 146
56 148
56 158
56 159
56 160
56 161
56 162
56 169
56 172
56 176
56 178
56 180
56 182
56 184
56 185
56 188
56 189
56 190
56 191
56 104
56 171
56 105
56 110
56 179
56 111
56 72
56 152
56 186
56 168
56 166
57 69
57 75
57 77
57 83
57 91
57 92
57 96
57 104
57 109
57 115
57 124
57 130
57 133
57 137
57 165
57 168
57 169
57 179
57 190
58 61
58 64
58 68
58 70
58 71
58 74
58 76
58 80
58 81
58 83
58 85
58 87
58 88
58 91
58 92
58 93
58 94
58 99
58 101
58 102
58 103
58 107
58 114
58 115
58 116
58 118
58 119
58 121
58 123
58 124
58 125
58 126
58 129
58 133
58 140
58 144
58 151
58 153
58 157
58 158
58 162
58 164
58 167
58 169
58 170
58 173
58 175
58 176
58 182
58 183
58 185
58 188
58 191
58 192
58 75
58 160
58 112
58 59
58 122
58 139
58 190
58 134
58 149
58 148
58 65
58 128
58 106
58 98
58 79
58 172
58 62
58 67
58 86
58 189
58 156
58 89
58 109
58 141
58 138
58 154
58 135
58 78
58 84
58 69
58 181
58 143
58 82
58 159
58 63
58 177
58 146
58 97
58 73
58 155
58 96
58 180
58 184
58 145
58 120
58 117
58 131
58 90
58 161
58 113
58 108
58 66
58 130
58 178
58 104
58 171
58 105
58 110
58 179
58 111
58 72
58 152
58 186
58 168
58 166
58 127
58 77
58 163
58 174
58 95
59 61
59 64
59 68
59 70
59 71
59 74
59 75
59 76
59 80
59 81
59 83
59 85
59 87
59 88
59 91
59 92
59 93
59 94
59 99
59 101
59 102
59 103
59 107
59 112
59 114
59 115
59 116
59 118
59 119
59 121
59 123
59 124
59 125
59 126
59 129
59 133
59 140
59 144
59 151
59 153
59 157
59 158
59 160
59 162
59 164
59 167
59 169
59 170
59 173
59 175
59 176
59 182
59 185
59 188
59 191
59 192
59 122
59 139
59 190
59 134
59 149
59 148
59 65
59 128
59 106
59 98
59 79
59 172
59 62
59 67
59 86
59 189
59 156
59 89
59 109
59 141
59 138
59 154
59 135
59 78
59 84
59 69
59 181
59 143
59 82
59 159
60 100
60 116
60 182
60 175
60 70
60 123
60 173
60 142
60 144
60 164
60 80
60 119
60 150
60 121
60 185
60 85
60 88
60 132
60 191
60 71
60 91
60 94
60 83
60 169
61 70
61 71
61 74
61 80
61 83
61 85
61 88
61 91
61 92
61 93
61 94
61 99
61 100
61 102
61 115
61 116
61 118
61 119
61 121
61 123
61 129
61 132
61 136
61 140
61 144
61 147
61 150
61 162
61 164
61 169
61 170
61 173
61 175
61 176
61 182
61 185
61 187
61 191
61 183
61 157
61 103
61 188
61 124
61 76
61 126
61 107
61 125
61 68
61 158
61 133
61 64
61 167
61 151
61 114
61 87
61 81
61 101
61 192
61 153
61 75
61 160
61 112
61 122
61 139
61 190
61 134
61 149
61 148
61 65
61 128
61 106
61 98
61 79
61 172
61 62
61 67
61 86
61 189
61 156
61 89
61 109
61 141
61 138
61 154
61 135
61 78
61 84
61 69
61 181
61 143
61 82
61 159
61 63
61 177
61 146
61 97
61 73
61 155
61 96
61 180
61 184
61 145
61 120
61 117
61 131
61 90
61 161
61 113
61 108
61 66
61 130
61 178
61 104
61 171
61 105
61 110
61 179
61 111
61 72
61 152
61 186
61 168
61 166
61 127
61 77
61 163
61 174
62 65
62 68
62 70
62 71
62 74
62 75
62 76
62 79
62 80
62 81
62 83
62 85
62 87
62 88
62 91
62 92
62 94
62 98
62 99
62 101
62 102
62 106
62 107
62 112
62 114
62 115
62 116
62 118
62 121
62 122
62 123
62 124
62 125
62 126
62 128
62 129
62 133
62 139
62 144
62 148
62 149
62 151
62 153
62 157
62 158
62 160
62 162
62 164
62 167
62 169
62 172
62 176
62 182
62 185
62 188
62 190
62 191
62 192
62 67
62 86
62 189
62 156
62 89
62 109
62 141
62 138
62 154
62 135
62 78
62 84
62 69
62 181
62 143
62 82
62 159
62 63
62 177
62 146
62 97
62 73
62 155
62 96
62 180
62 184
62 145
62 120
62 117
62 131
62 90
62 161
62 113
62 108
62 66
62 130
62 178
62 104
62 171
62 105
62 110
62 179
62 111
62 72
62 152
62 186
62 168
62 166
62 127
62 77
62 163
62 174
62 95
63 67
63 68
63 69
63 74
63 75
63 76
63 78
63 79
63 82
63 83
63 84
63 85
63 87
63 88
63 89
63 91
63 92
63 94
63 99
63 101
63 102
63 106
63 107
63 109
63 112
63 114
63 115
63 116
63 122
63 123
63 124
63 125
63 126
63 128
63 129
63 133
63 135
63 138
63 139
63 143
63 144
63 148
63 149
63 151
63 154
63 156
63 157
63 158
63 159
63 160
63 162
63 164
63 167
63 169
63 172
63 176
63 181
63 182
63 185
63 188
63 189
63 190
63 191
63 192
63 177
63 146
63 97
63 73
63 155
63 96
63 180
64 68
64 70
64 71
64 74
64 76
64 80
64 83
64 85
64 88
64 91
64 92
64 93
64 94
64 99
64 102
64 103
64 107
64 115
64 116
64 118
64 119
64 121
64 123
64 124
64 125
64 126
64 129
64 132
64 133
64 140
64 144
64 157
64 158
64 162
64 164
64 169
64 170
64 173
64 175
64 176
64 182
64 183
64 185
64 188
64 191
64 167
64 151
64 114
64 87
64 81
64 101
64 192
64 153
64 75
64 160
64 112
64 122
64 139
64 190
64 134
64 149
64 148
65 68
65 70
65 71
65 74
65 75
65 76
65 80
65 81
65 83
65 85
65 87
65 88
65 91
65 92
65 93
65 94
65 99
65 101
65 102
65 103
65 107
65 112
65 114
65 115
65 116
65 118
65 121
65 122
65 123
65 124
65 125
65 126
65 129
65 133
65 134
65 139
65 144
65 148
65 149
65 151
65 153
65 157
65 158
65 160
65 162
65 164
65 167
65 169
65 170
65 173
65 175
65 176
65 182
65 185
65 188
65 190
65 191
65 192
65 128
65 106
65 98
65 79
65 172
65 67
65 86
65 189
65 156
65 89
65 109
65 141
65 138
65 154
65 135
65 78
65 84
65 69
66 67
66 68
66 69
66 73
66 74
66 75
66 79
66 82
66 83
66 84
66 87
66 88
66 89
66 90
66 91
66 92
66 94
66 96
66 97
66 99
66 101
66 102
66 108
66 109
66 112
66 113
66 114
66 115
66 116
66 117
66 120
66 123
66 124
66 125
66 126
66 128
66 129
66 131
66 133
66 135
66 138
66 139
66 143
66 144
66 146
66 148
66 158
66 159
66 160
66 161
66 162
66 169
66 172
66 176
66 180
66 182
66 184
66 185
66 188
66 189
66 190
66 191
66 130
66 178
66 104
66 171
66 105
66 110
66 179
66 111
66 72
66 152
66 186
66 168
66 166
66 127
66 77
66 163
66 174
66 95
67 68
67 70
67 71
67 74
67 75
67 76
67 79
67 80
67 81
67 83
67 85
67 87
67 88
67 91
67 92
67 94
67 98
67 99
67 101
67 102
67 106
67 107
67 112
67 114
67 115
67 116
67 118
67 121
67 122
67 123
67 124
67 125
67 126
67 128
67 129
67 133
67 139
67 144
67 148
67 149
67 151
67 153
67 157
67 158
67 160
67 162
67 164
67 167
67 169
67 172
67 176
67 182
67 185
67 188
67 190
67 191
67 192
67 86
67 189
67 156
67 89
67 109
67 141
67 138
67 154
67 135
67 78
67 84
67 69
67 181
67 143
67 82
67 159
67 177
67 146
67 97
67 73
67 155
67 96
67 180
67 184
67 145
67 120
67 117
67 131
67 90
67 161
67 113
67 108
67 130
67 178
67 104
67 171
67 105
67 110
67 179
67 111
67 72
67 152
67 186
67 168
67 166
67 127
67 77
67 163
67 174
67 95
68 70
68 71
68 74
68 76
68 80
68 83
68 85
68 88
68 91
68 92
68 93
68 94
68 99
68 102
68 103
68 107
68 115
68 116
68 118
68 119
68 121
68 123
68 124
68 125
68 126
68 129
68 132
68 140
68 144
68 157
68 162
68 164
68 169
68 170
68 173
68 175
68 176
68 182
68 183
68 185
68 188
68 191
68 158
68 133
68 167
68 151
68 114
68 87
68 81
68 101
68 192
68 153
68 75
68 160
68 112
68 122
68 139
68 190
68 134
68 149
68 148
68 128
68 106
68 98
68 79
68 172
68 86
68 189
68 156
68 89
68 109
68 141
68 138
68 154
68 135
68 78
68 84
68 69
68 181
68 143
68 82
68 159
68 177
68 146
68 97
68 73
68 155
68 96
68 180
68 184
68 145
68 120
68 117
68 131
68 90
68 161
68 113
68 108
68 130
68 178
68 104
68 171
68 105
68 110
68 179
68 111
68 72
68 152
68 186
69 70
69 71
69 74
69 75
69 76
69 78
69 79
69 83
69 84
69 85
69 87
69 88
69 89
69 91
69 92
69 94
69 99
69 101
69 102
69 106
69 107
69 109
69 112
69 114
69 115
69 116
69 122
69 123
69 124
69 125
69 126
69 128
69 129
69 133
69 135
69 138
69 139
69 144
69 148
69 149
69 151
69 153
69 154
69 156
69 157
69 158
69 160
69 162
69 164
69 167
69 169
69 172
69 176
69 182
69 185
69 188
69 189
69 190
69 191
69 192
69 181
69 143
69 82
69 159
69 177
69 146
69 97
69 73
69 155
69 96
69 180
69 184
69 145
69 120
69 117
69 131
69 90
69 161
69 113
69 108
69 130
69 178
69 104
69 171
69 105
69 110
69 179
69 111
69 72
69 152
69 186
69 168
69 166
69 127
69 77
69 163
69 174
69 95
69 137
69 165
70 100
70 116
70 175
70 182
70 123
70 173
70 142
70 144
70 164
70 80
70 119
70 150
70 121
70 185
70 85
70 88
70 132
70 191
70 71
70 91
70 94
70 83
70 169
70 118
70 187
70 176
70 115
70 140
70 74
70 162
70 92
70 136
70 170
70 147
70 129
70 99
70 93
70 102
70 183
70 157
70 103
70 188
70 124
70 76
70 126
70 107
70 125
70 158
70 133
70 167
70 151
70 114
70 87
70 81
70 101
70 192
70 153
70 75
70 160
70 112
70 122
70 139
70 190
70 134
70 149
70 148
70 128
70 106
70 98
70 79
70 172
70 86
70 189
70 156
70 89
70 109
70 141
70 138
70 154
70 135
70 78
70 84
70 181
70 143
70 82
70 159
71 80
71 85
71 88
71 100
71 116
71 119
71 121
71 123
71 132
71 144
71 150
71 164
71 173
71 175
71 182
71 185
71 191
71 91
71 94
71 83
71 169
71 118
71 187
71 176
71 115
71 140
71 74
71 162
71 92
71 136
71 170
71 147
71 129
71 99
71 93
71 102
71 183
71 157
71 103
71 188
71 124
71 76
71 126
71 107
71 125
71 158
71 133
71 167
71 151
71 114
71 87
71 81
71 101
71 192
71 153
71 75
71 160
71 112
71 122
71 139
71 190
71 134
71 149
71 148
71 128
71 106
71 98
71 79
71 172
71 86
71 189
71 156
71 89
71 109
71 141
71 138
71 154
71 135
71 78
71 84
72 73
72 74
72 75
72 79
72 82
72 83
72 84
72 87
72 88
72 89
72 90
72 91
72 92
72 94
72 96
72 97
72 99
72 101
72 102
72 104
72 105
72 108
72 109
72 110
72 111
72 114
72 115
72 116
72 117
72 124
72 125
72 126
72 128
72 129
72 130
72 133
72 138
72 139
72 143
72 144
72 148
72 158
72 159
72 160
72 169
72 171
72 172
72 176
72 178
72 179
72 182
72 184
72 185
72 188
72 189
72 190
72 191
72 152
72 186
72 168
72 166
72 127
72 77
72 163
72 174
72 95
73 74
73 75
73 76
73 78
73 79
73 82
73 83
73 84
73 87
73 88
73 89
73 91
73 92
73 94
73 97
73 99
73 101
73 102
73 109
73 112
73 114
73 115
73 116
73 123
73 124
73 125
73 126
73 128
73 129
73 133
73 135
73 138
73 139
73 143
73 144
73 146
73 148
73 149
73 151
73 154
73 157
73 158
73 159
73 160
73 162
73 164
73 167
73 169
73 172
73 176
73 177
73 181
73 182
73 185
73 188
73 189
73 190
73 191
73 192
73 155
73 96
73 180
73 184
73 145
73 120
73 117
73 131
73 90
73 161
73 113
73 108
73 130
73 178
73 104
73 171
73 105
73 110
73 179
73 111
73 152
73 186
73 168
73 166
73 127
73 77
74 80
74 83
74 85
74 88
74 91
74 94
74 100
74 115
74 116
74 118
74 119
74 121
74 123
74 132
74 140
74 144
74 150
74 164
74 169
74 173
74 175
74 176
74 182
74 185
74 187
74 191
74 162
74 92
74 136
74 170
74 147
74 129
74 99
74 93
74 102
74 183
74 157
74 103
74 188
74 124
74 76
74 126
74 107
74 125
74 158
74 133
74 167
74 151
74 114
74 87
74 81
74 101
74 192
74 153
74 75
74 160
74 112
74 122
74 139
74 190
74 134
74 149
74 148
74 128
74 106
74 98
74 79
74 172
74 86
74 189
74 156
74 89
74 109
74 141
74 138
74 154
74 135
74 78
74 84
74 181
74 143
74 82
74 159
74 177
74 146
74 97
74 155
74 96
74 180
74 184
74 145
74 120
74 117
74 131
74 90
74 161
74 113
74 108
74 130
74 178
74 104
74 171
74 105
74 110
74 179
74 111
74 152
74 186
74 168
74 166
74 127
74 77
74 163
74 174
74 95
74 137
74 165
75 76
75 80
75 81
75 83
75 85
75 87
75 88
75 91
75 92
75 93
75 94
75 99
75 101
75 102
75 103
75 107
75 114
75 115
75 116
75 118
75 119
75 121
75 123
75 124
75 125
75 126
75 129
75 133
75 140
75 144
75 151
75 153
75 157
75 158
75 162
75 164
75 167
75 169
75 170
75 173
75 175
75 176
75 182
75 183
75 185
75 188
75 191
75 192
75 160
75 112
75 122
75 139
75 190
75 134
75 149
75 148
75 128
75 106
75 98
75 79
75 172
75 86
75 189
75 156
75 89
75 109
75 141
75 138
75 154
75 135
75 78
75 84
75 181
75 143
75 82
75 159
75 177
75 146
75 97
75 155
75 96
75 180
75 184
75 145
75 120
75 117
75 131
75 90
75 161
75 113
75 108
75 130
75 178
75 104
75 171
75 105
75 110
75 179
75 111
75 152
75 186
75 168
75 166
75 127
75 77
75 163
75 174
75 95
75 137
75 165
76 80
76 83
76 85
76 88
76 91
76 92
76 93
76 94
76 99
76 102
76 103
76 115
76 116
76 118
76 119
76 121
76 123
76 124
76 129
76 132
76 136
76 140
76 144
76 157
76 162
76 164
76 169
76 170
76 173
76 175
76 176
76 182
76 183
76 185
76 187
76 188
76 191
76 126
76 107
76 125
76 158
76 133
76 167
76 151
76 114
76 87
76 81
76 101
76 192
76 153
76 160
76 112
76 122
76 139
76 190
76 134
76 149
76 148
76 128
76 106
76 98
76 79
76 172
76 86
76 189
76 156
76 89
76 109
76 141
76 138
76 154
76 135
76 78
76 84
76 181
76 143
76 82
76 159
76 177
76 146
76 97
76 155
76 96
76 180
76 184
76 145
76 120
76 117
76 131
76 90
76 161
76 113
76 108
77 82
77 83
77 84
77 89
77 90
77 91
77 92
77 96
77 97
77 99
77 101
77 104
77 105
77 109
77 110
77 115
77 116
77 117
77 124
77 127
77 128
77 130
77 133
77 138
77 139
77 143
77 144
77 148
77 152
77 159
77 160
77 166
77 168
77 169
77 176
77 178
77 179
77 182
77 185
77 186
77 188
77 189
77 190
77 191
77 163
77 174
77 95
77 137
77 165
78 79
78 83
78 85
78 87
78 88
78 89
78 91
78 92
78 94
78 99
78 101
78 102
78 106
78 107
78 109
78 112
78 114
78 115
78 116
78 122
78 123
78 124
78 125
78 126
78 128
78 129
78 133
78 135
78 138
78 139
78 144
78 148
78 149
78 151
78 153
78 154
78 156
78 157
78 158
78 160
78 162
78 164
78 167
78 169
78 172
78 176
78 182
78 185
78 188
78 189
78 190
78 191
78 192
78 84
78 181
78 143
78 82
78 159
78 177
78 146
78 97
78 155
78 96
78 180
78 184
79 80
79 81
79 83
79 85
79 87
79 88
79 91
79 92
79 94
79 98
79 99
79 101
79 102
79 106
79 107
79 112
79 114
79 115
79 116
79 118
79 121
79 122
79 123
79 124
79 125
79 126
79 128
79 129
79 133
79 139
79 144
79 148
79 149
79 151
79 153
79 157
79 158
79 160
79 162
79 164
79 167
79 169
79 173
79 176
79 182
79 185
79 188
79 190
79 191
79 192
79 172
79 86
79 189
79 156
79 89
79 109
79 141
79 138
79 154
79 135
79 84
79 181
79 143
79 82
79 159
79 177
79 146
79 97
79 155
79 96
79 180
79 184
79 145
79 120
79 117
79 131
79 90
79 161
79 113
79 108
79 130
79 178
79 104
79 171
79 105
79 110
79 179
79 111
79 152
80 100
80 116
80 123
80 142
80 144
80 164
80 173
80 175
80 182
80 119
80 150
80 121
80 185
80 85
80 88
80 132
80 191
80 91
80 94
80 83
80 169
80 118
80 187
80 176
80 115
80 140
80 162
80 92
80 136
80 170
80 147
80 129
80 99
80 93
80 102
80 183
80 157
80 103
80 188
80 124
80 126
80 107
80 125
80 158
80 133
80 167
80 151
80 114
80 87
80 81
80 101
80 192
80 153
80 160
80 112
80 122
80 139
80 190
80 134
80 149
80 148
80 128
80 106
80 98
80 172
80 86
80 189
80 156
80 89
80 109
81 83
81 85
81 87
81 88
81 91
81 92
81 93
81 94
81 99
81 102
81 103
81 107
81 114
81 115
81 116
81 118
81 119
81 121
81 123
81 124
81 125
81 126
81 129
81 133
81 140
81 144
81 151
81 157
81 158
81 162
81 164
81 167
81 169
81 170
81 173
81 175
81 176
81 182
81 183
81 185
81 188
81 191
81 101
81 192
81 153
81 160
81 112
81 122
81 139
81 190
81 134
81 149
81 148
81 128
81 106
81 98
81 172
81 86
81 189
81 156
81 89
81 109
81 141
81 138
82 83
82 84
82 85
82 87
82 88
82 89
82 91
82 92
82 94
82 99
82 101
82 102
82 106
82 107
82 109
82 112
82 114
82 115
82 116
82 122
82 123
82 124
82 125
82 126
82 128
82 129
82 133
82 135
82 138
82 139
82 143
82 144
82 148
82 149
82 151
82 154
82 156
82 157
82 158
82 160
82 162
82 164
82 167
82 169
82 172
82 176
82 181
82 182
82 185
82 188
82 189
82 190
82 191
82 192
82 159
82 177
82 146
82 97
82 155
82 96
82 180
82 184
82 145
82 120
82 117
82 131
82 90
82 161
82 113
82 108
82 130
82 178
82 104
82 171
82 105
82 110
82 179
82 111
82 152
82 186
82 168
82 166
82 127
82 163
82 174
82 95
82 137
82 165
83 85
83 88
83 91
83 94
83 100
83 116
83 119
83 121
83 123
83 132
83 144
83 150
83 164
83 173
83 175
83 182
83 185
83 191
83 169
83 118
83 187
83 176
83 115
83 140
83 162
83 92
83 136
83 170
83 147
83 129
83 99
83 93
83 102
83 183
83 157
83 103
83 188
83 124
83 126
83 107
83 125
83 158
83 133
83 167
83 151
83 114
83 87
83 101
83 192
83 153
83 160
83 112
83 122
83 139
83 190
83 134
83 149
83 148
83 128
83 106
83 98
83 172
83 86
83 189
83 156
83 89
83 109
83 141
83 138
83 154
83 135
83 84
83 181
83 143
83 159
83 177
83 146
83 97
83 155
83 96
83 180
83 184
83 145
83 120
83 117
83 131
83 90
83 161
83 113
83 108
83 130
83 178
83 104
83 171
83 105
83 110
83 179
83 111
83 152
83 186
83 168
83 166
83 127
83 163
83 174
83 95
83 137
83 165
84 85
84 87
84 88
84 89
84 91
84 92
84 94
84 99
84 101
84 102
84 106
84 107
84 109
84 112
84 114
84 115
84 116
84 122
84 123
84 124
84 125
84 126
84 128
84 129
84 133
84 135
84 138
84 139
84 144
84 148
84 149
84 151
84 153
84 154
84 156
84 157
84 158
84 160
84 162
84 164
84 167
84 169
84 172
84 176
84 182
84 185
84 188
84 189
84 190
84 191
84 192
84 181
84 143
84 159
84 177
84 146
84 97
84 155
84 96
84 180
84 184
84 145
84 120
84 117
84 131
84 90
84 161
84 113
84 108
84 130
84 178
84 104
84 171
84 105
84 110
84 179
84 111
84 152
84 186
84 168
84 166
84 127
84 163
84 174
84 95
85 100
85 116
85 119
85 121
85 123
85 144
85 150
85 164
85 173
85 175
85 182
85 185
85 88
85 132
85 191
85 91
85 94
85 169
85 118
85 187
85 176
85 115
85 140
85 162
85 92
85 136
85 170
85 147
85 129
85 99
85 93
85 102
85 183
85 157
85 103
85 188
85 124
85 126
85 107
85 125
85 158
85 133
85 167
85 151
85 114
85 87
85 101
85 192
85 153
85 160
85 112
85 122
85 139
85 190
85 134
85 149
85 148
85 128
85 106
85 98
85 172
85 86
85 189
85 156
85 89
85 109
85 141
85 138
85 154
85 135
85 181
85 143
85 159
85 177
86 87
86 88
86 91
86 92
86 94
86 98
86 99
86 101
86 102
86 106
86 107
86 112
86 114
86 115
86 116
86 118
86 121
86 122
86 123
86 124
86 125
86 126
86 128
86 129
86 133
86 139
86 144
86 148
86 149
86 151
86 153
86 157
86 158
86 160
86 162
86 164
86 167
86 169
86 172
86 176
86 182
86 185
86 188
86 190
86 191
86 192
86 189
86 156
86 89
86 109
87 88
87 91
87 92
87 93
87 94
87 99
87 102
87 103
87 107
87 114
87 115
87 116
87 118
87 119
87 121
87 123
87 124
87 125
87 126
87 129
87 133
87 140
87 144
87 151
87 157
87 158
87 162
87 164
87 167
87 169
87 170
87 173
87 175
87 176
87 182
87 183
87 185
87 188
87 191
87 101
87 192
87 153
87 160
87 112
87 122
87 139
87 190
87 134
87 149
87 148
87 128
87 106
87 98
87 172
87 189
87 156
87 89
87 109
87 141
87 138
87 154
87 135
87 181
87 143
87 159
87 177
87 146
87 97
87 155
87 96
87 180
87 184
87 145
87 120
87 117
87 131
87 90
87 161
87 113
87 108
87 130
87 178
87 104
87 171
87 105
87 110
87 179
87 111
87 152
87 186
87 168
87 166
88 100
88 116
88 119
88 121
88 123
88 144
88 150
88 164
88 173
88 175
88 182
88 185
88 132
88 191
88 91
88 94
88 169
88 118
88 187
88 176
88 115
88 140
88 162
88 92
88 136
88 170
88 147
88 129
88 99
88 93
88 102
88 183
88 157
88 103
88 188
88 124
88 126
88 107
88 125
88 158
88 133
88 167
88 151
88 114
88 101
88 192
88 153
88 160
88 112
88 122
88 139
88 190
88 134
88 149
88 148
88 128
88 106
88 98
88 172
88 189
88 156
88 89
88 109
88 141
88 138
88 154
88 135
88 181
88 143
88 159
88 177
88 146
88 97
88 155
88 96
88 180
88 184
88 145
88 120
88 117
88 131
88 90
88 161
88 113
88 108
88 130
88 178
88 104
88 171
88 105
88 110
88 179
88 111
88 152
88 186
88 168
88 166
89 91
89 92
89 94
89 99
89 101
89 102
89 106
89 107
89 112
89 114
89 115
89 116
89 118
89 121
89 122
89 123
89 124
89 125
89 126
89 128
89 129
89 133
89 139
89 144
89 148
89 149
89 151
89 153
89 156
89 157
89 158
89 160
89 162
89 164
89 167
89 169
89 172
89 176
89 182
89 185
89 188
89 189
89 190
89 191
89 192
89 109
89 141
89 138
89 154
89 135
89 181
89 143
89 159
89 177
89 146
89 97
89 155
89 96
89 180
89 184
89 145
89 120
89 117
89 131
89 90
89 161
89 113
89 108
89 130
89 178
89 104
89 171
89 105
89 110
89 179
89 111
89 152
89 186
89 168
89 166
89 127
89 163
89 174
89 95
89 137
90 91
90 92
90 94
90 96
90 97
90 99
90 101
90 102
90 109
90 112
90 114
90 115
90 116
90 117
90 120
90 123
90 124
90 125
90 126
90 128
90 129
90 131
90 133
90 135
90 138
90 139
90 143
90 144
90 146
90 148
90 151
90 155
90 157
90 158
90 159
90 160
90 162
90 167
90 169
90 172
90 176
90 180
90 182
90 184
90 185
90 188
90 189
90 190
90 191
90 192
90 161
90 113
90 108
90 130
90 178
90 104
90 171
90 105
90 110
90 179
90 111
90 152
90 186
90 168
90 166
90 127
90 163
90 174
90 95
90 137
90 165
91 100
91 116
91 119
91 121
91 123
91 132
91 144
91 150
91 164
91 173
91 175
91 182
91 185
91 191
91 94
91 169
91 118
91 187
91 176
91 115
91 140
91 162
91 92
91 136
91 170
91 147
91 129
91 99
91 93
91 102
91 183
91 157
91 103
91 188
91 124
91 126
91 107
91 125
91 158
91 133
91 167
91 151
91 114
91 101
91 192
91 153
91 160
91 112
91 122
91 139
91 190
91 134
91 149
91 148
91 128
91 106
91 98
91 172
91 189
91 156
91 109
91 141
91 138
91 154
91 135
91 181
91 143
91 159
91 177
91 146
91 97
91 155
91 96
91 180
91 184
91 145
91 120
91 117
91 131
91 161
91 113
91 108
91 130
91 178
91 104
91 171
91 105
91 110
91 179
91 111
91 152
91 186
91 168
91 166
91 127
91 163
91 174
91 95
91 137
91 165
92 94
92 100
92 115
92 116
92 118
92 119
92 121
92 123
92 132
92 140
92 144
92 150
92 162
92 164
92 169
92 173
92 175
92 176
92 182
92 185
92 187
92 191
92 136
92 170
92 147
92 129
92 99
92 93
92 102
92 183
92 157
92 103
92 188
92 124
92 126
92 107
92 125
92 158
92 133
92 167
92 151
92 114
92 101
92 192
92 153
92 160
92 112
92 122
92 139
92 190
92 134
92 149
92 148
92 128
92 106
92 98
92 172
92 189
92 156
92 109
92 141
92 138
92 154
92 135
92 181
92 143
92 159
92 177
92 146
92 97
92 155
92 96
92 180
92 184
92 145
92 120
92 117
92 131
92 161
92 113
92 108
92 130
92 178
92 104
92 171
92 105
92 110
92 179
92 111
92 152
92 186
92 168
92 166
92 127
92 163
92 174
92 95
92 137
92 165
93 94
93 99
93 100
93 115
93 116
93 118
93 119
93 121
93 123
93 129
93 132
93 136
93 140
93 144
93 147
93 150
93 162
93 164
93 169
93 170
93 173
93 175
93 176
93 182
93 185
93 187
93 191
93 102
93 183
93 157
93 103
93 188
93 124
93 126
93 107
93 125
93 158
93 133
93 167
93 151
93 114
93 101
93 192
93 153
93 160
93 112
93 122
93 139
93 190
93 134
93 149
93 148
94 100
94 116
94 119
94 121
94 123
94 132
94 144
94 150
94 164
94 173
94 175
94 182
94 185
94 191
94 169
94 118
94 187
94 176
94 115
94 140
94 162
94 136
94 170
94 147
94 129
94 99
94 102
94 183
94 157
94 103
94 188
94 124
94 126
94 107
94 125
94 158
94 133
94 167
94 151
94 114
94 101
94 192
94 153
94 160
94 112
94 122
94 139
94 190
94 134
94 149
94 148
94 128
94 106
94 98
94 172
94 189
94 156
94 109
94 141
94 138
94 154
94 135
94 181
94 143
94 159
94 177
94 146
94 97
94 155
94 96
94 180
94 184
94 145
94 120
94 117
94 131
94 161
94 113
94 108
94 130
94 178
94 104
94 171
94 105
94 110
94 179
94 111
94 152
94 186
95 96
95 99
95 101
95 104
95 105
95 109
95 115
95 116
95 124
95 128
95 130
95 133
95 138
95 143
95 148
95 152
95 159
95 160
95 168
95 169
95 174
95 176
95 178
95 179
95 182
95 185
95 189
95 190
95 191
95 137
95 165
96 97
96 99
96 101
96 102
96 109
96 112
96 114
96 115
96 116
96 123
96 124
96 125
96 126
96 128
96 129
96 133
96 135
96 138
96 139
96 143
96 144
96 146
96 148
96 149
96 151
96 154
96 155
96 157
96 158
96 159
96 160
96 162
96 164
96 167
96 169
96 172
96 176
96 177
96 181
96 182
96 185
96 188
96 189
96 190
96 191
96 192
96 180
96 184
96 145
96 120
96 117
96 131
96 161
96 113
96 108
96 130
96 178
96 104
96 171
96 105
96 110
96 179
96 111
96 152
96 186
96 168
96 166
96 127
96 163
96 174
96 137
96 165
97 99
97 101
97 102
97 109
97 112
97 114
97 115
97 116
97 123
97 124
97 125
97 126
97 128
97 129
97 133
97 135
97 138
97 139
97 143
97 144
97 146
97 148
97 149
97 151
97 154
97 157
97 158
97 159
97 160
97 162
97 164
97 167
97 169
97 172
97 176
97 177
97 181
97 182
97 185
97 188
97 189
97 190
97 191
97 192
97 155
97 180
97 184
97 145
97 120
97 117
97 131
97 161
97 113
97 108
97 130
97 178
97 104
97 171
97 105
97 110
97 179
97 111
97 152
97 186
97 168
97 166
97 127
97 163
98 99
98 101
98 102
98 106
98 107
98 112
98 114
98 115
98 116
98 118
98 121
98 122
98 123
98 124
98 125
98 126
98 128
98 129
98 133
98 139
98 144
98 148
98 149
98 151
98 153
98 157
98 158
98 160
98 162
98 164
98 167
98 169
98 170
98 173
98 175
98 176
98 182
98 185
98 188
98 190
98 191
98 192
98 172
98 189
99 100
99 115
99 116
99 118
99 119
99 121
99 123
99 129
99 132
99 136
99 140
99 144
99 147
99 150
99 162
99 164
99 169
99 170
99 173
99 175
99 176
99 182
99 185
99 187
99 191
99 102
99 183
99 157
99 103
99 188
99 124
99 126
99 107
99 125
99 158
99 133
99 167
99 151
99 114
99 101
99 192
99 153
99 160
99 112
99 122
99 139
99 190
99 134
99 149
99 148
99 128
99 106
99 172
99 189
99 156
99 109
99 141
99 138
99 154
99 135
99 181
99 143
99 159
99 177
99 146
99 155
99 180
99 184
99 145
99 120
99 117
99 131
99 161
99 113
99 108
99 130
99 178
99 104
99 171
99 105
99 110
99 179
99 111
99 152
99 186
99 168
99 166
99 127
99 163
99 174
99 137
99 165
100 116
100 182
100 175
100 123
100 173
100 142
100 144
100 164
100 119
100 150
100 121
100 185
100 132
100 191
100 169
100 118
100 187
100 176
100 115
100 140
100 162
100 136
100 170
100 147
100 129
100 102
100 183
100 157
101 102
101 103
101 107
101 114
101 115
101 116
101 118
101 119
101 121
101 123
101 124
101 125
101 126
101 129
101 133
101 140
101 144
101 151
101 157
101 158
101 162
101 164
101 167
101 169
101 170
101 173
101 175
101 176
101 182
101 183
101 185
101 188
101 191
101 192
101 153
101 160
101 112
101 122
101 139
101 190
101 134
101 149
101 148
101 128
101 106
101 172
101 189
101 156
101 109
101 141
101 138
101 154
101 135
101 181
101 143
101 159
101 177
101 146
101 155
101 180
101 184
101 145
101 120
101 117
101 131
101 161
101 113
101 108
101 130
101 178
101 104
101 171
101 105
101 110
101 179
101 111
101 152
101 186
101 168
101 166
101 127
101 163
101 174
102 115
102 116
102 118
102 119
102 121
102 123
102 129
102 132
102 136
102 140
102 144
102 147
102 150
102 162
102 164
102 169
102 170
102 173
102 175
102 176
102 182
102 185
102 187
102 191
102 183
102 157
102 103
102 188
102 124
102 126
102 107
102 125
102 158
102 133
102 167
102 151
102 114
102 192
102 153
102 160
102 112
102 122
102 139
102 190
102 134
102 149
102 148
102 128
102 106
102 172
102 189
102 156
102 109
102 141
102 138
102 154
102 135
102 181
102 143
102 159
102 177
102 146
102 155
102 180
102 184
102 145
102 120
102 117
102 131
102 161
102 113
102 108
102 130
102 178
102 104
102 171
102 105
102 110
102 179
102 111
102 152
102 186
102 168
102 166
102 127
103 115
103 116
103 118
103 119
103 121
103 123
103 129
103 132
103 136
103 140
103 144
103 157
103 162
103 164
103 169
103 170
103 173
103 175
103 176
103 182
103 183
103 185
103 187
103 191
103 188
103 124
103 126
103 107
103 125
103 158
103 133
103 167
103 151
103 114
103 192
103 153
103 160
103 112
103 122
103 139
103 190
103 134
103 149
103 148
103 128
103 106
104 108
104 109
104 112
104 114
104 115
104 116
104 117
104 120
104 124
104 125
104 126
104 128
104 129
104 130
104 133
104 135
104 138
104 139
104 143
104 144
104 146
104 148
104 158
104 159
104 160
104 161
104 162
104 169
104 172
104 176
104 178
104 180
104 182
104 184
104 185
104 188
104 189
104 190
104 191
104 171
104 105
104 110
104 179
104 111
104 152
104 186
104 168
104 166
104 127
104 163
104 174
104 137
104 165
105 108
105 109
105 112
105 114
105 115
105 116
105 117
105 120
105 124
105 125
105 126
105 128
105 129
105 130
105 133
105 135
105 138
105 139
105 143
105 144
105 148
105 158
105 159
105 160
105 162
105 169
105 171
105 172
105 176
105 178
105 180
105 182
105 184
105 185
105 188
105 189
105 190
105 191
105 110
105 179
105 111
105 152
105 186
105 168
105 166
105 127
105 163
105 174
105 137
105 165
106 107
106 112
106 114
106 115
106 116
106 118
106 121
106 122
106 123
106 124
106 125
106 126
106 128
106 129
106 133
106 134
106 139
106 144
106 148
106 149
106 151
106 153
106 157
106 158
106 160
106 162
106 164
106 167
106 169
106 170
106 173
106 175
106 176
106 182
106 185
106 188
106 190
106 191
106 192
106 172
106 189
106 156
106 109
106 141
106 138
106 154
106 135
106 181
106 143
106 159
106 177
107 115
107 116
107 118
107 119
107 121
107 123
107 124
107 126
107 129
107 132
107 140
107 144
107 157
107 162
107 164
107 169
107 170
107 173
107 175
107 176
107 182
107 183
107 185
107 188
107 191
107 125
107 158
107 133
107 167
107 151
107 114
107 192
107 153
107 160
107 112
107 122
107 139
107 190
107 134
107 149
107 148
107 128
107 172
107 189
107 156
107 109
107 141
107 138
107 154
107 135
107 181
107 143
107 159
107 177
108 109
108 112
108 113
108 114
108 115
108 116
108 117
108 120
108 123
108 124
108 125
108 126
108 128
108 129
108 131
108 133
108 135
108 138
108 139
108 143
108 144
108 146
108 148
108 151
108 157
108 158
108 159
108 160
108 161
108 162
108 169
108 172
108 176
108 180
108 182
108 184
108 185
108 188
108 189
108 190
108 191
108 192
108 130
108 178
108 171
108 110
108 179
108 111
108 152
108 186
109 112
109 114
109 115
109 116
109 118
109 121
109 122
109 123
109 124
109 125
109 126
109 128
109 129
109 133
109 139
109 144
109 148
109 149
109 151
109 153
109 156
109 157
109 158
109 160
109 162
109 164
109 167
109 169
109 172
109 176
109 182
109 185
109 188
109 189
109 190
109 191
109 192
109 141
109 138
109 154
109 135
109 181
109 143
109 159
109 177
109 146
109 155
109 180
109 184
109 145
109 120
109 117
109 131
109 161
109 113
109 130
109 178
109 171
109 110
109 179
109 111
109 152
109 186
109 168
109 166
109 127
109 163
109 174
109 137
109 165
110 112
110 114
110 115
110 116
110 117
110 124
110 125
110 126
110 128
110 129
110 130
110 133
110 135
110 138
110 139
110 143
110 144
110 148
110 158
110 159
110 160
110 162
110 169
110 171
110 172
110 176
110 178
110 180
110 182
110 184
110 185
110 188
110 189
110 190
110 191
110 179
110 111
110 152
110 186
110 168
110 166
110 127
110 163
111 112
111 114
111 115
111 116
111 117
111 124
111 125
111 126
111 128
111 129
111 130
111 133
111 135
111 138
111 139
111 143
111 144
111 148
111 158
111 159
111 160
111 169
111 171
111 172
111 176
111 178
111 179
111 180
111 182
111 184
111 185
111 188
111 189
111 190
111 191
111 152
111 186
112 114
112 115
112 116
112 118
112 119
112 121
112 123
112 124
112 125
112 126
112 129
112 133
112 140
112 144
112 151
112 153
112 157
112 158
112 160
112 162
112 164
112 167
112 169
112 170
112 173
112 175
112 176
112 182
112 185
112 188
112 191
112 192
112 122
112 139
112 190
112 134
112 149
112 148
112 128
112 172
112 189
112 156
112 141
112 138
112 154
112 135
112 181
112 143
112 159
112 177
112 146
112 155
112 180
112 184
112 145
112 120
112 117
112 131
112 161
112 113
112 130
112 178
112 171
112 179
113 114
113 115
113 116
113 117
113 120
113 123
113 124
113 125
113 126
113 128
113 129
113 131
113 133
113 135
113 138
113 139
113 143
113 144
113 146
113 148
113 151
113 155
113 157
113 158
113 159
113 160
113 161
113 162
113 169
113 172
113 176
113 180
113 182
113 184
113 185
113 188
113 189
113 190
113 191
113 192
113 130
113 178
114 115
114 116
114 118
114 119
114 121
114 123
114 124
114 125
114 126
114 129
114 133
114 140
114 144
114 151
114 157
114 158
114 162
114 164
114 167
114 169
114 170
114 173
114 175
114 176
114 182
114 183
114 185
114 188
114 191
114 192
114 153
114 160
114 122
114 139
114 190
114 134
114 149
114 148
114 128
114 172
114 189
114 156
114 141
114 138
114 154
114 135
114 181
114 143
114 159
114 177
114 146
114 155
114 180
114 184
114 145
114 120
114 117
114 131
114 161
114 130
114 178
114 171
114 179
114 152
114 186
114 168
114 166
115 116
115 118
115 119
115 121
115 123
115 132
115 144
115 150
115 164
115 169
115 173
115 175
115 176
115 182
115 185
115 187
115 191
115 140
115 162
115 136
115 170
115 147
115 129
115 183
115 157
115 188
115 124
115 126
115 125
115 158
115 133
115 167
115 151
115 192
115 153
115 160
115 122
115 139
115 190
115 134
115 149
115 148
115 128
115 172
115 189
115 156
115 141
115 138
115 154
115 135
115 181
115 143
115 159
115 177
115 146
115 155
115 180
115 184
115 145
115 120
115 117
115 131
115 161
115 130
115 178
115 171
115 179
115 152
115 186
115 168
115 166
115 127
115 163
115 174
115 137
115 165
116 182
116 175
116 123
116 173
116 142
116 144
116 164
116 119
116 150
116 121
116 185
116 132
116 191
116 169
116 118
116 187
116 176
116 140
116 162
116 136
116 170
116 147
116 129
116 183
116 157
116 188
116 124
116 126
116 125
116 158
116 133
116 167
116 151
116 192
116 153
116 160
116 122
116 139
116 190
116 134
116 149
116 148
116 128
116 172
116 189
116 156
116 141
116 138
116 154
116 135
116 181
116 143
116 159
116 177
116 146
116 155
116 180
116 184
116 145
116 120
116 117
116 131
116 161
116 130
116 178
116 171
116 179
116 152
116 186
116 168
116 166
116 127
116 163
116 174
117 120
117 123
117 124
117 125
117 126
117 128
117 129
117 133
117 135
117 138
117 139
117 143
117 144
117 145
117 146
117 148
117 151
117 155
117 157
117 158
117 159
117 160
117 162
117 164
117 167
117 169
117 172
117 176
117 177
117 180
117 182
117 184
117 185
117 188
117 189
117 190
117 191
117 192
117 131
117 161
117 130
117 178
117 171
117 179
117 152
117 186
117 168
117 166
117 127
118 119
118 121
118 123
118 132
118 144
118 150
118 164
118 169
118 173
118 175
118 182
118 185
118 191
118 187
118 176
118 140
118 162
118 136
118 170
118 147
118 129
118 183
118 157
118 188
118 124
118 126
118 125
118 158
118 133
118 167
118 151
118 192
118 153
118 160
118 122
118 139
118 190
118 134
118 149
118 148
118 128
118 172
118 189
118 156
118 141
118 138
118 154
119 123
119 142
119 144
119 164
119 173
119 175
119 182
119 150
119 121
119 185
119 132
119 191
119 169
119 187
119 176
119 140
119 162
119 136
119 170
119 147
119 129
119 183
119 157
119 188
119 124
119 126
119 125
119 158
119 133
119 167
119 151
119 192
119 153
119 160
120 123
120 124
120 125
120 126
120 128
120 129
120 133
120 135
120 138
120 139
120 143
120 144
120 145
120 146
120 148
120 151
120 155
120 157
120 158
120 159
120 160
120 162
120 164
120 167
120 169
120 172
120 176
120 177
120 180
120 182
120 184
120 185
120 188
120 189
120 190
120 191
120 192
120 131
120 161
120 130
120 178
120 171
121 123
121 142
121 144
121 150
121 164
121 173
121 175
121 182
121 185
121 132
121 191
121 169
121 187
121 176
121 140
121 162
121 136
121 170
121 147
121 129
121 183
121 157
121 188
121 124
121 126
121 125
121 158
121 133
121 167
121 151
121 192
121 153
121 160
121 122
121 139
121 190
121 134
121 149
121 148
121 128
121 172
121 189
121 156
122 123
122 124
122 125
122 126
122 129
122 133
122 140
122 144
122 151
122 153
122 157
122 158
122 160
122 162
122 164
122 167
122 169
122 170
122 173
122 175
122 176
122 182
122 185
122 188
122 191
122 192
122 139
122 190
122 134
122 149
122 148
122 128
122 172
122 189
122 156
122 141
122 138
122 154
122 135
122 181
122 143
122 159
122 177
123 175
123 182
123 173
123 142
123 144
123 164
123 150
123 185
123 132
123 191
123 169
123 187
123 176
123 140
123 162
123 136
123 170
123 147
123 129
123 183
123 157
123 188
123 124
123 126
123 125
123 158
123 133
123 167
123 151
123 192
123 153
123 160
123 139
123 190
123 134
123 149
123 148
123 128
123 172
123 189
123 156
123 141
123 138
123 154
123 135
123 181
123 143
123 159
123 177
123 146
123 155
123 180
123 184
123 145
123 131
123 161
123 130
124 129
124 132
124 136
124 140
124 144
124 157
124 162
124 164
124 169
124 170
124 173
124 175
124 176
124 182
124 183
124 185
124 187
124 188
124 191
124 126
124 125
124 158
124 133
124 167
124 151
124 192
124 153
124 160
124 139
124 190
124 134
124 149
124 148
124 128
124 172
124 189
124 156
124 141
124 138
124 154
124 135
124 181
124 143
124 159
124 177
124 146
124 155
124 180
124 184
124 145
124 131
124 161
124 130
124 178
124 171
124 179
124 152
124 186
124 168
124 166
124 127
124 163
124 174
124 137
124 165
125 126
125 129
125 132
125 140
125 144
125 157
125 162
125 164
125 169
125 170
125 173
125 175
125 176
125 182
125 183
125 185
125 188
125 191
125 158
125 133
125 167
125 151
125 192
125 153
125 160
125 139
125 190
125 134
125 149
125 148
125 128
125 172
125 189
125 156
125 141
125 138
125 154
125 135
125 181
125 143
125 159
125 177
125 146
125 155
125 180
125 184
125 145
125 131
125 161
125 130
125 178
125 171
125 179
125 152
125 186
126 129
126 132
126 136
126 140
126 144
126 157
126 162
126 164
126 169
126 170
126 173
126 175
126 176
126 182
126 183
126 185
126 187
126 188
126 191
126 158
126 133
126 167
126 151
126 192
126 153
126 160
126 139
126 190
126 134
126 149
126 148
126 128
126 172
126 189
126 156
126 141
126 138
126 154
126 135
126 181
126 143
126 159
126 177
126 146
126 155
126 180
126 184
126 145
126 131
126 161
126 130
126 178
126 171
126 179
126 152
126 186
127 128
127 130
127 133
127 138
127 139
127 143
127 144
127 148
127 152
127 159
127 160
127 166
127 168
127 169
127 176
127 178
127 179
127 182
127 185
127 186
127 188
127 189
127 190
127 191
127 163
128 129
128 133
128 134
128 139
128 144
128 148
128 149
128 151
128 153
128 157
128 158
128 160
128 162
128 164
128 167
128 169
128 170
128 173
128 175
128 176
128 182
128 185
128 188
128 190
128 191
128 192
128 172
128 189
128 156
128 141
128 138
128 154
128 135
128 181
128 143
128 159
128 177
128 146
128 155
128 180
128 184
128 145
128 131
128 161
128 130
128 178
128 171
128 179
128 152
128 186
128 168
128 166
128 163
128 174
129 132
129 136
129 140
129 144
129 147
129 150
129 162
129 164
129 169
129 170
129 173
129 175
129 176
129 182
129 185
129 187
129 191
129 183
129 157
129 188
129 158
129 133
129 167
129 151
129 192
129 153
129 160
129 139
129 190
129 134
129 149
129 148
129 172
129 189
129 156
129 141
129 138
129 154
129 135
129 181
129 143
129 159
129 177
129 146
129 155
129 180
129 184
129 145
129 131
129 161
129 130
129 178
129 171
129 179
129 152
129 186
129 168
129 166
130 131
130 133
130 135
130 138
130 139
130 143
130 144
130 146
130 148
130 158
130 159
130 160
130 161
130 162
130 169
130 172
130 176
130 180
130 182
130 184
130 185
130 188
130 189
130 190
130 191
130 178
130 171
130 179
130 152
130 186
130 168
130 166
130 163
130 174
130 137
130 165
131 133
131 135
131 138
131 139
131 143
131 144
131 145
131 146
131 148
131 151
131 155
131 157
131 158
131 159
131 160
131 162
131 164
131 167
131 169
131 172
131 176
131 177
131 180
131 182
131 184
131 185
131 188
131 189
131 190
131 191
131 192
131 161
131 178
132 144
132 150
132 164
132 173
132 175
132 182
132 185
132 191
132 169
132 187
132 176
132 140
132 162
132 136
132 170
132 147
132 183
132 157
132 188
132 158
132 133
133 140
133 144
133 157
133 158
133 162
133 164
133 169
133 170
133 173
133 175
133 176
133 182
133 183
133 185
133 188
133 191
133 167
133 151
133 192
133 153
133 160
133 139
133 190
133 134
133 149
133 148
133 172
133 189
133 156
133 141
133 138
133 154
133 135
133 181
133 143
133 159
133 177
133 146
133 155
133 180
133 184
133 145
133 161
133 178
133 171
133 179
133 152
133 186
133 168
133 166
133 163
133 174
133 137
133 165
134 139
134 140
134 144
134 151
134 153
134 157
134 158
134 160
134 162
134 164
134 167
134 169
134 170
134 173
134 175
134 176
134 182
134 185
134 188
134 190
134 191
134 192
134 149
134 148
135 138
135 139
135 144
135 148
135 149
135 151
135 153
135 154
135 156
135 157
135 158
135 160
135 162
135 164
135 167
135 169
135 172
135 176
135 182
135 185
135 188
135 189
135 190
135 191
135 192
135 181
135 143
135 159
135 177
135 146
135 155
135 180
135 184
135 145
135 161
135 178
135 171
135 179
136 140
136 144
136 150
136 162
136 164
136 169
136 173
136 175
136 176
136 182
136 185
136 187
136 191
136 170
136 147
136 183
136 157
136 188
137 138
137 143
137 148
137 152
137 168
137 169
137 174
137 179
137 182
137 185
137 190
137 191
137 165
138 139
138 141
138 144
138 148
138 149
138 151
138 153
138 156
138 157
138 158
138 160
138 162
138 164
138 167
138 169
138 172
138 176
138 182
138 185
138 188
138 189
138 190
138 191
138 192
138 154
138 181
138 143
138 159
138 177
138 146
138 155
138 180
138 184
138 145
138 161
138 178
138 171
138 179
138 152
138 186
138 168
138 166
138 163
138 174
138 165
139 140
139 144
139 151
139 153
139 157
139 158
139 160
139 162
139 164
139 167
139 169
139 170
139 173
139 175
139 176
139 182
139 185
139 188
139 191
139 192
139 190
139 149
139 148
139 172
139 189
139 156
139 141
139 154
139 181
139 143
139 159
139 177
139 146
139 155
139 180
139 184
139 145
139 161
139 178
139 171
139 179
139 152
139 186
139 168
139 166
140 144
140 150
140 164
140 169
140 173
140 175
140 176
140 182
140 185
140 187
140 191
140 162
140 170
140 147
140 183
140 157
140 188
140 158
140 167
140 151
140 192
140 153
140 160
140 190
141 144
141 148
141 149
141 151
141 153
141 156
141 157
141 158
141 160
141 162
141 164
141 167
141 169
141 172
141 176
141 182
141 185
141 188
141 189
141 190
141 191
141 192
141 154
142 173
142 175
142 182
142 144
142 164
142 150
142 185
143 144
143 148
143 149
143 151
143 154
143 156
143 157
143 158
143 160
143 162
143 164
143 167
143 169
143 172
143 176
143 181
143 182
143 185
143 188
143 189
143 190
143 191
143 192
143 159
143 177
143 146
143 155
143 180
143 184
143 145
143 161
143 178
143 171
143 179
143 152
143 186
143 168
143 166
143 163
143 174
143 165
144 173
144 175
144 182
144 164
144 150
144 185
144 191
144 169
144 187
144 176
144 162
144 170
144 147
144 183
144 157
144 188
144 158
144 167
144 151
144 192
144 153
144 160
144 190
144 149
144 148
144 172
144 189
144 156
144 154
144 181
144 159
144 177
144 146
144 155
144 180
144 184
144 145
144 161
144 178
144 171
144 179
144 152
144 186
144 168
144 166
145 146
145 148
145 151
145 155
145 157
145 158
145 159
145 160
145 162
145 164
145 167
145 169
145 172
145 176
145 177
145 180
145 182
145 184
145 185
145 188
145 189
145 190
145 191
145 192
146 148
146 149
146 151
146 154
146 157
146 158
146 159
146 160
146 162
146 164
146 167
146 169
146 172
146 176
146 177
146 181
146 182
146 185
146 188
146 189
146 190
146 191
146 192
146 155
146 180
146 184
146 161
146 178
146 171
147 150
147 162
147 164
147 169
147 170
147 173
147 175
147 176
147 182
147 185
147 187
147 191
147 183
148 149
148 151
148 153
148 157
148 158
148 160
148 162
148 164
148 167
148 169
148 170
148 173
148 175
148 176
148 182
148 185
148 188
148 190
148 191
148 192
148 172
148 189
148 156
148 154
148 181
148 159
148 177
148 155
148 180
148 184
148 161
148 178
148 171
148 179
148 152
148 186
148 168
148 166
148 163
148 174
148 165
149 151
149 153
149 157
149 158
149 160
149 162
149 164
149 167
149 169
149 170
149 173
149 175
149 176
149 182
149 185
149 188
149 190
149 191
149 192
149 172
149 189
149 156
149 154
149 181
149 159
149 177
149 155
149 180
149 184
150 164
150 173
150 175
150 182
150 185
150 191
150 169
150 187
150 176
150 162
150 170
151 157
151 158
151 162
151 164
151 167
151 169
151 170
151 173
151 175
151 176
151 182
151 183
151 185
151 188
151 191
151 192
151 153
151 160
151 190
151 172
151 189
151 156
151 154
151 181
151 159
151 177
151 155
151 180
151 184
151 161
152 158
152 159
152 160
152 169
152 171
152 172
152 176
152 178
152 179
152 182
152 184
152 185
152 188
152 189
152 190
152 191
152 186
152 168
152 166
152 163
152 174
152 165
153 157
153 158
153 162
153 164
153 167
153 169
153 170
153 173
153 175
153 176
153 182
153 183
153 185
153 188
153 191
153 192
153 160
153 190
153 172
153 189
153 156
153 154
154 156
154 157
154 158
154 160
154 162
154 164
154 167
154 169
154 172
154 176
154 182
154 185
154 188
154 189
154 190
154 191
154 192
154 181
154 159
154 177
154 155
154 180
155 157
155 158
155 159
155 160
155 162
155 164
155 167
155 169
155 172
155 176
155 177
155 181
155 182
155 185
155 188
155 189
155 190
155 191
155 192
155 180
155 184
155 161
156 157
156 158
156 160
156 162
156 164
156 167
156 169
156 172
156 176
156 182
156 185
156 188
156 189
156 190
156 191
156 192
156 181
156 159
156 177
157 162
157 164
157 169
157 170
157 173
157 175
157 176
157 182
157 183
157 185
157 187
157 191
157 188
157 158
157 167
157 192
157 160
157 190
157 172
157 189
157 181
157 159
157 177
157 180
157 184
157 161
158 162
158 164
158 169
158 170
158 173
158 175
158 176
158 182
158 183
158 185
158 188
158 191
158 167
158 192
158 160
158 190
158 172
158 189
158 181
158 159
158 177
158 180
158 184
158 161
158 178
158 171
158 179
158 186
158 168
158 166
159 160
159 162
159 164
159 167
159 169
159 172
159 176
159 181
159 182
159 185
159 188
159 189
159 190
159 191
159 192
159 177
159 180
159 184
159 161
159 178
159 171
159 179
159 186
159 168
159 166
159 163
159 174
160 162
160 164
160 167
160 169
160 170
160 173
160 175
160 176
160 182
160 185
160 188
160 191
160 192
160 190
160 172
160 189
160 181
160 177
160 180
160 184
160 161
160 178
160 171
160 179
160 186
160 168
160 166
160 163
160 174
161 162
161 167
161 169
161 172
161 176
161 180
161 182
161 184
161 185
161 188
161 189
161 190
161 191
161 192
161 178
161 171
162 164
162 169
162 173
162 175
162 176
162 182
162 185
162 187
162 191
162 170
162 183
162 188
162 167
162 192
162 190
162 172
162 189
162 181
162 177
162 180
162 184
162 178
162 171
162 179
163 166
163 168
163 169
163 176
163 178
163 179
163 182
163 185
163 186
163 188
163 189
163 190
163 191
164 173
164 175
164 182
164 185
164 191
164 169
164 187
164 176
164 170
164 183
164 188
164 167
164 192
164 190
164 172
164 189
164 181
164 177
164 180
164 184
165 168
165 169
165 174
165 179
165 190
165 191
166 168
166 169
166 172
166 176
166 178
166 179
166 182
166 185
166 186
166 188
166 189
166 190
166 191
166 174
167 169
167 170
167 173
167 175
167 176
167 182
167 183
167 185
167 188
167 191
167 192
167 190
167 172
167 189
167 181
167 177
167 180
167 184
168 169
168 172
168 176
168 178
168 179
168 182
168 185
168 186
168 188
168 189
168 190
168 191
168 174
169 173
169 175
169 182
169 185
169 191
169 187
169 176
169 170
169 183
169 188
169 192
169 190
169 172
169 189
169 181
169 177
169 180
169 184
169 178
169 171
169 179
169 186
169 174
170 173
170 175
170 176
170 182
170 185
170 187
170 191
170 183
170 188
170 192
170 190
171 172
171 176
171 178
171 180
171 182
171 184
171 185
171 188
171 189
171 190
171 191
171 179
171 186
172 176
172 182
172 185
172 188
172 190
172 191
172 192
172 189
172 181
172 177
172 180
172 184
172 178
172 179
172 186
173 175
173 182
173 185
173 191
173 187
173 176
173 183
173 188
173 192
173 190
174 176
174 178
174 179
174 182
174 185
174 186
174 188
174 189
174 190
174 191
175 182
175 185
175 191
175 187
175 176
175 183
175 188
175 192
175 190
176 182
176 185
176 187
176 191
176 183
176 188
176 192
176 190
176 189
176 181
176 177
176 180
176 184
176 178
176 179
176 186
177 181
177 182
177 185
177 188
177 189
177 190
177 191
177 192
177 180
177 184
178 180
178 182
178 184
178 185
178 188
178 189
178 190
178 191
178 179
178 186
179 180
179 182
179 184
179 185
179 188
179 189
179 190
179 191
179 186
180 181
180 182
180 185
180 188
180 189
180 190
180 191
180 192
180 184
181 182
181 185
181 188
181 189
181 190
181 191
181 192
181 184
182 185
182 191
182 187
182 183
182 188
182 192
182 190
182 189
182 184
182 186
183 185
183 187
183 191
183 188
183 192
184 185
184 188
184 189
184 190
184 191
184 192
184 186
185 191
185 187
185 188
185 192
185 190
185 189
185 186
186 188
186 189
186 190
186 191
187 191
187 188
188 191
188 192
188 190
188 189
189 190
189 191
189 192
190 191
190 192
191 192
