34
-989719172 -957927720 -510142974
-917248363 919454194 477451189
-895357456 670303273 -603908392
-775100059 813644865 -438981036
-674423623 475115379 670969450
-582748142 -806417053 593110174
-548781089 -904865035 937701894
-520505006 346166347 580658206
-513355720 -296461756 608452398
-481613950 428829524 468560931
-451096720 -327000585 113615179
-409752222 -226196778 -408464454
-334692869 490794085 90801179
-306742585 -62136809 -868998791
-267837368 -587551636 72469322
-201326790 712098105 -447403786
-47433433 -797591481 -79433903
-34090537 472788379 497691006
-20064528 -822200586 -806700685
11577666 741783136 491811117
223397086 236477607 -55856183
343080530 518640189 452005167
370550913 778219496 -615924173
379126204 -487198163 601763770
401877551 794299442 -598990063
532866366 45597672 -186857393
539749295 -184566597 -620464156
555428001 -324412040 831479613
613775155 -163194824 -318802328
666471468 -501224172 -96681069
675196898 -103253147 -380156708
695467859 482423357 -112275272
806316911 918476031 -112664204
935366084 -9116492 229192506
