95
-979914068 57825237 -238683534
-926931619 -81212747 -663041265
-899680432 -225139598 -115204767
-885594721 506591402 789960554
-853836007 550424237 812236044
-848152574 828567966 146998301
-818065055 -578560792 614371482
-813640421 -785559125 550040082
-730408219 -163726028 -172514539
-706913021 -676040245 450333266
-697649960 -417301677 -463653509
-691572088 -883947321 -194208147
-686390812 -384755285 -211276385
-675241064 -716776768 -509473275
-617979107 992947762 -434461967
-607160491 974487862 -253614063
-555628663 848133359 -6444190
-551477204 -96339100 641725315
-519377113 349796080 -123844756
-514893729 -731821806 15497952
-501080438 64634180 918900477
-477124577 -355391555 543222544
-426561315 -374483642 105378824
-415988708 -56709101 -929636610
-406627433 551235140 -773225663
-389348190 -191420372 428373751
-355677903 758115613 -22315489
-348285530 47872861 -641007114
-345660974 340849222 76807580
-335158062 -644339004 -414950978
-323957654 659812379 -447781493
-284692093 -109155285 962186559
-277412747 334755151 -559907590
-247402602 -590853445 533585036
-204232599 -657796044 479670199
-177872357 931723118 -518144883
-149123482 -653441964 735412222
-148069386 -47249990 11718659
-126750828 780277815 -444099475
-113606798 78478838 120677312
-103391339 -572468265 405047537
-93815001 440089499 150363199
-87232462 989177129 -540499848
-82335960 -40879481 -406286033
-80441522 145986533 -319415098
-37524907 -638097223 871462501
-8664758 -404056195 670693001
-3656415 614318166 977645035
3666356 914007625 -141698254
11032707 991583954 668866243
35114457 8487222 315561976
71257440 -390206811 -449984312
120420850 -805224374 -427402502
125889969 772479064 707938547
157333263 -817024901 209366091
179326419 105918057 -278151992
200913332 693166577 869430787
264122066 -247200750 -298865003
320726656 530055813 -962754454
329770701 14980870 231721056
346203191 -963530246 863546263
360427409 460608471 -799435457
381784992 -212543689 385573022
390816537 916221239 487229858
411192217 -686827089 -340876442
434139835 481557574 -844392284
436018957 -58068606 -8801548
446067161 92059131 -336274987
447720128 -211965792 617799072
477107545 -179308744 957988562
500028179 -471849902 -881637831
518621298 -276304391 759477397
543061157 -868546443 -199821250
563395699 -926675946 417234529
568913709 232699806 -427584460
605404092 -135955717 -368867689
646633020 -828066641 100353838
662144239 -118140038 -355428966
696090149 -123046424 -573963924
705549260 838354331 908690528
762288430 -889090902 13333239
812842192 -626722650 142365276
819413335 300074984 -473791136
858216164 -365559192 -333441320
865935149 -329710148 108511777
874168293 -901611231 596098711
892628193 -169456310 -430050264
902929105 -857647607 895076553
927452012 -275217149 566204843
939202369 -732360368 -536059257
954030445 457823667 170062634
955454164 988921480 -338740792
964186038 401639409 -118256687
966660115 -759714867 -576160434
967435623 -521346736 937731879
