985
-999843974 872802336 939492980
-999255041 -320448015 -159069452
-998915403 -600881786 -731812197
-996127629 866198432 -587538586
-992058069 -409992754 -543561641
-988718407 261924895 765191051
-988448633 967962419 -583192411
-986571674 -308926663 809515073
-985963507 568046856 -738227409
-979534576 -893995764 -837983437
-977003048 -4337928 -312716335
-976755398 -20905076 -155218850
-976528603 -513798647 870022093
-976507419 18172283 420842043
-976200991 -270240830 893828761
-973766008 -334554029 -725177750
-972763769 -747496491 -611657210
-971225468 -919381396 -895168958
-969394522 -367363959 4034453
-968882554 639127120 -915686313
-968583819 817341715 -986950341
-966318546 -200885659 -773673774
-966063175 -818154475 417547378
-959859077 316408432 -840746697
-957061182 115778692 -785708406
-954579636 -793532134 -407792383
-950011105 -988587559 -667502534
-949847430 -289568416 142725128
-944261198 -117200117 770910513
-943463564 911904956 -890539449
-942684008 656047143 588173164
-941233331 -848656160 -751816222
-936401009 307204717 129675468
-936028243 -821005641 544584287
-931178434 734965421 -308086827
-930345940 13920806 428919860
-927797795 493713506 -966107816
-927570391 923756931 -462532149
-926590099 -182079640 212086820
-924734367 887396267 549188046
-924420610 179973829 658009348
-923548443 70755392 924431633
-922677288 275640136 -50705313
-919124875 -126956503 -36096958
-918937366 -808364416 -580487422
-918793142 485369876 -886574940
-917850355 -614884609 232518459
-914507807 -147250460 520374827
-911716590 -385392650 -69989142
-909015128 -856259943 882044728
-908681318 963321317 -98661760
-904452289 -477024151 683330413
-903579133 768727728 862365480
-902705737 60624173 5579225
-897229876 632129316 -67249960
-896289856 -607956652 937435199
-894366491 426132385 263817834
-893736198 -658307784 748940419
-893139140 404389648 773060767
-892310654 274405600 412375214
-890367402 -635647827 7424341
-887810036 677308529 381773107
-887291241 -329867978 -152397821
-885084658 729887287 -910269647
-884278565 948519009 550009734
-883471178 764708603 -998154885
-882790161 238563470 -550976934
-881430237 37576394 -89833020
-879590141 -182465295 -174087481
-877346915 -464468206 801069315
-876763227 -359339937 -771215651
-876636806 244584595 36647853
-874380133 -834647927 902742640
-865583585 445338236 444139413
-865064129 89260600 -46532864
-863254614 782892656 -860946005
-862367529 636731185 486638119
-859983620 -850714611 900897524
-859587834 -697638564 -4883654
-857502385 392835074 -956699844
-857011407 -501958555 313141477
-849311177 -705578205 685568804
-846353685 -634739584 672113174
-843096242 161880744 958468494
-842843096 -936028973 -859442483
-840978074 984596501 869002064
-839514698 746232670 -267898333
-837530407 820424546 533059179
-835724188 835118327 -528169625
-835232525 -776880231 -760340007
-832391386 -826412763 -126114283
-831088286 -124052262 -311198489
-830566804 205643572 -780082299
-827912489 -648508319 -213738428
-827078209 -468879173 -432453181
-826786949 -955306006 -84582776
-824266640 -364293467 -451756006
-822480834 447170105 -649084362
-821010478 -288807449 -945840096
-820210934 -79060391 34487641
-818525908 -997058561 -556413152
-813413725 -1336317 -691416000
-811718969 -934995993 477029921
-811621614 188246076 365358394
-809925637 482936466 -185430061
-808416132 -900943463 657325277
-805643838 -799139473 741037181
-799790535 -160174830 -438387303
-799652901 639233730 -182885601
-798138196 -852098142 -536345699
-793012988 346357845 603165372
-786627233 -318615104 -293450461
-786178771 -828489807 -881974152
-783405579 506697244 -491469601
-782036125 587523315 -13375619
-781757928 244772048 -762193023
-779934551 -521838706 891979600
-778720958 -142007760 -539299428
-777876649 -475365645 -232506782
-773572863 736663793 -574988316
-773184324 -113080568 420692578
-772910921 -106727137 428325299
-771942341 -238607635 -142464799
-766993135 169125297 -939056322
-765773201 -455531770 -693014165
-762178834 477141699 -87837821
-760883645 513571931 -558299083
-758413883 347600972 -380271777
-755263500 141962091 -831035921
-753536322 64769679 846285263
-750272884 310928928 -855331040
-748581088 508176463 -983310767
-741469851 -12004071 199035645
-740958792 544316907 -259361220
-738608583 -686072707 -11249939
-735130627 -500192222 -916274718
-733950664 -908523370 709703399
-730453878 334115147 -713126534
-729418228 42202170 -701062137
-725628470 956292156 -630978163
-722784455 655823209 914761204
-721674003 -243044889 863418137
-717662285 791131063 -857795495
-710982654 172472056 -717751371
-709833654 86285635 169986192
-707202202 -678248677 174122423
-706953131 367394533 -125331924
-705714507 -191168067 -941520777
-703908794 -448857363 -427454770
-702969639 -296496312 -116887274
-702860732 54487347 -124815441
-701111197 66264929 -494353762
-686823699 -272489618 -856281980
-681235408 -826395113 -290872906
-680636444 227371032 -259091780
-679204306 855935565 -407064070
-675571523 835152435 335660046
-672058510 -189216055 -30404402
-670670002 77887253 834459019
-670342668 743259505 -317571003
-669028917 -733456320 -979609301
-667330474 965493940 -547452680
-662095432 116522604 -905588962
-659998358 -925943736 328812780
-659214755 95852262 -461289023
-658050614 406308143 311263606
-654741019 796580021 711639100
-653233707 603205148 501475108
-650370367 870277513 993152734
-649800606 771070318 569115380
-647898288 -761777909 476804588
-647732273 104601120 29210102
-646824361 186687496 481084409
-645489578 822253223 540605413
-644869730 361261456 474704342
-644816302 235235159 -852008193
-641995293 964754476 -509500875
-641791554 -426006165 -830179197
-629885873 119230710 828966314
-628118017 698497214 973229234
-625809145 285116820 -845160926
-625793318 940950215 -78616254
-625622721 45307053 -306983785
-622027258 560068356 -200243789
-617990300 780923727 -507855176
-617660741 960973040 -385766339
-614781889 75011026 446679404
-612900981 502789769 -454975593
-612796239 -618454134 -690742915
-612700747 860423442 -677675979
-610882476 -796114717 -214732652
-608171006 -106961173 473450171
-604711458 85354765 -609814667
-603958457 -689693746 387873340
-600317514 -722979449 629307807
-599558030 87360543 985511138
-597756990 -718651634 -18694654
-596030328 -24700676 775951672
-595470510 -181422618 941193936
-594737351 224696729 84283399
-593129843 -768803122 676254052
-592779652 931313758 -341018676
-592125641 -191909047 -9315676
-592119704 -901364183 -532256235
-588392409 554435347 -305901935
-585827247 -344399980 -711619289
-583897709 -953355206 29673518
-582969103 699737333 5173187
-582320951 -459282883 486438419
-580955599 996874718 -81853606
-578215524 -808874050 -652813225
-576908133 -260106960 945390120
-576797132 449623675 328919136
-576557481 746213244 -172542906
-575877042 -541327269 927462070
-572340074 -780970822 879443011
-571377787 -574264408 251292054
-569482852 55718111 40538424
-569146056 -745891595 797783576
-568977218 862201587 -77711117
-566831153 -723036472 -606995409
-560751184 804968303 -666854340
-552776292 -400868399 -306648351
-552603542 -256520523 852393457
-549477945 -173069630 593369748
-548707256 -601925732 565547498
-547894394 459719250 -594316410
-547244574 637239597 -186091361
-546313785 231408788 -398898597
-542664151 -592628880 -447168677
-541907441 708404053 767763922
-541042455 -306127286 483394708
-540545574 -317000439 -579095953
-536372043 839186512 -732044258
-532581116 756673345 859479675
-529003677 48224724 915370465
-527929675 872244814 890024960
-527226511 744836548 -144643450
-526812664 415624741 862272153
-525337358 -711645349 45571036
-523659681 -704335373 314269062
-522382485 -966870467 337193637
-521813361 656328809 87592628
-519755196 -92228649 -621122555
-512400263 -595627924 -375333012
-510949131 -436226669 46313319
-510713561 -597997448 477713962
-509487555 480163207 172222163
-509247797 619118267 -511147515
-506791082 948692026 769310439
-506378270 -230282041 184041167
-505283358 89405873 -567857074
-503328877 177115290 857953102
-499817297 414002284 151658849
-499322505 14553436 -318282189
-495261845 300106139 -194836279
-494769932 338604811 807475938
-493042618 -310594063 -188360218
-491828155 248950080 673944887
-491199056 978669529 509495648
-489687586 651801851 -683688764
-487839711 464063925 -961834502
-485487399 -652167728 627598616
-485242852 -178833715 241801961
-484713545 -659490680 651542546
-480820249 309758275 164652387
-480786038 -656677052 356447688
-478561886 83145124 -177565106
-477399818 -390989660 434326023
-475908207 212386357 -160097237
-465215704 -825366838 490707500
-464265834 679939635 846952041
-456393015 -627191399 -493876342
-455970029 532258079 396160524
-454399733 -874640798 212304148
-454309368 67730788 -751094461
-453919029 538206448 -804590506
-450904444 564089527 341471272
-448707305 -917177226 -960287164
-443405357 -36714066 -610130747
-442612444 168806773 -185420483
-437199860 -927249268 355506731
-437183709 221859025 850763772
-435744511 -729317659 -807239204
-431174301 657907091 883745595
-429563959 -88163006 418418993
-426805524 81536342 -856797417
-424697050 2564530 601858232
-421381151 555854402 997351303
-421195996 -940669330 -457725677
-416964959 96850164 378706157
-415872705 -84447820 753333331
-414252720 -186292009 -212721285
-412589533 -947399731 -358155429
-411823348 954431698 -308489449
-411263066 596015465 185945360
-410449930 873153212 869587736
-409389965 -328155902 368859722
-408235868 84035236 -501358012
-406143356 777796447 89652320
-404607990 -382773724 188594058
-402046865 343009737 327313413
-401584508 -711400144 990153566
-400346359 -390930145 -254691342
-399893809 -802272357 -697626396
-399242498 441452539 -453250514
-396963659 -970565093 -364197139
-395511394 578978164 -195791794
-393120274 -469514145 -124279078
-391900037 456129405 -66486117
-390446019 585125315 -951892502
-388479545 376129672 546150542
-381942627 239405007 615614148
-377778322 264378000 548407510
-376759774 -559180491 -56639683
-374884398 78495290 302798840
-372797454 -749178490 243776937
-370816806 564721501 68864661
-368661057 854617296 -87395352
-364583820 177654921 -860847889
-359929139 606570770 -572922083
-359607866 -899080910 -689736946
-354490927 -994926069 20757163
-354109257 250631474 366454106
-353368541 201020234 -476462037
-352068234 864227913 -121329592
-351104222 495747739 366902738
-350960720 164752527 717958324
-350042144 915997509 -877322832
-345920936 -475644762 454673302
-345808304 88879571 966065761
-344839503 73005777 227750626
-342959153 -755332796 290880406
-335145294 -857520231 812414114
-334589433 384282096 -566083861
-334101376 486807980 -400388346
-330761599 -265528938 -295787338
-329651933 767255448 -587790002
-329158196 -58843524 -554488624
-329075477 -27186051 -284042185
-325460157 613915407 -523065514
-323976078 -906854075 249539360
-322963022 289204381 -553855763
-321384366 -916421089 217760751
-321238926 -629668819 425077409
-317275774 -766234296 -335479628
-316044535 -550025155 -184376779
-313752200 -729343259 846532583
-312722435 659280581 -486451912
-312168667 904076637 12867411
-311562399 707515528 -780991005
-309412912 318814282 -900334594
-307303393 -578635411 369598097
-300360881 302666358 264008728
-297784568 -991588885 -433276827
-293220825 743819702 1248245
-291959140 -854028043 -325412003
-285950696 -809849271 -294922276
-279656840 -110369750 -551614493
-273366113 581949013 -279809410
-272579017 -202285460 -512299844
-270471512 -83731738 661720586
-267148002 936537127 -513931271
-265425109 87353073 -651279899
-265326636 -165015698 350592494
-264947545 110089510 223691428
-263347536 934150737 94997412
-261556260 -259175648 484820484
-259683969 -829305996 674132104
-259141092 336432548 -354485231
-258690176 178316290 -224694079
-256685248 -568966202 -625193179
-255813264 -815620294 -2879672
-252815017 -324856500 -987588482
-252496609 -498084193 -840553960
-248636895 753221869 -573414180
-248634291 438586572 24214328
-248077083 -347985241 773428900
-247026795 -780356894 -82585894
-245094188 505080873 -325374444
-242607862 944475435 -247546284
-240559782 778144381 -621300442
-236010652 127762977 -1877022
-235113469 -553940974 -457392715
-233903377 -475258294 677505228
-232098694 54492912 -259957802
-231774872 -558746036 -780746482
-230652304 109855757 -428462842
-229971583 -463487299 518392957
-228553867 172163769 904076329
-224222951 -339003809 822628092
-223288740 -87442610 544627963
-223085430 -638465452 819083442
-220623258 646300791 139693398
-211122554 487465737 -94046650
-210197406 -86698493 280020806
-209528212 -173292644 867122735
-208518799 -137055586 79041244
-205123930 870581256 -79560120
-205067707 -569051428 -665583809
-205056006 -758521946 761627850
-203024573 813019796 963046407
-202868077 236373381 256413153
-201431167 -542185655 375811917
-197185392 -595404992 -484667250
-193582334 708424976 -378065549
-193383681 -144353982 57093057
-192794389 538984593 976392347
-191862815 -598190704 508689182
-190215764 568449312 436291506
-187411601 -336738300 701494571
-187255888 564172047 -277323135
-184437406 -497633647 -785235503
-184248420 515143400 545642776
-181093156 402472968 -820121648
-179076873 379828926 -674317346
-177753213 -318658256 -792655885
-177491206 -697269256 592830047
-173734270 -602423696 -511450282
-167939862 -775854949 -796513994
-167321613 938466543 -183006528
-166133344 -378241109 -228947391
-163401039 614148237 891335476
-158156877 -136338250 765872854
-156645709 416217812 988721509
-154349677 746884647 271350697
-153192736 -105110620 -408825743
-153177561 -803640629 565652822
-149248699 86693914 558528738
-149175735 -307582205 -604108538
-146912991 812685774 -217199022
-145325074 747002991 -612311750
-144855955 -43634750 -251340651
-143696861 560725225 -212523871
-138205173 -690114076 -495444014
-132948904 289066832 16928125
-131040620 117264512 -601033258
-129004825 711548714 477308653
-124667849 854485201 -803698129
-124127560 879699777 -61096835
-120701378 522601535 458399387
-119212322 -804875209 -996924720
-116973523 -883776198 -305492326
-114364683 567561261 808613622
-112396718 717563353 -809756185
-112366841 946931840 -329076742
-112175025 -102556874 498519294
-111697907 -729069463 677579550
-110298398 -611099670 409646879
-107695538 -548903343 -287064837
-101438793 123213755 -525378614
-98656719 381688209 -440383871
-97843706 -758657385 -780819837
-97363711 -615849379 406571599
-96034487 -463939045 -981572512
-94198155 -238377422 -333992235
-90283148 222897509 -630627687
-90132423 373584783 548256906
-88012136 -277153943 908052305
-87322814 -514170563 -659152062
-83058364 -961910163 256360886
-82938902 252273442 656437150
-82568310 86778958 73635520
-79507709 181390378 348436176
-76431437 -8810060 -878332225
-76051562 -378114760 849789287
-71571973 253893644 638009662
-69761327 -509933859 -592372245
-69158053 -883315152 -20936137
-68642514 566866742 -426589131
-66284125 61014424 941736982
-66176916 208414252 297161723
-63266463 587232236 151266870
-59758053 477263072 322626713
-58039611 211983626 499775349
-57616894 -410573335 -406699194
-56912292 -999010381 175493948
-52933385 641950154 301477583
-52902409 577753919 684617052
-50661775 -81791239 92147593
-50279398 -912990987 614236943
-42410528 -261813695 -397916921
-41286500 465985584 359740601
-41029519 504208420 -612544671
-33055031 -870686314 940880724
-26798573 995303591 -708389770
-26590793 -728713251 102307730
-22667827 997283622 -233560205
-21637863 435997722 211961381
-17883540 941039993 -360596859
-17678829 -99632498 -393006822
-13441367 -869643640 -989839864
-6525139 -620334616 152202852
-3916563 -86114754 -390121698
229205 634661254 279662541
1673263 953002879 -780462151
3399857 -557156590 -930720588
7569986 -87141865 -139407378
7940051 -917152077 507570573
9456245 -715919185 -486777255
12269391 857274668 7576468
15391473 302289232 429876272
17599869 985640601 -746400556
24340360 348678399 497410436
25971584 -307800238 361019893
26433049 -798145965 -602301835
31021514 -910898403 -849786269
34448361 975820286 -965938406
35360131 -57476239 428131023
35577312 -4228418 -499572729
42444319 -768044870 -109872407
44355751 335001682 636990986
48381510 204998873 26485127
49452078 -29955962 998254752
51510494 693263302 -753172174
53323832 415858584 392717157
56191499 -385132691 -724028908
58818585 236835167 -371213039
58854349 595494884 848041021
59567510 -107448380 -787233768
60880137 777919536 964586134
62303956 -747019699 775543822
66681316 456972379 738659369
68324733 506081697 -788949966
68775383 683992931 186281105
71815848 -631580104 966331383
75016411 -5275621 528715995
76187871 -278254103 -654057789
77657039 -544451643 935078942
77907385 572026440 -442505856
79844818 -343357373 -881709639
84426118 859033852 315949763
84460448 -562026048 -618643923
84647076 857771178 -840464880
86365067 490917405 -181165224
91320367 -254187440 907240328
94802439 856436925 -870331343
96394544 -147903482 -584975305
98952887 905456650 -369180875
103313414 -339691231 -527107436
105265496 -20423095 972161386
106918171 429126514 572174514
107555395 170501317 -703265667
109247154 340137090 314869362
111987969 892684269 -908463513
115588081 -825698071 812626266
117832736 463508803 -246660262
117882825 -173078132 -610505994
120333305 -94612869 185200704
121768696 -120293677 676511792
125955909 2731784 181807140
132506150 -627686862 -719552827
134856144 783982686 -582667379
134929998 -604801054 613026190
135229889 640619754 379777459
136583116 -326069730 866937779
137848675 -685286071 -811089314
143062199 -368042637 -395293644
146626946 289484884 -140313548
151553712 818721250 -9716548
156017104 761967801 -318262925
156879803 483414225 -487601106
159342724 285887298 422899216
160256019 -178857261 -420760722
160669820 -115973008 -427049169
166486625 272025313 68710885
167166420 989529869 132621436
168599685 -858256500 555961437
171832642 100191564 -609671408
173702928 402337577 968244476
174129345 -584759204 -790975567
174528723 63979186 -857662017
175967292 602344078 -125775638
181059153 424516760 877929698
186518543 -708267 -454654740
187184782 -463349791 629785155
188241905 113165623 569387152
191615893 -935315777 805513477
193373376 -31995228 -254691738
194253590 709981708 -10616177
195802458 249197116 239456563
195838006 -556979704 601142677
197427680 427522831 596489044
197528702 -944647538 -397029721
200031545 -838957573 -884840539
200151699 137817475 361526866
200631323 -863629776 55797416
201933271 -85439038 966703889
204235952 -824063041 33583127
204794603 -536900587 -690354016
204801797 -801228087 -383781397
205773672 690045061 -933586408
208245066 -913519021 -272752674
209186066 -971871169 432440451
211101893 -708226465 -286843060
211827599 493253084 -986751676
216347599 409437878 951254132
217101714 531902082 365720461
218098046 692317498 -623356965
219646543 -412459468 -253546949
221129139 819413579 -20334803
221501184 -824859243 641608147
222658929 -545028085 -250498143
224999754 -969072568 -689770558
226938494 -500363355 -980794275
227188211 -916165975 547224746
232435189 -670174067 -71548793
234075794 466280577 -263746467
237920396 -693191460 -641024690
238159084 -600724428 -346514735
239760424 610831384 170581710
245275398 436436614 -818001845
248483278 -966461202 756588337
248778746 315112974 -282632837
249327667 919054709 903983408
250259247 -138473613 -139647732
253833792 -446948453 -837207571
258185894 -376201024 -790636409
259181450 596489589 788915957
260256037 961139330 167729875
261278350 -362514295 -498623043
265763098 347765375 509307165
270735517 -879568636 38781881
270788004 -292937035 606917802
275212315 67433759 411141538
280394608 390642468 784009794
282168175 897640398 605323757
286402906 -230663828 -821570387
290421361 -270992761 444125372
293644075 119164893 201777946
294806400 -429142784 995093837
299125478 -304027847 -562406118
299459811 -667573514 677052656
299520650 -704532909 934818208
302780630 920299507 -837003935
307363164 -844720762 -611823965
308970151 36312955 26452344
311522902 -788189840 893042863
313344637 -629729949 -670505550
315331856 503928652 984566453
315887798 -234858142 -55949337
316304682 -251649244 824674398
318968035 -883513057 897949026
320469137 969383707 891900569
321200292 489114074 -692486204
321201372 87336159 9232456
321896434 -917413604 661678333
323398099 -899154400 509772990
328631481 16136432 -134551776
328668475 3566357 -585529066
328695688 752514731 -320261995
329900286 -773924076 677111881
331259158 -591892187 -434277674
335922515 795941795 40773826
336268443 -149931346 -483478091
337392424 152033472 -212162563
338274824 -534684084 369598085
341280104 -177048272 556489871
341305440 48142290 379095493
341527099 747816811 6748919
342807031 -957550143 922389213
345827839 382979720 -44872849
348153020 563390693 -123248135
350390321 -324710162 701983613
350920505 -394766434 -558973407
351021959 -454163905 -118384613
351285609 -150951427 -561394759
352234454 -191795335 -911085572
352434123 800471903 -667614473
353524580 895216680 -115463278
355785622 -102534048 502519894
356011506 -578926245 431856323
356321804 -761976521 -833474784
359462726 -855041974 377258377
360352074 -847032910 -992215144
364860221 -9389825 800536282
365843100 -193842336 -9170271
366055419 -376525126 284909829
366625931 -610943 -61346865
366649126 330251940 918870429
368376646 985835975 468150754
368561041 544971564 -893706993
368794764 144640584 782389936
370072603 600025353 506796813
370245602 -486984222 752345212
373729808 668937969 -909107623
377721145 -396603037 -901491850
378262746 -743585195 981853654
379225484 817531276 -484032917
380718818 -410067972 -532564617
380993236 632368411 152239242
388186480 -217251084 -820362278
388735940 854167897 -486297101
389404466 439225065 -590325924
391907915 -493281988 -314954553
392722256 -609927743 645442429
392955772 -489371668 -572707490
395285194 631677918 -577189478
396605373 142545084 -688834074
397628767 782174998 -296808207
397659540 -99762736 129475345
401785221 -482164274 959857128
403360648 121321288 270571281
404080512 -966632187 -868471796
413546740 -866846979 -810511106
415202873 -969454948 -280198731
416111569 792907818 274811680
416831455 714613082 625128852
418496402 -924528164 704235694
423567684 122166181 766678372
423836418 -180800291 -591364658
424550936 744047460 -428380114
425420428 364749720 -504346494
426859989 378551721 744378567
427149385 999028908 -503892909
427889660 314187435 -722892862
428437855 -154276558 -617869008
432424696 -684651488 775852238
437284638 -766788391 -530433113
440162029 -149363189 -129021761
440305091 -761611712 -427128556
442008415 390938338 -384547380
444993663 -452024617 367216895
445342208 -102696404 897947002
448610079 697045587 -624675267
450527311 401346903 -171507123
455020410 -714175242 -880654471
456092802 -580389659 90109756
462793352 -428400090 515816009
464196809 -96628494 -400527505
465608938 715331584 -641074010
468157143 193743483 248367290
470209973 193681277 -482761688
472750786 -774160888 -99636612
476338847 -919544821 232255601
477082700 920036780 -539021011
477566920 611778006 -126957443
478242261 -587371341 688745435
482662273 739824096 -218982141
482952879 -114223302 -857854156
483243374 905753373 -54837020
483564496 194279674 -726429938
486390012 -626363588 329819444
487421619 -727342212 532650569
489887054 -489419698 624907532
490834337 385140996 -955200409
493655862 -562716980 41314462
497354518 339527551 -131159545
500244713 450565150 -340391989
501183181 -754377181 936162098
501334645 669520986 263781733
503311911 642078491 -100831382
504142301 -112493271 923677476
507071317 292817609 -613962051
509545925 74047846 -393657347
511145283 796308540 731131164
513507203 -763973155 274261086
517158760 445402649 878877884
520381683 60273388 344723488
522803382 609638244 737502198
529575748 740089122 71523153
530929512 422474593 338098988
535549444 886408291 -384903849
541600529 -714292264 -554445131
542800181 -938003942 813824723
545062341 -750149233 -314514796
553650682 -922804721 -268243665
556247571 -892821359 -116035013
557169657 382909122 171293784
559720952 -922196310 934946839
562140798 20565020 340761717
571926130 626423 -5745863
572902601 536277858 812441835
574423574 512833876 833194797
575107659 -584373253 319850687
576096858 -984117831 -104793153
576943335 580440133 180429414
577181085 -325779562 126956630
579099475 -601373779 101438461
579279985 -665732213 -564114300
580208196 688293393 723913063
584464097 870905110 245482576
586674748 -537581960 786194914
587894132 -377657735 -892815676
590514302 -682416761 -376556135
590961701 -80913134 890718267
591207986 -813164236 925631889
591384101 -482133618 -109011933
593070473 -667449983 -73245090
597831182 351610643 496487235
598995061 706159179 -210720195
605017926 -902478723 489746189
610285574 -640190999 167075005
618615759 192096703 681272334
618858241 895233255 710292322
621369999 -759628634 -317904519
625705908 -605744504 -133697677
633453880 -996150602 276356738
637510938 -932887786 755640446
643062563 -114071133 -180695746
643617525 237658342 755340571
646549637 165676363 369815088
646602212 127615285 -512923068
646837295 510103652 -734105744
647659970 -408308081 652229250
651039835 449740056 -925931764
653322156 817568645 659522767
654190218 545991695 804981452
654592761 -98518553 399591933
660772793 -987523623 -624127488
661588379 239368626 -681572209
664717132 -826197594 -159781488
665239896 -382826726 -950359120
665789511 -345500962 -970223155
668557171 -537395797 888795580
668675171 -144454738 -947466466
669398016 -64555253 187989263
672827945 -991267715 975572645
673338546 -372130609 -629745922
675566699 149639296 -916185873
676336813 55918573 -347058399
677156478 -53033769 -187883249
677391677 940601279 657144853
681975864 -582683190 530035566
683297817 493398831 -965826754
687399929 922931337 -376835244
688896592 -973399126 -76678828
694710196 29841106 604611318
695600179 -115545703 -657953697
697412617 -456030506 -941399398
697462266 -206062854 -747089322
699393373 -444892761 -160492956
700132952 -779633216 -48330284
700415918 713433851 529929552
701152944 -686046958 -598544251
701833041 588542360 -277124887
705366838 653424154 -194666202
706374051 567386358 -671495040
710242649 -702176823 -393391620
712213711 942132367 -203155569
715043287 -883816618 -619171190
715996731 -429443627 -253266804
716034536 -664733019 -924405719
717871910 -355232730 767101336
718300048 404464634 845174715
723151874 188756926 -149100742
723740199 -783479337 -654722554
724504508 -264261918 352719169
726359314 -683403193 -38232462
732080505 -605769015 516669755
732254493 481321821 -755709123
734259792 -285959301 548433015
736142425 -392893812 -28109641
736508438 -655122178 -784965658
736607149 -452706127 441075474
739149752 589813739 -522810459
741460138 -870304480 703258300
742596709 -475310971 -879008900
743516292 50214778 869756896
744390709 418008072 -911643695
747669961 -22411684 515422004
749393149 850010955 -813411456
752979852 666649734 876700224
756736033 -786882112 -678676119
756748279 -720224470 116465946
764329368 -822354842 300387661
764830940 676899941 -254486929
766744280 -843361485 399510682
767052951 326121825 -381934419
768010972 -551483754 -4525154
768432717 -231659800 430630765
769036608 547284814 -342843234
771031478 760450188 884088679
771774011 11069349 -568522964
772958666 -55498338 118774623
773782986 874359099 109306884
781606890 -117781619 540690820
781983979 764519388 -416298983
783454461 -322503410 685963965
784210940 -195568735 719263941
790418617 579308531 -508758697
793160980 804916228 -454784026
794758632 -162970355 153070252
797505651 -585733075 28807199
798321735 -631760478 835175263
798855770 19640897 -940235734
799510136 -634102448 426441352
800680232 827572147 -956236633
800963792 778267412 488116379
803127633 -56263106 251474246
805979908 -673676925 -626199699
806532005 -653341509 707177411
808916898 -524683421 552522065
809794867 636012021 -57099595
817019375 -232011720 -901596006
817409965 335137026 344993103
817578374 -44481953 872002148
824074835 -347270108 492757799
825599948 -458749498 516459054
831321227 -239376481 -945359374
832125128 -383767824 856876724
837832597 -667587646 -379472098
838867528 -92797398 118957497
842745114 421998721 809281643
844167346 386305137 -497881439
845437303 759484451 -86023682
845755638 675446619 -477876092
846692495 641395811 773964394
847605212 38920772 937279495
849033041 746191187 9360763
849660630 -251428004 397517265
850916166 466742621 -532516718
852726154 570842696 917087671
855600802 -490785042 316751593
857470420 -426406431 890403267
857749713 604576876 588235622
860216107 -233994587 965364721
860403541 -20286121 3111352
861024339 -670931100 -205372316
861880631 322983820 -883561128
863289398 -912564569 650956127
867342000 -346315973 -43996042
867720688 -319542004 605594088
870659940 -724876835 -672855598
874430451 750610355 -800648799
875473489 -98926153 -665795466
876521559 -76078950 65600692
879980265 264001572 -982641535
890847865 -519561455 -638220319
892931527 648393594 196239849
895701639 -98007442 539576851
895982141 -227568474 -50838180
896081795 459891673 -633597661
899894705 -732900585 405775723
900482304 520148109 590645762
900728195 362410376 212432448
904256284 185098815 -250189382
907294678 -198175011 -967802196
907582514 92991945 -659824969
911453448 702325543 573287296
911516881 132562229 -149347233
914068364 174154216 553570769
916191425 -84657848 -507379046
916324195 275251640 391013212
919709522 179934458 206884957
921194541 741004603 444877044
921284699 176621407 962925008
921865030 -687500520 280188506
921958892 -248846653 -358797406
923453307 -230786538 174687152
925178189 -504703347 104702013
935967643 869706350 -610362288
938737869 623016441 -570464261
942014062 120340844 87631825
942295714 221961794 -317933802
942715735 -755923332 713688801
946380901 -628659560 182752755
947007277 431473878 -15341305
947864781 914271942 124706818
950147564 619710445 401877692
951000724 -149617614 72486207
954475875 719716397 -991934397
958023404 908573565 879956683
960620983 579222141 -264930894
960865406 676284387 -27658047
969806618 596002953 984854383
971019055 -176532913 325999405
971961862 947372824 -833732119
973257788 672289172 552316351
973657751 660900546 987683259
975791829 -257410076 -139852436
976466804 -608506706 924121713
976827369 -496386356 93781675
981841218 -701593024 544250748
981875265 -630193200 -892273424
984231402 87857928 -874921542
985273102 80789197 -48220241
985920769 49800328 108927293
986561956 790707022 -781748658
988794398 475485835 941458695
989587398 -270807532 -427237892
993159071 -877321572 -35903499
996578288 722612517 -751220272
996610655 599235262 -705870371
999928648 -505873854 -152322980
