100 19
8 14 12 0 9 13 19 15 17 18 17 17 6 0 14 20 8 6 5 10 5 14 4 3 17 10 20 9 16 18 17 4 13 13 15 1 14 20 13 16 19 18 9 11 18 18 5 7 16 1 13 0 5 14 19 18 2 14 0 6 8 13 17 16 13 12 6 19 17 15 19 15 18 14 14 17 11 16 0 5 9 15 16 3 19 10 19 13 13 4 15 8 10 4 10 15 16 16 10 15
8 7 7 3 0 14 3 10 7 19 17 16 8 12 12 10 3 0 19 4 14 8 0 14 20 9 7 16 6 2 10 20 16 20 1 6 6 1 20 1 13 3 0 10 13 7 14 4 4 17 17 7 11 12 1 15 1 5 20 9 5 19 11 3 0 13 13 6 6 13 15 16 2 9 20 8 19 20 14 15 18 15 5 18 0 6 12 10 11 13 2 13 9 19 2 14 8 17 0 5
15 10 3 2 4 18 20 5 18 1 17 12 0 8 12 8 15 4 8 17 16 0 20 17 11 10 10 1 0 10 7 5 13 11 16 12 1 18 18 5 6 20 12 8 12 19 4 7 12 7 7 7 11 5 14 1 12 3 8 10 14 1 2 8 20 20 13 0 6 0 16 7 8 3 20 3 10 3 15 20 13 9 18 20 2 19 9 14 2 19 11 19 16 16 8 8 8 18 0 6
4 6 10 18 14 13 17 13 20 10 18 11 12 4 0 9 11 18 12 1 8 15 11 9 16 20 16 20 0 6 3 17 20 1 4 0 5 12 14 3 1 11 2 16 12 9 11 8 16 8 1 16 0 5 18 11 7 2 5 9 16 11 13 7 17 20 6 12 16 15 14 16 11 20 14 17 0 16 9 14 8 8 9 4 14 12 12 6 15 10 12 11 0 5 4 17 17 7 15 16
17 17 9 6 19 5 3 5 9 2 5 19 9 16 6 14 5 3 12 1 14 5 4 11 3 11 18 9 1 0 6 1 20 12 17 1 0 15 11 20 15 0 12 15 19 0 1 6 8 2 7 2 13 3 9 19 4 3 1 20 18 13 11 13 4 2 1 1 18 6 3 10 4 18 14 1 7 19 5 20 12 8 4 13 7 8 9 11 17 10 0 20 5 10 4 16 20 1 5 17
0 9 12 16 16 12 14 13 3 9 17 12 16 1 16 4 14 2 14 9 14 17 5 3 8 2 6 16 3 8 17 18 7 17 10 16 8 14 20 16 16 6 8 9 12 19 3 13 14 7 7 3 19 8 6 10 8 3 11 6 16 4 15 14 15 6 15 2 12 0 19 5 11 14 2 17 18 9 9 8 12 11 20 2 20 20 16 10 8 19 3 15 6 10 18 11 13 5 6 10
13 6 19 17 6 4 19 20 10 15 20 3 4 10 5 13 5 12 5 11 6 12 15 10 0 6 17 9 16 4 4 5 14 19 19 13 5 18 1 19 0 19 10 8 2 0 18 1 7 8 2 7 8 18 0 14 2 11 5 7 6 3 15 14 12 14 0 11 18 17 14 11 9 9 1 0 12 19 5 2 13 0 14 8 17 6 0 13 8 17 5 9 13 7 5 13 1 11 20 16
0 10 16 11 6 1 4 8 15 17 4 10 1 16 18 7 13 3 13 20 14 10 12 14 15 15 17 17 5 20 19 15 2 12 2 15 12 17 0 2 2 16 9 9 19 15 2 7 9 6 4 11 6 18 7 14 11 17 4 4 17 20 18 9 5 15 5 15 10 16 17 10 18 20 10 11 4 14 9 3 0 16 20 11 0 6 7 15 10 3 11 19 15 0 17 2 15 7 3 10
17 18 16 3 11 13 13 18 1 2 16 12 1 1 8 12 0 0 1 15 18 14 15 1 0 2 13 10 12 6 20 9 12 0 0 9 20 7 20 11 6 2 15 7 12 19 3 7 16 12 9 5 17 3 5 11 20 16 11 16 11 3 8 17 18 4 2 12 20 13 15 16 14 7 15 0 17 18 16 1 5 11 14 8 16 5 20 13 20 17 15 3 10 19 0 16 9 9 15 19
6 10 13 1 10 8 7 2 11 8 8 16 16 20 8 13 11 5 11 19 0 4 15 19 10 0 1 2 7 11 16 1 20 1 1 11 18 10 5 10 13 9 12 17 16 14 20 19 3 7 1 7 4 13 12 13 14 2 0 16 11 13 20 5 1 18 8 20 17 12 8 10 4 2 9 17 11 14 11 11 1 18 1 17 14 2 6 5 15 20 7 4 13 6 17 16 12 10 8 0
11 0 18 14 1 11 1 19 2 11 7 7 15 8 11 13 15 3 3 14 13 16 12 11 19 17 0 9 14 10 1 1 17 6 15 17 12 17 7 16 6 5 4 9 3 13 1 0 19 1 3 6 17 6 20 8 16 10 2 11 20 7 18 14 14 9 17 14 13 9 7 18 14 16 1 13 14 1 14 17 5 14 17 12 16 2 2 20 9 14 6 10 1 6 9 20 0 15 3 20
16 20 1 5 0 11 7 15 10 12 20 6 12 12 4 13 8 3 13 18 11 15 13 13 3 15 10 17 5 4 11 6 18 14 10 17 5 1 19 12 1 17 20 5 10 4 2 17 11 20 18 11 18 4 15 18 6 12 11 0 6 5 14 0 6 5 11 2 2 19 18 12 18 19 11 7 10 8 12 3 6 20 13 13 20 11 17 17 10 3 20 8 8 15 9 1 17 5 4 10
12 0 7 5 3 8 9 19 14 7 7 7 12 16 5 11 7 15 20 3 1 18 4 12 1 3 19 9 8 7 1 13 18 20 7 0 3 14 10 15 8 9 11 10 13 7 14 13 20 6 3 1 7 8 14 1 15 11 6 7 20 0 13 0 0 2 11 7 2 17 20 14 18 2 13 1 3 13 4 3 8 6 20 16 2 12 18 15 10 5 7 16 1 13 2 11 11 12 14 4
15 9 20 13 6 18 19 2 13 9 16 3 10 17 0 9 8 18 18 19 17 15 12 5 7 5 9 8 0 2 7 12 12 5 8 14 3 5 2 1 20 19 18 1 17 11 17 1 18 4 3 14 7 11 6 11 9 19 3 5 0 9 18 1 10 17 2 6 0 16 13 10 8 11 16 15 17 9 14 5 6 19 12 16 15 19 8 1 11 5 20 13 8 3 20 5 19 1 15 1
19 7 2 1 10 3 2 14 18 15 7 6 18 14 19 12 8 9 11 5 1 18 9 19 20 15 18 18 12 5 15 2 10 1 9 5 11 7 2 3 16 4 19 7 14 4 3 16 18 20 4 8 11 9 6 11 6 14 4 19 1 17 18 10 16 3 7 3 6 16 9 16 12 7 8 12 18 13 15 14 6 16 2 6 5 3 16 11 7 20 20 9 18 16 18 3 3 7 1 9
15 1 20 18 4 8 3 19 18 20 11 17 14 11 2 20 13 15 16 15 12 16 2 0 1 2 4 10 10 20 0 16 1 8 20 17 9 19 0 3 10 4 18 2 12 18 18 0 12 13 20 19 5 19 0 20 17 20 2 17 9 1 4 20 5 6 7 20 6 7 6 13 17 4 8 10 10 11 20 2 12 17 13 1 19 12 9 2 1 3 0 1 3 20 17 1 8 20 13 10
5 0 13 1 12 12 0 20 2 15 6 6 14 19 7 13 11 20 18 16 0 3 19 8 8 19 8 2 20 6 14 6 5 16 7 8 0 15 6 13 12 17 12 7 20 4 16 6 13 12 5 18 3 4 19 20 8 18 4 2 17 8 20 14 4 11 8 8 10 6 12 1 0 15 13 15 6 18 9 20 6 16 5 6 9 13 16 2 11 9 5 19 8 9 12 12 2 0 10 2
18 5 17 4 5 12 16 5 6 8 19 15 6 19 18 0 7 16 5 15 1 15 14 17 19 17 0 12 13 19 15 9 7 6 1 6 3 4 20 13 1 0 12 9 6 6 2 16 4 15 13 6 19 6 16 16 0 15 8 17 14 0 14 7 13 2 9 11 15 12 6 19 10 5 0 18 7 20 13 13 10 17 14 6 17 3 4 15 15 11 15 5 10 7 12 6 0 17 13 11
15 5 3 3 9 0 11 9 20 0 1 0 5 10 17 6 16 19 20 14 11 3 19 18 17 5 0 14 3 2 12 18 13 19 8 4 0 0 13 5 9 6 20 17 17 3 20 0 3 19 10 4 11 7 13 19 10 2 0 14 17 17 16 20 16 19 6 15 8 19 20 8 16 5 8 8 1 10 18 13 9 11 17 11 7 9 17 15 14 2 16 16 19 19 17 11 10 5 13 18
