100 4357304816
4357304816 -4357304816 15 1330093761 61
965261297 -2732868247 95 1247351562 97
13286102111 -2484377022 91 824473325 58
7156978042 1006269731 31 1120443891 40
9990652790 -13740338410 68 -424830173 88
16175887196 -15156706618 79 -1618543279 98
8979502044 -10327590631 47 -691036482 25
1058708391 27521925 64 165227163 46
-4257418918 10324230915 86 624665306 11
10323774016 -10881955020 30 -96818816 99
-3632753612 13929249229 14 -55587416 22
-3115609419 5697780089 77 -634076201 68
11854356210 -1739054134 37 996351426 41
10296495617 -3686279856 87 -1665107316 60
0 10749995125 43 117028390 71
-2874576032 11151997965 40 -923396723 48
3758834738 5471316045 89 -974785358 36
11048000893 -14001379098 94 -1318716273 50
5460497030 2237527068 75 -1907998415 80
-879396686 8285852264 85 -1995179346 16
8826566028 152936016 7 1923429097 43
-3688341028 9148838058 19 1920734078 95
10823027230 -2910040684 70 -2038129957 72
-2106532363 11672354980 88 -75328550 56
8288465562 3786477472 38 -1678249801 87
-3280079559 12111162330 74 -1093595412 49
8734865025 -3995983286 90 2101137524 73
10923822872 -600048856 10 -1944320828 7
4022392015 -7419663085 76 1059002247 52
-558181004 -1676169386 62 -789907583 47
8163247773 -8163247773 101 1041065336 39
1192913226 -4067489258 16 -2072309912 20
5828492495 -10085911413 9 238319502 86
9986047908 4124527528 58 310447709 14
9884142130 -11596768425 63 1163858763 18
2784049380 6042516648 21 -1764868802 79
10115302076 -12297162989 56 686423013 91
12074943034 -13214034835 69 -1630277186 42
9204313109 -8011399883 32 -469448084 27
8277421933 -4724923318 80 -1549142560 96
12850707636 639808662 100 435394475 3
10444665848 -4616173353 33 -1907470029 67
10749995125 -1545682016 39 -782192277 81
9352925771 -4911122237 78 -770825892 92
9341251190 1706749703 18 649401600 5
1223935554 3857458708 52 -137705238 64
-1348088587 9979476888 60 -2049182483 76
-3797972755 -575702216 49 115735010 84
-4373674971 16228031181 13 2139324581 62
9729284620 1711263574 82 -898201849 74
-846199013 -2842142015 22 1904907404 8
5081394262 3924191317 83 -2084148427 66
15463402634 -2177300523 3 712484562 6
-847298929 9582163954 27 -2106079276 94
-39125475 -3240954084 26 1232038701 32
-2181860913 75328550 24 1335661900 51
-123472230 1182180621 8 1088733527 2
14110575436 -3274572887 73 2010478997 93
8138321032 -1410041659 96 1214604739 44
8631388301 1097896319 50 1692385715 10
5687398577 -9485371332 48 1469579465 4
-2234350390 1354953704 20 521724095 63
-1712626295 -1920127317 11 1673500820 55
1086230316 8904422474 5 -1644411320 30
10605319073 217708157 23 -1375168290 89
2997245835 6886896295 35 -415075165 77
8537195819 7638691377 6 1448852089 34
-3749685620 7772077635 29 469606061 26
-1139091801 13989799437 41 -1976517618 12
7912986546 -8760285475 54 -214962448 75
117028390 9224222800 45 -964327319 54
8784897273 -8667868883 71 1330404803 37
10836002549 -2051105276 72 1018353661 13
8831082771 5726261146 98 1774236302 65
7698024098 839171721 67 1128541930 21
-3397271070 14321093942 28 -860147848 9
2582170670 -6264408415 84 1176664068 17
4441803534 -4480929009 55 -419411519 29
1019180578 4668217999 61 -1019180578 15
3552498615 11910904019 53 1186383124 90
9967802848 -2810824806 4 -962217269 83
11440548194 -8443302359 66 -1556406064 35
9005585579 -867264547 59 -1599130001 85
-3682237745 13668285653 34 1575705382 24
7406455578 -4622406198 36 731865454 59
6066811997 -6913011010 51 -1625008463 78
6610215761 -4397602902 97 -1149718731 19
9565822617 661132583 99 1257204613 23
9230150783 737652065 81 -1317164237 70
4738881739 4614044032 44 1089610756 33
10801725089 -9836463792 2 122097783 28
8582099879 -7358164325 46 759151311 45
16121054433 -12362219695 17 -657651799 53
-2953378205 2829905975 57 1814286404 69
-1767606950 10349706829 92 1644134720 57
6728279373 3877039700 65 1434968400 31
2212612859 13908441574 93 2144691957 1
14557343917 -6268878355 25 -1066827619 100
10226955200 -13342564619 12 1213592994 82
13490516298 -3045850450 42 -1415573264 38
