100 -3629900833
-3629900833 -2343767479 89 1151795679 32
2392146176 -2725249025 27 -995092644 9
-4380803093 2909701457 41 -1400091481 71
-3641953344 -3049359529 62 213707561 81
-6233612294 515403941 87 259943982 89
-3804158458 -4214927376 85 -998978568 96
-5142634084 -103114060 56 1859263505 93
-4910320027 6598803921 91 480884942 88
1397053532 -8908333951 11 -1430727547 48
-8332819650 2008957423 84 1418175313 79
-7511280419 3444001780 77 1277668125 5
-4967980745 536902924 19 2014190755 30
2686852136 -7132072116 100 -294705960 2
-3584457592 -2493428950 15 -1038351766 20
-6077886542 6044212527 48 359678189 87
-7159272624 -61920344 26 467959751 62
-1996893430 -3784001144 71 -297502497 95
3850408939 -7875338612 64 -344066806 58
-4431077821 1003477871607 74 -14142159 100
-4622809358 -859144214 83 888863896 70
-3688786518 -692016575 3 174396767 33
-1587691693 -3322628334 8 1046784362 61
-2345506060 4017060277 94 -1444599 44
-3255869858 -2977742436 5 -374030975 1
-2779613501 1853462735 78 -1810672064 69
-7221192968 1603022817 59 -811320843 73
-333102849 -5639767530 92 2021586743 91
2299547761 -5253337751 30 -2046910405 34
-475584135 -2116159737 90 142481286 27
-2953789990 -1849347036 96 -2188844094 7
-4586934024 -2396317395 68 782775566 6
-2478105154 -1106352438 14 -301508347 25
-3514389751 4911443283 9 1796518483 52
252637356 -8585457006 10 -955078221 40
-492002850 -3196783668 21 -203627947 39
-4568507041 2850635773 52 984049449 14
-3070189414 6920598353 18 1482497721 22
-2558736557 1017276627 50 -33007315 90
-695630797 -5529418056 49 695630791 60
-702440865 -1643065195 23 -1155091574 42
-1471101636 -1957144147 81 -1784768222 24
-1857532439 1161901642 39 -2167397234 64
-4217576889 2096021826 80 1658840332 38
-2346950659 759258966 22 -1870626230 43
1466666249 832881512 28 1029441955 75
3988835879 -7503225630 33 -1301983743 13
-8142677132 3519867774 20 -1411269735 63
-33674015 -4708532219 99 1705228232 94
-6225048853 1614470719 43 -208583434 67
-1541459930 -752935997 95 1065875795 29
-6199499090 1609213525 69 1289179063 8
-1717871268 -4481627822 51 791720502 78
-4721261233 1651071819 37 -2261990186 68
-2134471000 2387108356 34 -211035060 23
-3309558074 -2334099467 76 1188003011 80
-5245748144 677241103 36 1178469505 77
-6400127716 7866793965 45 76265489 84
3506342133 -7723919022 43 482493746 46
-5618170151 3059433594 38 -550084209 98
-6 -2134470994 54 -953206220 74
-540907331 -7491606480 73 48904481 35
-6691312873 4344362214 44 715210989 72
-9553946867 7557053437 17 1534861033 85
-4024929673 3532926823 35 -696331560 53
-4836154272 1102208810 70 249220248 31
-3201155911 3201155905 60 -108402163 55
-6433632287 -3120314580 63 2002554466 19
-6983251419 1840617335 7 -1159425713 47
-4590285565 1762699818 97 948332221 4
-3733945462 -1234035283 12 45158944 21
-5780894574 -2361782558 47 -296991968 15
-5976101884 -457530403 67 332444343 76
-8032513811 1632386095 57 1807464958 49
-953206220 -1524898934 32 -1043687210 17
2496108205 -9655380829 16 1354300734 18
-5643657541 8330509677 13 -555841549 51
-4067278639 811408781 24 -900702106 12
-926150766 -4178818130 86 -2144038648 37
-6914644337 4135030836 25 -306548631 26
-2121555063 -2714599209 65 650453427 41
-3428245783 -2740008577 98 -2053707789 83
-3442649080 1002489442867 74 615063333 97
-5481953572 2172395498 55 -918174144 57
-6323862227 2519703769 6 1943059134 3
-8019085834 7316644969 40 -313733816 10
-5104968896 1903812985 66 -513201255 59
-5718208353 -1196435984 79 -1441064271 16
-4429435085 7935777218 58 -1543435294 92
-5973668312 5432760981 61 1137514040 65
-2591743872 -2129517361 53 -2150462362 99
1688483894 703662282 2 -221817645 45
-5972870379 -3231505 72 727122235 56
-3283370579 -159278501 82 -159278501 82
1671554217 -6258488241 31 627993544 28
-2294395927 6283231806 46 752935997 50
-4803137026 1519766447 93 1601981115 66
-2827585747 2352001612 29 693114747 54
-6168254360 2526301016 4 -1343026059 11
-4742206234 2884673795 42 173699193 36
-4445219980 15784895 88 -659748916 86
