999 -999985501009
1247668617 -4633987044 30 54958457 1
3 999999999994 657 5 2
640161189 1000187834899 490 -163752928 3
699173666927 -697462029045 965 1274301888 4
-1711486735 2228643317 23 1466650456 778
2341407241 996963031122 194 -715676578 848
-1788019491 -998103470603 738 -205079323 460
-341078257 341078257 828 -191744175 137
-697630592052 700832179265 824 -1227929067 9
-401834491772 -597876780329 367 2036903810 10
0 -999470749777 4 0 11
757909780 1000156064024 569 1799332131 12
458140361 999317874427 526 -1854738986 13
1533017549 998049057761 332 -1561995302 14
1075186868 998924813126 748 1304149107 15
1923468168 997995594097 619 1636373797 16
-1909883095 -996764706254 343 1799623498 17
2189015432 997432694316 943 -1525558931 501
141566287 -1273111629 205 -1850610242 19
906010081 -1000753288478 752 2034926520 20
-855674860 1000855674857 646 81722089 292
-1033574170 1001033574168 133 -85362471 48
517156582 -1000517156581 737 -517156582 753
2578334877 996760835466 65 -1566068052 936
-1119902713 331747542 406 1571446022 25
-1475987935 -997017179345 224 742260579 26
680191685 -999843178800 124 249022282 74
-36121611 29408573821 220 -920895399 28
5359978608 994640021391 315 -29347791 933
-3386318427 -996249343816 415 1551545361 125
2025291040 -1000540423616 652 -1382159209 31
-1611672800 -997605773153 346 1336441248 461
1553168587 -1001553168586 853 336530003 33
778961716621 221813478966 350 -1943092467 50
2634768223 -3948984975 266 -1835162565 252
1901323996 997265054250 930 1461734815 36
-2029654551 1003308341746 220 -1761356769 37
-261998364517 265789833125 721 850711343 102
-506565227 506565227 499 1 39
0 -999030732568 217 627383157 815
-1670273943 999751504132 50 -1497902428 756
-1399802557 1001207828400 279 -1474559149 42
-580528510 2660726140 578 -927971667 43
550450785 -550450785 799 -98552932 411
395606106 -1000008256322 967 1524779458 574
7300974641 -5111959209 18 1404757571 112
589254737 28418214 880 -2026920697 568
-425426699 -997753298698 585 1621920821 48
387468977 999042085763 69 205327688 348
441504852369 558321358755 957 -406668908 626
-1964961569 2013533734 529 -1669481434 414
-196885029 1000095830048 138 572972312 52
-493482385 999808709694 976 1511291447 175
0 999964287553 271 48572165 529
2092826877 -2092826877 921 -1781288425 55
-7 -998946477815 525 10 56
522899530583 -1522632672396 741 -1926210698 958
7348311 -999367731462 317 861499579 58
-379973514095 -620026485902 571 1268182169 421
-1813490645 -998145312754 119 -1316041111 60
2124664727 997148241949 148 -465775948 318
-1005192977 -998469382506 744 -1229084380 62
2015077114 -1002015077109 564 -444549989 763
-1175234645 -999976192420 960 -388676302 64
829869393 997070678619 286 -920285070 65
-962925318 -998481426032 927 468594683 66
4559325466 -4163719360 45 10 67
-10 999944239948 31 10 68
354093360 999532452391 640 -1282510220 69
1481129668 -1696052005 786 -1319452710 70
-2130230750 -1493156559 53 -991548071 71
341169903433 -1340748190885 552 -2056902700 966
-949173043 949173043 370 -1415761216 73
-33377726 1000033377726 722 1137016391 923
228704124 -1000228704123 486 -803385495 75
4 2013081411 808 8 76
1824963710 997859005398 236 753515414 77
65271675613 934405062266 928 -116560246 780
-1126172336 3181370377 402 1487166462 249
0 999903403771 250 0 80
-1545238820 -996888183903 817 -423017853 81
-1557167716 1001557167715 621 -1856630468 82
1795591151 -1795591151 596 1900645846 83
-339425812 2423217534 899 -1005880134 84
-527192340 1000395601739 369 -930165539 85
3879687953 -5591174688 5 -3 86
1092079678 998854398949 643 83857704 87
2 1000984836513 255 -9 88
0 -1000081043501 916 0 89
819785030 -819785030 796 1938683054 90
-25419217 999270861707 879 79531366 91
0 999445254287 435 0 92
305532372 999595442174 620 -1014206061 93
750203198 998793791894 261 1423867553 94
0 -2367216889 151 0 95
91796172 -999482003696 566 -620073668 96
-686872406916 1686808917324 660 2180102581 524
1318090794 -999617802527 296 1447700833 98
9902042294 -1009902042291 56 -8 99
-346217383 -999474584022 724 -479612903 100
0 -1001511291447 53 0 101
921325843808 -921325843808 40 481388855 633
0 999934646738 215 0 103
12398101693 986658810370 682 -6 104
0 998725258679 777 0 105
-4 -632762200367 38 -5 106
-544401617 1000541054197 515 -1651870209 107
1158297650 -1158297650 465 -850580667 108
-159163521 786546678 815 -743634693 109
0 1978265087 800 0 110
-563090998 563090998 171 -34019917 111
3187911190 996699878643 917 -1404757565 46
-1880036301 1001075823771 940 1091427703 113
333443929 -333443929 863 1365826803 114
0 -999914235235 825 0 115
1089701573 998515248523 699 635191964 116
0 999565241348 189 -842172301 946
194169896 999805830100 776 -2086186425 118
54365523 -1001147075534 32 267240291 119
-1752745540 -997957279891 354 1443706168 120
-1686567275 -998313432725 331 263073946 121
5 999979855319 528 779103737 612
-2027859013 -997478796656 945 1342900504 123
-363092815 -999627472588 277 1024410148 124
-589807904 1000456966967 142 -33437453 125
-5 999142811698 681 5 126
-2860858521 -997139141475 837 6 127
-56358511 56358511 714 1773813153 128
4967791834 -1004262927117 720 -81043497 916
-5641872492 1004656012621 832 5 130
-1349664200 1001349664196 404 -2052092479 131
689016149 -1000463602016 990 -1424066228 132
-2 -999626118166 222 -8 133
3232655855 995726786122 132 9 134
-1102974938 1000988301776 758 -229985536 387
-47942060 -997383572336 176 -278697933 350
-532822432 -999370653932 379 2088267050 137
1787510951 -1001095944476 44 -555741333 138
-10 10 611 10 139
1932824990 998067175010 563 -1570414778 140
6793618083 993206381916 302 -7 141
-693550852 -998622700745 479 -322034345 142
-2026969329 -997973030669 555 2070024925 143
-1401071552 -998572212383 91 269526210 205
26747297 999624066079 179 76485034 145
1587770761 -3552732330 51 -1864595218 259
653039622023 -1653039622023 994 -425009609 254
-1588096804 -997761642179 351 -1316922373 148
1629543468 -1960759207 538 -1660219613 149
1444286404 998465277545 908 1831582116 150
-2367216889 443465400350 626 1997998836 785
-1780109735 1001251206702 19 -259724434 152
1429586689 997971175396 85 430543454 153
966779377 998906154220 712 -1352251064 154
64445432 998443996265 790 -308831419 155
-415982310 -999584017690 821 1031501958 156
-1361642180 -997489605770 726 1643570496 323
1400613295 998060787593 991 -428056134 502
-506496273 -999493503724 2 -30250038 159
-728747077292 600149429387 168 -280546041 160
1048920685 -1000061170496 165 459609629 161
0 999047476647 573 0 162
0 0 886 0 163
1509227851 998045992757 375 1157449560 164
-111283815 111283815 840 -728466328 362
-154800645498 1153870315432 731 546204819 166
782880613 -593440622 476 833438868 167
-183899173079 1184555936770 239 176242302 284
-6 999166142646 709 -7 169
-7610281402 7610281402 103 -6 170
0 999661373715 553 0 171
539147944 999460852056 262 -540099903 369
-482030466574 1479184815289 728 -94432019 173
-1934660527 1001573440694 324 -169286954 376
-2112095864 -998920700504 266 -1511291445 53
879730396 -1001660946925 74 -2007074552 604
-1896869105 1001896869104 598 2058453684 177
372094848419 627905151581 761 1863918619 178
1020085182 998979914814 274 -452073666 179
-678043412 -999321956587 860 697904979 351
-145287615 -999288935488 49 -96889137 181
-949189950 -998777970557 198 -796086472 182
945182936 -945182936 696 750971196 183
-175782627 1000175782626 532 -1916556102 184
1683589346 -1683589346 795 -1468637477 185
-13514204931 -986796447673 960 -384413494 211
10214720053 989785279947 766 9 187
-1748688664 -997613436447 303 1287187736 188
-716938900158 1715824329682 378 -2078092181 189
0 1000000000000 887 0 190
1553596641 -1553596641 565 269755829 513
0 -999998146254 732 0 192
990707440871 -992550267597 388 -6148056 244
-413373793 999790206382 893 -1519327982 194
28563656 999338814886 9 -357810633 195
-849566881 -997948446013 719 -719666169 196
906775287 884694102 989 1498161728 197
-646648261601 -353314526691 632 1252052833 198
-1 999999999996 658 2 199
3596491279 995685783613 875 2 200
1760806833 -4928983204 756 -547458288 201
-572688926 -998643037837 577 839239805 202
80117108 999919882890 357 545467194 203
470445498774 528778285019 264 -489028652 243
-1131545342 -998476610368 400 -1729930658 144
1896513292 998103486703 986 116568123 808
0 -999859222604 736 -6 207
-11076635514 -988452578413 334 1101859240 716
2 -998188452163 177 2 209
-1568452996 1001472837233 801 1461503408 210
-524952152875 1523489904632 615 -1996541746 272
-581076554 999557051882 144 -1301937129 826
-37746212 -999163728263 649 -288527468 213
967076045935 -965488275174 146 1170403371 214
1933064123 997048007822 683 -1167253313 215
5 998468654608 208 6 216
-636034761818 1635767264319 500 1037131345 217
527502033235 -1527321913303 483 -469821550 218
-1 -998579409976 707 -2 219
-288986465986 -710515836885 319 982540064 186
-120302205731 1120111413878 257 335536632 221
-869425749 -998812390131 519 1190413221 222
1415599858 998562027492 160 -2107118685 223
-1098209710 1001494050246 329 1929197210 224
-431813379954 430957705094 21 1587726661 765
-483795986040 -516110660162 850 -1142137471 226
121097165 -1000121097164 771 -1106745516 227
-554159047159 1556123100308 291 1269854581 228
0 999650454087 661 0 229
-477218592 138591169926 373 -310936579 406
0 998479783333 630 -3 231
-1133856450 -683558447885 524 1128812706 232
-272306416 724204269 411 2095275915 233
-1095114524 -998466013837 633 -318072856 234
1034618518 997659894126 384 752223015 308
-736258972 -999209685408 299 -1248964080 236
0 -998024920776 580 9 237
6 999995531054 608 6 238
921813449 -1000186792508 78 -806106250 426
1250489577 999989135627 578 1287472424 240
571618100 1000264555769 397 1232692064 241
621878239 -1000160073030 66 489667059 890
956539222669 43571420765 230 -1636750023 204
303021549764 -303200407869 548 1218987109 193
-1369560081 1001023884317 787 863063808 159
-335842583 1001155851579 944 965831379 29
-1 -999381850996 482 3 247
0 -999332163329 58 -298355289 715
360994126 -1000328465658 297 -1206478726 249
1651728468 997191007545 966 -423526379 250
-658489898 999831333376 742 1368672827 718
799605658 -1000739665549 321 -568890214 35
-2040626095 2125240541 717 1145970357 253
-654362770742 -346126845687 858 -1656164568 147
2610960410 997161968106 43 -1235227648 702
-391856617 1000303293041 639 -770558891 256
2777265768 -1003305157461 453 -681671820 576
64509707 999663298902 663 491263165 561
-276824457 -998784014304 383 1735156133 259
-741383609 1000582336009 481 -934057985 883
-1282605689 1001049250812 583 -508808643 261
-1414839181 -997891281361 962 -1 262
-1233960071 -998619093939 984 462022459 552
-1057412759 -998942587241 139 -2053965496 264
1034189530 998900360646 547 1624823376 265
-1314216752 1314216752 753 1132518251 360
1049681 -999901735494 882 1609574 267
1860897376 998742218145 569 -92643065 268
964324460834 35165503596 590 774605629 269
1333299957 997310838063 869 -567802893 353
105544453 999894455543 207 -936197325 271
28426296799 972738634061 441 946155411 220
-2 997932246153 594 -4 273
-4 4 290 -8 274
0 0 366 8 275
1140521692 -1001668775016 767 1750746946 276
957413292329 41869634312 931 125289884 277
1644519328 1564162277 791 -2098419484 278
138381739 -998873844678 610 -239499196 279
744874592 -1000179974214 781 -1356375573 280
-4 -999999999994 631 10 281
0 -998288345853 919 0 282
10263863070 -1009487462487 494 10 283
-127952748610 -871828650703 892 -644899295 168
1116470528 -999773651329 779 1691543848 285
-3113816925 1001582471539 208 1948642230 797
735955152 -999043911662 881 -1625149288 287
-3389595298 1005146391179 47 2047919318 365
-1 -999999999996 216 1 289
0 999251372627 444 53265649 556
1964053157 -1001872179083 416 -1774613166 476
-2704145190 -996756451967 52 1848470330 21
14196698514 -1013976199005 166 9 293
-3 999966877846 802 4 294
-47860317432 -951483443555 167 -1284612210 295
1986308047 997194657134 436 1745699860 296
672672850 -672672850 54 524169798 297
-1739712196 -370653772 836 -707161627 298
-1535481784 -999643329888 151 59986209 299
4047605295 -1002463932692 623 6 300
-1 -999178729780 878 -9 301
-1 -999999999998 670 -8 302
-1633563655 3758228382 61 1807479278 303
-1511712838 1000819874668 647 493738764 304
368752270 -1000307339489 145 -891293277 305
1624469702 -1001571204054 556 -222158344 306
-13668250878 1013780835871 329 -482037347 307
1786841533 -1000748375538 680 -1294488766 235
921396518 997770512621 549 -921396518 676
-919320592 -999080679408 283 -2116233425 310
-295607886 -999704392114 425 588938591 504
821783335 -999064694574 20 2002473529 312
4 -999677714940 505 93353802 850
-1975214629 1001655688082 677 1664483352 314
5774047461 994149999515 540 -7 315
-4 567592597 871 7 316
-474720999 -1001471473765 352 663270692 317
-820477535 1000820477534 219 -522898472 318
-280319743 -999001976699 418 682528677 319
-582647160 -999178602334 203 -2 320
-1261353996 4359757512 397 1181868291 321
108363468 -1000108363462 281 1500035359 322
-3139104363 3139104363 89 1573706071 157
-558365943233 1558065625185 819 -451595572 324
3058647919 996041652226 814 -1531345392 208
-7 -999133863993 380 9 326
4573145851 995267442938 226 -781677243 721
1341809726 -1001217554512 841 1836612041 328
1232653351 -5173550064 767 -88334163 888
1904989845 -1001787564044 982 -2075248650 509
26454904 -999870670805 822 2 331
-1655281595 1001628120625 820 -566631215 332
1850332709 -1001195853841 805 464742568 441
1314269322 998864254167 376 585631061 334
654708803 998827250034 988 -1177468266 335
-734128257 -999196775463 485 1848357892 813
1557956298 998399522876 466 1844105921 337
1284839680 997586482775 854 443969486 338
8462266262 -1008266984735 541 -10 339
1013532520 998520992214 373 644509092 340
7503961896 -1007355455542 304 6 341
-1878345005 1001024554025 140 -223589360 342
-1702508754 -998297491243 130 1422214095 343
-430645827 1000430645827 320 636394804 344
743634921 999118608139 668 1055975983 345
1118808359 -1000842682869 965 1412904314 346
0 -999999999999 593 0 347
592796665 -213030281410 704 566139667 49
-356637506 999373009970 684 1 349
1190180970 998678807268 464 -1238123030 136
-1269647595 -998730352399 904 591604183 180
-4794215106 -995205784893 902 1655110743 323
765497064 -765497064 999 191156797 567
-1105649291 1001066415029 330 1751937502 354
-1310154717 1310154717 851 490236547 355
-36567771087 -963432228910 638 425448472 356
6 -999775280666 210 -8 357
6 -1000524190896 453 6 358
-1135754032 -998864245968 349 -1310444574 359
-181698501 -999415322995 77 255813352 360
-841482792 1000841482788 864 347879403 361
-418763447 -999581236553 579 1059586922 165
2071693418 996277929074 206 458309669 363
-326443619 521299763504 958 -791134144 364
-1341675980 -997234311920 735 -1792537464 288
0 -999443289964 22 1441766915 831
223475645354 -1224843199371 543 437008545 367
3 999946969745 759 8 368
788210915 -1474306795 701 -249062971 172
0 999999999992 339 0 370
570012865 763287092 270 678699098 371
915839016 998922876400 918 -915839014 844
73182752334 926817247666 560 422047081 510
18702360 -809078284907 78 -1238840301 436
267129560 999732738487 985 -676108316 375
-1031987619 1001031987615 106 -902672908 174
320250743 999540277102 3 -315064097 377
-358568536 358568536 399 -1551621115 378
-1407552324 -998592447670 67 454688490 379
1637598 -998274875627 18 1259943886 380
-1697777313 1000047723828 184 -387727570 381
327232610 -327232611 968 -1656924541 382
212437867735 787562132264 389 1033701968 383
-804791436 -997731193038 276 -1463395760 384
1801967958 -1849910018 136 -149343041 385
-484362836 1000222382067 81 484362835 968
-1332960474 -998667039524 394 -1732852974 387
-1842826726 1001842826726 690 -581284356 935
-616189539 999077051892 628 -7 389
-1945591510 1001747618587 454 1039517381 390
75072835 -999526848702 114 -127511695 616
0 1101144549 480 0 392
203354803 998530101127 359 1 393
1 -999921409490 762 3 394
-1001950885 -1000214727068 251 804570982 395
-131947038939 1131921116003 503 -1207188712 396
3098403516 -3098403516 941 -979315054 544
-501535300 1589373342 932 -577439616 398
0 999022385793 463 0 399
-653673019380 -346174568594 521 1647310173 400
-838068809040 -161931190958 514 1450899199 401
2055198041 -1002055198040 920 -1374744213 789
59138132 -1000018418405 671 -59138132 562
0 -999627795602 410 -6 404
-439186925 439186925 115 -2073237991 405
-788155171 999821205255 678 -692662079 230
685514231 777706011 527 -776086483 407
-1662560910 277290084 311 -341563815 897
0 0 755 -1 409
-2032866248 -932440764494 866 835506641 410
451897853 -1000230881032 143 1496956966 44
831301921949 -1830299103049 782 2071813607 412
7304656637 992695343357 520 -6 413
-581251684 -999418748315 751 -1383709885 51
-658131780 -998795778021 880 1094170351 415
266205546 -1000258581740 591 141507404 416
1649283791 998390809044 883 -337051737 430
-2028449622 1002365501359 417 839439265 418
-590446115 1001901089674 220 -246169677 490
1855445839 998144554158 512 -1546243881 420
264889555924 733669672497 592 86754437 59
-236046536 1000017955830 306 -2084344406 422
4 999970652209 933 -9 423
-1047051313 -998124509671 517 1298221795 424
0 -999989653162 489 2 425
156430210 998421187774 287 396881956 239
807124490 -807124490 546 -1741096601 427
1092488567 -1001092488566 199 1705727938 428
1179286159 -1002044837102 633 -1394914777 429
7234900646 -1007234814407 267 337051730 417
-1909437832 -998090562165 807 412082338 431
842751395 -999757937021 322 -332541809 432
1088322238 997221013145 50 1841093488 433
-1183075218 1000671421615 966 -2045069938 434
1998991067 -1000985959001 922 -992483844 435
-478550763 -999453892724 664 868100251 665
-470533758 -999345932932 26 -631782924 437
164251868 -999065552855 17 -1363657309 438
550918029258 448691235320 488 1329476037 439
-12357290562 1012357290559 104 -6 440
1609535400 998390464596 523 -1452724621 333
-1254027864 -998644565033 818 -1983419561 442
1032780420 -1032780420 347 -1911725929 939
-1900659135 1001034837147 710 -806730082 444
459606898 1000134187613 952 -707330896 445
372814354 998793840182 82 -1023814980 446
-5978532593 1005464940622 196 -7 447
-17370141344 -980739351688 412 10 448
1827132981 997506187979 71 -1871939368 449
-19605760 -999063199813 746 -1073907890 450
725423398 -1000725423394 806 -639666727 451
-3 999296105125 613 4 452
-2020170282 1002020170281 141 -90195686 836
-1162296723 -2035204868 666 -317766452 454
888962058 -1000798997464 595 1927101635 455
-842458234386 843080112625 242 1434639402 456
1240095675 998406589697 100 1161283004 457
-8 -999972860460 431 -9 458
808546209 -999981789908 896 3 459
-1993098814 -997265389834 925 -368558643 7
-275231552 998440155490 422 -1035120465 32
-139330176957 1138703126857 942 -1437036358 462
-1454606347 1454606347 229 -1887692438 463
276944898 999149105015 597 -2031691145 464
0 999928250176 910 260572253 575
1467972614 -2501546784 22 -327911168 466
-259230040 999764801366 956 -1531782074 467
0 -1662560910 408 0 468
-108791728 -999891208271 300 -1532339984 469
-214522975 1001847168599 642 1636050994 470
0 999999999998 86 0 471
-10852414525 1010852414520 870 -1367554012 543
-1861762410 -998119088867 161 258339155 689
-1140406886 1001140406879 907 -265051695 474
64134835 999090883759 516 1388179876 475
189439992 999805024290 467 -189439988 634
0 -174849161 895 0 477
0 2082799795 733 0 478
420714147 -1000420714144 368 1245002448 479
1101144549 -1000966403566 197 -1101144549 872
2134934168 -2725380283 419 -539884209 481
1635255930 997283050614 798 1899463201 482
1260955990 997726422438 70 1018393526 483
-1400198456 1000487711021 772 2008832067 484
-1970231958 1001967511644 268 328384558 485
1 -999793243017 363 4 486
709447590791 290552409207 739 2146547197 487
707882172 1075271453 46 -646119911 488
25784410 -25784410 774 96891332 489
660640728 -999543051885 508 -1251086843 419
1395410085 -1003289914028 588 -154537720 491
576357847 -998637067184 402 -576357847 754
562735059522 436990339349 954 -1922105358 493
325207671 997982507158 13 2078064048 494
-1884965222 1001884965214 88 -703953786 642
-924479106 924479106 924 2012317148 932
1226387733 997577212625 235 -144869550 497
-1067111273 -997396971828 428 -949368591 498
0 999928097841 542 0 499
751959381 998243034561 536 -324660560 500
1503735144 -61968229 831 1067486708 501
1517293357 998207766008 438 460971730 800
1323780720 998676219278 99 -563572402 503
-796332237 -999203667763 126 -588938589 311
982840842 998587975283 449 341872414 505
-638554054 999059544295 37 1443026650 852
871760418431 127453873050 725 1174619578 507
-1632483357 -997172335651 94 1260745800 508
-1038567536 1001038567534 273 -970251608 330
139618185065 -1138265493167 10 -1504233731 373
-2997588105 1002117784836 245 616626540 973
-3 -999972831725 743 -4 512
1823352470 998176647530 458 37544306 513
250217274 -250217274 11 4 514
-1565321476 1001525166605 474 -838829124 515
386706806 999598932806 173 -1183374777 516
-872082968 596851416 461 866579408 517
1944277265 -3767906188 688 -1270572904 518
-1282458500 1002198297507 372 703098139 519
-5 -999581927623 679 -7 520
-179716884 999636195288 972 1116947342 521
1779608412 996734926993 147 744639149 522
-4 999667114401 364 -5 523
918226803550 -1917652179435 475 -420586546 97
905342994 303335193879 193 1524164361 525
1362472024 998637527974 601 -508357201 526
1463220242 -1001463220238 964 571102381 952
226135576 -1002376086452 352 -321671081 528
48572165 -999845271543 730 -48572165 54
-211763918527 1211763918526 231 -673566218 704
459209200283 -1459209200283 275 -815050494 531
-3 -999844769688 83 -6 532
1490013827 997853993078 518 -1647350271 533
-1522133335 1001383644296 385 -438665738 534
1435512390 997317678670 135 276125492 965
1467925818 -1000923860907 938 -1651534881 536
0 999798345631 432 0 537
-331215739 -999251500002 911 331215739 863
716286937 999833003745 745 1689310106 539
1611247232 -1000876868212 345 -1733181944 540
-1224456585 1001052288611 981 1681111552 541
-1649672935 1308594678 8 -1827696662 542
12070248293 -1011937932142 572 1367554022 472
2119088462 996895048859 607 -359804461 544
-1928682408 -997219268125 804 -1520425625 545
0 999469492343 62 0 546
71324456 -71324456 162 -444779015 547
-178858105 -999382037816 602 1666921049 903
-722585863 722585863 478 -1720162642 549
164441639 -1001952763476 588 -2128654334 550
-1911129129 -997768116806 975 470581167 551
-1976178115 1001164962320 396 498368262 263
-222936645 1000173011994 61 -680656440 553
-6629327844 1006571572968 835 4 554
-13137711317 1012803954322 64 9 555
53265648 999731012405 533 -53265648 290
2439744132 997348895698 450 -1032819997 645
2023119632 997976880368 838 1488619534 558
859008252609 140848417772 747 1980440983 559
-1396944026 1001090738852 60 -2 560
1922214379 997376288078 93 -934133772 258
0 999218428785 258 59138132 403
-1 1000915839007 372 -1 563
-3 -999408569320 507 7 564
0 49063369770 950 0 565
-295884880 -999704115120 912 1083616402 566
417639391 -1000352826059 570 347857673 353
-1437665960 -998330357135 605 -1347466408 568
771082729 -1000771082725 358 -1258219639 939
358103116 1001139799309 41 690810283 570
-2353191973 -996132419641 794 4 571
1614333543 775404290611 50 1047575332 572
-180685278 -999819314721 237 -1903291737 573
1920385564 -1001920385564 209 164935517 574
260572253 -12480540790 543 -435421414 895
1564439391 -1000766056736 214 -1957383992 257
-1969399407 -998030600593 134 850167372 577
2080197630 -1001946548880 338 -1354774232 451
2071570296 997063816008 28 2 579
-1330409096 3500431233 246 2034070432 580
0 -3181507326 839 0 581
-7 -999785853766 457 7 582
184215391 999187167023 629 -1003596817 583
242929391 -242929391 80 -242929391 40
1015672848 -1000658981754 768 1947747365 585
-110609371 999497110478 980 1023932427 586
700015071 -1000700015071 247 1677091952 587
-2544568957 3465965475 309 1934811223 926
-180520828536 -819361448734 390 -1870548623 589
-452496240708 1452105018287 856 -589998458 590
-1950105949 1001524358465 307 217770515 591
-1154898839 -998049079182 487 -1448861054 592
-2108613429 1002096044044 784 5 593
-853628697 -998929482998 356 -2143317328 594
89964593 -1000089964593 691 -89964593 774
0 389549488 665 -376646583 603
-907709020 -12383767087 129 -649989447 597
1305988530 998536184821 977 -3 598
0 999977032203 152 0 599
-460099916165 1459740176069 75 739274505 600
-2308268570 -997691731430 393 -4 601
2141063343 997797988274 857 508994898 602
-376646583 395348943 374 376646583 596
-1127344156 999516775036 442 763818856 604
-1156795455 1156795455 163 1129650710 605
971439036 -1000971439036 68 1256550575 606
-939942470 -998816588615 983 -1085726471 607
-1327704682 2560587547 881 -6783757 608
1110569553 -1000521630964 504 -1721636874 609
-517065048212 -481843135952 891 1500530887 610
0 1000123204596 823 0 611
779103748 -1000488492087 662 -779103743 122
1552847587 -2286975844 336 -1551700245 613
1037251931 -1000840185416 123 -1061953985 614
-610468417 -998393820137 232 -1530089158 615
-876718941 -998124023536 314 951791776 391
-3449883442 1003066118276 446 7 617
1485680324 997375844413 405 -351735937 618
90713299 999853671200 181 -115161063 619
335319448595 664674558074 73 -771871691 620
3 -999798894572 473 -3 621
-737260 -999467920863 586 242289280 622
-1171696869 1001168384758 111 1947743419 623
-1162626295 -998837373703 996 953723813 624
-237904029 -865070909 135 -1550714892 625
-102716494171 1101990492002 614 -1355584810 225
1297862686 -1001297862685 582 804228972 627
-422142783536 -577703268612 934 -1545814631 628
-1060964346 1060964346 537 -990527076 629
-1086518711 999709662113 727 -1987209348 630
-5997599909 1005997599904 413 3 631
1775805004 -1775805004 644 59330644 632
-633398715297 -366601284703 554 636514926 38
3 -1000000000002 452 1964053146 291
2650309737 -7323269756 728 -1685895790 675
191701728479 -192827900815 79 400580937 636
-456776283 999555410001 295 1784745425 637
-404260805 999514280261 868 4 638
852107583840 -1852089795449 654 -1944787534 639
723828505 -999939604744 803 -1118883222 640
169586389 999031057499 978 -642668490 641
3507226340 -1003507226337 617 -1831959256 495
1647141434 -1001265968167 740 -1156777911 643
0 -1000584173239 5 0 644
1406924135 998473239173 234 -83824529 645
7 75072828 391 -9 646
1322820102 998677179891 867 -1540100836 647
877083853 999122916144 915 -1493092969 648
591873288333 -1590855097257 703 1146307466 649
0 -999236201890 669 8 650
977078900 -1000833719103 833 -2041166830 651
-988202140 1000532026961 204 1713963798 652
938083279 -1000938083279 898 -937766446 823
-229602110 999981074368 195 299596227 654
-39276932 -999927930522 627 -715872903 655
1811124508 997165753332 469 -1649896801 424
-5 999147798376 335 -6 657
5 -1000000000005 700 -6 658
-881911764 999738036228 434 -670028001 659
682736631 64472378736 780 -1118985189 660
-163291039 -1001821602795 496 -358870691 661
-362920382 1000362920381 993 1330687707 662
2041798064 -1001342606745 269 -919526277 663
-1967032343 -997974347269 156 936177684 664
389549488 999119268364 407 -370847128 374
4234752863 -1003621777142 36 414325836 327
69255934 -999639744041 344 -790725038 942
-1986446540 1001865760206 885 -474360175 668
1401624599 -1401624599 468 934302359 669
1 999999999998 697 4 670
-1082456699 -998234349853 793 215553911 671
16818700734 -1016069730618 439 -8 672
0 999957065433 497 0 673
-1314563201 1001201139347 865 -1331628272 674
964413947 1000999639203 291 -287039121 635
0 0 562 921396518 309
-953737372927 -45528924547 421 -1641527602 677
667969979 -999987154043 188 -1644753015 678
-268023510 268023510 92 -418072370 701
-319450545465 1318667099810 992 1202674316 680
-604954387 -999165350428 600 -1586901216 681
2104964933 -1001922791683 558 -1071991341 682
-348882320 -27764263 603 -1881977315 683
-1617092816 1001123332310 829 -2076003040 684
-1403299652 1001976590186 284 853043233 685
-990723953579 -8791566979 937 -2088867250 686
-7080193028 1007080193022 423 8 687
-1823628923 2589125987 353 1452556645 974
-1520501685 1002102406206 942 1621171304 473
1727579895 -1001478563350 842 -1 690
-1 1000779103739 612 3 691
0 -998713163650 128 0 692
7 576357840 492 -1373484819 971
-150180001 -378555151925 421 582444296 694
0 999477467471 118 0 695
0 999966535671 686 0 696
3889865783 -1003678984182 121 -4 697
710766728624 -712136288705 245 1283760337 698
1419127749 997761471350 258 -427122731 699
265542126 -999422113706 906 1 700
418938361 -2353598888 174 418072373 679
-400223232 -998634613453 253 979431113 255
-461312264352 -536151739245 733 1659473903 703
-890580384501 -108449939672 847 -1154312218 530
-809820916107 1809468931634 14 761333560 78
-2683990 1000868184938 414 386949509 706
-470658917 1000470658915 301 2053721710 707
-1438845123 1000723168546 848 -1444647271 708
1189350616 -1000543058244 120 -1068497636 709
-947058724 1002394431760 441 -1008146408 710
716846055 999283153943 672 -149253462 871
2081624929 -2081624929 846 -224525497 712
-4012004962 -995706912909 233 2 713
0 999795352577 589 0 714
-298355289 357493421 403 298355289 248
-14022099597 -985977900402 294 429486143 325
84614446 998456767170 953 -84614446 840
-1253084716 1001130598395 905 383248086 251
-2123331341 1000634710183 545 1721372507 719
2127442951 -1001876698116 178 987596231 720
-3564853000 -996435147000 289 367351409 666
1357131900 999947762969 24 -10 722
1616917850 998095351680 618 -1791511838 723
-105457555 -999894542444 816 592950975 724
492470839 -1000492470835 687 -1670103379 725
1940659902 -1940659902 117 1197119507 726
-1134216768 -998536538288 12 -1384705485 727
-4672960019 4697563864 881 1286641592 30
-140439681520 1139863341980 769 -673933773 729
886682366 998432613290 655 514754826 730
-1202555264 -998675795999 775 -1416816183 731
-1334402538 -998547578553 827 1901514 732
2082799795 995860056213 310 -1382784724 587
-7 999489011623 723 -8 734
-1556358192 -998187360011 221 1902709217 735
-602070926 999490507155 185 1673797574 736
-3 999975120305 889 3 737
3514762 -1000003514758 238 895963266 738
-1 -1000484362833 386 -3 739
-276192285 999918027219 437 401665046 740
25820375 -1001448544527 45 820820166 741
598733448 999741629256 257 -2037906347 742
-157077676 157077676 673 782941076 743
1790090765 -1001416068924 636 2103497198 744
51036670006 -1051036670003 326 -1973300236 950
2064846617 -15963465042 211 1091764070 746
39919693 -3153736618 286 -263943176 747
-9120717436 9120717436 599 -10 748
1966717304 998757156673 329 937649410 749
1716698916 -1716698916 190 -1433630642 750
9781225 -999125365096 240 4 751
1278054853 -1089061810 959 817245170 752
0 -999999999999 293 517156582 23
0 999793583901 256 576357847 492
0 -842172301 946 -214922337 786
-4292321863 -995293352302 327 1497902424 41
1315536067 997153118542 208 -498051547 453
-1638257886 1638257886 282 -196031236 758
-688139152 688139152 248 -851604348 759
2741337110 -1002692465318 361 -5 760
-2 -678043410 180 -2 761
-993514519 -998618238100 328 652894049 762
220654914 -1562330894 365 1794422200 63
2660920467 -1002495290981 788 -869451078 989
460440362684 539559637309 734 1291500113 34
-4951809200 1004808071596 729 -4 766
-3940896713 9271527530 933 1815021785 969
-688009530 999701636138 998 730230482 768
1086835135 -1000967050381 706 -633864651 769
-4682114668 4925044059 584 10 770
-4 1001726471057 791 5 771
-1338591719 2892188360 191 -2142240052 772
1238303571 -1002643061140 46 -239850445 773
0 -999760046993 522 89964596 595
-1232250491 1000983999226 155 780802268 775
1 -999841680310 470 -5 776
35550039 999799655471 935 -1356915365 777
-244836279 244836279 101 1102508484 778
616880980 1822863152 557 1554080967 779
914943741719 84920696578 951 889141174 705
950677418732 -951315972786 506 666477279 781
1926719064 -1001464014660 16 2076605602 782
0 -998689305891 849 0 783
-1201545011 -997876011352 270 -21689066 784
-369218053 1001324592756 635 1370111927 785
-214922337 1000017458334 381 214922337 755
-1199522764 -998722478192 355 -1046918250 787
-18315331 999171693502 959 181553669 788
-841075780 1000572581134 182 796327255 789
2032317889 -631704594 158 -1609816032 790
3208681605 996791318395 169 -768937473 557
8714703 -999592658564 153 1332017494 792
519637603018 -1518471532222 456 1565932381 793
-1646984642 -997583403427 855 1712781146 794
0 999452730833 382 636584654 834
0 -1001373484820 971 0 796
906148922 -1002033893529 858 -269329480 797
60396528 -999728142127 970 -1088080512 798
0 -999999999999 200 0 799
1978265087 998142786759 642 -577651792 158
-926009523 1000431436907 84 -321810416 801
-981571957 1002267335770 24 -1924900865 802
1155043261 -1001083639081 622 1539032030 803
-1000551133 -997508131374 813 1569414150 804
-741383053 1000659545999 445 1916706599 805
-10191686712 -989808313288 713 6 806
-12609575021 1012445031529 830 8 807
2013081415 -1001891086505 228 -1777323305 206
2002782260 997657174213 609 -1552512942 809
475981640 1149749023 848 1642895987 810
-412391186 -168685368 212 647740717 858
-1285312382 1545884635 575 -225582992 812
-2297452659 1002277626697 955 1563324402 336
483490895 55657049 172 -1958072175 814
627383157 -627383157 783 -384453766 584
-3 -999832457584 371 3 816
-243869571 1000243869567 440 1949588971 817
-496424737502 1496012415307 531 327995997 818
698018154 -999966075030 202 -809563747 819
-1501903987 999521277060 131 -209645121 820
8690253150 991285303401 773 5 821
-103135636198 -896864363798 341 278567437 822
4580702043 -1005586033264 251 -2107399992 843
3201587213 995870180354 948 -1492561787 498
1851891098 997201084690 493 738221169 825
298638256 999403075424 708 -1740037756 826
82692929 881721018 675 235175135 827
0 -1001617479689 548 0 828
-1664592474 -997243591690 891 -942722064 829
-876597292 -998980412794 265 -164726264 830
1441766915 997869411815 963 -1441766915 366
-67020371 -999396861891 685 -1998162321 832
-734085555 1001050757063 35 201924526 833
636584653 998887041095 750 -636584653 795
-193122532 1000192716757 877 -273111788 835
-2110365968 1001886116980 862 639908244 757
-4 -999999999996 39 8 837
1 999848293979 901 -7 838
-3530280897 1003530280895 170 2009123746 511
0 -1001384525648 763 84614446 717
942566596 -1000291016732 183 236097738 841
1133788520 -1000335828780 698 1654354995 842
-508171176 -997353990671 146 -1535218772 653
-7 -999684641542 164 915839004 372
0 -999207178201 15 0 845
0 -998585943640 285 0 846
-11393149 652626005563 254 1013203784 847
-8074378257 1009479502336 57 715676573 6
1113893277 998904847348 502 1995615168 849
93353800 -998718795546 433 -93353796 313
0 2473302051 843 0 851
-1877431988 1004982109811 823 1238877934 506
16977760971 -1015510489128 8 10 853
-270846569 1000222593088 534 -1212551176 854
-1983770049 1983770049 676 1245002020 855
-777559514425 1777811588180 764 -1390585518 856
7315267 -999972394087 947 -147526075 857
-2828419127 -996214765682 98 1203207701 811
0 -997998422324 894 0 859
-11609584920 -988390415080 650 9 860
1916712936 -1000329220572 312 -19568373 960
-1119209102 1119209102 392 -877208554 862
0 -999363415347 834 -331215739 538
6933204156 -1006473874990 90 -6 864
1977904026 -6772119132 352 -246093384 865
-967650723078 -30754055378 810 654442895 944
-1927676211 -996717713234 559 -9 867
-341560440 999144179019 462 -1983038849 868
-987250098 -998912725351 900 -1594308434 869
13225337795 986600521819 42 -10 870
567592593 -1000110795762 551 -11030974 711
0 1000829074469 330 1101144549 480
2267728398 -1002267728398 929 5 873
-850401994 1000369490333 641 -2013895380 874
-1766104100 -996833444832 150 -1180481579 875
-630070954611 -369846378359 87 722110376 876
-608188981 -999364644710 116 -35989202 877
-1240081413 1000077156241 107 991986728 878
-858034710 1447289447 47 -802007600 879
617672951 -1000617672947 316 98613986 539
24603845 -999742746023 995 578241643 656
-1077771709 -999408403478 74 1645507272 882
-662584633 998704291119 874 -78798976 260
-562029655 999490094264 154 1855696669 884
-989044382 -998364562417 909 -386734296 885
0 999998457876 213 0 886
-2614479770 -996312357807 884 -3 887
-315671223 -999158868324 395 -1159916697 979
-767808865917 1767660872031 812 -375405391 889
1111545298 997996113472 651 1628969732 890
934308118386 -1933449764190 241 1565357330 891
-490156441 -999299579314 484 1287746447 892
508112807 999000402980 305 -840091438 893
471742700 -471742700 872 2115402892 894
-174849161 -999616617962 876 174849161 465
343547591 -1000343547587 76 1729267805 896
-2004124725 1001450043048 704 -1552661315 897
6 999469893723 659 7 898
2083791722 -1312708993 569 -1318294658 353
1772454113 998091164892 491 214858951 900
-833824500642 833824500642 845 -346826706 901
1 1000090304514 711 2 902
1488062944 -1001369879083 473 2019029479 903
10428602105 -1010428602103 770 7 904
-1706868756 1001446869464 108 -306388615 905
-1716623656 -998897002157 292 1903511351 906
15673601993 985386343435 824 -10 907
49900824 1736940709 308 -131994675 908
-775568706 -999133518650 340 1392716929 909
229516663224 -229516663224 859 -437236996 910
-943871021 -999056128973 448 430262320 911
-1 -999442852575 749 9 912
497563883 302041775 252 -2137242887 913
0 0 477 0 914
1 999783869144 7 -6 915
-13372519613 1013174507408 342 81043506 129
143901765 998274724537 50 -1547591158 917
-68103452 1000450350781 212 -1293540516 918
-1767613653 -997236792144 792 2093530950 919
1 999764388848 204 2 920
0 0 192 0 921
-363971300 1000120251414 648 1142589241 922
-324279052 -999300312885 694 -43263297 27
0 -999711458506 624 0 924
-1969316128 1001969316122 447 1895987020 925
-1919847976 1000423172261 550 -730903087 588
-2080529974 2080529974 581 820200511 927
473617911 -1000473617910 127 -1571074088 928
-3658582968 3658582968 95 2 929
1368328761 998232822875 298 -1203616465 930
1617298297 998006581315 398 -2095936194 931
1087838042 -1000206458171 401 -1928595444 496
3106505729 996507839148 55 -936483592 246
-288608516 -1704490298 460 1893101219 934
-1799261134 1000982010218 420 -43565592 388
1031397881 -1000019524564 25 3145628 24
-549815384622 549815384622 754 1519257216 937
-1633091619 -997643694888 455 1606800070 938
226381204 -226381204 961 1203633431 443
1558731265 456345849 63 -1423162705 940
0 1000000000000 409 0 941
487485517 999450780974 429 -656589606 667
-42882812 999080179132 280 -2091348520 943
-931745619576 -68254380423 459 -2728011166 866
-1365119871 623736262 260 795966137 945
-842172301 -998400646363 606 842172301 117
-1295601998 1000999168425 377 495126166 947
-1386027505 1386027509 313 -1954019131 948
3 -999960120344 33 -3 949
-664664237718 665257034383 348 -150889072 745
-868624925 -999045589358 637 -1768079617 951
2071405194 -2071405194 110 -608184952 527
-183207134 -999816792863 873 -1902332550 953
-1946063787 -997619473422 242 -412890133 954
1287071212 -1287071212 997 -1616008257 955
160404546 999616861311 201 -970238026 956
-259801461 -999562335773 552 -1406590735 957
171237543747 -1171029102552 337 1164259116 57
188993043 -188993043 695 -1315165379 79
-2698658600 -997301341398 987 1378712779 861
0 -1000401032846 74 0 961
-580964750 1000002495631 149 753186392 962
-697760287 -998848176949 852 -1715281199 963
115018550 -115018550 692 7 964
2021859160 997628689828 96 -276125490 535
-29242766243 -972130718583 971 193259380 72
931533514 -1001172653871 191 512311410 967
-1 1 471 -484362833 386
-2125874928 -1404405969 839 1776448051 969
1847639869 -1847639869 914 1791619652 970
-1373484826 -999406947385 244 1373484827 693
-1789818861 1002126870597 417 -1581747705 972
-555757040 555757040 105 795314053 109
384311467 998331779557 809 -2117551187 974
-686692103 388336814 715 1259763624 975
-324133906 1000324133905 949 -2113402455 976
401041547221 598631143764 218 -260574685 977
676186608 997779290255 427 -1386839524 978
-1147554479 -998297402364 113 -494995094 329
-2074685640 -999857958798 288 -1466268209 980
-12822136 892552532 176 -176121306 981
677284867 -5683996718 839 1041165306 982
962802770 997775466301 674 313214189 983
155839682 -1000884296876 616 179825372 984
-611958453 1001309445155 239 -31288675 985
5 998589992107 913 -10 986
-2424374081 1002424374081 760 9 987
-440936523 440936528 122 -1188968960 988
1791469389 -1000893585302 165 -1244089501 764
1051301769 999948154497 255 2059312526 990
-209627044 1000182828355 625 -1614977428 991
256503059 998137271169 278 -1088191777 992
-1 999803987266 408 -10 993
6 999512298107 227 7 994
1527533626 -1001527533618 187 558419228 995
-16100398430 -981785760135 524 9 996
0 995864799532 839 0 997
650096276 997432641587 223 -1150188399 998
0 998415915086 688 0 999
