999 997495139021
-2938940592 4675983869 531 1873842295 598
1360959107 -758797048991 851 1913175060 18
-1641385059 1653291862 1 427751530 695
175774857 -1672428018 740 -811598431 63
1862762693 639274399 878 -1443330241 703
-5072651134 8895157436 414 -708407019 273
-3248534433 -681443748099 368 1000467608 950
-841950508447 841953056992 119 1484024404 375
714964035 2388193983 767 487534765 348
-1426634811 -3751445499 689 -414364464 921
-7801504025 9276453971 993 1343334187 568
403792873 -1864811039 2 1880028224 237
3088509893 -1003442023180 309 -89468405 694
-1826682596 1000799413607 676 1576338280 269
8063393954 990273813400 579 1123435035 393
-28050731 940103499 178 276444372 785
2106859688 -7719928526 129 -123138190 250
3274134167 -3833597454 205 913053236 331
2985110373 -1043875202 116 -100869340 462
-3680541861 -996632939758 792 1348150676 981
-1094880155 1002813051527 823 1694160546 557
1580816359 5779053667 379 4826819 519
7041352719 -9461289624 371 -1867169296 202
-391531334 1001759560060 823 470556996 340
-607958275 1000975794341 649 -1809233371 661
173112925 5488040894 603 309889395 745
-574680596 -896128237 450 -440887330 315
756338076 2897482504 282 980777441 804
219911370 -3452954299 721 1324315476 670
695036759292 -697208619221 711 -1329663153 633
5179298354 -9628357576 357 -1705441155 322
254854435 953977644450 627 -890678009 63
11994902035 -6245305898 325 1201423740 890
-782492239411 577952743468 264 1433128106 271
418197106 760033676 215 811504438 883
956490285327 -955386791339 501 -1669764443 452
-931085532 -1293063995 233 -130998046 203
-1144789453 -998439532653 987 -258018386 982
3468100713 -2413578771 445 59988131 547
-881252727 1002277102270 823 -1853962377 702
5012921628 -4065090443 998 -856802793 990
1126637965 -1004295450715 700 1058010814 177
-736549361304 -68893846308 833 -1181550848 112
118411093 -130978788 396 -1864254285 376
-824831488 1867970354 807 -1925316689 12
2440362267 -4335000907 819 -1237863467 348
-3514602901 7855465990 441 2113815192 846
-564502609 -7047785070 56 831269608 307
-1151873362 -1598274815 12 426810979 842
-2287471154 1001909184009 156 931578746 297
-8085292027 7233983464 910 1435983542 979
138041137018 863357137489 260 -2369230438 866
1901266549 -3485763305 538 -1051622168 89
-866466059 3383806135 786 64811131 3
605950461480 -607524704021 588 1784246370 937
-7612287679 -992154475159 340 1130006312 227
282586155 1138071417 16 118249506 750
3712690804 9483634971 890 -770652759 714
6023712823 -1006915938718 792 1212133730 176
-1 997984738759 1 -1298146549 612
4678735927 -4269516101 387 -982435867 183
3488019086 -4708256997 1 -1920482588 99
-635823574 -185706027 919 1632224717 843
-2314957995 -996608236883 478 -480303012 267
2115754361 998582004678 296 -1111766664 345
50870245 -5020320620 218 -955622980 617
-1479350213 1646806579 888 914847604 48
-237858721817 1234143571024 736 24213670 649
-218967255348 216418308936 512 914211024 8
0 3123566302 991 0 70
-4404762340 3473676808 37 1063488495 578
-1576394250 1003371595018 823 1021458303 359
-2289874439 1003597574927 649 260956481 270
-221177632 -3027356801 7 221177632 207
4935091548 -3189360373 783 2106261171 23
-2355801769 -2342895225 454 -1735643518 765
463122169347 -458846111992 483 1489711198 622
263995312232 -377905497996 552 1672661360 889
-4021826166 3690902983 224 -1995184764 91
-2876339495 1405500980 245 461916897 166
399373111 -1210150285 397 -107128176 930
-3304916159 5044253847 461 56381726 7
8236033341 -1006320104200 494 -1557557316 189
489304005 -1135926471 834 1020372625 25
1624931586 996262470563 218 -1791186236 559
1187175100 -4479861698 773 -1771966634 286
467428343780 -1468297559733 930 1209713588 30
-2266557322 2665930433 81 -1038358837 82
849644381 1000404802013 649 -849644381 144
-5865840432 1007509089673 823 308927714 952
-5423355258 6912940386 16 1908752357 47
-5059457719 3825462381 771 1973146599 54
-895574710 451212218 26 8409061 752
536842707 -1000699036420 724 -1689787238 323
-342843614 609610613 307 -1153809547 740
4079994081 217649234 944 -275266736 61
112836570551 -792706791024 525 1055139758 660
-1001957212494 1002573246035 124 -1526716148 596
1356080191 -1101225756 32 -526444836 135
-840403870029 847652425269 108 -1337697386 717
400773010 -5383113146 242 -269073207 751
2236960190 748150183 19 -757412734 223
24871052830 -22522790948 535 -385684113 659
414018613 3228302693 90 -805549947 24
3039312433 -3291994875 497 -1836813633 348
-705422478 3377711528 124 144539178 755
4327173924 -9751512087 613 -464738685 174
7210787858 -3770532203 680 -750137805 696
-992858923 2188844217 899 -744534841 643
799429619443 -801241613977 242 -180547012 994
-2698139109 -14603392450 309 1907033963 609
282009652808 -277695857107 332 -94026019 662
4982547893 -260705174799 615 1643125800 336
3992522882 -3950001423 654 -213974545 533
-329917206 3817936292 62 -1803094401 446
4812652389 -6100353877 772 -1827542016 19
-1149394807 1152504479 279 -1342763176 608
2416310310 -4369401045 401 707255992 991
2548545 -1481898758 67 238924783 222
2763762038 -1002804060485 724 620724797 642
7762930168 -8274040083 182 -1734276545 997
-824402341 -998578707472 496 -912991423 643
-492257690340 493911662214 907 449210724 955
2672289050 995015933597 1 -1197339104 993
-1080182206 999354262552 579 198929479 40
-823996458432 830531765778 143 -2431959766 408
1619074537 -2770947899 49 139881597 203
2156605772 -877570696946 610 -2493422323 879
-5613068838 -549370597452 616 757076341 346
-2766788120 9227438173 696 857313074 865
3054264604 -9479041873 11 132235205 436
-4373751330 -998120147990 563 252020592 986
9557010666 -7969561895 425 -1762891742 734
-297617660761 -703680485792 612 876535859 854
-364922837 -1000147213303 422 -1792859384 405
151640331452 -156276478637 563 -851762752 146
191005762129 -189944800394 645 -412518487 820
-1564719581 3660441752 37 -1445248962 261
-904051428385 1904749187424 296 -523111836 653
3544230426 -6316863649 601 2116923393 603
-9062476406 11351373517 895 1450188727 56
-1864308471 4457446701 362 417319221 911
6666879354 -7757615949 654 1557525051 728
0 -6837186395 263 -485424118 238
-2701655503 -237285089 1 1815057329 982
739616660455 -739643150577 864 -575395426 625
5007397058 996536128038 823 -390540242 491
-376026813647 375421038419 422 630311234 100
7950641833 -8293143674 967 1550136135 417
1234863600 1205498667 46 2097375304 377
443325942558 -443730781303 821 533194473 420
-3433387132 1002406180299 509 1915208029 541
1569168437 -1569168437 343 137315298 338
4123748650 -5955563808 418 1960437968 818
1836744448 -7393657166 952 414691054 217
-640909651 4981990354 944 942430145 982
-2991711077 2921314892 912 -58716630 790
6950906247 991489561036 579 -1576599895 431
824384508187 -820147519687 799 -336707059 847
77422845 1785339848 5 -1770085285 258
-1315144129 220263974 21 -1248955815 187
413177313628 587604320021 296 -1983887635 710
-2033894210 1002642481487 16 953089814 941
1 -344321493701 900 1410272888 621
-165951232 -2884476475 790 149745277 928
-1753168735 1753168738 383 1321921749 446
3717184078 87543267 61 -477913985 493
806115301178 -806344147332 925 1048913263 978
-553718954116 1552652984311 829 -1264712174 616
-1587147639 3883884261 27 -1404563438 157
2043841001 693145974445 989 -272654699 920
5262557291 -5898380865 63 -113913382 961
-2051546073 -408745468 685 462433663 713
3349322527 -2602163912 280 -594816605 777
-2805650556 7187681306 573 -902465515 674
7380974325 994203818372 823 -1360148743 503
2184648779 -3890518425 242 -283382230 53
912052768 726783567 494 -576599392 285
-703266174 2105322981 904 676776052 864
-4512436994 3863822147 845 1404527380 316
-86925726 998655713966 579 -742285355 557
-511109915 17600170759 71 680998288 203
2822291478 1170231404 114 1065295372 592
-967795465 967795465 207 967795465 472
4256032451 -1004388670138 930 -1871073690 958
1697509967 -1002321447939 883 -257760505 595
-1217958689 1002887594505 823 -519435075 643
5836982378 -6401484987 48 1522887648 379
6678476025 -7712981407 760 -2109628921 243
-2832583625 3452664947 604 -3771571 549
-403246801 1001815157283 823 837094382 381
-8606445 1001593442035 649 1869367690 825
350146223 849143079 915 -362713918 396
622619246 997863570221 579 1434019468 449
-114544995288 112760709446 827 634809524 552
312952328857 689913859595 670 1570942609 151
4076746469 -908651286690 653 -918298351 618
-768853372 127943721 156 -1518617777 50
503495003 92146086 641 699003797 348
296165553 4447634311 457 -1583867041 772
4453850595 -1731738193 252 1322395210 908
4962727116 -4083231417 935 177857548 743
-1538973363 1002900078872 823 205905652 949
9503192904 -1010408767998 563 -1136449076 551
-559463287 1142992433 884 968683113 387
0 -1000728947266 724 -1756395195 339
0 -602791442 923 2548545 119
2788054423 -4004936175 291 -2161152141 434
445082153 998175089698 579 -45709042 81
-968283838 -60781226706 716 2121221709 544
-4540068631 2783673436 339 1863067675 111
509382851891 -508970847260 663 1064029510 426
-828256749637 828178782218 319 -31296745 571
1571477252 999977996095 823 1484636630 723
1178230782 -1515047333 879 1543881620 252
4928337108 -4439033103 84 1431994499 924
2251435502 1444864558 183 -347007646 546
3300007748 604256575097 347 -1681645118 506
4493088995 -7503057538 261 -405819328 498
-2013308870 1000547440727 579 1464913612 333
4651969210 -5891380423 774 -1267482375 642
241473328 -2502429827 988 456861059 806
1479547456 -1002401274619 724 218226574 29
-330923183 1684328125 749 -1406470581 643
-157354529880 159061074458 575 1545982702 52
-2210740399 -1425493907 363 -299241592 352
-6461143214 540897488260 581 1921074583 211
81301048 7118376595 458 -1662478187 250
6130223528 -7624310234 873 405083818 143
3806382381 -2181450795 85 -1856349227 508
5130878561 -752205911590 962 -309019830 762
2596237560 -4464610171 902 -591599672 557
-2224149527 -733728234486 195 2046592924 811
1024154623 4150028800 202 1078396250 553
103833423353 -109260751364 856 1694103954 791
3239545270 998326733136 823 -208092475 555
-1433100739 -543478343989 515 2011245519 241
-485424118 1001519262364 649 -1792529051 562
-257337923503 263224779527 840 1615296597 615
-747959750825 754043937443 818 -1946960558 364
1144039346 998844811819 861 1487447443 715
-1705869646 -1000219447045 12 1605761266 632
4568847104 -3041823131 310 86612061 415
1224147658 -1772542916 333 -1673580542 131
-1470838515 6384097712 799 2034603287 171
-270193252586 271815267576 725 1463571145 965
-2887244202 8791062380 95 676503803 226
-2560985590 6396982514 648 300029091 988
-178091302 366421807672 947 925249917 280
1983721498 -1276368915 758 -335942920 784
943926592180 -950122990628 640 -315512285 614
2722112402 -5351775614 418 106784297 780
5481884015 -6562066221 125 -722244932 216
1268268570 997980913762 27 -225129704 807
-1622041037 731960934 342 1858206616 917
1104204144 1787715048 468 -1233080071 328
1085132594 -982038804 939 768602195 983
1178754778 997515822598 579 1338397729 219
-14137870414 14846086848 589 -552490738 451
196839611 -661348663 838 -1934233375 643
-3009968543 4320160306 208 -84552440 727
1063996533 -590839753 283 430798721 153
-7188166443 5293366507 708 763389174 11
-462170106753 1463698208910 823 394575861 636
-2242842556 1000569402441 579 -1462922951 299
-1164779269 4549266104 642 1625616006 565
-2795261004 -996648046851 800 1827465542 184
-2782823194 6846718266 301 1370155859 328
-470106608 3999641006 147 385726268 792
-2837180410 345022427 608 -967931427 142
644583840986 -644574746107 882 -145879995 523
157223504462 -150545028437 189 -690225544 488
20348588110 -13943427580 514 1781105295 259
-79475968999 77899574749 72 -443119815 97
0 1479547456 223 26596705 591
-790935517 4539054346 326 682013183 635
-2049377330 1002973912879 649 -12559682 737
752419446941 -748175160012 945 890151759 706
214565979 -826385179469 691 -1949362052 330
747158615 4401485294 961 -1916562111 739
781993557 -462557524449 636 87400638 927
6525237798 -5301090140 244 -514380999 971
473156780 -1511415390 306 -331166770 311
-2265760075 4372619763 17 1127164240 871
2423805198 -3298208844 837 -936942249 38
-584791534 -2092209422 111 383087444 599
812176090103 -811743968624 698 991692855 246
-3075528850 4054451755 881 1596483310 643
3481493207 -10130801692 979 -513596133 558
-946195930 -2230636226 808 946195934 60
-1216881752 -998514421434 792 287467194 577
-909753609006 912695647051 714 1501920727 844
-557737355125 555533888737 1 203688585 440
-1417592137 -1827074424 416 1417592140 455
-1878247457 1002766483585 649 1102726822 427
22490001213 -26070636940 320 1141607478 406
-1355892403 4569134610 442 -208827178 138
1033464766 1000531327437 823 907770405 116
-2302135710 7071127118 975 1788640447 695
44117703 252047850 200 -832594166 709
4063895072 -6351366221 50 1115403282 31
-261034572518 262472099403 744 899238094 539
-446868799 999551294090 93 622963305 735
0 -2332391185 981 412004631 663
4424749158 995879043162 649 -2053697157 557
3543725290 -3943385665 868 -59232675 914
266766999 1002926848293 960 -1077544173 397
-2441841672 4024275049 201 1324747310 527
-471141506 999265310430 579 1257742005 938
1527023973 -2842168102 161 -560142717 673
141990010 -800453567 976 -370836164 925
-2514087450 4695166774 537 -52541299 841
-198786399914 204797256713 971 -1995542911 293
5696479783 -2035229778 742 53116354 325
1855849292 -2824133130 210 -689378139 853
-3319365921 2758482621 755 1450993310 902
-131364054273 -869392474397 563 -38426180 724
-5577393936 1007392122390 649 -1478545420 798
-77967419 1001707757542 823 175393018 586
-3580635727 -273793243953 389 -1843702436 613
1176241084 -2029506568 775 -846011366 35
602439981 520576554 429 979993396 201
-1152944531 1156854571 822 1152944530 380
2622467063 -2859421635 444 -1320695686 154
5749596137 -1006857806358 992 -1855423167 118
3748118829 -2621480864 42 -1840589741 559
5003530097 -7570158846 841 -1619043262 642
-1220561805 5376680640 990 1110122480 381
2960802663 998446002716 823 886417827 655
-1946252380 1003661066953 649 -809487643 690
4187187403 -1005485333954 612 -1526359476 355
4313795701 -1004569062531 724 409839540 75
-548395258 1002940551708 670 1735570358 86
1542815607 1425081467 558 -752277241 115
3372073950 -1003993666000 724 987045768 188
6625673693 -8873740518 950 -220513163 514
-277754621466 281659503450 298 380741786 389
-1604693185 320805639402 466 305658587 789
-1756395195 2454729582 806 1590443963 165
-433715768 -293160285 1 847734381 104
-4913372508 1009713631734 731 214675514 454
-890080103 -998942151666 964 -316488397 549
0 -748348861324 400 -1878247457 295
1054407458 5718211158 893 -965022013 329
-3390242447 -185740790459 302 1206685988 530
-4855992497 -528463391 620 2089204377 130
-736651730687 736651730687 70 -783280811 951
1728513436 1540460681 372 -1528231931 848
515130117 -488533412 591 -971011641 564
1868677787 999489936527 649 997417189 300
2755634567 -1003659580274 724 -1027121131 348
-2509981991 -997490018009 850 741770341 892
-2029326487 -1404060645 152 208764754 505
-2714179099 -477999180509 995 2078355525 63
-161149346 4732049986 585 -238511029 868
1036614134 -1002144824353 992 893029080 520
-4660515529 2150533538 352 2111569117 512
6071737896 -10382772478 360 -536326234 794
-554935947 -999798577342 309 -775645717 918
-4311034582 4890803044 561 591736116 789
-951952549 1666916584 9 213408943 574
2593138230 -1003220107322 724 -888779178 560
-3636234306 1002238628767 579 -737517024 132
-570879911769 -429900890802 724 297327412 593
6177433791 995522589257 649 -2097439710 96
5483353054 994773442028 649 -1912844517 673
8018880779 -6065777792 942 757877253 606
404346680159 -406181483243 356 -324761922 839
4342779476 993544622676 218 -958292641 642
-2215664465 1768795666 303 -1679118780 299
-2419936905 -463518751 1 1771322058 845
-810743941 1002591335872 823 468242100 967
6129342457 -1006529721315 724 -242486433 840
5440951464 -5361873312 787 1606988112 470
50064775604 954018411864 731 -893056178 459
-3957559239 1124975614 190 -1060735863 463
1999633566 -1930794243 977 1611223253 410
564736508510 63757554489 388 35255747 966
5882007366 -12406959104 502 -2352472968 147
-1 -451724029 528 536842706 94
150604243 7118168343 623 1149754736 328
-2604371738 -997931598846 883 880030739 624
3 1515914336 605 106665243 411
3536218563 -5598155575 737 600604464 704
-71133494 -1771143218 719 1273632294 348
138723583 -1005670106093 357 -1015482311 276
409219826 6665825290 731 546558076 795
913505313744 -914389000420 1 -155520782 292
-749153500488 1552715077691 874 2078467459 962
-514733413 -136239832 906 1463597561 642
-4419849002 1684633898 702 -501414627 857
-1466592883 -794068448482 687 830769309 63
8991029755 -8125177892 489 -1742474515 108
-4317651088 3356419001 634 357706384 905
7722069382 -1008379598614 724 -1923204206 554
-12567695 3906740665 118 -816749197 759
-810777174 -1372779285 530 810777174 639
-599791122 -116548466785 438 896324532 741
-3807628510 223206063 567 226992783 320
-836353835262 843395187981 23 1447486989 805
-1953090735 9747209659 734 1995170223 557
9163146701 539861401070 953 1421760740 121
1126798456 999017864606 27 238204558 153
-299085303 -2692625774 157 1308800743 823
-2369238528 2719384751 193 1400954690 210
752922495491 -744978803774 932 -805996225 272
-1285437912 809256753864 169 1288547584 279
-204699515302 207583756335 462 160019359 264
-2734802969 -997986981122 724 1160560428 588
5637174580 -8860541101 629 -2131070431 230
106665251 1001383249550 823 -1652643078 796
-1564646570 7261126353 314 1860812123 200
645054783606 181733409529 797 166009388 835
951089084 -848025293 827 2074877616 664
4655459165 463982598203 30 -1111228739 140
-3244666561 -1867182679 308 1841991073 814
9523531278 -4053039190 768 9956284 974
-1412347632 1412347632 304 621472812 732
3984627416 -2782128616 348 -814896788 569
-187106919762 1190279396901 960 -2024113144 302
836684120 1000876048561 823 1197441792 570
-605775228 1088777548 745 -30048346 63
-277808296 1114492416 421 1480307096 348
6334369503 994663895147 649 1609322214 932
1587448771 3416081326 327 -2086734377 369
461476267197 -460387620928 779 -1494686096 36
-775520635 -3989329346 736 70098157 106
-1922337087 -707680807 590 -1713897219 363
1123016535 3236103183 188 -462189887 657
134988403400 -131514546201 322 -1857313123 665
5026799176 -5908051903 40 -925835650 107
351416349 -6526676644 640 -1812434515 2
4042892447 994201153547 579 -7233096 720
626902282 -1451304623 122 1326200705 942
4245985822 -2341557966 546 1382319923 667
1583769587 41181646 630 -1361657281 127
-1914657482 4670292049 351 -649411093 860
-804090960067 661988067597 137 -1352247545 833
967320998179 30990080408 401 1182529911 678
-869103957490 -132257400916 563 -430887242 972
4340863089 -1392023026 160 1982233187 484
4456263657 460155616888 622 1447554521 95
-5209782350 -1846157006 798 -1041852227 13
-236954572 8472987913 83 -1500439192 643
7007968326 -7007968326 863 -235349710 893
-740507209 -5717662629 568 1457162140 564
-102455860 1001649481175 823 627144603 557
6283394355 -9123007013 92 -1927892566 289
879383942 -1775839927 718 -1323746434 26
-1470808833 527387425579 162 1470808833 304
5119045081 997999839988 83 -1283048157 648
545882811727 -548688462283 175 -319881329 597
1196196623 -217315868205 511 6302177 348
-4698696994 7330183783 715 1018155133 20
3 758612823 167 -768853372 198
3885871999 996753423226 649 120278261 701
2626494652 -1630093509 843 -655085150 984
7368375668 -7494865477 534 -1456466292 229
-585203215765 1585306692988 649 -221479512 287
-932482912880 830110863542 897 816159802 212
1739337688 2092682963 960 -1253601739 582
2884241033 -5679502040 267 938265269 414
-2758286567 1337110248 956 1096452605 750
3748748338 -623633414 244 -2126733348 725
5388907851 -2349595418 105 -1360348893 852
-26097424711 32723098404 336 1010431709 239
-32484170508 31708649873 427 1171468213 875
2891919192 886629145 533 -1689420392 348
-2840620440 -997729222159 724 326532990 312
6407221409 -4635999836 587 -1085658732 253
-133422255942 129866332136 567 -733143616 754
-3 510446881404 426 -895574710 93
-978386150 -3143344588 986 32190214 290
-2911614857 2186552474 842 1258086894 14
3861037134 -3664197523 260 -2176452685 507
-1538866962 -13314346747 898 -198526802 643
15809854591 -15880988085 385 1279206253 71
956617576 2101286720 536 -1437040577 996
704152535193 -808510060998 479 -1613960943 196
216584965 10368322476 121 906431570 429
3204513866 -16463927884 33 179972969 642
2322003362 543240927036 597 -1338688626 949
4276057355 -156518505605 103 -891570520 642
7197104858 -7902527336 106 343512509 801
-1293906134 315519985 473 -1629354500 549
-80171815 4115831166 720 1282670615 348
627591441 4551706913 31 574907359 348
-563381010766 561170270367 226 -436426062 877
3196079789 998534276230 649 -694042697 878
2771795931 -3941199427 739 1972003933 457
4616856816 -6650751020 163 -755819682 475
760284435 -5819742154 92 -1396108009 63
6386523173 150146755745 488 1487207369 985
1638836335 -1002347072517 563 1125445509 556
-1910638973 964645923 526 1732547671 249
-1308476278 1397861723 329 -1003335521 115
995841943 285497591606 602 232928220 236
4087269667 -32047128000 235 -1138429604 160
3531904569 -998576060722 799 -238560875 926
-791413570344 791413570344 639 -1637081991 168
-16948018277 12451234652 637 -353513282 309
-6304555690 7091156189 938 -513058437 51
5327304009 -3293178097 570 -685421689 231
1277662946 -4792265847 47 1070598936 535
120241633 2086286311 712 1456009347 44
-5540998794 11864095070 484 520014087 522
1684584449 -2519918789 726 1783516264 39
-68947759 1753532208 507 -1368894889 682
1507386275 -1001514616843 883 1877100560 642
-715303301333 715303301333 206 1554213391 413
-197857539507 198984337963 403 -158883553 876
-2548946412 1001435854212 676 1263508500 407
531916701 -1001239527668 724 -575365174 887
6405160530 -6229644920 650 -1392238902 41
-103828716450 15669722338 668 1456667112 897
4269614778 -1653979566 809 499376630 975
-1028933359 8004021029 424 -1431358182 685
521805059 998114092041 190 1181923698 25
1516715622 -3427354595 495 -920672611 285
1929643214 -2410066215 996 522760616 651
1541987817 1942504798 914 -1818528306 104
-7069804715 1006969756969 882 1711493608 373
-676806171396 679219834966 901 -256397194 757
3740918877 -935407671955 212 -303932601 572
706121680552 -702274460062 655 -1842160374 136
-1552125208 967333674 286 1467798109 518
-2608130278 -999360849570 563 415677896 987
-451724030 250019940 599 -1102405705 870
-1111923718 4405267412 926 -1839497628 391
525135161 -80638169416 148 -1759130499 771
696176477 999707746575 649 358345465 445
27313566438 -42003927590 451 727247183 225
2300685677 -3450080484 117 1071388273 335
-126489809 754081250 487 1328988609 348
2348261882 -2322426708 909 -360794306 830
3057904296 -3489447691 815 326582539 642
2181079324 999475543407 260 -912810754 254
-1584496756 2245323404 657 391667754 804
454570025176 -457084112626 312 -1551772433 934
-545636529705 549172748268 384 725084977 515
-115671651 -2327077185 858 206640393 1000
-2838363873 3370280574 513 537795161 328
-711480937 -2965920300 418 -1892890801 382
1152937871 2853212389 701 1397445820 867
-22671438 2133802113 113 765439145 681
1904427856 -1002001348033 724 -2125605488 74
3528088844 -3706180146 249 3815725 499
-125406797 338903919 800 495428697 192
-1118013759 1118013759 472 1305433853 894
-939207395 998856577783 233 459847970 559
8271544956 1085000719 638 -446217391 395
79475760281 -80556564677 941 1803743489 594
1984229063 -1305345154 969 -309602385 321
5739510588 -7874204374 194 839615580 679
3691082448 -6446822471 690 465912051 318
-42383051 -1000059690847 724 -2031455937 338
2371052001 -1003139905374 198 -570375098 968
2967897074 -5210739630 265 -1565840267 904
1800857387 399887045717 378 -1667648374 101
1704359052 2156678082 475 -997006469 758
579768462 3689846316 516 622730338 348
-2277953169 2068084475 948 -1529675341 399
-2099132165 4086599741 830 878068130 353
364661291 3530489383 580 793021699 25
460836737 978912725 595 1193135137 907
905359591 -2989306413 700 -1502336179 789
-3584422447 -1328950061 341 717559933 542
524788802 -1000789602567 792 233824024 167
-678930770 -231197189 812 -1763818066 858
2034125912 -3986629464 776 -756462966 504
805474084516 -160253291522 835 -1912507313 874
3645436035 -117347191 547 -484715298 150
1560053477 997211456567 579 -964412388 641
-738543606 4984529428 435 742453646 822
1706544578 26334269043 225 -334697163 115
-478355631678 1432267809973 832 -2357727930 995
-929414558 933175366 721 -1426387211 76
-19084685413 17618092530 392 -1065969809 829
548690836490 -542349667062 402 935203202 123
3895150674 996211514573 411 1801329109 314
-825357926922 825936071702 241 -812686568 691
485735949 -1415150507 577 204141388 836
105400334178 -111181392331 273 -2111514071 43
-2108439316 -766088275 443 943660047 266
4570900640 -2734156192 155 1606533151 365
97425599 -1003106843328 418 1163561001 478
1771221573 -4678616190 563 572501516 936
-1574242541 -986743049 248 -443814231 686
708216434 1003284677217 83 1472862890 537
-2715841105 8344146850 667 -18961864 409
26596705 1357239177 957 -673219171 834
4761595432 309761676034 151 -174896046 58
865226834225 -865801514821 27 -531364800 98
-183645997478 181916031755 746 1795166557 540
1439749462 -2316508190 276 2221500543 742
865870227410 -861683040007 331 -1530028100 813
-684993622886 686146560757 544 301340354 368
1146966242 5136428113 448 -1292416944 255
-201704090 -2892816893 727 1328342055 42
544121702 -2082988664 476 -149353911 862
-2772633223 4670622570 490 1351456904 956
-287080718608 288309488771 236 -1206421707 313
5661153819 -1006054025904 724 -1320290730 441
620081322 -2534031656 1 -1255904896 63
8292344627 -6438609838 983 1064201048 638
7892098702 -8603579639 543 -1656511057 761
565564760 1671395430 102 -1335531753 609
-2492157983 6572152064 96 478849113 220
-769966993 -560614671 918 872406194 228
-143085601868 -857104180737 724 982709398 137
807055828504 -802700326715 289 915487448 169
-1298146553 -119445584 294 -735747651 163
-5424338163 4938914045 238 39882275 620
-875506063976 -124629938993 724 91972802 610
566664916362 429074861347 92 747315505 628
-965991173208 964510442638 45 1882539820 55
11779921 -526513334 390 39090324 66
3158448118 997378394589 94 -535981055 324
-903485830 3154921332 217 2105984630 348
-5384455888 5870191837 582 -228612950 129
1410272895 4767160896 365 68334402 916
-802545096631 802592318776 775 -96345053 274
-9036139898 -22276562397 875 261138441 802
-1724340999 -999383869221 992 -812923992 658
-757154774936 757844652273 836 -281314948 851
-1520845689 1965927842 209 1520845692 383
-229339594212 229835008819 234 -593180 747
309988882106 -305901612439 498 1182270814 959
-3223366521 1004873468478 511 1485972757 643
1624951233 -559158617773 440 990683979 809
3858523550 -3098239115 492 -1960534203 490
-206233268 -623083624 759 674923367 145
-27262644816 23921370971 578 557250823 532
-961232087 361440965 398 1560512478 557
-194745545 -1646253730 921 -1120991019 676
626894333761 -627517350691 370 1599729238 388
-4496783625 -995709562935 724 619730085 980
3209645495 -6514561654 82 -653631280 185
0 3274134167 18 -446868799 303
-6196398448 -994622051260 724 -1415889231 56
595641089 -1711571305 733 -1246614334 906
3384486835 4489243707 985 -1797038064 425
-1479045540 4029429231 867 163901411 161
2546157585 649922204 489 -1343658785 348
1060961734 910447768 984 -587804954 283
539519747 -1940307456 846 -1485512797 526
716413510 -912956466 1 1279373473 285
2771599027 -4991570678 182 -1668105039 501
432431322940 -434157314217 669 -147253770 684
-868352924283 873493508947 743 221990953 430
2452403830 -1002551822662 724 1473420846 344
1707198952 606027508898 937 -174805049 723
-678856683419 -321687730081 724 -1013537054 525
42521459 684961195418 510 18911606 763
3847220490 -5756695536 865 216674582 301
-81283863 -1266770679 173 1283782663 348
660826648 -3036965298 563 -1583890032 872
-1800686725 4380767119 729 -93951915 819
403716629853 349592968847 706 -2028726749 378
-411079807464 410913856232 165 -2314933370 970
-231286783 33144966 699 1441292675 115
464728099398 -463450436452 504 914336588 748
412004631 -4219633141 399 -1613425806 697
5897383918 -4199873951 186 -1404294923 219
-737275132564 738441603717 853 1322748551 195
941415417010 59683580610 649 -1236352530 69
5628305745 -1375237902 731 -1057405105 585
-213180288992 208159304285 522 308221067 296
-1725991277 1003053354922 823 683992306 549
4973984168 509368886 366 -981461286 114
2514378443 -3763448175 913 339146947 880
-496258717 4088353150 783 720805511 386
3409780502 997272029011 649 -869101795 920
-3566091553 4570079250 345 -930692072 637
-1550367055 6202336265 221 973987911 135
-1032152032 1002190349616 779 822283338 948
-898733425 4552972004 513 898733426 164
606089414451 -608120294131 152 1467168394 347
6331726470 -1009543590962 700 830315796 367
3440255655 -3718063951 423 -459523837 436
742767707 -963945339 74 -742767707 863
774221891 -999697912180 182 324047410 781
4532789118 480132510 41 937702970 768
-224085982051 226708449114 324 -340981200 826
-2460291541 -997665260837 883 2460291541 275
-2018056772 1002326984488 952 1415265330 923
286152605332 -288508407101 76 340828217 602
2957230793 -2660697383 741 -1754731993 348
-631358874 1002333962703 823 1320894017 257
-2755740023 -2100252474 346 -1968153278 180
-423925124823 426312612366 124 732498897 885
2629283399 199613300 780 -88689005 785
1460020862 -2383084246 872 -1246833001 477
-12574041714 -737332669669 364 -685372304 33
154639755 -1708769490 870 1765243560 38
6478416941 -7493984867 315 1145514621 816
-1201421175 5929266321 244 -2091265423 773
432121479 -1385420965 350 -1422408358 549
1454129043 -3018848624 138 1030210218 929
-3124457580 7741314396 491 -792392673 80
4217466918 -4297638733 486 -1815415944 419
-2735215104 1618120742 527 892938392 719
419432452 -2432741322 220 -1916944200 243
4136823027 -6446097122 770 -483002447 282
632339725124 -1634222861805 661 -2444589690 213
-933853371172 933950796771 586 1743336266 764
-810789756 314531039 672 2013288556 348
-1894799936 1007634287 752 860294554 760
2033500810 -4300058132 88 1842019066 618
734180821294 -737427376966 1 1258052258 278
-2171859929 1003977721941 823 434466165 643
2206527944 280989133094 87 -989810100 131
-885620879 227602710814 810 -1536271306 437
2942038045 -5207798120 284 -1079275352 5
6863726509 -6886397947 545 -776852888 172
528127707498 473268822651 823 -2211090752 162
535666619993 -529890374188 908 -1230274947 581
-896455985 2198227362 154 -352613747 913
-1842276712 689332181 323 -718708878 248
4035659351 -4063710082 16 -862265729 432
3760808 824044040320 847 1071115212 782
1823325236 -214695393161 296 181312652 557
3195705747 -1927437177 254 -867423336 285
-957785850267 956756916908 517 -1071889435 778
1716085034 998347601979 649 -439619272 631
-835334340 458055726014 576 403790945 815
-3094520983 2355977377 574 1676928846 294
7876897229 -4666709332 803 1453903039 133
3069076635 -5673448373 382 1418639572 683
430768849315 -433483028414 354 453800517 460
4253067843 997113769728 823 2088101585 402
-3055928425 3798696132 681 -986168575 963
-1115930216 -5701683911 51 -1193343879 770
7281006212 -6004540450 631 435443853 15
176094506 -4136039210 905 -1655444719 67
-4764849981 3479412069 407 2112243697 549
4307585054 -5274176305 563 -696386529 769
-934820183 -1257632199 987 2137318983 348
-1169403496 -227131502 358 259275537 812
4544762599 -6643894764 563 -1275788482 372
296533410 685367324 692 -855996697 205
3661250005 2367403618 997 -369006747 946
5352040971 -6764388603 418 -1864021885 62
1437526885 -3024674524 170 -2037318007 398
-3042644321 3267191115 386 -2135435989 689
-1729965723 970233493813 678 2080111946 193
-747223461951 746058682682 266 -1125399373 400
-115453684155 115453684155 144 830148140 933
1452276428 -256079805 453 916974243 671
-2922577628 1002064353288 722 -905046962 73
2189675019 -1973090054 480 1052506055 559
-887165644 4060559266 432 -1427792349 64
-3054056797 3903701178 89 1076634417 57
956134476208 -952358641653 456 -2222297913 832
-560883300 -999925752952 792 -1547556016 584
285570559669 -287135206239 412 -2374898631 87
-794079415212 505792274897 313 -1455626153 687
707352583 939471711897 69 990157384 186
-829316892 3281720722 651 -1437240430 88
-1034505382 2096905345 943 -45676824 125
7077150110 -9499042295 437 -2133470505 788
4866931642 98421888465 43 496015503 374
-1071824989 -997871689877 478 905448191 673
-623618119220 -157440992085 271 -1732566786 68
-4091445287 -4971031119 141 -821927221 341
914410891 998190014401 93 288087909 348
3103158018 21382210699 659 -1374644582 348
5548496407 447469756336 934 1426591263 424
14492350427 550279413830 966 944444364 6
-2309274095 -1782171192 765 1473939755 726
-836049154 579413782 999 -66379196 464
-1287701488 405309619725 839 576220551 543
-3292686598 452066158 469 405442396 247
-1239411213 2746797488 509 1653429826 104
-853265484 3617027522 120 1495593462 334
-1952503552 998164135864 1 1874536133 319
3101449811 -3050579566 66 -2422242225 931
673781965027 -362610812107 959 1609422581 251
1088646269 529716361 506 73768180 559
2828896699 -7202648029 132 -235758469 362
-378321034 -133777078524 754 392616056 230
-2161927717 4546886478 958 557234532 338
1745731175 -377142233588 100 -1221042432 557
1647778578 -1144283575 199 -1545339377 228
893211729 3135347229 852 -185213141 22
2517340076 -4241681075 624 -1314841276 348
79078152 -79078152 275 71526091 381
4601407434 -1644176641 688 1323433903 59
-153867559 4196760006 433 1860351294 338
-3050427707 -3431853660 227 244777151 175
826920708567 -825019442018 53 -132515432 797
-607222135 3995831375 281 -1439618660 529
359596903135 -356052672709 140 1811340688 78
3992283589 997441364453 823 -1108210218 992
955777902 -780003045 4 880966546 155
-1545977826 1002956250717 621 -364661147 495
227727821835 -228630250185 464 -1010731900 810
2576793647 -1034805830 521 1065527659 90
2397495838 -200413918898 876 -761357228 922
213497122 2019049797 521 989001678 348
7540617367 -7531379653 245 -1257223012 448
3953927159 -3123504200 465 290359770 945
3210187897 4506262168 15 1059426881 516
-319139992 -1958813177 562 -26115871 381
186099324724 -181577247569 244 -1804418411 579
698334387 -2576581844 295 -672499213 909
1043138866 -1001313273171 724 -2513947699 450
-3176832156 3866367299 257 1280451811 381
2615635212 -1002861444936 930 594552685 803
115992965 -1317414140 697 -1402622655 471
-177556603 -1557239470 330 -100365431 811
-910127959 828844096 656 1077584325 888
82040661499 -85721203360 20 950704096 793
1899347322 -2070425063 265 1824901578 723
-431543395 -1000471178742 724 1139759829 589
7854340127 -6948980536 566 -191977997 149
-226719885957 225457570936 1 1073047162 705
6084186618 995487176285 823 -631792521 891
-1894638640 1002250053113 296 1824242455 912
13731780065 -14286716012 359 -1585904604 337
-404838745 -958452900957 778 -267492340 549
3910041 1000546760704 649 -982296190 473
1869964520 998634589277 550 -516559578 749
-678605720 1002067757729 823 1916233524 25
1536085806 112355624503 660 814385567 524
8554116367 -9692712202 871 225489077 666
-1784285842 2888489986 256 613349719 647
-2204905296 -998089417966 792 1569081722 63
-1813433142 3384910394 214 -1061094449 443
1987467576 -280268624 652 -1987467576 343
-2650134041 -425394809 288 2038509457 549
-899528518301 1165196491893 889 702845392 159
-217138431916 218052842807 766 1018760334 511
-646622466 676430091346 611 1824853248 215
994462050887 -996480107659 686 -1885872435 439
689877337 1000727919368 823 -1141601367 528
-874403646 8415021013 801 -1047933441 428
-464509052 -1000241889492 792 1412340237 998
-98334101842 93794033211 211 244199488 467
427295813 -738158207965 112 1309747464 531
-2566628749 3110750451 600 1349746997 291
-725062383 -1699368755 563 468427011 999
996401143 -576968691 703 529687445 828
732097606933 266373238063 579 -1172050468 500
-648614847 -1000049075867 724 -54651327 179
-1400787709 1400787708 380 -163858861 412
677668701706 323757533425 823 -1885232826 611
-325733131 -609087052 738 769877904 707
138934468 2263116506 419 1063564332 348
4063475876 998699800990 511 2 850
987448994390 -987307004380 311 926438444 240
45811320 -1038670243 109 -1084069930 306
-1704946065 -998959567909 724 -129857019 356
-843288329121 841701338661 1 461223684 126
90117170138 -91539863097 700 965141510 34
-5427328011 4528594586 677 1405501845 79
-5548675759 8840919017 946 2058316626 474
-5448351280 -995320502094 198 -1076600458 502
1045519612 2324991184 652 1191440578 102
-5005052804 110532580111 791 1429918219 3
296165565 2735287230 555 -59505517 861
394767791 561010111 795 -1981915430 170
0 460836737 565 216584965 480
-26490122 2880015512 880 -1494355567 626
-1909475046 1517943712 24 760080239 117
246349943533 -246416555944 646 -1607456172 110
2550383691 -2337195830 477 1763412010 332
-399660375 6311569751 229 -258803182 976
7111730467 -1006317423847 423 157042119 623
-1554129735 3377454971 722 -711630340 284
-1138595835 3188354760 65 -1702024605 469
-923063384 5646698625 75 -571023322 873
-1494086706 551120126398 123 1029577654 838
687413021854 -685934414557 916 577006703 903
405260615424 -402599787497 355 -124264833 317
696122264657 55994234609 272 -932449211 989
-29872323278 1029978988526 411 1912464945 235
171809166 8052595239 728 -1010048389 929
-336816551 799585888982 994 314145113 545
2160003817 -3111956366 361 420076577 729
978922905 -4855976445 980 276892213 559
9094879 998622732302 579 -1589764788 549
-226353212 1930712264 560 721767819 234
583529146 3904187061 683 -650141557 646
-344578223081 1337154401533 439 256729381 900
272791798 -1000750383442 724 -1669326796 358
3078873405 -2382145484 896 -813484700 763
167456366 -1001019883556 724 -1897422089 746
-796794698 -3225031468 79 972310308 650
15196646749 -14681516632 349 1646471698 693
5452394097 11390724350 693 -1070363347 573
-1768211650 4397495049 692 871755665 718
647788656 -1001323885497 724 1401970269 65
-1530921343 5456746019 344 -1159388165 485
2288897111 700249677139 196 -1086398311 348
696727921 1487920858 177 1459877851 128
524686012411 -524686012410 164 -165982448 583
-5287258494 3178819178 584 -345918674 277
1195985294 -6323990 884 532528142 348
-117101984524 528295410517 710 -46273383 438
2413663570 -2237569064 735 970823265 642
-1868372611 -999371119538 563 -904260612 601
686011758943 -682639684993 335 -1008042066 510
1402056807 1802457059 481 222894426 630
775565430 -2296411119 626 -1028247872 497
2171004028 -6602513851 10 1871888419 433
1653971874 1000028152650 823 -817287754 421
2904828587 -3844035982 550 631389976 384
25835174 -569076548673 730 43004149 977
-851308563 -999791065837 724 -886085201 643
-2904829137 5501066697 232 2062488387 753
-70396185 -1479970870 675 515478338 209
-1249069732 1002969620088 823 133139516 733
3655572571 -6780030151 700 -442330364 442
1199289302 730353912 520 -1731407828 191
1478607297 3844017722 366 -2377340722 677
-443823689 3442865177 694 -1681352088 548
-1330581664 4569851757 493 1874703366 600
-821529601 -999733682571 724 -657515939 643
291110073 -2213447160 428 -1175675693 153
1398005825 996834565442 579 -14169943 957
4151901969 19479706722 406 -1153627910 482
-516968231 999308244687 579 20709514 672
6578645759 -11302539060 180 240688480 158
-228846154 -898596826755 159 -723106395 361
3293343694 -6028146663 409 601806980 580
3476009878 411576972 592 -1891344565 285
-16205955 -1005726632862 357 16205955 206
832068401 -1001569658754 724 -1895235504 191
-2255050904 1414231065 173 1380647258 837
483408352 -483408349 455 -744726273 404
8104013055 -9007498885 619 -904335412 458
-569525228456 -1057355901 593 474514957 730
317816593489 683063925126 649 1384352728 466
879495699 -966421425 181 724965621 559
2198593237 -4981416431 268 -1696000025 38
364985026958 -360848203931 704 1258689412 947
-16490351174 19356446150 300 1637137465 898
103093790 2180727307 237 1099405010 348
-3070323097 4115842709 859 1519956042 675
-1080804395 2144800928 262 2141766130 645
1953102987 -5234907055 173 -907583375 859
1062399963 2548798562 769 666113473 348
4297643315 -4313849270 928 -819098269 887
-2856852523 5412866738 185 -2112597852 218
3292243258 -1004590389808 612 -1552905570 461
456884155158 543064752459 617 336236516 576
-124045483 1003486145152 326 -1027827879 49
2170629777 -2113273528 416 -678338880 381
-2248066825 2145610965 447 353266889 708
-59525964610 -941343052636 724 -2223545934 716
-5795739754 6361304514 607 283883736 394
-153178391805 150291147603 247 935943555 103
-2307689084 149906863 405 1354389598 350
-104359231222 107827331935 39 1705417 479
-1421176319 2608351419 86 -1649146778 940
-2680332498 -3571302079 13 1199601928 45
-1510621535 -705042930 370 59744718 869
-757362734581 1758172740092 649 844853392 756
3832020651 -6139709735 954 -1869437306 250
-1140051253 436785079 179 1970474212 465
753647082221 -753020179939 434 2056899285 855
-2994358975 4448488018 699 1517905201 824
-893516657 814061299615 246 763714614 964
-981304289063 990491118052 393 894276540 134
-90027267677 91675046255 784 1868273565 668
-2587113135 2828586463 222 -1844396688 10
-528295610 1310289167 281 -688060756 305
678883909 -284116118 862 -1314707483 63
956044391762 -952512487193 499 -1811892877 627
3139439581 -741943743 799 -1028308906 113
746400515865 -737069715597 133 -1182641450 139
10075833056 -11526709873 869 -843910913 204
9109378305 -6563220720 644 1018789152 973
4768991408 -2612385636 128 -523005586 435
-658463557 -509365003 494 -1649225527 954
68839323 -2120385396 173 1368687562 744
-58098121732 59985468378 944 650430810 817
-6360632791 11813026888 891 1248783551 308
-3877053540 8034048039 318 1924549988 776
-2332391185 1000889158266 579 1303457826 517
-1055883252 -712328398 892 33932882 285
-2877744962 1002908772398 649 1505322813 886
-8122247162 -986026684576 366 1285060767 263
1547530374 -4617853471 940 -31616035 605
-4121730738 739560604290 278 -1305597273 856
2337515420 -711423699 587 1438319135 456
-2260956499 -389177542 831 -158980406 371
-81583855458 80616059996 184 1470821203 148
4156118835 683833909722 903 -251236851 298
3123566302 -2984631834 849 -1813374539 208
-3569011572 1004910656086 649 1434317786 194
1190148439 -3956936559 130 -718611870 28
-303189077796 301816655647 886 841959231 77
548628634904 -553289150433 357 395912867 953
-480423001 5135882166 415 -1095971249 72
8850630896 -10159107174 496 -1951907154 197
947831185 1421419486 671 -251103264 896
-256635372 -5376541796 277 -2373382522 590
