999 -999999999994
-4 4 872 10 1
-5260885389 1005260885387 654 10 2
-507339510 1000507339506 678 -1731943565 3
-147591126 999620713300 236 -177376230 4
42423639160 -1041949348572 88 -1575030957 5
691855901922 -1689939471126 212 -720952982 6
-767201702 767201702 612 1814664162 7
-1480478202 -998298597665 165 -592433385 8
-353117138624 1352844674910 796 881644270 9
0 -999476513383 764 0 10
-656298463 656298463 912 767789917 11
-790860865 790860865 299 1812507336 12
544414974 -544414974 928 546013467 13
0 -999415999023 399 0 14
951978870301 -1951978870299 375 983501197 15
-1844012119 -998155987876 444 359750666 16
0 998590583340 158 0 17
9381126586 -1008301396075 96 5 18
4 999978689442 913 -5 19
-202514539 -999366235585 118 -1824462456 20
500698838 -1000202528681 478 -328534380 21
-1492012347 -998300347256 16 -2128066148 22
0 -999708231715 323 0 23
0 -999297693919 887 0 24
-700722676 -999241462523 274 551513136 25
0 -999999999994 82 -6 26
35187997 999964811998 199 495199953 27
147247334188 -1147247334184 137 900811758 28
0 999988654598 810 0 29
2 999171355084 62 3 30
-1098499311 999657839168 487 1719423252 31
-2023230790 2023230790 420 1939824617 32
-1828199115 1828199115 64 1460440704 33
1259452915 998209578828 615 488855252 34
-283326813 -999606050677 449 155152407 35
-118852656 1000118852655 371 -1498784671 36
1153746430 997504888746 907 900186936 37
-1550044185 -998117557160 80 75634573 38
-1584407433 1001490729900 91 -1445144893 39
0 999413893600 800 0 40
764229895 -1000596167495 260 -2044645548 41
0 1000000000000 679 0 42
1315570665 -1000192864928 235 -1737657273 43
-331579288 -998032406183 31 1422985947 44
779840699 999080176273 254 2146970287 45
437760531 -1000052205200 72 -1781940987 46
1606521922 -1000884291262 406 1863460184 47
841071587 -1000371262594 402 1346283159 48
519636419 -1000424120025 999 -1222580427 49
-1505479120 -998494520879 78 -549357225 50
-917368324 -998969741972 439 -1543208967 51
-3 -999134146910 301 -7 52
1284530506 -1000811577741 554 -149093684 53
0 999964666448 523 0 54
824176324 998970761497 538 545970656 55
-1728068797 -997804505558 407 13598955 56
-694543248 694543248 948 1736840864 57
-2077252418 2077252418 788 -1474553542 58
-369533627 -998491981533 499 627096031 59
1492530005 -1001136806838 864 -337249680 60
321209955 999410732493 8 -561550682 61
-199457874 199457874 119 -1067703860 62
-260617823 -999710134149 352 1568054918 63
0 -999482403001 12 0 64
810256853 998166721612 203 -976347855 65
-1907451282 1001907451277 302 -1901769916 66
710650662 999289349334 839 1401832882 67
0 -1000000000000 631 0 68
894056884 998729238006 939 430695431 69
0 999210751110 772 7 70
197468330 998984770158 424 -2064111751 71
380603144 999466498697 793 689176463 72
501751603 999287202031 634 801326963 73
92648140357 906960395860 115 -2054263614 74
-275021678 -999055072684 147 -816483311 75
2065407449 997803736824 102 -2023845624 76
572269615 999401747451 195 -248166787 77
-280033404 -998824129739 149 3 78
927307779 -1000927307772 516 1096752000 79
-585392525 585392525 409 364894890 80
-195031104 -999804968894 111 798695799 81
-18252418894 -980564776346 732 10 82
-1156911479 999603167409 422 763338444 83
0 999840193196 174 0 84
1265401595 997880310126 470 732746576 85
-1 999764618825 180 -3 86
-1893314925 -998106685073 416 -1193854281 87
825982684 998488400606 642 734472608 88
-1500942488 -998050037992 11 1826637689 89
-756800304 -997971915094 791 335372324 90
-819444614478 -180221806743 85 -1394138649 91
-567523964 567523964 620 2143901682 92
440700044355 559083904312 113 93235823 93
5152174515 -5152174515 68 -5 94
248343826 998349417842 692 -115363653 95
-1498570589 1001490233296 557 1762229150 96
-141166457741 141166457741 742 397573403 97
1777782211 -1001694719564 680 326809817 98
0 998824097495 3 0 99
876866499 998477277520 652 -2044840459 100
7704490 -999727388770 705 -275620908 101
-69902911 -999377412639 48 -155850849 102
-952082426 -999047917571 803 -1872859096 103
682214343 998849120541 340 2134683633 104
3481670716 -3481670716 510 2 105
-395685685951 -604314314049 276 -953601828 106
-277059379 999999625661 658 1955193136 107
-502878656 1000395107858 285 1483381780 108
0 -999783032081 476 0 109
-63942291 -999936057705 534 967402443 110
2 999064682397 998 8 111
-2019870900 -997980129100 455 1482338237 112
622415419 -1000622415414 513 -1236586056 113
-238023190 -999241146477 312 41332496 114
898774112375 -1898126532848 757 -1159016366 115
-407557351755 -592442648245 226 -1958291083 116
-12262989787 1012212294761 596 9 117
-72165880 1000072165877 834 813260036 118
0 -999626809662 190 0 119
-1544275176 -998405820729 280 288237872 120
325610580951 -325610580951 492 316881587 121
-1 999789448618 465 -1 122
0 -999999999998 289 0 123
4122066618 -1004032017261 876 -4 124
1517751682 -1001224919986 555 -845352815 125
-1813227040 -997005589556 108 -1773998383 126
16988455 -1000016988455 778 273692594 127
1424155539 -1000535756128 63 1838555472 128
-1735920491 1001735920491 310 1650944073 129
219615477158 -1219148600608 855 -1722249082 130
-137511286 -999171688661 33 2111033475 131
1 998099943521 816 -4 132
-150959516 150959516 191 -570990176 133
1217493148 998227237059 661 -963647633 134
0 -999716624350 277 0 135
1498031043 -1001498031039 981 -2102703072 701
3 -999727297544 815 9 137
-2036799355 -996808321327 89 1031286231 138
780626573 998119532498 440 -2025030140 139
-2043191218 -997956808780 261 -2006491906 140
-1796689383 1796689383 978 -3 141
-6007375333 -992906187653 370 -7 142
1748397751 -1000536842923 560 -1412368825 143
524036192 999292888116 480 1843038877 144
0 999527645242 956 -1 145
1409615429 -1000870643495 710 618052057 146
-1198316102 1001100556911 882 1405819406 147
-3 -999771119951 863 -8 148
-1280284715 1280284715 390 1427501972 149
-1197919185 -998654520926 853 190192528 150
-223356078 223356078 447 1928210921 151
-6246998606 1006246998600 628 7 152
3214252876 -1002481966958 44 -4 153
6 999344954023 819 7 154
0 999879426197 125 0 155
-358703626787 1358064761128 287 -1049318520 156
-2019888298 -997452745140 415 1217997775 157
-568177555 -998404770442 869 -1421278465 158
806292160 998807820358 65 1217687703 159
1193629159 998438231122 632 535904662 160
0 999080047350 211 0 161
1852711087 997588633693 339 1096937583 162
0 -999005527103 197 0 163
-19918833 -999931379264 530 -548714327 164
-1212193576 1000465127093 509 252865759 165
-6480533820 1006480533820 214 -5 166
-1407397319 -997478985706 577 -1344733738 167
847668003 -1000530628034 895 411057983 168
-734538529495 1733438333010 428 233373943 169
-706758463 -998625903786 533 -1035961587 170
0 999999999997 389 0 171
557905337 -557905337 580 635735367 172
854319060 -854319060 752 -761209896 173
-1121915884 -998554895694 949 -163156008 174
-1262502376 -997762600188 894 1286465988 175
298002757 -1000239035882 731 1 176
-416470937465 -582434918577 577 179956295 177
-61600643 1000061600635 296 156112726 178
3080584128 996611504481 550 5 179
1318768184 -1000895895118 238 -1782939019 180
-717800342 1000692130192 797 -441352313 181
-1637219921 -997873958415 400 -686064343 182
-45283249 999773478698 331 1694717637 183
0 -999667462619 168 0 184
0 -999999999999 313 -4 185
-901687992 -998601904888 524 1728586888 186
971399542 998492028219 242 1355462713 187
1290773271 998180100187 811 845782820 188
-1383646271 1000618244871 718 717949077 189
46844658 -1000046844656 719 1270233360 190
0 -999680787014 194 0 191
5972799902 993212335298 829 4 192
1089529285 -1000729098842 535 1823424203 193
-1117786319 1001093328217 201 350742185 194
-998618006 -998172475828 616 -208188984 195
-1 -999522775700 879 -5 196
-52618943 -999331103004 394 1342678640 197
-1509996515 -998186724461 826 1678892940 198
3 998020630229 801 -7 199
-109427358 -998959720508 320 -1536065828 200
-1132723882 -998840698571 749 -71056020 201
1908229050 -1001619027949 792 -382543623 202
214986379115 -1213562900911 373 -1668065105 203
201617133 -1000170067347 844 2054636407 204
-1529272654 -998470727345 388 -978226661 205
-136394993 -999863605007 964 1704225300 206
1911361825 -1911361825 316 -665716210 207
0 -999986558482 56 0 208
97523792470 -1096330963632 633 -1718488894 209
0 -1000000000000 379 0 210
-906818996 -998467005552 721 -969919366 211
-546563877 1000104761420 695 1991091827 212
-394395149 394395149 462 -775317443 213
1 999618718542 924 -1 214
53619639315 -1052670934004 711 -1810238125 215
-1382436841 1382436841 318 -1602697404 216
520787296011 -1520787296009 733 -684688939 217
-8009163276 -991625613349 759 -4 218
1484759299 998515240696 460 1556997991 219
1919868884 996801992088 126 1876485531 220
504207845636 -1502784374596 243 1096588669 221
-961970272 -998577650583 934 1948313142 222
-435177843 1000435177843 122 1225595542 223
-751514481 -998343731142 266 218182607 224
911360466902 -1911358239092 279 477578020 225
-5 -999992614333 442 5 226
-14367949320 -985406784298 338 -9 227
137378506 -1000137378504 473 -1446605714 228
1349182592 -1000628645747 713 -1104367946 229
6 -1000000000003 995 6 230
-1097288551 1001097288548 959 1120445893 231
326415921 -999659279222 189 -774578128 232
0 -999853996010 720 0 233
1183194074 -1001143801115 59 -883193047 234
-582166842681 1581287328274 139 1204365467 235
-274547444 1000274547441 867 -2044473762 236
-678369551747 -321630448248 381 530793539 237
-590481886 590481886 84 517341608 238
2011382781 997232455511 251 -635317252 239
1693351645 997627290236 358 -212713677 240
0 999999999999 461 0 241
8654893681 -1008654893677 278 -711787740 242
625552960 -999639363038 497 1561253253 243
1458246008 -1000526614325 897 586775070 244
0 999602911349 20 0 245
-849449653 -998212476619 832 -1217526194 246
24628487 -999711086694 505 -131906590 247
-419722615 1000071669867 892 801904235 248
-158146610 158146610 208 247287835 249
-2128983422 1002128983417 833 -1647179476 250
-361403440 361403440 155 -2108871818 251
155198226 -1000155198226 324 -863155595 252
0 999999999996 767 0 253
-202869699 1000095782202 377 -951534621 254
-602045033 -998915092665 906 -1397851843 255
-1356797867 1000771304362 425 -571025154 256
-1635004664 1001635004661 865 -902367639 257
6132044 -999820435917 431 1964034838 258
7 999869426663 200 7 259
-1120825540 1000992405969 271 1408619340 260
2 -998296322370 186 8 261
-526691500209 1526691500208 608 -883434690 262
-1004154 999127632751 604 1803837602 263
-7119102520 -992576870183 973 -4 264
0 -999999999996 806 0 265
309069477 1807294152 781 1493877900 266
-1 999033838232 517 -1 267
128514661 999809308838 529 -1496279189 268
0 -1000000000000 699 0 269
1311862510 998688137487 709 -663566021 270
-83185327211 -915896797035 756 -1534074940 271
172001889 -999811510477 356 -1224596271 272
-132654225 998556178759 66 -1933381487 273
1795308126 998204691874 264 156350475 274
2557139487 996467114483 567 10 275
-865417338 -999006207522 489 1 276
-67120606 -999932879394 105 1872002816 277
1038398104 998484041755 617 10 278
953694039 998744111737 229 42005601 279
-1526108398 -998120621333 738 80008333 280
-613909071200 -384769054991 576 -1427724759 281
1163241901 998393199035 134 -401858048 282
0 -999721451060 963 0 283
-2 999232225337 635 3 284
1081176937 998918823062 503 -292135435 285
1993281204 -1001626785605 112 -1917104752 286
1073056973 998926943027 890 -1615352876 287
-1680042634 -996944003750 750 1849510332 288
-4094912246 4094912246 319 6 289
0 998649056389 540 0 290
-42284229 -999284751433 263 1102942772 291
-845739167 999448521931 693 -277194004 292
-958908525 1000583048041 782 453396693 293
388103186 -1000264382643 160 1365853960 294
0 -999737777861 598 0 295
18399432080 981576696904 368 -9 296
0 -999935659676 561 0 297
19506909781 980484913531 681 10 298
0 -999378509264 704 0 299
-1095103814 -998307047889 445 1030203747 300
-1903544565 3401575608 136 942562006 301
-11294382667 11294382667 265 -6 302
404932906 998669570847 167 455495429 303
1579285389 998420714607 227 -232746053 304
1981256915 -1001017870071 151 1228114506 305
-186263286 -999416412805 599 903443193 306
-950586853322 -49118439236 668 -326207183 307
-16594274456 1015325119823 43 -9 308
0 -999230775143 936 0 309
8509399964 991431147194 992 -4 310
-450237629 998969209575 685 953761790 311
509535741 999490464259 411 1116058823 312
-3 3 54 3 313
-1937376167 1001937376167 367 1140853160 314
0 999999999999 821 0 315
0 -999894306894 98 0 316
0 -999270302789 188 0 317
0 -998613707198 396 0 318
0 999876580687 247 0 319
1475888144 998226937092 6 1205475947 320
1935055125 996628885440 215 -19696405 321
-1410523285 1000638079099 71 1842700692 322
708472816 998201550921 743 744911917 323
2 -999989575421 765 6 324
-3 -998707700402 940 -6 325
0 -999941929856 827 0 326
0 -999568139315 859 0 327
-202962467 -999003733055 914 976566433 328
765468081955 234448952342 75 1668973036 329
-5 -999979892636 93 8 330
-642994224795 -357005775204 573 -886999147 331
-1644712277 -998343724161 114 -1522828855 332
778742685529 -778742685529 878 -1921180277 333
1538521441 997904037584 272 -1399613471 334
1075203712 -1001075203711 512 1636754162 335
845834568 998136500977 875 -1763958695 336
1516900038 998483099962 967 -1858055382 337
195301358 999189563014 217 239456426 338
-823408009 -999176591991 817 -1486277493 339
753376652823 -1753360917084 794 -1938225843 340
1251036048 -1001211615038 982 135579478 341
-378914495270 1378904255994 95 774499251 342
2093629738 997780970882 677 -10 343
1105649826 -997013086031 136 654391780 344
0 -999990547349 466 0 345
-854181827 -999145818173 828 1487497672 346
651544335088 346951310751 116 1738953435 347
-1320797404 -998193835106 354 -1143983897 348
-16568352587 1014953780133 355 10 349
588400625491 410491754145 728 -1917612387 350
-341478775 -998008247126 104 -1259207353 351
213545635 -999128857638 159 811179479 352
1411882014 -1001411882009 443 -1842826655 353
-1897773825 -998102226175 691 1200501635 354
-1529013749 -997865420995 306 -1751163645 355
18737084 998869015160 286 1772443698 356
1197379658 -1000097031311 413 1570651906 357
-1665131679 1001566135095 39 -1939894910 358
946574659 998288608852 638 -1825270113 359
2101168964 997720131117 76 1458796181 360
-14558917570 1014549769720 880 7 361
0 999462926264 334 0 362
0 -999296434198 619 0 363
1717424084 997364618208 51 -2138504272 364
0 999196269876 140 0 365
91039343 999900249942 321 2056778458 366
1025036365 998974963634 541 -1 367
-412984200 1000143446020 209 -28602159 368
-1776117967 1001776117967 741 1 369
-124685536 -999523183348 996 1097570195 370
3 -999709141344 532 -6 371
-2027371196 1000903762644 662 1365286903 372
1813635964 -1001464938156 162 1786410996 373
-8 999430723224 777 9 374
1 -999999999994 275 9 375
-341934672 1000341934672 955 -1354691778 376
-138288777 1000138288775 86 -274131360 377
-943971181513 1943971181512 436 1884052711 378
-1 999647369830 933 1 379
1117004348 -999276556744 807 -1316685907 380
-3 3 365 8 381
1249545970 -1001168502929 566 -580516380 382
2143395605 995814223668 787 1477380377 383
-1360091872 1360091872 24 1452525208 577
1471234302 -1471234302 525 -841990989 385
2014889740 997139785098 103 589145466 386
562726724736 -562726724736 123 -1717761337 387
-7 -999942341337 458 7 388
-2 -999230423424 328 -7 389
0 -999433328828 609 0 390
1319622167 -1001305518487 991 2051057329 391
-1949369096 -997473600135 984 2 392
-931521281895 -68478718103 531 -1532526002 393
431819331 998798736936 385 774450458 394
577542631 999422457369 401 270564148 395
-461553840 461553840 317 1507782709 396
-998348170980 1997962727474 649 446200592 397
0 997917605765 435 -5 398
428976930 999086174876 586 923217891 399
1184804661 -1000999004390 837 1758692413 400
-1 1 233 -1 401
427890076 -999749805448 536 1007007131 402
1876736905 -1001876736905 877 -3 403
-3 -998656344958 131 -3 404
-534803011529 534803011529 911 -102970304 405
261981165 999105864113 49 938534977 406
-821689224 -999087402255 650 610086063 407
0 -999560066023 157 0 408
0 -999666947492 938 0 409
-306689553 -999380910945 258 -216609358 410
-4574397536 1004574397528 441 -3 411
3854162407 -1003854162407 417 3 412
580506082071 419493917921 675 1446342247 413
893518195 998990125916 262 1200200596 414
-481889417161 1481348885582 239 833467337 415
1874946867 -1001168562658 766 5 416
0 -999708313043 45 2 417
-44191992 44191992 745 -141698634 418
0 -999999999998 920 0 419
0 -998972758463 789 0 420
-1563904278 1000111460169 542 1375014695 421
187591210 -999591900393 683 -1808439610 422
2143693904 -1001506228561 300 56992089 423
-621944715 -999267939109 838 -1334852047 424
62418509 -1000039000853 673 -1034525971 425
-616455810 999279761943 769 -3 426
-820910442 1000499327826 333 -875855101 427
1488023332 -1000970294114 488 -1951882153 428
-3 -999773517107 27 -4 429
3528389337 996323384259 780 -635667324 674
-876360655361 1874998198394 908 288443104 431
-126565104 -999755981535 835 -350038811 432
-669351982 1000480352818 836 738980899 433
-1372790305 -998555898774 183 -1774164483 434
149209876 999850790122 142 -2083023791 435
2560671135 997117761921 988 -6 436
0 999916863982 972 0 437
0 0 161 0 438
-90850779 1000090850776 479 268113773 439
1669913351 -1669913351 485 -1216134446 440
5660462414 994126237037 785 -9 441
1294231198 -1000643295403 771 47373526 442
5 -5 269 8 443
-1715354325 1000040067576 46 10 444
2129074707 997870925292 918 968598865 445
-1983627135 -996738847592 347 943322028 446
0 999491231553 610 0 447
-1 -999975090568 702 1 448
377358902 998925504570 802 445156536 449
59882024 -59882024 109 -1113393762 450
782229139 -1000650672095 626 654316388 451
2365684805 -1001931853055 763 -3 452
587297714 -587297714 253 -1793726968 453
0 -999379199882 739 0 454
-74086061 -999750486787 421 1 455
-469481619 1000469481619 267 454330153 456
-444828234 1000444828230 546 -1516148870 457
883944326 998472193660 250 2059313345 458
1665173070 -1001469967559 671 -2097069442 459
3 -998246919142 220 -7 460
0 999665112471 348 -3 461
0 -999565042829 463 0 462
1097714704 -1001032202377 708 600277599 463
0 -999295544573 223 0 464
1032276397 -1001032276393 230 -1842725410 465
384213514577 -1383489114146 689 1003773794 466
1122386962 998359351033 809 -1136483942 467
833463989 997717793330 41 1671233604 468
3 999650297092 256 9 469
-1606863679 -998393136321 176 -1220429970 470
-1800905982 1001800905980 124 -1339118922 471
-2058440765 -997653585147 120 933727549 472
1 999999999999 398 9 473
-277144128013 -722493109199 630 2064568341 474
178311433579 -1177383030465 47 -374417815 624
-1090127955 -998218307706 291 1138760438 476
-595802965089 595802965089 874 -260632259 477
-1619921728 1001619921728 696 532878755 478
7 999664602844 845 -9 479
1619044553 -1619044553 672 -186753579 480
0 -1000000000000 755 0 481
206670602 -1000206670598 504 -383647378 482
-548121851 999356580950 850 908890056 483
8205128827 -1007280139558 446 -7 484
0 -999916103181 34 0 485
8899656895 990960390779 471 6 486
-159378114 999691579155 232 -2076338291 487
423036528 998438986184 255 598745693 488
1757711730 -1001535094450 645 139405614 489
812085755 -1000637554926 969 1111987622 490
-5308913376 -994209265719 997 4 491
0 999164921854 380 0 492
-1675956359 1001427539164 60 -897991049 493
698881188 998001862067 216 931508721 494
1552813317 998447186683 585 -764809815 495
491985285 999477384306 405 1540353842 496
-1936809694 1001936809691 968 1877734464 497
981550233 -981550233 820 -7 498
-27991812 999318372724 515 1943255882 499
13382616136 986557304728 77 8 500
-1991290664 1001991290663 426 -1457785208 501
-2 999718243173 899 5 502
9 -1000000000009 735 -10 503
-6 999144602606 58 6 504
-1123881815 -998801126406 97 886822892 505
-5 -999587048712 989 7 506
-867320687 -998733446114 637 1994717689 507
-269695799 -998466625812 781 -1345722543 508
-2069731283 1002069731279 52 -1164328680 509
0 -999215219563 221 0 510
0 -998772402875 198 0 511
-1 998467430060 5 2 512
6535292989 993458011071 746 6 513
0 0 935 0 514
2029975134 997122807908 754 -1207337053 515
-2365395777 -997125616195 25 8 516
582656886946 -1582074468038 597 -1421081745 517
-2043535493 -997841167193 169 545106777 518
10098730 -999424677944 231 -13221669 519
164739417 999783320377 870 447048559 520
936023506244 -1934988625983 346 -241577061 521
0 999692412223 607 0 522
-1910557264 1910557264 985 -89581118 523
971807330 998716469545 723 699633147 524
0 999978724115 270 0 525
-1428021457 1428021457 851 -226812155 986
-1375307238 1001300863773 960 -190445957 527
185386318 -185386318 511 1082681103 528
-1071684414 -998021399514 32 -1373126897 529
-1947077602 1001734802111 477 312755945 530
-10812891410 1010425044770 547 7 531
-1853569101 1853569101 761 964111664 532
1771657977 -999997823164 507 1194635227 533
6 -1000000000001 888 6 534
-1980551887 -996888536573 947 606479646 535
-1867281064 1001328761689 393 1971254218 536
0 -999420017143 737 0 537
-1589685205 1000385024162 729 -646471674 538
-1933253899 1001820473869 822 -300759682 539
863333657299 135390456783 903 -1424372622 540
-9 999545677959 957 -9 541
-535274299 -998662383874 496 -1525317298 542
-3084655910 3084655910 804 -8 543
-563418365 1000328524686 213 -1846621235 544
0 -999963610673 178 0 545
4 1110643924 323 -8 546
-1307356980 1001307356975 931 -821098860 547
-1 -998587197581 856 -3 548
-1043478509 1001000339822 987 1828108607 549
-583651207 999697179556 774 -899528543 550
1005461509 -1000799252860 951 2036551379 551
-516549318984 -482460611504 950 -698704161 552
5 999495654274 726 6 553
1002100196 -1001002100195 2 1491101561 554
-1333202694 1000753109164 281 679165963 555
-300674382 -999279349030 244 1454259780 556
17479532 -999994253577 490 -18533485 557
1557621757 -1001414571427 591 1840912873 558
0 999999999999 703 2 559
1301429678 -1301429678 23 1818345227 560
1236814600 -1000817050362 667 93410382 561
767157894 -999078755551 322 -1560257386 562
-288391163 -999711608836 727 -1130316531 563
-197859013 1000197859011 861 -375471919 564
-525136709 -999474863290 298 -759461434 565
-135433696 -999656389508 293 366086973 566
654458947610 344923324212 570 -1566205938 567
-404601422922 1404203576572 508 1850951763 568
0 0 363 0 569
2064719014 -2064719014 770 -625669732 570
277209113108 722790886892 622 1176780677 571
0 -999956787344 843 0 572
1 -998941265581 551 4 573
-1051480686 1051480686 42 2051248141 574
327401017394 -1327290263249 177 -10122485 575
-1767140239 1001612210724 891 1483498491 576
72960319 -1000072960315 975 -402074297 384
-1939544472 1001924132108 697 2143531380 578
100065243 -999006205826 129 -638022556 579
0 999959520883 712 0 580
0 -999870901482 854 0 581
0 -999667528113 451 0 582
-988573213 -999011426784 952 -1941438628 583
0 999685571869 565 0 584
1391639810 -1391639810 99 -2 585
-542052944 542052944 210 -1941858650 586
-422899508255 1422899508254 196 296024042 587
1555663474 998433722064 684 1289758615 588
786044182730 -1784680599827 329 -1444287660 589
-283233474748 -716634354756 341 -1675795798 590
-1952482049 1001780375278 181 1747643551 591
0 0 572 0 592
-1210723574 1210723574 916 -1709704792 593
-5 -999463809775 779 -8 594
-2 998750310724 590 -2 595
-1648135580 1001550418378 21 -99276186 596
-751055716 -999248944284 500 1670010912 597
-1762496774 1001762496773 404 1688621457 598
341436370634 -1340865782869 694 495031025 599
6 -998460054044 954 -9 600
-437044814761 1436948984203 660 -114014309 601
-45797873 1000045797872 656 765201763 602
1357659173 -1001278562786 922 -383551215 603
-820201078 -999128005905 423 -1911944225 604
1528164378 998463204160 519 718739516 605
1772338760 998227661238 498 1985285865 606
1866420823 998093937891 101 -513284975 607
-1 -999752256569 13 -5 608
-637637417519 1637507857367 799 638088027 609
-68235381 -998613400791 578 -1034740649 610
-6 999884232032 687 10 611
0 999652838660 133 0 612
1664670704 -1001028146357 81 -420209296 613
-1125876533 -997624144696 128 41263131 614
1142098347 -1001112456509 193 -560542916 615
633695516 -999913158613 472 944995075 616
656251490 998838157062 744 -834474677 617
453275370 999428135125 579 -978106410 618
-1163063600 999741457731 74 1145962538 619
0 999999999999 977 0 620
4204241062 995576250119 282 7 621
65916117 999934083878 965 -1 622
-1569577124 1001569577123 141 -1824427277 623
-345813038286 -652785919837 724 2314232830 475
-177148767 177148767 522 -1169550789 625
-1552711188 -998447288812 154 146638621 626
-1459290057 1459290057 295 111932981 627
4 -998932065479 305 -10 628
0 -999999999997 553 0 629
-650118873372 -349506834404 92 728163258 630
-4 -1654833608 986 4 631
-445673107 -999453308048 558 -1001078612 632
-309818695004 -690181304992 469 1504341651 633
600680414 -1000600680414 361 -1458669012 634
-274960926849 -724429739061 110 -1576971723 635
-195617494 999171904500 983 -431775 636
1555667911 997558870182 156 1663050556 637
-601207927 1000482631842 61 -1501255843 638
-2104136827 2104136827 438 -104432038 639
0 999819960615 207 0 640
1025835052 -1025835052 283 -1527675226 641
-221256966 -998342974237 468 -1028328848 642
2198405199 -1002198405194 486 -2 643
180281198 -1000026804311 974 480238019 644
435225878 999564774122 218 1161687118 645
385340825 999083818682 351 -513051733 646
0 -999809671934 224 0 647
-617104381863 1617104381862 846 -2044335744 648
-856299748 -998698817137 930 -1650942007 649
1821574686 -1000864612693 314 359171985 650
-1261342042 -998738657956 412 1600225784 651
674291067471 325681674584 50 -1124785732 652
-4992647171 1003451316941 544 -3 653
-5806174334 -994193825662 740 -4 654
-114447205 1000105983080 601 1519309864 655
-7676399251 7676399251 629 -5 656
610419411463 -1609878793257 344 311863636 657
-376492586 -999432338156 842 -311266436 658
-5 999989534673 527 -6 659
-773722354 773722354 10 -780559978 660
-1887563834 1887563834 297 -1830589203 661
-1815395455 1001815395454 730 -1368935413 662
909934361 998827650600 164 610198830 663
0 999038104334 387 0 664
-1964578543 1964578543 862 1 665
-315471819 -999534894294 587 1583772240 666
306775738 999563451724 459 1999774023 667
-1612214512 1001612214508 26 324266757 668
1696233370 -1001345817588 898 -602160226 669
1526379529 997428908509 467 1714878692 670
639668452 -998991345121 204 734001807 671
0 -1000635667327 674 0 672
167333379857 832528868815 860 249371921 673
-87228373 1000082554064 410 635667327 430
20409072732 -1019941475192 386 -10 675
2111991798 -2111991798 40 1 676
449616426739 -1449227856068 69 -1459570753 677
-7462723388 -992537276610 192 -8 678
1 -1000000000001 676 -1 679
1583303817 -1001259285227 605 1185207386 680
-857930438 -999142069559 506 -51992195 681
1808696058 997625092355 106 309423104 682
745957859 -1000612196557 971 1056124886 683
992533841398 7466158600 452 -438561420 684
416762357899 -1415743947169 335 -1747016859 685
4553296296 994722014000 725 -3 686
-99081600 -999863694999 670 -133295563 687
-925226949 -998595273052 383 2042908823 688
1345981499 -1001010930413 219 1382074007 689
993148906 -1000283733638 138 1540122422 690
1 -1000000000000 18 1 691
-918084564 1000579833268 613 -2003037768 692
1603219309 -1603219309 464 -1472672915 693
-21884118 21884118 915 1702568191 694
-863558097904 520059292448 475 -1414666891 695
1564893778 998435106217 990 -3 696
179480479856 -1178980011416 921 -235371230 697
-1269933015 1269933015 647 1105566129 698
-8539708320 -990946325426 28 4 699
0 -999802231258 651 0 700
-150626221 -999849373779 559 2127632224 701
256383861396 -1256127551678 923 1959998365 702
3862579483 -1003150974804 342 -4 703
940880476 -1000940880475 958 983598220 704
-1717371720 1000598159921 143 334787760 705
-264317082 999957535972 453 -1717709852 706
51506117505 948162600571 783 -833580019 707
1558691595 -1001234446854 666 209429774 708
-6359621733 1006351359403 482 -10 709
775558426 -999833784018 786 2024770418 710
221917528 -1000221917527 70 1276210999 711
-215605236 1000215605234 961 -1148306689 712
1723431759 -1723431759 454 723790958 713
-1195312538 -998167075996 9 1415038952 714
407425145 -407425145 241 -791041251 715
173845061 -1000173845061 392 -1640079836 716
1421508649 -1000550780400 528 265575201 717
1625375117 998180518718 307 -1892996629 718
-2 -999999999994 611 3 719
-1614194975 1000870173082 434 315001515 720
-67475684 -999528671818 698 648058592 721
675135615 -1000675135609 152 -186283227 722
-1676602465 -998277150720 873 -960081380 723
1040927897 -1040927897 700 1448753458 724
-135759932 135759932 29 -1250827372 725
386988837 -999941287058 73 -684790038 726
-442275705 1000329756005 450 3 727
472137236 -472137236 537 -1426314632 728
289303 999964252154 202 -1802879151 729
1 -1 419 -2 730
1308536498 998478205605 736 440496951 731
-873238680 -999126761317 502 1232029576 732
-8 8 581 9 733
197861501 999579800104 823 -1113844630 734
0 999914025938 53 1 735
-677796931459 -322203068541 491 -1036825509 736
648631857821 -1648048853355 294 1849665404 737
-853540491 1000853540490 900 1285448120 738
854254498 999112910465 883 762954580 739
4 999629621888 495 5 740
1220725786 -1220725786 408 -1 741
0 -999560109064 175 0 742
-1580158763 -996918140213 222 -1333986910 743
-1407080384 -998592919613 117 -1188719108 744
0 999934317923 432 0 745
-1038564368 1001038564367 686 -11443503 746
292609703 998561235755 332 679867990 747
1874977575 997091602171 593 -2139119246 748
1659313497 998230754133 868 34961003 749
81446741 -1000081446736 893 1597928789 750
-6453702672 6453702672 582 -6 751
0 -998839306353 840 0 752
837618211992 162381788007 993 -1397198868 753
-268915662 999761440820 715 -873620366 754
-1393629050 1000686269222 337 1 755
236828626 -236828626 14 1337776376 756
924155833 -999470458805 690 1808818402 757
1760353333 997486102605 336 1865625467 758
-1276112074 -998723887923 330 482531979 759
-1096691054 -998213825167 79 790369843 760
0 1000000000000 808 0 761
-667316482 1000566910096 4 -727868973 762
-1098786381 1000834908135 886 569576373 763
2061631833 -2061631833 904 1277472124 764
275672391 999717402235 257 60699390 765
1980232225 998019767775 145 1132662724 766
4 999999999996 595 -8 767
0 -999156280526 475 0 768
-1802707215 1802707215 326 -1849290228 769
0 0 171 0 770
-791733837 -999097065720 917 1254469008 771
1547546118 -1001047188960 237 -2011417752 772
-376432204 376432204 481 1902782452 773
-522162275 522162275 664 -1167798704 774
-1227705949 1000969177767 603 395146243 775
0 -999793891590 682 0 776
-389678632 389678632 925 -1908054202 777
1 -998873578274 414 1 778
-899068251 1000899068245 543 653938927 779
609776416 -609776416 776 -376646060 780
2116363629 997338503990 929 -560700155 588
927684177091 72315822904 910 -959199499 782
176594842 998923325138 618 -1103192189 783
0 -999378040048 57 3 784
1148046256 998817145385 648 -288540495 785
1334890246 -1001155227963 655 2146766343 786
681973679 999116782731 589 -2086350723 787
0 998216570672 623 0 788
-658239215 -999337579004 456 1283180616 789
1587050745 -1000419541547 7 -1942651482 790
76780822 999607080462 564 1385305820 791
351642010 999606995796 240 395750867 792
-465485258 465485258 362 -690346851 793
24999135 -1000024999133 866 88433787 794
-1291541325 -997317168807 378 -1665978375 795
515433786 999405833997 639 -577579250 796
835981780244 162399322125 353 -42562302 797
726390682 -1000634032078 688 -1877931799 798
103789428 999589491252 753 -364213716 799
-124081770 -999875918229 621 -1030451521 800
-1950817234 1001950817229 594 -2036601726 801
-1924163653 -997982605485 225 -1026899515 802
-1 998704546212 748 6 803
0 999788775828 625 0 804
336558263114 -1336558263112 374 -304936763 805
-13671789128 -985125984570 714 7 806
115987510814 -1115585432251 571 2044306538 807
2 -998811737202 606 -2 808
2101845662 -1001964874840 303 -872598331 809
-79887793657 -920017303813 121 -200757845 810
-1132437412 1132437412 290 -1124273383 811
-54478708 54478708 437 526560089 812
1248681872 998751318127 484 1608618853 813
15958835139 -1015700320305 494 10 814
-876679193 -999123320805 966 687913649 815
1144592154 998171902457 734 -2103281332 816
-4 -999312244690 813 4 817
1515243804 997863032850 980 -497503879 818
-608363681 998775624692 790 -812970177 819
0 -998837110517 942 0 820
-1 -999999999996 179 -5 821
-499273030 -999469403643 395 -2000772986 822
121483653 -121483653 592 -359071903 823
-1405573760 1001156000594 87 -670778085 824
448631127 -999244825331 67 -1 825
967496640 -1000421323594 172 1969811452 826
-1002481856 1000797371048 902 832449540 827
-1971824920 1001302481436 182 6 828
1920023218 -1001691550648 433 -946171833 829
-950832484682 -49068995895 627 -640328568 830
7683991445 -1006436081551 944 -7 831
1581336613 -999796233592 758 1681753383 832
-4 999584063280 493 -9 833
2790233629 -1002519094761 848 -4 834
-1330131235 -998273464996 83 1595131654 835
-521840174 1000521840173 643 -1023882130 836
-168237433 -999758170352 38 1814239496 837
-2002913824 -997997086176 369 115697040 838
15608731896 983677867212 707 -10 839
-1690917526 -998125229313 663 2081729413 840
820713992112 179072115638 798 -1363517113 841
1495113122 -1001495113121 259 701193238 842
528833777174 -1528825864893 812 262363234 843
1889846394 997442038540 562 155375046 844
218805581 -998621840723 144 -1564077930 845
-1831876171 1001793338221 795 -2 846
0 999741926880 228 0 847
1720222638 -1001712816187 311 322424045 848
0 -999930285114 35 0 849
944232753651 -1944014811078 127 -1515991818 850
0 998982465185 716 0 851
-85119756 999912226462 304 -158984437 852
-2039197069 1000738274282 22 691964801 853
190281808 998662038399 583 1886907893 854
-226727566 -998339384016 288 1685170988 855
1575713156 -999533790368 574 1733384594 856
1871592409 -1001871592405 962 2135536658 857
-921657552 -999078342448 943 -1159846280 858
816032309 998245013732 976 1309403366 859
664801502 998973908884 552 -792384970 860
-2 -999796999119 717 -8 861
0 -999588937403 518 0 862
-1105247795 1000900970434 805 1428706541 863
1539337637 -1001504793246 896 719758170 864
1 999999999999 825 -4 865
-8 1000000000004 751 10 866
-12782961283 -985843468666 881 -8 867
813932349 999186067651 166 -884921289 868
421919701 999578080299 653 1433852034 869
-324220903 -999412136173 884 -61332533 870
-691010534414 -308929501710 55 279086102 871
0 0 345 0 872
-274902782097 1274902782097 403 74105782 873
0 -999958849328 871 0 874
1234627705 -1000996889715 775 -2078641058 875
-1365503262 1365503262 932 433961081 876
1950376096 -1001950376096 448 1 877
0 -999140613660 945 0 878
-1191241325 -998707642388 150 769130612 879
2141085414 997858914585 325 -19908816 880
-1089164885 1089164885 163 1933211754 881
-1391452582 1001391396438 636 -998298797 882
756392887 -1000983205043 986 -228809428 883
1250279017 -1000993326380 474 1427940993 884
1521204334 997904370220 273 -561604160 885
126061018 999797007128 418 -963944128 886
591515215 -1000094806460 366 1014086419 887
18958670608 980465981812 762 9 888
4233164064 -4233164064 768 8 889
1 999420597491 376 -1 890
-547642097155 1547642097155 94 -635518344 891
-576268895 999572441887 170 -2028860479 892
-15454507855 15454507855 309 10 893
1901232476 998098767521 148 1220641872 894
-1970491031 1001897480005 852 834207750 895
485236619 998990491233 669 40995357 896
-235131165 -999764868833 284 2030148856 897
-786635288 999384392918 641 1297224609 898
417757051 999582242947 343 -558268428 899
3 -3 135 -3 900
-463050170802 -535762249991 206 287019067 901
-277782474858 1277782474855 429 -655167879 902
1627296202 -1627296202 17 -1806334815 903
0 999666867556 919 0 904
-623285240467 -375471698378 568 -1644837409 905
-1328787458 -998048355784 556 1313405724 906
-898434112064 -101419931549 979 -1732504792 907
1546270317 -1001400396719 37 -1695733457 908
1683674520 997075335971 100 345615545 909
3 -999686772759 397 -8 910
0 -1000000000000 30 0 911
0 999334733915 841 0 912
-329980354 329980354 514 -191924150 913
-930086362 -998845739730 901 941770386 914
0 -1000635667326 674 0 915
0 -999333802763 760 0 916
-16132401471 16132401471 640 1132055694 917
3185475561 -3185475561 849 -2 918
-320800694 1000320800691 659 -421935725 919
4 -999732541209 657 6 920
1365929542 -1000703149046 773 1136056142 921
-1248124703 1001042436007 130 640585490 922
82042741 -82042741 327 324513383 923
544614801 998321221007 858 -1025743433 924
0 -999999999999 784 0 925
-1 1 315 1 926
627759713 -1000627759713 926 1969260547 927
0 999689377236 252 0 928
553470716 -999101237851 970 -597786593 929
-1059721097 -997627089289 372 1838849716 930
7253273688 992253873544 501 -7 931
0 -998633011202 360 0 932
1133257011 998509755902 268 -417613598 933
-1412663405 -998587336595 889 915712805 934
0 999999999996 600 0 935
1416020737 996844394099 364 926524811 936
-1933225752 -997257552179 549 1042561242 937
-1678111635 1000589533876 563 1811232007 938
-234889589 1000234889589 185 -618341487 939
-807165633685 807165633685 245 1378000480 940
-3933376168 3933376168 994 3 941
1796244631 -1001589448218 747 2147281878 942
-2010236522 1001580759423 36 1 943
232441278 -999907715638 644 1710589951 944
1750464012 998249535984 831 1708005252 945
-2311753455 1002268835270 246 -3 946
-1188296070 1001188296070 153 1465023190 947
0 999999655704 575 0 948
566843846 -566843846 184 949899008 949
2051230500 997557102946 830 1662892294 950
485767148 -1000150101494 937 1464538153 951
3 999897246840 539 5 952
855461875 -1000163346339 357 252240515 953
-1382030694 1000751357164 359 1783681616 954
-10 -999782661120 953 -10 955
1889927152 -1889927152 847 -635438037 956
1841915430 996855361666 457 -549396345 957
13057073701 -1012888027201 90 7 958
5002082059 993522362748 905 -6 959
-171071289 1000171071289 308 -1071914928 960
-1 -999596354384 391 -3 961
-16845645396 1016036982580 234 8 962
1084105204 998653614366 382 814988238 963
-1 1000000000000 946 1 964
-3677619733 -996322380267 941 -8 965
1455078780 998036717874 885 7 966
-4462778676 -995537221321 349 -7 967
-9287135930 1008483737479 205 -7 968
-472118550 -998815385997 15 889896127 969
943202030 998452127030 824 1868207419 970
1524479312 998037223300 173 380756927 971
-1394373308 -998605626692 665 -733561346 972
-362794095 -999055499300 483 864475068 973
1006252253 -1000405552604 602 349826206 974
4 999810116705 646 5 975
2010291541 997395323359 427 -1375242420 976
3313161069 996194864009 818 -2 977
0 0 584 0 978
1690219271 998309780726 132 765706623 979
-2036482485 1001861097758 292 -1990884213 980
8001940338 -1007697040531 857 6 981
1418687458 -1000778770110 187 907046437 982
556963794 -1000467138684 909 -1303419482 983
572526617 -1000555015267 614 1988062616 984
0 999999999999 19 0 985
1316359891 -1000908759316 248 226812156 526
-677339319 -999205547747 520 -1437692817 987
-1524982134 1001423347377 722 -377101098 988
149986147 -999530738022 107 434290632 989
3013086093 995756590216 350 -7 990
729326948 -1000485925111 927 118176101 991
-348709118 348709118 569 -100612478 992
-5497536903 -994337180008 146 -3 993
0 -999942863515 249 0 994
-4677610453 1004677610451 548 6 995
-1162585739 1162585739 545 1255956331 996
-2090573115 -997909426876 814 638149460 997
513899664103 485543152679 706 -1439658808 998
-44224530 999844074878 521 293300164 999
