100
437 0
571 0
825 0
775 0
210 0
406 0
705 0
476 0
566 0
234 0
942 0
129 0
275 0
876 0
338 0
451 0
37 0
576 0
868 0
41 0
391 0
330 0
55 0
842 0
928 0
735 0
960 0
865 0
186 0
249 0
641 0
50 0
501 0
798 0
46 0
284 0
27 0
753 0
354 0
888 0
267 0
397 0
549 0
760 0
242 0
790 0
552 0
587 0
253 0
505 0
694 0
993 0
528 0
665 0
182 0
998 0
601 0
905 0
281 0
526 0
434 0
583 0
971 0
930 0
17 0
280 0
860 0
289 0
955 0
593 0
945 0
793 0
720 0
934 0
810 0
965 0
726 0
252 0
626 0
745 0
750 0
843 0
266 0
664 0
931 0
295 0
386 0
894 0
732 0
442 0
897 0
514 0
449 0
560 0
16 0
399 0
821 0
432 0
148 0
7 0
