1000
9648 966
5076 524
8302 857
1755 185
2332 278
5908 560
8856 900
6505 689
3659 374
901 24
4275 438
9673 983
8597 822
3964 396
1644 175
5039 577
1260 110
2977 223
8255 849
3250 369
5904 523
1355 120
4832 462
6361 637
8613 856
2261 288
8539 874
5936 537
5747 537
7626 728
5602 501
6530 621
3344 307
7268 800
6474 630
1048 105
7541 717
6115 611
7021 711
7839 767
5419 549
9669 939
2834 261
2702 281
9290 983
6132 670
410 4
9482 934
600 74
5872 549
9479 975
5018 588
834 29
6408 681
9448 909
8120 855
7466 736
2406 246
8644 801
1497 136
2116 252
3704 398
1354 190
6738 676
7758 713
4131 439
945 8
8918 840
567 76
129 13
6201 646
7841 772
7199 788
9677 924
84 60
9026 923
743 55
8685 801
6733 647
6966 671
9038 992
768 64
6251 627
7295 778
5141 575
5438 502
1820 138
5077 535
1264 105
9916 958
4360 416
793 85
920 45
4937 495
1214 117
3755 320
3076 348
959 83
353 3
4477 479
3937 356
3809 379
2903 214
9053 921
6816 696
3709 396
593 11
3242 392
9274 943
4364 432
3936 309
9992 904
3088 329
9877 966
7798 795
5809 541
8419 805
7650 784
4889 405
2433 217
1978 108
988 61
1294 194
5584 530
2039 223
4260 435
9596 976
7078 749
4539 446
1668 189
1114 173
5637 585
752 22
3167 316
824 59
7675 705
1590 125
5165 573
6013 677
7662 758
8838 880
7734 712
6972 698
964 46
6983 638
6427 630
9888 992
2017 279
5733 584
1541 113
8131 899
874 48
9152 945
8442 811
6341 653
7902 780
1411 122
230 44
2491 203
3400 364
7933 798
1185 143
183 93
4149 452
1378 170
4130 405
7411 757
7060 779
4523 469
3906 376
4655 409
9008 915
4038 412
1391 125
3116 303
8058 802
6333 640
6946 674
1800 123
7956 782
4524 470
9481 979
6606 660
171 82
3556 369
6130 649
7248 707
5672 589
8386 813
5729 584
2745 240
6488 671
7099 745
675 84
2238 222
8344 865
2800 285
9552 905
1616 182
5761 557
7193 726
5016 543
6089 661
3205 323
3272 344
8648 805
1896 170
1123 145
1823 154
3191 377
8510 824
8414 896
3469 331
9438 985
3814 376
3457 369
8107 870
448 63
9849 926
1732 187
5214 503
7859 723
4478 432
94 89
7209 752
4330 441
1536 179
2390 220
5744 507
4290 410
7963 734
8964 867
2487 228
5697 559
8889 860
7895 786
6674 670
8538 842
31 91
4776 462
5308 578
3798 362
9457 986
9323 964
6679 631
8763 825
9485 995
4584 485
3648 370
2441 201
4001 494
954 98
3905 319
5939 578
3449 313
5656 552
4884 420
1673 160
1434 149
631 38
99 61
6566 690
6473 671
9240 990
2725 263
9656 991
3674 312
3436 351
4092 443
9785 972
3751 311
8610 852
121 17
3985 371
4399 498
3357 338
7019 791
3149 373
161 86
4830 407
5836 517
7487 714
2008 286
2848 289
6176 621
6064 601
4577 407
2580 228
7915 746
3299 375
6532 607
2383 212
3217 371
4770 420
1141 182
4723 491
4377 484
7601 764
2974 255
2547 224
7001 717
3761 314
4883 422
4540 471
4930 496
1951 106
4013 478
2438 203
4639 421
8853 805
8090 872
5145 552
1379 125
6993 616
4005 414
7392 743
3635 381
4980 445
78 80
9314 941
5608 512
1858 116
7231 741
3340 391
8396 837
8271 865
2458 260
9664 985
8340 883
8079 817
747 67
9608 902
7448 784
6960 616
6449 676
6773 644
2948 237
8824 888
1838 184
3967 372
8584 868
79 81
2624 220
7148 736
7665 736
7223 775
4669 477
2234 263
6721 667
9411 928
5219 594
5001 504
3300 373
3749 308
5606 548
5967 557
6276 631
7445 722
7624 790
2970 212
1954 143
2889 249
368 43
1738 145
2418 266
4580 409
1366 126
2980 276
688 33
6947 639
9906 965
8487 877
166 93
5612 502
7696 785
4609 480
1619 110
1936 147
200 78
1198 167
3422 385
3912 374
6181 632
881 76
5521 572
9324 964
4590 414
4142 439
2626 243
5317 588
8112 873
6878 681
9528 937
742 59
9837 987
1401 133
3927 380
2230 237
7501 765
8731 843
5791 518
3155 387
8841 867
2211 285
4506 440
5286 590
283 85
7860 789
6987 670
9157 915
6074 697
432 6
8334 876
6528 634
4273 492
4665 417
6874 694
9675 957
1575 106
8915 808
9209 959
8417 853
1329 120
4079 403
2303 221
1922 138
8225 865
5868 510
4319 412
701 28
5052 551
6922 678
7739 733
5223 576
3631 303
1735 197
9249 920
5467 550
7782 763
5524 527
3670 306
8357 862
9562 962
4964 466
6225 663
3278 350
1753 124
3005 358
9891 933
4499 415
6060 639
4061 422
4302 474
4466 445
5013 548
6592 676
6211 628
8778 890
4517 426
9958 902
6585 657
5597 559
3935 352
2049 225
4232 461
2452 246
4432 435
6726 662
2097 267
6200 609
7069 762
9420 902
552 39
9611 979
2805 239
1537 190
2093 239
3621 394
6355 617
3789 329
4546 457
282 43
6495 610
6538 669
8490 850
7511 761
7808 756
7903 701
4694 406
5375 508
9583 993
6891 683
2342 273
1165 146
1368 108
5420 546
1897 167
8866 862
2434 237
5381 523
8276 859
9935 906
8416 819
2668 259
2210 202
5520 558
9148 962
8348 822
6625 670
7815 736
1747 128
3557 346
8186 862
994 55
7326 751
1468 193
7854 761
4243 478
7331 762
16 72
1977 105
815 84
3834 357
2658 252
2775 201
4607 494
4165 480
1606 133
7540 706
8092 897
7500 752
8169 864
170 32
7265 739
3952 346
3099 385
869 96
5874 581
780 25
2526 248
8458 830
8871 836
6428 686
2927 267
5065 544
288 3
7794 762
275 39
447 90
4573 421
1268 112
995 96
2512 282
4630 493
5209 504
9743 931
4440 480
5768 589
8636 850
2995 223
9202 981
6656 606
3083 362
2690 255
1645 156
3546 308
660 17
7718 745
4934 424
1831 141
9234 1000
6964 628
2072 279
1068 165
5596 569
2323 274
8052 880
8157 849
2777 216
1386 174
3003 366
454 7
8494 810
7657 777
427 94
7881 735
5289 555
771 54
9025 985
1946 121
9160 979
652 74
1229 195
9644 967
6215 686
5721 552
5639 566
2416 253
9368 982
3258 365
8974 833
2710 239
2956 266
5204 555
7168 792
8843 824
7222 786
8879 814
1791 155
8355 879
7028 787
5004 509
3561 302
2131 230
5336 578
827 97
6055 625
413 53
6554 634
8190 830
7617 789
4939 409
4166 421
829 39
4865 405
9618 992
7040 716
67 20
3786 317
6485 683
347 41
8318 893
4342 453
9232 976
2912 225
1964 132
3176 358
9570 937
51 36
2331 218
2140 218
6285 692
1338 128
8382 838
3665 337
7823 732
8143 840
2110 270
9239 912
8356 840
2270 263
9600 950
9392 967
9768 902
297 68
7293 703
1655 168
462 99
4317 449
2959 269
8944 810
7612 722
4867 480
2558 213
6098 618
6250 660
8191 837
9922 916
2089 202
3071 393
6318 621
3447 344
6172 605
6915 666
1252 150
5542 564
5175 587
6198 605
9244 944
1966 143
2084 209
3275 388
9379 993
9899 977
509 56
8158 816
7832 786
1582 147
9661 924
7264 755
8905 845
8811 848
2728 298
181 84
5485 522
5110 565
1865 104
5122 570
1623 175
1782 172
4361 485
9974 939
3702 341
5706 532
8067 803
8994 891
415 12
2515 271
49 14
3629 384
9820 968
7035 714
4050 406
4111 484
9554 948
9603 951
4422 430
6921 617
731 99
1880 177
2028 212
7953 796
1471 136
9833 942
3432 379
9586 981
8862 830
684 34
2284 217
6141 672
6254 650
6358 678
792 38
3589 378
2038 256
1913 167
9599 925
7048 702
9275 961
2258 293
3128 305
6843 612
6836 639
4820 433
9787 973
3198 317
9099 918
7976 768
2517 224
7806 725
557 89
6953 661
2387 214
8724 878
561 38
7874 709
9589 916
9017 936
8161 840
3924 395
1251 118
6143 664
1484 170
7360 795
5108 526
5344 564
1553 124
5041 511
8026 812
4063 406
107 18
6325 668
8198 801
5042 516
387 28
277 30
5685 538
8515 847
6097 604
8622 850
45 16
7916 738
3136 399
4325 402
6290 697
5192 581
1647 110
9681 913
6929 653
5354 588
2689 216
7494 773
3790 305
6351 662
1254 185
3171 332
3032 323
1533 196
4846 423
3237 396
801 69
9610 982
9515 1000
8154 877
2794 298
5679 515
8461 863
7292 734
5405 556
5680 558
7526 800
5727 556
4738 426
1950 173
3580 387
5333 518
6214 676
6065 667
5247 544
6826 679
4248 460
9778 901
8582 865
7475 782
5561 589
761 27
4836 443
8424 887
5433 575
871 21
4882 482
4531 438
3208 366
1357 115
5924 573
9907 961
2776 218
5702 575
4519 493
5828 573
3563 379
8204 865
611 31
7938 782
7384 798
2034 283
1197 178
2494 215
4252 424
7604 734
9790 962
6497 683
2856 260
2615 250
8101 818
2132 201
8338 891
399 96
7866 704
2552 202
8484 839
1190 143
7786 790
2936 284
4471 424
3769 359
7128 718
3871 336
2501 266
1356 133
6926 657
9556 946
9940 946
498 85
6067 693
5389 518
571 13
3298 358
1058 155
8525 801
6439 634
4293 497
9091 947
583 89
1818 182
5005 581
5272 563
7797 777
8110 813
9861 951
6022 619
3534 347
1883 198
1910 150
2727 229
6814 638
3252 326
1529 171
8547 861
3515 303
9073 971
2750 223
972 37
3333 353
3294 356
5017 596
369 75
9128 977
7642 748
6704 690
7493 772
2450 262
5690 585
86 29
7893 726
3072 375
5337 568
1475 175
5235 567
3697 336
1074 177
3197 374
162 46
167 88
2307 239
7197 789
4556 451
2632 238
5234 587
1520 170
6279 658
614 36
4043 473
3734 355
9625 988
5269 599
8684 870
8683 883
1912 134
6743 677
8593 838
8421 840
6735 614
4617 468
4602 413
4761 453
2455 219
6640 639
4872 498
9378 928
8446 877
9590 933
4718 479
1548 124
4485 421
2720 244
6331 675
359 45
4549 423
2499 255
9639 905
9978 988
4797 454
9439 931
9939 995
5804 549
5937 591
7077 765
3132 391
6652 681
8332 807
2817 219
1113 162
3292 368
1001 165
215 32
3121 376
1723 150
5945 505
4205 471
8281 820
1348 144
7533 770
3682 381
1751 135
8895 842
7847 777
3084 344
4352 453
236 88
2485 270
7539 726
7131 701
9365 926
7817 781
5686 522
5985 562
4307 466
830 15
2313 226
