1000
32520 50594
71993 5185
22150 62294
74192 14004
56147 26375
17228 49619
34878 20250
95165 73206
30615 18850
95154 26035
93429 94957
4442 20190
99041 67253
67871 88122
24260 87106
40428 81343
7270 77084
45080 52706
82592 4
41116 77502
10816 259
33804 46863
96807 37621
19234 77042
58391 27350
29959 69761
74948 66959
89504 83379
54987 23290
68499 36047
14859 87451
55050 98077
81621 49982
52334 56767
33441 76048
12217 18969
96189 10589
21592 79729
6448 75934
94 52751
44520 64266
31182 18557
67525 24280
51700 18977
44361 55441
83583 5119
86332 67328
85794 50722
15765 77365
40873 88981
30134 81165
96531 49663
81351 57180
64795 23468
37518 73725
73688 98712
73583 48179
13017 74017
44364 75869
57176 33018
70412 46982
41079 69935
41166 5252
78302 22738
10101 44734
40282 34570
75486 24733
99563 34850
41957 61556
75794 56305
4154 17128
92618 73751
9018 43882
8188 92658
11748 10295
65170 88731
12145 31609
90314 38652
40450 18284
37892 82395
58660 83785
35987 15771
98596 3717
29628 87525
91837 57649
81119 72551
1885 88040
87872 80800
24263 98677
20477 64870
69167 91899
70506 35096
12124 88426
66931 69096
34510 29977
8307 53598
79042 38891
90800 995
80558 60751
6530 43118
33409 83416
29295 14057
36822 93236
68668 16514
38274 65348
92027 13116
65442 41688
41609 79038
97712 38924
35401 5221
95569 85698
81300 22027
9253 94841
19476 58347
44293 32267
92354 57723
28793 30648
36727 12034
66646 90489
80916 49366
20830 26261
69769 91138
37354 17825
58989 81933
36686 48025
93401 50920
89957 5620
31468 25259
24966 71866
10873 26276
70902 16775
85665 92470
9875 77216
41796 26603
26010 82945
98011 69552
24812 22245
88054 98402
512 41045
6239 68480
26931 62411
23186 81272
94457 5968
70188 56334
86562 5871
68918 11441
56294 79557
37670 13079
82258 77047
96488 89106
71411 76522
24134 16620
98777 65780
51630 25155
37935 92048
65201 33595
66925 13670
57819 69638
25018 61848
99695 34372
21189 65376
2497 66833
37020 41984
52368 17253
73875 22926
36549 96534
5949 92221
72774 44429
51123 30540
97054 92156
3371 58366
28813 17119
10279 43498
25530 98835
76210 41480
2169 74037
65282 52811
89904 26475
60324 60220
13770 58059
87329 39576
65091 37899
65152 13931
41705 10180
64473 92418
10489 39407
78886 41817
43778 18573
59277 66373
62227 91563
15535 43983
25230 73958
67231 97705
73095 5448
76732 64641
2192 99494
18792 66500
952 20470
46932 36705
59944 14553
24262 93071
52050 9527
99900 65002
40316 89917
74083 85840
75340 1957
45647 22818
89225 26166
13349 13128
55612 94013
81400 77872
8040 76806
80159 29082
14974 87426
14117 71880
81395 54653
46634 31792
29728 71168
96514 70023
90491 27374
53450 94611
56520 34820
13823 89310
39796 11301
10878 2376
76579 51748
77878 56480
72204 1689
90738 56091
6464 5894
40848 33895
55527 67982
44660 89344
76768 8807
14036 54319
54147 69133
7915 8980
72854 40925
30781 13514
32955 55625
42897 58234
60583 18746
88305 50007
77009 88082
97996 62269
50980 20696
228 88555
50834 39032
23693 25093
93287 62144
82706 86420
87430 67711
10193 30161
24130 41417
45806 56827
39683 89129
6949 29099
11784 17205
88052 2166
37684 40631
87419 80820
45706 80163
42127 9277
15098 52516
61830 93996
99130 88898
87273 66799
29733 76723
56815 15443
95241 74291
7240 31942
41745 79316
15540 36712
49414 99024
9876 88939
18783 92849
91071 83374
73046 24481
74622 72808
85515 30669
45664 81192
74450 85758
85315 8293
41746 7716
42797 21677
95060 67637
6993 28605
41791 85149
71755 25178
19323 65786
41055 12556
24599 46337
63483 39381
94532 3129
18046 36871
42135 98664
39946 19126
85778 67443
49633 35604
91888 73366
92253 87618
97346 11086
22065 5104
67779 90532
68853 21659
50912 77741
10077 70666
79744 68607
54889 65381
71665 28029
7008 47087
91101 86776
31837 28866
19990 58055
71294 4627
80543 4131
99552 25755
27725 24873
68176 66802
60743 66834
44664 1249
23641 41893
33478 51503
70263 65743
58321 17924
210 27405
19448 62441
63239 17571
97182 22272
5856 60907
84401 14821
63938 37713
8066 11862
10789 60853
44635 56556
36604 60197
10725 94365
96522 38064
79621 39092
42453 93207
59670 89647
35037 97475
62439 4905
43606 72921
46278 55594
44584 72033
92743 70668
38981 1815
39263 81817
77414 12857
85968 56824
33189 49177
87716 15729
50815 20403
38139 2570
71959 59025
72909 39498
94937 1822
92084 61308
4975 402
92106 73790
76435 78241
83083 9865
63016 75585
93878 41147
80147 22724
11774 63604
13417 48584
84082 48323
58294 34323
36097 91727
88601 68399
71988 54191
88496 68735
1264 45874
87075 80629
29977 18667
20021 38423
29119 84041
33157 37786
65013 58648
93693 51183
17455 21698
39963 48727
7366 54130
97524 16243
20895 27045
88342 6162
97275 15969
97070 97819
85772 73590
25624 90540
43077 12742
28894 31123
45661 11570
46161 83437
28935 8859
8421 18433
53537 11794
63773 47429
11630 54163
88297 95315
96882 97664
22145 54068
19129 75826
96474 38583
85246 216
22153 97430
54278 20065
43679 4825
92787 96532
64226 368
96649 58487
15705 67105
67835 99097
91109 64202
13915 74999
22691 73853
36470 34782
90271 76093
5904 65022
70809 26461
39300 1519
39581 72029
58048 59686
24742 65369
16781 31459
72839 3667
49943 73206
66652 82051
62000 34626
1704 30862
73276 3757
61998 87700
52511 88602
65376 51531
96892 12068
73923 35891
97161 71514
65450 29823
3827 67054
10531 58039
37824 55673
17801 87355
55953 23705
42630 48740
50983 81819
78464 13002
53384 80339
56042 91041
39054 79841
64449 83509
33297 46712
29 8166
18430 41438
64086 94747
82023 42305
70927 37039
87323 11442
51008 84863
29702 40839
63067 88016
56592 48290
36906 52311
42839 87487
86500 86805
26437 61344
40655 51213
35255 81645
24037 62599
33837 93540
7792 10957
51854 90035
33109 86046
30033 73236
63050 28055
8432 4941
96269 36563
52645 29748
82374 78986
77145 65600
27024 3914
23724 94583
96987 95436
79505 61448
66955 15338
8904 64058
88233 23254
29578 71090
59874 73217
74127 81110
16812 27214
28094 15515
31482 96611
96490 68270
59150 80623
81270 80869
11851 23894
2636 81809
74226 5568
44325 70226
93280 92994
35365 67207
77433 65961
40143 84641
63018 83801
71779 97082
12838 28735
56741 72248
43300 6997
32177 34587
86607 47993
79722 29868
38747 43434
39280 31351
22298 10214
47560 77212
70556 63925
327 70002
3128 32844
8523 45592
54357 76547
84467 68767
38205 72246
74442 59770
36433 24435
1306 66139
15900 58229
34947 87503
33941 27058
54821 48941
42893 56379
94747 99684
35899 39384
25147 68406
66726 78076
34626 69091
75425 85043
68962 12877
66679 79796
87831 69243
18464 31142
86081 36707
10556 79779
34944 10807
21443 58909
70073 59431
56110 30811
72526 80109
27395 19060
77669 20174
72231 52479
67910 28208
59004 52720
3017 10204
80011 28820
22113 75295
58174 21677
27148 45011
68605 89199
104 69013
26722 40327
8701 40838
81545 2136
78046 33229
64642 35420
58633 99436
80987 76520
99346 80911
69373 73423
87952 96431
42283 62871
74654 71353
26418 57617
14931 91898
9319 41801
8544 38316
81858 4408
6417 61847
82204 38674
47542 97587
86089 15070
89305 51305
5536 34072
72252 21763
90975 90532
4318 49159
92691 17916
4364 57142
14764 47673
52740 55727
68645 65453
58016 21653
31171 26459
22848 3090
18508 79473
79831 29197
96083 36615
7260 11531
50754 94105
8071 64123
658 77045
75961 59410
47526 58143
97679 18002
11541 85739
73288 7868
40078 39437
99392 94900
7206 208
7245 76252
49861 54461
97157 19099
38317 5240
96363 76194
94294 95276
9101 8527
27947 20650
33219 73817
64230 68377
44989 68198
70396 27498
40271 40213
32702 85188
30606 6276
97120 19101
75951 72512
16126 38453
90598 51655
69757 68066
2795 65993
8663 22003
40248 92102
97435 78940
43788 49354
22154 62399
77377 86833
48871 96903
12936 19527
30590 80691
9482 13244
63548 32542
86086 15777
75479 94381
96214 49895
23800 17866
24971 68706
27560 3619
75206 53217
71394 90299
42459 56688
41465 7816
26024 4576
36261 87900
72872 99401
43398 24813
27426 77867
84449 85010
92570 84903
80512 66222
89615 83128
58455 40670
98133 3154
69982 24791
38837 54022
26958 26579
95019 39997
68712 83199
44132 71721
2112 87
66869 64376
23140 61577
28416 6391
70395 22187
86986 19802
36354 33098
69908 31515
10168 75398
45829 96501
9082 12573
86857 81410
69587 14245
68147 67706
85801 44489
82928 75852
28569 7023
45728 82350
84804 26136
31792 97350
55131 23356
2470 46260
15296 70135
91951 20210
90335 69681
96787 4397
40802 18796
1383 48245
60013 31144
99991 76442
46307 36625
4175 14622
38949 78818
54383 75455
49519 78465
56420 73844
28819 84898
85751 41648
81813 78889
99175 64220
176 75628
72807 36332
12702 87485
27321 44101
47162 24017
50911 41017
40801 91047
41138 94615
50580 4008
47682 29844
96357 69142
97853 49020
65991 95224
96399 7789
39131 78611
83617 83966
12207 33696
77734 67278
24504 71146
27190 66279
30038 44625
35769 70427
36737 97476
36881 34283
52212 74168
28299 45283
36007 45919
13098 14950
2401 70422
25345 92657
39193 47944
84934 51290
89362 33061
93940 42274
31799 1674
96893 505
86061 60453
77080 83216
73229 20624
32043 86225
93104 10250
38725 60449
16983 86633
98291 74629
44970 33625
33727 90255
32464 50329
49132 60446
32473 90349
51454 31710
9105 17712
68713 41235
32484 96537
41678 24085
95139 92338
29387 10537
89812 33136
77219 64824
55607 71322
21465 75899
61706 76252
40454 4047
57567 91683
90503 61145
27288 91103
99784 209
28874 49761
75093 67919
25152 92823
9276 17813
80571 29693
83670 87850
4054 8025
12171 87155
83259 49101
74535 27412
49781 79692
39668 56121
25736 91925
88530 74215
65712 55139
92440 5953
67095 42893
67193 67177
93727 28145
50145 65740
6705 62152
98181 30804
25884 63045
26217 65518
92329 45257
42644 47705
52116 59944
91682 87486
49275 24481
124 67147
69162 80708
76368 37271
49011 78173
733 45384
86200 99626
57456 42510
87465 97091
70219 80647
6746 78039
39705 98658
20813 89269
14207 24414
83918 55847
71528 60506
85699 97218
47775 25739
66547 80854
38901 80865
18245 48736
85882 54137
44284 66934
44091 95282
38240 19630
22866 62811
85128 94544
13874 84842
40750 69447
45910 44082
75376 88977
97237 84436
19362 72370
14490 56623
60683 40170
6591 44437
44495 64749
74053 62598
55616 57373
57146 54461
76251 26294
55275 408
75337 2615
1280 55793
11133 4820
26504 76060
5921 61486
22351 3520
86713 77970
59713 71077
13501 18575
8171 1205
7341 45949
97003 5881
99535 17286
85004 13624
32601 21662
86642 59453
53030 13816
82156 18783
30051 26047
69554 19605
82454 56931
37136 82155
61074 59637
2017 47351
7519 68623
63905 33241
89554 36752
75279 82427
38865 81392
2850 56473
2674 33792
34706 65738
67505 69834
42659 71659
4721 46685
43816 52984
41502 52608
54741 24146
85341 46778
72261 96780
80763 20568
62033 93447
14138 34176
52526 12103
64868 72645
86115 25863
60375 71527
24087 48740
98911 40643
50932 86343
89300 50102
37683 10598
82941 10454
62214 14120
41438 709
107 76837
25914 41606
76178 26740
14301 18393
36487 81972
79546 66543
73193 75991
40479 38703
71310 51496
89319 60830
23342 91011
49944 64410
42779 79878
28821 47926
38567 94497
74151 22864
26266 54397
78112 29858
48247 53159
52347 59337
38175 51214
11103 2153
66482 69650
92947 29081
37026 74171
67880 15593
14354 97663
58461 34880
84536 89501
54628 43242
20141 73451
63574 89368
18237 23601
27552 62731
59208 55992
72102 46286
35511 46274
74891 48319
20676 31924
6788 50885
32679 39683
73856 92049
71730 16957
91776 22791
22302 5758
89959 76872
48686 52858
41436 21257
86108 16154
66854 58598
89007 72834
16203 39143
26423 29011
31111 38909
50384 51297
24519 43243
57766 75531
80995 34424
17479 72688
21533 47480
787 39056
13057 30397
20454 83747
6192 42361
13450 61212
81421 39823
84738 58538
99026 14613
6870 91604
69471 45273
41189 69672
8852 62508
15257 85262
19117 78315
57979 78634
73277 83257
77526 65772
81900 37554
69700 14570
13900 35095
2740 70671
67672 98589
28009 63048
66781 14135
28472 45759
76861 96276
57739 97764
11347 93764
21302 39649
24247 64730
59645 14408
88557 18038
69583 23483
83732 90482
95236 73717
9766 34371
6826 57905
15429 817
93970 99890
54427 2466
