1000
472 4
666 4
790 4
456 4
308 4
876 4
682 4
726 4
450 4
105 4
493 4
750 4
475 4
296 4
77 4
468 4
318 4
977 4
193 4
188 4
795 4
971 4
496 4
840 4
974 4
504 4
464 4
576 4
284 4
76 4
809 4
199 4
25 4
629 4
684 4
358 4
651 4
136 4
345 4
701 4
561 4
856 4
992 4
271 4
949 4
803 4
173 4
134 4
270 4
229 4
994 4
431 4
205 4
256 4
678 4
526 4
421 4
182 4
816 4
351 4
228 4
866 4
753 4
933 4
690 4
811 4
325 4
515 4
406 4
804 4
219 4
147 4
869 4
752 4
451 4
849 4
433 4
494 4
722 4
674 4
97 4
906 4
959 4
508 4
517 4
609 4
966 4
315 4
185 4
507 4
942 4
18 4
471 4
989 4
558 4
174 4
499 4
929 4
972 4
202 4
547 4
529 4
364 4
709 4
355 4
177 4
397 4
542 4
667 4
9 4
74 4
817 4
264 4
10 4
922 4
36 4
19 4
269 4
84 4
243 4
592 4
503 4
591 4
466 4
584 4
162 4
416 4
735 4
740 4
940 4
304 4
117 4
807 4
917 4
282 4
422 4
598 4
647 4
788 4
327 4
478 4
700 4
367 4
497 4
71 4
980 4
491 4
632 4
7 4
635 4
309 4
696 4
277 4
564 4
248 4
799 4
195 4
211 4
923 4
206 4
668 4
45 4
350 4
47 4
608 4
720 4
242 4
580 4
659 4
288 4
360 4
827 4
257 4
53 4
126 4
711 4
854 4
44 4
328 4
292 4
861 4
656 4
545 4
550 4
208 4
627 4
884 4
214 4
615 4
423 4
326 4
655 4
703 4
749 4
573 4
298 4
129 4
543 4
486 4
770 4
962 4
160 4
713 4
916 4
808 4
643 4
756 4
272 4
640 4
21 4
744 4
559 4
391 4
587 4
241 4
679 4
467 4
176 4
875 4
765 4
286 4
644 4
146 4
58 4
604 4
436 4
830 4
983 4
519 4
60 4
338 4
566 4
865 4
838 4
226 4
968 4
741 4
473 4
787 4
317 4
880 4
534 4
115 4
819 4
447 4
789 4
43 4
444 4
254 4
120 4
826 4
11 4
153 4
939 4
190 4
477 4
441 4
848 4
118 4
87 4
101 4
904 4
492 4
837 4
552 4
784 4
106 4
113 4
603 4
396 4
373 4
55 4
151 4
487 4
842 4
362 4
832 4
178 4
879 4
438 4
958 4
455 4
697 4
230 4
215 4
794 4
982 4
287 4
624 4
931 4
301 4
144 4
348 4
54 4
307 4
824 4
870 4
599 4
285 4
946 4
781 4
46 4
104 4
918 4
302 4
908 4
919 4
154 4
17 4
233 4
200 4
633 4
386 4
114 4
294 4
575 4
20 4
578 4
901 4
485 4
897 4
998 4
374 4
533 4
611 4
588 4
662 4
535 4
196 4
997 4
408 4
871 4
240 4
821 4
737 4
14 4
35 4
379 4
841 4
232 4
815 4
125 4
483 4
281 4
102 4
167 4
728 4
885 4
274 4
500 4
376 4
767 4
141 4
685 4
435 4
180 4
714 4
395 4
322 4
579 4
116 4
944 4
834 4
589 4
316 4
736 4
16 4
417 4
893 4
8 4
763 4
402 4
683 4
702 4
960 4
414 4
400 4
793 4
514 4
405 4
337 4
265 4
881 4
244 4
725 4
335 4
165 4
707 4
954 4
49 4
660 4
762 4
628 4
990 4
166 4
612 4
991 4
57 4
775 4
152 4
636 4
956 4
887 4
27 4
149 4
512 4
867 4
984 4
717 4
776 4
565 4
343 4
894 4
95 4
511 4
570 4
91 4
38 4
993 4
133 4
212 4
204 4
729 4
314 4
653 4
645 4
222 4
34 4
857 4
724 4
404 4
237 4
978 4
593 4
638 4
61 4
189 4
926 4
194 4
581 4
163 4
950 4
551 4
24 4
490 4
751 4
220 4
458 4
427 4
757 4
988 4
341 4
413 4
156 4
498 4
583 4
434 4
354 4
850 4
831 4
692 4
661 4
394 4
268 4
873 4
743 4
29 4
81 4
310 4
291 4
366 4
158 4
223 4
835 4
642 4
70 4
330 4
924 4
246 4
779 4
388 4
83 4
892 4
62 4
952 4
275 4
657 4
585 4
263 4
560 4
191 4
253 4
814 4
164 4
41 4
415 4
878 4
145 4
672 4
902 4
730 4
675 4
381 4
42 4
140 4
155 4
712 4
446 4
981 4
773 4
649 4
747 4
546 4
907 4
965 4
430 4
806 4
572 4
289 4
758 4
48 4
398 4
109 4
186 4
847 4
249 4
802 4
523 4
677 4
739 4
921 4
648 4
184 4
390 4
786 4
935 4
368 4
181 4
754 4
461 4
920 4
945 4
356 4
693 4
23 4
882 4
319 4
863 4
777 4
967 4
859 4
372 4
221 4
218 4
234 4
445 4
247 4
375 4
66 4
460 4
623 4
443 4
251 4
239 4
825 4
905 4
801 4
108 4
936 4
75 4
359 4
383 4
26 4
273 4
844 4
39 4
539 4
536 4
888 4
727 4
209 4
913 4
187 4
937 4
224 4
225 4
283 4
915 4
586 4
349 4
332 4
778 4
877 4
676 4
555 4
738 4
365 4
293 4
161 4
442 4
213 4
710 4
670 4
420 4
782 4
426 4
370 4
183 4
510 4
509 4
755 4
846 4
37 4
890 4
198 4
521 4
606 4
979 4
148 4
813 4
716 4
528 4
401 4
28 4
311 4
261 4
610 4
501 4
92 4
641 4
440 4
639 4
563 4
85 4
774 4
689 4
217 4
88 4
278 4
481 4
596 4
554 4
742 4
969 4
618 4
52 4
805 4
65 4
540 4
891 4
323 4
103 4
695 4
567 4
957 4
100 4
791 4
903 4
502 4
886 4
964 4
13 4
525 4
135 4
227 4
4 4
986 4
955 4
772 4
347 4
549 4
59 4
852 4
297 4
665 4
448 4
769 4
399 4
706 4
622 4
548 4
409 4
363 4
688 4
121 4
532 4
617 4
479 4
833 4
342 4
963 4
33 4
746 4
407 4
378 4
50 4
822 4
339 4
369 4
999 4
557 4
900 4
792 4
562 4
868 4
51 4
131 4
306 4
932 4
748 4
305 4
482 4
112 4
69 4
424 4
90 4
175 4
911 4
872 4
259 4
858 4
203 4
279 4
484 4
82 4
79 4
947 4
3 4
432 4
267 4
694 4
889 4
619 4
771 4
216 4
320 4
961 4
516 4
238 4
86 4
626 4
255 4
130 4
32 4
600 4
171 4
613 4
976 4
170 4
569 4
124 4
295 4
452 4
110 4
313 4
705 4
719 4
538 4
139 4
896 4
699 4
172 4
333 4
290 4
760 4
276 4
734 4
336 4
941 4
463 4
1000 4
418 4
671 4
759 4
927 4
634 4
300 4
855 4
718 4
768 4
454 4
210 4
157 4
953 4
324 4
985 4
56 4
107 4
987 4
1 4
568 4
123 4
686 4
851 4
812 4
89 4
912 4
934 4
15 4
73 4
449 4
489 4
518 4
393 4
948 4
883 4
594 4
262 4
352 4
411 4
266 4
520 4
970 4
780 4
385 4
860 4
582 4
597 4
201 4
766 4
828 4
652 4
99 4
862 4
620 4
621 4
616 4
63 4
476 4
384 4
943 4
459 4
98 4
12 4
80 4
899 4
169 4
925 4
823 4
810 4
524 4
996 4
137 4
796 4
78 4
159 4
150 4
505 4
975 4
470 4
574 4
704 4
910 4
142 4
556 4
6 4
488 4
764 4
96 4
513 4
843 4
646 4
590 4
723 4
687 4
371 4
495 4
122 4
553 4
577 4
698 4
377 4
531 4
595 4
691 4
874 4
64 4
663 4
93 4
94 4
664 4
68 4
250 4
321 4
252 4
344 4
128 4
783 4
299 4
231 4
67 4
474 4
334 4
392 4
30 4
818 4
669 4
928 4
361 4
428 4
462 4
192 4
909 4
506 4
654 4
839 4
457 4
346 4
914 4
389 4
541 4
845 4
127 4
544 4
235 4
453 4
22 4
715 4
245 4
437 4
111 4
800 4
708 4
329 4
480 4
895 4
650 4
469 4
973 4
522 4
658 4
864 4
680 4
601 4
829 4
761 4
527 4
258 4
853 4
303 4
260 4
119 4
681 4
412 4
353 4
236 4
2 4
419 4
138 4
143 4
357 4
439 4
530 4
607 4
429 4
731 4
168 4
380 4
425 4
382 4
605 4
340 4
465 4
614 4
331 4
898 4
930 4
938 4
31 4
387 4
40 4
733 4
630 4
721 4
797 4
5 4
673 4
179 4
571 4
637 4
836 4
403 4
132 4
785 4
798 4
631 4
72 4
537 4
410 4
625 4
207 4
995 4
951 4
745 4
197 4
732 4
820 4
312 4
602 4
280 4
