60 1000
1 2 -2
1 56
28 30
42 58
21 35
26 46
3 11
14 28
32 45
8 29
23 40
51 54
7 60
15 56
25 39
33 53
41 59
13 46
42 49
7 18
20 57
3 55
16 56
2 43
3 13
9 50
15 28
31 51
8 12
20 41
52 57
27 48
10 33
17 36
6 17
46 54
19 25
35 48
5 47
23 30
24 34
27 37
45 47
26 38
39 47
21 59
23 57
4 18
34 40
36 42
7 32
3 20
9 32
24 53
22 44
2 47
39 58
8 32
7 24
36 44
15 41
5 9
26 52
11 53
43 52
9 16
22 34
16 57
41 44
21 30
19 58
19 40
11 39
13 16
22 29
2 21
18 35
2 18
4 43
10 25
10 55
29 33
29 31
12 44
12 56
23 33
51 53
2 31
1 6
14 38
35 51
9 15
8 16
27 50
11 28
26 60
7 9
10 11
4 35
32 48
25 26
10 17
31 40
30 57
30 36
37 58
24 43
18 54
23 43
12 51
1 16
7 12
14 16
8 11
32 49
5 50
57 59
14 19
30 43
16 59
11 13
27 53
28 44
10 38
7 20
14 59
25 35
42 57
4 30
18 52
33 35
15 23
24 28
42 53
2 57
1 10
28 57
29 44
42 46
12 42
30 58
28 54
33 37
37 60
10 43
14 33
4 17
43 60
15 43
2 3
2 39
23 29
14 22
55 56
25 54
10 24
13 48
41 47
39 48
12 33
28 39
22 28
28 43
21 56
37 50
12 20
7 10
6 27
29 52
4 28
8 14
37 47
53 60
4 31
9 24
32 52
30 51
18 26
2 11
9 59
10 59
20 60
8 25
18 60
45 46
52 55
30 60
39 46
1 2
30 37
44 54
39 54
37 55
45 54
13 38
37 46
29 46
13 37
14 57
15 49
10 27
10 60
21 28
8 50
38 43
8 52
20 48
8 53
6 21
13 28
9 43
36 41
18 29
27 51
42 48
28 60
3 22
44 60
13 27
6 36
20 32
25 40
5 15
25 37
35 50
6 32
45 53
14 21
15 44
11 46
2 36
5 22
30 40
17 58
40 45
17 49
9 49
5 6
38 56
16 41
21 22
1 5
3 27
33 58
6 43
19 22
38 39
7 46
4 19
13 50
22 26
13 56
11 60
21 53
23 45
18 49
47 60
43 50
32 55
15 37
36 38
15 47
6 53
24 52
41 49
2 24
18 53
11 26
14 49
23 47
29 34
11 14
8 15
21 43
12 36
22 57
6 9
41 45
7 34
17 60
26 27
27 32
26 54
7 30
37 45
6 11
5 41
14 53
7 47
31 56
32 59
24 44
2 7
25 49
33 46
18 30
11 59
16 39
40 41
1 54
24 54
2 16
46 53
45 57
32 35
42 44
24 33
9 35
11 23
26 31
50 60
31 52
24 55
37 39
29 56
17 45
12 13
5 48
40 43
3 34
1 27
21 26
17 40
42 59
17 29
28 33
5 32
9 37
11 19
47 48
18 42
13 22
5 52
38 58
8 21
25 30
7 58
16 21
24 30
3 19
8 28
12 45
28 50
16 22
32 37
22 50
7 50
31 42
11 41
21 31
1 21
16 35
42 45
19 49
3 12
8 30
14 54
37 56
45 56
17 28
15 18
19 55
8 31
3 4
21 44
47 53
44 45
12 30
32 44
8 54
55 59
4 7
5 54
33 45
35 37
7 54
8 38
38 44
46 55
41 42
5 53
23 39
21 55
14 56
25 52
23 35
34 45
23 52
5 17
4 21
42 55
27 36
51 58
5 45
18 39
24 35
9 57
12 41
38 49
7 29
23 25
9 53
25 51
29 42
27 52
2 59
15 32
20 55
10 39
47 59
5 19
15 29
37 44
30 44
22 54
35 55
52 54
7 56
34 36
4 12
23 24
9 31
2 9
16 28
4 29
6 33
9 33
6 56
9 12
20 37
12 37
30 39
27 29
15 35
30 49
1 35
3 8
8 36
5 55
8 41
3 24
22 43
26 58
4 54
22 27
44 57
24 32
18 50
12 32
29 49
42 56
13 58
2 22
18 20
18 37
28 52
13 41
26 34
59 60
40 57
54 60
7 55
12 50
34 48
1 7
17 53
26 41
43 57
34 46
22 31
16 44
6 23
18 38
28 55
23 42
34 39
11 40
22 51
7 28
47 54
20 21
29 37
3 26
32 51
43 54
32 34
36 51
29 51
1 22
37 43
19 29
20 30
19 51
5 8
29 50
3 37
26 29
12 57
36 57
7 48
35 58
4 27
44 47
49 60
38 59
53 58
21 48
1 30
18 23
44 59
34 55
1 47
11 43
22 59
19 27
14 55
2 40
30 41
7 22
10 21
39 60
5 29
3 44
50 52
13 20
8 22
1 59
22 47
31 46
33 43
6 22
2 32
18 25
19 38
15 19
10 49
19 20
35 38
24 42
34 44
5 35
40 58
38 53
9 56
16 30
35 42
25 53
16 23
21 32
41 56
1 17
6 15
13 32
1 24
48 50
29 32
10 53
36 50
10 29
16 55
17 43
29 60
2 25
19 32
17 38
16 48
16 50
11 32
4 34
47 55
10 37
31 39
13 25
11 48
11 31
29 47
37 49
26 30
2 52
20 52
11 30
6 47
36 39
9 55
22 53
7 16
28 32
12 54
4 20
42 47
26 32
9 18
28 51
6 8
14 23
2 10
36 52
36 58
16 37
11 24
48 57
26 57
7 59
6 50
8 9
52 60
35 41
44 52
7 38
51 56
26 42
5 34
30 32
6 30
29 54
3 5
31 35
9 40
17 47
8 40
33 55
20 34
39 59
10 22
15 60
3 51
24 56
26 39
50 59
20 33
43 59
4 60
4 55
10 40
32 60
22 58
30 50
3 10
5 51
15 21
22 30
26 35
16 36
8 47
1 51
6 45
37 42
27 56
22 37
4 6
12 34
45 52
30 53
13 59
46 49
4 52
19 47
41 46
27 28
44 53
36 54
28 46
9 22
2 8
8 51
36 53
12 49
54 58
26 45
10 36
28 29
37 48
15 33
42 52
22 49
26 36
41 60
9 41
20 51
9 10
10 42
4 42
33 54
34 57
48 55
2 20
14 47
22 56
32 58
7 49
22 60
21 58
43 44
8 44
23 55
31 47
9 54
7 15
6 13
28 36
21 34
4 49
9 48
39 56
40 56
19 26
12 26
34 59
29 41
41 54
27 59
12 52
3 38
39 45
5 46
28 49
18 24
8 18
16 38
24 45
4 25
14 18
50 58
48 59
32 54
40 59
24 59
10 51
5 7
17 32
14 39
21 27
4 36
10 47
19 42
18 32
36 40
21 57
25 27
14 34
12 55
29 40
9 52
15 24
54 55
2 14
26 43
9 21
22 35
39 40
49 56
21 60
1 39
32 53
7 35
39 57
19 21
8 58
3 36
29 38
40 49
1 29
36 37
15 59
17 27
18 56
23 46
33 38
7 45
30 34
28 35
15 20
15 58
27 49
5 40
28 53
13 52
14 37
31 60
5 21
11 35
35 40
27 54
41 43
4 9
1 36
22 32
3 25
23 44
41 51
10 57
8 60
23 56
52 58
27 35
40 52
15 31
2 5
1 57
19 39
16 52
10 30
1 42
16 43
14 25
9 28
2 35
7 36
21 33
1 25
3 15
13 47
23 28
3 58
28 34
58 60
26 37
46 59
2 13
20 56
10 34
10 18
9 13
7 44
6 19
40 55
39 53
34 50
27 34
34 43
11 55
13 31
30 46
4 32
3 49
1 20
9 27
26 53
16 34
16 53
39 49
1 18
10 13
12 43
20 28
31 58
14 50
16 51
24 25
47 49
12 48
13 29
44 51
13 42
41 48
31 55
19 45
43 46
16 60
31 43
2 37
1 9
1 55
11 38
3 18
57 58
17 48
33 51
6 55
10 35
19 24
40 54
5 12
2 27
6 60
1 31
26 51
41 57
6 58
16 42
17 34
20 29
33 47
30 56
9 26
27 31
11 15
35 36
23 37
6 42
29 57
4 56
19 52
37 54
3 33
22 48
17 20
47 51
33 59
6 14
19 57
43 47
29 48
8 17
5 20
4 24
23 60
32 56
6 48
18 57
1 44
35 57
49 54
31 57
41 58
34 53
6 12
2 46
18 21
4 16
10 45
20 47
9 58
13 54
47 50
53 56
39 51
6 26
17 42
3 42
20 23
19 37
2 38
12 25
6 29
25 38
3 57
20 24
21 45
14 48
37 53
46 58
35 43
5 58
26 49
5 28
17 33
1 38
45 51
5 16
24 50
3 6
1 11
11 22
20 40
12 47
39 55
49 52
16 26
9 51
48 56
3 50
1 34
30 55
38 41
35 60
1 50
26 44
17 18
6 7
46 52
13 39
40 53
12 23
33 49
3 56
26 56
9 17
33 34
3 40
19 23
33 50
19 43
7 51
40 50
23 38
4 10
5 43
5 31
18 46
36 46
33 40
48 54
15 22
29 59
9 30
25 28
36 49
26 55
14 41
28 31
