480 20
1 6
2 1 6
2 2 6
3 1 2 6
2 3 6
3 1 3 6
3 2 3 6
4 1 2 3 6
2 4 6
3 1 4 6
3 2 4 6
4 1 2 4 6
3 3 4 6
4 1 3 4 6
4 2 3 4 6
5 1 2 3 4 6
2 5 6
3 1 5 6
3 2 5 6
4 1 2 5 6
3 3 5 6
4 1 3 5 6
4 2 3 5 6
5 1 2 3 5 6
3 4 5 6
4 1 4 5 6
4 2 4 5 6
5 1 2 4 5 6
4 3 4 5 6
5 1 3 4 5 6
5 2 3 4 5 6
6 1 2 3 4 5 6
1 7
2 1 7
2 2 7
3 1 2 7
2 3 7
3 1 3 7
3 2 3 7
4 1 2 3 7
2 4 7
3 1 4 7
3 2 4 7
4 1 2 4 7
3 3 4 7
4 1 3 4 7
4 2 3 4 7
5 1 2 3 4 7
2 5 7
3 1 5 7
3 2 5 7
4 1 2 5 7
3 3 5 7
4 1 3 5 7
4 2 3 5 7
5 1 2 3 5 7
3 4 5 7
4 1 4 5 7
4 2 4 5 7
5 1 2 4 5 7
4 3 4 5 7
5 1 3 4 5 7
5 2 3 4 5 7
6 1 2 3 4 5 7
1 8
2 1 8
2 2 8
3 1 2 8
2 3 8
3 1 3 8
3 2 3 8
4 1 2 3 8
2 4 8
3 1 4 8
3 2 4 8
4 1 2 4 8
3 3 4 8
4 1 3 4 8
4 2 3 4 8
5 1 2 3 4 8
2 5 8
3 1 5 8
3 2 5 8
4 1 2 5 8
3 3 5 8
4 1 3 5 8
4 2 3 5 8
5 1 2 3 5 8
3 4 5 8
4 1 4 5 8
4 2 4 5 8
5 1 2 4 5 8
4 3 4 5 8
5 1 3 4 5 8
5 2 3 4 5 8
6 1 2 3 4 5 8
1 9
2 1 9
2 2 9
3 1 2 9
2 3 9
3 1 3 9
3 2 3 9
4 1 2 3 9
2 4 9
3 1 4 9
3 2 4 9
4 1 2 4 9
3 3 4 9
4 1 3 4 9
4 2 3 4 9
5 1 2 3 4 9
2 5 9
3 1 5 9
3 2 5 9
4 1 2 5 9
3 3 5 9
4 1 3 5 9
4 2 3 5 9
5 1 2 3 5 9
3 4 5 9
4 1 4 5 9
4 2 4 5 9
5 1 2 4 5 9
4 3 4 5 9
5 1 3 4 5 9
5 2 3 4 5 9
6 1 2 3 4 5 9
1 10
2 1 10
2 2 10
3 1 2 10
2 3 10
3 1 3 10
3 2 3 10
4 1 2 3 10
2 4 10
3 1 4 10
3 2 4 10
4 1 2 4 10
3 3 4 10
4 1 3 4 10
4 2 3 4 10
5 1 2 3 4 10
2 5 10
3 1 5 10
3 2 5 10
4 1 2 5 10
3 3 5 10
4 1 3 5 10
4 2 3 5 10
5 1 2 3 5 10
3 4 5 10
4 1 4 5 10
4 2 4 5 10
5 1 2 4 5 10
4 3 4 5 10
5 1 3 4 5 10
5 2 3 4 5 10
6 1 2 3 4 5 10
1 11
2 1 11
2 2 11
3 1 2 11
2 3 11
3 1 3 11
3 2 3 11
4 1 2 3 11
2 4 11
3 1 4 11
3 2 4 11
4 1 2 4 11
3 3 4 11
4 1 3 4 11
4 2 3 4 11
5 1 2 3 4 11
2 5 11
3 1 5 11
3 2 5 11
4 1 2 5 11
3 3 5 11
4 1 3 5 11
4 2 3 5 11
5 1 2 3 5 11
3 4 5 11
4 1 4 5 11
4 2 4 5 11
5 1 2 4 5 11
4 3 4 5 11
5 1 3 4 5 11
5 2 3 4 5 11
6 1 2 3 4 5 11
1 12
2 1 12
2 2 12
3 1 2 12
2 3 12
3 1 3 12
3 2 3 12
4 1 2 3 12
2 4 12
3 1 4 12
3 2 4 12
4 1 2 4 12
3 3 4 12
4 1 3 4 12
4 2 3 4 12
5 1 2 3 4 12
2 5 12
3 1 5 12
3 2 5 12
4 1 2 5 12
3 3 5 12
4 1 3 5 12
4 2 3 5 12
5 1 2 3 5 12
3 4 5 12
4 1 4 5 12
4 2 4 5 12
5 1 2 4 5 12
4 3 4 5 12
5 1 3 4 5 12
5 2 3 4 5 12
6 1 2 3 4 5 12
1 13
2 1 13
2 2 13
3 1 2 13
2 3 13
3 1 3 13
3 2 3 13
4 1 2 3 13
2 4 13
3 1 4 13
3 2 4 13
4 1 2 4 13
3 3 4 13
4 1 3 4 13
4 2 3 4 13
5 1 2 3 4 13
2 5 13
3 1 5 13
3 2 5 13
4 1 2 5 13
3 3 5 13
4 1 3 5 13
4 2 3 5 13
5 1 2 3 5 13
3 4 5 13
4 1 4 5 13
4 2 4 5 13
5 1 2 4 5 13
4 3 4 5 13
5 1 3 4 5 13
5 2 3 4 5 13
6 1 2 3 4 5 13
1 14
2 1 14
2 2 14
3 1 2 14
2 3 14
3 1 3 14
3 2 3 14
4 1 2 3 14
2 4 14
3 1 4 14
3 2 4 14
4 1 2 4 14
3 3 4 14
4 1 3 4 14
4 2 3 4 14
5 1 2 3 4 14
2 5 14
3 1 5 14
3 2 5 14
4 1 2 5 14
3 3 5 14
4 1 3 5 14
4 2 3 5 14
5 1 2 3 5 14
3 4 5 14
4 1 4 5 14
4 2 4 5 14
5 1 2 4 5 14
4 3 4 5 14
5 1 3 4 5 14
5 2 3 4 5 14
6 1 2 3 4 5 14
1 15
2 1 15
2 2 15
3 1 2 15
2 3 15
3 1 3 15
3 2 3 15
4 1 2 3 15
2 4 15
3 1 4 15
3 2 4 15
4 1 2 4 15
3 3 4 15
4 1 3 4 15
4 2 3 4 15
5 1 2 3 4 15
2 5 15
3 1 5 15
3 2 5 15
4 1 2 5 15
3 3 5 15
4 1 3 5 15
4 2 3 5 15
5 1 2 3 5 15
3 4 5 15
4 1 4 5 15
4 2 4 5 15
5 1 2 4 5 15
4 3 4 5 15
5 1 3 4 5 15
5 2 3 4 5 15
6 1 2 3 4 5 15
1 16
2 1 16
2 2 16
3 1 2 16
2 3 16
3 1 3 16
3 2 3 16
4 1 2 3 16
2 4 16
3 1 4 16
3 2 4 16
4 1 2 4 16
3 3 4 16
4 1 3 4 16
4 2 3 4 16
5 1 2 3 4 16
2 5 16
3 1 5 16
3 2 5 16
4 1 2 5 16
3 3 5 16
4 1 3 5 16
4 2 3 5 16
5 1 2 3 5 16
3 4 5 16
4 1 4 5 16
4 2 4 5 16
5 1 2 4 5 16
4 3 4 5 16
5 1 3 4 5 16
5 2 3 4 5 16
6 1 2 3 4 5 16
1 17
2 1 17
2 2 17
3 1 2 17
2 3 17
3 1 3 17
3 2 3 17
4 1 2 3 17
2 4 17
3 1 4 17
3 2 4 17
4 1 2 4 17
3 3 4 17
4 1 3 4 17
4 2 3 4 17
5 1 2 3 4 17
2 5 17
3 1 5 17
3 2 5 17
4 1 2 5 17
3 3 5 17
4 1 3 5 17
4 2 3 5 17
5 1 2 3 5 17
3 4 5 17
4 1 4 5 17
4 2 4 5 17
5 1 2 4 5 17
4 3 4 5 17
5 1 3 4 5 17
5 2 3 4 5 17
6 1 2 3 4 5 17
1 18
2 1 18
2 2 18
3 1 2 18
2 3 18
3 1 3 18
3 2 3 18
4 1 2 3 18
2 4 18
3 1 4 18
3 2 4 18
4 1 2 4 18
3 3 4 18
4 1 3 4 18
4 2 3 4 18
5 1 2 3 4 18
2 5 18
3 1 5 18
3 2 5 18
4 1 2 5 18
3 3 5 18
4 1 3 5 18
4 2 3 5 18
5 1 2 3 5 18
3 4 5 18
4 1 4 5 18
4 2 4 5 18
5 1 2 4 5 18
4 3 4 5 18
5 1 3 4 5 18
5 2 3 4 5 18
6 1 2 3 4 5 18
1 19
2 1 19
2 2 19
3 1 2 19
2 3 19
3 1 3 19
3 2 3 19
4 1 2 3 19
2 4 19
3 1 4 19
3 2 4 19
4 1 2 4 19
3 3 4 19
4 1 3 4 19
4 2 3 4 19
5 1 2 3 4 19
2 5 19
3 1 5 19
3 2 5 19
4 1 2 5 19
3 3 5 19
4 1 3 5 19
4 2 3 5 19
5 1 2 3 5 19
3 4 5 19
4 1 4 5 19
4 2 4 5 19
5 1 2 4 5 19
4 3 4 5 19
5 1 3 4 5 19
5 2 3 4 5 19
6 1 2 3 4 5 19
1 20
2 1 20
2 2 20
3 1 2 20
2 3 20
3 1 3 20
3 2 3 20
4 1 2 3 20
2 4 20
3 1 4 20
3 2 4 20
4 1 2 4 20
3 3 4 20
4 1 3 4 20
4 2 3 4 20
5 1 2 3 4 20
2 5 20
3 1 5 20
3 2 5 20
4 1 2 5 20
3 3 5 20
4 1 3 5 20
4 2 3 5 20
5 1 2 3 5 20
3 4 5 20
4 1 4 5 20
4 2 4 5 20
5 1 2 4 5 20
4 3 4 5 20
5 1 3 4 5 20
5 2 3 4 5 20
6 1 2 3 4 5 20
