200
101010110010
1001001001000111
0010011011011101
1111100000111110
11101010011
10100001001001
000100000000
010011000001011
1100010110010011
11101101110
110001010001
00000111000
011010101001001
10011110110111
0111001111000
110111111010011
1000000110000101
01100101110
00011100011
0111001001111011
1010111010111
0111101010110011
01001101101
110010010111
110111011000
01100110111101
011111100110100
100001001101
0111110000
001011110001000
011111011101
1101111100
110110001010
011100110010000
0001000000011
01100100000
01111010111110
0000100111101
00001010000
1000111101
101110100101011
10011101000
11100010110100
1001101000000110
11111111110011
01000101101010
000010101000
1010111100001
0101111101
1110001010101
1101100100
1011011001
01111100100
11110111111011
11001001100001
1001100101
0000111001000
01001100011011
0000001111110
0000011111010001
00010000100101
100110000100
110000010110
0101001110111
0111010110011011
00101010010010
011100000100
000111011011
00010110100
1011001011101001
0100100000001101
1110010011110110
11110100100000
00011001010000
0110100010101
0101000101101001
0101010101
11011001101
0001111101111
00011011011110
11001111100
10100100001
11001001000111
101010111000
10110001001101
1111011011011
11111101101010
011111100011
01010011111111
0111010101011
101010000100
0100000011
011111110000100
0111000101
1001001110
111100111000100
01011110110010
0110000001000010
1010010011001
001010111101101
01111110001000
1010111101011
0110100101001001
110011101110111
1111100100
110101011110
11000100101100
011010100001111
0000010011
11101000000
1101110001
00110110111
111100101101001
010001010001101
1011111100
1011100110010000
0100100001110
0101001010111110
1101010000
01001000100011
00100001100001
1111110010101110
00110110000
0101001001
10000011001
1001011001
0101110011111011
1001010101111
00001000100
1010011011101000
11110110101111
1101100011100111
1001000101110
11101001001
0011000110011101
00101100001011
0000110001
000000110111010
10110011001011
1101010110
0001101110111101
1011011100000010
001111111001011
11001000110
01000011001101
111100111001001
1011010000
001001110000010
11000110101011
000000101011101
111010000110
11001011011100
100000101010011
11100001001010
1001010111111010
011101000111100
1111001101110
010101001010101
11010110111
10011111011101
01100111000011
1001010011
110010111001000
1011100111111
110111100001
1011100011
101101111100
1010010100001101
01001000000000
1001110001
00010011000010
11101001111
1000001101011
00110100001
110100110101
1011001110
01011101010011
1011100101011
1001001011001
011011111001
10001000010101
0000001100010
10011101100010
1001110111
11100100000
111111001100
111100111100011
00101111000000
11001100110011
10100001000101
0100110100101001
1011111010
111010110001
111100000110111
01110001111
1000101001111010
0010110111001010
111100001011100
0000111101
01001111000111
