200
10100110111100
101000100111101
0110111110110000
111110000001110
1001011001111101
001111001101111
00111101101111
01010100000100
111001100000001
1100001111011001
0110101010001
001101000011101
0000101111000101
11100110101010
00011111011001
1001010000111
000111100111110
0111111101001
0110001011110010
000001100001011
111110110000000
1000001011101001
11111010101100
0001101110111100
1001100111001
0100110011010
010011111111000
01011010111001
0000000111011
1100100000001110
0001111010100
1010011000100
0110010011011
1011110100000110
1101101010100
01010001111001
00110011101000
011010010110010
0110110110101011
0010001111000111
101011000111000
0000100000000100
011110010101001
110001110111111
10011111100001
101101110100011
1111111001001
1011110001100001
0001100110001
0010101111010
10010101110010
0110000111111110
0110111100111
1011111110011
11010001100001
10000001101110
11100000100111
011111101001001
11101011100011
011111110110100
000111010011101
01110101100011
01011101111001
1111100010101101
0111001001110001
1101000011000
11000010101101
0000100000111110
111110110101100
0010011010010101
0010011010100110
0101101101110100
0100011111011100
1111110100101010
10001101101010
0101001100100000
000101101100010
0010111000010
1000001000110
111011101000000
1110101110111101
101011110011010
110100111001111
1110110001010
101100001001100
001111101111010
0100001101001000
10001001111010
0101100010110101
0100010101100
100101110000001
0011111000100
1100100110110
10010111001111
111101111000011
001100111000000
1001100001000000
1101100100100111
00100001001110
1011000011101
111010101101000
0111100011010000
1111010010110
010101101010101
001011110111010
1000100100110
110011011010100
011100001010100
01100100100100
1100011101100100
1010111111101010
0001010001111100
001001001101110
011000010100000
0100011011100
111111100010001
1010010101011100
1110011100100011
0110100110110
0010011110110
11000101101110
1010001111110001
1100001111111
1011010010111
0101000101001111
1111101110101
0001101011010
011000100110000
000011011000001
000101000010100
1111010011101010
10100111100101
0101100011000
1001011100011111
1011111100011
01011011110000
0111101000111
00100101001101
0100111001000110
100100011101101
1010100101101
11100110110010
00000000101100
1101111001010011
11000001010010
0010010001011
0111000001000010
1111100001000000
0001001001110000
111110011011100
1110111101000111
0000011100011
0101111011101
010101101111111
11101110111001
0111000101111
1100011100000101
1010011000001101
011010100111001
0101100111010011
1011110011001
100010010000100
1010111011101101
10000111101011
00000000010111
0100111110000
0001001011011
1010111100110100
100000111001000
110010100001000
000001111000010
001111010010111
1010100100010
0100011101000
100100011111010
01100101010000
0010101010001110
10011111011111
101110101001111
1010101100111001
0011101110001010
000100111001110
00011110110001
1011011110101110
1001110110111111
1110111110101
0101011101010000
011001101010000
0011011111101010
10010111111000
101110111010000
0111000101010001
01101101011011
0000010000011111
11001101010101
10010001010100
1010111110110111
00001110010111
1110101110011101
1101111110000
