200
00100010100101
011111101101000
0010100111101111
001101100000001
1111111001111
1101111110001
000000100010100
11100010110101
011011011001110
00000111010101
1100110110100101
0100010110011
1101011000111011
111000111100110
111010100001010
1011010001100001
0000110011000
1011101100101110
1011100110100100
1111010010111
011100111000101
10001111101011
0000110110100111
0001010110000010
110100010100010
0101100101010
01000111110111
0000101010110
11101011011001
1100101111011
011010111110100
0001110011011
1110001011001
0111010001100
001101110111100
0111001100100
001000010000110
111110010101111
1010010101010100
11010111100011
1101110011101111
00001010010101
100001100010000
00100110100001
11100001101111
1011010011101
1000001001100
1111001111110011
0010010000100111
1000100001110100
110101111000001
1000111100100000
0000010111001000
0010110101001
0010101010100
1111011100011001
1000000000111001
01101110010010
1101110110111011
1101001101101000
0010000101000
11011110101011
110101101110000
100110111111000
011101010101010
00000111101011
1011101100110
1101001000111
100011001111010
11001000010111
100010101011011
1100111010111000
111101000101101
010110101111010
011110010010010
1101011000100110
0101101101001110
1100010001001011
0110110011010
0111111001011
010110011111011
00000010111101
00001100011010
111011100100001
0101001001010
1011100110001101
0100011000110101
0001100001100001
0100001011110
10011110000100
1011000101010
111100010011010
000100011011000
1001110110010011
10101010000000
11010101100101
111011101101110
0000111111110111
11110111111101
1010111000001001
11100010110011
1010111101000
1011101011111011
01101101001101
010110100010111
01010100100000
1110110011111011
0111011011110
111000101111001
01010010011101
001110001101101
110100011010000
100101100111010
0111001101000010
1000111010001
01011110110100
101110001001000
111001011010000
1010100101010
011100001001101
10010011110001
110101000001010
101010101001011
0010000101110101
110010100101011
0000010000100
00010001010011
100111100001110
1000101100011
00001101011100
00000111111111
0000001011110
100000000010101
1001010101000
101001101010001
0000011011110011
10111100000110
001001000101100
0100100100110
11010111000100
1000001101001
000001001110011
01110100000001
10010000010010
10010011000011
10100101111111
00110111011110
0011010011100
00001110100000
1011000110010
1010001010111101
1010110111101011
01010110000110
0111010000100
0101001110100
000101001110011
0011111100111100
0100000101000101
1101111011011000
100101100010100
00110011110110
11000100111110
1001101100100001
1011100010110101
0001001011100
1010111111000001
10101001100010
010101011100000
1100101001001110
1100100000011101
0001111010101100
010100101000111
01000111101101
1010000010100100
0000100011100
11100001100110
0000110110000101
100111000101001
0010110111000
001110100110000
10111001011111
0101100001110011
0111100010101
0010100000111101
01010010011011
010001101101010
0111111111100
10110101111101
0111001001000000
1111011000000101
00110000010000
01101110000111
1001101000001
00100110101011
0011000010101110
1001101110010
001101001111100
1110100110011
0111100101111
0111111010100010
