200
00000000110010
1010111101010
010101010110101
01011010001111
011000101010001
11111011001101
1110001100000
110110111111110
0000010110001
1011011111101000
1010010011010
0111111011001101
0101110110111010
1100110101010
0000100100110100
010110010100010
1001011111011
1110011001100
1111101001101
1010110011111111
1000000100101100
111111111101000
1101110001010
1010011001111
10010110101110
010011011101000
1111001101111
111001100000110
1100100101101
1100110000011
11011001111000
0011110001111
0011101110011001
0110010101000011
0000011011101101
01110111111011
11111101101101
01001111100100
10001111010000
11111110111011
00100101011000
0011010001010
0010010111010
0000001001000001
00010111011100
0010011001110
110011010100110
11101111111110
1001100011000010
010100110010110
001110100101001
01101011001110
00000011100011
1010100001001
1001001110111010
110101000111101
10110100010100
01011101101100
1101111101111100
001101101001010
110111110001110
10010011001011
0101010010011101
00010010110100
001000101111011
00101010010000
0000111011100010
01010100111010
0011001001000101
0101100001111010
1010001000111
01010100001011
1111100001111110
100010010000001
1100111101110000
100111000110001
1000110111000
00100010010000
011011001011101
00011001011001
001001010011001
00101011111111
0100110010110
10100010001000
110110100100000
1100010111001
0100111101000110
010000111011010
00110010100111
100101011101011
1010010000000
101011111010001
0101001001110011
1100001010101011
101011011111101
000101001101101
0000100010101100
0000001011000011
111111011110010
1101101010010
110111000011001
0110101011101
1001110110110
1110101101011
00011001101000
10001101101001
1111000000000101
0011110001000
1111110110010101
1010000100011110
100110010110110
0101101101000111
01000010110000
10001110111100
0010110011101010
110111100010011
10111110001001
010101010010001
0001111001011001
0110110001001111
0100101011100001
00100010000110
0101001001001
01001111101001
1001100111111011
01101100010011
0010011100110011
100100101100110
01011110011101
101101100000101
1011111101111
0000111111010100
0011000000010
111010011110010
0001101110110010
101101111101010
1000101110001000
100011000000110
10100011101000
1101110101001
111101111010011
0001100101001
10110000011101
00101000110000
0010011101100111
00110111101001
1011001010001100
1100111111101
1000110001001101
0010100101011100
1111001001001
0111100010010000
0101001001100010
1011010011100
110110110101011
1110001000110000
1111110100010011
010001100100010
10001110110000
0010011110010
0011100110011
110010001110100
00111110010110
0110111011101111
101101110010010
00110011010011
1001010101110
1010100010100100
0011111000101
0001001111010000
0110011101001000
01001100011110
0000000101110
01001101001110
10101111011110
110100101110111
000011101100101
101001011111001
110111001011011
01100101001000
0011110001111011
0101000110001111
010101000101110
1110001111100000
010001010010101
0100010010101100
11110011110101
01000001101110
001111110100000
1110101100111101
1110010111000011
01101101111101
0011001001110000
100101001001000
0101010101010110
0111011010111
1110110110001110
00010101101000
001001101001010
0101101000000001
