100
0100100110110101
101000011011
111011000101000
11111001000
1101011111111
0000010011010110
10100001110
01111000100
101101011011000
1110011110100110
1100101111010110
10011011000011
0010111001110101
1001010111110110
11000110001100
00011010111100
111011000111
010000010111
11111111100000
10100111001101
010001000100011
0010011011101
01111010011
00010010000
111011101010
0001011101101
0001110111000
0010111101100
001010101100000
0001001011110011
00011101110
101011111001
0001000010110001
100011001101
11101010110101
100011111110
00000111111
1111001011101
00011111001001
01110101000
10000101010101
0001100110110
110101000011
00000100010
01001101101
1010001011010011
101110100000
01010101001010
10011100101
001101000110000
110010011100
01000101100
1110110011101001
0000001010111010
11110111011
000011000010001
1001000101100
110001001000
11100101000
001010110001
110010000101
1000101010010
1100110100100
011111010000
1011100111011110
0100001101010011
00010010101111
001001111110010
1110000011110
011010000011
010010100011111
010001011100111
1100001011111101
0001100011000
001010011111
011101010111
0110101101011001
100001011000
1111111000010110
0000000100111000
0001001111011011
011110000000
100111011000000
11010111010111
00000101111101
01110001110111
011011100110
10111011110
001111111010001
1000010101101
1100000110001011
0101011100101
00110111011001
1010011011101
00110111011
1000101000110101
01111011100
000101001010100
01110010111001
0011111100000000
