100
10101111001
000010111001
10001000001
01101000011100
0001001101100011
00000011110
10010111011
01011001011
011111101101001
0000000000000
101100010111
0010111100110011
1101101110110011
0001010011100000
110010111011
1110110010000010
11010111010111
10001000011
0010101110110100
000100111001110
1100111011101110
11110011111
101111010001000
11001001000
1010011001100100
11101101001
1100110011110
1110101101101
1001110101111
1110011110110001
1000000111001
111100000010110
110000100000110
0110001111011
01001111101
0101101110101001
01011011011100
00111111110001
1010010111100001
1010101100100110
001000000000011
01111101011010
1010010101111
110000001000
1100100110010
01001100110
0000000011011
0001000110101
1001110111000100
100101111000110
0111100000011100
1111100110101100
110111001101000
1110000111011010
00100100010
11110011001101
100101101111100
011101000111000
1111001111011
111110001101
000111000001
000100000110
1011101110010100
000010011100011
0100001100101101
1100101001010
110010111011111
1000101110000101
1111111011110
00110000001
0011110010110
1000001111011000
1000110100000110
10001100111010
1000000101100100
010100010100100
1000101001110
11100101001
1010001010100001
10111001011011
000000000111001
1011010111100010
01101000011010
01001010011
1100011101000
0100101110001110
11000001011
10000000110011
0000010110000
0011111010010
11001111000
001010110110001
11001111011
11001011100
111001001011
11011000100111
000011010000
0011001011010100
001110001100
010111001011111
