100
1000000010110000
1010110000101101
11001011110100
100101100101
110100110110100
0110000100111110
101110101110
1010101000110
1011000101100
0001001110001100
11000111010
1110011100010
00010110110011
10100010100
00010011011011
10101011111101
000001010101101
0111111001010011
01110111101
00101110100
10000110101010
110100001110101
001100111100001
10111110011
101011101111
101010111011100
01111010011
10101100011011
1111010100100
00010000110
1100110011000011
000111100111
000011110110111
010100110101
1000010101000
10101010101000
11001101011
110110100011
1010100000101
000000010010011
110100000110100
0111000011111111
100101011101
0100011101001
1001001101011100
00000001001
00111101110
1111110010111101
0010100110111
1001001011111110
111100011011101
0011010110111000
1011110101110100
01110101111000
111101100011
00011111000011
111000100011
00100001110
1000100110111011
101111010111
01010001111
1100000100000010
0001001001100110
10000010111001
00111111100001
0001100100000
1010000111010010
01001011110
0101111001001
11000110111100
0101000110001100
111001010001
1111001100110101
11101011011
1110010100101001
11010100111001
101000001000011
11110000101
0100001000111110
1100001111110
0110100101010010
010111000100101
00110100101
001100110011101
000001010100010
11011000011
110011001111101
10101011001
001111101010
101010111110110
1010010001011111
01000111110
010001100010
1110010001011
000001011110
100010010010
11001100011
100010111010
10101101000110
011010111010
