100
110000101000110
1000111101010101
100001101101
10100101101
01101010101101
11111110101
0111010101111001
011001001000
0111011000010
1101100101010
01111110101100
10111000010
0000111100001
001011010100
1010111101000
11111110110010
0101101001010100
10111010001011
01110100011100
0001110011111010
0110101001100
11101100101
011010100000
00010000110
011100000000
100001100010
101010001011
00101101100100
00001101101
101110011111001
00010011011
001100011101
00000100101010
010010001100
00011111100
100001110101
1000010010111111
1001010010001
0011110000111
001001011111000
0000001101000111
001010111000
1110111000101
0001101010010
00011011010
10011001110110
000000010000011
0000011101100
1100010101100100
1101000110101
011111110111
100000100101
1011000011000001
0011110000111001
11101001010
010101110001
10100010111010
11111011101111
0111011001110010
1010110111100000
10101000101100
01101010011010
0011100000101011
01000110100110
010100100010
010001101100
10010000001
101100001000
0010111110110
10111101011100
00100110011101
11110000001000
10010001111111
11001111100001
0001010100000
0010011100110
01000010001
1010110000110000
100110001101
0100001100001000
10100101111
0100111101100000
11001111000
101001000110100
0110100111100010
0100110100011
01100000101110
100001001110011
100001101001001
111000010100101
110101100011
01000101110
10010100110
00010111110
01001010100
001000001010101
11100011000
01001110000111
0000010100100000
011101010011010
