100
1000111110000111
10100111010
01000010011110
000100110100000
0111100111001101
1011110000111011
11101001010010
01001110010010
110010110001
00011111001
11110100100110
1110111110010110
1110000101011110
1001010100000
1111100100110
00000100001011
000000011110
10000000010
10001001000000
0100100101110101
101010111011
00111000010000
00010000110
01000010011
0111111100010
0011101010100101
10011101011
0000011100101
011100001001001
0101011100010001
1101001000100
11001000000
0011010111101011
0110010001101010
011101100000
01101010111100
1100000111110
100010101100
11000010101
011110110110
010001100001
1101101010110
1011110111011010
000100110001000
111101001010111
1010110001111101
011011011101011
100100011011
10011001001
011001110101
11100110001
101010100011110
01100100101
01111001000010
001011110110101
00110000010001
1001111001111
10000111000
100001011010001
010111011010011
10011111111001
111110100111010
0111100100100
001110010110
110010001001
0011110011111
01001110001
011111001101
010111010101001
111100100000000
110101101010101
00010011011100
110101010111
01110110001011
10001101110010
101000000101101
11100010010100
111100011101100
10100011111
11100001000011
0000110101000
011010101001001
1011001110110
10001110111010
111011010100
0110110010100
1010101101100101
100000100011110
001011011101
0111001000111010
010011100000000
0000101000000
000101111110
01101100111110
0001010101000
01111000011
1110000001110
1100010011101101
10001111001
1010101011010
