100
0000010010101100
110011111110
0110001100111
000100001001
1001011100111101
00101100001100
11011101001011
11000110011
00111001011
0101011100111
1100001101100101
01100100101
0110000110100000
01011010101
1000110010010
11011111011011
001000111110
111000101000
01101110110011
0010010011001111
110100001110
00001000110100
0110111101010101
00001100011110
111100011000010
000110100010101
1110001000110000
111110000010100
000100110001
010000111100
1000001100100
100001001010
100011010101
001000100000100
100111010011100
1101000001101
000001000100
1111010010101
100100100111010
1011011101110
0100001001000011
01001010110
10001010001011
11111110110
100000101011101
11110011010
100001101111
010000111010101
0111111111101
01000010111
011110011110
01111010001
101011011101
010000110011
0110101110110
1010100000011101
001101010100111
01111000110110
000000111001010
01111110001
100111000010100
110010101101
001100010100
1100110000010
101110001011111
011011110101010
0100011111010
01111101101
110001001010110
11111111111
1001011111010
111111110110100
0100111111100
0101111100010
0101110111111
1111101101111
00111000011
0010110111000
000011110010100
00101101000
01011010111100
00101000101
1001110011101001
00000010011
01001010111
01110010100000
01100000100
011101010100
11001110111
1001011000110
00110001000
10011111100
110000101000
1000100110001000
100011001111
01111001110
00110011101
1111110001010111
10000000000100
0000000000011
