1000
9
-591 -403 1
241 -437 1
864 561 1
-990 854 1
-133 813 1
191 -150 1
124 582 1
-989 -558 1
-722 -378 1
9
-720 -821 1
-858 121 1
642 -46 1
-638 -178 1
251 957 1
35 -796 1
-720 -412 1
-87 398 1
622 -313 1
9
-125 -293 1
634 885 1
921 583 1
-852 317 1
-877 716 1
374 281 1
-9 -461 1
-532 -473 1
-504 347 1
9
288 -392 1
967 -196 1
-765 8 1
-436 968 1
-748 -517 1
-346 -492 1
968 -492 1
335 -734 1
-105 -43 1
9
622 -263 1
283 286 1
-856 -72 1
-146 776 1
-772 690 1
199 967 1
357 -538 1
735 -69 1
592 -848 1
9
864 -68 1
176 -617 1
466 -528 1
339 793 1
704 78 1
19 -580 1
-336 -918 1
-463 -855 1
145 -745 1
9
-997 159 1
-709 -753 1
910 677 1
-677 -30 1
-957 -729 1
375 -506 1
-220 259 1
108 -873 1
-989 990 1
9
181 -543 1
-712 -249 1
-502 -558 1
135 -190 1
-486 -867 1
808 315 1
-486 -747 1
-486 285 1
-344 440 1
9
-402 -73 1
851 -200 1
336 650 1
559 322 1
-234 180 1
-605 964 1
819 820 1
390 -678 1
-349 -840 1
9
-255 -3 1
906 710 1
759 845 1
-441 -726 1
992 253 1
-538 -757 1
-413 728 1
-787 322 1
-575 -478 1
7
-298 124 1
-583 29 1
362 213 1
456 168 1
-258 909 1
703 -98 1
406 -82 1
7
-114 -864 1
531 -365 1
441 284 1
976 -676 1
-989 -494 1
467 -414 1
-403 337 1
7
526 692 1
693 176 1
-613 -241 1
-34 -501 1
-496 261 1
-580 -745 1
434 224 1
7
-403 -255 1
631 998 1
664 167 1
-378 -882 1
429 527 1
-419 245 1
571 980 1
7
-940 -239 1
-217 92 1
310 6 1
527 -96 1
-890 -754 1
295 869 1
-875 289 1
7
530 991 1
259 96 1
-967 -540 1
123 368 1
203 -980 1
455 715 1
-513 59 1
7
-836 666 1
466 403 1
-63 -328 1
-554 261 1
-732 -154 1
-464 -842 1
-370 247 1
7
-256 -624 1
-883 -872 1
-124 434 1
196 -356 1
-801 -171 1
410 213 1
-204 695 1
7
-442 445 1
202 409 1
-4 357 1
-85 -660 1
-789 721 1
-136 -231 1
671 218 1
7
730 391 1
163 402 1
-911 -676 1
780 -338 1
472 366 1
798 -602 1
552 445 1
7
-687 707 1
-568 511 1
358 -249 1
375 -967 1
-52 792 1
348 546 1
-206 -526 1
7
406 938 1
-476 -248 1
471 489 1
900 -330 1
621 -201 1
-615 -246 1
426 535 1
7
-441 766 1
-970 -854 1
-153 471 1
511 118 1
276 781 1
-517 -196 1
765 -101 1
7
-470 488 1
469 -814 1
633 -507 1
498 376 1
722 -464 1
336 570 1
-484 -977 1
7
711 555 1
-781 206 1
-740 66 1
965 -201 1
-195 186 1
-826 620 1
819 663 1
7
222 -942 1
164 809 1
281 338 1
242 89 1
324 578 1
-937 -913 1
-111 331 1
7
43 465 1
-876 599 1
-388 -642 1
-395 -682 1
762 -940 1
979 -319 1
995 37 1
7
715 -783 1
-459 -609 1
599 -47 1
202 305 1
773 609 1
-100 689 1
351 724 1
7
584 -9 1
-838 590 1
953 -812 1
-493 -383 1
-77 599 1
306 -862 1
-659 -18 1
7
-135 743 1
731 -995 1
51 343 1
907 662 1
80 96 1
755 -838 1
262 524 1
7
978 -506 1
820 -428 1
358 770 1
490 -245 1
604 322 1
400 -951 1
-607 202 1
7
-880 430 1
103 -907 1
364 -915 1
-891 313 1
171 -415 1
-251 -566 1
-853 -863 1
7
438 -197 1
-459 783 1
957 -403 1
-921 484 1
-243 -295 1
-180 -156 1
-290 -745 1
7
815 -861 1
-329 759 1
-762 314 1
649 743 1
313 486 1
310 -348 1
-450 78 1
7
488 -365 1
280 512 1
-977 -428 1
-706 484 1
-7 -741 1
965 -252 1
548 568 1
7
553 -744 1
16 123 1
-553 239 1
-244 -431 1
-601 612 1
882 824 1
-370 -181 1
7
-156 258 1
-931 707 1
-916 658 1
865 -285 1
-704 850 1
547 156 1
-867 -996 1
7
346 720 1
-61 335 1
920 -417 1
741 936 1
-125 -432 1
-132 651 1
-232 857 1
7
817 -586 1
-699 -820 1
38 900 1
-841 909 1
161 -301 1
509 -493 1
34 -963 1
7
-112 -304 1
61 -743 1
527 -985 1
965 778 1
-202 695 1
-48 968 1
-77 104 1
7
425 -67 1
263 360 1
147 26 1
-877 -937 1
48 657 1
-690 -262 1
880 -423 1
7
-702 520 1
-982 -779 1
-501 -942 1
392 2 1
-99 -310 1
-35 121 1
-671 -467 1
7
-369 -351 1
996 887 1
-457 -829 1
-829 -385 1
849 330 1
-440 -75 1
-864 22 1
7
885 -332 1
643 -638 1
-144 -88 1
-215 294 1
-759 120 1
620 -44 1
607 852 1
7
-621 -950 1
515 875 1
-856 -69 1
-612 -875 1
746 -645 1
401 -862 1
486 -248 1
7
-333 903 1
907 -477 1
304 -844 1
-376 931 1
-265 -410 1
-909 -474 1
746 -172 1
7
475 -50 1
-905 363 1
-745 746 1
-608 517 1
-639 -703 1
465 -796 1
98 -730 1
7
304 -456 1
-560 340 1
-636 -533 1
-997 295 1
558 959 1
-639 -16 1
-376 144 1
7
-709 -406 1
-409 291 1
-577 82 1
-706 -320 1
-548 -532 1
754 461 1
484 490 1
7
-410 -768 1
-439 234 1
-120 820 1
873 117 1
-683 526 1
-123 -951 1
372 -398 1
7
460 144 1
-977 228 1
464 846 1
-176 -123 1
-345 346 1
-350 -79 1
-484 673 1
7
-295 -231 1
-653 493 1
152 -272 1
-482 552 1
208 -39 1
987 668 1
-33 988 1
7
652 -447 1
-418 263 1
353 339 1
335 743 1
-371 110 1
910 -863 1
69 35 1
7
-757 -391 1
499 3 1
555 -134 1
637 933 1
-252 589 1
718 754 1
874 587 1
7
870 947 1
-364 951 1
975 917 1
673 134 1
825 653 1
-540 -137 1
873 -923 1
7
-747 698 1
-146 -188 1
965 -676 1
-532 -366 1
233 -448 1
-468 44 1
-653 589 1
7
650 235 1
761 -408 1
690 -573 1
-100 -178 1
-218 -418 1
-189 25 1
506 822 1
7
-622 -568 1
-941 -739 1
306 -880 1
-89 339 1
783 -76 1
957 -941 1
-457 854 1
7
-581 716 1
-684 431 1
-291 -729 1
986 684 1
-899 291 1
882 929 1
661 -983 1
7
-778 -353 1
-272 551 1
-604 750 1
-320 -541 1
480 455 1
-124 300 1
-393 484 1
7
-764 -844 1
-376 98 1
753 -554 1
-661 -771 1
586 -487 1
101 -759 1
548 615 1
7
337 81 1
-228 -674 1
-672 281 1
-485 -970 1
-970 869 1
-598 136 1
886 377 1
7
851 883 1
967 833 1
997 -655 1
296 -492 1
-549 -166 1
434 516 1
-917 -807 1
7
-45 907 1
116 25 1
967 207 1
348 34 1
-151 56 1
106 -618 1
-448 741 1
7
568 -114 1
368 476 1
-362 -582 1
-880 396 1
-964 -436 1
241 841 1
769 -430 1
7
-251 -928 1
205 903 1
437 -276 1
244 -265 1
-667 606 1
361 -434 1
155 -496 1
7
-758 -386 1
757 -893 1
149 643 1
514 673 1
-990 873 1
9 -501 1
-799 -805 1
7
763 414 1
871 -44 1
-601 7 1
20 617 1
-327 367 1
42 -377 1
228 400 1
7
-425 289 1
2 854 1
-884 769 1
901 977 1
-868 207 1
978 380 1
146 -953 1
7
-615 905 1
-52 862 1
888 -802 1
-437 995 1
113 -745 1
-30 -578 1
795 54 1
7
405 -601 1
-793 816 1
-482 980 1
736 378 1
-277 -172 1
66 282 1
680 99 1
7
699 -524 1
-260 -341 1
474 993 1
322 -62 1
-494 526 1
-648 -690 1
-953 157 1
7
-499 -493 1
952 -209 1
196 849 1
811 -254 1
362 -628 1
-309 912 1
-286 -770 1
7
-938 -861 1
-86 356 1
-797 584 1
396 8 1
-256 516 1
557 -910 1
-44 917 1
7
610 -321 1
-924 406 1
-380 134 1
870 744 1
854 764 1
-299 760 1
-447 -330 1
7
662 389 1
-537 -881 1
806 -670 1
872 3 1
-705 533 1
-256 717 1
289 186 1
7
-9 -90 1
793 223 1
337 -625 1
-419 -87 1
107 -492 1
-323 328 1
-182 -876 1
7
-849 182 1
450 -781 1
75 -371 1
820 117 1
-388 323 1
-242 -943 1
58 -251 1
7
-860 764 1
784 -576 1
611 -465 1
677 775 1
-351 -966 1
-605 267 1
-557 463 1
7
38 940 1
341 210 1
180 -912 1
535 -112 1
-528 -158 1
273 428 1
-818 -188 1
7
-387 371 1
252 220 1
-609 44 1
-813 522 1
521 -465 1
-779 838 1
93 -950 1
7
356 765 1
-243 -852 1
-248 798 1
219 -453 1
-248 521 1
179 430 1
-709 -749 1
7
-379 622 1
210 -788 1
-237 -908 1
-923 -183 1
463 219 1
-984 119 1
-333 -668 1
7
-540 -599 1
-938 -793 1
-527 17 1
371 999 1
7 -828 1
671 885 1
166 -952 1
7
90 570 1
74 -877 1
-266 176 1
-514 -473 1
878 -107 1
371 -341 1
703 267 1
7
449 -930 1
-605 -312 1
-281 -584 1
-747 -354 1
-122 962 1
-619 902 1
-576 797 1
7
-307 36 1
851 -505 1
-634 -531 1
206 -622 1
-649 925 1
973 505 1
271 -359 1
7
662 -490 1
434 -431 1
-238 459 1
940 485 1
434 -669 1
-836 349 1
702 -53 1
7
-136 -920 1
-907 -324 1
-864 639 1
-434 -33 1
-444 -588 1
220 -967 1
933 -441 1
7
-468 892 1
-808 831 1
811 -234 1
197 999 1
-192 714 1
128 -649 1
-988 -126 1
7
675 68 1
891 -613 1
-462 109 1
104 -257 1
444 -145 1
-225 -298 1
890 -389 1
7
959 242 1
397 473 1
-183 671 1
167 637 1
-573 120 1
233 298 1
417 -199 1
7
-242 -782 1
274 251 1
-447 -507 1
-134 -924 1
-113 -882 1
527 -596 1
-510 -421 1
7
-979 -272 1
192 -602 1
-102 547 1
-954 -519 1
-36 -526 1
-159 860 1
-847 674 1
7
-324 -162 1
-747 498 1
337 311 1
219 201 1
-949 512 1
435 912 1
987 -693 1
7
776 552 1
-473 -129 1
345 337 1
358 -999 1
-56 623 1
-994 745 1
688 -234 1
7
574 842 1
-111 531 1
-427 945 1
126 213 1
-174 293 1
311 980 1
-357 -172 1
7
781 131 1
850 -721 1
463 992 1
-477 899 1
-178 -813 1
-108 9 1
-998 14 1
7
600 -808 1
962 480 1
-58 -701 1
948 -559 1
558 -308 1
-13 -842 1
-137 -275 1
7
401 487 1
-333 928 1
-592 418 1
867 -594 1
-895 -563 1
-777 -953 1
-451 -184 1
7
630 -893 1
990 -635 1
-35 724 1
959 -208 1
-646 -197 1
283 -81 1
-957 -173 1
7
-306 -730 1
-804 -369 1
442 -123 1
-500 247 1
-780 -17 1
-971 105 1
967 -295 1
7
850 -317 1
518 851 1
342 -920 1
-744 -617 1
-29 -873 1
-892 -628 1
982 24 1
7
0 491 1
441 -80 1
-406 -574 1
849 -681 1
-50 291 1
836 -693 1
-754 557 1
7
-84 636 1
863 664 1
-243 828 1
-247 -106 1
-673 -603 1
-721 -536 1
508 -674 1
7
-680 553 1
916 -410 1
353 -494 1
552 -901 1
-243 -625 1
-886 7 1
-106 421 1
7
-200 48 1
65 349 1
46 824 1
-13 -263 1
642 595 1
783 -372 1
-594 501 1
7
803 -995 1
-180 -649 1
-640 -268 1
-772 338 1
342 -669 1
228 -766 1
-831 428 1
7
-361 274 1
-325 -294 1
-781 57 1
775 -834 1
-897 425 1
943 999 1
841 979 1
7
-971 -406 1
615 678 1
-718 -650 1
-36 983 1
-74 -117 1
696 322 1
-388 237 1
7
-905 153 1
-873 -622 1
143 870 1
295 -746 1
133 -164 1
-909 -882 1
299 -974 1
7
-697 -739 1
-698 -957 1
-753 -152 1
-935 -858 1
658 402 1
-639 -729 1
763 -466 1
7
-692 -440 1
966 262 1
-704 889 1
-266 -101 1
-763 17 1
-234 854 1
175 333 1
7
964 -873 1
-74 -688 1
-487 198 1
-887 567 1
-732 -347 1
717 539 1
837 377 1
7
-881 -111 1
588 433 1
40 -331 1
843 696 1
-210 -897 1
878 962 1
-359 -345 1
7
767 595 1
797 -564 1
821 153 1
410 -450 1
-648 -71 1
-683 -895 1
745 440 1
7
399 730 1
164 -921 1
-175 -95 1
886 155 1
470 419 1
44 245 1
502 -161 1
7
-569 -212 1
-895 -197 1
642 -951 1
381 655 1
-517 620 1
-799 -344 1
332 925 1
7
-135 -132 1
308 410 1
-999 -715 1
167 920 1
704 917 1
482 886 1
523 45 1
7
-672 432 1
-644 -502 1
-686 -995 1
430 -608 1
-781 -849 1
593 928 1
837 -480 1
7
-243 -495 1
80 -266 1
-914 -305 1
513 -119 1
476 34 1
826 -982 1
902 368 1
7
63 602 1
670 -226 1
61 113 1
-128 -773 1
512 135 1
-883 -516 1
330 448 1
7
732 842 1
-730 264 1
-435 630 1
-356 -810 1
50 -930 1
-235 -673 1
466 905 1
7
-244 930 1
-384 -401 1
330 -122 1
-831 511 1
-472 630 1
-116 479 1
812 -9 1
7
753 -437 1
-943 -387 1
-59 588 1
-754 113 1
948 -708 1
779 141 1
951 392 1
7
56 227 1
-182 424 1
750 -60 1
-822 90 1
216 500 1
-710 -892 1
-123 860 1
7
775 227 1
315 120 1
847 -445 1
-569 -122 1
-889 473 1
-795 312 1
349 406 1
7
-957 -231 1
-428 -104 1
-732 363 1
-804 -269 1
92 -327 1
-174 856 1
-431 -674 1
7
939 -381 1
-563 -195 1
122 909 1
-73 695 1
-757 -505 1
400 545 1
-607 -692 1
7
-82 506 1
502 36 1
-165 241 1
-861 20 1
-873 -164 1
957 204 1
-82 809 1
7
-344 -63 1
862 456 1
50 753 1
-738 -89 1
-546 -304 1
-327 614 1
109 579 1
7
492 -318 1
714 383 1
-814 370 1
754 -58 1
826 98 1
689 715 1
617 -128 1
7
-357 177 1
-848 -444 1
-104 151 1
-140 -302 1
-704 845 1
277 -404 1
-512 643 1
7
426 -660 1
646 -589 1
-472 -732 1
982 -754 1
927 -548 1
311 -611 1
-451 467 1
7
241 595 1
225 234 1
930 131 1
-146 998 1
222 -237 1
-64 39 1
-482 -452 1
7
-75 231 1
-561 -700 1
926 263 1
-250 313 1
198 822 1
142 -934 1
545 308 1
7
558 -789 1
-83 -585 1
-859 689 1
438 82 1
-970 446 1
-973 609 1
-788 -359 1
7
344 773 1
465 850 1
-466 249 1
-369 -662 1
501 -285 1
-898 642 1
248 211 1
7
184 -785 1
705 -390 1
-874 959 1
-910 219 1
634 245 1
595 136 1
-464 203 1
7
-524 655 1
-339 -420 1
365 -694 1
791 -740 1
641 408 1
854 285 1
105 -13 1
7
-719 -141 1
574 -937 1
-973 728 1
-998 -302 1
448 324 1
-459 19 1
-596 381 1
7
-563 -497 1
92 383 1
190 986 1
-806 857 1
-564 837 1
307 -247 1
-299 830 1
7
867 955 1
674 -238 1
570 551 1
-129 314 1
431 856 1
-949 912 1
886 -937 1
7
89 -600 1
-353 663 1
722 651 1
633 413 1
277 -167 1
286 23 1
750 -995 1
7
-960 -902 1
-22 -412 1
960 -723 1
-874 -32 1
-856 -427 1
756 -880 1
-978 833 1
7
-919 -35 1
673 -92 1
145 32 1
-650 297 1
-559 461 1
393 476 1
-702 -742 1
7
99 245 1
975 526 1
-940 936 1
-360 -231 1
748 -464 1
718 -802 1
568 -262 1
7
-894 464 1
-758 946 1
332 -6 1
-870 428 1
204 -663 1
710 -78 1
-526 358 1
7
622 -873 1
573 -874 1
753 425 1
739 -169 1
-740 50 1
-118 -264 1
-169 491 1
7
749 168 1
994 534 1
972 353 1
803 1 1
-428 -712 1
516 -244 1
-322 242 1
7
-189 -911 1
-644 423 1
-774 449 1
-640 -299 1
-604 -292 1
311 -815 1
891 -935 1
7
46 -921 1
207 756 1
364 582 1
-304 408 1
575 360 1
-286 -972 1
550 750 1
7
475 390 1
619 920 1
-364 -551 1
-887 -151 1
818 371 1
457 449 1
377 791 1
7
123 -613 1
-93 -144 1
743 -644 1
-602 527 1
670 -394 1
-705 -446 1
-489 -51 1
7
-436 228 1
889 123 1
430 -832 1
128 -701 1
375 -812 1
-488 -400 1
-108 -518 1
7
-518 868 1
-412 926 1
-3 -681 1
687 905 1
-102 -738 1
722 487 1
-490 214 1
7
-9 849 1
-68 44 1
367 -810 1
363 -162 1
-811 -64 1
-743 95 1
-552 -652 1
7
-87 -763 1
871 418 1
-522 -79 1
-847 513 1
47 -355 1
-707 -581 1
-590 -934 1
7
167 -583 1
673 -215 1
-26 493 1
751 124 1
704 -607 1
-101 653 1
32 594 1
7
667 -522 1
-596 -906 1
595 692 1
-298 -613 1
46 921 1
430 -916 1
-735 418 1
7
191 -85 1
378 680 1
495 -651 1
493 38 1
-814 -419 1
-43 978 1
-389 508 1
7
-517 246 1
591 -713 1
-254 212 1
-554 463 1
133 -909 1
-981 -760 1
-150 262 1
7
-48 -98 1
-585 788 1
-473 -617 1
-123 -223 1
-337 360 1
-157 866 1
802 -930 1
7
25 954 1
649 -102 1
857 -354 1
250 -970 1
-414 842 1
573 742 1
-503 135 1
7
969 -280 1
-230 355 1
-34 -128 1
192 929 1
-659 270 1
-298 -319 1
-859 -989 1
7
-395 -334 1
257 -157 1
-968 758 1
9 727 1
-82 732 1
354 -521 1
-178 -947 1
7
628 523 1
92 -134 1
-875 -346 1
558 751 1
-939 -160 1
210 -304 1
-758 358 1
7
480 -993 1
402 -372 1
632 831 1
-252 649 1
5 402 1
-299 -822 1
-914 817 1
7
304 348 1
-617 -430 1
-240 -786 1
466 -378 1
899 -666 1
-745 -15 1
622 -644 1
7
-648 510 1
437 -699 1
968 864 1
-650 -505 1
734 -456 1
778 -776 1
385 897 1
7
-773 -592 1
-118 562 1
177 -932 1
90 -335 1
376 -786 1
-336 152 1
-798 -820 1
7
160 -969 1
898 828 1
-21 -892 1
303 -875 1
-126 -738 1
941 -771 1
-260 190 1
7
243 -343 1
-173 -866 1
214 -242 1
-577 -140 1
-485 -589 1
-410 -127 1
190 297 1
7
101 -204 1
349 -284 1
-464 51 1
-260 -348 1
817 -884 1
-981 -404 1
-600 -368 1
7
937 -330 1
837 548 1
-311 -220 1
768 -840 1
736 -485 1
-387 287 1
-473 -913 1
7
752 -69 1
-578 666 1
-524 322 1
-757 -194 1
303 221 1
369 521 1
226 -211 1
7
471 601 1
134 -567 1
-186 256 1
-714 333 1
-777 67 1
-980 -245 1
-259 513 1
7
9 -612 1
487 10 1
-878 251 1
697 -622 1
-918 -461 1
906 -258 1
-591 -502 1
7
-470 113 1
776 -758 1
-657 78 1
-684 896 1
597 388 1
-829 645 1
539 739 1
7
911 -119 1
-188 310 1
-68 953 1
-860 -126 1
-861 796 1
995 901 1
-845 246 1
7
-355 379 1
-896 -824 1
614 -234 1
-54 -748 1
-274 373 1
-885 -546 1
333 -46 1
7
243 930 1
-968 709 1
984 779 1
794 -244 1
-365 -757 1
294 203 1
113 -707 1
7
-434 -113 1
-783 -389 1
993 -914 1
652 903 1
913 -368 1
19 636 1
-472 820 1
7
217 728 1
0 456 1
-31 -361 1
907 -296 1
-187 -657 1
176 -48 1
-439 590 1
7
201 186 1
934 -951 1
-833 -518 1
-30 -143 1
877 32 1
-269 -32 1
-502 -297 1
7
-166 863 1
548 -238 1
693 -296 1
151 -134 1
81 -161 1
-407 528 1
-873 -128 1
7
-516 -274 1
-882 -720 1
778 -3 1
-31 -473 1
574 643 1
-696 -670 1
-22 69 1
7
-992 825 1
401 567 1
533 -187 1
-943 757 1
-241 -152 1
-18 379 1
-925 699 1
7
703 579 1
345 782 1
255 -840 1
-981 626 1
-299 878 1
359 748 1
509 -752 1
7
319 -346 1
966 -65 1
-460 -772 1
967 177 1
164 764 1
205 -596 1
866 -797 1
7
493 -579 1
-163 302 1
-487 218 1
644 -550 1
-758 509 1
-9 674 1
147 381 1
7
559 385 1
63 -906 1
-407 52 1
-871 814 1
-563 734 1
-431 -267 1
-385 18 1
7
-357 895 1
108 -522 1
-874 -982 1
590 -978 1
-298 987 1
865 265 1
902 252 1
7
-647 463 1
539 797 1
-869 524 1
-809 611 1
41 -185 1
-780 -806 1
536 349 1
7
993 -375 1
324 90 1
-757 984 1
927 -85 1
-408 -27 1
-899 971 1
-998 755 1
7
13 -564 1
194 178 1
364 -773 1
-948 -281 1
119 -339 1
588 -865 1
763 352 1
7
446 -575 1
583 -494 1
-523 851 1
579 172 1
-317 -840 1
890 -656 1
714 -18 1
7
500 296 1
-3 -970 1
539 754 1
668 946 1
-494 729 1
-476 -573 1
513 440 1
7
501 -466 1
912 230 1
-283 986 1
-850 599 1
-400 -90 1
-69 784 1
776 -655 1
7
421 -30 1
-589 -968 1
240 -116 1
-677 -267 1
-689 244 1
-399 -110 1
-647 180 1
7
-624 255 1
-718 438 1
331 701 1
736 -80 1
-579 703 1
-432 996 1
-918 -949 1
7
175 872 1
-982 -345 1
352 703 1
997 -530 1
-264 559 1
-311 954 1
-756 176 1
7
157 376 1
102 497 1
480 125 1
-679 204 1
-522 -469 1
163 -221 1
-287 -493 1
7
-708 -806 1
-172 -489 1
728 -717 1
821 770 1
-332 -379 1
222 484 1
-493 -780 1
7
607 828 1
616 -666 1
815 -119 1
-234 -809 1
-888 252 1
-671 513 1
-757 458 1
7
-457 -820 1
725 -616 1
24 598 1
-811 -207 1
-425 242 1
451 -483 1
-598 -284 1
7
750 -160 1
44 23 1
944 343 1
-628 -953 1
311 929 1
481 752 1
459 -917 1
7
948 97 1
-289 828 1
-677 -206 1
298 229 1
-614 -196 1
374 229 1
-741 819 1
7
-852 -182 1
-360 917 1
79 -983 1
463 -868 1
-594 -879 1
-480 587 1
254 -545 1
7
432 -48 1
633 326 1
934 96 1
-437 974 1
-853 -465 1
-137 116 1
-125 -122 1
7
561 -303 1
-293 -679 1
214 -599 1
46 766 1
-316 -328 1
638 740 1
-223 -787 1
7
-13 42 1
986 -495 1
757 -44 1
-482 843 1
644 -228 1
-107 401 1
-977 -989 1
7
-988 -145 1
-778 -259 1
909 908 1
286 -125 1
897 -94 1
714 188 1
550 848 1
7
548 -705 1
-889 205 1
-81 -308 1
-865 -436 1
-922 -826 1
237 433 1
-34 -732 1
7
-957 764 1
-332 -394 1
-461 914 1
868 863 1
-25 -224 1
-685 -825 1
818 815 1
7
334 -196 1
479 214 1
225 -353 1
404 789 1
-957 185 1
-534 15 1
797 -983 1
7
-569 652 1
63 986 1
-179 88 1
454 -486 1
46 -256 1
926 861 1
-793 -543 1
7
-134 -254 1
-903 20 1
617 -897 1
-696 787 1
337 -739 1
256 -548 1
982 854 1
7
-730 -130 1
-996 -727 1
-960 744 1
548 11 1
-195 170 1
-539 -613 1
-450 19 1
7
100 534 1
-677 94 1
653 -136 1
461 -206 1
-673 125 1
-350 -504 1
-852 54 1
7
337 -229 1
215 -5 1
-145 681 1
0 -374 1
195 -829 1
630 153 1
-286 796 1
7
-999 -335 1
-536 237 1
-119 -734 1
-808 940 1
374 325 1
986 746 1
309 381 1
7
-981 -143 1
195 408 1
661 -435 1
-519 903 1
602 -925 1
-528 -477 1
717 -873 1
7
-657 25 1
179 -660 1
996 -916 1
-260 637 1
-855 -875 1
-789 -194 1
311 -227 1
7
703 -557 1
521 825 1
-184 -765 1
-889 795 1
238 -869 1
721 -891 1
472 309 1
7
226 595 1
39 -43 1
-254 -195 1
-315 218 1
-395 923 1
296 325 1
478 -383 1
7
524 86 1
68 106 1
-809 981 1
-654 -564 1
719 636 1
-666 105 1
-998 -252 1
7
-527 -734 1
864 -602 1
-417 -487 1
-740 -231 1
-337 -977 1
-50 -102 1
960 183 1
7
85 -609 1
411 -555 1
163 -677 1
-565 480 1
905 -381 1
116 -999 1
97 -948 1
7
-227 333 1
-630 -971 1
726 855 1
393 -72 1
210 -961 1
-760 -638 1
-650 -818 1
7
-101 437 1
771 -847 1
915 -11 1
-36 -173 1
91 -239 1
967 216 1
152 83 1
7
-886 -528 1
942 -524 1
-605 204 1
-836 672 1
-253 802 1
-544 -65 1
-558 -55 1
7
162 -609 1
-198 123 1
669 -284 1
917 -277 1
230 547 1
151 521 1
-40 80 1
7
-261 885 1
224 340 1
-682 527 1
-524 -896 1
-164 703 1
-700 -550 1
-29 -249 1
7
-992 477 1
-766 -93 1
571 982 1
-111 -418 1
-46 233 1
702 798 1
258 -947 1
7
-174 -473 1
-61 461 1
183 -694 1
351 -305 1
-43 902 1
691 -858 1
218 -849 1
7
-65 850 1
627 -453 1
-882 -559 1
-369 331 1
291 -577 1
353 -63 1
821 -173 1
7
403 -112 1
85 -21 1
-871 -10 1
962 -426 1
146 -1 1
552 -599 1
995 675 1
7
-153 176 1
859 -690 1
-617 -55 1
47 -631 1
-476 -758 1
797 642 1
-926 -699 1
7
-138 -660 1
526 134 1
329 -198 1
109 -269 1
838 -764 1
858 393 1
869 -13 1
7
8 -466 1
140 -533 1
997 419 1
-666 -138 1
-248 -564 1
-192 897 1
683 -379 1
7
236 310 1
802 -830 1
-340 -773 1
-494 12 1
-891 -463 1
-922 68 1
673 -146 1
7
-473 781 1
-129 986 1
-377 -311 1
149 32 1
912 994 1
-360 -553 1
506 30 1
7
-49 -499 1
-968 748 1
-411 499 1
-267 -858 1
-595 -374 1
-205 -429 1
-783 201 1
7
-459 -353 1
-647 -978 1
-230 179 1
86 9 1
-580 134 1
646 189 1
-19 -315 1
7
-495 805 1
953 -960 1
-695 862 1
-570 460 1
881 -398 1
699 701 1
-811 533 1
7
-218 -677 1
-138 -971 1
923 212 1
-190 335 1
442 -398 1
-68 603 1
258 343 1
7
-932 -856 1
862 -668 1
276 -48 1
-237 140 1
-882 -238 1
92 -468 1
558 -746 1
7
-754 978 1
514 -140 1
292 -868 1
836 -831 1
199 409 1
-114 682 1
-143 466 1
7
847 -216 1
292 -346 1
-390 395 1
652 694 1
-420 882 1
-750 -769 1
512 874 1
7
-531 -619 1
-757 -603 1
689 -9 1
-247 -425 1
808 73 1
269 922 1
958 -417 1
7
-705 149 1
-379 -910 1
-262 457 1
-379 -149 1
514 871 1
-458 630 1
-82 779 1
7
635 -1000 1
152 743 1
852 -505 1
-473 -758 1
-441 977 1
347 -43 1
-457 542 1
7
-302 884 1
844 238 1
-503 13 1
515 -679 1
-83 158 1
-829 497 1
152 -934 1
7
-727 623 1
-868 -777 1
-534 420 1
836 401 1
271 800 1
383 -976 1
-938 -321 1
7
17 -870 1
266 -733 1
685 988 1
886 -454 1
-911 -114 1
-479 902 1
63 -899 1
7
-91 681 1
821 782 1
541 -870 1
-977 -314 1
-695 288 1
153 -501 1
184 -113 1
7
829 -603 1
-9 318 1
124 -186 1
141 -200 1
-534 -569 1
641 762 1
-913 760 1
7
-174 -134 1
-281 -918 1
-652 -457 1
-580 504 1
-563 159 1
705 -349 1
-980 554 1
7
781 -188 1
-316 -839 1
478 -119 1
-69 294 1
747 622 1
-573 -584 1
-101 -263 1
7
-748 533 1
722 439 1
835 662 1
208 -32 1
-126 890 1
68 -920 1
861 -355 1
7
980 -930 1
249 -71 1
-728 -311 1
282 718 1
454 -190 1
-79 -301 1
183 229 1
7
-627 -279 1
-451 240 1
577 670 1
-148 -657 1
-152 -292 1
-616 901 1
-222 95 1
7
944 -144 1
-97 -226 1
-350 679 1
697 847 1
-791 805 1
772 -858 1
-581 -737 1
7
-318 -787 1
-996 -340 1
370 433 1
887 -993 1
158 -852 1
-835 -325 1
714 -606 1
7
696 569 1
174 362 1
922 -285 1
-862 -408 1
567 -346 1
-731 -135 1
979 -977 1
7
541 -607 1
544 -657 1
-346 -604 1
-862 -137 1
-448 -601 1
-211 -76 1
-511 -103 1
7
379 -342 1
684 201 1
334 123 1
-154 -304 1
358 -561 1
102 -250 1
902 -699 1
7
-92 285 1
-187 72 1
-653 -374 1
-857 299 1
-900 -788 1
998 -271 1
998 -580 1
7
-522 -614 1
5 -641 1
977 308 1
587 558 1
20 -966 1
-738 831 1
143 -190 1
7
-656 329 1
28 169 1
595 -197 1
696 -443 1
850 778 1
209 -312 1
855 -337 1
7
530 -127 1
777 -153 1
-808 -786 1
370 -819 1
-390 749 1
461 848 1
852 204 1
7
333 -494 1
820 -220 1
292 608 1
878 -130 1
-188 955 1
84 -686 1
-770 -767 1
7
618 -633 1
804 -96 1
172 -504 1
781 -11 1
-217 -488 1
-378 -943 1
489 13 1
7
-978 686 1
-313 -837 1
-12 141 1
248 124 1
23 -871 1
-993 579 1
605 78 1
7
-730 -928 1
940 715 1
670 -918 1
239 -593 1
179 -528 1
323 55 1
768 331 1
7
-9 -273 1
-688 988 1
-392 -816 1
-95 802 1
-745 -534 1
-505 -809 1
369 -803 1
7
-495 934 1
-881 -127 1
-437 -224 1
856 -706 1
-170 -869 1
577 -90 1
-844 -74 1
7
29 703 1
48 -739 1
511 885 1
-646 -171 1
-851 -82 1
-972 -104 1
-835 -699 1
7
64 -49 1
382 20 1
-880 42 1
863 484 1
660 318 1
481 -151 1
67 370 1
7
966 -84 1
185 74 1
676 -40 1
25 175 1
-566 -811 1
304 -184 1
-443 -67 1
7
301 -368 1
-58 -986 1
894 92 1
270 470 1
524 -413 1
-664 -623 1
-482 228 1
7
155 -734 1
-975 1000 1
-491 934 1
90 -685 1
748 768 1
-532 -257 1
809 337 1
7
41 524 1
-106 633 1
-792 -896 1
-556 908 1
-739 -187 1
-638 629 1
431 -746 1
7
542 -829 1
532 582 1
-421 -145 1
811 745 1
-163 818 1
-692 -176 1
685 370 1
7
353 279 1
75 -781 1
-460 934 1
-353 61 1
336 300 1
-31 -721 1
-84 -762 1
7
996 947 1
-342 271 1
212 39 1
194 706 1
494 -51 1
-488 219 1
-625 91 1
7
-43 -255 1
655 -443 1
-276 -269 1
451 50 1
132 477 1
703 379 1
-853 -289 1
7
-2 132 1
966 157 1
-298 113 1
-398 -725 1
583 402 1
-847 -630 1
321 445 1
7
883 -186 1
896 -165 1
498 -88 1
-570 -228 1
294 525 1
77 190 1
-805 847 1
7
-73 310 1
711 197 1
-705 274 1
-626 -539 1
498 195 1
-417 317 1
287 -624 1
7
-415 -91 1
864 234 1
915 -605 1
-76 -425 1
608 -635 1
-775 726 1
-263 -144 1
7
409 109 1
-765 654 1
834 -377 1
956 -36 1
378 -926 1
-920 -855 1
-242 -267 1
7
124 -94 1
663 -446 1
327 -32 1
-451 -918 1
684 -971 1
-905 227 1
210 -592 1
7
967 638 1
374 -149 1
-814 664 1
127 -924 1
-791 -909 1
240 -296 1
960 634 1
7
-801 -691 1
971 -598 1
-442 -799 1
770 -916 1
920 -278 1
-138 -835 1
-118 -573 1
7
-584 850 1
874 388 1
958 -147 1
873 -888 1
208 -574 1
332 18 1
-180 -322 1
7
532 418 1
377 695 1
-263 455 1
-772 -797 1
526 -873 1
-878 266 1
-316 978 1
7
-19 -499 1
-446 -620 1
115 -100 1
-891 987 1
-693 -650 1
-573 688 1
-240 928 1
7
6 956 1
554 289 1
772 561 1
-122 180 1
817 -806 1
958 -12 1
-108 152 1
7
296 -351 1
639 -732 1
-183 -654 1
-351 -383 1
-61 686 1
431 -457 1
-245 919 1
7
-446 375 1
-530 701 1
428 -108 1
-638 -88 1
743 952 1
102 -433 1
168 -666 1
7
-820 880 1
933 691 1
-469 846 1
497 -641 1
-452 65 1
42 -703 1
688 -974 1
7
731 -86 1
588 -522 1
562 865 1
901 -547 1
396 410 1
12 344 1
857 -818 1
7
-227 -357 1
218 -706 1
-332 -445 1
-350 869 1
-380 276 1
-39 682 1
901 703 1
7
-875 -428 1
814 859 1
-237 -126 1
-849 540 1
968 196 1
211 648 1
-506 9 1
7
637 264 1
155 -217 1
-839 -318 1
-393 888 1
-197 682 1
-866 640 1
-39 -658 1
7
-52 -327 1
816 -480 1
496 -617 1
142 753 1
594 -971 1
759 -360 1
-981 53 1
7
-189 -302 1
181 831 1
-670 -882 1
-78 60 1
-588 -333 1
-952 924 1
-251 -36 1
7
-892 -800 1
-143 527 1
476 -196 1
-335 86 1
-812 -421 1
313 -187 1
-102 -730 1
7
799 185 1
668 -873 1
-572 388 1
189 -900 1
-7 16 1
-508 -921 1
-666 -840 1
7
994 809 1
916 -133 1
54 -762 1
-88 -237 1
26 100 1
273 -797 1
-186 195 1
7
153 -789 1
-528 475 1
-872 -350 1
810 391 1
-896 613 1
658 470 1
-905 15 1
7
512 -790 1
467 336 1
-865 651 1
-930 736 1
425 -762 1
-292 974 1
-360 388 1
7
11 -413 1
522 -851 1
-8 100 1
504 -174 1
-945 167 1
930 723 1
348 -506 1
7
-71 74 1
473 410 1
-886 775 1
-207 972 1
340 -270 1
-328 -845 1
-373 668 1
7
865 82 1
-534 715 1
239 -952 1
380 -640 1
194 -527 1
-649 270 1
439 -713 1
7
-636 -615 1
-570 569 1
950 3 1
584 -6 1
-52 -775 1
-676 220 1
390 -471 1
7
206 -668 1
567 267 1
226 -431 1
733 353 1
209 16 1
-953 -985 1
659 891 1
7
333 -659 1
731 -375 1
745 -14 1
1 996 1
-266 206 1
-779 490 1
-968 -560 1
7
218 -727 1
-301 -401 1
-582 -772 1
964 302 1
-695 -3 1
324 -270 1
777 -977 1
7
136 -169 1
39 -19 1
-861 245 1
660 -901 1
-226 -706 1
-422 25 1
4 -17 1
7
144 -420 1
822 -99 1
362 439 1
362 -585 1
-716 717 1
-705 -300 1
282 -424 1
7
-712 161 1
-739 -520 1
670 706 1
-915 681 1
-189 996 1
-454 -425 1
878 136 1
7
-547 680 1
500 153 1
597 -17 1
648 933 1
53 50 1
29 -471 1
-517 -137 1
7
933 611 1
-204 -433 1
537 -989 1
-975 837 1
402 945 1
287 -277 1
143 377 1
7
-209 -644 1
-149 881 1
145 459 1
-492 334 1
-430 917 1
389 719 1
413 -612 1
7
290 -921 1
371 -630 1
-548 820 1
391 257 1
995 -5 1
72 466 1
377 -751 1
7
842 872 1
233 -921 1
-393 -525 1
-845 -566 1
-239 -149 1
614 -694 1
1000 -578 1
7
854 215 1
-327 -55 1
-750 -957 1
982 297 1
253 276 1
150 -692 1
269 -656 1
7
115 -147 1
57 826 1
-676 697 1
185 -807 1
893 -757 1
-909 -226 1
296 344 1
7
843 -495 1
-204 535 1
658 408 1
505 -308 1
375 -696 1
-416 403 1
727 -160 1
7
619 117 1
-55 438 1
951 -471 1
954 -595 1
-220 271 1
-598 -575 1
202 -543 1
7
989 -680 1
639 -2 1
-712 87 1
243 -149 1
545 373 1
-303 437 1
476 -444 1
7
-202 928 1
-534 150 1
-682 32 1
760 -378 1
-505 453 1
573 71 1
-587 -899 1
7
-725 -42 1
3 625 1
976 -44 1
-478 662 1
-401 -117 1
-792 -721 1
961 568 1
7
-540 847 1
-513 -436 1
-110 -52 1
40 495 1
-346 -126 1
-931 -52 1
-768 -283 1
7
-470 -316 1
422 547 1
-863 731 1
3 111 1
-985 -487 1
-506 -601 1
-923 707 1
7
744 835 1
137 328 1
166 650 1
-301 890 1
122 346 1
-97 -880 1
-113 190 1
7
583 -79 1
625 -172 1
303 36 1
224 -262 1
-653 310 1
969 -739 1
172 -931 1
7
714 175 1
-417 -193 1
560 -119 1
-261 0 1
-273 264 1
324 695 1
-383 381 1
7
995 839 1
-116 -507 1
-896 291 1
717 -708 1
354 522 1
-717 452 1
662 -953 1
7
-346 -135 1
402 634 1
-249 547 1
895 219 1
-357 -627 1
-763 804 1
602 251 1
7
246 -332 1
-497 -896 1
-590 655 1
-567 -346 1
-563 215 1
-8 392 1
852 -1000 1
7
554 197 1
-841 819 1
704 841 1
-619 -105 1
-698 446 1
-593 -586 1
502 -176 1
7
-148 753 1
-670 -697 1
-489 28 1
130 569 1
862 -930 1
-15 -241 1
865 -859 1
7
-768 -117 1
-512 7 1
-906 -372 1
-321 -294 1
-218 -561 1
6 676 1
-955 -904 1
7
-74 433 1
-971 799 1
377 825 1
291 -646 1
-444 -902 1
-820 -624 1
-662 -789 1
7
-525 415 1
472 718 1
372 981 1
674 -594 1
663 453 1
-836 655 1
864 -789 1
7
444 296 1
139 268 1
-938 -907 1
-15 -685 1
356 790 1
580 -484 1
-887 600 1
7
-408 434 1
-375 505 1
-779 -942 1
-958 -731 1
-226 116 1
-494 -556 1
-85 -521 1
7
384 -826 1
-994 -437 1
-744 87 1
-109 -747 1
-309 986 1
-269 -580 1
624 -854 1
7
594 -801 1
23 -210 1
-377 87 1
-107 844 1
-855 374 1
-416 274 1
-246 723 1
7
-404 87 1
638 787 1
827 593 1
989 388 1
450 -945 1
805 294 1
-97 -274 1
7
0 836 1
449 307 1
-189 88 1
-943 343 1
-538 -446 1
140 155 1
642 -154 1
7
310 -899 1
324 322 1
-613 230 1
570 -867 1
847 453 1
817 -432 1
-568 -24 1
7
207 553 1
669 -596 1
295 95 1
877 -769 1
-503 430 1
-44 -229 1
-822 227 1
7
871 -509 1
750 -392 1
-608 -554 1
-126 -747 1
930 250 1
441 799 1
875 -941 1
7
668 719 1
268 -598 1
689 -620 1
-176 -758 1
265 -830 1
-588 -58 1
-691 -500 1
7
-296 316 1
-270 -329 1
252 496 1
-242 -471 1
-141 151 1
601 284 1
492 847 1
7
935 963 1
950 702 1
553 -637 1
-125 -584 1
153 77 1
340 854 1
328 549 1
7
31 -792 1
461 -837 1
422 630 1
-412 -11 1
660 774 1
642 948 1
267 -532 1
7
649 663 1
897 456 1
-67 573 1
-304 365 1
939 480 1
-169 504 1
-665 527 1
7
639 -402 1
-778 -169 1
-433 -353 1
319 -758 1
784 921 1
55 640 1
639 -856 1
7
888 417 1
437 -583 1
-868 -637 1
-245 935 1
305 506 1
-117 719 1
-934 2 1
7
16 -798 1
-333 526 1
490 253 1
-64 514 1
-454 989 1
170 -895 1
-226 -779 1
7
-528 101 1
-265 -362 1
2 513 1
-106 -480 1
339 11 1
310 816 1
-439 -152 1
7
-314 57 1
-19 115 1
385 -993 1
-185 -883 1
349 166 1
-80 -578 1
301 100 1
7
-277 43 1
-687 -126 1
684 -353 1
-262 -267 1
799 -676 1
-781 -882 1
988 140 1
7
-735 324 1
-693 -57 1
-198 959 1
844 -631 1
676 250 1
766 -869 1
264 733 1
7
158 -429 1
807 -213 1
-898 -575 1
-977 -90 1
547 954 1
-625 -175 1
-86 -711 1
7
481 -996 1
149 -18 1
-999 770 1
205 765 1
98 -365 1
-45 476 1
914 296 1
7
-666 -211 1
-486 784 1
110 686 1
-146 768 1
127 -739 1
826 -175 1
-302 379 1
7
-176 -766 1
-466 -564 1
545 425 1
711 -913 1
667 857 1
367 -663 1
-303 571 1
7
-880 238 1
-899 -792 1
794 -644 1
70 -247 1
756 -718 1
195 192 1
-930 -402 1
7
334 770 1
-522 -323 1
617 513 1
-474 547 1
-401 538 1
-388 -976 1
7 -450 1
7
314 475 1
-206 672 1
-427 -362 1
-840 -992 1
-228 -297 1
-389 151 1
431 -36 1
7
-251 916 1
-555 621 1
-580 559 1
272 931 1
909 287 1
-356 -657 1
-88 505 1
7
672 -804 1
-803 -675 1
137 -261 1
-387 475 1
729 -659 1
393 -16 1
574 -540 1
7
-580 -229 1
-266 -644 1
928 -345 1
483 149 1
-460 458 1
271 826 1
-240 -686 1
7
-377 -678 1
-948 125 1
816 300 1
-979 450 1
-973 -528 1
544 -688 1
-688 402 1
7
-700 282 1
434 -212 1
628 -879 1
-194 -499 1
487 198 1
-77 483 1
161 532 1
7
297 -470 1
602 320 1
-327 784 1
-158 -671 1
-309 -614 1
-428 182 1
887 -36 1
7
377 233 1
-246 -572 1
-22 -290 1
319 575 1
-419 81 1
-54 578 1
-342 144 1
7
951 888 1
795 -452 1
-622 426 1
712 -450 1
818 -235 1
-831 -926 1
795 -790 1
7
76 499 1
253 -483 1
443 -772 1
343 -975 1
-850 -34 1
524 -258 1
182 -871 1
7
965 -387 1
906 -337 1
-194 -152 1
8 -171 1
709 -902 1
-624 -107 1
-80 -87 1
7
587 -355 1
-572 861 1
721 447 1
-965 -250 1
58 -536 1
352 -172 1
-901 -960 1
7
-109 613 1
375 244 1
-570 606 1
306 -641 1
423 -369 1
74 883 1
-957 125 1
7
-727 382 1
-394 -244 1
-133 287 1
-286 251 1
-400 772 1
-529 991 1
-467 -732 1
7
-696 802 1
667 885 1
-50 699 1
-777 400 1
742 -652 1
-44 -824 1
793 -722 1
7
-997 830 1
257 285 1
397 -198 1
-266 -89 1
-793 740 1
732 -540 1
687 527 1
7
-258 700 1
331 -169 1
83 84 1
-432 294 1
552 581 1
436 -167 1
-472 115 1
7
-314 -488 1
313 522 1
-362 -405 1
-367 -363 1
-196 -916 1
961 473 1
-38 185 1
7
204 822 1
120 -269 1
995 -7 1
-562 516 1
576 -805 1
-679 -276 1
266 799 1
7
-991 -812 1
156 -484 1
286 -158 1
-965 758 1
-841 878 1
-847 -338 1
-137 153 1
7
-878 -608 1
826 -842 1
217 164 1
844 154 1
550 -528 1
197 355 1
889 -74 1
7
-142 120 1
884 852 1
168 -103 1
514 518 1
-265 -411 1
444 -247 1
469 -237 1
7
-770 836 1
877 344 1
367 -500 1
-684 243 1
-810 -290 1
-521 -453 1
-704 10 1
7
666 -625 1
-363 -149 1
501 -97 1
200 987 1
-998 -197 1
-345 736 1
760 503 1
7
-949 -459 1
772 -682 1
-239 -382 1
-991 -317 1
910 -876 1
683 837 1
-768 -424 1
7
565 398 1
-934 -823 1
-568 822 1
733 39 1
238 104 1
872 -234 1
10 386 1
7
-338 614 1
-923 -306 1
-440 788 1
123 -532 1
610 -584 1
470 -852 1
-846 534 1
7
-499 259 1
451 321 1
32 96 1
-331 -541 1
471 -571 1
-888 545 1
-776 236 1
7
-810 -754 1
835 -461 1
724 118 1
529 -166 1
-473 540 1
-258 733 1
992 522 1
7
829 461 1
-942 -754 1
174 462 1
696 -723 1
380 -116 1
565 -233 1
464 593 1
7
-748 317 1
-151 -649 1
272 -130 1
-16 839 1
96 -952 1
-568 -651 1
559 -467 1
7
706 449 1
-48 746 1
-312 -352 1
359 -285 1
-230 253 1
385 258 1
-533 988 1
7
-350 -830 1
-557 -309 1
11 -188 1
93 350 1
-895 588 1
-400 -574 1
367 -803 1
7
61 -957 1
-201 643 1
561 166 1
575 706 1
-449 -975 1
187 -294 1
-718 233 1
7
-92 886 1
346 798 1
-188 -67 1
173 351 1
855 264 1
724 -684 1
756 -356 1
7
-695 -549 1
-781 -123 1
-772 960 1
298 372 1
719 -177 1
400 416 1
936 -94 1
7
380 855 1
-230 -677 1
-593 754 1
-616 630 1
-645 -985 1
-566 759 1
725 978 1
7
-239 -62 1
347 457 1
-505 81 1
-514 -367 1
-616 534 1
-183 846 1
325 275 1
7
-668 818 1
-920 889 1
687 708 1
-851 -882 1
-345 -263 1
-266 -827 1
-495 -666 1
7
-802 -319 1
-781 750 1
96 -152 1
-398 257 1
959 -725 1
61 -180 1
-14 928 1
7
136 87 1
253 -684 1
944 707 1
11 137 1
406 -452 1
724 910 1
706 -603 1
7
-34 -202 1
-859 -343 1
-59 517 1
55 -477 1
36 -834 1
370 326 1
-865 -787 1
7
-172 400 1
462 401 1
-767 898 1
831 557 1
-333 -611 1
821 150 1
702 -550 1
7
968 -459 1
-677 656 1
-980 -549 1
-461 -516 1
-799 108 1
-218 423 1
294 -851 1
7
-196 -531 1
906 748 1
-516 -793 1
-181 823 1
333 651 1
853 -517 1
803 -472 1
7
217 -714 1
883 -718 1
-52 90 1
607 -88 1
-616 541 1
84 877 1
-292 -187 1
7
896 460 1
182 753 1
-272 -539 1
13 903 1
632 482 1
-977 -789 1
176 379 1
7
-520 882 1
-223 -236 1
-729 570 1
-505 928 1
29 651 1
-675 890 1
-62 -445 1
7
759 878 1
-413 352 1
-993 -37 1
690 -727 1
672 600 1
-272 -39 1
96 -121 1
7
907 565 1
-59 -173 1
812 -528 1
-102 773 1
-106 54 1
423 -897 1
115 937 1
7
-238 131 1
-496 708 1
273 843 1
-297 -305 1
45 275 1
888 715 1
-571 -59 1
7
-188 -925 1
857 788 1
-838 -129 1
196 -774 1
965 -155 1
334 -293 1
-684 798 1
7
423 813 1
902 313 1
-263 -184 1
-539 47 1
-894 -27 1
172 -381 1
658 156 1
7
-162 -687 1
-319 292 1
625 -611 1
389 715 1
-555 -694 1
338 -13 1
165 -285 1
7
361 352 1
140 -125 1
470 -950 1
-275 -20 1
-537 -397 1
684 130 1
-12 -614 1
7
689 -3 1
758 153 1
-827 808 1
884 417 1
-987 -576 1
808 497 1
-926 -281 1
7
197 367 1
865 -127 1
-49 -272 1
-993 264 1
442 -287 1
-437 885 1
425 -522 1
7
-732 889 1
696 567 1
-569 -748 1
-757 -273 1
939 253 1
733 660 1
-198 111 1
7
-160 -163 1
-37 749 1
-151 -808 1
999 596 1
368 557 1
730 260 1
-555 -820 1
7
-202 199 1
-261 780 1
-340 233 1
-984 791 1
-629 430 1
415 -381 1
793 -73 1
7
-373 -355 1
-756 948 1
209 716 1
-361 -338 1
-455 389 1
198 -615 1
434 832 1
7
-908 246 1
-420 879 1
-86 240 1
-592 -17 1
465 585 1
-412 -6 1
390 -641 1
7
997 211 1
448 -468 1
-261 -227 1
752 -210 1
-524 456 1
-543 -191 1
-176 -60 1
7
809 -995 1
-999 -264 1
355 847 1
87 -627 1
615 -434 1
661 607 1
-351 -956 1
7
667 611 1
-848 -840 1
-793 -961 1
651 -619 1
-388 -857 1
-446 657 1
288 -708 1
7
11 183 1
476 -441 1
-624 -363 1
-484 883 1
861 -226 1
-583 -317 1
-5 -770 1
7
861 -79 1
291 521 1
-211 -504 1
-417 -257 1
751 -4 1
129 456 1
-702 -689 1
7
-566 -922 1
726 -648 1
523 168 1
-179 620 1
-603 479 1
-693 590 1
-326 -194 1
7
493 -80 1
-78 -836 1
-488 39 1
-63 697 1
954 -907 1
-11 711 1
-186 -925 1
7
-655 975 1
-463 -462 1
-224 -279 1
319 778 1
-204 -826 1
-480 -744 1
-32 -241 1
7
828 186 1
167 -850 1
531 -125 1
835 852 1
-316 -798 1
224 -529 1
672 935 1
7
563 70 1
584 -644 1
-329 82 1
-426 850 1
219 481 1
-900 -930 1
338 -271 1
7
368 -831 1
143 -327 1
-265 992 1
788 -190 1
148 -392 1
-53 483 1
178 279 1
7
-63 -47 1
-85 -790 1
227 388 1
390 -934 1
-129 -397 1
792 -574 1
-609 382 1
7
332 15 1
-482 295 1
-740 -962 1
-543 -198 1
988 -577 1
-272 617 1
870 442 1
7
-328 -472 1
975 -768 1
-66 188 1
928 -376 1
-89 58 1
-649 293 1
-312 276 1
7
644 -665 1
-925 374 1
623 426 1
-36 169 1
393 657 1
-778 -265 1
-821 966 1
7
912 646 1
-801 -441 1
916 796 1
-411 -808 1
-563 673 1
-923 -842 1
-679 -565 1
7
519 -568 1
840 -210 1
930 981 1
-188 -622 1
2 -351 1
972 -678 1
-74 -135 1
7
-105 24 1
-968 208 1
-713 379 1
-831 -895 1
-570 -154 1
-587 225 1
496 -532 1
7
-789 -829 1
793 602 1
390 -340 1
555 339 1
-510 -302 1
989 -911 1
581 545 1
7
-557 -1000 1
-286 860 1
-496 -274 1
612 -340 1
-584 1 1
279 -152 1
908 614 1
7
-703 -702 1
488 504 1
-322 548 1
287 506 1
206 -858 1
421 21 1
671 7 1
7
588 615 1
-909 151 1
953 -224 1
397 -720 1
-87 -841 1
-715 934 1
-921 115 1
7
-307 158 1
-261 203 1
-624 -317 1
916 -574 1
662 7 1
853 -527 1
-580 -674 1
7
618 96 1
-31 -426 1
780 -901 1
53 -59 1
-41 541 1
-926 -559 1
133 -248 1
7
-827 466 1
-861 107 1
268 953 1
-711 -663 1
841 609 1
574 -618 1
387 707 1
7
398 106 1
509 584 1
948 758 1
118 -944 1
-690 269 1
-375 404 1
-155 -564 1
7
-123 198 1
35 238 1
-365 72 1
140 721 1
448 -782 1
-359 600 1
-776 955 1
7
-726 418 1
-954 589 1
-251 507 1
343 811 1
432 -777 1
501 123 1
43 117 1
7
677 943 1
-58 -322 1
-737 -929 1
441 -557 1
831 525 1
207 -483 1
1000 534 1
7
224 -688 1
-243 -156 1
-781 700 1
-241 547 1
-300 849 1
-140 -400 1
399 261 1
7
443 184 1
284 239 1
971 837 1
705 -408 1
-739 113 1
-422 458 1
469 -851 1
7
-369 69 1
396 -865 1
-444 915 1
-494 -191 1
-385 328 1
698 -53 1
-861 -305 1
7
30 782 1
-186 102 1
65 -562 1
958 263 1
693 -764 1
203 -371 1
-790 -503 1
7
-501 -633 1
738 597 1
730 -312 1
-244 -999 1
819 -660 1
398 -828 1
628 528 1
7
-290 -190 1
-882 25 1
-414 -716 1
-766 -684 1
410 769 1
737 230 1
-395 978 1
7
-450 -648 1
125 465 1
-318 -59 1
-695 -742 1
869 669 1
869 -159 1
931 -734 1
7
964 -99 1
808 -184 1
235 254 1
-280 515 1
-514 -405 1
-632 478 1
871 -971 1
7
-327 -919 1
547 -67 1
935 812 1
963 -620 1
-963 840 1
-189 829 1
-966 500 1
7
-765 -839 1
-489 713 1
-939 858 1
833 -886 1
-849 575 1
-648 -967 1
-316 -111 1
7
388 -602 1
652 130 1
680 -387 1
185 -42 1
907 -548 1
-793 -541 1
1000 -191 1
7
394 200 1
263 -757 1
404 -195 1
-428 -674 1
852 983 1
-717 -664 1
304 948 1
7
517 713 1
448 -995 1
109 534 1
-160 366 1
282 887 1
-763 432 1
822 946 1
7
901 -867 1
107 -405 1
791 -474 1
-393 257 1
856 -560 1
171 -758 1
-409 -932 1
7
-422 580 1
-751 911 1
-887 801 1
-148 419 1
678 574 1
-965 -443 1
434 -742 1
7
-237 162 1
-50 447 1
-866 257 1
438 -628 1
-863 612 1
-46 -515 1
-84 220 1
7
-366 -338 1
-280 279 1
-655 -867 1
308 652 1
-728 -570 1
-803 359 1
-896 -510 1
7
-980 -55 1
98 678 1
-776 -751 1
788 244 1
-361 256 1
-313 -117 1
577 24 1
7
-595 -288 1
-790 317 1
543 423 1
979 -617 1
246 675 1
-912 -766 1
337 546 1
7
5 95 1
563 340 1
772 270 1
358 880 1
67 -674 1
-169 -817 1
-896 738 1
7
-486 -335 1
-535 -946 1
-25 520 1
-110 -666 1
-567 -478 1
699 198 1
-576 -547 1
7
-929 617 1
296 -577 1
-903 850 1
-375 899 1
-336 961 1
-872 57 1
313 281 1
7
-958 924 1
564 747 1
142 -786 1
485 870 1
511 320 1
384 -567 1
-175 700 1
7
-312 848 1
40 473 1
-189 -391 1
684 17 1
-825 515 1
382 237 1
555 742 1
7
430 -414 1
530 -795 1
-381 707 1
452 154 1
-702 888 1
41 -549 1
-891 60 1
7
-167 -907 1
998 -172 1
-653 597 1
161 -875 1
-299 520 1
-82 220 1
918 -87 1
7
-972 -382 1
-922 -560 1
213 -670 1
-310 890 1
-288 -244 1
215 -653 1
488 -470 1
7
-44 900 1
-676 342 1
935 -661 1
-885 -204 1
-40 -488 1
-548 -168 1
-243 324 1
7
597 -889 1
635 184 1
909 -464 1
157 -992 1
-285 432 1
-304 -713 1
-116 -388 1
7
-268 403 1
396 873 1
45 35 1
39 622 1
308 -940 1
15 -251 1
-43 -857 1
7
-772 896 1
-884 562 1
-751 -841 1
-67 590 1
254 -940 1
104 -552 1
359 -249 1
7
-264 907 1
433 855 1
-374 -398 1
988 305 1
-220 128 1
-1000 -308 1
-642 898 1
7
326 -516 1
-119 -691 1
-780 297 1
-321 311 1
766 262 1
-770 144 1
761 13 1
7
-567 106 1
-985 -566 1
-230 285 1
174 -597 1
-995 530 1
-85 -47 1
767 623 1
7
426 552 1
-976 963 1
-86 -766 1
43 -223 1
531 -109 1
926 83 1
-494 541 1
7
-958 824 1
-381 971 1
-629 288 1
-128 -979 1
-589 822 1
-974 -424 1
-430 764 1
7
536 729 1
-132 -785 1
640 -156 1
283 244 1
-7 -601 1
-619 381 1
223 -722 1
7
587 677 1
-488 116 1
-703 -242 1
724 -385 1
348 -361 1
-94 -102 1
677 -485 1
7
239 834 1
-691 -480 1
-987 112 1
-997 -425 1
834 109 1
862 -172 1
268 -292 1
7
365 552 1
-398 -813 1
897 -489 1
928 -361 1
-420 -157 1
-138 777 1
-107 791 1
7
-897 -342 1
49 673 1
-636 126 1
-295 863 1
343 -149 1
-365 -191 1
-505 -332 1
7
689 906 1
935 732 1
-598 592 1
353 -597 1
-274 214 1
-588 205 1
879 996 1
7
-251 961 1
505 372 1
944 436 1
-698 761 1
129 -467 1
-976 810 1
-604 622 1
7
-570 572 1
870 -177 1
-649 -261 1
-329 133 1
572 -708 1
-374 -429 1
-10 3 1
7
-104 -972 1
133 -374 1
-437 661 1
38 19 1
405 649 1
731 886 1
59 -387 1
7
232 317 1
593 67 1
120 234 1
-95 -679 1
407 471 1
358 -454 1
582 946 1
7
-183 907 1
263 276 1
-17 779 1
118 146 1
597 461 1
993 902 1
97 -219 1
7
308 738 1
-448 836 1
-363 158 1
624 780 1
162 444 1
113 -28 1
-432 279 1
7
-739 -512 1
-423 -250 1
252 -863 1
-634 513 1
-54 783 1
610 213 1
975 554 1
7
-760 72 1
-839 -630 1
597 -991 1
255 731 1
204 -650 1
-458 -488 1
61 -613 1
7
602 892 1
420 388 1
-448 822 1
249 684 1
450 -954 1
-389 366 1
706 153 1
7
200 248 1
598 -872 1
177 698 1
610 -955 1
952 -83 1
904 849 1
308 629 1
7
-704 311 1
-672 -925 1
-543 42 1
-657 -248 1
884 284 1
-836 51 1
781 777 1
7
-759 709 1
149 508 1
303 -456 1
558 -125 1
-503 398 1
-533 -694 1
155 436 1
7
-524 117 1
-862 618 1
-45 439 1
652 401 1
438 -918 1
-630 -109 1
713 309 1
7
-817 594 1
281 -625 1
-776 605 1
286 476 1
-8 787 1
780 -654 1
882 952 1
7
-650 791 1
-730 -823 1
-964 -858 1
-927 -157 1
234 611 1
-426 -439 1
-112 61 1
7
220 547 1
889 219 1
521 -215 1
-297 916 1
675 -914 1
-489 -591 1
218 283 1
7
-516 467 1
507 -979 1
974 -434 1
-808 76 1
-627 866 1
-666 987 1
-469 -490 1
7
-541 831 1
743 727 1
655 443 1
671 -912 1
561 734 1
206 -886 1
920 -237 1
7
-401 -63 1
-92 973 1
780 406 1
-299 -484 1
-155 531 1
125 698 1
-548 188 1
7
735 -885 1
985 649 1
140 374 1
908 -522 1
532 -377 1
810 464 1
741 492 1
7
-753 -187 1
-497 -446 1
578 -955 1
-712 -817 1
4 673 1
863 241 1
613 435 1
7
-355 273 1
482 986 1
-686 -430 1
325 60 1
175 673 1
-169 871 1
-86 216 1
7
521 -815 1
261 -762 1
-191 -685 1
-326 483 1
916 162 1
-454 -352 1
303 195 1
7
-165 -499 1
-148 60 1
420 564 1
712 210 1
-264 -646 1
-172 369 1
-581 -109 1
7
746 751 1
-981 -318 1
40 -646 1
364 711 1
-934 -337 1
-397 -638 1
-114 8 1
7
264 331 1
-687 -429 1
-889 -680 1
534 258 1
-469 604 1
-835 158 1
-495 -17 1
7
-231 -84 1
-23 -989 1
208 111 1
-522 164 1
-43 102 1
-515 -533 1
-14 -349 1
7
475 981 1
-337 -123 1
146 371 1
853 465 1
-883 234 1
29 -581 1
-511 852 1
7
-701 -127 1
432 180 1
-218 -889 1
900 -740 1
-709 399 1
286 -429 1
-898 610 1
7
-572 335 1
-145 -451 1
351 212 1
-337 -603 1
67 -536 1
438 703 1
-286 -379 1
7
326 -674 1
-448 -554 1
952 -976 1
-618 929 1
-321 213 1
-994 -729 1
-325 281 1
7
-315 -23 1
58 851 1
295 -958 1
805 971 1
-857 -473 1
-917 -541 1
-894 632 1
7
293 761 1
-781 559 1
-518 -980 1
511 799 1
530 443 1
568 -966 1
74 -403 1
7
298 -285 1
135 -196 1
-31 -955 1
777 -944 1
-716 842 1
54 -264 1
335 990 1
7
-347 547 1
919 -965 1
395 -169 1
647 -609 1
-656 695 1
660 880 1
-434 585 1
7
-971 881 1
714 -491 1
133 -545 1
465 -691 1
896 503 1
-111 -165 1
668 200 1
7
-973 -695 1
-456 895 1
659 -167 1
-960 425 1
-355 893 1
757 439 1
77 -483 1
7
-364 268 1
-946 -205 1
-921 -46 1
-812 -719 1
95 -430 1
920 -265 1
-711 30 1
7
-398 356 1
-705 519 1
240 -296 1
565 201 1
672 -332 1
706 -785 1
-449 -43 1
7
640 -567 1
-643 785 1
-888 -417 1
648 229 1
107 862 1
-267 -681 1
-440 -382 1
7
-630 -51 1
903 402 1
-821 -638 1
-158 -164 1
-855 53 1
-669 643 1
508 921 1
7
-896 722 1
715 -145 1
-614 934 1
-609 187 1
-285 188 1
-71 995 1
264 531 1
7
-515 -329 1
-706 -922 1
-700 -592 1
-885 293 1
672 792 1
847 703 1
-168 -397 1
7
191 204 1
-409 -917 1
-138 -293 1
-595 -462 1
403 -204 1
-579 -240 1
-508 343 1
7
26 952 1
-626 156 1
377 791 1
99 -885 1
-474 777 1
-180 -272 1
-100 -314 1
7
-456 -927 1
-587 -905 1
-132 -424 1
991 -368 1
-550 -716 1
-315 867 1
-45 -607 1
7
255 293 1
-148 -64 1
739 760 1
-881 -840 1
-441 -167 1
420 610 1
905 188 1
7
930 -827 1
598 -27 1
772 625 1
764 -351 1
-733 548 1
-804 -938 1
-692 -152 1
7
-516 -111 1
-765 467 1
-514 -143 1
-202 171 1
-400 140 1
-678 -468 1
-279 -703 1
7
762 902 1
-610 -31 1
-623 743 1
-740 -409 1
571 -847 1
-389 -139 1
-422 602 1
7
-325 -711 1
125 -890 1
417 655 1
303 -130 1
-243 597 1
-710 449 1
745 -428 1
7
136 822 1
-295 556 1
-876 -121 1
-241 24 1
-674 967 1
-432 362 1
720 525 1
7
-653 637 1
583 -50 1
-557 501 1
-941 889 1
342 -560 1
340 -592 1
844 736 1
7
401 -898 1
-220 -675 1
804 -863 1
248 259 1
-365 -933 1
-529 -683 1
257 -329 1
7
-966 674 1
797 -948 1
-175 -387 1
497 -550 1
107 -620 1
-99 -486 1
303 -490 1
7
-145 989 1
-886 -809 1
-969 487 1
-881 23 1
7 454 1
480 -860 1
645 -217 1
7
719 -880 1
-327 -371 1
691 748 1
-513 -43 1
-764 541 1
-740 -712 1
-80 506 1
7
-609 19 1
-359 -859 1
-549 237 1
-746 485 1
696 -731 1
310 815 1
-202 998 1
7
-761 540 1
239 -469 1
964 -760 1
904 -442 1
-190 491 1
-8 865 1
-951 -587 1
7
256 -827 1
-943 9 1
493 68 1
-848 137 1
281 -234 1
-550 626 1
-445 722 1
7
-10 -480 1
-992 -64 1
-244 -26 1
956 72 1
-557 498 1
451 -561 1
733 588 1
7
-240 454 1
829 -19 1
-349 -831 1
-485 773 1
678 -24 1
-776 848 1
-640 -342 1
7
-296 -599 1
493 -650 1
-140 329 1
293 -607 1
619 436 1
-104 -682 1
88 -420 1
7
-848 534 1
313 -540 1
428 -874 1
767 -457 1
46 538 1
-852 -203 1
-350 -858 1
7
-698 -216 1
654 715 1
79 864 1
877 -923 1
329 877 1
-782 -149 1
773 -840 1
7
-362 -802 1
-385 -550 1
-544 519 1
-376 -571 1
941 904 1
323 -760 1
-212 -750 1
7
147 -301 1
832 -868 1
580 -870 1
39 97 1
879 -405 1
957 892 1
-248 -336 1
7
844 413 1
92 -196 1
264 737 1
-881 26 1
-710 373 1
650 -521 1
286 -521 1
7
-156 -943 1
453 -104 1
955 779 1
634 -909 1
-416 -215 1
-929 -955 1
-114 58 1
7
-319 -739 1
-165 -140 1
419 -193 1
-11 -123 1
490 975 1
516 40 1
945 -136 1
7
-50 983 1
-982 -636 1
787 -626 1
-60 -958 1
668 -101 1
-666 -253 1
-940 179 1
7
294 -833 1
205 -943 1
-608 -935 1
916 -710 1
846 -917 1
756 -81 1
294 253 1
7
-92 -170 1
779 -719 1
-975 293 1
674 311 1
708 -279 1
-202 -550 1
110 772 1
7
-342 453 1
542 318 1
272 819 1
-275 -626 1
942 569 1
-870 -115 1
191 304 1
7
33 637 1
-700 -333 1
114 423 1
-212 219 1
-72 4 1
464 179 1
-683 5 1
7
174 -205 1
186 694 1
-807 -291 1
-995 244 1
-843 691 1
-139 -601 1
-917 773 1
7
-235 -563 1
-551 228 1
631 93 1
244 417 1
958 -583 1
583 618 1
759 -828 1
7
623 -63 1
-314 412 1
24 68 1
-911 -578 1
-363 130 1
-978 764 1
316 -340 1
7
-280 884 1
-823 -986 1
64 61 1
-999 -405 1
-254 625 1
-175 19 1
346 222 1
7
-353 -736 1
-785 -354 1
-288 250 1
195 124 1
-346 536 1
810 -121 1
-286 668 1
7
710 204 1
-737 -133 1
307 -635 1
-330 -710 1
-245 218 1
-453 7 1
-979 -745 1
7
840 -783 1
-278 -861 1
591 -891 1
-869 -145 1
-704 432 1
6 57 1
-23 668 1
7
-544 584 1
-520 -604 1
-859 -941 1
-918 -88 1
988 836 1
92 289 1
211 658 1
7
-368 954 1
-585 13 1
351 -164 1
212 138 1
-112 581 1
-873 -378 1
-924 989 1
7
54 -768 1
-466 -953 1
-727 826 1
-517 -349 1
186 960 1
-198 -258 1
-905 288 1
7
275 -964 1
644 -802 1
554 -158 1
-137 574 1
373 146 1
60 709 1
-477 627 1
7
853 -974 1
254 -251 1
304 135 1
-492 59 1
923 -516 1
-680 58 1
46 833 1
7
483 44 1
-996 679 1
132 8 1
-659 273 1
947 723 1
867 686 1
-617 292 1
7
-240 -922 1
-129 -915 1
-661 759 1
-948 188 1
-732 -919 1
90 -633 1
-567 -736 1
7
-958 -193 1
630 901 1
-56 708 1
-889 -179 1
188 340 1
-215 -123 1
-950 -693 1
7
941 978 1
33 261 1
-229 -130 1
-519 -206 1
-737 -219 1
-249 589 1
-634 -402 1
7
-546 -666 1
-330 21 1
-180 -916 1
857 492 1
943 -144 1
-815 994 1
489 -354 1
7
-953 -504 1
-914 703 1
872 544 1
-949 -282 1
-949 -651 1
-374 -444 1
-175 -89 1
7
13 -991 1
862 731 1
326 636 1
-731 -6 1
-22 -852 1
881 443 1
-232 909 1
7
67 -352 1
499 -659 1
628 -798 1
-262 376 1
194 -538 1
-624 943 1
-991 813 1
7
-703 -371 1
-243 -16 1
-695 382 1
-162 -107 1
316 515 1
-452 -369 1
-704 49 1
7
815 56 1
364 144 1
356 76 1
-67 -740 1
-398 116 1
-700 710 1
-294 -158 1
7
-503 -108 1
435 -545 1
663 590 1
67 117 1
833 -165 1
827 925 1
-295 499 1
7
-737 -691 1
-428 269 1
331 -146 1
-34 164 1
156 135 1
-828 113 1
543 862 1
7
26 28 1
-449 -35 1
163 917 1
-931 -341 1
199 -49 1
523 635 1
-623 642 1
7
-302 -948 1
-72 955 1
-165 145 1
462 -993 1
-664 345 1
199 264 1
-169 -682 1
7
845 860 1
-66 -424 1
243 -540 1
711 -712 1
-738 458 1
-675 -827 1
-403 451 1
7
-43 -32 1
-796 -883 1
-830 -599 1
30 -738 1
572 945 1
499 840 1
-300 -680 1
7
-227 435 1
-479 23 1
-559 -394 1
224 -465 1
-2 -612 1
-28 -153 1
-822 -93 1
7
308 565 1
-922 348 1
-15 -151 1
-43 -823 1
286 -229 1
163 12 1
-18 -180 1
7
-819 -203 1
182 200 1
-546 -798 1
657 295 1
-702 765 1
888 432 1
268 -440 1
7
237 -287 1
-364 382 1
-741 -27 1
-789 782 1
812 -933 1
396 -972 1
67 -227 1
7
-677 -932 1
-517 -322 1
-32 -248 1
150 -211 1
790 -615 1
-12 78 1
-145 -599 1
7
55 -272 1
974 512 1
-142 -730 1
-648 430 1
-563 26 1
-486 -682 1
-306 -484 1
7
-88 -381 1
868 -225 1
199 889 1
274 -471 1
-410 786 1
378 919 1
214 803 1
7
-157 197 1
-874 762 1
-365 -843 1
932 270 1
-247 931 1
-174 -380 1
-368 -42 1
7
-434 -955 1
606 -926 1
162 763 1
206 -298 1
214 -177 1
-50 883 1
463 -290 1
7
986 -372 1
172 -467 1
238 -298 1
-272 -384 1
-870 124 1
699 -481 1
172 -487 1
7
766 928 1
-821 -720 1
-407 537 1
-760 -325 1
-636 -873 1
-941 326 1
-655 -252 1
7
-773 67 1
971 488 1
778 -585 1
92 417 1
344 -388 1
-182 -659 1
581 815 1
7
809 575 1
-803 -875 1
828 937 1
333 503 1
-3 250 1
456 -327 1
247 194 1
7
549 -147 1
232 996 1
-298 289 1
-89 -76 1
-986 -69 1
127 -118 1
43 -36 1
7
925 731 1
-601 330 1
-45 324 1
-546 -885 1
-282 -414 1
47 870 1
-853 352 1
7
-933 481 1
778 240 1
-458 -668 1
-801 716 1
-944 -102 1
147 636 1
-972 -151 1
7
613 226 1
767 768 1
788 27 1
208 -455 1
820 -833 1
324 -31 1
746 -904 1
7
523 -480 1
630 829 1
804 -298 1
889 -970 1
754 -466 1
973 -920 1
-486 -199 1
7
-472 126 1
-673 -701 1
-902 -590 1
850 721 1
-258 -905 1
846 462 1
802 -284 1
7
323 -401 1
-756 -26 1
-959 -565 1
-336 -333 1
365 281 1
-269 207 1
-166 33 1
7
657 -237 1
-111 225 1
442 -679 1
369 765 1
770 776 1
-367 446 1
-146 631 1
7
228 -193 1
79 301 1
578 -987 1
551 -652 1
-42 434 1
227 525 1
-347 -678 1
7
179 121 1
-369 -356 1
-330 -290 1
-988 -893 1
893 59 1
-401 -397 1
-55 -562 1
7
-770 637 1
784 656 1
215 -402 1
678 -894 1
-985 -674 1
-91 -194 1
-612 903 1
7
-447 -273 1
-474 482 1
-267 -750 1
448 -438 1
-281 482 1
-455 -533 1
-255 564 1
7
-338 -596 1
994 411 1
-12 50 1
788 171 1
-674 88 1
430 -402 1
-316 -401 1
7
159 -80 1
554 899 1
-587 26 1
675 896 1
996 494 1
-46 -442 1
522 552 1
7
401 -227 1
-843 747 1
-99 459 1
-557 430 1
853 19 1
575 -802 1
683 -253 1
7
256 -871 1
-297 494 1
998 449 1
949 91 1
-828 791 1
964 384 1
464 577 1
7
956 -623 1
-688 -698 1
426 -536 1
823 -237 1
723 -247 1
8 -880 1
563 -931 1
7
445 518 1
-593 -133 1
-483 937 1
489 -860 1
-936 -877 1
154 -904 1
407 403 1
7
-533 -628 1
221 -175 1
-358 819 1
935 -54 1
789 842 1
193 -344 1
698 519 1
7
-513 199 1
-38 -176 1
976 -344 1
645 -971 1
-497 203 1
903 -353 1
-168 131 1
7
-799 568 1
-98 139 1
350 -976 1
501 378 1
-717 -75 1
76 -48 1
-748 928 1
7
-521 -313 1
47 697 1
-129 -293 1
193 504 1
973 -526 1
955 243 1
379 -840 1
7
503 375 1
-103 -818 1
-68 -613 1
187 -713 1
851 -940 1
70 -547 1
-331 -860 1
7
-78 844 1
-596 -199 1
196 -184 1
-6 58 1
435 -291 1
342 -57 1
-204 4 1
7
-151 381 1
-746 842 1
49 150 1
280 -431 1
979 -291 1
-923 -374 1
153 474 1
7
510 -833 1
491 856 1
419 62 1
582 912 1
-42 764 1
-62 -834 1
718 78 1
7
843 -412 1
125 438 1
-462 -955 1
-939 366 1
1000 -271 1
806 966 1
-289 460 1
7
933 734 1
-845 -361 1
-544 707 1
-262 356 1
255 141 1
-497 783 1
-843 95 1
7
638 -413 1
794 118 1
971 -473 1
960 -342 1
383 353 1
358 718 1
939 737 1
7
-519 243 1
1 572 1
391 367 1
85 843 1
-849 -122 1
236 -526 1
357 -928 1
7
940 -966 1
540 -447 1
801 732 1
-428 401 1
545 -951 1
-603 -112 1
-482 854 1
7
-707 308 1
-835 488 1
-853 -432 1
-599 581 1
766 -502 1
438 -352 1
854 -999 1
7
414 711 1
-417 -7 1
252 -299 1
337 357 1
-184 -714 1
-904 -685 1
788 -497 1
7
136 -155 1
919 404 1
328 -11 1
-617 -294 1
-143 71 1
525 427 1
-156 327 1
7
593 915 1
313 -62 1
-149 748 1
-120 -215 1
-272 839 1
716 -630 1
-773 527 1
7
-969 -92 1
-901 248 1
709 -141 1
441 240 1
-147 -164 1
-443 882 1
-624 -216 1
7
-432 -534 1
586 -315 1
-477 -229 1
747 -154 1
712 649 1
837 460 1
-897 -532 1
7
-809 863 1
225 -469 1
627 -820 1
411 863 1
-664 -823 1
408 -874 1
-585 -724 1
7
818 -375 1
-157 -955 1
571 -223 1
-981 718 1
-513 101 1
101 -478 1
61 632 1
7
297 394 1
827 856 1
925 589 1
-657 554 1
752 -7 1
101 -517 1
617 -446 1
7
-559 -496 1
-432 -477 1
518 -118 1
-756 -63 1
457 -466 1
-793 866 1
576 994 1
7
-28 -509 1
876 493 1
-535 -588 1
876 485 1
93 -789 1
112 -370 1
607 407 1
7
-351 488 1
-303 865 1
179 37 1
-31 -327 1
-956 -737 1
-835 -196 1
21 -248 1
7
-435 347 1
183 135 1
971 -843 1
314 552 1
-203 -389 1
-841 509 1
-887 -18 1
7
61 -768 1
842 -705 1
288 14 1
-555 900 1
494 -386 1
58 674 1
516 -759 1
7
-976 -594 1
918 516 1
-416 278 1
435 560 1
-150 418 1
-222 -976 1
-143 418 1
7
-158 -698 1
273 -219 1
-176 -459 1
-618 69 1
-698 -389 1
-221 575 1
-189 -19 1
7
-490 896 1
848 -940 1
714 -313 1
-917 189 1
-685 241 1
-110 -348 1
-485 -506 1
7
-976 -972 1
46 641 1
-649 880 1
860 7 1
44 -365 1
854 567 1
730 -999 1
7
389 -188 1
85 -868 1
466 -581 1
221 58 1
498 -795 1
213 -909 1
-39 987 1
7
476 -94 1
-944 602 1
708 -264 1
-104 -375 1
-844 -145 1
-312 -453 1
845 946 1
7
-337 829 1
-574 -31 1
-344 -351 1
680 -260 1
-470 989 1
610 -773 1
-240 590 1
7
922 -884 1
668 52 1
557 -838 1
-688 -201 1
-908 666 1
513 -580 1
191 -804 1
7
558 250 1
-953 -773 1
337 -64 1
835 66 1
620 -104 1
175 729 1
-761 342 1
7
-536 -366 1
-552 139 1
-117 2 1
930 757 1
548 348 1
-483 51 1
283 453 1
7
99 -400 1
-335 -916 1
-696 356 1
-138 -212 1
979 884 1
382 -916 1
-741 312 1
7
-356 713 1
369 -337 1
170 423 1
797 -878 1
781 -143 1
885 -655 1
150 959 1
7
814 674 1
-966 946 1
543 -360 1
497 -41 1
888 -218 1
972 -921 1
-769 772 1
7
788 -966 1
628 176 1
579 673 1
-344 -929 1
449 -778 1
700 -806 1
884 810 1
7
549 875 1
-415 251 1
688 746 1
-18 -884 1
598 518 1
3 -205 1
-373 689 1
7
747 -430 1
-968 441 1
-75 -401 1
-513 603 1
601 -995 1
619 -224 1
740 196 1
7
273 -407 1
-425 790 1
456 353 1
996 155 1
-806 912 1
778 -578 1
-804 573 1
7
654 785 1
-158 -721 1
-368 -572 1
348 -630 1
-684 -550 1
-339 -105 1
3 565 1
7
-166 -922 1
-542 585 1
-363 190 1
-466 -359 1
-308 -433 1
-767 -279 1
-498 -115 1
7
-627 -382 1
-341 404 1
441 283 1
-695 103 1
242 25 1
472 813 1
-514 -113 1
7
-957 46 1
34 31 1
604 -1 1
593 -408 1
-57 -312 1
320 -238 1
-104 -335 1
7
474 -474 1
-275 906 1
405 350 1
-185 -348 1
-718 742 1
666 -260 1
173 257 1
7
-669 916 1
-382 227 1
-54 905 1
-25 -983 1
-499 -503 1
-107 744 1
-986 -562 1
7
869 596 1
-226 -191 1
-318 -365 1
798 732 1
-760 362 1
-754 -126 1
272 -231 1
7
-625 -335 1
-855 120 1
310 658 1
119 533 1
379 66 1
-291 -410 1
-925 985 1
7
25 746 1
998 326 1
405 830 1
985 844 1
630 829 1
343 -774 1
952 251 1
7
23 116 1
171 -139 1
-909 583 1
393 -871 1
32 4 1
-910 390 1
-126 -538 1
7
21 -865 1
-452 -401 1
-802 651 1
743 -142 1
899 -502 1
862 -331 1
-802 -439 1
7
-109 346 1
222 -900 1
530 -684 1
-353 28 1
961 -991 1
-391 583 1
-401 -784 1
7
-929 861 1
117 -768 1
-174 -61 1
820 -731 1
507 -117 1
-962 652 1
88 967 1
7
-256 909 1
593 486 1
288 -251 1
-928 566 1
-375 -82 1
21 -387 1
11 -992 1
7
-753 -260 1
921 -568 1
512 463 1
-826 507 1
-244 -842 1
-607 894 1
724 282 1
7
-549 -875 1
58 625 1
-557 -327 1
478 633 1
-469 89 1
100 529 1
503 -855 1
7
283 -364 1
-802 -865 1
-620 163 1
726 555 1
-84 598 1
422 680 1
238 644 1
7
-130 -121 1
-943 -669 1
367 448 1
-768 665 1
880 -24 1
801 186 1
-692 -399 1
7
-465 430 1
-638 47 1
-530 -862 1
-713 964 1
-955 857 1
-363 -276 1
-645 -869 1
7
-328 -302 1
59 -13 1
-798 44 1
-93 837 1
311 193 1
878 -494 1
-37 780 1
7
304 860 1
-675 -489 1
-138 -428 1
556 -208 1
341 -522 1
145 596 1
-856 -883 1
7
351 646 1
762 976 1
381 224 1
-82 231 1
-287 -971 1
494 -385 1
-994 -21 1
7
-470 -319 1
-635 339 1
-514 -641 1
909 -248 1
-863 -475 1
-590 -642 1
294 634 1
7
-699 -58 1
-907 -384 1
-71 -238 1
-532 257 1
378 -720 1
409 -135 1
621 195 1
7
-984 -186 1
387 382 1
980 -22 1
860 833 1
106 618 1
882 -876 1
3 278 1
7
-295 -129 1
851 443 1
241 620 1
-351 226 1
-465 -601 1
435 -901 1
-977 -901 1
7
-280 -209 1
484 128 1
-302 691 1
-310 -131 1
-862 974 1
-464 -759 1
-150 -62 1
7
600 269 1
-134 978 1
-483 -118 1
-913 -394 1
-440 124 1
-129 -220 1
-958 -151 1
7
388 -771 1
-380 643 1
270 706 1
41 846 1
-829 67 1
-184 -856 1
975 74 1
7
68 -819 1
-689 -483 1
500 -241 1
-250 -232 1
774 8 1
-979 -821 1
-330 821 1
7
-580 836 1
-744 -925 1
631 -854 1
-854 282 1
-863 343 1
914 277 1
-86 392 1
7
-342 122 1
699 867 1
822 -784 1
932 -54 1
-713 9 1
-979 801 1
-107 -918 1
7
-211 808 1
-737 185 1
-993 241 1
-259 699 1
343 -603 1
-242 -631 1
-7 601 1
7
-454 -93 1
-506 0 1
-658 26 1
605 -117 1
708 487 1
339 313 1
-803 488 1
7
-368 -833 1
28 839 1
944 599 1
-522 156 1
24 -813 1
-975 240 1
999 -790 1
7
271 173 1
151 541 1
-182 591 1
870 916 1
233 754 1
252 -313 1
-233 -523 1
7
624 733 1
-495 768 1
731 930 1
523 457 1
-305 -325 1
-242 325 1
-479 343 1
7
-882 406 1
955 -868 1
-420 -500 1
-234 -732 1
-312 -896 1
543 -78 1
198 831 1
7
-710 726 1
836 -938 1
352 25 1
-417 68 1
905 315 1
365 -762 1
-325 933 1
7
213 228 1
936 -182 1
-547 538 1
-415 -662 1
-572 -235 1
698 -8 1
-735 249 1
7
-493 -498 1
-580 -754 1
-362 792 1
-570 458 1
-469 -34 1
365 319 1
-718 86 1
7
37 -52 1
518 86 1
-935 -487 1
94 -1 1
-481 -540 1
335 634 1
-658 210 1
7
-926 532 1
-451 -662 1
-527 498 1
664 -481 1
-888 77 1
-627 30 1
-242 632 1
7
-58 843 1
-866 67 1
-469 -111 1
-649 -30 1
-879 830 1
-531 -830 1
262 -111 1
7
351 -235 1
877 136 1
-376 -389 1
-828 -488 1
-954 -287 1
42 -82 1
-235 -103 1
7
-886 -255 1
-345 -667 1
976 -504 1
-334 -694 1
-209 990 1
-6 209 1
-456 -352 1
7
-722 411 1
439 27 1
-450 58 1
500 -413 1
-492 541 1
476 956 1
59 -605 1
7
918 590 1
487 -859 1
-802 655 1
-888 924 1
57 825 1
862 -697 1
-248 40 1
7
500 -417 1
-453 844 1
-944 112 1
-640 574 1
456 -587 1
-739 407 1
582 -505 1
7
900 239 1
-611 918 1
-22 -750 1
-897 807 1
-972 -702 1
-112 -577 1
773 -882 1
7
272 -315 1
-963 -687 1
-355 -599 1
-700 -176 1
659 -738 1
37 -14 1
-548 441 1
7
-704 750 1
-184 -134 1
149 -834 1
149 28 1
-195 795 1
-134 150 1
431 133 1
7
-744 -989 1
-520 162 1
780 -717 1
-12 341 1
616 -863 1
238 -547 1
112 614 1
7
109 -179 1
-874 -112 1
553 -207 1
-935 909 1
-695 347 1
17 427 1
369 -712 1
7
-978 924 1
-689 -606 1
-790 -527 1
-552 -301 1
129 -78 1
-616 -668 1
-2 290 1
7
-773 -993 1
305 -958 1
288 88 1
-372 -10 1
267 -344 1
-200 -288 1
778 -761 1
7
892 582 1
-67 -978 1
-8 -584 1
-654 -693 1
542 -179 1
194 -636 1
256 -66 1
7
1 -197 1
784 -776 1
555 -996 1
870 -74 1
954 -363 1
940 -454 1
-455 270 1
7
-18 646 1
-113 -289 1
-405 -168 1
-872 241 1
-211 -409 1
-275 -323 1
215 322 1
7
969 -49 1
428 158 1
-555 -328 1
262 -954 1
-973 438 1
842 -853 1
-796 -376 1
7
810 -651 1
245 436 1
-941 337 1
-768 99 1
835 309 1
-370 -385 1
805 691 1
7
-127 -280 1
247 -481 1
635 -783 1
-367 -892 1
-36 -363 1
-87 109 1
87 31 1
7
749 332 1
-326 -462 1
77 -485 1
197 -244 1
414 246 1
-170 539 1
-204 -449 1
7
-444 415 1
950 -833 1
67 725 1
201 -823 1
-393 -232 1
-7 923 1
-880 -14 1
7
-743 178 1
558 -824 1
165 175 1
405 12 1
-749 346 1
-193 -160 1
911 -37 1
7
663 94 1
138 153 1
-183 -938 1
-955 221 1
458 -699 1
33 686 1
49 -288 1
7
616 756 1
-344 975 1
392 -570 1
-209 -172 1
-847 193 1
-768 314 1
424 25 1
7
298 189 1
-764 -379 1
-480 241 1
-423 19 1
-916 747 1
-662 -103 1
473 -145 1
7
-226 373 1
-323 -469 1
580 -292 1
755 979 1
-367 474 1
-529 -62 1
-18 -836 1
7
-457 644 1
-427 1000 1
908 -261 1
138 80 1
571 935 1
-857 366 1
432 -477 1
7
369 657 1
-393 487 1
743 52 1
-493 -274 1
-460 335 1
845 -55 1
-478 -763 1
7
831 -613 1
-348 726 1
-242 -740 1
956 304 1
855 583 1
-102 640 1
347 -384 1
7
715 271 1
-777 547 1
402 641 1
34 -234 1
-554 -462 1
434 221 1
29 -286 1
7
-303 -711 1
442 -622 1
628 121 1
-449 232 1
831 399 1
377 698 1
-147 327 1
7
-906 -2 1
-547 -437 1
-822 -425 1
578 -191 1
-867 571 1
-812 -876 1
-576 -599 1
7
-629 -443 1
-551 -847 1
-627 181 1
456 -189 1
426 -671 1
725 926 1
-323 -793 1
7
831 100 1
-125 608 1
190 -984 1
-743 564 1
-799 8 1
645 -228 1
516 -539 1
7
-361 588 1
-977 693 1
-995 305 1
734 71 1
188 868 1
-807 -223 1
-516 -382 1
7
-675 664 1
545 -635 1
786 -952 1
-539 -800 1
-922 702 1
366 732 1
117 -441 1
7
-919 -72 1
538 183 1
486 -472 1
728 -471 1
-365 268 1
-155 968 1
-93 -838 1
7
816 -186 1
-554 197 1
-975 34 1
628 -308 1
204 -304 1
292 355 1
269 -964 1
7
666 413 1
473 -630 1
-384 -168 1
-442 876 1
-335 14 1
687 899 1
471 -386 1
7
830 -554 1
647 262 1
-712 -879 1
892 -54 1
68 -680 1
-428 -589 1
-135 -770 1
7
-127 -178 1
321 713 1
-940 -3 1
-832 601 1
302 -129 1
507 52 1
275 646 1
7
976 416 1
834 966 1
775 -712 1
60 -411 1
-695 -296 1
-368 -250 1
-825 -22 1
7
516 542 1
920 585 1
485 518 1
461 213 1
-572 313 1
-992 -126 1
668 -267 1
7
504 -461 1
786 -244 1
138 -241 1
763 -512 1
681 -83 1
-337 388 1
128 -790 1
7
926 842 1
-623 -591 1
747 -846 1
-806 -208 1
-925 -391 1
-995 -154 1
-452 -876 1
7
7 817 1
780 386 1
336 -192 1
297 29 1
159 -482 1
-753 -236 1
-947 -72 1
7
364 -470 1
641 -70 1
354 -762 1
837 -937 1
-693 315 1
-637 244 1
560 -997 1
7
65 746 1
231 978 1
-495 452 1
-851 -8 1
750 -106 1
5 432 1
-866 -635 1
7
944 -13 1
336 18 1
438 -102 1
537 -322 1
527 -989 1
822 -498 1
346 712 1
7
-14 -311 1
-983 -235 1
457 -279 1
-808 -375 1
878 27 1
423 512 1
-505 -559 1
7
402 -769 1
-378 885 1
68 -733 1
-951 -161 1
-95 -933 1
400 191 1
-920 486 1
7
667 963 1
-68 -745 1
-713 999 1
-344 -893 1
830 -564 1
-556 156 1
-838 181 1
7
987 -166 1
81 605 1
-26 354 1
-699 436 1
-81 -693 1
839 589 1
-887 -197 1
7
-726 -793 1
-292 616 1
668 -702 1
203 950 1
-993 5 1
178 344 1
-976 683 1
7
-324 -241 1
-140 -745 1
69 -13 1
-284 314 1
423 -451 1
-875 -839 1
102 -890 1
7
320 2 1
966 -883 1
-84 649 1
909 -11 1
-102 -223 1
-298 560 1
978 77 1
7
-130 -460 1
-727 -679 1
193 -981 1
-716 -8 1
-776 -652 1
902 760 1
-917 260 1
7
509 -935 1
-637 -41 1
491 816 1
8 -602 1
-515 39 1
-841 762 1
119 -877 1
7
900 -690 1
-128 65 1
655 -750 1
923 20 1
345 -828 1
-166 -27 1
54 649 1
7
-557 -728 1
257 567 1
-877 342 1
997 918 1
864 104 1
-344 47 1
94 -94 1
7
-959 -22 1
-730 -855 1
-140 -729 1
-675 397 1
-818 -623 1
-708 923 1
-95 583 1
7
-953 451 1
244 -277 1
163 316 1
-422 472 1
177 20 1
439 588 1
849 -430 1
7
-204 -731 1
640 279 1
-655 -261 1
414 17 1
257 561 1
218 14 1
-243 -292 1
7
13 -1000 1
381 252 1
425 952 1
-26 -485 1
853 -810 1
-767 -959 1
715 533 1
7
-81 -477 1
548 926 1
610 91 1
-986 589 1
-327 94 1
-127 -782 1
-446 124 1
7
390 -46 1
829 885 1
-647 -249 1
-913 -519 1
437 -128 1
-994 481 1
-664 118 1
7
-390 -642 1
710 492 1
-264 -401 1
-264 -104 1
189 182 1
735 87 1
495 395 1
7
-546 638 1
-683 66 1
273 386 1
-246 -803 1
-5 654 1
979 -653 1
-992 -341 1
7
253 -341 1
-563 -683 1
16 -997 1
828 -236 1
-745 319 1
833 -893 1
-386 284 1
7
-29 531 1
969 75 1
-251 798 1
-775 231 1
448 726 1
-683 432 1
785 964 1
7
154 898 1
-664 339 1
156 -511 1
157 -116 1
413 695 1
138 525 1
-863 980 1
7
89 792 1
-392 362 1
-360 -847 1
24 370 1
546 9 1
-640 -735 1
392 -492 1
7
-387 229 1
980 -534 1
153 -758 1
-987 713 1
21 210 1
-862 200 1
-411 402 1
7
44 -282 1
851 493 1
-235 979 1
-488 -278 1
986 766 1
732 360 1
-200 -311 1
7
-678 106 1
-458 619 1
-366 -898 1
-806 -589 1
236 -74 1
654 -695 1
-285 612 1
7
573 202 1
-881 404 1
25 -53 1
-773 -845 1
773 -928 1
901 123 1
-242 -939 1
7
448 -891 1
-228 -247 1
-800 323 1
-407 711 1
-350 886 1
-487 151 1
230 143 1
7
-282 856 1
345 565 1
-790 -374 1
283 -759 1
-865 321 1
-858 -448 1
602 -695 1
7
-619 964 1
-948 838 1
-803 -608 1
-659 -842 1
798 -76 1
-320 -780 1
771 627 1
7
-989 -902 1
-683 -56 1
-362 330 1
-606 -602 1
913 112 1
903 -216 1
936 93 1
7
312 -189 1
561 200 1
-276 -419 1
392 -989 1
-808 221 1
-9 94 1
686 -388 1
7
-971 -904 1
-216 -741 1
-715 733 1
992 642 1
-966 716 1
-71 -760 1
806 868 1
7
600 972 1
-530 -946 1
726 -231 1
938 611 1
-576 417 1
-820 398 1
520 -88 1
7
138 143 1
-760 -577 1
846 -510 1
494 251 1
-664 -232 1
850 422 1
-19 620 1
7
-391 782 1
436 282 1
-322 490 1
168 -128 1
-48 -236 1
-422 -117 1
548 -357 1
7
-604 560 1
21 162 1
888 132 1
337 367 1
-568 38 1
676 216 1
-701 182 1
7
190 -970 1
-996 758 1
237 -24 1
-4 813 1
54 -336 1
-702 -233 1
-183 -976 1
7
552 151 1
-369 0 1
550 328 1
860 -456 1
-81 705 1
-933 -472 1
318 -845 1
7
648 251 1
210 201 1
-839 3 1
-387 162 1
-861 661 1
-34 -441 1
-388 -856 1
7
548 -988 1
71 986 1
-50 -113 1
141 986 1
-912 753 1
-395 177 1
79 -295 1
7
155 -191 1
672 -238 1
-469 -498 1
-689 843 1
644 7 1
-910 188 1
-663 -696 1
7
-398 540 1
594 609 1
-244 -875 1
-987 436 1
-778 235 1
154 579 1
186 147 1
7
-126 -67 1
-636 -108 1
54 165 1
176 984 1
-804 267 1
561 789 1
-289 477 1
7
-157 678 1
-312 -857 1
622 -141 1
-345 -359 1
-556 880 1
813 26 1
-283 937 1
7
-407 444 1
846 425 1
-674 677 1
478 91 1
208 -990 1
-748 907 1
-740 909 1
7
768 91 1
-726 -737 1
244 240 1
-386 -74 1
-330 -496 1
880 -50 1
438 -989 1
7
444 -989 1
-615 108 1
-325 -643 1
254 -429 1
541 933 1
-469 -419 1
192 634 1
7
530 644 1
775 867 1
330 -84 1
-782 903 1
-153 -328 1
847 531 1
-670 -371 1
7
-757 -391 1
-201 307 1
-414 455 1
588 126 1
-851 -278 1
804 -286 1
280 15 1
7
965 184 1
509 -756 1
-134 915 1
427 880 1
-882 743 1
-801 -724 1
-503 -526 1
7
-606 236 1
-489 791 1
-338 502 1
-598 -843 1
-912 -948 1
-851 84 1
-630 -717 1
7
-878 488 1
-20 722 1
-380 239 1
938 -512 1
-167 33 1
-665 -823 1
597 760 1
7
-482 -913 1
76 -906 1
598 -53 1
684 702 1
484 -457 1
938 430 1
639 845 1
7
9 134 1
-418 -788 1
767 -565 1
564 826 1
-635 955 1
598 -366 1
-581 -781 1
7
281 -939 1
-307 938 1
307 169 1
-339 -982 1
-955 -426 1
856 441 1
247 -746 1
7
173 510 1
662 -310 1
826 -560 1
-542 639 1
-150 -759 1
-970 628 1
10 467 1
7
784 324 1
-923 -764 1
471 -170 1
-370 -857 1
-588 212 1
931 98 1
855 -154 1
7
-913 -602 1
333 -857 1
-285 -788 1
835 -567 1
148 -430 1
618 -958 1
901 677 1
7
999 204 1
-256 -129 1
-646 -443 1
-57 -702 1
-253 671 1
237 986 1
407 693 1
7
-147 -529 1
644 -199 1
526 593 1
-978 -378 1
-816 -500 1
-579 460 1
-802 -101 1
7
811 486 1
-136 43 1
544 -136 1
-946 -497 1
490 -473 1
743 -779 1
-433 545 1
7
530 124 1
833 -337 1
298 -995 1
934 -301 1
363 -607 1
-939 435 1
-299 602 1
7
934 -937 1
38 422 1
781 213 1
774 -32 1
-793 -61 1
-767 655 1
-625 -53 1
7
149 679 1
-574 -97 1
-943 886 1
583 715 1
906 -994 1
-244 -646 1
-219 -238 1
7
88 160 1
265 -132 1
667 -27 1
1000 -632 1
576 -887 1
-38 -366 1
526 -270 1
7
74 -294 1
-119 -77 1
63 -588 1
-33 -591 1
-47 -363 1
207 981 1
777 989 1
7
-913 899 1
632 984 1
-757 674 1
474 -236 1
497 165 1
-275 -283 1
-471 948 1
7
-436 -441 1
3 -657 1
-308 193 1
-190 969 1
37 545 1
780 -415 1
206 -776 1
7
319 -453 1
539 -63 1
672 182 1
-661 -460 1
325 -75 1
490 -859 1
879 -215 1
7
-274 -940 1
586 -114 1
-891 -631 1
397 168 1
1000 784 1
-765 472 1
278 -205 1
7
-916 999 1
-182 -322 1
171 -185 1
-804 474 1
-594 -475 1
-927 -775 1
-304 -627 1
7
578 -531 1
-471 -994 1
-115 887 1
-720 -736 1
-111 414 1
-762 138 1
-915 -233 1
7
179 913 1
762 505 1
-199 941 1
-706 -470 1
-31 955 1
621 -120 1
876 925 1
7
925 -828 1
732 275 1
809 -177 1
-33 -462 1
-701 -536 1
750 -667 1
-532 11 1
7
-199 -579 1
852 20 1
-533 465 1
-692 -750 1
-674 707 1
211 -329 1
-640 323 1
7
-908 -984 1
315 -485 1
-306 251 1
733 -500 1
213 925 1
-250 -152 1
122 278 1
7
820 -81 1
-401 -516 1
-374 529 1
362 -330 1
604 -547 1
292 -506 1
51 773 1
7
-902 -479 1
152 -144 1
567 -862 1
946 687 1
977 957 1
590 448 1
620 -700 1
7
-277 -129 1
493 891 1
-449 748 1
637 797 1
411 -119 1
91 974 1
952 915 1
7
784 225 1
-666 903 1
376 287 1
380 842 1
971 447 1
526 401 1
807 772 1
7
288 158 1
-538 457 1
249 252 1
480 -249 1
-752 591 1
896 958 1
499 135 1
7
-913 409 1
154 -925 1
318 49 1
392 65 1
-399 -659 1
-620 -570 1
601 520 1
7
-6 186 1
652 -946 1
-225 -122 1
151 491 1
558 466 1
-434 -487 1
-479 997 1
7
773 412 1
473 659 1
660 -306 1
985 896 1
332 -423 1
30 -89 1
-162 -940 1
7
147 -368 1
-560 -204 1
-70 172 1
-750 234 1
-131 130 1
-420 660 1
-390 -884 1
7
-378 548 1
-643 578 1
221 -401 1
-353 -282 1
-983 -766 1
-324 711 1
680 478 1
7
68 -114 1
-250 215 1
323 442 1
849 494 1
205 -340 1
937 204 1
211 150 1
7
25 551 1
971 -673 1
338 689 1
-201 -444 1
895 -136 1
321 -205 1
37 944 1
7
-65 127 1
-56 -306 1
887 627 1
564 313 1
962 153 1
920 845 1
-168 -536 1
7
36 493 1
-204 563 1
-352 744 1
815 -271 1
40 740 1
-886 980 1
322 -305 1
7
-948 499 1
-407 -92 1
818 -248 1
-377 550 1
-211 754 1
929 -335 1
619 561 1
7
-35 -443 1
647 -713 1
261 35 1
-961 -545 1
502 -992 1
-439 749 1
496 -672 1
7
-78 -37 1
-308 184 1
819 390 1
957 -46 1
-853 195 1
-34 -327 1
67 -854 1
7
-266 -114 1
189 586 1
-537 920 1
677 -303 1
434 -676 1
127 -283 1
886 -184 1
7
770 855 1
-421 -58 1
42 455 1
495 -301 1
-479 -235 1
-974 -559 1
-797 -720 1
7
468 -23 1
840 -851 1
-25 247 1
26 573 1
656 773 1
547 556 1
-637 -881 1
7
814 828 1
582 -622 1
-623 17 1
905 76 1
359 -368 1
-264 471 1
-285 119 1
7
-372 2 1
1000 937 1
475 656 1
-681 -814 1
491 527 1
138 -802 1
245 358 1
7
-357 803 1
-210 386 1
741 754 1
-27 807 1
-842 -665 1
-422 990 1
239 -92 1
7
-114 118 1
-659 -807 1
685 -31 1
-469 218 1
214 950 1
171 -328 1
-34 -506 1
7
728 -581 1
-161 -64 1
-516 -27 1
-43 211 1
440 -490 1
48 -123 1
763 812 1
7
597 -290 1
-251 150 1
-198 976 1
-781 -943 1
-530 -870 1
724 -128 1
580 -794 1
7
-977 -929 1
218 135 1
639 249 1
740 149 1
-885 -593 1
-345 -830 1
-214 156 1
7
467 -883 1
763 303 1
-187 -484 1
940 -417 1
639 -597 1
-377 -987 1
-279 601 1
7
617 392 1
782 531 1
890 678 1
104 -341 1
58 -796 1
181 -800 1
-988 489 1
7
503 557 1
-390 494 1
-502 27 1
-714 -15 1
634 215 1
-344 429 1
932 582 1
7
-693 99 1
-681 -805 1
-725 -134 1
271 -391 1
-375 -791 1
-201 604 1
558 -996 1
7
-291 498 1
-837 799 1
453 -979 1
-842 -219 1
612 -667 1
549 55 1
-719 -487 1
7
503 995 1
-99 622 1
-142 -619 1
122 -881 1
485 -207 1
-690 -90 1
146 323 1
7
-380 112 1
941 512 1
626 -477 1
-901 110 1
750 -676 1
758 -94 1
-122 979 1
7
-421 562 1
-375 -131 1
-266 -748 1
-625 -811 1
728 426 1
243 743 1
-856 452 1
7
-260 426 1
-563 585 1
430 23 1
-146 907 1
-863 -787 1
-698 149 1
689 -190 1
7
570 -388 1
-54 -866 1
783 -856 1
-552 -662 1
230 973 1
-845 -641 1
929 -195 1
7
-504 848 1
-259 -455 1
-407 -933 1
503 -346 1
-803 37 1
404 -644 1
-799 -205 1
7
281 383 1
-937 158 1
-679 -880 1
-483 -860 1
319 -379 1
260 -592 1
-681 -389 1
7
312 355 1
877 -434 1
-931 -911 1
898 -858 1
-285 -872 1
-843 -57 1
-982 -966 1
7
-95 473 1
-945 -113 1
796 737 1
-665 -937 1
-584 -233 1
979 -197 1
544 792 1
7
858 589 1
-69 306 1
863 -373 1
720 988 1
-11 719 1
750 210 1
-365 837 1
7
-9 -812 1
-635 -273 1
-404 -802 1
123 -842 1
-708 645 1
795 854 1
-226 423 1
7
891 254 1
25 774 1
-621 745 1
-561 -692 1
372 654 1
-936 606 1
692 -683 1
7
-527 786 1
519 -192 1
510 116 1
-322 252 1
-116 -175 1
-743 -396 1
-917 122 1
7
-737 -831 1
501 507 1
257 598 1
615 -588 1
-481 730 1
-812 690 1
660 433 1
7
765 141 1
385 840 1
727 -14 1
-463 -237 1
-467 901 1
-614 720 1
-520 -310 1
7
-716 -207 1
973 161 1
75 399 1
-40 -748 1
731 -869 1
454 394 1
-667 -474 1
7
-955 569 1
-916 272 1
-449 -699 1
982 525 1
63 338 1
-950 864 1
322 -180 1
7
931 761 1
658 -571 1
883 -607 1
387 -651 1
352 364 1
-540 913 1
-176 812 1
7
481 541 1
532 -720 1
153 -829 1
-62 -800 1
-372 -704 1
-588 -537 1
777 483 1
7
57 654 1
-851 -562 1
-751 764 1
849 -182 1
896 -742 1
-80 764 1
710 638 1
7
-249 -190 1
25 13 1
861 -408 1
-131 -345 1
-50 -872 1
139 -326 1
224 -962 1
7
722 -903 1
5 -216 1
-651 -342 1
360 -999 1
-440 573 1
-484 212 1
-342 255 1
7
513 55 1
-812 74 1
-337 732 1
392 226 1
-494 312 1
-233 256 1
265 -646 1
7
781 -517 1
-888 -758 1
-677 335 1
-84 713 1
84 818 1
670 775 1
634 -815 1
7
-76 -745 1
-506 -180 1
-49 -865 1
-816 -85 1
-718 -445 1
42 -811 1
-276 70 1
7
854 -499 1
-226 -432 1
-94 -381 1
568 -607 1
544 952 1
-205 -396 1
917 -943 1
7
743 143 1
929 349 1
-457 277 1
881 -479 1
-153 405 1
457 -484 1
130 112 1
7
-956 76 1
11 111 1
-199 560 1
-994 249 1
-288 764 1
-928 269 1
175 -896 1
7
-138 -904 1
-961 -943 1
-120 -812 1
-317 -530 1
-842 -493 1
-215 857 1
57 -225 1
7
-803 40 1
856 -800 1
-521 759 1
-980 -433 1
483 593 1
997 -201 1
741 -507 1
7
70 753 1
-142 738 1
-209 632 1
20 -225 1
-544 -305 1
-450 647 1
-517 451 1
7
518 -711 1
-123 507 1
-746 -825 1
254 -598 1
433 23 1
-965 -799 1
914 351 1
7
-552 -828 1
387 -875 1
-608 399 1
-881 800 1
-792 230 1
-655 319 1
388 -633 1
7
67 486 1
83 849 1
798 374 1
-777 302 1
975 -724 1
-803 -97 1
681 -233 1
7
-140 961 1
-559 7 1
-848 98 1
-824 -652 1
-729 639 1
-570 513 1
-891 -405 1
7
246 -740 1
196 887 1
-178 692 1
519 534 1
879 -713 1
483 707 1
403 544 1
7
454 151 1
-322 -835 1
117 -478 1
-124 743 1
307 -117 1
845 -792 1
977 -138 1
7
192 -26 1
284 907 1
-438 543 1
524 -816 1
352 982 1
-848 474 1
-737 -385 1
7
733 -145 1
-357 -975 1
-696 -376 1
342 923 1
-767 804 1
75 -395 1
-562 -804 1
7
96 -69 1
763 -789 1
-497 -112 1
411 644 1
424 -579 1
-416 -537 1
-628 -139 1
7
-58 227 1
888 704 1
345 189 1
-51 533 1
-117 -644 1
330 -197 1
907 620 1
7
-453 99 1
-585 -406 1
-510 857 1
331 361 1
-955 -75 1
998 -99 1
-608 -177 1
7
36 521 1
961 659 1
-598 -904 1
-442 621 1
774 -801 1
-171 -416 1
-379 282 1
7
-720 -145 1
-846 -608 1
-76 -470 1
-725 150 1
-678 -978 1
-483 -755 1
862 -134 1
7
266 168 1
447 493 1
315 770 1
305 -407 1
506 215 1
432 -713 1
482 250 1
7
988 -781 1
-767 -146 1
-34 935 1
-450 678 1
-176 528 1
86 -701 1
-249 971 1
7
702 574 1
-203 -880 1
594 -770 1
-889 887 1
76 759 1
-48 -277 1
507 436 1
7
920 -630 1
-848 -920 1
-632 -406 1
-943 868 1
348 767 1
53 280 1
238 959 1
7
-33 -132 1
-603 -194 1
48 -571 1
-815 836 1
-645 912 1
493 -36 1
581 134 1
7
480 261 1
849 60 1
-974 -448 1
-706 755 1
-650 -356 1
317 88 1
456 82 1
7
415 146 1
640 -79 1
538 -907 1
-186 977 1
-423 -458 1
-252 603 1
123 -159 1
7
-80 374 1
-614 -3 1
973 232 1
872 -591 1
-570 356 1
572 577 1
820 -46 1
7
321 784 1
-265 889 1
863 293 1
199 915 1
732 -315 1
248 37 1
-769 -257 1
7
-247 -769 1
446 -627 1
853 -832 1
-491 -340 1
371 -342 1
662 -748 1
105 454 1
7
228 -322 1
488 -576 1
-156 499 1
-833 -573 1
-706 -935 1
-410 305 1
-208 -716 1
7
425 649 1
-346 -571 1
-483 -649 1
-917 569 1
-709 320 1
2 -78 1
-119 182 1
7
181 738 1
83 216 1
-946 -728 1
-124 818 1
-923 104 1
-470 936 1
-552 -264 1
7
-217 588 1
-929 -164 1
-42 260 1
-607 -333 1
-29 -932 1
-799 -897 1
-103 231 1
7
440 203 1
-369 788 1
-73 -745 1
-68 -937 1
298 915 1
-120 580 1
462 -377 1
7
-471 -888 1
955 -585 1
682 666 1
-857 -800 1
-666 482 1
-784 109 1
566 -318 1
7
-51 -949 1
692 31 1
-207 -736 1
815 -859 1
-470 -819 1
-607 105 1
-731 -677 1
7
14 -881 1
592 -500 1
366 629 1
-533 -819 1
-587 553 1
-994 -791 1
-384 -125 1
7
107 138 1
-295 -948 1
192 959 1
579 742 1
-578 -676 1
-685 408 1
-336 616 1
7
-313 -49 1
541 687 1
-16 448 1
-254 607 1
-463 805 1
-835 404 1
-403 -321 1
7
571 613 1
930 160 1
579 936 1
941 -65 1
-724 683 1
534 -703 1
-641 -302 1
7
692 155 1
-411 -798 1
407 -54 1
-355 849 1
982 687 1
-714 -662 1
-357 188 1
7
-212 -244 1
614 44 1
-564 -658 1
-495 -510 1
860 863 1
-825 -135 1
-715 802 1
7
980 -338 1
194 991 1
-81 -715 1
725 -766 1
397 222 1
-49 177 1
830 -426 1
7
-205 141 1
698 541 1
64 -527 1
-194 600 1
-797 -855 1
541 334 1
132 -110 1
7
-153 877 1
589 -956 1
114 -320 1
-312 -572 1
-328 60 1
-241 -200 1
-854 -267 1
7
130 -162 1
-442 -693 1
976 -333 1
711 -519 1
503 274 1
153 -323 1
568 219 1
7
682 -78 1
-354 498 1
-591 -351 1
213 -177 1
-69 783 1
718 441 1
-945 284 1
7
744 -943 1
-550 864 1
532 -418 1
966 -217 1
244 2 1
-436 255 1
696 -336 1
7
42 496 1
-71 -896 1
150 -995 1
-17 598 1
-880 116 1
-839 -701 1
221 637 1
7
-435 160 1
631 -936 1
-766 -155 1
817 967 1
-428 -199 1
-956 -476 1
861 433 1
7
-864 -180 1
-9 864 1
-655 -332 1
-785 -523 1
836 -250 1
-931 -759 1
768 761 1
7
731 893 1
-881 287 1
-669 -701 1
-855 -635 1
-209 244 1
-745 -63 1
667 -945 1
7
932 -254 1
638 -560 1
-422 737 1
633 836 1
806 332 1
885 -17 1
-387 -936 1
7
-800 170 1
-423 -823 1
-85 201 1
195 926 1
-832 490 1
968 93 1
-313 308 1
7
-702 713 1
-61 -134 1
213 -353 1
796 -808 1
36 -992 1
-624 -221 1
-389 788 1
7
857 -733 1
632 -684 1
235 595 1
-302 482 1
-934 958 1
-463 -694 1
-932 383 1
7
-598 -203 1
300 572 1
6 -424 1
223 -356 1
575 750 1
-170 -871 1
-928 601 1
7
-377 -663 1
-775 -983 1
-309 -691 1
735 540 1
62 -535 1
730 -403 1
-101 -534 1
7
479 -758 1
-735 -380 1
251 845 1
733 291 1
-656 624 1
476 42 1
-582 -144 1
7
842 14 1
283 252 1
988 140 1
-903 -965 1
998 355 1
-768 -601 1
-620 38 1
7
739 -87 1
18 -366 1
-433 414 1
923 144 1
507 644 1
-786 -641 1
-354 629 1
7
-321 936 1
859 -458 1
-532 987 1
854 223 1
384 -212 1
331 319 1
-98 192 1
7
-607 -121 1
-622 134 1
-851 671 1
-720 395 1
528 529 1
219 -414 1
779 689 1
7
596 -605 1
623 908 1
-196 716 1
628 -583 1
-892 734 1
528 -817 1
-678 341 1
7
-574 461 1
-810 -401 1
471 852 1
-969 -870 1
415 -308 1
-911 771 1
151 -562 1
7
106 -930 1
-893 -190 1
-547 341 1
196 325 1
-400 -9 1
-853 88 1
134 -394 1
7
-686 666 1
-899 -24 1
332 507 1
-147 353 1
700 -634 1
388 213 1
464 -307 1
7
-963 -473 1
520 650 1
544 -244 1
417 -620 1
618 -802 1
-993 -465 1
-909 -196 1
7
182 -130 1
-300 126 1
302 -969 1
587 534 1
840 -825 1
364 321 1
488 -918 1
7
895 4 1
14 654 1
-496 -6 1
-832 143 1
269 -141 1
663 -948 1
317 680 1
7
-644 284 1
661 784 1
130 -776 1
-166 -961 1
-927 -269 1
567 486 1
-2 -109 1
7
-557 -826 1
-893 533 1
918 799 1
-651 -28 1
-450 33 1
637 -533 1
640 473 1
7
292 760 1
-1 -868 1
391 -676 1
-598 56 1
-25 -611 1
161 -967 1
-365 -184 1
7
-880 -634 1
47 63 1
461 -331 1
-538 815 1
-973 897 1
464 71 1
856 -17 1
7
447 284 1
-754 -679 1
66 763 1
199 -544 1
502 389 1
379 -897 1
538 -88 1
7
401 -174 1
665 -301 1
-634 -13 1
401 -253 1
242 180 1
119 123 1
749 769 1
7
-293 -539 1
443 29 1
-33 -743 1
202 94 1
272 -931 1
944 775 1
235 923 1
7
-682 -752 1
596 2 1
-851 -947 1
-313 12 1
141 -875 1
83 872 1
-611 -537 1
7
471 851 1
244 230 1
197 -305 1
669 850 1
23 -858 1
231 -989 1
-668 -304 1
7
-716 636 1
60 -64 1
699 -377 1
555 -390 1
193 816 1
-132 883 1
576 -492 1
7
-379 791 1
-956 -771 1
777 -268 1
-91 -837 1
-100 175 1
545 505 1
-167 464 1
7
-354 593 1
-483 183 1
-330 253 1
-334 252 1
-535 -797 1
586 698 1
430 -706 1
7
-734 -214 1
222 151 1
192 -218 1
829 417 1
959 -954 1
-401 -878 1
-972 186 1
7
517 -192 1
-234 -701 1
-852 -829 1
744 -306 1
204 75 1
94 -286 1
-450 -758 1
7
476 -815 1
-290 -35 1
-551 795 1
-56 406 1
938 -831 1
105 409 1
-554 -943 1
7
423 784 1
-37 -994 1
806 -573 1
-234 104 1
-793 -742 1
460 -366 1
-903 651 1
7
-497 -427 1
-993 666 1
173 -298 1
-461 790 1
494 -763 1
893 516 1
882 -956 1
