1000
9
-1656 -127 10
-1131 1386 14
1001 1246 1
87 -1118 24
-562 -1241 46
494 -332 34
1095 647 5
-1619 370 12
-914 -1330 17
9
-488 -731 26
-565 1990 39
-1207 691 40
-1817 -1025 10
-933 -787 31
-253 -254 47
885 843 19
-1666 937 47
-777 1489 31
9
1920 1803 4
100 993 2
1783 -1620 45
948 -280 22
80 -994 39
-1353 -911 35
635 -1986 37
859 -374 46
1062 -111 5
9
-602 1871 31
-488 -431 41
-1110 -314 1
-1206 -897 13
-707 -1841 27
-952 1966 21
1175 357 26
1691 -1335 10
1571 1521 36
9
1799 539 39
-1608 1333 49
-859 -657 32
203 1508 1
1781 1210 27
1830 1834 14
1664 844 39
-1770 1950 26
1138 1123 4
9
-529 -467 7
-1292 -561 17
1848 927 20
761 -883 36
866 1930 3
-631 -244 21
1454 -641 1
1348 -1534 42
-984 1642 11
9
-1213 -1691 22
-1350 -1208 37
1364 -1907 40
-1086 546 21
902 1441 28
941 1585 38
-1517 -1086 31
-1132 -1851 37
-634 1523 31
9
-619 927 7
-1047 1589 10
505 -1492 30
1354 -1573 31
606 -1993 18
1088 1056 42
-17 -757 9
-1286 1221 8
10 -1552 11
9
-292 1333 9
778 -1079 17
847 1881 4
864 1537 44
-548 1035 10
432 -1932 7
-1864 939 39
547 -1295 33
-395 400 33
9
316 -1181 10
1203 -127 20
-1038 1664 11
1661 -1865 47
1389 -1000 8
555 -61 26
-197 470 24
64 -791 28
1528 -493 39
7
-1812 977 21
438 -156 39
1998 360 37
600 -758 9
-1619 1143 2
-1064 1689 41
496 412 50
7
-1813 -192 4
-1407 -874 11
983 -1268 16
-1725 1248 16
-89 1419 37
-1236 32 34
1012 -700 11
7
-1907 544 19
-1831 -341 27
51 177 28
902 1773 18
494 524 33
1357 1958 38
206 -1856 40
7
-1970 1138 24
1509 304 47
690 1186 1
1523 -1701 19
-1608 -188 23
1573 1613 14
-214 1573 31
7
-1930 1651 7
1374 775 30
-1468 461 14
10 -881 5
-1458 -935 7
-1300 -1281 6
1333 -589 50
7
-255 -209 40
-67 1123 21
-1208 -1829 44
-1497 1007 29
752 -808 26
-1326 1384 13
-2000 502 25
7
1732 -551 1
-1346 -411 3
849 -218 16
-1879 427 48
-1704 -1892 11
1146 683 37
-1609 730 23
7
931 -1211 22
1305 509 44
-893 1725 9
1676 1805 22
1512 1445 4
1896 1654 38
-325 -1641 2
7
-1481 142 42
-45 391 15
-624 -772 37
334 -1448 38
-17 538 22
547 1703 10
-1514 689 15
7
-1490 -891 5
1341 1812 13
1609 1835 45
827 -482 13
-595 -1702 35
823 -1118 16
197 656 39
7
-760 1711 8
924 -690 30
1736 1638 3
355 1367 42
-1827 -1218 43
608 359 40
-1793 73 36
7
1789 -814 30
1155 -1816 13
-681 -235 20
681 -1803 10
1467 -1919 25
-851 -1018 29
-946 -69 10
7
-1161 1272 6
-542 1237 47
-839 580 48
496 1197 11
-143 177 39
-1616 -1354 37
941 785 21
7
590 -65 13
1933 1279 10
-1357 -884 49
-915 1309 18
-668 1003 8
376 -1433 1
306 1024 5
7
-603 1203 12
1795 -223 48
-1704 1095 15
1869 847 44
-399 -1262 50
239 -1780 12
-136 -480 33
7
854 -1977 11
988 1368 1
1601 1614 14
585 192 45
717 -1447 46
1923 1388 50
-1186 -1973 14
7
869 -1652 13
-1989 -182 29
-1869 1130 39
-731 -391 4
1737 1962 31
1849 -1330 23
-273 1814 26
7
-1854 788 38
221 1660 5
283 -105 7
760 121 28
-816 429 30
-813 -1314 34
-1270 431 30
7
-1695 -1617 11
-104 -1175 2
-1293 -113 38
594 499 21
-1053 81 50
-21 885 44
1286 -1345 10
7
-109 756 39
1245 -1512 6
-243 -741 12
1267 -1386 30
259 1251 4
749 -268 9
-1926 1505 47
7
1695 -1506 25
-1459 644 49
-622 1659 24
1999 1787 25
530 -1311 46
1814 -203 12
-411 380 15
7
-1950 -942 36
-807 -29 26
-972 -377 30
154 1247 21
-469 -503 10
35 -1473 19
-1950 967 50
7
-1000 523 42
702 -699 13
-1846 134 20
-1578 -791 26
1136 -119 20
-1666 236 42
168 1618 10
7
1983 -16 40
-724 478 6
-100 -1922 35
-511 -1502 36
1020 1504 18
-904 -1911 20
1593 -459 15
7
-1581 -580 14
1918 -1166 34
309 1556 48
-871 188 44
1516 649 9
383 -1910 42
-1850 1350 4
7
-631 518 2
1128 -1945 50
1567 1115 39
-252 -77 9
-1786 -673 2
1181 1273 41
174 388 29
7
-353 -1882 18
1970 1537 15
-1453 -1178 3
-1515 1049 3
1933 1378 30
1567 -1843 23
83 216 11
7
-1487 -987 46
-1964 1912 23
-226 1137 41
-1631 1484 43
-720 937 45
427 966 21
-147 1273 46
7
1245 49 13
-760 -1961 13
200 -33 31
-968 1453 4
986 -1049 11
715 192 36
1407 1018 40
7
1285 -1761 15
-1007 -1683 1
-600 1904 5
1614 -1271 33
1304 1300 31
-786 -1862 26
-1652 1559 40
7
-30 1533 37
20 1560 16
1570 195 47
-1989 1324 32
1309 22 39
1104 1082 14
1147 -230 44
7
428 -107 1
-1578 1853 11
791 -1163 30
1562 -752 30
1230 67 40
-589 1635 9
-761 761 25
7
1684 479 33
-1597 -99 3
498 -1036 10
-1125 -398 39
239 -1819 18
1545 342 10
-1116 17 13
7
839 -942 5
-241 1023 1
-1579 122 45
1690 -1896 9
-558 75 21
-193 -800 32
-1745 -1578 20
7
193 1605 40
1443 -362 48
-1372 -641 44
-867 1305 33
-891 -1442 5
-546 595 31
-413 1233 26
7
373 -589 24
-813 361 24
778 -785 13
1181 518 28
-537 388 50
-1708 -1247 8
1365 82 31
7
-1251 -1755 22
801 -465 4
863 1309 22
1496 -1579 27
-189 1498 27
41 -1491 26
-163 -1792 1
7
-430 -1414 3
32 936 7
469 -120 8
182 -1899 33
-1457 -936 30
1259 197 31
58 -1170 25
7
868 67 34
263 676 44
752 -277 32
-114 935 24
1948 108 33
391 -316 47
-1177 1775 2
7
-491 590 37
631 821 27
-1586 -1673 35
427 1626 43
1919 1698 24
21 1566 9
184 917 4
7
-513 1904 18
22 -1237 8
-105 -1507 20
-1601 -141 16
-1113 -892 29
1622 -256 23
957 -575 20
7
1594 127 39
-528 -1642 9
-1621 1858 47
-1282 34 31
-861 -758 40
1894 1816 1
1596 -408 1
7
1514 353 16
1567 1654 50
220 -218 49
-98 1335 48
494 869 1
1039 1102 7
1659 -1526 39
7
-1963 -1710 7
-1978 -1752 26
-1345 -1317 4
-1157 -1926 25
-1980 342 31
209 268 9
-554 -1757 1
7
-407 -776 2
1397 -1623 49
-12 338 25
1319 -806 39
-1024 647 26
464 -815 9
308 437 21
7
-1990 -1956 18
467 120 3
1882 1976 45
-697 -1163 45
-1820 -1152 21
-483 1390 19
391 903 4
7
1612 -1644 45
-1268 -465 2
-1378 452 27
-1512 -1274 9
-144 -257 15
-1254 741 12
845 697 50
7
1393 1509 46
1289 887 21
1341 210 18
1742 1656 26
1560 304 26
1183 126 20
-419 -476 46
7
573 852 50
1171 -608 18
-286 -715 13
-1492 -1705 38
1124 -1321 8
-826 -854 12
620 -1976 14
7
-628 632 24
-444 1098 44
-1870 1022 5
-205 -1606 2
-1119 -1953 23
-1808 218 17
-1833 -684 15
7
-294 1191 28
-1375 -1405 3
-900 1818 50
1885 -249 23
81 -725 7
-1295 -592 45
-1199 489 6
7
923 -990 27
1245 432 46
-933 -1232 6
371 1618 32
-403 -1890 31
-1886 -1696 21
-14 -1148 48
7
1739 -1827 37
39 -1698 41
-1737 -1257 2
-653 -1654 32
282 -1110 23
323 613 40
1192 -1891 29
7
896 1257 33
170 -1792 20
-509 -610 28
13 1732 50
-469 -1086 29
1580 247 21
-1354 790 8
7
-1636 814 49
-997 -1552 6
1333 -1556 16
1350 -1064 45
-541 193 32
-1842 361 34
1585 -1689 17
7
-889 -490 28
1542 482 25
641 13 31
-1434 -1915 6
-173 722 9
-1548 276 11
-1276 49 22
7
147 -1508 5
-917 1648 45
-1767 791 14
829 -1368 22
1026 -570 4
-1793 -1223 31
-1176 -700 14
7
1586 -29 12
-561 1577 25
-204 -277 49
1256 -1521 44
-1250 -1576 23
-1026 1505 41
1846 -608 15
7
1148 -1617 44
697 1462 10
-769 -1552 10
-1785 482 37
797 -818 28
1667 1534 23
-926 -906 17
7
1628 783 26
507 -1986 11
489 -1327 29
669 734 8
164 -1076 35
-126 1075 39
531 126 23
7
-1001 277 48
1029 -213 22
-1493 -1138 9
-436 -644 45
-1504 1719 3
-952 -86 33
-1512 -1700 26
7
-265 1619 2
1292 -200 40
1468 -1847 38
-778 720 15
-1032 -202 7
1920 450 41
1186 1733 50
7
-619 486 38
-1870 -1616 2
82 -1843 2
-1373 1156 35
639 -1768 32
270 -1193 14
-991 365 11
7
-19 526 39
1435 -1242 50
1176 1433 5
1225 1846 37
-1555 -1043 50
-685 -1610 36
-72 -1175 38
7
-1759 1058 23
-724 1149 14
-1501 801 11
-170 85 14
-1135 -102 6
1562 1508 44
1818 -1786 47
7
1369 1373 38
-1655 -1001 20
196 989 17
573 -1122 35
-1051 -442 20
-553 926 29
-1740 1939 23
7
-891 1054 46
-1527 623 47
-1879 -1916 14
-1368 -1421 28
510 652 48
-1186 -1446 39
45 -360 44
7
1095 364 5
1486 1020 25
1871 -99 12
-1502 -518 15
-1188 -1159 6
1996 128 20
-898 1311 5
7
845 1719 7
-379 436 38
-1938 194 11
175 313 47
830 786 7
-331 -1651 6
-1825 -107 26
7
-1448 819 33
-1482 251 39
-30 871 32
-88 437 42
1997 -1425 2
-669 968 13
-758 534 38
7
1243 -737 2
-1586 -1884 37
1888 -846 18
1751 -148 5
651 1278 21
1667 300 25
1193 1705 7
7
150 -1893 27
1053 -1414 4
1261 -725 34
-1955 1562 27
-1020 -921 40
1765 -702 7
-1015 574 47
7
-177 1206 2
67 -1780 50
-1249 1874 48
475 -1668 15
843 228 49
775 -1613 7
1681 1611 31
7
-1548 -920 28
860 501 49
358 -593 24
-206 69 48
443 -873 29
-112 857 50
-808 -161 46
7
-25 758 46
-140 239 10
-76 1376 7
446 651 39
750 -637 20
1889 -724 20
414 136 20
7
-1796 -64 45
-1041 -1599 40
-1085 794 30
855 1693 8
1874 -334 3
-1640 -1163 28
-522 920 19
7
1752 433 30
-826 1005 6
-929 -1842 26
1370 -202 32
14 -492 30
-1163 664 9
-701 -1816 38
7
-922 -764 47
-518 -809 19
1608 -1558 9
-1703 -1232 45
-1942 718 25
-193 -766 13
-1832 -444 45
7
1706 -1912 37
546 -1565 8
-1847 -38 7
574 -724 47
84 -1311 19
-1229 -1426 47
-1088 973 26
7
465 -630 42
1587 675 7
1463 -184 31
1699 39 8
1772 1722 8
1776 547 44
-526 420 43
7
43 1344 38
252 -294 3
-1990 -1784 41
4 201 46
-430 530 15
435 -603 42
-1581 -407 5
7
996 -1129 5
-440 -241 18
1519 1633 13
89 -465 44
503 -1277 15
-351 -1740 4
-460 118 11
7
-1040 509 27
199 268 34
-1859 -230 6
642 1836 32
1492 -762 5
327 -1805 39
-287 388 34
7
-1050 -1038 29
-545 -840 39
-1816 1222 22
-990 270 22
-1875 -1144 48
-1394 -1987 31
1930 394 21
7
616 -1 45
-1814 595 47
-1399 367 42
-848 963 30
-957 -1125 18
-1303 -1173 20
-1042 -16 22
7
-666 1285 27
1878 -1601 19
-1038 -52 17
-1584 1952 31
-11 1648 5
629 1687 3
1645 28 22
7
-839 -1866 46
654 -22 28
974 -217 50
427 1399 10
148 1716 27
1099 939 27
-1763 1508 25
7
585 499 33
-1291 1418 44
1341 1834 45
-378 349 30
-1273 1630 48
1357 660 43
660 1197 47
7
1275 -141 22
-307 -818 50
-222 -723 1
31 607 7
1763 1885 42
143 1550 39
1300 1546 20
7
812 237 32
1441 1561 40
51 751 49
606 -1657 25
531 -639 39
-1836 -390 37
1928 -210 25
7
-1263 -1236 46
-942 1594 35
1109 1635 7
59 -1394 26
-1936 900 25
-579 610 10
40 -1238 6
7
75 -922 8
-1566 -969 10
-349 7 21
1231 -935 29
-1974 -1517 44
-602 -74 35
-106 -219 15
7
-1338 -1336 7
660 -1027 15
-781 37 22
1822 1561 1
1596 -52 26
1248 -1525 39
711 -1328 13
7
1155 1762 27
377 1732 47
-1878 1053 8
1495 252 46
876 1862 49
-1402 152 39
-311 121 9
7
-1550 -1691 40
681 1986 37
986 -1290 24
-1834 1493 37
1076 -926 31
418 1082 26
-1239 -749 9
7
-317 -1745 18
1779 976 47
-296 -687 31
-1667 1505 1
1639 266 40
1477 -1993 16
1608 1765 12
7
487 -1785 10
135 1065 4
-1899 703 10
1261 134 29
1879 207 37
966 1931 41
-295 -167 11
7
1715 1877 30
410 -843 49
1432 304 35
-1999 494 24
-1348 -361 45
-1676 1335 29
-1880 -666 11
7
-1551 -133 18
-498 -1484 49
-1550 1848 19
1363 826 31
-1604 -1365 33
1122 -1795 12
-291 251 33
7
1131 -552 13
419 -105 27
1195 -574 23
-1134 -991 25
94 276 50
654 -91 50
-761 -1187 25
7
777 1976 11
1378 -287 35
745 656 43
-20 -1849 46
-460 -944 15
-1297 -1954 20
505 -657 49
7
-1957 -384 34
114 1723 31
-603 -297 43
1683 656 23
-1850 483 10
1988 -523 39
-67 443 36
7
-1630 -786 16
752 48 7
-245 318 44
1634 -706 12
-281 -1531 7
1042 315 4
1762 761 31
7
-1848 -1956 45
1795 991 15
-1637 1371 30
1909 804 39
-1115 -738 43
-1720 1758 39
-1029 -854 36
7
-1735 263 49
-838 272 15
-485 -1164 1
119 -757 29
876 -1077 20
-615 -1510 26
-1433 1250 5
7
582 -806 48
-843 -301 15
917 -1763 48
-1552 1979 44
288 -1151 12
496 35 44
-455 481 16
7
-1023 1949 4
639 251 28
215 1132 9
-1218 -95 48
981 1864 47
-4 1965 29
-1704 159 15
7
-27 1960 30
1421 -1434 18
229 592 39
1336 -928 33
-1220 1507 11
1702 953 48
-690 1532 2
7
1127 952 19
-1391 -432 13
18 -358 7
-1779 -1505 5
839 -1004 1
1833 -427 16
1378 -1664 20
7
1540 -360 25
-1150 -238 17
1689 -31 20
1451 1760 33
1587 -1739 31
-143 -650 19
-702 477 10
7
710 -581 9
-1238 1590 4
888 -1185 6
1730 508 2
815 882 18
-1924 237 9
492 -97 50
7
-1949 1963 5
879 449 50
942 -366 50
-1703 1518 46
-329 956 45
-586 713 6
-1496 -1279 30
7
-1533 -1458 6
-768 -1163 26
709 -974 18
1018 991 3
-1387 -444 12
-1232 894 29
-466 -628 37
7
-1212 223 23
564 -87 46
-117 -982 45
1906 -1608 5
1136 1290 25
-1831 -1093 7
1120 1117 41
7
-1640 625 23
1966 -1100 22
-1922 1657 40
164 1844 13
-55 1985 6
-1629 1217 23
-892 -991 49
7
9 1344 38
1979 411 33
821 1807 40
755 659 34
-1764 1283 14
-950 579 40
531 -183 29
7
1451 718 47
1656 -553 29
647 -1651 8
1502 839 27
-1849 -1189 3
-43 -118 13
1 1460 45
7
289 1202 3
833 1250 13
1365 -1343 40
-2 858 32
1913 135 7
992 1012 47
-1050 361 17
7
-514 -1608 30
-264 979 22
-1405 1692 31
-1226 384 5
517 386 41
705 -1588 35
-1351 288 1
7
624 1992 7
-939 -934 7
542 1203 14
-1463 -1842 31
-256 -514 31
852 -409 14
1061 -1119 6
7
-1311 -296 25
-1638 -80 23
800 -1806 36
-22 -883 48
808 1361 44
1281 685 4
-1177 -1816 45
7
486 1542 44
1709 1774 2
-1699 -1410 33
770 484 21
966 1342 39
-1295 666 8
473 288 23
7
-636 -35 5
726 -1059 42
-1427 569 37
1903 -1123 8
1830 -1208 2
21 651 33
-551 -939 45
7
-1727 1276 36
-179 -26 13
-1238 -1572 37
149 -1342 42
1389 -1447 22
301 -635 16
1078 1 33
7
1107 -858 36
-847 -976 39
-1660 -54 43
515 215 31
320 1269 13
-708 321 18
-295 114 49
7
279 499 45
-1550 1842 46
1968 1964 8
-1854 -1385 10
-903 -1936 41
1851 -694 18
-344 260 36
7
-919 1492 42
-1985 1189 44
359 620 46
-204 1385 49
1321 1617 50
1175 -881 40
-412 1948 15
7
255 -190 42
-182 -289 22
1441 -1860 26
1462 1413 14
207 -1835 12
753 -665 11
-234 325 13
7
1874 -860 20
-998 1748 4
889 1459 24
1226 477 28
309 281 19
-716 -911 18
146 -1790 44
7
-114 1254 15
-933 1672 32
-45 1422 33
-1113 -421 26
-1135 -1936 47
-1883 -713 40
1948 -286 12
7
-823 641 43
884 1229 6
-168 -1036 6
958 55 5
1046 1249 18
740 663 40
170 563 18
7
-1459 41 47
-350 -1765 19
-603 -1 17
1530 -1755 2
-1697 -693 16
-1838 462 1
460 -1766 3
7
1940 407 38
-466 -482 29
856 554 44
232 -849 46
1628 86 10
1720 -792 24
-928 -623 16
7
694 101 28
-1226 -1316 49
1217 -1862 11
343 146 27
179 -1182 21
695 840 34
-512 -34 50
7
1055 621 28
-100 1198 46
1458 1086 18
116 -239 28
-1112 -553 11
561 1121 45
-49 -1796 19
7
-1277 -1767 29
1035 272 12
-901 442 3
-241 650 5
-1862 -1025 24
1481 1500 43
-1554 1586 49
7
-915 -1984 29
754 1789 7
-1493 -1774 26
-1473 1633 45
-929 363 42
979 1637 33
-495 -7 17
7
-355 696 9
-1226 -1402 28
-434 -1056 31
120 72 44
-1860 1445 42
1417 -1413 28
794 1259 5
7
-1951 -497 36
-1432 -518 45
-1085 -1153 34
240 1324 25
-238 340 16
1062 1971 15
1681 1693 34
7
-1197 -1632 43
1616 835 8
-1215 -51 22
1881 527 46
-1808 701 50
451 -637 7
-1676 -1254 32
7
-899 193 27
-1007 153 36
1974 -1798 23
-1910 1251 12
1087 -344 49
1970 -398 24
-726 -254 13
7
-247 362 38
1264 -1872 50
622 -130 29
1962 -1290 28
-1935 1962 31
1423 1746 42
-1662 150 24
7
8 962 10
1245 1019 34
1481 846 18
85 1603 27
-1926 -1859 9
-1123 -485 31
-1658 -1751 9
7
1589 1684 19
904 -728 5
-1596 131 12
-92 818 9
-4 -1598 12
-1287 1695 39
-271 1035 10
7
-1264 -1606 20
-55 -933 47
-1823 -1735 38
1624 -454 14
-260 1831 13
-1161 -1073 3
-1450 1663 13
7
1217 -1464 31
-143 -74 50
75 1231 8
-1361 -1460 21
361 -1820 38
1703 -1943 22
1345 -1592 22
7
1487 756 27
1038 1873 35
643 204 13
-1024 352 12
1708 1229 46
1099 1699 46
198 -994 16
7
-68 375 38
-819 1122 49
-291 -742 50
-1026 811 13
426 -1053 3
1412 -129 37
-1105 -66 15
7
-1512 -1110 35
833 -1495 14
-1523 -377 34
-480 -1413 36
656 -1690 17
-1430 27 44
-193 -950 44
7
369 -133 30
-1720 1825 34
1823 1274 41
1453 1871 49
2 -272 19
298 -1390 33
-1916 1457 6
7
-1232 454 8
908 570 9
1275 1578 14
219 1332 8
703 -1376 36
1374 84 18
-1836 96 14
7
1367 1005 50
901 -1917 21
579 1694 13
-614 115 49
1975 -1744 50
1956 -797 4
-731 -1062 4
7
-625 -487 16
253 690 27
245 1343 5
-1728 -1084 15
1175 -1775 2
1996 -464 3
316 -500 9
7
1584 1832 4
-1553 376 38
881 932 14
-1005 1251 14
224 250 14
-548 165 13
1342 -165 36
7
219 -573 25
-1407 -1715 5
1884 -101 4
1328 1123 28
-821 -493 20
-1307 -1451 16
-1880 -1202 12
7
-1783 -595 12
797 -1967 38
-1677 1885 36
362 -33 23
1585 -1615 36
696 -491 48
696 765 29
7
-1934 1327 33
-866 981 29
1613 1700 16
287 779 29
-179 1392 50
1829 -883 16
-420 413 18
7
1118 277 49
-1479 -1048 40
-1327 -1889 3
-294 1126 33
-713 1269 12
-1129 -1685 7
531 427 9
7
-195 -179 40
-1613 -1852 36
1642 268 38
-1315 2 33
-1473 1432 25
72 348 27
1526 -96 14
7
1446 520 3
717 1571 46
1693 -796 22
1354 -1302 14
397 301 39
-97 1051 39
199 1180 21
7
1684 35 1
-794 374 37
1797 -39 37
153 1144 38
-1410 -1157 12
534 1450 16
1087 1197 27
7
-1046 -408 11
1418 -956 39
-815 -1267 29
-1806 -104 44
182 610 44
312 -780 39
1501 1446 6
7
-1645 -97 9
-1771 -656 1
-934 -1636 8
1638 -1155 8
-587 -1258 26
-1158 -1684 41
-1176 676 20
7
774 1036 31
-786 202 22
1671 -1590 18
698 -306 20
945 -1442 25
203 -448 14
-963 1121 10
7
67 -90 39
-1223 -1280 16
-1038 -179 46
1697 917 10
-1340 -938 38
-1775 1767 49
557 -197 19
7
985 -1762 47
1359 -1244 37
-412 -1552 13
-837 677 29
1619 -1519 22
-1579 -861 31
-1221 236 20
7
357 852 28
184 36 41
-498 630 47
-1033 -664 13
-513 -1774 20
30 -1064 29
-464 -421 45
7
525 756 40
885 1645 28
-361 827 45
428 -1211 33
-1874 -1562 47
1223 815 15
1114 1419 31
7
-625 1450 36
-452 -543 19
1797 -118 6
-933 1307 19
487 -61 36
1389 -1655 41
524 -958 45
7
299 -439 12
270 -1736 16
1718 -617 45
791 1071 7
1832 -962 30
1179 31 37
1455 -1689 17
7
-549 790 49
-303 -79 28
-20 1984 39
-1661 -1976 41
-512 -1827 14
-545 -1481 36
574 -752 48
7
-1385 136 19
-1628 -1528 47
-64 -173 48
-1983 -720 25
1841 -446 42
-1444 1558 26
-1413 -1609 36
7
356 1862 40
-1836 -1829 21
785 -722 38
1551 1544 12
1180 -1132 6
-1121 -343 42
1402 -1151 45
7
-995 -465 6
-757 -871 13
-368 480 39
1865 -1250 18
-1129 -926 33
1772 -1378 25
-786 -875 7
7
-1018 1838 30
1961 -921 25
-1524 -211 18
87 -1883 23
-1582 -1956 49
1625 -786 19
-780 -1497 39
7
550 1923 23
1600 1003 26
-1286 275 50
-804 459 22
-682 10 40
16 -1049 46
-400 1850 4
7
-731 -720 28
152 -364 48
-1805 1460 35
-920 -173 48
-1579 -1602 42
-329 232 23
382 -1268 5
7
1936 -157 12
570 -1770 45
416 693 35
-954 -1428 43
1016 1810 40
-624 670 47
-254 -1484 49
7
631 -1463 16
1157 -1570 43
476 -1569 35
1127 -1727 10
-1088 512 37
-1167 1079 14
449 -720 50
7
-1855 -1652 12
-644 342 13
-1859 1673 7
838 596 34
-1766 -1969 39
-605 -1870 33
1438 -1333 43
7
-1397 -177 41
-258 -548 25
385 1579 45
758 107 22
-326 -1860 26
-972 1680 34
-589 -831 28
7
723 330 33
-1549 -467 5
1828 1310 29
1541 1219 2
379 1965 47
245 -283 20
-1258 1427 27
7
1962 669 35
1645 451 33
-650 1541 34
289 -1086 4
1936 1183 30
-1697 -509 14
1422 -1112 16
7
-1216 -1119 4
-794 423 39
-1257 853 14
225 -1082 46
1312 1397 35
831 426 16
724 -1519 10
7
51 1602 39
-253 -1934 14
-1662 968 36
-1851 -408 1
-654 837 42
-664 1490 21
666 233 12
7
745 -1798 23
1462 -1886 1
-536 -545 49
-608 -200 11
1913 332 17
760 -1296 25
-350 540 26
7
1144 -1232 43
943 -1502 32
-442 -796 13
1713 1743 48
667 703 9
-1697 -381 36
-216 -282 22
7
1728 1094 24
-1144 256 11
527 1597 2
-1534 -1712 37
-1085 -1467 8
331 -632 23
-1799 -1134 44
7
-1191 -663 48
1110 338 17
-42 -222 12
-156 1870 16
-596 290 44
1448 1170 2
551 -1800 3
7
1754 -426 12
-1366 1626 47
-1625 697 4
-1435 1852 37
651 -1304 6
-344 -50 13
-504 -173 24
7
55 -630 28
-1628 1578 20
277 1096 45
1331 -1062 29
-364 -211 35
-6 1154 30
-1001 427 28
7
1631 1686 25
124 423 3
458 -1285 25
-866 1718 34
-1606 -390 38
-1727 615 28
-496 995 3
7
437 -1421 3
-1316 -1190 19
-1035 981 5
11 -924 41
-826 53 25
1714 -1931 17
1551 -1593 27
7
-365 -172 48
837 660 49
-1499 1728 12
1193 1217 5
-901 676 16
-1771 1749 39
-1153 -177 42
7
-538 432 32
591 1730 10
888 -15 36
-1122 454 10
-843 1519 15
1094 1583 16
-1484 1399 4
7
562 1369 14
-998 -1618 29
-442 -1490 10
-1704 1450 13
1228 -1755 34
678 1908 3
605 576 9
7
-1012 -580 29
-1561 1311 2
-898 1431 43
-213 1689 36
1979 1657 3
228 -1474 43
-565 -968 17
7
-851 -781 21
1195 -1526 29
-1051 1343 6
-1428 -1600 13
-539 -1251 17
-917 -1927 40
-1759 1571 9
7
767 598 41
1497 -1636 9
-1018 -1255 41
-1717 70 23
-635 -1537 16
1436 1578 5
724 1526 43
7
813 -1674 9
1354 -84 24
1440 640 37
-1603 -862 32
796 -1448 29
-1560 155 14
-700 -1610 7
7
-1824 673 5
1894 -227 44
-1281 817 25
1229 -1980 49
-416 284 38
1433 -1776 32
-959 1241 49
7
-9 1002 7
983 945 32
992 -1759 47
-533 1390 43
156 242 11
1164 18 9
-727 -100 4
7
-1485 534 23
1034 -816 1
-744 -930 17
-1640 375 34
-329 584 14
1991 1289 6
1382 -642 15
7
-562 82 17
1367 1023 46
918 294 34
-918 141 1
-1066 -1816 33
-331 -790 23
1261 456 33
7
-1990 1768 4
1637 -641 22
-1594 336 39
1320 -411 48
1650 -206 18
-168 1863 1
274 1128 8
7
1879 -560 31
1189 801 7
-446 -1180 9
574 -1034 37
1495 318 11
-1809 -1958 5
-590 -1079 5
7
-168 722 19
-1159 1653 2
1194 1693 12
1749 -1315 18
1213 -1500 8
301 -300 6
-538 -1826 48
7
1658 330 11
1940 -596 25
651 485 35
977 512 46
1879 1898 17
-122 1589 9
-296 -365 8
7
1238 1182 13
-1057 542 37
-1798 323 14
1582 -400 41
89 182 9
1481 -1084 31
-858 -29 8
7
-1303 417 21
-386 1047 22
926 -776 17
1680 -40 2
-251 -1085 36
-1677 982 47
-97 -1569 42
7
-12 1948 47
1249 -1393 35
1576 -1919 25
-862 1062 24
1582 532 11
-204 -636 37
383 1230 18
7
-1586 780 35
-1399 1335 4
-1319 657 2
207 1930 47
1698 1998 44
-1423 -313 33
1121 -1264 37
7
484 -1351 40
-1705 -587 2
-515 1985 28
1413 -1705 30
1434 -119 11
-1513 1256 23
-509 817 36
7
1203 -275 23
1255 121 23
1147 -863 23
-1759 -1357 25
1665 2 45
195 -407 6
1748 -725 50
7
1507 -1894 45
-1500 505 11
-1737 -1740 39
1054 -1310 15
-1519 -345 50
-1109 558 21
1363 -290 8
7
-1424 -603 28
-1420 -1090 45
-970 -1670 42
868 1804 34
-661 -1407 31
1997 777 9
1712 666 47
7
264 1552 4
-94 1091 7
589 -892 13
-568 -668 15
1827 -57 9
486 1442 36
1892 599 17
7
305 -858 20
-613 171 4
-10 -311 14
-705 -1316 8
-1462 -1540 14
1606 846 15
-190 -1959 12
7
-577 -820 14
1650 1440 36
217 -1737 31
-1669 1733 45
-1304 -1136 13
1285 1379 13
-692 -304 20
7
-1081 793 9
1201 769 29
1373 -497 37
457 -1380 7
-1182 -1089 9
1677 664 7
-22 -885 6
7
-1869 -1370 16
955 289 24
592 -1083 43
-1249 1827 20
1859 -204 27
120 1551 27
1577 -601 50
7
-180 1207 18
479 1376 27
-198 1872 17
-984 -199 13
-1451 1454 25
-1728 -1847 35
-1040 -233 12
7
-1425 1844 18
-1733 1973 18
-1542 -1743 8
-307 -969 5
935 -370 21
-374 -613 19
-567 350 6
7
-405 716 23
-979 765 19
770 924 22
327 1141 48
1460 -971 36
-1603 73 35
695 96 28
7
668 -602 34
797 -592 16
673 -1732 12
-1087 117 42
-1567 -2000 49
606 1391 50
1452 -1312 50
7
-1355 -1955 19
155 -1296 4
-800 1665 48
-977 1705 38
308 -1500 2
-1502 -1188 24
-661 -997 9
7
532 -732 22
-1837 1922 40
1542 1302 2
1205 1677 21
1049 1739 47
-1242 -1446 6
-871 -531 31
7
-292 79 20
-1836 83 23
-461 -1814 25
-1711 -995 11
1906 364 21
1995 -421 45
1690 1550 17
7
-1327 -1817 31
-555 -763 49
-1056 1426 5
-89 626 48
-947 1178 34
206 1157 25
-212 1559 45
7
841 1437 30
-286 73 40
-1421 1764 44
-1144 -1826 39
1638 -1473 33
-916 -1818 20
304 451 12
7
-807 1687 17
364 866 4
-393 1606 23
417 -1381 26
130 1306 12
-1251 245 21
-730 -132 22
7
565 1751 21
423 340 36
638 -1333 11
1730 1904 6
1300 -1912 45
1557 44 23
-1731 1941 41
7
973 842 24
632 841 49
-1868 770 24
1648 1568 18
-168 661 1
423 904 37
-1009 197 46
7
1366 -1544 33
1862 -708 9
-320 -228 5
-488 735 10
-1251 -1810 25
-829 286 2
900 1601 12
7
-483 1944 20
601 -213 40
-1703 1474 18
-1736 1737 48
139 -1694 9
-1035 -1700 18
-788 161 6
7
1778 -974 27
629 -1399 50
-739 158 6
-48 514 30
-1473 -1878 4
1064 1827 39
418 -620 50
7
-1738 -267 6
3 1151 50
-451 -1142 9
535 1254 14
-1777 1197 24
-1706 -1830 11
121 1334 49
7
1292 -1516 44
114 -1198 8
761 1319 34
-617 746 41
840 -972 30
1958 -826 40
-461 981 40
7
-1989 -633 10
-1682 -381 43
-1242 -961 32
1678 -294 30
191 -503 13
478 -104 2
-1354 -1913 23
7
-1915 -489 46
-216 -164 42
-1955 -109 32
-1281 1748 36
-1495 -1749 37
775 -1646 35
1621 -1987 45
7
1155 620 30
1859 58 39
1926 -1693 50
-251 633 48
531 259 31
1111 1430 19
-1676 -1231 15
7
-275 -1316 45
-266 119 46
-807 -686 29
-48 1143 36
-1918 -1996 2
1200 -1162 49
-926 -997 37
7
424 1890 50
948 334 10
1343 1018 36
-1937 629 48
556 1006 45
481 -251 47
-1098 -285 28
7
1860 -150 49
-676 -1675 39
-949 419 18
934 -913 15
-726 441 5
-899 -541 18
751 -68 5
7
-641 -140 7
916 -266 10
41 -862 1
15 -1846 24
-112 156 33
-286 416 46
-1258 -1877 24
7
-84 747 7
549 1675 17
-1859 -675 44
-890 1801 50
62 1442 35
870 -1190 11
-1090 144 39
7
1969 -1380 19
1280 658 23
1955 386 11
-526 309 50
583 -1480 31
-767 253 42
1009 1505 11
7
-1170 -894 38
1690 -678 41
236 -1045 33
513 412 17
45 -27 10
598 -1167 13
418 -156 49
7
1303 1429 20
558 927 50
-831 -1020 36
-299 -1257 48
204 86 12
-1863 -840 14
-223 1597 33
7
1699 -613 22
1921 603 27
-661 547 37
659 -1293 25
-1708 -1840 27
1790 942 13
-304 994 12
7
-1815 -973 24
-1807 1294 50
879 1564 47
-858 1895 1
186 -716 35
551 -1898 8
-1992 -950 50
7
616 -1539 18
-1075 -747 3
285 1401 37
1900 -1693 25
1 -1207 47
1949 819 41
219 -1049 8
7
-841 -1674 31
218 -1355 22
982 -999 39
-962 -194 25
1582 -1071 47
-1284 1661 33
-135 970 41
7
-359 -844 33
1416 282 42
1150 -1115 48
1075 1164 2
-1223 776 27
-867 1878 14
46 1277 10
7
-1389 1248 50
-1513 955 11
703 -1167 23
1527 -727 13
740 -220 6
-1782 -1795 40
-1641 -571 17
7
1698 -318 24
-1220 1233 17
776 403 13
-342 0 40
1414 948 12
1221 1008 37
-837 1156 14
7
-217 -849 11
-706 -926 20
318 1884 27
1511 1802 34
-705 369 34
416 393 44
444 1507 2
7
-1575 1566 30
-8 975 42
151 645 35
-287 1106 32
-585 -1491 7
-1687 -1717 22
-1420 1720 12
7
1600 -409 48
419 -13 31
-796 1014 36
218 -941 39
-355 -494 20
-1898 -420 6
514 -156 46
7
462 765 20
-151 711 38
1716 -819 22
2000 -1546 26
677 1710 3
-644 1459 26
-1929 1255 7
7
-456 758 41
185 -791 14
-1024 -1957 15
1831 -811 5
-271 -802 3
547 -1999 28
1433 -322 2
7
-1584 -1764 34
-1148 134 15
172 -1264 9
-774 -260 7
-294 -1505 36
-631 -1072 16
-658 1406 7
7
-230 -24 48
882 1907 31
-555 833 12
-1690 -1347 29
-398 386 37
1633 1922 27
-1185 -1583 31
7
1413 808 33
-1841 -988 45
-1243 -343 36
1943 329 26
-574 -1733 10
-1396 1387 14
-1669 1372 44
7
-1131 485 27
656 -1008 48
3 1421 49
-303 1221 46
-1145 -276 2
845 -673 20
-1741 1204 6
7
129 561 23
-324 1005 19
-1092 1684 1
694 -1633 28
361 -1784 44
-1928 438 27
-1539 956 37
7
-1354 -1299 46
359 -680 29
-1926 368 32
-1339 -281 45
-1176 -1112 12
-1319 -1776 9
-672 959 12
7
1619 1611 21
-62 720 22
1514 -521 23
1397 964 21
-1873 -1448 18
-23 -767 49
-1234 -888 34
7
-1249 -979 18
-230 -655 11
-1634 -594 16
-1972 809 12
1271 -26 12
73 -680 26
-1285 549 28
7
-1809 781 19
286 217 31
1793 -613 49
-1928 679 14
-1094 912 40
442 1102 44
1876 1678 26
7
-807 -1460 9
1557 -319 24
94 111 42
-758 -31 23
1400 783 44
1427 9 11
1526 -1831 14
7
-1151 -1511 49
-1609 1695 32
-511 742 14
-1035 -1737 15
251 448 4
707 -1476 38
-1741 -1375 25
7
-127 -1953 11
-1704 -99 9
-400 -587 4
-1970 211 5
505 140 10
1167 1396 23
-1917 -1811 8
7
-1044 1074 38
209 -1667 29
1569 1205 16
-1261 1783 3
301 -1296 8
1883 -215 36
-638 48 41
7
-454 -1325 27
-367 1835 35
-703 -97 19
-1088 1400 12
-1509 149 32
-1692 624 1
1598 1988 26
7
437 1907 44
1977 329 24
1667 -1221 6
-861 255 46
125 -1478 46
-608 -1239 48
1534 -374 11
7
741 -120 45
-1059 -1563 24
494 961 6
937 -1516 1
1634 -414 48
419 -177 24
1401 1127 39
7
-866 1338 11
-800 -1395 9
1804 -146 36
482 -640 34
-4 -142 27
904 1201 14
-641 1443 33
7
1426 390 47
939 -665 46
-1456 471 46
-1469 1705 31
-513 -426 18
-1776 369 33
-1338 -1717 24
7
-1860 1702 49
-261 1650 45
-253 -1438 29
-1282 1080 13
1536 428 13
-1967 19 30
-1246 1327 31
7
400 -1288 21
324 873 19
-1314 -1494 42
401 810 50
-1382 -1114 35
618 -839 31
-1620 577 13
7
1318 -1247 27
369 -1873 6
1917 -353 13
598 -1235 2
1070 -166 25
120 -1367 22
-1917 -685 20
7
1429 1712 44
-473 -1591 28
1806 777 36
-207 1415 7
-1061 1083 18
1581 -407 50
-821 722 10
7
1210 1954 3
-994 -1002 34
-38 1427 11
413 -977 48
766 -1729 16
-1529 5 35
101 -16 11
7
-642 -1914 48
-1765 -1450 44
-798 692 3
1050 -155 6
1850 -1337 23
-583 -362 21
-1603 -1692 49
7
561 925 30
-455 688 24
1438 791 21
-1719 -976 43
-1461 -1367 31
453 -363 37
483 -1213 6
7
22 890 44
-1061 1327 18
-1875 642 27
232 210 13
1860 1335 17
-1039 119 30
-1496 -1798 12
7
567 -1421 35
-123 1961 15
-1690 95 26
69 -263 1
1830 1873 20
232 1261 10
-118 1334 43
7
887 -1534 21
-372 -903 43
625 -1803 19
-1787 1960 30
-1543 -1560 41
780 -1358 29
570 122 37
7
941 -1308 43
-1505 -1354 17
765 -466 24
1244 158 40
289 -1403 10
898 -594 15
-1972 -523 28
7
-964 -57 10
581 -565 37
80 -1670 38
1015 660 33
577 -835 41
443 -1778 17
708 -1661 28
7
631 1718 1
1745 1115 50
-771 480 25
270 1591 9
61 1334 21
446 1601 29
1568 -1842 17
7
597 754 32
-916 347 2
-1359 923 4
-1919 -1248 32
1211 472 42
-953 1939 30
25 1877 39
7
755 -542 31
657 -1980 5
841 270 40
1626 -101 43
-809 1896 47
-1207 1170 1
-1577 1868 24
7
-1192 1381 1
-363 -1412 6
1157 -832 30
-77 1038 23
130 -1058 9
-1742 1980 20
-720 -1548 26
7
-686 -909 1
1908 -1950 4
496 245 41
1689 0 38
1669 1327 27
-1629 -117 15
-1652 -553 42
7
-901 -1627 20
-1472 651 20
-1284 -1953 26
-1448 -1876 37
1048 868 46
1863 -259 20
-690 -1417 36
7
-805 1904 44
25 -896 19
616 -957 6
203 -1911 7
-1913 -1030 30
-1315 -941 4
-706 -1219 3
7
-1300 -1514 40
-1642 1188 18
-195 761 40
-1238 -1834 28
155 899 14
-502 294 5
233 1307 44
7
-1151 -189 40
613 378 6
-130 69 28
-269 -1223 47
-1659 1973 18
-143 -1148 39
-1205 -511 4
7
-767 -913 11
1960 -718 42
-1366 -1826 20
1713 1727 47
-1167 1258 26
-763 513 42
-1789 1101 44
7
216 1653 29
-688 1732 37
-14 933 31
554 -1237 37
-252 1600 16
869 -1079 25
-1954 -1447 14
7
1188 -738 36
-295 -1259 16
1690 -263 31
-1140 995 18
574 471 8
1480 -1193 21
1351 1136 4
7
-1055 745 49
-745 -1336 32
-972 905 24
221 -897 38
-86 -983 36
-353 -1677 16
741 -1829 19
7
-1767 -1323 25
-987 -1930 29
-1340 1079 24
692 -866 10
-1227 -1972 23
-357 1682 37
1503 -1926 44
7
-1258 973 4
868 1326 5
-1889 -1298 1
-888 518 22
-536 -130 27
-1934 1148 20
693 -1058 44
7
1365 1116 14
-174 -1375 11
1452 -386 1
1256 1585 12
-941 1320 18
1941 119 9
0 -110 32
7
-787 -1201 14
1326 -1936 44
-282 -1927 50
-45 -610 48
-295 1464 37
-704 1815 28
797 -1292 46
7
-601 -431 34
1889 1788 3
1153 716 25
782 -1268 3
1841 -873 45
1513 -467 45
-1989 -1865 21
7
-1815 1823 39
1985 443 4
-1257 965 38
1703 -356 32
-147 793 5
-1827 673 22
-466 365 17
7
884 1744 50
668 1607 32
-1917 -51 2
467 24 24
482 -1860 39
1140 -1468 35
-547 987 50
7
-146 659 32
-12 193 41
1451 482 18
321 -1133 41
92 -718 8
283 -1627 45
-1955 -1817 50
7
445 1055 36
-567 -955 29
91 1419 15
-718 -846 35
-1808 -1727 24
406 -1159 3
-844 -668 36
7
1349 -1096 28
1126 1333 12
-1082 -333 36
1491 144 36
-1819 82 11
-1291 348 22
99 1548 9
7
1700 -659 41
-420 -456 30
182 -447 45
-376 1997 28
1257 391 15
-1631 -1017 2
-861 1572 42
7
1405 1737 28
1250 -67 50
-1514 1435 16
173 -884 43
1198 1565 31
1680 -2 32
131 278 14
7
-588 223 16
414 934 10
-1589 -592 48
-1187 -1074 29
-469 -1242 28
-39 -730 21
-370 -1003 18
7
1735 -565 9
-900 -1687 43
-638 -1967 18
-156 -1669 24
1248 -1215 47
-29 -1820 28
1006 -1776 32
7
-1288 -1698 38
1422 -1601 42
-619 -1728 20
-1555 -1158 23
798 -1370 12
857 1950 16
1268 -945 37
7
-61 -294 32
391 117 28
-681 1190 11
-144 -1990 28
-1526 583 42
191 -784 44
1727 993 38
7
-1720 1418 13
-1606 -584 26
1862 -1014 26
-859 756 48
-1617 1716 49
-356 776 22
530 768 23
7
471 329 29
-71 500 44
979 778 14
383 441 27
421 -1441 47
355 -964 50
-1160 -526 24
7
-52 949 49
1747 1381 11
1916 1020 5
1284 -1385 28
-244 1295 16
842 -739 20
663 -27 21
7
-1311 -1828 14
800 -1620 39
1385 -738 35
-1959 -1439 32
1575 -1138 44
-23 779 37
-1869 -1122 20
7
376 502 49
-1541 1394 45
980 832 16
832 -1874 7
289 -955 5
-647 425 9
-664 1282 30
7
68 765 32
-1223 -899 48
1617 -76 22
-640 450 42
-683 33 10
128 -287 17
671 1880 4
7
424 1421 43
-1222 1966 26
-598 -1677 19
-1764 1731 13
-420 436 31
-398 61 14
1611 1041 6
7
-1319 423 19
335 245 5
-1917 313 38
-1861 -582 29
-81 -1604 48
1314 1503 23
-1718 -681 15
7
18 811 20
-1300 -1910 35
-932 -68 20
789 1189 2
-1012 -1991 32
-1152 1379 19
-251 -1514 10
7
1152 -153 18
-381 520 21
-1621 -545 17
-870 -121 4
-835 -1227 43
-211 -31 12
-347 -1815 10
7
1163 746 45
-299 1495 11
472 1493 48
222 -1995 7
-556 -825 20
-621 1468 27
1168 -139 41
7
888 -556 1
-999 1659 37
-539 -1105 38
-1291 219 48
748 1248 2
663 -1346 25
-1054 1103 30
7
-567 406 34
-1600 -73 28
-1655 -1874 42
-1545 1773 34
63 798 15
-1720 -1309 7
122 -1351 14
7
422 942 8
-1812 -552 10
1135 1212 31
856 -116 43
927 472 8
1918 576 17
262 480 38
7
-1707 1454 35
-369 -1525 27
1914 113 22
-53 -1988 3
-1584 -1976 11
1417 -548 21
-159 81 26
7
-1077 -57 50
1714 -170 38
1291 -582 40
-295 1068 50
-657 -1644 9
-1385 945 28
-971 71 29
7
511 754 27
-371 -771 44
-1890 1323 40
356 -1709 5
84 850 47
-1206 -1272 50
-853 1487 48
7
-575 -1217 36
1094 -1860 3
-1300 -886 8
44 -724 48
1900 1696 14
1460 1266 28
-406 960 9
7
1635 -1357 14
-252 1423 30
-576 1918 24
1545 602 6
-1358 -381 32
-301 -726 24
-684 -1735 14
7
-1251 818 3
-29 -1213 36
-283 -573 30
930 543 3
1326 299 5
507 1499 4
919 -315 33
7
-1493 746 42
1837 23 25
-1067 -732 4
1481 -752 6
-1353 594 34
1595 1074 5
-677 -1132 43
7
-1992 1537 41
461 678 36
983 -1654 22
1486 -195 49
-790 -542 42
-709 1190 34
503 877 31
7
225 1942 41
-1052 -1410 23
-969 -99 13
1376 -1253 45
-1027 925 48
-1383 245 32
-711 -577 26
7
-826 1031 2
-483 1983 43
-1229 287 22
379 1625 10
-1120 -662 8
-311 -1200 15
-1381 -339 35
7
-16 -1058 41
-427 -1727 46
-930 -902 15
-636 1075 28
-13 646 39
-450 1796 9
-1317 593 49
7
601 -15 28
-775 -1369 28
392 -1301 44
1900 0 17
696 -507 5
134 -165 6
14 -1709 22
7
1339 86 42
-1266 -118 29
-94 -877 15
-411 -1179 5
1535 -1362 9
1153 733 41
1844 1167 37
7
-1525 1016 7
408 -1971 32
-311 544 49
676 671 32
-982 624 49
-1166 -1805 25
-344 666 41
7
-1442 570 14
308 -680 24
1261 -1899 33
-1317 -1901 6
-1322 -870 43
1643 -1825 3
1124 472 36
7
-1263 207 12
-1089 716 5
-800 -1673 41
1696 490 37
-325 -1442 31
-1432 -751 27
-942 -1811 26
7
213 1627 40
1343 1901 41
663 180 15
43 296 36
1887 1359 15
-413 -672 15
-1484 1581 40
7
-1174 415 29
-1730 -1885 12
1249 760 33
598 -1886 47
-729 833 4
-1397 -1078 29
639 414 4
7
1414 1363 20
971 157 23
677 15 26
-1494 -1908 47
1551 -1403 30
1961 -1729 38
-936 1595 10
7
-63 150 40
82 887 16
-1036 -1153 32
1202 1253 30
365 -1080 41
-1190 -812 7
1396 -1287 14
7
1219 -865 4
-1108 -1105 35
859 -676 20
83 -696 25
-1232 -1230 43
1728 -1773 23
1219 -1358 17
7
154 1540 19
-466 -618 35
-1075 1640 14
1575 567 19
478 -1572 43
1304 1123 30
-129 -1415 31
7
316 -1121 3
1982 1133 8
-1616 -861 33
1027 -777 26
-1895 1585 1
-571 569 9
-1732 507 20
7
362 602 48
230 -1704 12
-1765 19 48
1609 -453 37
-20 -1474 45
1146 -1711 20
-1461 260 26
7
660 -379 19
1468 28 34
-241 809 47
269 -1710 45
616 574 39
1902 195 42
862 1801 3
7
364 -888 25
335 -1661 47
-1569 852 48
826 -1314 42
457 1891 43
-1839 1908 43
-1757 -1081 14
7
701 -1914 27
-535 -1202 26
-1344 -318 18
1624 -1966 39
1384 552 17
1446 149 21
-347 -773 33
7
-504 -212 35
1479 -645 9
659 -1771 41
-849 -1874 5
-1500 -1191 39
-1810 1383 41
-1144 253 24
7
-1910 -736 14
-232 1397 6
-1216 -1575 5
-1065 1676 34
1834 1942 39
-835 1159 32
-1058 1521 49
7
-327 -1066 48
1605 831 23
1520 -122 50
-1654 -942 10
-8 806 12
1545 1401 32
-256 1073 30
7
-1876 923 10
-490 -491 19
-1649 1238 33
22 350 38
-605 -1440 34
532 1999 13
171 -422 46
7
373 1271 7
1008 1886 5
-584 1847 45
1396 905 25
-1426 -704 7
-1213 311 4
952 746 35
7
-822 142 43
-439 722 48
320 1032 8
-942 -244 6
1180 -215 9
461 -1108 40
1029 527 25
7
-751 931 1
-722 52 46
362 643 20
-1851 -29 46
-1837 -1810 1
-1802 -1502 29
1775 -58 28
7
1868 89 16
-498 1354 37
1593 14 42
1012 -1797 24
1870 1610 8
1999 -540 42
327 -225 32
7
-350 1271 6
1965 1669 3
-1974 1407 20
1169 -213 21
370 -1088 42
-1434 -1415 18
8 -1479 19
7
1721 -237 33
30 638 28
1976 -486 29
-317 -1308 20
-362 -270 23
-1690 995 1
-1643 717 28
7
-1893 -1787 17
660 -1379 1
1742 -1612 20
-1141 -1592 43
942 1100 26
-1365 174 12
-1708 377 9
7
1399 -1019 38
-1535 586 22
-1955 129 29
1485 1718 48
-178 -715 11
724 688 7
1761 842 48
7
260 1560 29
443 85 29
-1302 1525 29
1224 1548 20
529 1099 47
-400 424 40
66 -258 18
7
30 -743 29
1573 60 27
-1662 -180 33
-1613 -409 7
873 -1088 14
870 568 9
-1010 1757 20
7
1132 -1788 15
-621 1055 48
372 1466 9
1124 -190 49
-1257 -896 48
1756 1004 18
689 1562 24
7
1126 -590 49
428 -1087 31
1435 220 8
1810 998 35
1494 1741 5
1751 -631 30
-1695 -269 2
7
-1804 869 12
1893 -1520 42
-1331 581 50
-1483 -61 44
1798 -1218 49
1691 -1306 49
1715 -1556 13
7
258 997 33
-891 1824 17
627 -589 46
-1211 -565 21
727 -850 32
-1460 -112 34
1963 1047 10
7
-208 1514 6
1505 -1733 15
19 -284 5
-1814 -187 37
-1170 1558 32
792 -581 18
-1634 1598 23
7
1525 1176 33
1003 169 13
434 -1073 29
1707 -1013 42
-1367 1486 28
1598 -723 40
-1575 256 39
7
-901 192 13
1649 399 23
1212 -941 42
-637 -739 38
739 -734 37
-1498 1442 50
-449 -259 40
7
-365 -1064 14
1822 150 4
169 -624 6
-187 1750 19
556 -1526 21
-1046 244 38
1995 31 49
7
131 -763 48
1688 434 29
-158 639 4
-1184 -506 2
928 -1589 48
977 -525 36
-1540 1022 47
7
1374 -472 35
177 -932 28
854 -205 43
365 -1420 40
1571 -742 44
-1455 1401 35
1783 62 2
7
45 1297 42
1577 1881 25
-1392 1065 49
-1194 -716 34
658 465 50
-317 176 20
6 1909 17
7
-1014 108 39
-162 -858 37
-736 1760 20
-982 1990 26
450 -41 32
-1490 1441 5
-954 884 13
7
1809 1188 1
-681 1982 26
-93 -951 50
-1857 -1410 38
1304 820 38
1795 -1307 16
1891 1637 35
7
981 1592 14
-1955 -792 35
1377 -119 17
-444 -1323 9
-1732 475 40
1591 1545 12
1036 1785 30
7
-1146 -569 29
-980 1777 15
1760 -1181 26
1515 -1568 23
810 738 43
440 1540 46
668 820 16
7
-1922 -516 23
-1401 1184 40
-1762 1868 38
-16 780 45
-1533 1705 29
-1436 1286 36
-177 -637 17
7
1308 656 33
-354 1184 1
469 -669 16
-203 178 17
-1135 -612 34
-103 -166 39
-1644 -1246 19
7
-1249 1096 29
1644 -802 13
1269 1021 12
-1581 -1611 2
-684 1705 13
-912 39 20
-432 586 46
7
1086 1741 35
1595 -1280 16
-779 -942 16
-1337 -1367 1
570 1833 46
675 1220 25
-822 -460 39
7
-236 1733 4
-999 1947 9
-585 1720 13
-1765 558 33
1438 -636 48
1747 1741 10
501 -1426 18
7
523 -1762 49
-101 649 43
1684 -1337 12
-1734 -1735 41
1485 -1201 24
-259 96 32
1458 1119 50
7
1524 434 1
-631 -1709 6
606 1260 50
-1900 -388 20
1815 1358 15
37 -974 22
-1908 -569 32
7
820 647 26
194 -1607 32
1523 -325 41
-1988 -1299 11
-778 -1674 22
194 283 32
1832 -310 45
7
-886 -1866 37
-1370 121 41
902 573 9
-1548 -699 39
448 -1425 50
-1884 -395 47
-886 816 22
7
603 -1320 29
352 -1290 38
-288 -912 40
-1216 -1781 37
1109 -1506 2
-488 -1646 1
1026 -1725 5
7
-1312 1357 35
-1691 -1197 43
1995 -1072 50
-1498 -848 35
-1525 -1232 43
1145 -992 36
387 975 31
7
858 -1181 36
961 -919 27
1911 1452 3
-1766 780 45
1420 -1331 24
1682 -1995 28
1930 1635 48
7
442 -1219 9
845 -1487 6
-971 900 21
1396 1353 17
-1598 -364 35
-1502 1417 50
-204 -1186 43
7
-271 -942 26
-1487 -704 30
1245 508 21
678 -1550 44
603 1713 37
1457 -24 34
382 457 40
7
-53 317 6
-1645 341 34
-1140 1077 50
643 -1376 21
1493 1725 22
643 -633 13
1122 174 24
7
1876 908 1
-1412 1451 18
1506 1703 29
431 94 6
491 493 42
-1230 -182 32
-1891 -1778 48
7
-674 1266 6
1610 1526 14
463 1637 26
-1735 465 18
-1800 1428 27
-858 -876 34
643 1841 50
7
-844 -18 39
-1554 -408 24
1324 1762 25
-1339 -1193 14
-832 -1714 33
730 1853 12
408 2000 26
7
-1382 1328 7
562 -1990 7
1552 1757 22
-1106 607 46
169 1426 25
-89 -1383 5
-1815 -449 27
7
531 -304 48
-114 -189 10
-109 852 40
1312 1987 34
1673 928 33
-233 -1871 4
1524 -1484 32
7
-1802 1585 29
566 -219 44
-1506 128 17
-516 815 9
1194 1718 14
-249 -469 27
832 -1510 3
7
-507 -693 5
1429 -52 19
1096 972 8
1826 -1720 46
1806 -1637 28
-489 1423 18
161 -1833 30
7
998 1897 50
-759 -1572 6
-742 269 22
-1655 896 49
-1548 542 22
988 -1142 33
-854 540 9
7
1675 1918 41
-1218 1998 31
-293 1136 11
-986 -377 47
-257 13 4
1498 68 9
984 -1403 32
7
1942 1778 13
-1888 1787 23
1598 819 19
-107 305 36
-1646 1094 1
1936 1624 45
-637 -1435 40
7
-1407 -1884 24
-1596 -1722 23
-650 584 20
1897 -1340 33
560 -949 39
1384 -1295 27
584 275 16
7
971 -1973 14
847 1049 36
-1277 874 7
-799 -321 49
-1156 -755 8
543 -1109 15
1634 -58 2
7
320 11 41
-931 -1628 33
-1399 1396 34
59 -237 40
1754 1552 14
794 -1342 11
-489 713 22
7
823 36 25
360 135 50
1658 1901 34
-1917 739 9
726 486 16
-356 489 6
-619 1333 13
7
-1453 -812 29
-540 -1415 4
1158 -19 42
-389 1217 33
-999 517 43
-564 -1256 50
-1734 -1786 32
7
-465 1115 24
691 1953 7
950 -1136 39
-1321 1004 42
-5 -1582 8
-1946 1612 50
177 -891 22
7
-1460 943 9
-1334 1949 40
-1032 1560 5
-1897 -1779 26
-1521 -1193 46
-12 -1156 16
1251 -1871 39
7
-1619 1319 29
1202 -1541 48
1614 604 7
-330 -795 45
-609 15 7
-1698 494 49
1694 -336 12
7
-848 -584 5
-1325 1462 39
-927 -588 14
631 -1458 23
378 377 30
31 1936 26
1947 -339 31
7
1363 -1607 28
-971 1818 30
836 -1288 42
-468 332 39
-554 -322 48
227 1369 34
-1680 1212 15
7
1237 1718 20
-1476 -129 39
-744 1443 44
-1897 -1519 34
1067 1198 26
-132 199 25
1681 -1174 47
7
1496 1709 32
-1490 -325 26
-965 -97 7
1426 -1718 42
-1872 646 35
-97 676 28
-510 -1909 12
7
-700 -959 35
-551 -821 11
-1400 -639 36
1754 -13 9
542 1401 35
594 -516 15
-1852 546 50
7
78 -435 30
-1561 -1848 41
1521 -644 19
-126 1312 38
1227 -1752 29
-1269 -1454 27
-1875 -1397 48
7
-387 1803 10
969 -68 43
1411 1436 12
1125 293 40
-973 -1789 5
1711 -1840 47
1376 -62 32
7
-1351 167 31
-1505 -1206 31
928 -628 39
-875 -1383 11
-685 1799 12
1496 -783 18
247 -643 15
7
1184 -261 6
-1364 788 2
-324 1392 6
852 -1543 33
-1618 -384 1
-588 1451 40
-1295 980 36
7
1541 -324 16
-1539 766 46
-248 -928 34
-1052 -1651 7
-461 -1060 10
-362 479 14
-1218 225 6
7
1007 -1181 1
1630 -1150 31
307 971 6
505 -294 10
1388 801 34
915 -1567 5
-836 732 37
7
-492 1491 14
758 137 50
-167 -1043 34
-1294 1598 29
26 1703 8
-1099 -1279 23
-434 -1378 33
7
-1961 -478 24
-30 -1019 11
307 -937 13
-943 -1548 27
-213 -1989 24
-1270 1067 39
1527 -625 15
7
333 -1348 22
1060 1920 7
948 -1592 26
-170 -159 5
-1933 -1811 1
1645 -1696 5
-1745 -569 36
7
-1301 -95 47
1879 -973 41
-1787 -843 45
1090 78 1
837 -1373 2
1878 -673 11
-1949 -379 36
7
94 882 10
839 -1483 30
1498 -1036 7
1133 598 44
1213 -702 1
452 -245 29
118 335 39
7
929 -475 28
-1500 -1668 46
1760 500 35
1455 1849 4
-1380 1687 7
-1440 -989 18
-826 -695 19
7
-1307 -134 15
1048 -1663 2
-632 1450 30
1084 -581 8
514 -380 47
136 1619 50
316 -608 27
7
-999 -1858 40
953 1213 41
-575 170 6
-1697 -714 24
1884 -1536 36
452 -668 31
-658 -1885 33
7
834 1100 16
-1743 429 42
787 -973 14
-255 -978 21
230 -1548 14
1724 256 10
-175 -1713 36
7
749 995 21
-1518 -932 20
1646 -1098 12
879 -1909 22
-1357 1791 14
-607 -872 38
-339 -382 42
7
547 -913 27
1256 302 7
548 1000 8
1550 250 25
859 -681 5
960 -479 4
557 880 38
7
1148 1395 6
-1480 -1342 26
785 -424 8
1999 -485 2
274 1451 26
1483 -1817 38
-427 1331 16
7
1477 14 35
1681 1267 11
503 668 24
1398 1078 38
655 -1843 39
-1277 190 25
-945 877 40
7
1812 3 18
64 -459 34
-187 1211 23
-436 -1822 50
190 -1818 32
-1512 -692 8
-1176 -1602 45
7
371 802 42
-650 -1390 5
-1853 -787 26
-197 541 43
136 -357 50
-1162 124 6
-1384 -1627 48
7
-1825 1977 20
-1258 101 28
300 691 41
550 1445 8
-652 1338 47
-1335 1989 25
-1191 1442 49
7
-851 1096 11
1467 1384 39
1881 1453 38
1957 -58 45
-1195 -683 36
-315 869 36
921 -1010 44
7
480 -661 11
-1383 -304 45
-6 1664 50
-1333 -647 2
1823 185 12
1803 -215 42
1057 1371 37
7
834 1950 7
-1136 -1676 27
1782 -1614 5
-75 -162 11
-1939 218 9
939 1766 37
-889 1247 37
7
1171 595 46
1394 -1574 39
-665 -1647 29
1244 1804 33
516 1413 28
800 674 18
116 1147 33
7
652 -313 43
1556 189 38
1841 -403 44
-565 -100 27
483 -1068 17
-397 -259 45
-1388 885 21
7
1448 355 9
-444 -573 2
-32 1363 19
-1301 1663 36
1014 1437 26
189 -968 50
1439 1902 5
7
-391 -1210 40
-285 237 39
1533 -988 37
-563 1652 32
-1820 -1876 16
1195 1025 15
1796 -752 36
7
1602 1070 6
-590 -1938 40
-38 351 39
973 794 18
-361 1871 9
965 -700 37
114 -635 26
7
243 -23 20
538 814 33
360 -663 11
186 -1093 41
-1648 725 11
1216 1549 12
-997 -1137 1
7
990 -1270 19
1264 45 42
1096 1569 42
-1167 -1890 32
-1399 -1644 15
-1179 -1604 27
396 -568 18
7
-812 574 25
-610 1162 1
-811 -636 22
233 -1373 31
893 1375 26
-1499 516 6
11 1508 24
7
-668 423 19
1034 -49 40
1084 1338 4
627 202 50
1258 1742 21
-1005 770 7
-618 -1317 36
7
-1575 -50 6
330 1442 41
-1358 -1433 18
-143 -1466 42
-1477 -293 43
1544 433 2
1393 -1188 13
7
-111 -586 16
-1192 -883 10
-445 1604 46
-1595 1137 46
-139 615 24
-533 -1816 6
1517 1969 4
7
-470 584 46
1587 -1141 37
-1491 -1993 14
-1059 977 20
-589 1730 13
-870 -175 17
603 -1425 35
7
129 -103 26
1456 1460 29
-247 -1086 7
-1131 -1132 6
-97 -1611 32
-1859 -376 41
-66 1650 10
7
-511 -432 12
-781 -218 29
1904 957 26
1568 -1887 2
-1978 -679 38
1799 971 31
-1064 1398 9
7
-157 830 9
-1761 1298 42
313 339 29
-627 -950 22
-990 -621 44
1555 -828 25
-1142 -1701 34
7
-211 1056 15
-986 -1327 41
1803 749 6
-777 491 20
1480 -335 38
900 -795 7
-1085 1218 30
7
1766 -1812 50
666 -1995 39
-1401 -115 33
305 -883 14
-1361 106 12
-901 -925 49
508 1368 10
7
699 118 7
-1025 290 3
-1619 -163 42
-1524 -1285 19
-241 -1021 4
1391 -1473 30
-394 1846 8
7
1161 -45 22
999 -679 44
617 816 15
269 1971 46
-225 465 6
865 -250 12
-782 -283 11
7
-330 -1532 41
1379 237 28
-797 -1038 36
428 1572 33
-1260 -563 48
-1472 247 33
-1695 -1918 48
7
1080 -1120 39
-230 -1778 49
-1910 1749 27
-317 -503 38
1538 -1801 15
533 -1373 50
713 1249 24
7
1046 -1583 34
-1880 -366 36
1948 -1611 15
-699 -1612 4
-1334 1365 16
1844 -294 31
-219 -1652 25
7
717 -78 12
1315 -733 15
-1746 326 47
-548 615 26
-1319 202 10
-572 1281 18
-313 -261 37
7
1428 -1668 47
684 -1487 3
1772 107 33
-1906 1339 17
-1640 -1729 2
1366 -1060 36
559 -1223 6
7
-147 -1939 9
-483 1756 44
-940 -1718 11
760 1803 33
296 -1872 37
719 -806 19
575 -1260 31
7
-1245 1729 17
-1167 -205 44
1546 1630 45
-1281 -1399 47
1010 -1778 32
651 -407 30
393 -797 4
7
1461 477 20
-209 -18 16
560 -1781 27
-239 -150 33
-1391 -1610 29
-1091 -608 39
1195 -1200 1
7
849 1454 5
249 -1763 4
308 -1013 27
-686 -230 3
751 -668 29
-1574 729 35
-1064 262 4
7
1410 1583 30
536 -629 43
-1097 623 10
515 -1477 21
1503 -1034 11
1463 -337 35
968 72 43
7
1297 -571 50
-1551 -116 39
379 -1684 37
1839 -140 4
875 1697 43
-1831 -1913 5
-446 -250 33
7
-613 -325 40
-1252 618 1
-616 -458 20
-751 1035 31
-673 764 31
-1173 259 44
-1674 755 10
7
1116 -497 45
205 220 50
1181 -345 22
-1581 -773 27
-1846 1375 49
750 -1307 31
-1398 1564 10
7
-684 702 35
1808 93 3
-889 1284 50
946 -858 11
-1701 -11 31
79 -1163 26
1191 -1323 50
7
501 -1829 40
-1655 -150 46
917 1039 15
1868 -1634 43
1539 -556 24
560 654 38
1802 1042 29
7
-1449 1182 44
1465 822 17
533 516 34
903 92 36
-445 715 47
-1409 -288 27
-345 1646 31
7
1542 1991 28
1525 -1142 12
708 -303 12
934 -1453 41
1514 -1356 37
-924 564 43
-1953 1565 27
7
-825 -1737 34
-265 1150 18
-1592 -1894 23
1970 1264 36
-1211 -1208 38
-978 -483 18
-803 101 14
7
-542 -8 30
-1826 60 6
1912 -1053 25
-227 -1497 17
1474 458 27
-1848 1533 43
-576 -1281 33
7
-1991 -1142 31
-1217 -1433 48
-76 -1977 50
-400 -1132 15
-1906 -999 12
1255 1371 48
-926 367 5
7
1703 1113 43
-1446 423 39
-85 575 40
-1295 1262 9
-1580 -1658 2
-1542 -1774 16
-517 1802 25
7
92 1080 13
-1206 -334 15
-1449 1476 37
-128 1279 14
-1939 -197 40
370 -885 39
-58 1432 10
7
685 1719 3
-1013 1567 48
-198 -1083 49
1922 562 42
-326 1497 10
-92 1537 45
-195 -375 34
7
-1281 -1997 38
1610 -1875 36
-416 -1797 44
-624 517 13
-1325 -748 4
1958 -1597 47
-1515 836 28
7
-1829 1130 33
770 -1824 28
841 -1283 44
-570 1176 6
-313 -1503 39
1031 -156 42
428 299 32
7
309 -1595 37
84 1634 13
-1011 -1626 4
801 -1373 48
-373 -139 32
-716 165 10
702 -1936 6
7
-488 511 21
840 464 6
1345 1619 11
-513 1444 47
-1891 964 9
-993 -437 20
-149 -859 46
7
458 -1197 35
-199 -417 10
859 -816 27
1302 295 26
1128 -693 12
-1956 -1579 36
604 726 8
7
-1810 -1765 10
1206 15 48
-235 1032 25
-663 -1134 33
-1926 -278 19
935 -1554 32
1900 1830 22
7
-1158 -661 26
-710 1157 3
-1757 -46 50
261 -231 9
-386 -293 1
-540 -1866 48
1958 -1516 8
7
-749 73 2
-358 -1687 41
106 -1282 12
-1975 -1066 35
1507 418 27
1970 -370 28
-1093 700 13
7
-1149 -1940 14
-1788 -233 46
1320 1868 50
1139 1806 1
-1528 -988 14
1904 781 45
1367 802 40
7
-1436 -422 41
-1194 -827 23
-151 497 19
32 217 48
-418 1974 44
-449 -443 4
-446 857 47
7
-1030 1950 18
725 -1809 31
1433 -785 38
-1161 -459 9
-883 -1952 22
-1210 -1963 24
-894 -1057 18
7
-246 816 30
447 -1784 26
266 1991 47
-1894 1398 17
1613 511 18
1058 122 18
-297 -1411 22
7
-135 1762 19
-771 -537 24
-792 628 25
-849 -699 10
-1440 855 9
412 1926 29
-1708 43 40
7
-1588 -1759 36
1034 1416 33
913 -275 49
992 390 9
-616 -654 5
1839 1020 28
-919 238 1
7
-1241 49 46
1246 487 38
941 1923 28
1020 -391 22
-1711 906 26
989 -1441 6
647 -557 20
7
1881 1510 8
-178 33 42
-1418 -116 31
-1960 -9 44
388 -1800 46
-386 -1208 47
-1034 1342 20
7
-1227 1387 14
1154 1602 2
-640 -335 23
-904 1531 2
-491 -682 30
22 -432 3
-1177 -752 20
7
-1715 -833 15
-1131 -1183 13
-892 977 35
1792 1133 32
730 420 13
-54 -1243 20
-1051 -1236 10
7
-125 1124 35
-988 189 40
-482 -1114 22
1781 1690 29
-802 249 25
521 -1995 12
245 750 30
7
-881 -1916 32
-947 -520 7
530 -464 28
1086 -1898 19
-622 -1351 36
-534 1576 4
-659 104 25
7
201 -965 45
1969 -1754 34
995 1240 32
1279 775 26
-1665 -961 22
-74 690 31
730 1933 17
7
-1483 1445 34
-608 -954 20
-783 939 32
866 959 32
-431 817 33
1889 -1441 15
11 1258 38
7
580 -236 29
958 -68 8
-849 -1772 43
1980 -1914 43
-670 1189 21
486 -1554 6
-763 379 38
7
1490 -1338 27
-1367 1759 27
-464 141 18
235 -1399 28
-1655 1664 4
-1728 1720 22
-1739 999 23
7
-466 -1471 31
1207 -1477 2
1967 -1788 32
425 -1197 2
508 1315 43
-1804 -885 45
-1593 -244 38
7
1182 1376 9
-1148 310 18
1253 -78 5
1016 -934 11
163 1476 17
1868 351 46
-1038 432 8
7
1881 -1361 33
250 1997 36
-125 188 23
-1273 -1477 50
192 -523 31
-463 -1194 28
-231 589 42
7
441 -661 12
-1521 -652 25
-1479 1895 39
-1384 -596 29
-1831 -1830 6
-1576 238 22
-825 -640 40
7
451 372 10
-961 -296 43
1915 -905 5
-114 -1805 8
-1899 -1139 12
-828 1872 14
-888 -830 23
7
-47 1485 24
-1723 -1595 19
1080 692 12
-1717 -527 35
-1153 -1721 2
138 865 36
-573 -1566 3
7
384 311 27
-876 1590 19
-885 95 11
5 752 48
-355 -913 49
-196 1928 32
-1590 1902 47
7
-1376 -1769 3
-1136 -116 44
-1068 1784 29
-568 -194 46
64 1447 16
597 -1930 46
-1391 859 16
7
-137 71 12
1091 -1266 13
451 623 37
1405 -1528 37
1556 -268 28
-1891 542 9
-302 353 46
7
-84 996 34
-1271 -1156 50
957 -1147 32
-165 -1979 25
617 436 35
-573 -1977 25
-337 211 7
7
-1742 177 46
-713 -492 11
-1507 1078 35
1630 1870 24
-389 -869 33
734 54 8
1203 901 37
7
-809 1769 14
-1447 -1374 3
789 1557 15
-672 -456 9
43 -918 8
1862 1749 9
1661 -1105 8
7
981 252 36
-1786 -722 7
802 1123 23
-478 56 40
1239 -1629 3
-667 -1327 19
-1158 -1815 16
7
1000 1076 33
-1118 -655 39
-524 473 14
1835 662 41
1036 1267 29
242 -1451 47
-1182 592 49
7
-1408 -1206 10
-1867 -915 41
1828 522 8
1574 -1921 33
-616 1153 2
-563 916 22
1975 -1555 48
7
737 -954 46
404 -1582 14
-683 -230 39
-212 579 50
1745 -1180 3
-1748 1285 33
1129 179 27
7
-535 -1534 44
1945 1992 47
250 -1829 5
-1454 1310 12
1101 -158 14
680 -1307 24
-1164 690 30
7
-1931 -1758 23
172 -1731 20
-1664 179 42
-558 -28 19
152 773 23
-1634 1398 11
1592 1662 16
7
-1412 -1237 49
1193 -1667 30
-877 1853 10
-1100 -88 21
-1251 1373 2
-76 321 36
1888 254 11
7
650 -242 2
-1958 -854 15
-1244 1838 7
-1077 -717 35
-1385 -520 3
-1919 1886 26
1585 -1360 48
7
489 496 24
-1212 -514 12
-1686 -27 47
710 180 32
1936 -1697 42
475 -999 8
1484 -713 5
7
-607 1376 43
997 135 36
-894 -1496 21
-313 -392 18
1107 676 11
76 -230 24
873 1544 9
7
1571 -1916 39
-1578 -1901 37
613 1598 29
-441 -1970 1
653 -230 49
-1708 804 28
683 -780 36
7
407 1042 29
306 -1814 41
-1109 1462 4
1358 434 10
1436 -72 38
410 1948 31
1399 -483 13
7
-1400 -1749 18
1550 562 42
891 -211 23
-1945 -759 47
-865 1394 26
-1299 1544 2
-361 -434 41
7
519 652 7
-621 -1617 20
1988 -344 44
1336 -643 38
1351 272 2
880 -1424 46
1869 1706 27
7
355 1353 21
1009 1994 23
-1278 279 46
-1782 1092 46
-1883 -1469 1
-524 -1564 38
285 -1292 29
7
634 1768 15
-1614 121 20
-360 1092 50
1691 -601 26
-1650 -1249 28
-6 1020 12
-1177 1430 4
7
1538 603 26
287 -476 36
425 -1588 45
-865 -45 49
592 -921 41
707 1253 46
-4 -131 42
7
1122 1293 2
-1110 1865 18
-478 814 30
1985 1126 32
-1473 1744 23
-1374 -1792 19
1594 254 44
7
822 -1442 44
-10 1094 32
826 1377 24
-1971 -612 25
1581 1159 26
226 997 20
-788 -633 50
7
-1114 399 43
-1826 315 19
-355 444 3
-524 -292 49
-1639 1797 43
1100 1994 36
-1561 1327 13
7
-1660 1628 47
1944 -1442 50
-1200 -1371 44
-454 924 41
340 1080 13
-1422 738 32
-582 -903 21
7
-1135 1590 29
1508 1465 50
1367 1395 31
-824 -1757 29
1823 -1798 23
118 265 10
-1188 -218 39
7
1463 -807 47
546 -1480 9
121 -355 11
142 1161 7
-1619 -71 31
1904 -1454 26
1938 1921 11
7
-879 -427 9
189 396 7
1112 1529 38
-1821 221 38
735 -1520 8
1298 -25 6
1654 252 20
7
1100 952 8
906 1842 45
1673 -1645 46
1729 -257 21
614 1730 6
-1277 -581 1
-1919 244 31
7
-1114 1978 9
712 -73 45
-45 1725 44
1351 -622 37
-1409 -503 29
222 1447 20
-1184 -47 15
7
292 -514 24
594 289 46
-728 -1890 8
-1519 503 9
1798 130 38
1913 -593 38
-48 1525 15
7
910 -665 29
-1473 -207 34
1934 1724 9
-759 -585 23
-1459 -970 49
1439 1485 32
-1419 1096 32
7
-1688 -1316 23
-1066 -1607 35
-1441 -1766 9
-1559 352 41
770 -100 37
-1820 1294 17
615 661 34
7
113 -1230 7
-158 615 6
575 1066 48
-1061 1261 47
569 -171 47
1940 -1279 22
-891 1330 30
7
1719 -1979 14
-1639 1737 50
1293 1862 16
-546 -1868 13
1845 1999 35
165 1207 32
-1750 1502 40
7
476 -1356 47
-1180 -1509 48
-1049 18 16
1303 325 5
-1759 718 10
-180 246 12
-845 -62 39
7
1710 1299 33
-1933 -331 33
19 1764 30
1081 -1069 16
-368 -1664 28
-1836 1461 13
-172 707 40
7
-1537 63 27
1489 331 37
-449 964 27
-1764 -1376 21
103 -847 20
812 -324 6
-277 -1417 26
7
-1645 763 30
-1838 -1773 6
-602 469 12
784 810 46
-1190 -473 29
-1814 -603 42
353 1030 26
7
-1846 -299 24
-1182 -1321 8
938 -714 45
1505 -1187 18
1490 -1050 7
1184 -1401 6
1084 1556 1
7
1195 544 23
-639 1805 21
752 -689 35
122 -6 33
28 345 35
-154 1845 16
-1246 -1650 30
7
987 -15 44
1022 1589 12
-1916 -876 29
1209 -1904 40
337 1548 41
1522 635 32
-1626 -1673 45
7
299 -1605 49
-182 544 19
-1829 -56 44
-858 -1445 33
654 -980 10
678 1158 17
836 -460 15
7
-985 1840 24
-1624 -1501 3
-179 574 14
264 -1858 5
-951 -1218 28
798 -229 33
-1725 -1406 29
7
-1261 -742 30
210 313 14
1191 -1097 31
802 -1464 14
-1497 734 40
-1661 1897 30
-412 -1867 41
7
-1820 -179 23
-269 -1250 16
1625 -946 36
-370 -751 15
-1368 -461 8
776 438 15
1805 -1860 3
7
-1234 -1162 28
-210 1624 14
738 -964 45
-1649 -414 46
1960 -305 22
565 487 11
1680 900 39
7
835 -911 50
-1055 -1829 33
-1657 121 30
-554 -1854 24
1051 1781 28
444 -1179 20
-1171 887 46
7
-249 -369 41
-552 73 2
-523 -14 3
-1053 -26 8
1955 13 1
759 73 8
-1283 417 30
7
-1764 738 2
1847 511 31
1741 -546 34
-908 -1894 37
-1634 -1749 26
686 -1526 1
1227 -285 3
7
173 1432 35
-1999 1660 14
-1861 20 26
554 1223 19
1969 976 7
626 -1936 23
-674 79 50
7
-361 -1148 19
-558 -106 26
1980 807 48
-1801 356 19
996 -1782 7
-597 1650 17
237 1030 24
7
131 1244 45
1952 -415 44
-1006 1008 9
-1782 998 18
-1219 -140 2
-1490 195 35
451 -896 7
7
-1975 1722 48
69 168 25
-1780 -687 35
141 -1424 8
-323 692 50
-69 -147 26
-1882 -85 8
7
-299 1768 6
-734 -1598 26
-763 220 5
1014 -133 12
1397 571 5
-1271 1602 41
-958 932 35
7
1393 178 13
179 -1727 2
1668 865 45
-211 495 3
1651 -370 5
-1099 1788 9
1717 -1831 28
7
1370 139 5
1139 1774 37
1945 -1644 3
824 -492 44
-1311 1817 37
565 1740 11
-641 -1332 2
7
1354 791 24
-1186 866 5
1229 -1770 39
-518 -661 16
583 -565 8
-1933 -441 39
1579 -568 37
7
1468 490 2
-1753 -1263 19
-1017 -1577 4
504 1645 42
-1147 -196 7
1950 65 36
172 -1002 35
7
455 -1427 1
-1082 -366 28
-397 -263 37
-1614 1719 5
-746 1368 8
-1624 -777 15
-1089 -1657 48
7
-1285 141 41
837 704 11
-1568 -1966 18
1699 -710 12
429 261 4
-829 1418 17
566 1112 25
7
829 915 21
542 484 41
-117 -1501 50
-652 -1719 5
1933 1948 48
-537 1893 32
-96 927 14
7
735 1223 4
1731 1306 3
-1020 -1659 48
1051 21 13
-1726 -937 18
-753 -664 49
-749 -1262 11
7
1270 -1534 19
-707 613 19
-1574 1041 44
-898 -1309 7
-1749 325 15
-906 1029 1
1585 -1685 17
7
-1914 1116 39
931 1641 20
405 -903 44
-155 1377 48
960 210 6
-278 -727 23
1340 -1616 6
7
108 1969 11
497 85 38
-1526 1779 45
1962 1367 45
1937 924 14
-1741 1214 6
1390 763 21
7
326 868 45
728 -606 45
-196 807 24
749 -1230 25
675 513 50
1118 -1508 41
1896 1155 27
7
1632 1305 29
-1693 375 37
1621 -1270 27
513 1459 13
-1310 196 29
1812 -924 30
950 -1673 18
7
-1373 1116 12
-962 610 5
-424 1464 23
1782 793 41
-21 -1919 10
1061 1050 27
1645 1086 46
7
-1565 -1210 1
1444 -970 21
-493 436 7
-1238 1482 5
200 -1612 5
1883 -999 5
-1343 1652 12
7
-804 1945 42
1188 1885 35
608 -270 32
-221 -226 12
-1203 1096 41
-1806 -94 8
1938 -11 2
7
-1996 -1515 10
73 -1985 41
-1562 -1038 27
-800 -1170 2
-446 -324 34
-1504 1650 4
1397 206 31
7
1282 482 43
123 925 20
1991 -1754 44
580 1316 40
-715 -164 49
-1462 1061 19
1455 467 26
7
-657 1233 40
567 -60 42
1865 1397 19
-1240 308 46
1665 185 18
-1557 -1073 6
-1122 -425 14
7
540 914 47
-122 -965 30
-853 -1995 9
935 -444 22
144 -1078 32
-231 912 41
1470 1249 38
7
974 -630 22
1342 374 37
1119 1277 26
154 1207 41
1087 792 6
-846 674 27
-1464 -786 33
7
-769 1589 50
679 1342 11
1847 -162 17
-147 -977 45
1435 178 20
848 -796 19
-15 591 8
7
1230 -1579 43
268 -77 16
993 -1218 10
-1306 -17 5
-76 -965 27
1863 -208 45
-520 1827 40
7
-133 818 35
-1824 -1310 9
33 -584 39
-626 -742 43
-1859 936 38
1083 -1462 34
19 -1766 20
7
-1902 1281 23
155 -1942 49
1606 1156 48
1919 630 33
-1162 -715 34
-1014 1224 48
1114 1433 34
7
-412 1568 7
-1073 -1785 41
-1240 -882 7
990 -1122 29
-1821 1651 14
213 1265 42
-307 612 6
7
518 -1342 17
-565 -60 25
213 118 47
1971 479 24
367 1814 35
-409 980 2
1983 -60 19
7
1946 -1364 18
-298 1700 30
-1310 -910 5
-321 1618 2
-1980 -1868 19
-339 1373 46
-744 1430 38
7
450 -1887 33
-1552 1085 46
1809 902 26
-180 378 26
-1828 1849 46
72 -411 30
-240 -1328 14
7
908 -1401 15
-513 1222 3
1832 1078 35
1572 -1010 24
1217 -918 5
1776 1956 15
-1702 890 32
7
-1379 1604 49
373 1673 19
-256 606 10
1440 391 6
-935 -760 4
54 -754 24
-1715 866 39
7
-1960 1424 34
-1556 322 29
-1674 1951 13
-988 1805 11
-1356 1090 16
-715 -116 44
-1460 -1679 43
7
214 1455 40
210 1283 34
-345 1543 45
-1858 -1460 49
-810 -263 29
-1287 -1813 2
-1482 -614 48
7
1419 1752 44
-1296 -763 37
-509 -870 34
514 279 5
1573 -1436 21
-628 -1064 47
-1606 18 29
7
-1713 434 36
-176 654 27
1775 149 34
532 -980 33
1345 537 27
1571 -501 5
127 1511 24
7
1225 916 40
603 -357 28
-1946 -1872 8
1693 -316 40
-964 -1608 17
-1178 -1930 35
1776 238 31
7
6 -1117 43
-529 -1624 11
1203 -1247 38
433 1587 41
-1188 449 36
1030 -1054 17
182 1168 49
7
-299 -607 38
272 -1276 22
-1470 -1462 25
-1193 208 30
-1721 -1793 47
-1754 -815 15
-1512 67 7
7
-771 -1686 1
-1705 746 3
-1939 -1820 46
815 1100 37
91 -693 46
-348 -60 46
-1544 -535 11
7
-994 -1876 44
1576 1849 46
1376 363 46
381 -1767 15
-1406 127 24
1701 -794 14
-252 1106 17
7
485 1693 1
-819 421 36
1633 474 36
-634 -12 33
1100 390 16
-1967 516 7
-1839 253 22
7
-662 464 40
-1042 -1619 37
-339 1318 31
-1269 776 3
871 454 40
1439 -799 18
-132 1824 23
7
283 -1472 27
1516 1136 23
-737 -1361 41
1644 262 12
1313 757 48
-646 777 4
-714 840 44
7
1883 978 38
208 -227 27
-1634 -265 49
-683 -661 42
-473 -1835 38
-350 -788 25
-1586 -124 29
7
-1169 -1274 40
-1469 -815 48
1881 -1253 2
1787 -1645 8
-1706 -1786 50
-387 438 33
-1432 1921 41
7
-215 615 7
1659 -1531 29
811 1084 7
528 221 40
1874 77 36
-637 1803 45
-1920 -858 41
7
397 1196 46
-1185 223 14
1064 92 42
-1450 1195 1
659 -1983 49
-974 -134 3
-1848 1650 6
7
-752 582 19
1486 448 47
1400 -554 16
1089 -771 29
-1997 1566 4
-1162 -604 2
1833 -1560 39
7
884 779 48
-734 -573 32
-1171 -1526 4
1537 1516 45
263 229 18
-24 216 8
-1361 1797 48
7
-349 1940 25
351 1349 14
-527 -1454 27
-1151 -542 33
-645 1468 50
-971 -218 4
1158 -883 15
7
1227 22 22
-1133 -1554 40
1891 -1175 40
-716 -27 36
301 -1975 23
-823 1114 19
-1437 640 7
7
1674 -879 28
-20 -153 16
-110 1553 37
-1466 -1157 2
441 1917 41
176 -394 27
1068 -1395 41
7
-554 527 14
-1713 -1907 41
-705 -84 17
-456 -1113 50
1515 1790 45
-1552 -1858 42
50 237 20
7
906 -1447 43
-155 -236 23
1489 -1878 37
-1520 -1173 2
1659 252 7
-1240 -343 42
-319 1930 22
7
1579 -1537 9
-1011 488 25
175 -1061 34
-1521 -215 29
510 833 29
679 1118 23
1716 1735 40
7
-410 1141 32
-202 1616 36
1231 -1184 16
30 1357 34
-1130 -1697 5
1750 1204 43
-3 -1255 21
7
649 -749 50
-1858 -1096 21
-1961 -264 49
-745 791 38
186 -1483 45
-3 681 1
-184 976 15
7
29 -1880 46
-1272 277 3
-1577 -96 40
-1012 -1220 24
922 -976 13
-1082 -1418 40
-597 -1567 36
7
534 1138 44
-1739 297 26
1769 -1206 26
-405 -622 21
-1380 -601 9
-1715 1020 47
831 -579 27
7
995 -1621 4
697 1080 24
-586 -1189 26
-1076 97 43
-455 1645 49
-85 -1741 20
508 -563 15
7
957 -1805 47
1525 -782 27
1586 92 39
1437 138 18
-1206 1556 28
-105 195 12
-919 719 46
7
1234 -107 43
-455 331 47
-1688 -90 33
-1991 702 27
-133 179 10
-673 1106 22
1243 494 38
7
526 -246 30
0 138 15
902 -1002 21
791 -361 40
1148 207 25
436 -1215 43
-653 1226 1
7
724 1122 47
1922 619 33
83 49 26
-963 998 3
743 1937 8
1977 -244 11
93 -280 14
7
136 -1266 43
-1092 -1853 50
1332 1808 3
-58 -795 5
40 196 1
-734 1909 30
619 467 38
7
275 929 38
-1924 638 44
-500 -581 13
352 1147 6
-1222 -336 10
-572 214 43
-4 -39 19
7
-1089 407 45
739 1957 11
55 1732 5
-1685 -233 6
191 -221 35
831 -1167 40
1515 -895 11
7
-235 -1978 35
908 -1601 9
1755 -1418 33
193 973 28
1039 648 26
-1734 168 24
-605 -1000 12
7
1902 -387 32
-177 1009 27
1744 1988 13
1111 -603 42
-478 401 3
1063 1617 49
1827 1347 30
7
1596 1011 6
-1553 -1789 2
462 1134 17
1908 -134 47
-740 -1784 37
-139 233 9
50 647 32
7
-1462 412 36
-397 970 39
-1076 1028 46
-60 -133 3
-1130 -910 20
-1830 1314 45
-154 -357 14
7
-249 -1923 14
-1901 -1387 32
-56 -1640 38
-182 -1564 41
1271 963 17
-995 -1708 40
471 -634 49
7
-1118 1750 16
1080 -1468 23
-1869 -839 14
-1640 1993 48
16 228 18
202 -365 22
1058 1191 20
7
-443 1049 36
646 -1343 20
-1735 371 37
1150 1852 40
21 -1992 42
1402 -937 39
-418 173 36
7
-238 -1414 50
1084 145 9
629 -1512 42
1442 1532 13
1894 467 16
344 -77 28
290 90 49
7
1818 -1062 16
-1703 148 32
1518 -969 42
1872 -785 19
-982 891 18
-530 1099 8
-1116 -1386 43
7
1552 1713 29
-1085 -801 29
1193 206 12
1597 -1916 36
1876 988 35
-1318 -877 37
1129 -281 44
7
-1566 -100 20
-855 -1041 28
-1635 -338 48
1594 1872 22
381 325 3
369 46 19
-809 -132 43
7
157 -1606 26
1251 -956 41
943 1368 4
-133 -1547 18
-119 1906 43
-1498 -1005 25
857 1678 44
7
953 -517 47
581 -1666 37
-1041 1352 30
1710 -329 17
1869 1201 36
1704 -1447 47
-77 706 6
7
-1417 -1968 37
1755 -148 41
-439 765 39
839 -813 29
-947 -1014 17
1928 -1643 2
1636 -279 15
7
-1321 -390 19
160 1319 47
-417 -59 29
945 1551 30
898 -630 34
-1154 -300 46
237 929 44
7
159 -38 49
453 -1574 32
-748 -1843 28
-631 932 29
-131 349 39
-1590 -609 43
1031 2 44
7
498 -130 6
569 -457 45
229 -283 42
-993 -1849 29
20 -596 45
783 -480 22
1562 110 43
7
-1371 -1880 27
-396 -1783 7
403 820 17
-1459 1753 4
445 -738 33
1060 -404 50
-571 -734 9
7
-85 1023 48
1024 -1979 18
1995 1951 20
-1176 -1643 3
807 456 2
-1679 406 28
-1285 55 41
7
1171 936 35
-861 1115 25
942 125 14
-347 -549 39
1960 -1109 6
-1352 -1811 20
-1132 1826 2
7
-1670 39 47
246 1057 38
1206 -119 3
-321 -338 1
1864 -203 12
967 -1291 16
-822 -891 38
7
-1420 -1838 17
957 -1457 46
-1376 935 27
-263 1093 16
45 376 16
1723 1464 24
1587 -1408 10
7
-1192 1327 5
286 1987 4
-1126 1628 46
28 -1250 41
311 -715 19
671 -697 7
936 226 8
7
-1573 -68 23
460 922 4
1949 -233 39
264 1825 42
-1795 -1792 33
1766 -5 47
1207 1926 40
7
-704 -633 26
272 -84 27
-1493 -1258 13
-722 1970 43
-216 1772 32
553 -1414 30
-1414 -1552 1
7
-1935 702 11
832 1087 27
-987 340 24
535 624 48
-1892 1259 29
-24 -1164 14
-1940 -387 28
7
1760 381 36
322 1627 41
-1843 1768 43
152 -1218 46
-87 -718 1
1463 -1965 15
-410 -1584 28
7
1445 -420 28
-969 -1008 7
792 -809 27
145 412 2
-1477 -468 26
1013 395 37
-1554 -1701 3
7
-283 359 6
1680 -1470 47
-485 1555 48
-1365 -211 12
-1624 -1891 15
-971 -570 15
-985 176 4
7
-885 -748 36
1645 -34 16
626 -101 25
-774 1417 13
197 -897 15
-584 953 41
1143 718 14
7
-846 556 39
645 412 48
-446 170 7
-1291 -475 29
1852 -224 9
-1321 -1267 20
1366 1413 23
7
22 -1764 49
-1934 -188 39
859 -1927 20
-1113 271 15
-1862 -713 33
1659 -1504 1
1264 1488 36
7
-1193 655 37
-17 -978 6
97 -1999 30
1786 587 45
308 -971 26
-1104 1987 36
-1551 591 24
7
632 997 48
1913 1300 7
788 488 43
690 598 4
-1916 -409 48
1608 1464 14
887 -1865 10
7
-1957 -1366 46
-464 1298 3
-281 1482 6
780 -731 5
494 756 35
-222 -1593 22
-1740 1952 31
7
1839 1689 31
-1967 1485 41
-1470 84 6
-1324 1183 31
-1556 637 40
1680 1731 14
-775 -364 33
7
-1534 1367 7
-840 352 40
535 -1392 7
-624 -1923 42
1491 938 32
-1773 612 16
-243 1160 13
7
741 -860 21
-529 1508 18
829 -1449 8
-1323 1529 5
609 1743 32
1281 -1289 32
1034 -793 22
7
-811 -1965 21
128 484 17
-866 -283 6
-771 -341 8
-1837 -555 45
1084 -57 10
1390 343 42
7
-1965 -361 16
-1323 625 21
1753 1100 30
-793 1497 48
1709 -1632 19
1263 1465 7
-20 -690 31
7
1950 1609 2
533 610 27
948 586 8
645 665 18
-1108 -378 31
-966 1100 24
455 -1483 38
7
468 -38 15
-834 1245 10
892 1186 23
825 1006 27
756 1708 14
-1783 -290 7
982 413 22
7
1526 -1520 22
1035 -727 16
1568 101 44
869 -39 35
714 1242 5
1551 1260 14
-649 774 28
7
1914 1186 24
-808 774 2
1071 1442 14
1878 -482 37
329 -323 2
-1257 164 45
579 -1914 34
7
-956 223 37
-1157 311 29
675 -603 33
-1636 -1778 49
1710 1404 22
-1642 1875 26
-584 1992 6
7
1277 290 6
622 -1483 9
1159 -222 30
-232 -1430 24
-1756 1860 35
-1372 1634 23
1083 -763 22
7
-947 -1314 11
1715 1677 44
224 -625 12
-1280 -1346 15
1460 1242 31
-1056 1649 22
-1220 -908 21
7
-909 -393 46
-1423 -1338 14
218 -1708 42
1720 -405 10
-1230 -566 28
-1339 -966 40
-1687 -127 13
7
-930 971 50
-103 1800 30
-485 -1024 33
742 -1492 35
739 283 19
-1237 427 39
-917 1672 14
7
556 -1566 9
1767 -592 32
-1514 -613 23
305 -849 37
-1153 -1934 39
1173 1846 10
424 -1852 49
7
-1958 -916 26
-1603 39 3
126 -569 47
-373 -1882 4
790 1260 42
1473 93 20
-1184 -1699 32
7
1235 -1601 22
254 1163 21
1504 782 17
1746 476 4
-1990 520 37
1657 1269 5
2000 127 45
7
-1476 -532 35
-514 -1581 50
-759 -818 5
1033 351 16
-1824 -1163 3
1182 -378 34
1234 -1738 37
7
1336 46 9
1952 1900 47
691 -1286 21
338 -966 25
-463 -1837 5
449 -199 37
-726 71 21
7
244 885 14
1468 330 32
791 1874 1
1576 -950 14
1443 73 10
232 311 36
-1241 313 32
7
1913 715 49
-384 -1560 13
-310 957 7
1330 1024 25
248 513 46
528 764 43
111 628 38
7
190 -921 39
-712 1508 39
-1544 525 7
1778 1714 3
-1210 -104 36
-312 -1019 13
1608 1590 5
7
-1535 757 21
1474 -971 6
-1700 -733 47
794 -971 2
695 211 16
1258 -495 6
481 -1654 35
7
1610 -449 33
-21 1526 30
283 1574 5
525 -820 3
-255 -1113 16
1386 1603 9
49 -576 19
7
-1872 205 30
-393 921 30
456 1886 21
1752 -282 29
1279 -959 10
659 -1526 24
-437 1205 36
7
-296 670 35
1228 1440 4
587 508 14
965 77 32
-349 -1273 22
970 -1165 25
-1365 -1417 8
7
-436 716 36
400 -1504 43
-295 1276 25
334 1891 40
1977 1672 39
-903 322 45
-1063 1199 11
7
-159 1541 23
-1791 820 41
163 -956 4
-1379 -473 13
-684 983 48
-512 158 13
1746 1697 2
7
645 395 44
1512 -1468 28
-42 -595 35
-955 -176 4
861 -1934 48
937 807 5
-914 -1665 18
7
-951 -128 40
-1618 -2000 37
-1034 1663 5
1876 -191 35
-1086 -1511 35
-1733 -1374 13
1258 -1050 6
7
255 986 31
-1940 -1430 46
-719 1022 16
-1024 -1114 7
523 1681 4
-1063 -71 35
1687 529 18
7
317 -75 3
-1847 -188 23
1218 -322 21
-346 674 44
43 -413 39
-480 1839 1
282 -648 39
7
538 126 9
1048 999 25
-985 -765 23
-1213 -1912 10
221 1331 26
1065 1097 45
1880 -917 1
7
973 1211 36
177 1989 21
-1992 195 48
-278 829 11
1015 -108 11
690 1056 46
-581 317 19
7
372 -678 35
-1461 1062 6
-1841 678 22
-1063 277 48
-1002 300 11
289 -32 10
402 -1855 47
7
-1115 607 46
1316 -753 27
-1248 1035 50
576 -500 21
-789 196 25
-1205 1929 14
-370 1400 40
7
-1354 319 30
839 1509 31
-786 -175 31
508 -380 15
-50 -229 33
-1977 -1852 41
-917 337 2
7
-1823 -115 44
1236 -960 29
-1271 1120 18
-182 626 46
-1995 1990 9
652 -21 23
1182 200 41
7
1059 1895 49
-1461 -1047 33
-187 1908 29
1885 -426 8
-233 -545 9
1580 1609 48
-158 -1393 4
7
1026 -1398 19
-722 -550 45
1206 -606 22
1830 188 37
50 1004 32
730 -462 10
-1489 1928 36
7
-1536 -1255 10
1897 -1821 3
504 75 22
-989 658 44
-1378 -1958 14
14 1227 28
-710 1598 31
7
-1935 136 30
1150 -1429 2
-466 -671 44
-748 314 49
90 1722 46
142 -273 41
-560 -1462 25
7
-104 -1511 46
1401 872 32
-42 915 1
-388 1128 43
144 -1400 26
-1993 -1820 37
1617 511 27
7
300 1727 26
1026 762 49
-1957 681 35
-1929 -310 42
1081 -449 42
-1733 1128 22
-324 -84 31
7
-1095 43 13
-754 541 33
322 80 14
-1966 -1552 22
-1625 652 17
-1359 -1019 13
-1194 1095 35
7
-1946 -1621 2
-1619 -1271 30
-1382 1469 45
-1479 1960 40
1198 1466 5
927 -623 9
-1626 111 7
7
-30 -102 26
852 -1334 43
-349 601 31
1742 1733 48
545 1489 10
-931 -1212 11
-869 -1889 4
7
-321 412 10
355 -1585 6
1198 -1751 3
1506 -1775 18
1716 -414 38
701 -1997 10
-203 1213 33
7
1111 636 39
-369 161 38
-1603 1528 11
-1540 -1084 27
-1906 1535 17
57 -949 46
1373 -1325 29
7
-975 -1670 34
-484 762 48
1061 1238 8
1460 -1705 26
-91 -1819 9
-1559 -101 46
-513 -247 47
7
105 -626 43
1161 -1872 42
212 236 39
757 1514 26
1106 -1021 4
1997 -948 12
315 -1770 47
7
1575 -239 44
-1822 -1828 46
-1522 1772 10
-1258 228 17
1842 1749 8
-251 371 24
-1664 78 32
7
286 -665 10
1111 -244 18
-1769 -1255 41
-321 482 7
-1241 122 13
-182 -837 28
-1142 -1223 25
7
-1467 -1610 14
-1943 -984 10
-1749 -1424 47
838 1952 17
-1803 -1284 4
918 -724 11
1729 -930 7
7
-503 -787 48
478 1366 50
-1532 -1564 10
-1951 -1621 24
377 324 36
260 1153 16
-1699 827 13
7
-1940 -484 13
-466 -1343 50
1253 -1832 45
-1137 1127 5
-748 1787 14
-1945 -1026 19
-1024 1319 43
7
-1817 -1983 44
1014 92 16
-834 1541 40
1561 513 21
-1841 1869 23
667 -169 45
762 1081 29
7
-1264 1431 29
-752 94 2
-1011 1400 29
952 -1745 38
1141 -1059 3
1729 -1484 17
1866 1165 15
7
-1616 1317 21
571 -1066 47
-810 1412 49
-140 121 47
762 591 48
816 -1850 38
-1036 -334 10
7
814 802 44
-312 -1369 21
1850 922 22
-1368 464 20
982 856 40
-528 824 27
1327 -742 1
7
917 -540 38
1809 -1753 44
1823 -182 9
-1142 -1879 3
-1323 -1686 45
-994 108 34
1020 -664 32
7
-1376 1279 49
-86 607 1
280 -271 3
-79 -1262 7
-465 -572 45
884 -1373 3
1783 102 6
7
1309 279 16
1588 1780 49
279 -458 7
-1752 -553 24
1250 -1861 39
1923 -1266 15
378 1152 14
7
998 -1214 25
-498 -596 25
-809 -1167 49
1495 594 9
-1531 -1166 30
-637 1698 21
1760 1911 25
7
235 352 18
254 -1484 1
837 -132 20
580 -934 17
-782 -1052 2
-780 787 24
-1878 545 26
7
-1955 -517 4
269 288 14
-240 1332 43
-871 1087 50
-1248 1749 27
-747 684 34
-19 -378 5
7
-1557 -1414 5
1019 -472 41
160 -779 14
-406 -971 21
565 1201 23
-1685 -1032 29
181 1206 46
7
679 -1780 41
1087 -1550 50
-256 -1158 9
-747 73 4
1011 -1979 43
1396 -909 24
1097 -475 50
7
-1981 344 34
-777 -799 49
-1737 -870 41
-274 -970 36
1869 -619 41
99 -1219 47
-877 274 8
7
-472 259 4
-997 1255 39
-560 -229 46
249 1456 48
-1956 -1738 16
103 -188 25
-1802 196 24
7
-1233 -370 38
-1554 -543 42
-1913 -1955 38
807 64 7
-1441 237 22
-1273 -1128 50
951 -617 32
7
998 -1044 11
1537 -288 31
1876 1798 50
-962 828 34
-1266 -904 15
911 -484 32
1443 207 44
7
-545 -1494 46
1987 -1179 9
-379 -120 8
-430 965 49
896 1876 11
-1181 63 24
1293 -470 34
7
1806 514 39
904 1329 24
215 1015 33
-1187 1193 33
-1900 -660 36
145 -613 10
1789 -1440 48
7
-1168 1150 46
1877 -1839 13
897 -252 30
-112 149 38
-1690 1324 43
1692 -1742 20
-1127 -1339 49
7
321 -350 20
-1113 -829 13
-66 1639 32
-1707 1853 35
-649 -1052 2
1778 863 33
1914 -73 34
7
-913 -1824 16
728 -21 5
1653 1147 5
508 127 36
-1185 82 48
-884 1673 11
-379 1871 35
7
-1011 661 34
1000 1184 40
-1622 -399 25
-310 636 7
1475 -273 16
-1876 780 2
1549 1095 10
7
832 -1071 8
-1535 1057 9
-936 -174 17
939 -581 29
1825 1170 44
1325 -1201 1
-695 114 18
7
-892 -368 16
-1456 748 44
-1737 935 29
874 1133 14
886 210 30
956 -1289 40
-139 708 15
7
421 30 29
1860 -327 4
778 -60 29
5 -1773 48
1182 -145 40
-1826 -268 43
261 -938 26
7
-1962 1773 5
472 796 34
419 323 26
166 -1576 5
-981 -150 17
-1788 522 45
1132 1136 37
7
-1844 1143 43
1675 1790 25
-277 1767 15
1384 -1079 37
-1842 -1040 13
383 -333 31
-1053 -1545 50
7
695 458 36
-1844 -252 14
-1165 1978 30
1649 288 49
805 -477 14
1755 150 13
-485 919 9
7
662 -181 38
1188 1976 15
-663 -1146 32
-100 607 47
-1298 -454 25
1859 1303 48
1818 -1596 32
7
-655 981 48
-311 -549 10
-870 -1170 26
1634 -247 43
1863 -1045 20
-1516 1571 3
-1024 -1107 46
7
138 1050 29
-409 -1497 21
-116 -1718 9
-577 705 46
-600 -1414 28
1582 411 41
600 -955 42
7
-447 1193 45
-301 1320 24
-544 -1391 39
869 432 11
1251 198 48
-1123 1082 47
1691 1026 13
7
1878 -1681 9
-1417 445 12
-1535 548 28
-1746 -1380 29
-64 113 38
-486 273 25
1691 -1040 16
7
950 -1434 3
1540 -1653 50
-1183 -1270 33
-568 -222 29
-718 -1289 25
213 -1665 27
-181 341 25
7
1379 -1188 14
-1641 1327 29
-241 -1208 36
-1327 130 22
-446 80 37
397 1587 35
-1967 -1158 38
7
456 -1806 31
-928 -1367 37
-36 -250 50
1084 71 36
-1654 -1312 38
-1430 -329 24
-437 1053 12
7
-1186 260 32
509 -605 6
392 140 25
1481 -805 41
-45 -98 36
-1843 81 34
1673 1158 32
7
-1477 555 29
1591 -1753 45
-1101 263 26
-62 -538 44
685 447 7
1106 -662 14
-1916 1743 43
7
1732 613 30
-288 1993 3
645 -1645 31
1219 -130 46
-1179 -124 9
1546 -1957 32
77 63 5
7
407 1829 46
754 -1572 49
1769 -1285 13
1296 -14 49
-1340 444 34
-1241 1554 44
1308 -255 30
7
-1929 -403 5
-1316 -1261 12
30 1444 27
-1568 -1559 15
371 1484 8
-456 166 41
-1482 -1588 45
7
-1717 1363 12
-1473 -345 23
1896 -897 17
-1592 42 45
1251 193 15
1195 426 27
-55 410 7
7
856 1064 43
1456 272 13
-1332 -1945 9
778 749 21
-1728 1339 4
-258 -1238 42
371 -852 45
7
1648 -1414 27
-8 1494 19
-1788 269 37
-536 -1057 12
230 1152 20
-210 -179 47
1522 -379 18
7
-1315 1748 22
-732 212 34
1442 514 39
-1137 782 48
1171 725 33
658 -173 15
-406 -1513 16
7
-830 -967 16
317 1747 24
1578 873 7
-718 -1092 45
1334 -1097 43
131 1819 12
-595 -573 41
7
432 82 36
533 -1076 14
-263 549 21
883 -1577 27
1311 71 28
1242 1804 44
-252 497 10
7
1631 257 4
-1775 185 9
-1389 1044 42
75 1831 16
-64 1467 41
1535 1404 47
1983 1402 41
7
-424 1928 2
-1490 -466 26
1196 -1839 1
-427 1621 19
414 1701 29
482 -1039 4
-1631 -88 24
7
86 -707 42
957 -694 35
170 -1199 8
-698 1625 5
-375 -837 11
1447 612 7
-274 1980 43
7
-1716 -1806 48
311 729 49
503 -314 31
487 1612 37
-113 -1444 48
-212 -65 32
-1444 617 49
7
875 267 4
124 -1729 10
1944 1978 22
351 -707 34
1150 1667 29
1546 1441 40
-1230 -1331 22
7
1812 -678 49
-522 -561 46
1542 149 5
1080 -1881 20
-1572 233 19
-1490 -1008 18
-1622 -177 40
7
-1732 -1933 13
206 -1173 49
-401 -1187 49
685 -1806 38
-540 -1188 18
570 -822 47
1558 1994 25
7
1493 -562 20
-1179 -643 49
1567 -1021 48
-546 -826 13
1252 1426 32
-1121 1841 9
0 -941 42
7
-1068 1577 23
1348 362 17
1555 636 42
-1889 -898 4
-1792 1466 14
1312 958 42
12 141 12
7
-381 -290 1
-480 -967 4
72 890 16
-434 1164 25
-807 830 18
1458 208 40
1360 -460 3
7
680 -1383 15
1859 1831 43
-1451 -843 7
-280 45 17
1893 -697 40
-333 -1087 5
-1047 846 19
7
15 1012 16
783 1272 37
619 166 3
-1160 -469 41
-246 -236 2
394 -1280 41
-120 1862 1
7
1169 1878 28
-192 -1095 13
-790 1458 22
-382 948 11
1006 690 22
-1374 -607 4
1368 -1324 39
7
-831 939 39
1070 -1016 38
-243 -859 36
1825 1913 7
-841 -799 50
-1811 96 39
1812 -1118 13
7
1125 918 49
-712 776 5
-199 -626 45
67 1388 23
1509 329 14
-1872 1627 15
-1486 586 14
7
1679 -941 16
1992 910 26
1130 746 8
-1393 1571 40
1634 1395 47
1539 620 9
-1521 692 10
7
-1381 337 3
-1627 -832 7
1748 1349 36
-900 836 26
332 -1568 5
-983 -1839 39
1314 -1023 6
7
1595 -426 29
851 1770 46
-1684 -502 50
-1502 -67 20
-69 -1581 36
127 1496 6
211 76 48
7
-1030 1945 41
-1525 493 29
-1023 -1284 36
-786 -908 45
-181 -1474 4
-1911 -748 25
-838 1357 24
7
-1033 -1580 2
1251 -1310 10
-1207 1241 16
-1928 -1471 23
189 -1257 43
1594 -497 31
-658 -1877 35
7
-1725 -187 40
-1130 -528 44
1501 -54 6
927 -403 49
1243 -236 46
674 1994 17
-1912 -535 33
7
1740 487 29
-103 1127 42
194 -538 15
193 -1812 3
-1373 -1832 5
-1713 -1857 28
-945 -134 2
7
-1724 -1070 43
615 808 23
752 1457 12
-233 1939 30
1700 -690 31
-554 39 34
353 1675 45
7
-793 1911 10
1551 1919 13
729 264 32
-1662 1653 45
-1351 911 24
1490 637 48
-1663 1052 25
7
1913 1700 49
-1587 1891 19
1964 717 41
1170 1956 22
-282 -786 7
480 -1940 50
-413 1598 23
7
1046 -1894 37
-1827 875 42
-535 1738 34
1105 226 37
-469 163 6
-1349 344 36
-1849 -1660 44
7
-936 -525 4
396 -1450 28
467 -1029 10
-871 1015 11
-432 -1590 45
1119 572 15
1388 -949 42
7
366 1775 9
-200 974 18
1378 -1646 9
891 -1314 42
1495 -1504 20
-1284 -219 11
-996 1495 30
7
-1330 41 38
-914 243 34
53 1578 1
-1908 1055 47
-596 733 44
1621 1067 20
-741 -936 7
7
-250 -1001 8
-431 -1513 26
-1276 580 48
1931 12 49
617 -256 21
-319 1436 31
-430 -1290 28
7
-1901 -1490 30
-877 1150 9
1720 600 50
871 941 5
1526 -1531 6
-1760 1024 44
-1142 24 5
7
-1321 588 39
1660 -540 19
-1473 -1591 28
-1459 843 38
1346 1119 33
1354 -1945 34
1014 762 46
7
-568 399 40
-1289 346 49
1011 1872 42
918 -1741 36
892 -582 22
81 1418 50
1266 1129 15
7
1132 -158 32
-1607 836 40
607 -445 49
-1112 -751 10
1301 1611 11
-668 968 14
-1333 1487 25
7
-1694 -594 5
-1186 30 30
-372 645 27
888 -1521 17
-291 -456 40
187 1875 10
-543 -686 44
7
264 1992 48
336 -237 24
1735 416 48
-1259 -1461 4
1150 1609 42
456 1883 22
-113 -190 7
7
1073 -1193 9
1642 1820 49
-747 645 25
264 1882 33
1382 -651 39
-1170 1061 13
613 -1698 29
7
-143 -162 11
-977 1534 30
-1541 68 6
-1193 1994 13
-1333 65 29
170 36 28
1885 -1648 10
7
1376 -1105 43
-709 -111 21
1985 1559 30
-614 -1750 44
-1006 -1835 34
-1748 -1262 18
140 139 48
7
922 -582 35
-1698 -904 18
91 -1939 7
-233 1578 48
-276 -679 19
-1324 -1965 24
-1791 -374 19
7
464 -1915 20
-9 -608 1
570 -1681 30
-178 -914 50
-456 595 47
896 1022 38
1930 1692 42
7
1939 -1388 12
-1991 -97 40
-383 -1143 13
1019 -1136 34
992 848 43
534 -861 36
1167 1049 34
7
-954 -1756 6
162 -646 31
-431 -730 36
-690 -263 37
-230 -62 4
-593 31 27
-1639 -456 45
7
640 -1884 3
840 -85 23
1836 -276 36
-1339 -62 15
-1854 -177 18
-906 -1666 42
1270 -1886 23
7
852 -1126 10
-1965 1560 36
-1456 195 43
-1569 84 45
-921 -1249 18
262 85 33
-1295 -872 35
7
546 -967 35
995 1474 20
728 -715 36
747 -940 12
611 35 10
-124 -1869 31
1707 1284 9
7
96 -1539 9
1379 1171 27
-539 671 38
-1211 1410 30
-1381 -952 21
522 -1466 12
653 1805 33
7
659 -494 35
1647 198 49
-795 -503 12
-1861 -11 30
840 -1864 20
-1132 -1393 50
-1253 -941 19
7
1613 227 43
-676 -1583 19
-1448 -1738 17
1691 -1669 44
-66 1471 46
1905 -1042 42
-1466 1343 3
7
1576 -156 16
120 -1985 34
-1345 -781 6
-283 -936 3
-189 -624 9
203 -1949 48
800 -1026 8
7
-1435 -365 24
-200 1020 36
268 -431 8
1048 145 25
80 -192 20
-303 1560 30
-418 -320 42
7
1471 -1296 20
-1304 286 25
-1773 -1694 25
-238 1226 13
-1379 1742 29
-616 -413 50
-1688 -835 17
7
-1831 1361 16
-1715 -524 17
-1017 47 36
241 1776 21
633 -163 23
1686 1582 2
1215 506 30
7
-850 667 27
-1279 -1201 9
-1797 1699 47
-1855 -1040 33
-689 -360 37
915 1445 32
-1763 -1256 10
7
-1158 -976 49
1470 833 41
1007 1180 9
-1892 -866 35
542 1658 50
888 -901 23
-1671 1049 20
7
-1546 1645 12
-1026 1744 19
1373 563 18
241 -761 12
1424 1533 5
88 1073 34
621 -311 14
7
1849 1276 4
-1213 1906 25
1350 -1383 32
973 1719 16
1434 -671 41
795 308 29
649 1428 4
7
647 -60 31
-657 -318 11
1371 1614 23
1755 1374 33
-1893 -738 20
432 -234 14
696 526 14
7
-1242 -964 17
-1178 26 45
1300 -910 44
-1970 1586 4
-473 1581 31
1216 1277 2
2000 928 42
7
1029 517 44
-693 4 46
119 1793 38
-636 1102 40
-1078 -249 47
-907 -447 32
-1470 1233 4
7
-1949 -525 28
1515 -230 11
-1805 1439 13
1703 -43 27
-1812 1773 3
-1858 1754 37
257 -1487 3
7
-1363 478 42
1097 288 35
-1689 -1711 12
-372 945 25
-1840 1980 1
-1654 -276 39
1080 1812 13
7
-1018 278 8
1592 808 18
359 -1111 7
734 1969 28
1770 -577 11
419 -1853 2
1288 -226 29
7
1255 1558 42
-810 -911 37
-121 1100 38
363 483 40
1599 -795 29
-349 -1158 38
1542 1672 19
7
747 -716 27
1248 563 48
-1477 -1995 41
481 -181 26
-776 -1819 34
772 -1628 29
-535 -119 31
7
-1005 42 38
1553 436 19
446 -1705 25
813 678 40
870 -478 5
1195 800 1
-1146 375 1
7
-1834 589 13
-1298 244 3
138 1593 49
-1732 940 24
288 1456 45
1562 -417 15
-1621 -1337 21
7
1911 1697 35
1745 1154 40
155 1440 23
-1793 -1852 46
-1995 803 35
-162 -449 8
1503 -1951 47
7
-1150 -1252 21
52 -1724 46
1593 1308 41
1622 -1582 1
1847 1288 50
-1114 652 36
1051 -43 15
7
1344 61 10
1927 -1707 49
336 -467 22
145 1731 7
1350 -525 30
1043 309 10
47 1656 27
7
917 -1848 43
-1482 768 42
1951 1383 47
-776 -1391 18
1001 81 32
97 -1574 45
1668 1383 41
7
-1868 -664 17
-299 -761 40
1974 936 4
1817 1211 45
1269 -953 12
1077 -234 46
-1713 70 38
7
1567 -304 21
1413 -754 46
503 1786 19
917 673 30
-1076 51 38
1114 -471 18
1005 679 46
7
-297 554 38
-1944 -326 37
-1334 1640 40
1726 1400 46
-369 -1938 19
-190 -473 25
67 -141 30
7
-1229 -1832 33
-571 -1430 8
768 -195 33
1512 -1329 5
960 338 2
-425 -1134 49
20 436 22
7
1751 -350 28
1219 -77 35
-1859 1057 5
655 -770 11
-1767 712 50
515 412 40
639 -106 12
7
-168 -499 10
1990 646 29
990 -493 17
-856 1472 16
-1449 -737 42
-834 -1338 47
721 299 45
7
-226 806 10
-812 592 20
1186 -214 36
450 -440 5
-1953 -1094 9
-779 -1791 16
-976 -1525 5
7
1503 842 14
-1230 -1681 47
1796 -1648 22
-1908 -241 27
-1231 -262 3
1490 919 10
-1472 1035 17
7
-1086 1238 4
-1171 -1463 26
-1868 158 21
-664 -132 34
-1894 -753 19
457 41 42
66 1458 16
7
95 -1031 27
-1227 -131 25
1759 846 48
-1136 1805 33
1292 -1310 45
-89 -679 20
259 -1375 16
7
1883 -1428 2
-100 1013 8
-1605 -1931 15
1399 -1579 18
-600 -792 11
1666 168 25
-884 1782 16
7
-1176 -308 16
925 1465 27
-1804 -1994 43
1974 1732 33
1364 -577 42
460 871 48
746 -1437 23
7
-1950 -104 32
1117 1800 16
-1628 1563 47
-1520 -606 13
1792 1983 11
99 1375 4
1607 -1572 40
7
-338 327 12
1068 -704 20
-18 527 34
-353 -1519 28
220 1317 32
-210 -171 40
-153 -1054 21
7
-1551 -131 50
-1395 -63 38
-1168 -552 35
-1981 -772 50
-1760 1051 40
1849 576 3
1301 607 28
7
-459 951 30
125 23 3
1675 198 47
380 316 21
-156 1959 37
-1625 61 13
705 371 46
7
-615 965 47
1807 -231 40
491 -1116 27
-1211 1268 5
-367 -1682 10
-1362 -1577 42
-14 1457 10
7
835 102 8
-1637 -1546 22
440 -47 11
-118 -1721 27
393 1305 15
-932 41 9
-920 713 33
7
-1916 -980 19
-1627 -1454 14
584 556 43
-626 -1533 50
1163 -1181 16
1505 1856 36
-1351 1845 14
7
1117 1289 34
-79 -443 12
-316 25 24
-1858 1666 16
1973 632 28
232 1355 20
1186 1158 29
7
268 -1971 14
907 -1651 7
-646 -48 24
-752 -718 3
1032 -216 29
-862 -1576 22
-1539 -1615 17
7
-1328 1234 1
1703 1856 41
-214 -1702 34
-105 -1672 14
1578 1946 9
1030 -660 17
635 1259 19
7
-1344 -77 3
-747 507 19
-1631 -1062 18
-1102 -8 47
864 -1566 41
161 -1056 16
747 -1612 1
7
226 33 48
-1012 1574 22
407 126 39
1982 -1848 39
-73 1176 14
1277 -9 22
-1502 998 33
7
-1957 -817 21
-1767 -1639 3
-1188 -1367 41
314 -739 25
-1962 905 12
662 1787 36
70 424 16
7
-927 706 9
-614 -88 18
1706 -1828 23
320 -887 37
-1008 -1247 21
596 1839 17
-1926 785 29
7
1004 -1607 37
-1919 989 9
292 1410 33
-488 618 11
595 -1989 27
-1840 -185 36
659 -1276 34
7
-333 510 47
-1495 -887 35
1743 199 45
255 1719 33
-610 -1962 45
953 1144 41
1847 639 20
7
-421 -1079 7
1792 -249 19
1829 -1100 13
-1145 -1017 43
-1983 1804 35
1970 -1328 33
766 1027 5
7
1798 -1494 2
1868 -1346 12
-861 448 32
-582 -817 1
-935 1159 11
-861 -703 9
-1782 -843 48
7
-1854 679 9
-1505 -87 1
-120 -1131 9
851 901 48
693 -421 23
-1880 -136 4
1310 789 11
7
-335 789 41
-1398 -1640 18
-1467 2 4
-1798 -235 32
-1746 540 39
-1207 1068 42
597 -368 4
7
1924 -1537 25
-1126 -1592 47
-1755 -653 35
-29 -1312 22
1036 -1578 37
1119 -1131 17
-194 1960 7
7
1702 -1519 19
1870 1184 38
493 1834 45
1328 1596 46
-126 1205 19
-43 1456 26
-266 -206 28
7
497 744 29
-52 1651 6
983 -884 6
-1261 334 8
78 -1452 8
723 -231 9
868 1856 21
7
1317 1695 4
-1631 -1310 13
434 770 30
-762 -1192 45
-938 -1197 18
257 1224 26
-1335 -1020 5
7
-1700 -340 42
-1696 -848 50
1736 1735 8
1594 1292 20
1306 1461 16
1388 -1442 19
-773 1424 17
7
997 -656 1
-690 -578 21
-1697 -1993 4
-1411 -429 17
-1989 -1840 2
-1576 1760 33
1457 -322 28
7
14 769 44
-896 -1131 14
1874 -1764 7
-1903 555 10
571 1695 21
-641 1480 46
-930 93 5
7
-1841 949 14
1046 901 29
1115 1894 47
17 1293 14
-635 51 24
-1571 224 30
62 -1253 39
7
1102 1028 27
1736 1595 33
1129 -922 14
-1675 1556 8
-732 -1712 2
1964 1822 5
841 222 27
7
-745 1329 19
-780 -27 35
1609 -1914 50
201 1817 22
-1839 529 42
379 -1369 41
-1969 -584 3
7
212 688 25
-821 -1509 8
-730 1678 40
1062 -403 17
-1930 1215 8
599 -1903 39
-184 1930 32
7
-1958 720 19
-1014 -979 41
-85 1109 5
-740 355 44
475 -1406 46
-1772 -935 11
774 -1090 13
7
659 -1111 2
723 81 15
-1875 -145 38
-230 -786 27
586 1203 18
-1535 -853 25
1775 988 34
7
15 -596 12
-1349 -454 42
-352 1511 18
-682 -1360 24
405 1183 9
-256 -1518 5
-511 -1429 18
7
188 430 32
-1984 -1197 11
-1100 -1841 9
-1636 1464 3
1541 -792 15
122 815 29
163 1062 46
7
-1914 -898 20
-1535 -316 5
0 843 24
607 -1775 6
-1996 1586 16
1218 1959 30
435 1018 32
7
-992 -652 11
479 -624 49
1127 -825 13
-915 461 23
889 -595 40
-1342 -145 17
-495 -558 45
7
1813 758 47
-1647 1412 37
-523 -721 28
-332 853 35
438 -136 45
1260 -1137 34
-961 -210 28
7
-1057 -1060 24
1609 -352 27
-1530 204 39
1538 -1938 32
988 -213 41
1866 -313 42
-44 70 48
7
588 137 23
413 1493 39
1834 1318 14
1368 892 43
-380 -1951 49
209 1311 1
1921 -1059 46
7
-90 1075 33
-1099 -139 40
-1112 -269 6
-375 526 48
-1019 102 20
-999 -1169 2
-1282 587 22
7
-1528 -79 16
1447 1052 27
1817 1154 43
1048 -1334 2
1108 1245 12
-1154 1146 34
-1751 -1029 5
7
-27 721 6
-757 1918 40
241 1608 28
-1099 1862 25
1367 -405 15
-1673 194 27
967 -1933 17
7
763 1570 14
-1332 1252 10
-1458 1344 36
-1120 -1432 20
-116 1364 38
-1849 1633 13
1295 669 24
7
1220 909 1
-240 1784 23
1967 -573 50
794 1636 1
131 1910 2
-763 1030 18
697 675 13
7
1272 1532 34
-9 -1391 10
-1211 -175 24
1383 -372 30
-1862 -200 48
-1010 -803 30
1194 -87 10
7
1553 106 50
-517 1307 16
-826 520 28
-1812 -1093 33
930 -1991 37
1885 -602 13
-1145 1566 32
7
-253 -1466 39
-326 -1990 2
1369 106 19
-564 -1018 18
825 -987 27
-1421 967 39
1259 1677 24
7
-466 1996 44
-1854 -1896 49
134 -255 37
805 391 1
-450 -78 21
865 1682 48
1228 58 9
7
1427 68 22
-728 336 33
1405 1194 4
-1470 959 29
-654 1354 40
-355 -484 30
1736 -1852 26
7
1909 1423 4
427 -884 47
974 -777 41
-95 -1545 41
-332 1460 24
-1906 1796 13
1145 -211 18
7
1371 1857 12
-878 261 33
-1459 979 19
734 -1137 36
503 -737 13
-1505 533 41
1475 -1159 49
7
1664 -1825 21
-1168 -633 40
-987 -1602 50
-310 83 46
-206 -289 47
358 -1523 24
-204 1296 38
7
-703 -907 43
-1344 1653 31
797 201 10
-813 1585 10
937 955 16
-143 1513 30
788 -42 1
7
1343 477 22
584 -1787 21
385 -1411 3
245 905 24
-1337 -1502 39
1519 1064 4
-743 403 13
7
184 -675 2
-998 -1647 48
-1225 -1219 41
-1717 1401 43
-437 990 9
-1895 -1022 33
565 1713 36
7
-1584 1352 6
-575 -1641 11
966 -1315 18
-876 -1793 47
-1211 -1482 34
53 -1490 7
132 1898 42
7
1315 -1775 44
1500 -664 24
1239 1923 49
-777 1955 30
1688 216 14
1686 -1214 9
120 1316 22
7
-1015 -1490 9
-1958 -786 22
1622 -116 35
558 718 9
1535 113 44
818 869 24
1336 -1046 48
7
747 -1051 21
1783 -1083 18
1933 -1353 44
1735 -1208 44
1109 370 18
1925 -1217 4
-653 -762 31
7
1838 378 10
1399 -664 34
787 -763 5
-1883 1787 16
1045 401 3
-1092 1258 31
-107 1375 39
7
-1722 -316 39
872 1341 48
-92 867 42
-28 -1821 21
-1259 640 47
1132 -1552 24
-319 -1330 6
7
146 885 25
254 -375 18
1881 -119 11
-65 -1172 32
-577 684 16
-518 -57 48
90 569 48
7
-597 849 15
-1752 -1068 49
-1835 -333 12
-721 434 22
14 -476 5
252 -711 49
1222 -356 16
7
-99 1711 50
1252 -530 22
532 -1348 38
806 -1447 16
-1815 -1149 28
-409 -975 7
436 -1496 47
7
-563 677 29
191 194 38
1189 447 22
282 -1534 9
1859 -1181 35
-346 -760 29
129 1812 27
7
1755 -1317 38
299 -819 7
-1449 -1284 25
936 1204 38
-1512 404 46
1874 -1835 40
1182 -1087 32
7
1365 1907 6
218 -1362 40
1211 1198 40
1057 320 40
1910 348 4
-180 1631 28
-1897 939 30
7
693 -1021 15
1299 1950 38
-966 395 6
-5 -1803 50
-505 -931 49
-1774 -814 50
1018 -1510 43
7
-383 -1322 33
-1998 -559 4
609 692 9
821 892 38
-479 -301 24
1667 -1291 24
-504 8 18
7
-6 1800 17
1955 648 27
1998 525 27
1715 -1663 3
1171 -1103 44
130 -725 41
-122 -110 41
7
1607 262 9
1543 -1475 5
-694 -1794 13
1147 1121 27
-1730 -643 46
-1108 155 9
-647 -1721 21
7
503 390 31
-453 -1178 1
1693 1614 16
1790 624 35
951 -1689 38
-1270 993 10
-537 -684 21
7
1348 1306 37
1178 903 25
-1648 -1046 34
-322 -986 12
790 1504 40
1431 -475 32
-773 -1515 42
7
-798 47 11
835 -1655 18
666 -972 3
-1180 -1733 22
346 840 23
-1025 -325 22
1652 -1878 33
7
1088 1904 24
-747 1549 6
1034 -1731 7
1152 1213 2
1703 -329 32
-1360 941 1
976 397 36
7
-722 1952 14
-1951 -1941 28
435 -207 17
-1735 -1867 20
-1198 732 11
691 -1453 8
-1941 -686 39
7
-859 -1010 12
649 -425 20
-363 -473 32
-1036 -652 5
178 -1644 3
-1200 1979 3
1303 1971 34
7
1786 420 1
1159 -1218 22
1107 934 16
764 -1238 16
1976 -1325 44
-432 -578 34
-192 1151 23
7
-569 -372 3
280 -770 18
1009 846 16
1114 456 22
-725 -882 39
-1550 -1712 19
-1260 -24 16
7
10 155 26
-1560 -283 25
1874 -254 27
1487 -1681 44
-520 -1978 17
1034 389 15
135 1694 10
7
615 -1679 7
-797 1509 25
1442 1087 1
1875 1958 29
317 -992 14
-769 1948 42
-80 1274 17
7
-432 1726 44
1010 1998 9
-1910 720 6
-94 245 40
-722 633 4
-914 -508 36
-1413 -926 30
7
941 -1308 46
172 1267 38
-126 225 26
-196 840 8
-1871 732 50
-1842 -342 36
-997 -805 20
7
-172 -379 36
577 1247 3
-1680 1317 39
-137 1855 31
-1174 1808 49
-82 -725 49
-214 -1044 39
7
525 -1241 11
-1556 161 43
289 977 24
715 1758 40
1680 681 23
-746 1610 28
868 -539 3
7
-1973 577 1
-1296 -382 13
-482 -562 33
-354 1844 1
267 419 26
-1749 -708 19
232 -104 4
7
-91 1283 45
-431 -1512 16
-657 -1679 15
736 -931 45
-1739 -1119 27
-142 -1732 34
1587 -1862 24
7
-1648 859 2
1057 -377 22
1969 -1389 18
-1112 1717 48
-1286 -1401 22
1077 -467 10
-46 -1492 6
7
1231 -1115 11
789 872 48
147 819 18
886 632 20
1187 -1890 14
-994 -1307 50
-386 1662 12
7
-1885 421 14
1839 1982 42
-1544 -1227 42
178 1384 14
1045 72 36
154 1434 2
-1835 1067 50
7
1420 922 41
-177 935 30
-1800 -1092 43
951 -1052 31
-1723 -5 27
-870 675 17
-1737 -1328 48
7
-758 1395 33
563 -1277 17
-2000 -422 31
-440 -802 36
1941 1711 46
45 -44 16
-1045 -613 22
7
-669 1530 41
1208 408 24
-650 1028 22
-1126 227 17
1454 -22 21
1631 287 39
129 1896 10
7
-1171 702 8
1433 1135 20
1219 1850 43
-759 -1931 27
1457 1551 49
672 1367 33
734 331 6
7
1613 -1076 12
516 -162 11
469 641 48
-265 1484 23
153 -236 13
-1911 -293 48
-85 -1724 34
7
1531 -856 9
727 684 47
656 -1462 29
-902 -1680 25
928 -1402 32
-737 693 31
-1126 72 15
7
1551 -1536 6
491 418 10
-220 -1028 8
1480 -541 9
-1419 1036 12
-1404 -1388 22
1060 -385 32
7
1295 -1664 44
961 -1555 19
-991 -691 27
1710 -1443 30
-535 -854 22
252 350 17
1938 1220 12
7
-242 1877 46
235 1777 35
-802 691 49
788 -649 19
744 348 35
-1552 -1739 49
-1595 -156 5
7
-1264 -1631 37
1180 1127 6
411 97 28
-413 1402 31
1161 352 3
105 -1821 9
-767 -19 11
7
750 -709 21
-1896 -1368 41
-1725 -627 36
1021 1888 46
-1219 1593 26
296 119 41
-226 -502 30
7
1830 -283 26
-1383 -1003 34
-483 1567 37
1308 -1023 12
-618 -1384 49
679 173 44
-1167 -999 2
7
-1411 -572 13
1759 -1680 17
1044 571 45
-1032 -822 38
1021 1021 39
-475 -378 10
485 1500 9
7
-1789 -235 24
1791 -696 35
-960 38 29
-1110 -778 21
1189 405 17
-1060 1250 8
-593 -1445 1
7
-1702 1874 3
477 -887 15
906 -1449 12
-1313 -307 26
-107 1980 31
-1490 1045 43
824 1767 50
7
-151 1936 24
-150 926 25
1622 -723 2
336 1535 16
-1490 417 11
-1612 -537 25
340 -609 32
7
1390 1854 50
-1525 -1568 29
914 132 30
-369 -1897 43
1247 -1072 44
-1434 -1990 49
1586 -1205 38
7
1421 1275 14
-1369 883 10
-1726 -273 45
297 77 40
-641 -40 32
914 1828 22
515 1618 25
7
-1916 -1275 29
-1819 184 47
1253 493 18
1793 -1283 29
219 -911 19
-1002 511 12
-1017 1459 47
7
-777 -691 28
-15 -1041 35
-1451 618 5
1395 -975 28
-1190 -1696 49
-493 -1396 13
-2 -310 37
7
1996 420 47
356 -480 10
-1718 1360 23
1077 -41 12
587 -1864 50
763 -1203 4
-64 1419 32
7
-44 -5 31
-901 -679 25
1088 -1429 15
-340 649 30
-399 -297 13
-696 33 13
-182 -1160 38
7
-598 401 40
1746 783 11
-1641 -1210 21
1711 353 29
1001 -338 26
-958 844 17
-700 -866 41
7
174 1028 18
1798 -1415 32
-1658 1567 26
-1647 1039 35
-1907 -1184 15
735 1258 33
1023 -1491 26
7
242 1090 3
1552 -197 5
-1847 -510 24
-228 1984 17
1768 -111 41
361 778 44
1135 -1326 32
7
-28 69 27
-1360 538 6
1821 416 28
1355 109 29
647 891 47
657 498 49
-1996 1056 2
7
-415 49 8
1067 -1315 9
-1564 -1065 46
-24 -1854 19
-1321 -1250 44
-1799 1147 44
-1081 767 50
7
-1875 -268 6
-675 -1111 18
-1669 -1273 10
-49 -434 20
-1185 -123 38
-226 1244 25
-1698 -1580 50
7
-1483 -1699 49
7 932 13
-1186 827 17
1742 -53 22
-1329 -1486 45
1849 1181 4
-991 -1681 32
