1000
9
-494 -788 1
-1542 -348 1
1770 -669 1
734 775 1
1187 410 1
384 -979 1
-721 -476 1
1046 1696 1
-1765 -958 1
9
-1852 -1817 1
-1509 -1055 1
-1218 -480 1
-1942 -685 1
174 1777 1
-427 -854 1
-760 1480 1
125 -435 1
-370 1630 1
9
1120 1167 1
-1962 -1859 1
1416 1027 1
-1136 -1381 1
1799 1795 1
127 -1978 1
-1897 -773 1
-354 224 1
620 1267 1
9
-389 -150 1
-150 974 1
-1762 -1579 1
-253 1890 1
-1460 -1212 1
1673 -1984 1
-1363 1804 1
-825 773 1
646 -220 1
9
1095 -1131 1
991 -1141 1
710 935 1
1969 1317 1
-826 -1007 1
-1655 1712 1
-1971 888 1
668 1100 1
665 -484 1
9
-1562 466 1
899 -283 1
1666 1291 1
-1489 -812 1
398 599 1
-277 -632 1
-1436 -1636 1
675 619 1
-1500 417 1
9
461 331 1
-38 974 1
261 518 1
1970 -702 1
-627 263 1
1299 1725 1
-772 1048 1
451 -218 1
-779 1047 1
9
-730 931 1
-1076 -292 1
-217 -986 1
-1238 -1949 1
-1062 1834 1
-877 1706 1
-935 -1835 1
-1650 -1761 1
512 680 1
9
1156 -1811 1
-427 338 1
-535 -325 1
-766 358 1
1152 -975 1
714 -896 1
-807 -1720 1
-141 -315 1
1541 -1712 1
9
575 1718 1
-959 1746 1
1435 702 1
-1512 -747 1
-594 1193 1
1733 1239 1
138 1332 1
-1742 919 1
713 1286 1
7
1552 568 1
-940 -1689 1
-1900 -320 1
-1725 -203 1
289 -389 1
702 -179 1
-1413 88 1
7
-1954 1733 1
918 -126 1
72 -319 1
1398 -951 1
964 731 1
668 1909 1
1939 298 1
7
1189 -1229 1
1654 -1760 1
960 -439 1
304 833 1
-77 -1559 1
87 34 1
370 460 1
7
-1628 813 1
1680 -390 1
1902 -1110 1
1338 -207 1
1065 133 1
1820 -1372 1
-978 -327 1
7
-1119 1920 1
-95 -1154 1
-171 271 1
-247 -1072 1
-1417 1304 1
-680 1954 1
-1969 1918 1
7
505 1803 1
1335 -960 1
81 -1165 1
694 -975 1
-1267 174 1
-835 -1364 1
-1485 1327 1
7
-1160 -988 1
-1240 -1384 1
-1207 1937 1
-560 -345 1
271 1086 1
1128 -71 1
1198 995 1
7
1133 -221 1
589 -1400 1
915 87 1
-1907 1564 1
525 774 1
140 -1799 1
-666 -685 1
7
101 997 1
99 -877 1
-281 585 1
1117 -1504 1
1372 -75 1
-1025 -655 1
623 670 1
7
774 755 1
350 -1530 1
-448 -1681 1
614 -909 1
-611 738 1
1612 87 1
-1776 1678 1
7
1443 -1366 1
-1173 1139 1
922 1776 1
303 -306 1
-1140 -1839 1
1850 -262 1
1979 -1656 1
7
1393 -1819 1
1559 -1139 1
-1152 1551 1
910 -1524 1
1984 1233 1
785 1336 1
-1338 -1181 1
7
1709 -470 1
491 573 1
-1788 383 1
424 5 1
1404 -611 1
1675 -1010 1
-310 1488 1
7
-1577 -567 1
1577 170 1
1482 -649 1
933 1136 1
1617 1602 1
-1752 394 1
-1373 1777 1
7
-497 -247 1
-1889 677 1
-181 -1937 1
-1006 419 1
488 1538 1
1073 -1942 1
-503 1005 1
7
-452 509 1
1564 812 1
1638 47 1
648 -593 1
1415 500 1
-480 -806 1
-1562 139 1
7
-966 -918 1
1449 499 1
831 1990 1
-1779 0 1
-641 -1319 1
1169 1826 1
-1669 -1371 1
7
-689 776 1
1977 -1717 1
-420 -1640 1
-677 1066 1
-123 264 1
-42 1489 1
-1923 1943 1
7
-207 586 1
13 -1338 1
-49 1757 1
191 431 1
397 -649 1
1104 1539 1
862 -1078 1
7
664 -1239 1
-995 1442 1
-209 1742 1
905 1507 1
-738 1223 1
-926 -746 1
-956 -926 1
7
-1264 515 1
1345 342 1
359 -197 1
-1505 1474 1
-1015 562 1
-1895 -1134 1
1142 308 1
7
114 -1189 1
1208 -835 1
-932 -1630 1
534 -1819 1
-119 265 1
-234 276 1
950 -1255 1
7
1942 -804 1
607 1771 1
-1358 -577 1
-265 1799 1
-98 -63 1
-1932 698 1
156 1554 1
7
-705 -1053 1
573 1631 1
-1104 -1577 1
1914 -1666 1
-1724 920 1
1958 -931 1
-121 -588 1
7
97 -1730 1
-1309 -742 1
911 -1282 1
-238 994 1
-50 142 1
1455 237 1
640 -890 1
7
372 -760 1
-1858 1651 1
314 -640 1
1900 623 1
-278 1072 1
-580 -1479 1
-1057 1322 1
7
-1874 -1201 1
340 -1045 1
1086 -666 1
1874 -1852 1
-206 249 1
669 -432 1
-861 -1526 1
7
-232 -894 1
903 -706 1
1070 -570 1
646 -289 1
-1140 248 1
1532 -751 1
75 669 1
7
1213 344 1
-951 -870 1
-69 -164 1
1719 1414 1
-1826 567 1
1488 -171 1
1556 -334 1
7
1371 305 1
-527 -1318 1
-547 -1917 1
-523 787 1
1854 1007 1
403 -1501 1
-1568 -1429 1
7
190 -523 1
-1741 -277 1
-726 1101 1
1987 1721 1
1990 1356 1
-1718 -1359 1
-1693 848 1
7
-1298 1996 1
1434 -1801 1
-1688 1679 1
-1803 -607 1
1433 -1561 1
1769 -687 1
915 -483 1
7
1460 1705 1
1316 506 1
442 -1957 1
-1954 590 1
1118 -898 1
1448 656 1
1236 1849 1
7
-134 854 1
949 1985 1
1361 -1124 1
-929 -688 1
703 -323 1
-1457 -1749 1
1615 -1858 1
7
-1087 -414 1
-1574 -1892 1
1972 513 1
-1476 -515 1
-1648 759 1
1644 1941 1
1275 -1575 1
7
-317 1237 1
1971 -1224 1
1457 848 1
-1509 596 1
1573 1186 1
-1942 1830 1
-94 -685 1
7
701 1359 1
-1471 1120 1
1525 -392 1
-396 495 1
-678 -562 1
-1646 1570 1
-920 1243 1
7
1449 -308 1
184 -783 1
180 1242 1
-1004 1197 1
162 -1789 1
1658 -62 1
-1811 -1555 1
7
183 -1437 1
286 446 1
224 -627 1
-1816 -1818 1
-1240 408 1
-1308 787 1
1967 1628 1
7
254 1508 1
1237 -613 1
-960 -519 1
-1146 645 1
1880 -188 1
1394 1726 1
-1430 1334 1
7
-94 1007 1
-1729 1554 1
-970 -7 1
-263 -796 1
-1487 -1468 1
1854 590 1
-1777 679 1
7
-1412 589 1
1554 -711 1
1742 553 1
592 -1619 1
1044 1914 1
-1086 -609 1
-39 -1255 1
7
302 1571 1
-116 1838 1
-590 1591 1
-1799 580 1
-1497 995 1
1491 -611 1
-1050 140 1
7
-433 -337 1
510 1110 1
-1469 -525 1
1731 -869 1
1377 722 1
-1811 -1849 1
-1781 278 1
7
-1814 1499 1
-1860 641 1
801 1560 1
922 -1017 1
-1651 1196 1
-949 -1255 1
1503 -408 1
7
265 -531 1
-1376 1357 1
1532 548 1
-571 -117 1
1390 867 1
-1889 1831 1
1818 -1376 1
7
-672 -1598 1
-1410 1232 1
-1336 -465 1
346 1318 1
1678 75 1
-1515 -91 1
-1418 -878 1
7
-810 -109 1
286 1968 1
-221 1422 1
-1455 -1215 1
610 -1191 1
326 810 1
979 -207 1
7
-1759 -9 1
1211 1515 1
605 452 1
141 -945 1
-1214 -59 1
-1859 -1009 1
-1845 16 1
7
216 1642 1
1397 -899 1
194 554 1
-1083 -284 1
-1766 677 1
998 -1674 1
-1829 596 1
7
1366 -400 1
1780 -548 1
1434 -1831 1
-878 76 1
1503 -1186 1
1793 33 1
-1209 -1104 1
7
-1166 1774 1
0 -1437 1
-1419 -1187 1
600 742 1
-22 415 1
1265 928 1
743 1529 1
7
-970 239 1
1921 1406 1
-1644 -355 1
-569 1181 1
-1259 -1306 1
1333 -9 1
258 -383 1
7
-625 2 1
160 346 1
1309 229 1
-116 -1972 1
1050 -405 1
-1589 -1804 1
-1542 -146 1
7
-1193 1936 1
-1863 -465 1
-154 -1976 1
26 -1984 1
971 -39 1
-499 -337 1
-1481 1654 1
7
-1507 -398 1
-1433 -800 1
-1587 1023 1
1559 -327 1
1227 1309 1
-1902 -1460 1
-115 -1419 1
7
1572 659 1
-168 412 1
-1939 1180 1
-1364 158 1
-65 1791 1
1137 -1508 1
-318 -1374 1
7
-1186 -381 1
-1636 1220 1
-1012 -698 1
-297 322 1
448 -561 1
1483 -396 1
-1535 1192 1
7
-1896 -1654 1
-869 809 1
-1010 1513 1
-505 356 1
-1786 -85 1
-227 -1962 1
279 -767 1
7
-396 1994 1
680 -385 1
-1068 -1211 1
-1382 1578 1
1114 -1918 1
1112 1360 1
-1682 -1349 1
7
-1478 413 1
-426 -164 1
-1601 175 1
-853 1278 1
1367 1463 1
208 -1419 1
-201 -1603 1
7
1585 -466 1
-962 1330 1
1585 -611 1
-1179 1570 1
1336 991 1
1607 -1297 1
666 -641 1
7
1542 934 1
1514 -241 1
683 -473 1
98 1535 1
1674 -1690 1
-1215 -987 1
-1633 -1875 1
7
-1647 -732 1
904 -1908 1
1085 379 1
-1602 -1015 1
-92 252 1
-1444 -550 1
-1260 518 1
7
82 -506 1
478 -1443 1
-86 -425 1
1479 1604 1
385 -238 1
1042 980 1
822 1049 1
7
-1178 1140 1
-697 -877 1
1550 50 1
1004 -1009 1
1988 -439 1
-475 790 1
989 1337 1
7
1506 -1277 1
-1859 689 1
1218 -24 1
-19 1447 1
-1129 640 1
464 208 1
-1233 225 1
7
-258 -335 1
1175 -1827 1
215 408 1
-777 226 1
1898 658 1
1488 103 1
1492 -14 1
7
-934 1549 1
1146 -1740 1
-1821 93 1
1775 1311 1
1368 -880 1
-1338 -1507 1
-1972 1376 1
7
-1691 -1259 1
-1601 1917 1
-1901 -1447 1
-728 -1257 1
-1391 -521 1
-360 -1712 1
-1837 -8 1
7
1096 1971 1
-1277 -743 1
1785 -187 1
793 -1947 1
-365 -1355 1
-1172 -278 1
-923 -1559 1
7
-1721 299 1
-318 308 1
-1664 -187 1
1694 -427 1
-1569 745 1
-629 -359 1
-950 -1810 1
7
1904 -1600 1
244 863 1
-92 -44 1
-292 1795 1
1271 427 1
664 -1200 1
599 -1327 1
7
272 -1515 1
-1194 727 1
-1717 1914 1
1383 395 1
670 373 1
-1438 1248 1
39 1163 1
7
356 -1648 1
-558 -1984 1
-1548 -31 1
449 928 1
66 -1194 1
903 -1320 1
-484 -1024 1
7
218 1771 1
1507 -100 1
1891 594 1
-1683 972 1
317 1905 1
587 1903 1
970 1873 1
7
-9 585 1
-1438 -36 1
-247 -358 1
1035 -1528 1
-789 -1809 1
-28 -112 1
651 1459 1
7
-194 -1964 1
-261 828 1
-1601 -1730 1
-1899 -505 1
-911 1106 1
-1166 -1398 1
659 -1248 1
7
689 -515 1
-1034 750 1
-491 1654 1
1019 1930 1
-1817 1012 1
898 -1477 1
-1114 -1712 1
7
1556 -1049 1
1406 -459 1
1959 -1601 1
1278 68 1
960 -1215 1
-1785 1969 1
-878 657 1
7
1805 1323 1
1693 1695 1
-297 443 1
-1693 1604 1
686 1714 1
1062 2000 1
196 -709 1
7
1887 -1666 1
-1977 -1804 1
-68 -703 1
228 -649 1
-893 -1661 1
-881 1149 1
125 -452 1
7
-437 117 1
798 1324 1
193 -1082 1
376 782 1
-1923 -1396 1
1264 -627 1
-862 -836 1
7
1675 415 1
1979 1398 1
1858 -981 1
1477 979 1
-1889 329 1
-1583 -1159 1
-1302 1861 1
7
50 831 1
1380 -871 1
46 309 1
1396 1910 1
881 -1614 1
1981 -1647 1
813 1058 1
7
-1304 1397 1
1777 -158 1
-1552 1515 1
169 -706 1
491 65 1
-760 807 1
297 669 1
7
120 -816 1
262 1772 1
-733 975 1
219 1986 1
-886 -1177 1
-524 -871 1
-146 -193 1
7
-802 -915 1
1202 -138 1
-343 1686 1
-1539 746 1
-1748 1332 1
1701 -1626 1
1262 -1343 1
7
1569 -168 1
-1483 1352 1
-1602 709 1
-411 605 1
918 -927 1
1328 -380 1
43 -1637 1
7
-1863 -1567 1
1695 -642 1
1833 -1063 1
-1160 -531 1
294 343 1
-902 548 1
429 84 1
7
354 -583 1
33 -232 1
-1225 430 1
-469 -83 1
-979 311 1
-110 857 1
783 615 1
7
240 -1131 1
938 -497 1
1852 -1892 1
-1692 769 1
-827 -1670 1
1140 132 1
412 -584 1
7
-75 -1702 1
-652 -1236 1
-1581 -577 1
29 394 1
389 1765 1
234 -774 1
1117 1908 1
7
1403 -1808 1
-1583 240 1
-1880 -274 1
751 -512 1
1818 699 1
-560 -1929 1
-1586 1978 1
7
1205 -1689 1
-502 273 1
703 -1983 1
-1408 1339 1
-626 -18 1
-1584 1915 1
-353 253 1
7
1 1114 1
1524 -1830 1
1899 1296 1
491 54 1
536 -672 1
1248 -1894 1
1734 -1933 1
7
-215 553 1
1642 -542 1
-1838 -550 1
-486 1642 1
749 603 1
1918 404 1
1717 -1770 1
7
1055 1740 1
-1985 -1429 1
-300 750 1
230 810 1
287 -1658 1
1941 -283 1
1832 943 1
7
-547 -1411 1
1363 -1060 1
122 534 1
1982 1201 1
1220 -518 1
472 -1700 1
-1405 1534 1
7
1376 -565 1
-1305 -765 1
420 877 1
759 -932 1
1328 -48 1
-1146 0 1
-90 -494 1
7
-842 773 1
1949 518 1
-255 -1706 1
-787 817 1
204 1624 1
-1964 -112 1
-809 -97 1
7
-141 -1383 1
86 -179 1
-905 -1465 1
1602 1128 1
1417 1346 1
-1239 1836 1
653 1352 1
7
390 -1398 1
990 -1545 1
-474 982 1
1168 1907 1
28 1531 1
255 -887 1
184 678 1
7
1965 -1389 1
-1121 84 1
-41 4 1
961 -1064 1
534 -1958 1
-496 -299 1
-72 -749 1
7
-1600 -575 1
-1896 -94 1
1587 1189 1
-714 1944 1
1761 543 1
1479 1337 1
-559 840 1
7
-1421 916 1
1969 1180 1
1920 -1262 1
-323 -978 1
-596 -771 1
1387 -1240 1
-1921 -104 1
7
562 -1122 1
-1281 578 1
-24 -1476 1
-888 923 1
918 -1015 1
-577 835 1
1865 -765 1
7
-1510 -843 1
1329 1735 1
772 -1146 1
1001 1605 1
-265 387 1
1083 296 1
-937 -64 1
7
790 119 1
1118 -1724 1
-1286 -1111 1
-1699 -1059 1
1306 607 1
692 -1397 1
1072 -144 1
7
818 1992 1
1776 524 1
-39 -17 1
-1 -1475 1
654 -1208 1
1303 -961 1
1988 779 1
7
-822 -235 1
-1711 -1621 1
1149 -1348 1
740 -258 1
-1729 -1783 1
-836 73 1
1949 -582 1
7
132 1436 1
1671 1575 1
-1815 676 1
1942 87 1
-1861 -1476 1
-74 -1374 1
1840 -1048 1
7
1146 1567 1
1782 274 1
1705 32 1
577 -1888 1
1181 -874 1
-1090 1084 1
831 -1119 1
7
-1263 957 1
-1888 537 1
1332 -1295 1
1387 395 1
-1740 1404 1
-38 -1503 1
1257 1204 1
7
-535 70 1
384 344 1
-8 626 1
1833 683 1
1764 1059 1
336 -1096 1
-681 -755 1
7
-1932 -1135 1
1893 44 1
-125 -512 1
416 -1752 1
1579 1649 1
1945 1108 1
-261 -129 1
7
-1726 -1059 1
-1785 -1485 1
-1390 1311 1
1251 -1268 1
1256 -1162 1
-1466 -1736 1
1127 819 1
7
-677 -25 1
-1354 -664 1
1887 -1437 1
1484 487 1
-1144 1936 1
-70 -271 1
-1942 -1194 1
7
1106 -963 1
730 -327 1
360 -1787 1
-1627 -190 1
-1678 243 1
1218 -1337 1
-1593 -918 1
7
804 1182 1
437 -1879 1
-93 -1969 1
27 -853 1
1450 63 1
-1870 738 1
-573 -706 1
7
-170 -1617 1
842 1497 1
1977 -85 1
-1001 -982 1
606 1671 1
1343 498 1
572 330 1
7
-1887 338 1
-1464 -655 1
1443 -660 1
-59 181 1
994 -906 1
-1797 -1767 1
240 803 1
7
-384 571 1
-853 65 1
356 1855 1
-598 -1416 1
1257 1762 1
1713 186 1
-116 1760 1
7
1095 310 1
-1493 694 1
-685 -424 1
193 -1337 1
149 1118 1
1502 -418 1
-333 -1856 1
7
-1984 1098 1
-259 891 1
807 1841 1
-949 -232 1
-1614 -1651 1
336 770 1
1363 -804 1
7
1870 -1960 1
-1966 -1397 1
1079 1783 1
-493 1127 1
1109 -335 1
1981 312 1
-1031 -1061 1
7
-1487 1256 1
-1195 1516 1
-761 328 1
772 -1971 1
-380 1423 1
1502 1739 1
-1663 795 1
7
1442 -727 1
-533 -1799 1
612 948 1
-360 1968 1
-1023 -1912 1
-1529 1779 1
1476 1591 1
7
1684 -691 1
-138 50 1
914 1456 1
-3 -1659 1
341 1124 1
500 -1208 1
-789 -639 1
7
704 -675 1
-1337 -110 1
-1963 -1114 1
-910 1663 1
461 1523 1
-820 1741 1
1311 -1755 1
7
143 -1164 1
-1301 1454 1
1971 -383 1
380 -1192 1
-1000 1061 1
-198 588 1
-128 -1389 1
7
137 376 1
755 -574 1
959 1444 1
1478 155 1
-33 -1207 1
523 594 1
1648 1958 1
7
1020 -733 1
1363 119 1
1173 854 1
1764 1047 1
1412 -484 1
1482 1728 1
-1354 1347 1
7
-1937 340 1
458 579 1
-147 1509 1
348 236 1
-1267 1550 1
949 1310 1
-817 -1622 1
7
-186 -1734 1
1055 -455 1
999 -1164 1
1502 -1196 1
-21 -1838 1
996 1401 1
829 445 1
7
-149 -601 1
1414 -863 1
159 89 1
1469 -662 1
-627 -290 1
1877 -288 1
1384 576 1
7
-1774 -1345 1
-1345 -1047 1
965 -1339 1
1944 -7 1
458 -1496 1
723 -1315 1
1475 101 1
7
718 -249 1
807 -394 1
493 -5 1
648 -1573 1
1611 1153 1
-1096 -1778 1
-1558 1952 1
7
948 879 1
1909 -1463 1
1848 1272 1
1411 -689 1
-265 -602 1
619 -974 1
-415 777 1
7
299 -9 1
1297 711 1
-895 1293 1
-1754 -1036 1
-339 1035 1
-552 -1229 1
1367 -495 1
7
1273 -1548 1
1282 -1348 1
-264 -1765 1
1579 -277 1
-1458 1116 1
-789 1486 1
576 1181 1
7
1257 -1715 1
360 -1279 1
842 545 1
-52 1825 1
-332 -251 1
-1850 399 1
-147 -1212 1
7
1549 -1081 1
-81 1279 1
1139 663 1
471 593 1
783 352 1
-1679 -1641 1
-581 377 1
7
-296 -824 1
1377 -912 1
1 -379 1
-1278 -892 1
-493 -1047 1
190 -781 1
-1723 -1999 1
7
-410 -1354 1
1284 1703 1
-1464 651 1
-1046 -1208 1
-1377 -509 1
769 1932 1
-620 -505 1
7
1015 -1883 1
1355 -1011 1
-1190 -1855 1
660 1015 1
-416 1036 1
-1070 169 1
848 479 1
7
976 697 1
-734 686 1
1829 1658 1
50 830 1
1284 -124 1
-1481 204 1
-1647 -865 1
7
532 -658 1
1104 180 1
878 285 1
1784 -1065 1
-973 -1432 1
1467 624 1
1546 368 1
7
502 -1829 1
26 1342 1
-1756 881 1
-650 -1806 1
736 1594 1
-1938 24 1
-1802 881 1
7
-1174 -245 1
924 1307 1
339 200 1
-361 -1794 1
-980 1981 1
1203 38 1
354 1493 1
7
542 345 1
-1474 -1927 1
-1080 963 1
-1423 -249 1
-365 157 1
-1820 -93 1
1531 -1146 1
7
912 -1351 1
1861 591 1
-108 -996 1
-1511 1341 1
-1810 1808 1
-1360 404 1
-1034 -321 1
7
640 -1131 1
-298 470 1
-1179 1671 1
-1111 1586 1
-1212 331 1
1034 -1913 1
701 844 1
7
1873 -1547 1
44 80 1
-1916 1598 1
-1307 -1465 1
-674 1291 1
-451 -1648 1
-811 1265 1
7
-147 -961 1
-1551 484 1
-434 0 1
333 -1157 1
-436 1559 1
-932 102 1
-24 -681 1
7
1191 -1795 1
-316 -1792 1
-428 -1468 1
-1747 -363 1
1735 1543 1
-684 54 1
-1891 747 1
7
-20 449 1
459 1670 1
-905 1577 1
-1090 -1082 1
-797 -187 1
-1100 -1128 1
969 -1134 1
7
59 -592 1
-204 1460 1
256 -439 1
-1489 1977 1
792 -114 1
1972 -959 1
449 215 1
7
-1650 -759 1
-114 -1322 1
77 524 1
-1767 -1746 1
1115 1287 1
-80 -1335 1
13 417 1
7
1999 -88 1
444 -1447 1
-1172 -691 1
1643 -395 1
520 -776 1
773 1573 1
-1434 -1220 1
7
1570 1971 1
-385 -1155 1
1288 -2 1
1509 -970 1
-814 1894 1
143 215 1
-740 882 1
7
-459 -133 1
-1930 -1817 1
564 -138 1
275 -1387 1
-423 631 1
424 1977 1
488 818 1
7
-1717 -59 1
1504 1421 1
-22 -670 1
235 -1698 1
-1724 -1257 1
-1318 1965 1
1867 -1694 1
7
-911 1508 1
-340 -651 1
249 -1524 1
-1286 1728 1
1428 1311 1
-1783 363 1
581 1383 1
7
1904 -83 1
-391 379 1
-108 1346 1
634 -1509 1
-1027 1268 1
1344 695 1
823 166 1
7
-1882 -180 1
-1 867 1
1440 -308 1
-1194 -410 1
-980 1749 1
-1979 367 1
-170 -128 1
7
490 291 1
1037 -905 1
-893 308 1
1907 -1948 1
-1123 -89 1
41 60 1
-1162 -361 1
7
-356 1351 1
1389 1193 1
942 880 1
1251 -365 1
1854 -643 1
-309 1888 1
-233 466 1
7
-1241 -1694 1
-1382 1625 1
976 255 1
1208 948 1
-254 -558 1
326 -734 1
-3 -1305 1
7
-229 1011 1
751 -619 1
897 292 1
365 -1118 1
685 1080 1
-600 825 1
-748 649 1
7
-1061 1278 1
1991 -187 1
-1375 354 1
1938 -1947 1
-1690 -62 1
1352 733 1
-98 -1304 1
7
-1459 1262 1
-1025 -127 1
-1910 41 1
213 -771 1
192 -103 1
-1143 -1954 1
1281 1307 1
7
-1655 -1886 1
589 928 1
-1507 -444 1
-1592 -1926 1
-1158 637 1
-1406 -690 1
263 1371 1
7
-1025 449 1
-1431 -20 1
550 -1384 1
-207 535 1
-681 -217 1
-1112 -1924 1
992 -1762 1
7
-691 -53 1
1257 -1960 1
-388 -481 1
1000 -1636 1
-1690 -1445 1
-1320 -929 1
1034 -1654 1
7
-853 -1452 1
-130 -711 1
484 -1190 1
119 1087 1
802 1605 1
78 -1470 1
-1613 -480 1
7
-977 1301 1
-1664 1014 1
-423 -885 1
-472 -1982 1
686 292 1
130 901 1
839 -1743 1
7
1151 -1745 1
-980 269 1
-1982 -1618 1
-1152 -1092 1
-879 -1571 1
-1934 916 1
506 1487 1
7
1326 -1838 1
1206 504 1
-390 -155 1
-1576 -1881 1
629 -683 1
-1723 -914 1
785 1395 1
7
-281 -1272 1
1876 1 1
1833 431 1
-134 929 1
-1199 -1194 1
311 -1397 1
-451 -175 1
7
988 -170 1
-1364 -892 1
114 -1739 1
1367 -1653 1
-1258 -966 1
-777 1500 1
-725 -1258 1
7
-236 1441 1
556 1638 1
-807 657 1
1065 665 1
1077 -1596 1
1135 1753 1
425 -970 1
7
-1110 1609 1
1012 -921 1
150 161 1
1303 507 1
474 1830 1
-559 -1873 1
1425 -212 1
7
-1105 516 1
-1264 493 1
-1539 -1220 1
1600 902 1
-492 -1165 1
1170 642 1
-938 -899 1
7
1805 1370 1
166 1350 1
-347 1478 1
-600 -1974 1
-1353 88 1
1274 1969 1
-408 -1803 1
7
-1704 -219 1
1348 927 1
324 -2 1
871 1807 1
-1222 -1272 1
-498 983 1
218 -1597 1
7
-655 -969 1
202 -12 1
1014 -932 1
37 -1057 1
1846 230 1
1295 1731 1
1111 482 1
7
-694 1059 1
-1193 1003 1
322 872 1
1062 887 1
805 -913 1
-158 576 1
-1736 -1475 1
7
-1241 1231 1
677 -357 1
1238 -769 1
312 -297 1
512 1016 1
-1197 -1188 1
-658 567 1
7
1490 -1758 1
-1639 -1278 1
1164 -1680 1
-1721 143 1
102 1490 1
1239 -932 1
-1678 -1687 1
7
747 1947 1
26 -799 1
208 -480 1
859 -905 1
1100 1803 1
1899 -679 1
-1021 1149 1
7
206 -1692 1
-1471 1192 1
-283 10 1
1656 102 1
638 1288 1
-1188 1097 1
59 -1176 1
7
-700 80 1
-531 -1054 1
653 -344 1
-1149 -744 1
321 468 1
1295 483 1
846 839 1
7
-1097 -248 1
-285 81 1
-486 -565 1
-439 1402 1
769 1770 1
-838 419 1
-1402 1883 1
7
-521 -1983 1
-1475 809 1
-278 1872 1
-207 -959 1
322 -180 1
365 1769 1
-929 1896 1
7
-196 -1475 1
-1758 -1827 1
-1904 -317 1
-941 242 1
1383 310 1
-701 736 1
192 1880 1
7
1013 1126 1
-1684 1488 1
-745 -1309 1
-645 -193 1
385 -112 1
1135 1534 1
-1877 -1502 1
7
-375 126 1
-886 607 1
1778 499 1
-667 1487 1
1270 -678 1
-640 1165 1
-848 1708 1
7
-739 -1278 1
-643 1766 1
1825 487 1
-611 -1804 1
-29 -174 1
1174 1195 1
1961 -909 1
7
-572 -1248 1
-861 -1761 1
-306 406 1
-562 14 1
305 1771 1
1581 1625 1
-336 92 1
7
-1938 313 1
791 1561 1
293 -1936 1
-749 294 1
1575 -585 1
-1582 1940 1
-672 990 1
7
907 2000 1
303 -624 1
-340 -670 1
-1834 -1577 1
-329 -1204 1
1228 -1590 1
-389 -684 1
7
675 1042 1
912 -1633 1
1090 1414 1
1726 -176 1
1175 1903 1
1352 53 1
-420 1095 1
7
-1374 -99 1
-1639 682 1
-1102 -1712 1
-661 -244 1
47 -1501 1
-173 616 1
773 771 1
7
-1566 758 1
831 310 1
-1073 535 1
74 -1648 1
1526 -898 1
1214 234 1
-1177 234 1
7
-1636 -644 1
-142 719 1
-1624 -438 1
-1990 1924 1
189 -995 1
-977 -756 1
-1797 1650 1
7
-1629 -637 1
190 1981 1
1172 559 1
772 -505 1
-602 -1819 1
1406 1387 1
92 -1222 1
7
-982 -1277 1
-280 209 1
1378 -1791 1
-457 980 1
-456 124 1
40 1614 1
-1929 1969 1
7
-1858 -1518 1
-1684 1271 1
-178 -1335 1
1344 489 1
-741 1916 1
1540 -1833 1
1425 -1634 1
7
-735 889 1
1388 -1688 1
-1477 -854 1
-830 -777 1
-1934 -1383 1
-540 599 1
512 1236 1
7
457 -1896 1
-1019 -1338 1
-1057 1516 1
-1118 -745 1
-1591 -1135 1
823 19 1
399 773 1
7
520 -1026 1
1196 -929 1
1372 1562 1
-132 1499 1
-956 1075 1
1904 -736 1
-1395 -103 1
7
194 -732 1
-1070 42 1
-397 948 1
-1109 -1151 1
987 1913 1
211 -1345 1
-640 519 1
7
-588 -1667 1
-92 -705 1
-1059 966 1
1080 -1560 1
1202 -1649 1
-1509 448 1
880 -891 1
7
51 145 1
135 533 1
1515 606 1
1430 -362 1
-377 -1087 1
1629 -1378 1
-394 1852 1
7
-1929 1991 1
-367 865 1
726 1097 1
-1995 660 1
-475 -1397 1
540 -938 1
-1150 -1732 1
7
-582 1709 1
-1726 1447 1
-1020 1026 1
-164 1495 1
1370 -145 1
1635 693 1
956 1526 1
7
-1885 926 1
1676 1156 1
-1468 -1197 1
1557 1057 1
-1290 1235 1
-1153 1113 1
-282 327 1
7
-1342 -1904 1
-344 -948 1
912 880 1
-509 1394 1
-1344 89 1
433 -1532 1
5 -841 1
7
-1502 -463 1
185 1819 1
-1057 991 1
-1916 -1109 1
850 -153 1
-507 862 1
-1463 -840 1
7
-48 -1567 1
-1358 543 1
147 -344 1
-1351 1061 1
1433 -1783 1
462 1662 1
75 -1464 1
7
1701 -1689 1
-519 649 1
-1738 1159 1
1751 -800 1
-1747 1424 1
-554 -1440 1
-1869 1085 1
7
1636 -658 1
218 1827 1
1565 -43 1
1459 1806 1
1095 -1273 1
-1790 -640 1
-10 -922 1
7
-265 -485 1
-1528 1709 1
-841 1528 1
-535 -1151 1
420 -120 1
-1632 -111 1
-1222 -467 1
7
-136 425 1
238 405 1
-550 -1695 1
-1110 577 1
1030 -387 1
862 648 1
1498 -185 1
7
1500 -1772 1
-980 -1743 1
-8 1955 1
1539 961 1
1803 -652 1
1566 -1930 1
1591 1404 1
7
1403 999 1
-645 -1897 1
-404 -1753 1
-1071 1668 1
1694 -933 1
547 996 1
-950 -1545 1
7
997 -1198 1
-979 1023 1
1768 -1701 1
522 114 1
327 748 1
-1901 1434 1
-757 -934 1
7
1624 1904 1
-1818 857 1
-333 1813 1
-1428 -191 1
510 110 1
-834 985 1
719 204 1
7
373 -1991 1
-24 -74 1
527 -697 1
-1890 1888 1
-1765 1450 1
-1197 -1209 1
1580 812 1
7
1941 519 1
-1389 425 1
972 -722 1
-201 -908 1
243 -1591 1
1399 1863 1
1690 485 1
7
-1095 -1997 1
-349 -1749 1
-442 -960 1
567 -1124 1
-81 654 1
-1058 440 1
-747 827 1
7
-179 -112 1
836 1528 1
1362 -229 1
-699 -184 1
614 1955 1
1315 468 1
785 -1771 1
7
1665 -187 1
-10 -1236 1
1038 1084 1
667 1376 1
-1034 983 1
-277 1931 1
33 -1021 1
7
1578 399 1
722 90 1
279 -1636 1
240 -862 1
970 1902 1
-1585 -468 1
-405 -1583 1
7
1627 -490 1
109 1190 1
1679 36 1
784 1754 1
-1386 -200 1
-588 -974 1
-232 1905 1
7
1577 -401 1
923 -17 1
-1156 1619 1
-815 -917 1
1752 1464 1
-397 475 1
-1601 -822 1
7
1819 1239 1
1299 -388 1
956 765 1
1546 1930 1
-295 1435 1
-606 -1045 1
387 806 1
7
-1131 -1144 1
1857 1163 1
168 -1750 1
-1806 -1882 1
1986 -84 1
901 504 1
-1279 -739 1
7
858 -238 1
-169 1531 1
1532 -1521 1
-964 285 1
170 -603 1
474 -1756 1
-137 200 1
7
821 -160 1
-38 1946 1
1538 -933 1
1679 -334 1
341 55 1
-1872 -857 1
817 1318 1
7
1588 321 1
-1861 439 1
620 -832 1
-1657 382 1
-448 908 1
732 -1788 1
-1080 -1895 1
7
1020 946 1
-1137 829 1
1947 1606 1
-1349 -1006 1
-1425 -1307 1
-1901 -1939 1
712 1218 1
7
-1475 -663 1
-53 1315 1
442 1159 1
266 -1622 1
445 -385 1
1732 -299 1
-300 1183 1
7
-101 435 1
764 204 1
952 -203 1
-164 -1566 1
-695 -1151 1
-1650 946 1
621 -1201 1
7
815 -1299 1
1343 -33 1
591 1183 1
1089 -567 1
317 1533 1
-765 34 1
1198 996 1
7
1612 -78 1
1500 1125 1
-1085 -412 1
-1357 -356 1
-1331 285 1
61 -1618 1
-130 1408 1
7
1601 -307 1
1861 -761 1
-1413 -1724 1
1394 -123 1
-13 1064 1
894 -1982 1
-1489 -1910 1
7
1555 1690 1
-188 -1804 1
1429 491 1
1015 1600 1
-1218 510 1
1098 1534 1
1974 535 1
7
1816 156 1
811 -284 1
387 -1208 1
618 -1539 1
-823 -206 1
-1195 -709 1
-627 1904 1
7
215 550 1
-303 753 1
-1654 356 1
-447 468 1
-1072 214 1
-578 -853 1
1775 -889 1
7
1463 236 1
-87 359 1
514 737 1
-1446 1085 1
-1427 654 1
-647 1696 1
-1557 855 1
7
1770 1892 1
1287 -1466 1
-1914 1856 1
-615 1226 1
267 -1237 1
530 -1185 1
-201 -765 1
7
-1071 457 1
-1813 510 1
1895 -1360 1
-1866 -90 1
-1670 1046 1
1478 662 1
444 241 1
7
-935 671 1
-858 430 1
211 -1353 1
-94 -1578 1
-1852 568 1
1186 742 1
1249 -1598 1
7
-650 1879 1
-188 826 1
1309 -906 1
2 1912 1
1251 1815 1
368 1126 1
426 -437 1
7
669 -1524 1
-467 1936 1
-1742 139 1
1521 -19 1
-1801 -108 1
1623 -358 1
447 -256 1
7
1215 312 1
457 -351 1
-1337 1947 1
-1800 -1352 1
-1139 1346 1
1782 17 1
-559 1820 1
7
940 -592 1
1663 1135 1
773 -50 1
266 -1849 1
653 -1301 1
517 -1065 1
1231 -1760 1
7
1751 -1934 1
-817 -1205 1
1588 -1277 1
-1818 140 1
922 -1537 1
-1059 1010 1
-1262 1965 1
7
1990 -581 1
-757 261 1
1945 -1099 1
-293 -1308 1
1865 -802 1
381 1876 1
-565 200 1
7
1263 1087 1
104 -1415 1
-376 -431 1
1801 -1578 1
380 1430 1
208 -1275 1
-1771 -468 1
7
525 206 1
1838 1775 1
792 -1291 1
-1941 1368 1
648 1228 1
-1854 815 1
787 219 1
7
-154 855 1
-889 598 1
-1106 1481 1
1690 1377 1
239 -715 1
1985 -1896 1
-666 1085 1
7
-1104 1063 1
1109 416 1
-528 -164 1
-1890 -183 1
-1683 -597 1
-1050 -1739 1
1780 -465 1
7
1849 639 1
1514 -1008 1
-1916 935 1
-1077 958 1
1577 1377 1
-1929 1338 1
-247 -476 1
7
-1899 3 1
-811 1592 1
1948 476 1
-1540 -491 1
1745 974 1
1075 -99 1
-981 -434 1
7
1800 454 1
951 1030 1
-1841 1141 1
-1733 -1799 1
1944 719 1
-600 594 1
-249 162 1
7
497 1651 1
-646 -1653 1
1986 -795 1
-843 -607 1
862 1972 1
-351 1165 1
1942 415 1
7
-22 1807 1
-832 895 1
-944 916 1
1479 577 1
934 1398 1
-1740 -1179 1
370 -1843 1
7
547 -1049 1
-1124 -1446 1
-617 -1158 1
1080 526 1
-1212 191 1
446 1858 1
-1027 354 1
7
1671 -1688 1
-498 -103 1
-1679 1850 1
1936 1251 1
1859 -1332 1
149 -244 1
379 332 1
7
698 -1261 1
-1938 994 1
-536 117 1
1514 -1501 1
966 -1447 1
687 -1703 1
769 -1891 1
7
-1224 -892 1
1667 711 1
1653 281 1
1135 1649 1
-962 1152 1
6 745 1
1615 300 1
7
-1800 1041 1
-1939 -1776 1
504 32 1
1200 469 1
251 267 1
-873 -653 1
-53 1145 1
7
1668 -473 1
1845 704 1
-446 527 1
-1773 364 1
-1154 -238 1
118 -1851 1
-969 -967 1
7
1791 430 1
1158 -55 1
-1422 125 1
-1945 299 1
-1928 978 1
-1155 -869 1
1330 -1464 1
7
474 229 1
1818 1459 1
965 938 1
1270 445 1
-1756 -795 1
-1122 1402 1
299 -66 1
7
-1379 1792 1
1191 -1122 1
373 1787 1
759 1378 1
-1298 -1658 1
494 427 1
-999 -349 1
7
549 558 1
-1831 1535 1
676 -328 1
1815 1885 1
-1204 354 1
1611 744 1
-1460 641 1
7
-1537 -993 1
-502 337 1
-735 -1198 1
-586 -22 1
-109 305 1
1849 1234 1
260 -1549 1
7
-1173 -341 1
84 450 1
-1071 1746 1
-263 -1120 1
-1435 -758 1
-1426 -707 1
-1830 892 1
7
-1858 -281 1
-1166 1964 1
-858 -1868 1
1122 724 1
-725 138 1
-1818 1186 1
-951 427 1
7
-1614 -623 1
1186 1147 1
-1606 20 1
1843 1037 1
-1995 -695 1
-1382 1615 1
1015 114 1
7
1178 -67 1
-179 1832 1
-407 873 1
239 -1708 1
-1891 -899 1
232 -1464 1
-427 -1178 1
7
602 -986 1
-80 -1299 1
-1998 -760 1
-119 1139 1
-685 1530 1
-448 -1091 1
-1251 -1493 1
7
-1170 -1185 1
394 360 1
-1022 802 1
-819 296 1
406 67 1
-1126 -1234 1
-1782 -1090 1
7
-371 1541 1
-671 1605 1
-1332 -1355 1
-1252 1041 1
-1949 277 1
-500 1227 1
38 1941 1
7
-532 1058 1
-1293 -484 1
256 132 1
1623 -398 1
365 1790 1
534 133 1
542 1633 1
7
475 -797 1
1654 -1655 1
911 1130 1
630 -883 1
1618 -171 1
286 316 1
299 -1340 1
7
-73 -1264 1
-1692 -1751 1
-1003 990 1
-1904 676 1
-939 -864 1
-1138 393 1
369 -1379 1
7
-715 -1533 1
-1442 -1870 1
1193 -588 1
1816 1611 1
148 1300 1
-678 -1187 1
-1762 -735 1
7
829 659 1
-369 1917 1
563 -1564 1
-1134 -301 1
-1856 -614 1
1615 -335 1
-930 1096 1
7
-1583 182 1
-82 1078 1
526 821 1
-720 1275 1
1780 1714 1
496 1152 1
1803 191 1
7
-983 1007 1
349 1647 1
624 -1802 1
1641 705 1
790 -1139 1
1098 718 1
619 -1568 1
7
693 -1865 1
-868 -909 1
-1459 -493 1
506 560 1
-1663 417 1
-212 69 1
159 483 1
7
-1761 -1606 1
1607 -1474 1
1509 1228 1
-620 246 1
382 1255 1
-1741 -1702 1
-1214 -63 1
7
-697 887 1
306 -13 1
1336 -245 1
1385 4 1
-824 469 1
-1174 1619 1
-695 749 1
7
1726 -1839 1
1850 1123 1
391 -760 1
-1998 -456 1
-15 -1568 1
-1084 -1776 1
-759 -392 1
7
-1622 1976 1
-548 -1861 1
-642 -436 1
-594 1900 1
-75 826 1
-1000 -560 1
1594 467 1
7
815 -1370 1
311 -1863 1
-1289 798 1
479 1184 1
-1512 1893 1
-1795 -1648 1
916 -890 1
7
-62 -478 1
-261 -981 1
-573 1353 1
-1116 -1834 1
-1354 -243 1
34 1444 1
1611 -657 1
7
-1459 1764 1
-424 -959 1
-691 -39 1
-1980 1654 1
147 1088 1
383 291 1
-389 1433 1
7
-35 1043 1
-106 745 1
-1253 -619 1
-363 -1197 1
-626 -152 1
736 -401 1
-706 -1122 1
7
1226 556 1
-1621 -1586 1
1353 -1805 1
1872 1460 1
481 660 1
-1135 -1774 1
-227 -1112 1
7
-899 -1907 1
975 755 1
372 1960 1
1916 1664 1
735 -1597 1
467 -401 1
1638 1387 1
7
713 346 1
452 1625 1
-600 -1073 1
-1854 933 1
1764 1065 1
1900 -904 1
876 -1434 1
7
-496 -1480 1
-1012 1746 1
-1909 128 1
-1552 164 1
1350 -1597 1
559 1294 1
-222 -48 1
7
-1097 -25 1
-188 911 1
-675 1718 1
1757 -1760 1
986 1719 1
-754 -401 1
-1856 405 1
7
-163 1922 1
1714 1683 1
656 -907 1
739 1343 1
-1559 719 1
-413 -475 1
-215 1395 1
7
-220 -1286 1
1006 -914 1
409 912 1
1490 -302 1
-824 1561 1
-1921 821 1
910 738 1
7
-397 -1820 1
-1417 -21 1
-878 1459 1
-72 -1558 1
336 -1541 1
-1251 -1583 1
405 695 1
7
-1740 285 1
1462 265 1
692 1437 1
-341 979 1
1732 949 1
40 -932 1
-779 1000 1
7
295 465 1
-1015 1021 1
-1354 747 1
-1486 627 1
1777 -1573 1
36 593 1
-1117 -1630 1
7
-1869 -1560 1
-1359 1795 1
-752 -666 1
1154 1770 1
1815 -1558 1
-1433 1438 1
-962 153 1
7
556 861 1
1742 -1478 1
815 90 1
-1524 -765 1
-46 -1888 1
1300 -885 1
1169 -604 1
7
1898 -1519 1
-653 -1708 1
-23 -927 1
-1397 655 1
1699 1400 1
-616 370 1
1854 -402 1
7
336 -1785 1
-139 1912 1
1008 -1001 1
1489 -461 1
-1907 1237 1
-676 488 1
-576 1461 1
7
91 612 1
327 1780 1
-1616 -916 1
-752 90 1
608 1391 1
-1794 -568 1
96 1672 1
7
1309 -278 1
695 1270 1
1723 -1778 1
1107 409 1
1965 -1777 1
982 1359 1
-1044 -535 1
7
-1323 -546 1
-663 -1683 1
438 824 1
-1393 1434 1
1836 -1483 1
-340 -1800 1
435 1007 1
7
-658 1468 1
1706 1195 1
1420 -71 1
526 -492 1
1297 216 1
841 636 1
-1481 1638 1
7
164 -552 1
-989 -1260 1
1463 965 1
-1404 516 1
-1096 -1912 1
-385 1574 1
-396 -287 1
7
-1642 1110 1
851 1147 1
-830 1617 1
-1909 -1305 1
-1213 1158 1
1052 -121 1
-169 -1378 1
7
1117 -1488 1
1708 1466 1
-559 303 1
-5 -309 1
-589 1399 1
1019 1406 1
3 -1915 1
7
-359 -1407 1
-276 279 1
-866 -1621 1
227 1430 1
1356 1149 1
-294 927 1
-637 -2000 1
7
-657 1027 1
1687 240 1
469 1845 1
-1524 448 1
-221 -181 1
575 1937 1
-438 -663 1
7
-1330 9 1
987 -309 1
1016 -451 1
-1622 -1207 1
-1288 517 1
-763 -536 1
1594 101 1
7
-1889 1261 1
368 -1185 1
-59 -19 1
797 1997 1
1465 1808 1
87 1103 1
-742 -1377 1
7
1459 1774 1
1507 -808 1
-848 1891 1
-614 -1590 1
1899 88 1
-1648 -1349 1
-988 1159 1
7
139 674 1
1746 360 1
542 181 1
-5 1653 1
-1645 1801 1
-1889 -1535 1
1927 -1651 1
7
-219 1539 1
-142 1859 1
1621 89 1
1658 -1155 1
-472 -1567 1
1908 -1517 1
1471 756 1
7
652 -1237 1
-461 -908 1
166 -78 1
-61 -1481 1
1553 888 1
1264 956 1
-1622 753 1
7
369 1321 1
-866 -1644 1
1522 -524 1
-1634 -1389 1
-259 151 1
863 1009 1
-1763 -302 1
7
-1937 1460 1
659 510 1
1112 -458 1
-65 1239 1
932 180 1
1678 1918 1
-1787 914 1
7
-1100 1561 1
885 -500 1
1371 1237 1
-100 469 1
-1816 809 1
-1146 1768 1
825 472 1
7
732 -408 1
1005 51 1
1499 1179 1
1048 1998 1
-1589 -1768 1
944 1512 1
212 -1348 1
7
-102 577 1
-472 -1391 1
1575 1381 1
324 1012 1
-1752 1434 1
123 705 1
-1838 539 1
7
-886 -4 1
-1868 32 1
-1179 -778 1
-828 -278 1
1643 1379 1
868 1781 1
896 -907 1
7
715 -1971 1
280 1056 1
-1424 106 1
-981 1556 1
-1903 1246 1
-478 1239 1
-1244 -955 1
7
-1209 -58 1
-53 1927 1
-1325 1457 1
-343 303 1
680 1972 1
482 1615 1
1925 -1069 1
7
17 659 1
-1394 -378 1
-1548 -93 1
-1086 605 1
-1207 1362 1
1858 1883 1
1023 -251 1
7
1781 -477 1
-24 -228 1
408 -738 1
-1180 1248 1
880 256 1
-1017 -280 1
-1153 1942 1
7
711 -531 1
-396 1399 1
-617 -1593 1
-1759 -1232 1
-834 -349 1
22 452 1
-56 152 1
7
-582 1645 1
1841 -934 1
-1453 -1049 1
1430 1937 1
-1881 1308 1
1742 -898 1
-947 -1549 1
7
1955 -740 1
-950 -446 1
1318 -301 1
1037 1454 1
-1849 -1892 1
1092 676 1
1189 1984 1
7
-1349 276 1
1844 252 1
918 -1488 1
-1825 1782 1
-1470 1988 1
-95 -277 1
707 1475 1
7
-290 1163 1
-337 -1506 1
-1928 1866 1
-636 -27 1
46 -147 1
944 -1704 1
-480 704 1
7
-243 -836 1
1790 -78 1
1105 -1391 1
1377 -1051 1
-1217 -1385 1
-207 -743 1
1521 1557 1
7
1373 -1581 1
526 -1621 1
1850 1901 1
53 85 1
-516 -1049 1
1522 -346 1
504 1512 1
7
-821 -1509 1
633 -826 1
-570 1876 1
1105 244 1
697 -1918 1
-714 -328 1
1226 237 1
7
651 1404 1
-430 -18 1
553 -973 1
-1540 -1889 1
-589 378 1
-1175 1710 1
458 -530 1
7
-90 1871 1
1450 -477 1
-1966 753 1
-672 -1392 1
1166 -1654 1
-1688 1977 1
-644 -1607 1
7
-1543 -541 1
687 -1914 1
-1080 -1184 1
-289 335 1
-1787 -1347 1
-1216 691 1
1437 -124 1
7
402 -1102 1
74 1732 1
1928 986 1
-685 1842 1
-1875 824 1
1562 -1071 1
-1530 488 1
7
-706 557 1
233 1629 1
1840 435 1
475 -20 1
-1169 1617 1
1824 -1685 1
1484 -897 1
7
392 538 1
-1607 774 1
76 -694 1
-384 1082 1
724 1964 1
-1407 1908 1
1225 1441 1
7
741 -679 1
-1211 1761 1
734 521 1
1850 -1650 1
1217 -1588 1
867 -1604 1
-1664 282 1
7
502 348 1
306 -1833 1
1924 -1116 1
1937 705 1
-197 -103 1
1678 -798 1
-1870 -692 1
7
-1439 -352 1
-1595 505 1
-1130 396 1
1412 1505 1
1849 -690 1
369 69 1
-802 1138 1
7
173 -273 1
1608 746 1
-566 1416 1
1344 -218 1
-317 688 1
229 618 1
1959 -1706 1
7
489 224 1
-700 743 1
232 1741 1
1477 -496 1
1943 525 1
1843 1876 1
-689 1101 1
7
-1769 456 1
935 724 1
908 225 1
-620 -373 1
-79 1054 1
637 487 1
760 -709 1
7
-1785 -1801 1
-1870 818 1
1186 -486 1
-307 -195 1
-1542 1283 1
983 -597 1
1009 569 1
7
845 1687 1
-947 -1770 1
1789 -933 1
-430 -1626 1
-1916 -1077 1
-724 -1085 1
-601 -386 1
7
-111 703 1
753 -1950 1
-1019 1148 1
-1018 1677 1
1640 1565 1
-136 -1673 1
-318 -9 1
7
1354 869 1
-1760 949 1
700 1181 1
-693 -1766 1
-1251 435 1
-155 1751 1
1743 483 1
7
-1372 1388 1
-679 -1839 1
988 -1455 1
1929 -1589 1
-17 -1488 1
-95 657 1
-617 -1263 1
7
-799 -1340 1
-1509 1317 1
635 485 1
-1338 -1276 1
-662 -1320 1
944 1533 1
-218 -702 1
7
1249 1319 1
792 1341 1
883 1179 1
1692 -1603 1
1861 -1757 1
-1105 -1276 1
-501 -499 1
7
739 395 1
-1710 1142 1
213 -438 1
1744 -961 1
-31 663 1
-1111 -1050 1
1879 354 1
7
1349 1315 1
1239 -104 1
1722 150 1
-1981 503 1
-1589 1927 1
1072 -1468 1
-1991 -535 1
7
953 1326 1
-1190 211 1
1247 -527 1
-243 1060 1
-1466 1270 1
1238 1026 1
1122 -169 1
7
-1355 -898 1
-1649 979 1
1269 1575 1
-954 126 1
74 -1057 1
589 -929 1
-805 766 1
7
245 -439 1
738 755 1
186 -791 1
379 -1479 1
-120 527 1
-853 -925 1
-625 951 1
7
-994 -1949 1
1921 1033 1
1310 -456 1
1700 717 1
-63 -1204 1
602 1994 1
826 1318 1
7
-343 1706 1
853 -377 1
385 -881 1
-460 -1577 1
252 -1974 1
-514 -857 1
1590 34 1
7
-758 -643 1
431 -1153 1
840 -1020 1
-686 530 1
141 -229 1
200 -785 1
1550 -763 1
7
-1235 1648 1
584 1052 1
-1694 -1871 1
-1128 7 1
-1559 1100 1
630 -1092 1
1132 1026 1
7
-501 -134 1
-474 -1870 1
1077 416 1
535 919 1
-203 275 1
-455 644 1
1958 -1444 1
7
-1240 125 1
1838 905 1
-101 1168 1
1690 -180 1
1887 -1086 1
-1537 1309 1
-1339 1615 1
7
-868 -1622 1
17 1135 1
379 -1979 1
319 -1186 1
272 181 1
692 -1309 1
1551 568 1
7
886 334 1
294 -1628 1
406 1824 1
-1881 -280 1
954 -1470 1
-1695 1694 1
1712 -636 1
7
-928 1061 1
1860 383 1
1329 1760 1
609 -47 1
599 1765 1
1717 -182 1
296 -399 1
7
-1133 327 1
-534 -1822 1
1871 -1131 1
1060 1540 1
-282 -991 1
-734 573 1
-63 -847 1
7
1369 1285 1
1236 -1523 1
1614 -462 1
-422 1653 1
-376 1417 1
492 -986 1
-1479 -1794 1
7
1377 -942 1
216 1470 1
-1867 -40 1
402 -400 1
1970 791 1
-745 286 1
1921 -803 1
7
1165 -76 1
-1149 -1020 1
-1531 -604 1
-929 -1501 1
-539 344 1
-1757 -1415 1
749 -7 1
7
98 -1521 1
-1780 -1765 1
-772 1449 1
-734 1681 1
569 722 1
-1676 -1247 1
-591 379 1
7
730 -986 1
-307 1069 1
-457 -1266 1
-1174 -1915 1
-1872 -1897 1
-1304 255 1
-1381 -1802 1
7
879 1968 1
-624 260 1
-1151 -588 1
-690 812 1
-1274 209 1
1966 509 1
1844 -395 1
7
1647 1058 1
1636 393 1
485 1299 1
-238 -348 1
1397 -983 1
847 -531 1
1577 693 1
7
154 -1815 1
-1069 -1886 1
-1835 1201 1
-117 -1351 1
-540 995 1
-254 -1679 1
-159 -1022 1
7
1797 1469 1
-65 -1394 1
1204 1959 1
1454 -41 1
485 -774 1
-1314 977 1
-1822 1516 1
7
-1191 -1201 1
295 1129 1
-333 1429 1
-936 -262 1
67 -1634 1
1476 1436 1
-909 -1470 1
7
-284 -809 1
-1769 -1769 1
-1817 1640 1
1808 -1467 1
1280 959 1
-150 -1215 1
424 1638 1
7
515 -462 1
533 40 1
-1315 699 1
-1362 849 1
360 280 1
-24 -322 1
1201 -2 1
7
-891 1891 1
-270 239 1
-1887 -249 1
-548 515 1
1501 434 1
1814 406 1
1254 -781 1
7
44 1387 1
1345 -1874 1
-993 -576 1
1547 -829 1
716 -1766 1
-7 -1535 1
-1994 331 1
7
-875 48 1
-498 249 1
-1345 -1999 1
1320 -388 1
1483 1664 1
-1402 1915 1
849 705 1
7
176 1955 1
-1667 786 1
1240 278 1
-1040 -1280 1
-1091 -773 1
44 431 1
-1582 -1042 1
7
-1344 642 1
-1213 710 1
1360 1082 1
-1489 612 1
637 1055 1
1487 -1984 1
-1566 1371 1
7
1299 -1979 1
1154 -1841 1
19 419 1
491 -1651 1
345 -1323 1
-1728 1228 1
-506 902 1
7
1966 -1490 1
1937 -1155 1
-101 1231 1
1919 -787 1
1545 -640 1
844 -1719 1
636 1029 1
7
43 -1924 1
598 -411 1
142 847 1
-1695 139 1
1431 587 1
122 730 1
-647 1627 1
7
-241 1926 1
491 375 1
-44 -531 1
-283 -1121 1
-1208 1625 1
1109 334 1
137 611 1
7
-1889 -110 1
-1101 -1176 1
624 -977 1
-1476 1220 1
-1039 -80 1
171 1139 1
1921 285 1
7
-1550 1443 1
1273 -505 1
-1718 -912 1
442 -363 1
1119 1432 1
778 1447 1
20 -415 1
7
518 -1456 1
614 -1143 1
-465 -428 1
1 783 1
-1077 -891 1
-887 -178 1
-1834 737 1
7
-1603 587 1
-1426 937 1
644 1280 1
-672 -56 1
1345 -1514 1
625 -1388 1
1650 1719 1
7
1053 1662 1
-1990 1786 1
-587 -1106 1
396 -1304 1
1498 1023 1
-1384 -1753 1
70 1763 1
7
-727 1631 1
1362 1922 1
-158 -307 1
1071 -1842 1
-143 -1412 1
132 -1723 1
1736 -486 1
7
409 -616 1
-1813 1207 1
-561 1638 1
-607 154 1
111 599 1
670 1741 1
-72 -443 1
7
830 1754 1
-440 1069 1
886 1203 1
302 -1348 1
1809 1805 1
1216 -1043 1
-749 -929 1
7
1753 1615 1
-1415 -404 1
-744 540 1
1907 1749 1
1359 -1893 1
1920 -294 1
487 -1035 1
7
399 0 1
770 1801 1
-125 1706 1
1970 -627 1
93 -49 1
-91 206 1
-1409 -537 1
7
1620 256 1
1009 984 1
-1169 762 1
1406 1206 1
-973 -1090 1
750 1611 1
279 1357 1
7
1561 -949 1
1757 -415 1
-1231 451 1
-501 1428 1
-375 -1958 1
721 -1795 1
1689 660 1
7
-10 -1543 1
494 -1010 1
-1224 201 1
-1413 -670 1
-802 -1228 1
355 -434 1
-58 666 1
7
-1508 -1252 1
240 -879 1
-908 -1878 1
-685 1980 1
238 256 1
-346 -1128 1
1197 368 1
7
1228 -1505 1
1417 -1180 1
-513 -1715 1
-1702 1412 1
-1137 1098 1
-1882 -575 1
1765 -69 1
7
1017 -447 1
474 1094 1
-1698 749 1
117 195 1
-106 -1027 1
-716 -753 1
1532 994 1
7
892 -609 1
382 -1824 1
90 865 1
-1493 -992 1
-1482 -1597 1
1558 1930 1
101 -1852 1
7
1044 -369 1
448 255 1
1622 -881 1
-526 42 1
355 -136 1
1367 -1816 1
1336 1867 1
7
528 1739 1
-1911 -347 1
1827 1464 1
713 1748 1
1280 1763 1
-1921 -705 1
93 -1853 1
7
-904 -1880 1
-441 -1847 1
1165 824 1
202 1626 1
-87 -622 1
1030 -515 1
1264 1997 1
7
1768 -106 1
-1076 -913 1
883 173 1
-1124 663 1
-1857 -708 1
1379 1679 1
-103 -869 1
7
278 -1484 1
305 921 1
845 1281 1
-569 -1812 1
963 1550 1
-993 -1851 1
1230 78 1
7
988 -1737 1
702 -283 1
1080 741 1
859 97 1
261 1292 1
444 -324 1
54 -917 1
7
-701 1595 1
8 1365 1
374 165 1
-15 -305 1
348 364 1
-654 45 1
-1000 -583 1
7
1651 -1562 1
-1524 1833 1
1033 790 1
1444 1367 1
1654 1711 1
1089 1702 1
-161 735 1
7
-421 297 1
-1553 213 1
-1800 153 1
-882 -1927 1
977 -1842 1
-443 -1091 1
-279 1749 1
7
454 1207 1
-557 -290 1
1590 -708 1
-1497 -1810 1
364 1820 1
-1977 -1956 1
-1784 -1516 1
7
1617 -101 1
796 -1898 1
1529 -1302 1
1542 877 1
-471 1990 1
10 -1867 1
1207 -362 1
7
-333 -1062 1
-643 1404 1
1580 42 1
-601 259 1
-1930 -136 1
-1064 -1728 1
499 85 1
7
-77 -1210 1
529 -1992 1
1103 -1064 1
-1223 435 1
1066 -536 1
-1323 2000 1
1466 -1729 1
7
1914 1520 1
-1189 -1152 1
532 1264 1
-781 1878 1
1705 1529 1
1708 -1686 1
-1427 1455 1
7
-90 364 1
1984 1969 1
-400 793 1
1621 1312 1
1598 -93 1
1504 -226 1
1965 -911 1
7
-373 -102 1
-49 -180 1
1211 -635 1
1612 1896 1
190 902 1
1565 842 1
-109 1697 1
7
-1704 1369 1
-1949 705 1
-1176 -1206 1
-101 1614 1
-1637 1262 1
-668 -94 1
1459 -1539 1
7
104 -590 1
211 -1338 1
288 51 1
-218 -624 1
-1693 -1805 1
-82 612 1
1686 -1714 1
7
-1997 -754 1
-1464 1643 1
-1939 51 1
-877 999 1
-454 1115 1
583 1875 1
-1978 -1585 1
7
-738 461 1
1755 437 1
19 1563 1
1222 -87 1
965 -680 1
1480 -1500 1
1851 868 1
7
-1743 1569 1
-487 -1592 1
-1268 512 1
-194 1002 1
1503 1724 1
1213 232 1
-833 -453 1
7
1519 1124 1
-1674 792 1
355 -228 1
782 1481 1
7 1756 1
380 -1380 1
-1355 -515 1
7
-1139 272 1
860 294 1
-647 -874 1
-803 -703 1
-1870 318 1
-829 331 1
1915 923 1
7
-1335 994 1
-535 1547 1
283 -1780 1
-559 149 1
1228 1593 1
1609 -858 1
-370 1113 1
7
826 414 1
-1139 1999 1
-613 1711 1
-879 -62 1
1587 1880 1
687 271 1
-858 1035 1
7
-502 -988 1
-124 1501 1
1244 -1326 1
-258 611 1
-960 273 1
-435 -1991 1
272 -308 1
7
1672 45 1
1428 1011 1
1488 900 1
-1872 1169 1
-1146 -378 1
-1086 -1735 1
1510 -888 1
7
1267 1885 1
-1623 -123 1
-256 55 1
1701 -1335 1
-1768 1692 1
-756 1125 1
256 732 1
7
-281 -176 1
1944 -1410 1
253 -698 1
-1839 1451 1
-1013 -114 1
-476 1460 1
808 1168 1
7
607 -614 1
1827 -369 1
-1771 273 1
1621 -1078 1
654 -1715 1
-1817 -1153 1
-321 -1568 1
7
110 -1504 1
-65 409 1
220 -492 1
1004 172 1
1614 406 1
-164 1717 1
789 1102 1
7
-485 1538 1
-276 557 1
-284 1038 1
-1908 -1174 1
1614 764 1
1814 -1773 1
1738 -1042 1
7
-925 -1937 1
1157 -1020 1
1079 -1753 1
132 4 1
703 -1902 1
-1068 -1494 1
740 1938 1
7
-452 -1292 1
139 1097 1
366 1712 1
-966 -1916 1
1039 1998 1
65 70 1
304 -948 1
7
-389 -47 1
1733 -1168 1
106 611 1
1468 -1091 1
307 -1037 1
-1291 100 1
-992 1487 1
7
-1584 -1838 1
1777 -223 1
-602 289 1
-252 774 1
-472 -1561 1
-654 1327 1
-1366 937 1
7
148 632 1
-1557 -1715 1
-166 350 1
-1924 125 1
-874 -1313 1
823 307 1
-1219 -1559 1
7
1517 -1057 1
-907 277 1
-70 -872 1
1563 278 1
483 -935 1
-1649 373 1
341 1336 1
7
-670 -1723 1
333 1570 1
122 -793 1
-590 674 1
334 -1209 1
999 804 1
942 1196 1
7
-1071 -1205 1
-850 134 1
752 714 1
-391 1635 1
67 439 1
157 1045 1
-268 540 1
7
-48 1998 1
801 1947 1
-505 1536 1
-1682 678 1
1877 455 1
68 616 1
1534 -178 1
7
1026 -502 1
1560 -1260 1
-1939 678 1
1160 -800 1
-1825 -926 1
101 534 1
-1198 -289 1
7
-1316 565 1
-7 -1115 1
1846 867 1
-740 -715 1
693 55 1
962 328 1
-438 778 1
7
1273 -1507 1
1816 -1731 1
378 80 1
44 -1654 1
1595 803 1
-1068 206 1
1968 1562 1
7
1724 1350 1
-612 -760 1
-1624 -1482 1
798 1763 1
-990 -1002 1
-1594 1501 1
53 -356 1
7
-1619 1789 1
1399 1553 1
316 -438 1
-1508 1702 1
1834 -1187 1
263 162 1
932 1760 1
7
1267 -516 1
-1954 1369 1
1539 -475 1
-1368 911 1
-1880 615 1
-183 599 1
-854 -1199 1
7
-1465 -1025 1
364 -453 1
-33 1722 1
-97 1198 1
1346 524 1
1422 -1867 1
-1689 -238 1
7
82 1759 1
1221 -1764 1
1274 568 1
-806 -1212 1
-1030 1088 1
1839 -447 1
400 1220 1
7
1049 -288 1
1798 1223 1
-154 1937 1
891 -1133 1
-869 1424 1
1894 1162 1
1681 1379 1
7
799 1794 1
-16 -1522 1
-1182 -1312 1
-1532 -1949 1
-1046 999 1
-1204 -585 1
-332 -639 1
7
406 -205 1
1165 79 1
-755 1956 1
-496 1789 1
888 -1569 1
1483 -1117 1
619 912 1
7
-418 -1419 1
158 -275 1
-319 1312 1
-151 343 1
-318 779 1
-925 711 1
-1001 -1945 1
7
1865 -392 1
745 651 1
1648 -1989 1
-31 250 1
1703 -613 1
-668 73 1
-1843 1928 1
7
269 422 1
1833 -511 1
-982 1121 1
-1709 1765 1
-1741 448 1
609 977 1
-25 -372 1
7
214 1873 1
-1711 134 1
-1381 -1690 1
1159 -133 1
-1973 -544 1
-507 -308 1
793 1752 1
7
-798 1965 1
-88 -1362 1
1722 -296 1
-421 1990 1
-447 -1758 1
-1922 -1856 1
292 1074 1
7
742 1715 1
913 -642 1
-225 -1015 1
1344 -1394 1
1614 546 1
-367 1839 1
778 1340 1
7
-371 -32 1
1464 -110 1
-1061 -451 1
164 -1758 1
998 1607 1
1818 -1927 1
1575 -404 1
7
-1716 -137 1
-1948 -606 1
1905 1141 1
-718 -1813 1
1717 273 1
-1199 -1329 1
1005 -1693 1
7
1925 694 1
1173 1115 1
1652 -717 1
1218 1454 1
-383 -1674 1
1626 -625 1
-897 1404 1
7
-357 -1809 1
-1054 -161 1
1549 1034 1
-1446 -74 1
1022 75 1
-320 -1480 1
-961 -1832 1
7
937 -937 1
-1980 1137 1
378 -33 1
-1244 806 1
1143 1109 1
1032 -1413 1
1242 850 1
7
1397 216 1
-1461 645 1
-154 -1403 1
604 -1262 1
507 -1401 1
218 920 1
-572 -1900 1
7
-69 -1354 1
1743 -361 1
1002 -1784 1
-472 -1970 1
184 365 1
1323 -1319 1
-168 686 1
7
31 1916 1
1993 -1143 1
-1228 1125 1
1733 241 1
122 766 1
1278 -1828 1
-894 -1395 1
7
-451 -850 1
-1805 -942 1
-1339 786 1
-993 -1041 1
-1521 736 1
1953 -1141 1
-409 178 1
7
-463 -905 1
-1617 -30 1
1828 465 1
-761 202 1
1849 -354 1
894 -1550 1
-976 -824 1
7
1138 -558 1
493 220 1
404 952 1
-1034 -1648 1
-74 1009 1
-781 248 1
977 981 1
7
-552 -1651 1
-1010 727 1
1588 -1429 1
1 -1467 1
-822 5 1
-1993 -1958 1
-1906 -1266 1
7
478 493 1
403 335 1
-341 -1912 1
-670 1 1
1981 1971 1
419 1541 1
1903 -1047 1
7
1912 1535 1
894 404 1
1992 -1015 1
1703 1001 1
-808 1668 1
-1568 287 1
-1229 1751 1
7
18 701 1
-719 -632 1
-77 1392 1
-567 1403 1
1565 -1840 1
297 -1420 1
-710 -464 1
7
1892 -844 1
-1768 -1399 1
134 512 1
-754 -1678 1
-1234 -600 1
-341 212 1
1096 -1746 1
7
-1994 -461 1
742 -637 1
-413 -977 1
-1013 1329 1
1422 -901 1
1673 172 1
-658 1836 1
7
-622 -1247 1
-1971 1193 1
-251 -1761 1
417 618 1
1279 -789 1
1312 0 1
772 105 1
7
1843 839 1
-1279 -155 1
1806 774 1
-1742 618 1
-309 1472 1
491 1286 1
-1573 -10 1
7
743 385 1
-64 -1096 1
-1193 -776 1
671 -981 1
642 -73 1
241 -374 1
1307 -696 1
7
-850 1195 1
310 -751 1
1944 1187 1
1490 -1578 1
-1808 -1958 1
-685 1339 1
-1528 616 1
7
349 687 1
1838 -1972 1
1116 -1253 1
1580 1122 1
523 -1390 1
-258 384 1
573 1861 1
7
-1691 -1103 1
-1960 -893 1
-1006 -968 1
1199 219 1
-700 -888 1
-4 742 1
1324 -978 1
7
260 1001 1
-1178 1150 1
941 1463 1
-1100 217 1
-1963 -764 1
-1055 959 1
-1641 1836 1
7
-756 -1849 1
762 -659 1
-80 -470 1
-1601 -162 1
-1902 1077 1
-381 -1426 1
1293 11 1
7
720 -1773 1
-75 1519 1
-1609 -1746 1
294 729 1
-617 1259 1
-1802 -677 1
911 -848 1
7
-1355 626 1
-65 1416 1
1465 498 1
-1268 -802 1
1574 -898 1
911 -175 1
-148 621 1
7
421 433 1
-1994 1270 1
575 -951 1
938 -739 1
945 -1225 1
1767 1037 1
-594 -1669 1
7
915 -919 1
1057 1377 1
1381 1066 1
-1242 1728 1
1328 -657 1
1524 -34 1
-590 -893 1
7
690 513 1
1302 -1465 1
-1749 -352 1
-39 753 1
-901 1583 1
-622 -916 1
1662 -554 1
7
1597 224 1
-732 1138 1
-729 -1577 1
1835 -149 1
1279 1530 1
-1478 1937 1
1777 1779 1
7
-1945 720 1
1822 -1879 1
1106 -840 1
289 1320 1
1447 -1752 1
-375 957 1
650 -1518 1
7
1613 -1760 1
-1708 -3 1
-851 -993 1
-1168 526 1
1747 -1320 1
-75 1788 1
449 -1302 1
7
-1221 -1298 1
-1556 416 1
251 1524 1
1543 -394 1
1452 585 1
412 -772 1
-1296 1567 1
7
-88 1430 1
-961 1676 1
1173 -519 1
1359 -1815 1
-93 1079 1
-1297 -822 1
-198 1687 1
7
-894 -1881 1
842 173 1
-1745 -1272 1
-1784 -1035 1
-181 1095 1
-1434 737 1
329 1689 1
7
-193 612 1
-1888 1117 1
1031 1402 1
38 -1042 1
1225 -1728 1
1339 1842 1
59 1826 1
7
-154 -1497 1
1675 863 1
-1362 -865 1
165 499 1
1977 1854 1
29 -1690 1
-983 -1448 1
7
292 -607 1
-1278 -1742 1
1742 403 1
-1401 -1977 1
1990 -601 1
728 -700 1
-1161 -581 1
7
-1722 -621 1
-1064 -826 1
114 1751 1
-152 -1109 1
-1936 1617 1
-1820 1042 1
825 1347 1
7
514 481 1
-1580 752 1
1178 -117 1
-1999 691 1
1972 -220 1
251 -1855 1
1372 -1571 1
7
1113 1842 1
-1235 -1827 1
1773 1082 1
-1200 -1275 1
-1031 1799 1
-973 -1451 1
869 -538 1
7
-983 -198 1
-1894 -417 1
-1948 -604 1
-823 -466 1
1162 -952 1
1577 435 1
-1172 -797 1
7
1942 -540 1
-629 -472 1
637 1819 1
-1008 -600 1
1954 -1034 1
735 -662 1
-1403 1894 1
7
1464 -1738 1
-833 -378 1
-145 947 1
1140 -1398 1
1386 -886 1
1434 -207 1
1714 -1442 1
7
1149 1579 1
845 1928 1
-1129 -1658 1
22 313 1
740 -195 1
1807 1233 1
-1264 -1179 1
7
-1455 -368 1
1263 238 1
-876 1272 1
-2 -689 1
896 -276 1
-1837 -1660 1
278 224 1
7
-1198 1206 1
1013 -1345 1
-1356 -1285 1
134 1205 1
820 1545 1
-1845 1792 1
217 1783 1
7
-1496 -949 1
-1838 1962 1
1526 -1038 1
712 -790 1
-542 -1050 1
-967 -1494 1
640 940 1
7
-1632 -38 1
1563 -1390 1
-1937 -597 1
918 1617 1
-586 684 1
-329 228 1
749 -384 1
7
-461 175 1
-1908 1796 1
-1941 1659 1
190 1108 1
1912 1300 1
-582 -238 1
-1800 1703 1
7
1157 -775 1
-1394 -1621 1
-1378 -1771 1
-1243 936 1
406 -1317 1
-468 -1902 1
-879 -1168 1
7
-1936 -1591 1
580 1918 1
844 -1430 1
-640 271 1
1093 -1060 1
-254 875 1
-1459 1839 1
7
-1504 -651 1
1828 1609 1
-1129 -9 1
-1348 1 1
1979 -506 1
-361 1047 1
-1246 -1137 1
7
-1950 -1202 1
-1094 985 1
1736 1560 1
1828 1372 1
436 1319 1
42 -1225 1
-1512 1797 1
7
-1578 1123 1
572 -592 1
-1962 -433 1
-935 -1704 1
-962 -1638 1
-721 -1090 1
169 837 1
7
-1681 -1957 1
2 -746 1
1942 -1646 1
708 795 1
1970 1559 1
-381 -205 1
-1335 227 1
7
-861 -599 1
-822 441 1
-131 566 1
770 1846 1
-1629 1785 1
-1477 381 1
611 -1662 1
7
1171 302 1
876 607 1
-1111 -1440 1
1249 -1911 1
1697 -1042 1
-848 -1969 1
-1115 757 1
7
-1632 -507 1
1384 -591 1
1438 1951 1
22 1300 1
1125 -892 1
267 -889 1
919 396 1
7
-1668 -732 1
-715 -124 1
1655 -653 1
1786 -1477 1
-82 314 1
1526 1580 1
1712 -1867 1
7
-1631 1191 1
1570 1625 1
-660 1533 1
-1982 -1548 1
-1033 1748 1
1586 120 1
-116 1662 1
7
335 -15 1
-1547 1341 1
-1705 789 1
883 -526 1
1817 -1344 1
1921 1447 1
-423 624 1
7
580 999 1
-872 -1721 1
1429 715 1
-1845 -1431 1
-1253 -54 1
328 -627 1
1099 1435 1
7
772 -1166 1
-1275 1486 1
-1292 -512 1
-1746 36 1
150 -1690 1
-69 -653 1
-1726 -374 1
7
1390 -1379 1
296 1742 1
-608 -321 1
-489 -1964 1
-576 -151 1
1344 -227 1
932 140 1
7
-1523 1815 1
853 -488 1
103 1608 1
-933 -1329 1
-1111 125 1
-621 -1193 1
-1665 459 1
7
-1478 718 1
625 1533 1
-739 -1686 1
856 894 1
677 -1221 1
529 -244 1
1385 -1834 1
7
1091 -498 1
-1774 -909 1
-480 -1796 1
-1327 -295 1
789 1340 1
629 1825 1
472 -741 1
7
587 -94 1
-1232 1284 1
-1736 -1604 1
-314 -1058 1
680 103 1
339 -1368 1
-1839 1303 1
7
-1727 1626 1
-1865 -823 1
30 1392 1
-1308 -1162 1
1074 -495 1
-857 266 1
1057 1772 1
7
1977 1303 1
1148 922 1
242 811 1
1307 -539 1
-539 -173 1
-1173 -1901 1
925 -242 1
7
1452 1017 1
1985 -777 1
-903 -804 1
1390 756 1
1549 837 1
-91 -1576 1
1870 597 1
7
739 -1566 1
1193 1550 1
892 1161 1
1248 1815 1
1607 401 1
-767 1357 1
-589 -1780 1
7
1622 1896 1
-139 944 1
-1056 1312 1
426 1050 1
-153 1477 1
-879 -1075 1
-782 276 1
7
-966 -18 1
1681 1237 1
553 38 1
-692 1709 1
44 -1909 1
-1050 -963 1
-1363 11 1
7
131 188 1
-1219 332 1
-17 1561 1
1858 782 1
-1947 -1068 1
-1493 244 1
1576 1469 1
7
-1465 791 1
652 1791 1
1499 -586 1
-1695 1902 1
-1971 1457 1
1633 1325 1
813 831 1
7
1284 1957 1
1938 -1383 1
-1506 1139 1
1379 1203 1
1619 -362 1
1186 1469 1
-1253 1050 1
7
1020 -47 1
-356 -1734 1
-333 -1983 1
67 -470 1
43 -918 1
-35 -730 1
-241 -976 1
7
-1780 -1074 1
153 -1421 1
1070 290 1
-1736 244 1
-117 127 1
78 -712 1
1454 -710 1
7
314 76 1
-265 -864 1
677 1013 1
1041 1057 1
126 65 1
-316 455 1
-1801 1353 1
7
1144 1949 1
1034 -198 1
952 -976 1
1480 924 1
-1286 576 1
-1669 270 1
-1653 1316 1
7
-1931 -376 1
-778 -1311 1
1107 1129 1
-1228 1783 1
-1360 18 1
-1047 1613 1
-798 -489 1
7
-1123 -1513 1
-1212 -87 1
-9 1611 1
-990 777 1
1509 -896 1
333 -451 1
-304 -781 1
7
390 488 1
1378 -1760 1
1294 -1655 1
1865 297 1
-1425 -471 1
811 1278 1
-1601 -341 1
7
-1200 -742 1
686 -381 1
265 -1197 1
1638 659 1
1871 909 1
-1839 -1375 1
687 -1609 1
7
-1266 810 1
-547 -1431 1
-236 -137 1
-1271 -877 1
157 -636 1
-1414 -92 1
1285 -1961 1
7
-1172 1181 1
824 -1533 1
-48 11 1
596 1340 1
-128 314 1
1851 23 1
869 749 1
7
1209 -245 1
-1063 724 1
1306 1774 1
-311 917 1
1375 -1014 1
-702 -390 1
1772 45 1
7
1034 -1313 1
293 726 1
-1506 -1050 1
191 -1667 1
-484 -71 1
-1018 -883 1
-196 1229 1
7
-24 1151 1
1086 -46 1
189 -1268 1
-541 536 1
112 1143 1
-908 1238 1
1602 -412 1
7
-1051 1425 1
1636 735 1
-1725 -110 1
197 -60 1
-40 -1124 1
802 1862 1
-875 891 1
7
158 1977 1
-850 -1315 1
-416 -840 1
111 873 1
374 175 1
982 1028 1
-1468 1907 1
7
-1 -877 1
1163 1697 1
1738 -510 1
1763 748 1
494 1441 1
-1242 -13 1
1245 1695 1
7
-1397 724 1
-1681 -1686 1
445 -399 1
678 446 1
-1077 733 1
1381 1593 1
615 904 1
7
-895 -745 1
-191 -889 1
-1263 -107 1
1363 1043 1
194 -1097 1
1051 -290 1
1459 -152 1
7
-1131 -667 1
940 -149 1
1230 -1612 1
-1588 572 1
767 -834 1
1833 1814 1
205 241 1
7
-574 -1949 1
957 -99 1
-341 111 1
-979 1902 1
1075 22 1
-119 1977 1
-356 -1033 1
7
-1473 1453 1
-1667 1984 1
694 -393 1
1941 387 1
-79 110 1
729 1484 1
386 -251 1
7
-1928 -615 1
-1868 -1129 1
-1423 -1525 1
-1308 -1093 1
-352 -163 1
-57 -606 1
-299 526 1
7
1755 8 1
1918 -138 1
1218 1406 1
-55 -495 1
265 -1992 1
-1132 -1130 1
-1144 -179 1
7
-1137 739 1
-57 757 1
1619 1572 1
873 1729 1
1399 892 1
1255 1100 1
95 -859 1
7
-817 835 1
1993 758 1
1765 1746 1
83 1504 1
914 1151 1
1304 -352 1
1168 1772 1
7
804 1051 1
-1667 -1292 1
-1174 -895 1
-1114 -1538 1
-970 -387 1
-226 574 1
-1861 1015 1
7
1056 -1224 1
1674 -1828 1
1682 -699 1
719 1440 1
-507 612 1
1519 -258 1
115 -290 1
7
1987 -69 1
-1511 827 1
-1341 -1677 1
-1011 -922 1
352 81 1
1640 -859 1
-1117 -172 1
7
1712 995 1
232 -1931 1
180 1570 1
639 -277 1
-1794 80 1
1866 -596 1
494 -1514 1
7
832 439 1
790 -49 1
-256 -1866 1
1614 -1464 1
-1367 914 1
-643 -1387 1
-1196 1547 1
7
1126 -1513 1
604 1349 1
455 1842 1
-647 -1159 1
-1931 1955 1
-1622 -1532 1
1021 661 1
7
1256 -1426 1
1831 1266 1
899 547 1
-1971 28 1
518 1837 1
-868 -153 1
1408 36 1
7
-380 -1711 1
-1556 791 1
-1873 -1871 1
1445 627 1
-1177 1207 1
-1365 933 1
-1736 1509 1
7
-4 1322 1
689 1261 1
1372 755 1
-925 1028 1
-1945 985 1
-702 1648 1
537 -727 1
7
1188 -1705 1
-322 1451 1
1050 -1283 1
-1175 474 1
-1245 210 1
638 1983 1
-5 1773 1
7
346 -424 1
822 -984 1
120 167 1
-493 794 1
-1334 1079 1
-707 404 1
-157 53 1
7
855 -1269 1
1775 1359 1
1440 -488 1
-553 943 1
1380 -466 1
654 -1182 1
274 1341 1
7
-1471 1718 1
-1531 506 1
-1294 -1921 1
-43 1362 1
644 -1825 1
1989 1906 1
663 -455 1
7
849 46 1
1426 -1203 1
893 1881 1
-1991 1952 1
940 1107 1
1022 -116 1
-482 806 1
7
-776 1687 1
1665 -807 1
-1911 1168 1
-1634 1041 1
809 -1431 1
463 -1698 1
675 521 1
7
-221 -557 1
1318 126 1
620 1985 1
-1474 -1488 1
-178 -1525 1
64 1174 1
520 28 1
7
-633 1790 1
640 1394 1
1261 1508 1
1328 -448 1
-1541 -1628 1
-818 -1978 1
188 -68 1
7
1234 -86 1
779 -1489 1
-1213 -465 1
-282 -1761 1
-1819 -1687 1
1151 -199 1
-988 -242 1
7
-1881 -1718 1
1070 1317 1
1310 55 1
1609 -1323 1
294 -424 1
1469 993 1
-1083 1900 1
7
750 1276 1
-1519 1103 1
101 -612 1
-962 442 1
-1416 -109 1
1800 -876 1
448 1158 1
7
-821 596 1
-137 -956 1
-1758 -1698 1
395 -1867 1
-1133 1518 1
-1889 -1017 1
1585 -1523 1
7
-1743 303 1
-1861 1336 1
815 1352 1
1570 -1111 1
-1214 -1811 1
697 -751 1
-1329 442 1
7
-1763 195 1
-413 1187 1
-208 -928 1
622 -1276 1
475 1225 1
-1350 59 1
291 -255 1
7
1660 212 1
1316 -187 1
-1352 -1461 1
88 -694 1
-720 1597 1
-1858 -553 1
1683 1078 1
7
-279 -10 1
55 -1886 1
1275 -1777 1
-1199 -1226 1
1574 -1602 1
-1195 432 1
-1771 732 1
7
17 -1716 1
-16 -531 1
1570 -525 1
-1819 1029 1
-271 -395 1
1028 1877 1
-1159 -1609 1
7
-96 1365 1
1715 1442 1
813 -1336 1
-999 -1941 1
114 27 1
457 494 1
-1900 778 1
7
-1997 1514 1
-1245 -1463 1
312 1795 1
130 -139 1
41 -1341 1
-1943 -1361 1
-638 921 1
7
1049 1654 1
-20 59 1
-139 424 1
180 -1180 1
1293 644 1
14 1272 1
631 1958 1
7
1322 28 1
1941 1911 1
-1325 -1705 1
1894 482 1
252 758 1
1627 -143 1
-1880 -1600 1
7
165 1721 1
1765 993 1
-1894 -1855 1
147 -1962 1
-1778 1802 1
-480 -1619 1
-436 247 1
7
1304 1766 1
-350 -886 1
-1504 -763 1
-1541 -474 1
282 -1184 1
884 -1817 1
-81 390 1
7
1529 -1186 1
225 -267 1
-24 1113 1
640 -541 1
1486 -1385 1
-1531 -163 1
536 805 1
7
1604 650 1
-430 1132 1
1045 -1295 1
422 -1573 1
317 1453 1
-852 -332 1
557 333 1
7
1064 -1205 1
146 1251 1
1113 190 1
-897 -598 1
-640 -191 1
-747 708 1
-898 1612 1
7
-1023 266 1
1689 -656 1
642 -1083 1
771 423 1
609 1559 1
1213 1326 1
-230 -776 1
7
-749 -1591 1
1401 -1174 1
-413 -1712 1
-1803 -945 1
1137 -290 1
1370 -1200 1
-360 -794 1
7
383 -1551 1
1999 1823 1
1439 -315 1
-677 -1623 1
-988 259 1
608 -362 1
1281 -338 1
7
-462 -323 1
279 1916 1
378 1852 1
-733 1110 1
-872 -714 1
857 -902 1
1461 -145 1
7
1012 -655 1
-295 -356 1
-170 1074 1
-1855 -1972 1
1523 1470 1
198 1596 1
1562 -643 1
7
728 1301 1
-621 -122 1
-210 730 1
-956 -1060 1
1305 1778 1
250 1337 1
-1816 978 1
7
-314 1105 1
1310 -661 1
1053 -1109 1
-171 1818 1
364 573 1
-1049 -1900 1
1322 -923 1
7
-1818 -249 1
632 -848 1
-830 -552 1
-526 -1049 1
-1287 -1064 1
726 -344 1
-1939 699 1
7
-1397 1951 1
58 -1363 1
-46 -841 1
515 1698 1
-148 -928 1
1377 353 1
1640 -403 1
7
-6 -1063 1
1242 -1439 1
-1372 1823 1
1637 1053 1
-969 -1600 1
1947 -1344 1
253 -29 1
7
-1895 1712 1
779 1188 1
-1839 1390 1
638 -867 1
-1957 -829 1
264 446 1
-804 -1668 1
7
-22 488 1
-1973 -1713 1
1158 1079 1
-1584 345 1
-1983 1992 1
-1326 782 1
-199 1139 1
7
1865 1928 1
189 -578 1
-1381 1804 1
383 815 1
-1242 -272 1
1389 -1330 1
911 717 1
7
-1961 297 1
125 -260 1
343 -1082 1
-273 803 1
-1518 1491 1
-1324 580 1
1037 1402 1
7
1920 1012 1
-966 -78 1
-26 1370 1
-619 -732 1
-571 1241 1
290 20 1
-645 329 1
7
-363 -1398 1
1824 1541 1
1016 1902 1
326 334 1
341 -1222 1
-1932 1114 1
1615 1103 1
7
-1114 737 1
1621 -325 1
-15 -1314 1
-1187 -882 1
769 -930 1
-875 1708 1
-649 -352 1
7
500 -471 1
801 1958 1
-938 -305 1
-943 94 1
-244 -962 1
1011 -1084 1
-1618 -1452 1
7
-1470 1278 1
1042 -11 1
1928 610 1
403 1141 1
348 1165 1
-1821 -1536 1
1711 -283 1
7
1917 1085 1
-958 1647 1
370 491 1
-214 139 1
-1811 -1966 1
118 1165 1
1040 -1226 1
7
-717 -307 1
1517 1492 1
1751 -104 1
1304 375 1
-1011 -518 1
-1329 -1743 1
-296 -963 1
7
1432 -525 1
269 -1387 1
1920 1489 1
1985 1744 1
-948 -1902 1
1058 -1951 1
-217 909 1
7
780 762 1
-1484 -401 1
1900 -1393 1
1119 917 1
-195 1541 1
754 586 1
-647 548 1
7
-1610 -1811 1
-659 1444 1
1785 278 1
-1059 1140 1
518 822 1
1418 1329 1
-208 -1522 1
7
-1949 902 1
598 -813 1
652 -1449 1
697 -1310 1
-1173 537 1
585 550 1
-423 1773 1
7
558 -517 1
888 -1 1
-1971 822 1
-294 -345 1
-474 -26 1
-49 655 1
777 890 1
7
-229 -1520 1
491 -1768 1
-1940 1621 1
847 1694 1
-1062 691 1
-785 569 1
-194 845 1
7
-1318 1197 1
-320 789 1
175 1257 1
-695 -1347 1
-1016 766 1
-1354 -48 1
560 645 1
7
358 -1109 1
-767 1816 1
1498 1572 1
-919 -84 1
438 1348 1
-312 1141 1
-1208 1997 1
7
-537 898 1
1965 269 1
-1148 -942 1
73 -1775 1
-614 -868 1
-702 -531 1
1368 199 1
7
-749 -942 1
-384 307 1
366 -993 1
-617 1501 1
890 487 1
54 509 1
-685 1850 1
7
253 1184 1
1142 1112 1
-1830 1336 1
-1438 -1909 1
-309 1185 1
-604 489 1
-914 874 1
7
1528 469 1
-814 -292 1
-1928 -242 1
-916 -789 1
901 -832 1
-591 -1517 1
-654 439 1
7
1580 -1835 1
-149 -1397 1
781 72 1
-1609 -1348 1
-1745 1612 1
-1863 379 1
-1162 146 1
7
-1008 -1194 1
1982 1730 1
-23 -411 1
1190 1986 1
-62 1615 1
-1107 -1344 1
-1014 -4 1
7
687 -666 1
626 1383 1
-59 -866 1
-1470 993 1
589 436 1
-568 870 1
1602 -1151 1
7
-875 -1703 1
1070 -1866 1
30 -977 1
-948 1664 1
1053 1467 1
1533 -929 1
415 -907 1
7
964 -1851 1
1406 734 1
1912 -772 1
-1685 -1931 1
-1233 -299 1
1728 -580 1
-1379 1 1
7
1074 -849 1
816 -1246 1
-1168 -1630 1
-68 -753 1
400 1475 1
1311 795 1
289 193 1
7
1114 -936 1
-374 1506 1
-760 456 1
1176 -875 1
1069 1353 1
-1351 838 1
874 -1099 1
7
-1381 1875 1
-1572 -630 1
-1224 756 1
-1441 -1126 1
-1052 1814 1
-337 -646 1
888 -396 1
7
1174 -1633 1
-678 99 1
-1391 -1522 1
-734 -988 1
1430 907 1
1854 250 1
-1123 -1600 1
7
970 -268 1
-1441 -1441 1
1966 1168 1
201 1884 1
1273 -1979 1
-1873 1899 1
-1668 1220 1
7
-181 1142 1
1616 514 1
48 -505 1
-658 1271 1
854 -514 1
1553 -289 1
-268 1595 1
7
-542 -797 1
152 -894 1
542 1137 1
552 -1290 1
-840 -1468 1
-1975 1368 1
-200 -1524 1
7
-987 1067 1
1240 261 1
955 -244 1
457 -1019 1
1891 1580 1
1394 1693 1
1847 -1074 1
7
-1671 -568 1
701 -1168 1
1766 -305 1
-1395 1982 1
480 1600 1
-685 1878 1
-932 -1030 1
7
-956 -428 1
-1184 595 1
-1074 -51 1
1208 1269 1
653 1567 1
-528 -624 1
1102 864 1
7
-652 -1878 1
-1395 -1245 1
-599 323 1
-259 -429 1
559 -1100 1
-1370 -1989 1
-1992 -1146 1
7
1346 1217 1
-199 1938 1
515 1351 1
1865 -1355 1
79 -78 1
1155 -1603 1
-1440 1202 1
7
101 -938 1
-1928 1642 1
807 -1547 1
1983 860 1
-1335 1147 1
-394 1460 1
-625 -400 1
7
1542 104 1
-304 -1851 1
660 51 1
-1028 -1867 1
1762 -437 1
1525 -1721 1
-484 1198 1
7
-99 -966 1
-1887 416 1
-491 -1272 1
-1980 -1609 1
-1413 581 1
822 1917 1
926 336 1
7
1155 1736 1
-1425 246 1
-1421 -817 1
359 1737 1
1218 1150 1
-714 -563 1
138 -1744 1
7
1675 1244 1
-1815 -910 1
1851 807 1
-1874 997 1
1848 -122 1
1923 -350 1
-202 -919 1
7
1690 -1281 1
1460 -1608 1
1575 -814 1
-1843 1752 1
302 1141 1
1019 1966 1
517 331 1
7
83 1372 1
-499 -522 1
-1439 -1651 1
1315 -1482 1
1590 372 1
-895 -960 1
-1693 518 1
7
392 -1096 1
-1299 -1390 1
735 -984 1
-180 -1209 1
1573 1029 1
1224 -1299 1
1061 -2000 1
7
1494 1868 1
-765 694 1
-273 898 1
-391 1925 1
-1263 -84 1
1557 -210 1
-253 102 1
7
1746 739 1
-1617 -463 1
-1585 1646 1
717 436 1
-869 1706 1
-1886 -1404 1
-188 -1183 1
7
-404 1438 1
-442 -1942 1
645 -1724 1
1690 759 1
1580 1556 1
1923 -1102 1
-1494 -635 1
7
38 330 1
631 -678 1
1219 -433 1
-1255 571 1
-1044 319 1
-1136 -804 1
779 -1720 1
7
436 -1833 1
-888 -409 1
-644 -171 1
58 -124 1
-1926 1885 1
484 -1662 1
1972 -1738 1
7
-989 -536 1
-16 -1347 1
-537 -430 1
1861 1901 1
-705 -1928 1
331 -1118 1
1964 1119 1
7
-177 1069 1
-541 -495 1
-948 1819 1
-1853 -540 1
-718 -1277 1
1454 -853 1
-336 1304 1
7
-558 -443 1
1499 1142 1
-1700 1154 1
-1973 -1070 1
500 -900 1
-1831 1235 1
-1180 1831 1
7
12 -711 1
-549 1954 1
1680 1290 1
-6 1982 1
784 -1712 1
681 588 1
-145 -78 1
7
-874 434 1
1486 886 1
-54 708 1
933 1947 1
1782 -455 1
-1205 -926 1
-309 -1232 1
7
-503 1597 1
797 -1057 1
-1355 747 1
-46 339 1
574 -319 1
391 955 1
-1615 -1747 1
7
1366 237 1
112 -1586 1
-216 -543 1
857 314 1
-1520 -1407 1
-309 359 1
250 639 1
7
-1269 -1391 1
-1760 -1897 1
-1911 -290 1
-1360 -1454 1
711 -1846 1
-1514 146 1
-394 184 1
7
1449 -911 1
183 -332 1
-215 1237 1
-1167 -1164 1
212 1988 1
1224 -1561 1
-422 1728 1
7
-1377 -158 1
-1603 -197 1
-358 -1473 1
-651 -1980 1
749 881 1
-645 417 1
71 -1227 1
7
-929 1851 1
-886 -989 1
-610 1574 1
1545 679 1
1358 817 1
-1054 -696 1
-1507 30 1
7
-1664 85 1
1361 761 1
-1134 300 1
1336 -1534 1
-407 -604 1
-1614 -836 1
-817 561 1
7
-700 -26 1
-261 -113 1
776 1683 1
-1181 -1234 1
-1586 -1849 1
293 660 1
-1776 616 1
7
1185 591 1
-296 1072 1
1278 718 1
1827 1308 1
1086 21 1
-301 780 1
-1565 -1888 1
7
75 -57 1
-42 -1283 1
-1781 -160 1
-1803 -694 1
1442 169 1
1579 -1369 1
-1400 1900 1
7
-722 491 1
-614 -908 1
-1232 -1789 1
-829 -384 1
1463 991 1
-203 -1880 1
607 -703 1
7
-19 1881 1
-178 -1996 1
-138 31 1
320 -1487 1
809 -681 1
1082 -1821 1
-814 1539 1
7
-1531 836 1
-464 803 1
-23 522 1
-1968 1144 1
-1469 410 1
1299 -1900 1
-1096 -1820 1
7
342 -336 1
-1674 -965 1
380 -18 1
85 -92 1
-1479 671 1
-1301 383 1
-1483 -131 1
7
-1829 -1596 1
-179 -1489 1
1114 1254 1
1354 -1922 1
-157 116 1
-1313 -1957 1
1012 1217 1
7
-1427 855 1
-1731 940 1
1783 1035 1
571 1814 1
-1962 822 1
557 -659 1
594 -1824 1
7
1964 1869 1
29 1283 1
-473 -1451 1
688 1961 1
1039 288 1
-114 1162 1
796 -1870 1
7
-1996 602 1
140 1841 1
1185 -587 1
-550 -682 1
-1823 -1828 1
741 166 1
566 415 1
7
1296 -1056 1
74 1568 1
-1372 289 1
-1709 965 1
-1470 -1210 1
587 403 1
-547 1395 1
7
-627 933 1
-929 -698 1
396 -405 1
-1383 1572 1
-1601 173 1
-1214 -595 1
1428 715 1
7
1868 -1053 1
-1095 -1745 1
-729 -424 1
-1986 52 1
1181 -1142 1
-127 -1260 1
466 1114 1
7
1933 -540 1
-625 1119 1
1695 1760 1
-1769 243 1
-1683 -1840 1
183 -319 1
321 -1393 1
7
-934 943 1
598 400 1
-1158 -1302 1
-794 1728 1
799 -560 1
-805 -240 1
1002 -373 1
7
-919 981 1
1131 1389 1
323 -1946 1
-1363 1500 1
-1388 -66 1
-1852 68 1
-427 -1359 1
7
-1470 312 1
264 -1007 1
-1050 -1238 1
343 -92 1
-1096 440 1
-589 -442 1
-1332 1928 1
7
-731 1531 1
1837 -1974 1
1570 -1507 1
1595 315 1
1352 -1680 1
102 144 1
1185 1070 1
7
-689 -1360 1
1336 21 1
-437 938 1
386 696 1
-1858 1211 1
1924 -1792 1
102 -1888 1
7
453 -1876 1
724 566 1
1347 -1175 1
-881 1605 1
830 -1807 1
-657 -1914 1
-1421 661 1
7
-1699 472 1
-614 -1052 1
-1720 -1507 1
1310 529 1
-469 440 1
1030 343 1
-340 1477 1
7
1036 -1427 1
-1200 1128 1
1330 1412 1
212 1109 1
1413 116 1
-1279 -1574 1
1047 -172 1
7
1333 -780 1
-813 -865 1
-702 385 1
187 -1224 1
-1266 -133 1
1459 1308 1
-1464 792 1
7
1437 -1327 1
1658 -711 1
1286 1602 1
962 -1542 1
1831 1741 1
-1515 329 1
-1033 697 1
7
305 -197 1
278 -1476 1
-423 -204 1
1849 -1291 1
787 -1253 1
-1417 649 1
-788 -1795 1
7
711 -139 1
1803 1329 1
-1211 -996 1
-1311 -684 1
-1149 1590 1
1799 74 1
1326 -22 1
7
-537 -1397 1
-575 248 1
-605 -1475 1
1527 -1579 1
1131 -1181 1
-1211 528 1
470 -376 1
7
1271 -956 1
624 -646 1
-422 -1733 1
361 -1158 1
207 638 1
131 -1161 1
1539 100 1
7
13 -586 1
1038 1735 1
188 1666 1
-1012 1611 1
775 -407 1
1443 1770 1
-221 270 1
7
-1389 -1106 1
-818 -1164 1
-1873 643 1
1020 -408 1
1153 1660 1
-1304 1123 1
-708 -453 1
7
-892 1031 1
-515 1991 1
-1673 581 1
1964 578 1
-833 1030 1
-943 -1202 1
-216 1930 1
7
-744 -621 1
217 -1734 1
1622 -1281 1
-870 -567 1
1237 1526 1
649 -1742 1
-830 395 1
7
1245 1548 1
1327 1655 1
840 -959 1
920 -1684 1
-623 -907 1
994 41 1
1643 1631 1
7
284 1562 1
-535 -1764 1
-931 -642 1
-1494 -322 1
-234 290 1
-898 -1349 1
-234 1138 1
7
43 897 1
393 -1193 1
1296 1060 1
444 -1078 1
1739 -586 1
-743 1503 1
303 -1322 1
7
1005 -832 1
215 -561 1
840 -1438 1
585 -1830 1
600 994 1
1987 -787 1
-1824 -48 1
7
734 -1507 1
-548 251 1
1048 212 1
-264 -345 1
1634 554 1
1474 1515 1
534 1877 1
7
-1539 872 1
-1497 -1423 1
-1652 -176 1
-1436 76 1
1888 -428 1
-174 775 1
-208 176 1
7
850 884 1
-1099 392 1
-477 -930 1
426 753 1
-1915 -1531 1
-1726 944 1
-653 1004 1
7
541 1244 1
-1674 -74 1
-474 1820 1
1971 1154 1
-1805 -1908 1
637 -1390 1
1237 -1477 1
7
1633 -1928 1
572 1196 1
-835 -326 1
-362 -1098 1
-1366 451 1
-54 -882 1
781 1405 1
7
-341 305 1
-848 1639 1
746 87 1
1891 -1242 1
-74 -1556 1
1496 -1542 1
363 -1593 1
7
945 -596 1
1540 -854 1
613 93 1
41 -269 1
1555 121 1
305 589 1
-1862 -842 1
7
1581 -1049 1
-1595 -425 1
1028 1358 1
-1082 875 1
678 -1844 1
-21 1128 1
-721 1792 1
7
-20 619 1
-1749 1876 1
-1082 -128 1
83 1800 1
897 1065 1
1903 -1258 1
361 1350 1
7
173 1882 1
-1236 -1038 1
256 1056 1
-1665 1947 1
-1931 -185 1
318 184 1
973 976 1
7
-1713 1048 1
-1676 1868 1
1927 -978 1
967 -1167 1
-222 1756 1
1847 -1831 1
-394 155 1
7
1703 -1075 1
1000 442 1
158 -1036 1
471 785 1
1979 -1927 1
-690 1281 1
1330 563 1
7
-1641 -1908 1
1723 -102 1
731 -73 1
1227 -1594 1
-1671 -1287 1
1848 1405 1
-1484 -932 1
7
-923 1315 1
-1888 1365 1
1130 1257 1
-624 -719 1
1978 357 1
417 905 1
1044 105 1
7
-1113 -408 1
1369 -894 1
-570 -1025 1
-1729 1740 1
-659 1245 1
1634 331 1
-469 1605 1
7
-940 188 1
-424 736 1
-315 808 1
-417 -1767 1
112 -1368 1
967 -1317 1
880 825 1
7
-1490 -318 1
-201 1726 1
1541 1330 1
1989 -1301 1
1798 -330 1
-1817 500 1
-1002 -888 1
7
1454 -1342 1
-1529 1422 1
1151 1562 1
-973 377 1
-110 1317 1
-409 1539 1
763 1609 1
7
-14 -1406 1
575 1309 1
-1914 351 1
-1209 -571 1
-1681 -232 1
-596 -1607 1
507 -1193 1
7
1029 -1728 1
1060 1181 1
-89 -1139 1
-228 837 1
-613 -505 1
622 154 1
-346 1263 1
7
-1936 -1151 1
905 -1504 1
-1553 -1182 1
1930 -1864 1
-1251 1568 1
-320 510 1
1452 181 1
7
1531 1508 1
-1022 1730 1
74 1897 1
447 1308 1
1901 -1831 1
1807 -1490 1
1140 -1241 1
7
-1965 1138 1
-760 -216 1
484 -387 1
1568 -303 1
927 -1267 1
1842 -23 1
-1937 -1357 1
7
1471 1410 1
-1659 247 1
1347 373 1
1632 -491 1
-1583 340 1
1439 88 1
-1138 1319 1
7
708 -1892 1
-854 -1281 1
-1234 769 1
1405 -874 1
-1373 1490 1
-390 1768 1
-1514 -1186 1
7
103 1444 1
-687 -409 1
1360 -1011 1
1687 521 1
-441 -1432 1
90 -325 1
10 -213 1
7
1904 615 1
1773 -35 1
1535 554 1
-842 -113 1
1168 1878 1
-1601 1843 1
-1274 472 1
7
423 1561 1
-1165 -1314 1
-913 1340 1
1750 -1842 1
-1048 -792 1
1874 132 1
1760 493 1
7
710 764 1
1734 1110 1
741 1154 1
-481 -1623 1
-946 -667 1
1675 -35 1
-94 1608 1
7
-1266 -825 1
-1516 -1484 1
-1832 -484 1
-807 1609 1
-1413 -550 1
-686 -900 1
-1433 1078 1
7
-600 1000 1
204 1549 1
-1177 120 1
-729 -1842 1
-1541 -445 1
1263 1187 1
-1533 -1238 1
7
1714 -1075 1
382 -508 1
-1266 1328 1
514 976 1
-493 743 1
986 -972 1
-206 1934 1
7
1206 -1014 1
994 -816 1
-1920 202 1
1069 -1176 1
1249 -303 1
94 872 1
-677 -478 1
7
873 -151 1
-1154 -28 1
-642 1081 1
1659 312 1
-1186 1252 1
-1635 -562 1
-1546 -1997 1
7
1634 1355 1
48 1148 1
-1590 425 1
-1191 543 1
-1725 540 1
932 -1739 1
-1801 -32 1
7
-646 -1918 1
-1630 -1318 1
1453 -1173 1
726 590 1
-1010 436 1
1291 -1513 1
-1931 -1487 1
7
1446 -865 1
1208 -254 1
563 -238 1
-1265 -1413 1
1308 -1277 1
-1615 894 1
-1600 311 1
7
-397 -1447 1
-1835 675 1
-21 1506 1
-362 952 1
557 318 1
35 121 1
-139 12 1
7
-826 290 1
938 634 1
-1498 -1312 1
132 854 1
220 759 1
1097 1462 1
-965 -1852 1
7
461 -1935 1
-327 1955 1
-1049 1015 1
1056 860 1
1414 1388 1
689 476 1
-1719 -382 1
7
-439 -365 1
104 -1585 1
519 -1139 1
765 -1962 1
536 695 1
-1372 725 1
175 1932 1
7
-772 -316 1
-458 1851 1
1796 1850 1
-1136 -1900 1
-1888 -885 1
-1333 511 1
-1372 -206 1
7
1493 1133 1
285 -1791 1
-334 -1337 1
-1350 983 1
-1941 62 1
-798 53 1
1921 -1148 1
7
1440 493 1
-1831 -482 1
576 -1571 1
859 -1911 1
-1040 1103 1
-276 -751 1
-1484 350 1
7
-1316 -572 1
-1661 -1717 1
1187 155 1
949 351 1
1878 943 1
157 411 1
1601 -1881 1
7
-1961 -764 1
450 -384 1
1141 -564 1
-285 13 1
-197 641 1
-1148 1431 1
1081 1216 1
7
-690 -1803 1
-1766 179 1
510 612 1
1703 1914 1
963 -1352 1
433 745 1
-349 -736 1
7
1296 1929 1
-530 -1401 1
-397 -371 1
551 14 1
158 -1845 1
1222 -266 1
975 -1799 1
7
-1526 290 1
-975 391 1
1626 218 1
1092 1570 1
-797 806 1
-860 547 1
-1982 -1982 1
7
246 -77 1
323 -1934 1
1599 980 1
5 -215 1
-38 460 1
434 -1896 1
880 -654 1
7
-595 630 1
-1659 -524 1
-1878 -85 1
553 -270 1
852 1547 1
1269 475 1
-733 -1211 1
7
1607 -70 1
-1532 1753 1
270 -1152 1
-688 -712 1
-1841 -391 1
-939 873 1
-1468 -1640 1
7
-680 -1576 1
-655 -367 1
1833 672 1
518 -180 1
1376 -339 1
-266 -79 1
844 1628 1
7
-1820 1264 1
-1047 1300 1
-801 -1958 1
774 614 1
-381 542 1
1864 1256 1
257 1115 1
7
1208 -126 1
-1072 325 1
-472 1256 1
58 1789 1
1916 1048 1
-1744 -175 1
554 -1089 1
7
-471 -86 1
-1187 999 1
986 -1408 1
1029 -776 1
-1571 229 1
-732 -1418 1
112 -1249 1
7
48 -232 1
393 -750 1
1475 -366 1
-741 973 1
-656 1951 1
828 1115 1
1875 1515 1
7
90 891 1
-794 1155 1
1118 428 1
-1192 -416 1
1170 1005 1
-1195 1943 1
110 859 1
7
1781 -1692 1
797 991 1
1729 863 1
1481 -932 1
-870 597 1
-1443 1287 1
1240 -295 1
7
-1374 1713 1
346 -324 1
-1031 693 1
936 -848 1
1525 312 1
-684 -760 1
1309 1617 1
7
-1063 991 1
-922 -800 1
-1644 -856 1
-812 -596 1
281 -1486 1
-748 551 1
-643 1110 1
7
-164 823 1
-1693 -709 1
368 -121 1
-299 1939 1
-757 -1776 1
-924 -1765 1
1706 1505 1
7
8 -898 1
418 350 1
-1077 -656 1
-1776 -1802 1
-1212 -652 1
1037 523 1
-655 -868 1
7
-130 -1121 1
129 -386 1
722 2 1
-1997 224 1
37 1298 1
1421 -723 1
1863 -290 1
7
-299 -473 1
1560 -56 1
-1140 1078 1
1730 1026 1
-584 -1338 1
311 1006 1
-1441 -1645 1
7
718 -1444 1
-617 -927 1
-1846 -106 1
43 -1750 1
-1197 1725 1
-1447 -42 1
421 461 1
7
354 -406 1
-1127 1648 1
1563 842 1
1654 -142 1
-582 384 1
332 -878 1
-1248 104 1
7
-199 445 1
-1253 1119 1
-418 -680 1
-695 236 1
-351 606 1
-1797 367 1
1953 -1218 1
7
-923 1934 1
-1715 184 1
211 1730 1
-1421 -766 1
309 -1715 1
-780 1334 1
-1383 932 1
7
-1342 -401 1
-1712 746 1
-1036 -1020 1
711 -1616 1
-1320 947 1
-949 78 1
951 -929 1
7
-297 -94 1
-430 1469 1
-1617 -1633 1
870 1241 1
1000 -557 1
1411 1676 1
1791 1290 1
7
1730 1391 1
988 -1434 1
-1295 1744 1
1250 -572 1
1780 1670 1
623 1340 1
-868 -1117 1
7
-874 -1716 1
1018 -574 1
-573 274 1
-339 -1403 1
1517 -1866 1
1055 322 1
-1648 -1675 1
7
1142 -326 1
1709 -875 1
-1685 -775 1
659 1573 1
754 849 1
1770 -580 1
-1060 -1953 1
7
-1226 197 1
-164 -482 1
-1150 -1515 1
706 265 1
567 400 1
-1231 -1468 1
-1365 -1413 1
7
-237 -249 1
-227 56 1
64 -1767 1
-1775 -1645 1
210 -17 1
1275 -462 1
-1380 1293 1
7
-1538 -331 1
-1535 1492 1
74 -403 1
-1440 -1584 1
1739 -1234 1
1326 -1808 1
249 -1962 1
7
-1543 -1392 1
1001 -54 1
785 812 1
437 -1232 1
-1810 -904 1
826 -1296 1
-544 1318 1
7
-1854 -1460 1
-1738 -756 1
-958 1898 1
-120 -1667 1
-764 764 1
765 -1102 1
522 -118 1
7
-123 1940 1
742 1076 1
911 741 1
1402 1387 1
36 279 1
-839 -1397 1
112 -1404 1
7
-142 -1804 1
1979 -69 1
1187 -1844 1
-1116 -278 1
1837 1579 1
-837 -546 1
1355 -793 1
7
499 -1564 1
-154 1306 1
610 1092 1
1535 1418 1
791 1624 1
-1525 825 1
1695 542 1
7
-1831 1433 1
-1260 -435 1
-1950 -508 1
-37 -1802 1
-1797 1521 1
-476 -727 1
965 -1348 1
7
948 -1055 1
1958 -623 1
718 -490 1
-86 -1377 1
-1622 -1137 1
-191 890 1
140 62 1
7
-1217 -1276 1
369 227 1
1381 263 1
-1806 1516 1
-142 956 1
1052 993 1
-1843 1220 1
7
695 -849 1
-1019 -1435 1
1587 1640 1
885 -1740 1
-181 1898 1
-1884 -1514 1
-944 -1307 1
7
700 -1973 1
73 860 1
-1003 -946 1
-1775 -1089 1
-835 542 1
-1588 445 1
-904 -1776 1
7
-1697 -1456 1
46 -621 1
418 1522 1
1782 -452 1
-1449 243 1
-345 1284 1
1407 -1004 1
7
1462 -1710 1
1848 971 1
517 963 1
-1795 -700 1
-1893 -899 1
110 -930 1
765 1676 1
7
-105 -1946 1
-1876 -1699 1
986 1536 1
-482 1518 1
258 -44 1
1680 -864 1
-257 -1633 1
7
864 -596 1
1278 750 1
-609 1184 1
1179 328 1
1248 1885 1
597 -617 1
1717 -1398 1
7
1638 405 1
-608 467 1
211 480 1
1416 -1131 1
783 -172 1
858 356 1
-1275 -989 1
7
222 -402 1
-251 565 1
-1620 -1705 1
-78 -1442 1
-535 1443 1
-1935 -162 1
1412 731 1
7
-1551 -1842 1
1043 -665 1
-1034 1922 1
1572 -924 1
-129 -270 1
-708 727 1
-110 -1894 1
7
-800 -1993 1
1666 1751 1
-1175 1570 1
-1354 -1719 1
-678 663 1
-801 -414 1
-1308 -996 1
7
-842 -530 1
-343 -36 1
1048 1278 1
-1676 633 1
-1193 972 1
-23 -738 1
1588 1859 1
7
1188 450 1
-1646 -942 1
-488 -1710 1
-708 739 1
-13 1076 1
724 896 1
-977 -636 1
7
1868 1570 1
-509 -37 1
1501 1979 1
826 1164 1
686 -629 1
375 -647 1
-1612 -959 1
7
1479 -704 1
-1539 -1278 1
-544 -99 1
-1878 1561 1
589 1641 1
1127 -1870 1
923 1899 1
7
-234 16 1
-1834 739 1
561 -1828 1
-146 -1368 1
-282 1705 1
-1557 -77 1
-33 -224 1
7
-1567 303 1
163 1233 1
1841 -951 1
-1846 -857 1
743 397 1
-451 590 1
-952 159 1
7
-940 1779 1
1449 -1242 1
218 -571 1
1807 -544 1
-609 -1380 1
-245 -385 1
-413 -1365 1
7
569 1184 1
-115 -1580 1
-1599 1424 1
706 -204 1
-1294 -1516 1
-816 1506 1
1728 -1566 1
7
-1500 1383 1
-1420 1593 1
1144 1014 1
1833 1435 1
104 1004 1
1329 -1207 1
-1626 1966 1
7
-1961 -997 1
770 -435 1
1366 -895 1
1261 -1931 1
1039 1480 1
-539 1541 1
55 620 1
7
-1219 -161 1
1577 -1321 1
-1699 1307 1
395 1742 1
1601 796 1
1740 1881 1
-786 -361 1
7
-1133 55 1
-1619 756 1
-930 719 1
-634 -180 1
-481 1011 1
-235 1392 1
123 -408 1
7
-396 -571 1
181 -178 1
364 -774 1
628 1768 1
-341 951 1
-483 1956 1
-1503 436 1
7
-1665 -263 1
-883 -1689 1
1700 744 1
-1468 -498 1
394 -468 1
-1135 972 1
1090 -1602 1
7
-827 1651 1
-1807 -828 1
-1640 -1726 1
-583 1873 1
1778 842 1
-802 1532 1
123 1897 1
7
-1577 -376 1
-1043 -759 1
-1314 -776 1
945 -261 1
-639 989 1
766 -1584 1
-308 -937 1
7
1960 -1938 1
332 1626 1
600 -1188 1
-1686 -1158 1
46 1945 1
-1867 924 1
416 726 1
7
658 203 1
361 1518 1
1062 1061 1
183 -1452 1
-391 -1954 1
-169 476 1
-15 -728 1
7
648 782 1
-1093 -402 1
992 1054 1
-1725 -495 1
1491 -520 1
651 -691 1
-184 1902 1
7
749 1863 1
-135 215 1
1759 1500 1
1202 -1717 1
1518 1454 1
-1792 -224 1
1918 1109 1
7
85 -523 1
-364 -1362 1
-1111 1352 1
-1589 -601 1
-1207 -638 1
-38 1405 1
1610 -1189 1
7
1823 1125 1
-1023 1940 1
-1893 1243 1
-78 -1826 1
675 308 1
1138 967 1
-1133 9 1
7
-1863 752 1
-304 1042 1
-1754 473 1
-1350 -1821 1
1712 1147 1
-863 1264 1
1015 -1725 1
7
1973 1428 1
1303 -145 1
370 1484 1
609 -490 1
1901 -1440 1
-889 -1461 1
1353 60 1
7
-729 713 1
657 1048 1
78 -1750 1
1698 1452 1
1420 -1656 1
-636 -864 1
323 -72 1
7
-1565 -529 1
-798 1057 1
-1621 -1664 1
-1127 652 1
-1608 -1632 1
-997 -1379 1
1352 1877 1
7
1034 -1940 1
-760 881 1
-252 1357 1
1610 117 1
-1946 -192 1
-878 108 1
-1079 941 1
7
-613 464 1
-1661 -1744 1
-1843 -1683 1
-1947 1871 1
1386 -1650 1
-691 161 1
-324 330 1
7
1195 -234 1
1904 -576 1
-62 200 1
-1663 -273 1
-609 -144 1
827 -1341 1
-1863 454 1
7
1641 1409 1
25 1712 1
-1202 1888 1
-1161 -49 1
-1350 -1454 1
-1319 1 1
-1292 -1105 1
7
-290 1013 1
1259 -836 1
-448 6 1
1226 -179 1
-1059 -1319 1
-516 1396 1
157 591 1
7
336 860 1
17 173 1
-329 -369 1
-766 1211 1
-336 -1137 1
-862 -1689 1
1383 1490 1
7
1821 147 1
1159 906 1
180 -381 1
22 -311 1
-1995 152 1
1919 1165 1
157 1712 1
7
-16 1336 1
1625 1983 1
-1785 -817 1
736 1557 1
-423 1653 1
1892 1126 1
1748 1019 1
7
171 1627 1
276 -555 1
-575 1450 1
1901 -1074 1
874 -1719 1
898 1137 1
-1930 -1774 1
7
-1094 -1318 1
-1302 -629 1
1294 -21 1
455 219 1
488 275 1
1835 -1881 1
-972 678 1
7
796 -261 1
1606 1092 1
-1261 -298 1
1095 1212 1
-971 1415 1
-835 783 1
1109 772 1
7
1046 -1317 1
-1065 773 1
957 -15 1
1249 713 1
200 -372 1
1711 1150 1
1468 -801 1
7
-551 1924 1
-1587 739 1
1844 -1261 1
-66 1149 1
379 -397 1
1562 696 1
178 -433 1
7
-598 113 1
1513 991 1
480 -1647 1
848 -1404 1
1001 217 1
-1038 798 1
-12 1364 1
7
-373 -614 1
1581 1629 1
62 -1680 1
-889 -205 1
-754 108 1
-543 558 1
1040 -1214 1
7
-896 -1208 1
1919 532 1
-717 1060 1
1259 -731 1
-334 -643 1
1842 -1308 1
-974 1731 1
7
-1054 1262 1
-1611 682 1
-1669 209 1
-830 -1779 1
-1768 1791 1
403 1419 1
261 -946 1
7
1359 -1612 1
99 -1098 1
581 756 1
-157 -1981 1
-507 867 1
-632 -38 1
1648 -104 1
7
-1798 1085 1
151 -556 1
-1428 -1835 1
-743 -1633 1
-1023 1729 1
-1030 -152 1
-1913 1942 1
7
1874 -42 1
113 1184 1
-2 350 1
232 -236 1
1776 -423 1
627 1651 1
1669 -1814 1
7
178 -1559 1
395 1054 1
-1467 -325 1
445 652 1
-1129 -1971 1
-1905 -1007 1
1146 25 1
7
1292 849 1
204 848 1
1000 -825 1
-227 1323 1
499 1894 1
23 1227 1
-1336 964 1
7
1598 1057 1
370 362 1
-626 -1503 1
-1493 828 1
534 1307 1
-1120 1441 1
210 -804 1
7
-28 -88 1
165 73 1
-16 -1053 1
1333 991 1
831 -929 1
-1599 1225 1
-603 -1349 1
7
-345 1319 1
-1485 -1111 1
1318 1743 1
-650 1770 1
1023 1377 1
-359 1221 1
-1773 985 1
7
-1643 -946 1
1226 850 1
1165 -36 1
467 -1201 1
1889 -1096 1
-1488 1199 1
76 -1898 1
7
-1560 387 1
611 -1919 1
1255 -465 1
-1019 -301 1
384 -1595 1
579 -1481 1
115 -921 1
7
1149 1435 1
-833 -1204 1
-32 843 1
-1696 -488 1
251 -1165 1
845 -619 1
-808 -652 1
7
288 -671 1
1490 1016 1
-843 691 1
785 -331 1
288 -1997 1
1373 -1653 1
-515 364 1
7
468 -1680 1
263 863 1
-1268 -452 1
498 -1681 1
-1380 887 1
1060 -1148 1
541 -740 1
7
-895 1578 1
1796 1591 1
-1895 995 1
357 -72 1
-437 -1136 1
719 -1607 1
1556 -1427 1
7
185 1120 1
-1677 1084 1
-1928 -810 1
131 -1658 1
-1189 496 1
-1549 -1262 1
-1036 -685 1
7
-175 -1864 1
-671 450 1
1769 -1267 1
384 -783 1
327 -391 1
203 -342 1
482 -1301 1
7
-1135 1124 1
-1354 -354 1
-476 -903 1
94 -25 1
-1793 -1821 1
-116 76 1
1978 -1460 1
7
1694 -1026 1
1264 572 1
773 -1069 1
1072 707 1
-1051 985 1
-32 -721 1
-1743 1478 1
7
-1837 1215 1
-506 -1129 1
-1340 1541 1
-375 -1463 1
-1415 -653 1
390 -601 1
203 -1720 1
7
-1509 -1035 1
1371 898 1
436 1187 1
-1604 1966 1
393 836 1
1530 1145 1
1404 98 1
7
-100 1154 1
-688 -1719 1
78 -872 1
-1616 1908 1
-1797 -397 1
-1195 -1539 1
-1500 -821 1
7
369 -39 1
931 292 1
-956 328 1
1470 -1029 1
20 452 1
-191 -411 1
-901 -19 1
7
-870 -1227 1
1886 174 1
387 -1903 1
-1261 356 1
223 514 1
-1545 -43 1
-1310 -828 1
7
-1912 320 1
1146 295 1
-1736 -1866 1
-839 414 1
1342 50 1
-383 -1032 1
1459 -1453 1
7
1351 23 1
-881 -653 1
1858 324 1
-421 596 1
1689 1572 1
1516 790 1
1286 -810 1
7
1449 -833 1
-1713 1132 1
-1380 -1419 1
71 69 1
1703 688 1
-349 1245 1
-1520 1594 1
7
854 1864 1
-1622 -1949 1
-1945 241 1
-1358 411 1
1091 -52 1
-485 517 1
-1239 -1795 1
7
-630 -914 1
1263 -363 1
1021 -319 1
-1765 -433 1
1664 -883 1
1716 -1027 1
-424 1186 1
7
-965 344 1
298 -1808 1
634 -1668 1
-1494 140 1
1593 1300 1
-619 -1275 1
1675 1989 1
7
-1004 -1771 1
983 -650 1
1169 627 1
241 -348 1
-1923 1177 1
104 -291 1
-146 -1047 1
7
1969 -663 1
-121 -1689 1
782 1747 1
622 1702 1
-936 -1898 1
671 1958 1
-738 -1518 1
7
1325 1816 1
-516 167 1
1138 -1233 1
559 -1973 1
1568 692 1
1906 193 1
1998 546 1
7
-632 -1742 1
-1618 -232 1
479 -502 1
1440 173 1
1997 602 1
791 -950 1
-1849 1852 1
7
365 142 1
-657 1269 1
-1000 -304 1
-285 -1137 1
184 -978 1
-1712 -1764 1
1839 1724 1
7
-393 -1594 1
-817 1308 1
1411 -245 1
-835 77 1
-1197 409 1
1443 -195 1
647 -1791 1
7
-1036 -1214 1
-1568 756 1
-1597 -2000 1
-1331 1459 1
-1412 1182 1
-983 -120 1
165 -1415 1
7
-175 1858 1
-1691 1664 1
1782 -287 1
861 75 1
568 -1432 1
732 855 1
317 -1096 1
7
-1905 -71 1
-1738 -1522 1
1976 414 1
-1858 305 1
1570 1330 1
-1927 -908 1
-163 1982 1
7
-1821 434 1
-1019 1159 1
-1602 417 1
838 1441 1
1916 864 1
406 -1267 1
-1445 -359 1
7
-959 1022 1
-838 -493 1
324 875 1
-1353 -1787 1
718 -1573 1
1225 -910 1
-880 -1092 1
7
1532 108 1
-1016 -371 1
1360 841 1
-1714 526 1
896 1739 1
144 982 1
1989 1295 1
7
1936 -1315 1
1412 917 1
-1449 1992 1
116 603 1
395 179 1
-657 -1662 1
872 -1794 1
7
-977 1418 1
1481 872 1
-1300 1499 1
1325 685 1
833 -347 1
1870 -777 1
1088 1641 1
7
-1548 -14 1
1024 831 1
-305 -1978 1
-1237 1978 1
1110 -1280 1
486 976 1
271 -1015 1
7
1622 -1697 1
1890 1087 1
1216 82 1
-616 -1200 1
-1836 1364 1
1666 -1512 1
-613 -152 1
7
235 -919 1
-929 809 1
1192 424 1
1731 1029 1
-22 -1127 1
-389 -531 1
1753 486 1
7
15 -1532 1
200 -412 1
98 -1264 1
-1892 998 1
-1414 1129 1
-1966 582 1
-1867 965 1
7
-322 -1589 1
284 677 1
1541 -961 1
1120 -359 1
398 -1877 1
1625 82 1
-1629 -441 1
7
-1942 1851 1
1545 -1935 1
-1057 1084 1
-1065 976 1
333 1490 1
183 179 1
1565 -1570 1
7
-1968 695 1
-1360 29 1
1700 1843 1
-1819 -217 1
131 -988 1
-636 -220 1
-1123 743 1
7
-1348 -384 1
-656 710 1
-421 360 1
1023 -882 1
-560 -943 1
-469 -266 1
603 -864 1
7
-817 197 1
35 1755 1
-568 9 1
-1312 1730 1
-1796 679 1
-539 428 1
-45 1968 1
7
-1527 -1385 1
1543 1558 1
1145 -589 1
-801 999 1
-1139 -86 1
449 1550 1
708 61 1
7
1340 1398 1
890 -1999 1
0 153 1
-1115 1186 1
-1088 -600 1
355 -719 1
713 24 1
7
442 -1792 1
1329 -876 1
1030 -1174 1
1269 1481 1
-427 373 1
1337 -926 1
-1741 -1663 1
7
1910 691 1
447 865 1
1719 1078 1
-1692 -1867 1
1216 -422 1
531 213 1
-1337 158 1
7
1094 -1667 1
1194 383 1
86 144 1
-584 305 1
894 1150 1
-1771 1822 1
1530 -1629 1
7
695 71 1
704 -746 1
656 817 1
1432 334 1
1851 -1873 1
-844 123 1
1523 248 1
7
-223 -1996 1
-1067 -1036 1
-849 201 1
46 1772 1
738 272 1
-1356 -402 1
927 720 1
7
-194 104 1
-1338 1515 1
-535 -328 1
-1913 -1033 1
-574 1213 1
-1300 -267 1
548 -1849 1
7
1071 -523 1
270 -743 1
-704 1092 1
-1966 -1628 1
74 -1810 1
-394 499 1
1700 -879 1
7
1521 1336 1
461 27 1
-1673 664 1
-359 -794 1
1853 -1914 1
-1933 1470 1
-1517 -985 1
7
105 954 1
947 -438 1
1398 -382 1
-1723 1734 1
1686 -780 1
-690 1601 1
1331 801 1
7
1997 -640 1
-1596 8 1
-1424 -1916 1
-1519 1902 1
707 -741 1
636 170 1
-155 1192 1
7
509 -1191 1
-353 171 1
-306 -814 1
-174 -466 1
-573 -65 1
1221 -916 1
325 1785 1
7
-299 -1799 1
-1445 962 1
-537 -1715 1
1447 775 1
-149 -1704 1
-1744 -1543 1
206 -1725 1
7
-1828 -1870 1
-933 -1434 1
750 -1622 1
1476 -80 1
1461 -1081 1
24 -1999 1
-791 -528 1
7
1423 1205 1
-294 -761 1
-1571 1366 1
-314 1035 1
457 -792 1
1360 -637 1
-1003 1185 1
7
1506 -532 1
771 1784 1
466 -1084 1
612 1145 1
-267 -1056 1
897 -666 1
871 -1571 1
7
-1600 -1406 1
1351 1955 1
-1071 298 1
53 -1891 1
230 1266 1
520 -321 1
-990 296 1
7
-411 -498 1
1199 838 1
-396 248 1
1549 91 1
1199 1008 1
229 -1038 1
-1850 1628 1
7
463 -321 1
220 -1769 1
1502 1192 1
899 -1917 1
-894 -12 1
282 216 1
800 -826 1
7
1941 -1717 1
1791 -220 1
1915 -24 1
-651 323 1
1412 1711 1
-1285 1752 1
1297 -1354 1
7
-1939 -72 1
1254 -432 1
747 1227 1
-1993 -499 1
-311 -476 1
183 -1493 1
-251 -481 1
7
1646 -1404 1
-1549 -690 1
513 -206 1
-1789 1005 1
-715 1349 1
1394 -554 1
893 -1629 1
7
-934 -316 1
1388 -1262 1
-1796 1980 1
-1885 -1074 1
17 -1552 1
759 1018 1
-1313 136 1
7
-1332 -1508 1
524 -1300 1
953 1735 1
1432 1204 1
207 -1152 1
-1020 -847 1
-873 -113 1
7
1353 -450 1
153 -1435 1
1290 -1569 1
846 -1224 1
-519 1834 1
-1895 -1816 1
1000 -494 1
7
382 1483 1
-222 -289 1
-377 1750 1
1096 810 1
1111 435 1
-563 -1355 1
-1099 -1306 1
7
-1240 -1775 1
-236 758 1
174 -1448 1
1988 -1255 1
-953 -1975 1
6 -710 1
-1285 330 1
7
253 826 1
-1625 -1619 1
513 1044 1
9 -1330 1
1848 513 1
1713 1557 1
-1673 1608 1
7
-918 1880 1
-246 1 1
-1661 1774 1
1381 488 1
331 -139 1
1586 707 1
-669 1592 1
7
1067 -716 1
168 327 1
-1194 466 1
1152 1939 1
1790 1265 1
1406 -1973 1
642 -1226 1
7
1233 -1006 1
-1644 -1772 1
-245 923 1
-1951 1247 1
1969 1742 1
-453 950 1
1355 -36 1
7
-1487 317 1
1647 -1029 1
1722 -734 1
-490 -423 1
279 -1136 1
-403 -842 1
1311 -1620 1
7
-1433 146 1
141 -1389 1
325 1348 1
1816 -128 1
1271 -853 1
923 250 1
589 -1536 1
7
-1271 -1453 1
769 -1714 1
517 -830 1
-484 1372 1
-1992 1373 1
1464 225 1
1219 1906 1
7
-1253 -1694 1
796 -453 1
-1888 419 1
-1597 -413 1
-953 -409 1
1699 -1417 1
-1036 -1661 1
7
-1772 456 1
361 927 1
1095 -1800 1
-1957 -1817 1
67 1433 1
-1594 -317 1
1952 -1713 1
7
-1984 -466 1
1587 1823 1
-1654 -1163 1
-395 -381 1
683 -1753 1
1312 1043 1
923 -494 1
7
1997 -911 1
1534 483 1
-82 -1279 1
915 1923 1
-619 -1915 1
288 1883 1
40 -1280 1
7
-1712 280 1
16 -1031 1
935 -1240 1
-779 1939 1
1246 -1793 1
1326 -1843 1
-694 -282 1
7
1702 -1489 1
303 181 1
-660 -1065 1
957 378 1
1256 -1944 1
-1823 -996 1
-1923 -1417 1
7
752 1789 1
1300 -277 1
-1684 197 1
-1285 170 1
1118 150 1
413 1521 1
260 -347 1
7
1691 -652 1
-1796 -345 1
1745 1314 1
-52 1845 1
153 -158 1
-117 395 1
222 -1087 1
7
500 645 1
1361 1161 1
652 -1627 1
1075 -1622 1
-170 780 1
1405 -1881 1
1366 1877 1
7
-364 984 1
450 -1564 1
-1147 -1830 1
1981 -569 1
361 704 1
-1723 1423 1
-1544 -1766 1
7
1630 -1476 1
1160 1329 1
1580 1505 1
594 -672 1
-1892 472 1
1262 449 1
-670 15 1
7
481 739 1
-869 -1903 1
1375 -459 1
1865 -1687 1
1784 194 1
1873 695 1
-1095 617 1
7
1113 -1384 1
-757 788 1
-856 -1974 1
-160 -855 1
173 987 1
-1217 -431 1
-1399 -1543 1
7
-1668 -1908 1
329 -74 1
-197 160 1
905 519 1
-1343 1799 1
-1663 1907 1
62 -502 1
7
-681 -1069 1
-251 1386 1
788 1559 1
-561 1738 1
1246 1553 1
-899 1512 1
459 1079 1
7
-1036 378 1
366 -909 1
-102 1657 1
932 -891 1
-738 -1919 1
-441 606 1
-1515 -576 1
7
1089 1932 1
719 289 1
1861 243 1
962 -635 1
-1092 390 1
-1615 1047 1
-800 -1269 1
7
1494 -1516 1
905 1405 1
213 172 1
-1409 -888 1
-1098 1022 1
1134 609 1
163 -1627 1
7
-774 393 1
1299 192 1
1072 1621 1
1125 -92 1
-323 305 1
1213 63 1
192 742 1
7
1445 156 1
-1449 -269 1
469 -274 1
-1258 -321 1
-748 -1892 1
715 -484 1
-896 -247 1
7
-475 -1104 1
-487 -1709 1
211 -1630 1
-158 1991 1
-1766 1485 1
-1028 63 1
574 -1277 1
7
1685 32 1
365 -1436 1
1859 -1627 1
896 -1968 1
-63 1463 1
-1451 270 1
1435 -246 1
7
692 -1378 1
-930 -1456 1
-781 1616 1
1937 111 1
1278 842 1
1794 1340 1
1758 1070 1
7
-958 -927 1
-420 -1702 1
1592 -945 1
997 -340 1
1558 1379 1
1941 -1356 1
1721 1573 1
7
-1067 1351 1
-1769 -157 1
1182 1182 1
-1114 1294 1
-637 303 1
411 -273 1
-184 1928 1
7
-310 -1686 1
1307 -395 1
1180 -1393 1
531 560 1
-1239 697 1
-1954 -13 1
664 -1569 1
7
-1293 145 1
-963 -931 1
51 1045 1
-176 -159 1
1011 -910 1
960 145 1
-1865 -328 1
7
1862 1476 1
-447 -387 1
476 -393 1
-1250 1762 1
488 -1367 1
-565 -1279 1
515 1336 1
7
1133 -1874 1
352 -234 1
1150 358 1
-1202 645 1
-799 -1474 1
390 -1186 1
138 -1491 1
7
314 -445 1
-542 766 1
-215 439 1
1997 691 1
1087 149 1
-219 -559 1
-1535 203 1
7
-96 221 1
1323 -1889 1
1975 -382 1
-1895 -1955 1
-584 1224 1
-592 1999 1
1201 995 1
7
-1953 -1771 1
-308 1209 1
-1087 -381 1
858 -1142 1
1309 -1608 1
679 -1247 1
1529 884 1
7
-929 -570 1
1629 -231 1
1739 371 1
-975 -241 1
165 656 1
80 -281 1
-1428 -1766 1
