1000
9
-326 699 1
583 467 34
796 -295 20
-784 239 24
-605 -254 45
-242 375 24
199 326 29
-986 274 20
549 124 44
9
-648 248 5
-345 -684 48
370 -732 7
-893 953 10
-317 -525 18
-750 -22 42
69 260 24
-190 -703 36
967 -365 26
9
-851 834 50
906 -298 11
702 -641 14
766 452 47
124 853 27
-448 -666 9
815 294 22
-510 -441 19
389 -730 9
9
-341 -487 48
130 -725 12
-625 -654 12
545 457 2
927 295 28
770 -8 12
361 -639 41
-887 -470 1
964 206 50
9
936 -735 42
686 855 31
411 -95 41
1 -958 45
-192 -833 50
770 529 10
-468 -856 27
-212 298 29
-429 -251 50
9
757 -229 21
277 541 6
-647 -8 7
-800 612 9
-878 233 29
-746 312 39
232 -21 3
273 -139 4
150 60 8
9
-619 -154 39
-680 -909 47
809 -30 7
866 307 50
633 -746 16
838 -272 42
812 -811 47
-722 -395 22
481 31 28
9
299 -901 44
399 647 4
435 349 22
193 891 2
-694 -880 47
317 732 43
895 845 12
-93 -710 8
-793 -826 12
9
92 437 10
-208 622 4
-550 727 24
164 122 47
236 905 44
113 -75 10
438 -908 50
-483 -756 48
293 -93 17
9
948 493 4
-552 956 23
905 -239 31
433 370 26
-694 -208 25
707 482 18
-427 704 31
-484 52 8
318 -87 48
7
205 -645 8
379 189 44
-301 -482 6
182 172 19
210 646 29
-332 41 41
-306 967 24
7
-801 629 9
-691 842 42
-190 365 42
-887 448 24
844 -350 29
701 -655 40
53 960 17
7
-165 990 6
970 -113 14
-940 907 40
-303 98 13
-970 -31 24
988 -959 32
511 75 15
7
717 -788 37
-160 -363 3
-331 175 38
422 974 25
911 -760 29
-931 101 39
-687 -657 36
7
235 458 11
813 662 39
-825 6 34
647 329 11
-115 -988 13
-31 138 9
476 -372 31
7
-448 -758 30
-870 -751 11
154 628 1
939 -587 35
700 210 13
66 833 5
852 -860 38
7
72 512 50
-837 696 32
-578 71 24
-651 684 22
-687 51 48
-954 -478 24
58 265 6
7
-600 597 41
-256 -7 6
-380 -564 41
840 91 36
-906 53 15
-944 -415 4
-580 416 30
7
-140 -94 48
653 -447 19
958 -571 22
-186 150 9
-679 916 34
856 -691 44
-715 -528 46
7
810 194 44
371 -626 50
319 -144 27
-878 528 18
769 -260 8
885 263 40
158 69 31
7
678 -804 35
-521 -558 8
215 -661 11
-201 18 10
-778 -770 16
182 -156 46
596 -244 26
7
171 801 44
966 120 14
-442 748 2
115 14 40
-190 982 3
698 -183 1
-100 718 34
7
990 913 40
275 207 25
-289 -917 26
76 -417 29
-550 847 43
-208 709 18
-151 552 32
7
620 868 7
738 992 7
-643 625 35
661 667 17
833 154 50
36 -798 15
139 464 1
7
294 -516 49
-471 584 7
260 311 14
-237 -720 23
-873 -56 24
995 -690 23
-966 686 18
7
-188 -737 48
333 495 43
-529 -22 27
-444 863 8
-806 -632 8
568 815 35
-677 63 19
7
-706 -584 15
726 -595 2
-206 718 15
102 336 18
-284 8 31
668 746 41
-879 -82 50
7
-826 442 37
652 -701 35
329 414 33
-770 -443 24
-206 -999 44
-569 366 11
930 293 23
7
-137 590 35
-486 406 37
202 -424 34
-476 91 29
194 -717 36
-661 169 40
437 -448 33
7
501 -107 38
114 -987 45
-811 762 33
-542 455 27
-83 874 27
698 946 35
-666 128 6
7
-743 -608 41
679 -295 47
-449 -767 45
351 361 47
-205 664 38
-725 -466 19
-994 -283 11
7
362 532 40
-823 -697 15
-126 64 38
-339 -628 49
-869 -160 2
-854 -321 3
550 -973 16
7
206 -771 34
-832 -643 42
516 351 26
209 -123 29
861 550 5
-720 -400 29
625 -826 28
7
-853 934 31
-555 496 36
-605 712 25
-240 -294 4
-95 65 49
78 -115 41
953 601 1
7
-959 -44 41
-498 -688 7
742 -628 46
-569 -211 11
-992 -604 20
-332 721 46
-55 407 34
7
-909 706 45
439 591 25
-923 369 20
555 -900 41
916 186 49
971 -308 19
48 -320 1
7
357 -904 36
-486 484 8
-888 418 29
532 -589 11
807 -355 5
144 -588 1
16 -795 34
7
-698 905 37
-726 -657 4
384 -354 47
748 -82 3
675 338 42
-873 -983 8
86 -574 30
7
-6 246 12
55 -245 31
450 -100 36
403 585 43
288 323 28
66 533 10
251 -472 46
7
-742 -844 42
-683 633 46
962 -493 15
-896 184 16
-515 871 41
165 -528 9
399 -885 19
7
723 -223 23
-726 567 7
918 457 7
380 -130 7
955 -158 25
37 279 11
-829 -357 2
7
-13 843 7
-767 356 44
334 281 23
528 -107 18
-834 -112 3
74 -245 29
509 -609 32
7
-540 -503 3
273 24 18
689 914 8
347 -955 35
190 53 28
-803 -556 16
-176 989 44
7
140 276 13
1000 -657 47
-183 582 26
-54 -648 34
-669 -823 23
-15 -557 19
-684 442 33
7
523 -969 47
-574 389 24
378 -410 35
-393 903 28
-109 301 4
233 36 27
858 -640 33
7
-964 -39 19
805 429 15
111 -598 43
-694 -279 7
394 -633 22
952 621 43
560 -698 10
7
437 -153 24
-445 628 29
-834 371 12
549 2 34
-562 459 32
880 721 29
657 944 39
7
393 865 1
33 -259 32
629 -865 12
14 991 28
286 -767 19
836 -798 6
309 -661 28
7
-844 -806 15
-291 871 36
530 358 37
-94 175 13
-175 -918 6
150 305 3
950 -266 41
7
460 -382 17
99 588 38
-746 -487 9
-509 955 26
884 -483 31
398 -73 33
638 -973 44
7
564 643 13
-524 626 27
202 396 34
-546 828 12
295 -73 2
-589 -965 26
227 -951 9
7
-678 397 25
148 958 1
-907 -977 13
988 -367 35
-90 -986 16
951 -996 16
689 915 34
7
300 -838 15
670 -178 38
-496 370 47
-708 -698 46
-957 -848 11
861 412 3
117 471 38
7
-521 487 49
948 -558 30
452 -486 17
-543 -122 32
-600 -602 12
188 9 3
-274 842 7
7
422 105 28
-269 600 43
739 352 8
750 838 5
-204 -921 38
-416 68 28
-535 62 35
7
18 543 11
706 -394 26
-723 -748 34
-5 816 45
-324 66 21
945 128 5
-248 -669 37
7
166 994 40
928 -641 12
643 -140 23
112 -922 6
560 141 4
-748 -863 17
-38 -441 29
7
-216 305 24
259 494 7
139 -970 9
193 -217 3
-327 317 10
-860 53 26
351 -747 16
7
-689 154 5
-525 -584 49
-171 -589 22
-469 661 9
-243 459 2
-751 -871 14
-610 -560 25
7
41 660 7
553 405 30
-511 473 17
-537 -581 20
386 -695 40
-350 127 30
39 -406 30
7
984 45 5
-721 -374 26
-137 -842 45
202 176 34
-258 566 10
-220 816 30
302 165 49
7
959 722 28
-188 -119 26
-75 341 2
-620 840 32
998 -719 21
934 428 31
-816 -667 34
7
828 325 7
-831 -136 45
-938 -439 7
722 559 41
-922 523 41
-566 -949 41
342 -328 39
7
-124 -540 2
-772 796 48
907 444 35
-420 814 23
-949 -133 27
-321 807 6
870 -513 15
7
963 -705 13
-783 -511 18
-337 -442 14
-916 -447 13
577 886 21
-905 121 18
909 -613 49
7
667 931 8
-776 -802 10
-89 -374 6
-387 56 16
-926 379 45
-999 337 27
34 -37 7
7
915 593 43
53 -736 49
-803 147 40
-406 -149 38
275 -27 26
707 -501 49
-245 -16 26
7
965 123 16
380 -851 2
650 -606 28
821 510 3
-623 -826 13
988 -595 20
732 -284 9
7
78 -117 14
-351 -115 48
-643 -206 40
-742 -855 26
446 -892 48
882 -427 46
-217 842 25
7
223 -541 47
87 -21 50
-96 924 15
562 285 29
967 -798 1
413 343 32
-184 286 36
7
-81 912 12
-455 -402 1
-60 -172 45
655 -218 18
426 220 45
-31 -337 37
-417 -975 12
7
-528 196 37
-543 745 48
975 958 47
845 -985 35
164 -462 16
339 759 44
-776 -767 18
7
861 -503 7
-396 13 27
-215 925 15
530 57 45
-224 522 43
301 -960 13
-618 19 43
7
380 909 11
-150 731 21
-808 -416 50
-360 -60 36
498 -802 19
919 -155 40
577 -95 31
7
697 -125 21
845 -297 25
942 962 27
497 -203 26
395 -467 16
312 -782 23
-885 -699 13
7
-141 188 17
659 -650 10
-920 950 35
725 537 45
-578 752 3
-211 -365 32
783 754 16
7
32 543 7
-595 -486 35
-884 58 5
582 543 44
118 783 13
893 852 21
-825 787 32
7
-528 126 32
704 -600 40
-390 856 16
246 -906 17
-95 -74 15
998 -199 43
290 917 32
7
182 -916 28
958 373 22
343 314 11
419 839 1
-576 -898 28
-650 -276 36
-553 728 17
7
446 25 42
743 -232 41
-504 708 43
-690 257 26
36 -746 22
-752 333 44
7 511 8
7
27 379 35
-433 573 34
998 990 23
-96 -311 5
-562 -990 29
584 825 30
778 -286 19
7
-360 -240 14
-96 -209 6
-459 314 49
756 -710 36
44 -413 16
421 -434 6
541 980 22
7
-362 -536 33
-466 -800 17
92 -991 32
-239 -100 14
360 -975 22
451 -406 35
289 -882 21
7
71 499 34
198 609 49
29 687 30
-849 460 27
-294 -375 11
-147 772 31
231 -308 36
7
-621 -59 9
-776 488 23
475 977 21
-959 -705 39
-441 -994 24
115 507 34
660 251 28
7
-554 850 16
-826 761 28
637 -805 1
405 447 8
-932 -601 9
-219 -820 16
752 495 5
7
-347 405 42
937 -264 22
273 -262 1
-207 -997 20
-929 -888 9
281 -978 43
45 999 3
7
856 387 31
-490 187 5
-330 -932 24
978 150 38
-777 -243 43
-615 227 12
604 341 5
7
-708 -79 44
479 715 27
-669 271 44
416 -31 24
-666 -636 5
-646 -248 49
475 472 36
7
-793 -621 32
-724 -619 1
374 977 29
-310 656 30
922 -562 37
-463 -851 15
-990 489 15
7
775 860 12
-453 -389 38
-107 -114 32
-551 -174 33
115 -291 2
429 -545 39
-991 942 36
7
410 -190 35
366 -319 22
-162 -445 3
-49 -25 31
-410 247 7
-538 -728 33
-202 345 3
7
-495 -362 44
756 967 43
818 30 23
-317 529 36
-217 -507 49
564 -396 47
934 -984 32
7
829 144 31
-2 778 26
-898 -139 21
-303 31 5
941 -905 31
-393 395 31
-62 65 30
7
-37 28 46
-664 126 39
913 -138 6
-858 -556 30
-233 975 46
914 -963 30
-773 -83 20
7
152 731 8
-596 -592 24
795 -218 35
935 -742 39
192 -327 44
233 682 5
-722 -272 13
7
-177 510 27
-680 -154 18
50 -887 34
-210 -172 32
-299 -982 16
-359 -947 4
856 688 28
7
-919 -900 17
616 -163 50
-727 416 18
170 833 30
-46 674 50
378 891 23
-595 -438 2
7
257 -96 18
193 -588 42
-358 604 20
-285 903 22
-396 415 10
-396 -434 7
-956 -327 4
7
678 931 19
-587 -624 22
-922 -184 32
-414 -470 39
-155 -145 48
-764 -792 34
880 -577 6
7
-489 402 35
690 710 17
-169 918 29
-131 -60 4
331 485 13
105 -659 9
-296 261 42
7
-460 247 33
942 -318 39
444 211 29
259 -164 28
-726 877 40
-520 -1000 45
-235 64 29
7
435 905 19
60 997 30
502 183 31
-817 -186 36
351 -810 44
870 801 4
733 330 32
7
317 -795 17
-359 -17 49
-122 636 39
893 -708 45
-148 206 19
-131 -74 20
-572 -373 29
7
350 836 2
-108 917 6
-192 -764 10
-598 28 40
-883 240 50
-657 -392 36
-542 -301 49
7
-469 -871 48
-721 120 45
603 484 1
106 99 14
-12 -795 31
-789 762 19
-80 -283 42
7
99 -357 18
453 -20 18
-173 830 6
382 20 28
342 465 20
-394 374 8
-736 155 46
7
831 -372 11
-70 339 13
724 514 40
-155 824 38
421 878 47
-781 -747 7
-933 785 1
7
-415 953 38
537 -24 40
-128 209 7
715 -366 21
-413 -600 24
-333 -314 9
-395 -917 29
7
861 209 29
710 12 49
-787 374 15
772 -146 47
-663 -391 39
28 405 24
-248 925 37
7
-119 947 34
18 -182 3
922 402 33
297 718 23
660 -284 18
197 750 28
-32 350 13
7
-58 -802 34
-752 505 43
-584 582 18
126 -995 39
604 630 14
-732 -512 22
217 235 34
7
295 375 35
749 -405 24
796 517 12
-417 -563 3
-496 -292 37
-373 442 45
812 -465 12
7
0 280 6
-297 9 18
-844 -709 17
-91 -999 17
-889 -203 31
476 -542 26
-545 -503 11
7
-306 -542 40
-379 532 15
572 -508 27
371 -254 32
-787 634 42
-449 -917 1
-545 935 22
7
-382 -228 42
558 792 36
-725 -305 1
282 -929 11
824 -989 44
79 -112 7
631 -886 1
7
-622 -529 23
-480 -870 2
163 -902 34
-276 -916 35
-523 -91 14
735 693 36
917 66 35
7
588 200 10
-32 -70 42
-956 -579 16
-446 -375 20
-138 -265 40
20 846 27
313 299 30
7
-502 173 21
778 728 36
847 251 40
-24 84 26
-530 -786 39
362 -698 43
-729 656 44
7
-506 -377 3
628 571 25
-50 867 37
86 656 14
-787 -319 49
80 -202 18
-25 -449 20
7
-860 -991 18
-889 297 5
480 597 44
279 442 40
662 233 48
-776 -111 30
761 -677 31
7
953 318 36
89 -703 16
-350 -993 44
-326 -132 50
894 -834 24
363 218 28
617 897 33
7
438 11 32
-475 192 30
-310 928 44
-906 -225 30
662 -92 19
-507 -917 6
755 531 31
7
-431 -119 41
326 -825 29
-373 -933 30
-156 271 4
-78 87 7
285 713 23
-899 -998 14
7
377 124 5
-687 471 4
-84 578 25
870 -315 14
-415 -792 23
630 -238 22
-126 714 50
7
-307 -158 45
869 -840 30
700 636 17
712 506 8
424 183 1
25 -534 1
560 -86 22
7
73 -372 7
-101 -971 24
279 361 27
973 637 15
140 -345 29
-274 256 16
791 -260 40
7
131 -838 19
755 208 13
-40 204 6
103 241 2
206 -813 42
-84 776 6
-319 251 31
7
905 -938 2
751 -679 25
-714 590 27
579 210 43
481 -41 44
-150 939 46
118 744 50
7
690 -461 12
414 -387 28
679 44 42
921 -880 28
-323 -66 43
-821 637 33
-93 975 19
7
298 30 50
226 -231 50
-946 632 14
-11 -472 50
-112 233 25
-734 883 40
-441 -750 32
7
678 771 16
654 -153 2
-542 772 21
-705 -938 25
-688 -44 19
-72 -511 22
-985 -995 50
7
405 -388 37
-822 525 23
-808 -933 48
446 -737 32
-403 -454 31
-771 -788 14
-307 44 12
7
847 237 27
172 13 11
-679 155 28
107 29 4
-669 784 7
-966 738 12
-283 -826 34
7
137 -832 20
334 465 10
-599 -548 10
91 -66 31
48 -748 16
655 -321 15
343 626 19
7
650 303 44
-731 -484 25
-476 40 9
-603 -374 12
990 -318 50
715 786 31
440 161 30
7
-756 -637 50
752 187 18
-500 -199 13
381 -270 40
-600 419 23
-731 467 13
-926 -272 28
7
-197 -639 42
939 -269 49
686 604 32
-342 929 9
286 -1 4
-188 748 49
-516 528 14
7
-586 31 43
702 -294 47
596 949 7
-41 -69 30
-393 -815 10
347 946 17
596 -30 10
7
865 118 38
985 246 28
917 699 20
-998 -281 48
-219 -869 42
120 -38 26
18 60 19
7
500 -287 7
538 -148 3
85 -117 9
691 677 46
36 -968 47
-966 -954 20
-950 175 7
7
-919 194 9
178 423 27
-912 -747 35
4 684 6
534 -453 39
-186 647 43
237 115 6
7
-911 42 21
-593 -138 45
376 160 43
-917 887 31
-14 -89 42
255 -630 45
147 -852 48
7
-667 167 2
71 798 28
671 238 29
877 -334 4
-754 363 48
-703 -166 21
252 495 34
7
-609 826 29
639 35 6
-521 956 46
157 707 47
907 -927 12
347 -538 47
-233 -164 19
7
265 -139 47
-586 469 4
-504 -640 12
-560 -476 19
-602 -336 27
-590 -410 22
-560 -266 50
7
747 -604 7
-367 -240 14
-363 -487 28
769 -566 31
11 -248 34
-976 214 10
302 -560 4
7
189 767 42
997 -275 6
-115 6 43
753 -768 30
-85 978 13
-266 -78 34
-291 945 39
7
-514 -762 27
664 232 47
329 -434 31
-19 441 40
-180 -629 33
623 -173 17
675 887 26
7
236 804 36
17 -41 32
-520 475 27
-972 789 32
981 -408 28
839 320 17
-374 -675 16
7
-246 -369 31
989 308 7
-530 -295 41
360 -865 36
-963 -415 33
802 -775 40
-470 909 10
7
647 257 48
129 176 8
-218 188 9
885 353 11
-852 991 5
949 878 30
146 -696 48
7
-238 -120 38
-870 -755 14
-935 -871 16
-601 -151 31
-45 528 50
-831 116 2
373 -780 1
7
280 -10 32
922 -54 25
546 581 10
218 -958 23
-288 839 26
876 217 18
850 -883 47
7
-953 -271 37
587 370 39
691 -509 6
-290 -577 10
-656 805 19
-782 313 44
-927 211 5
7
332 -494 12
-183 386 38
-437 -97 34
-18 -346 2
348 -896 37
-368 -435 37
-155 981 45
7
-581 -210 13
771 -524 6
907 715 14
-703 69 31
471 250 43
918 -519 27
-367 299 38
7
747 -479 31
-679 622 22
-22 812 33
-642 881 14
848 -160 40
671 115 42
177 289 28
7
-174 -579 22
-779 -10 16
-15 875 6
921 -57 37
-984 -831 16
535 -700 15
-178 649 25
7
-132 809 47
104 -882 30
-201 -180 31
-681 -199 47
-325 -382 6
-771 -156 44
-58 639 9
7
119 380 31
363 -648 36
-385 -350 47
-564 407 13
287 -669 25
-731 -630 5
-206 980 31
7
-911 37 34
586 -158 29
76 -740 43
589 877 2
452 -44 1
256 -582 11
630 -409 3
7
-323 593 50
679 -674 46
235 -82 19
474 -802 15
413 478 49
-789 304 11
34 -756 4
7
967 509 23
-14 -290 30
666 -535 28
-274 550 48
647 212 36
-38 820 11
-42 362 14
7
-436 651 20
734 552 34
168 517 40
933 -330 38
-678 53 6
-509 826 2
-682 342 7
7
-803 -23 21
-528 380 29
368 808 49
-40 926 35
22 -856 10
-32 -833 7
-771 5 19
7
-173 -151 3
79 389 16
87 -638 33
-205 -371 30
-542 286 39
-630 -374 26
943 441 18
7
354 -184 9
-487 11 46
928 -256 42
-181 -243 28
860 82 10
69 -100 49
-287 -89 24
7
696 197 26
-826 -654 49
-280 510 21
-534 589 31
234 153 36
-214 715 18
-734 527 23
7
364 931 43
-732 -773 2
-480 446 31
-395 -111 22
-983 -990 8
-917 775 24
-898 661 43
7
-861 -903 7
-929 767 28
-499 942 50
169 -190 25
950 -811 40
121 -308 5
226 -29 33
7
-918 -859 8
589 -261 8
-595 467 34
-373 -159 32
-303 -327 40
-30 -606 8
-772 827 24
7
-779 698 45
947 -572 11
744 283 13
267 -27 12
953 -783 36
-460 -345 18
-496 586 13
7
-699 154 47
626 -488 3
-559 -851 13
-491 -294 48
797 637 28
-394 -37 36
-258 252 11
7
-14 -462 35
172 619 39
469 -326 32
-289 478 44
6 435 18
-943 -251 19
9 566 29
7
420 -732 33
-781 -336 40
-261 -67 23
999 -184 28
111 822 13
56 -364 8
-778 784 8
7
75 -459 13
-471 -362 4
254 -618 1
-291 -294 17
107 382 36
-348 991 3
880 -666 19
7
-721 -223 23
16 -280 47
741 759 8
469 947 49
959 134 25
986 -815 24
576 684 7
7
940 904 25
-969 -490 14
-545 -31 25
945 -817 45
340 356 35
-736 -392 50
440 -591 36
7
95 224 28
-497 -124 9
16 -95 43
270 -139 21
-314 -838 25
911 -42 16
-816 157 26
7
182 664 26
-343 -411 48
-696 -740 35
226 -368 49
-573 738 22
378 452 50
75 405 12
7
-680 -438 31
394 -411 41
877 228 38
-972 -456 1
-778 426 43
-988 -871 37
377 -233 33
7
618 955 24
53 329 2
693 -39 36
343 922 13
844 -78 45
296 -21 8
-75 561 20
7
-670 -785 22
164 6 41
940 553 30
-366 742 47
501 -936 41
-50 9 19
-766 -731 14
7
-808 -454 12
817 -25 16
-92 991 4
194 -682 49
-816 996 9
346 -419 48
-608 340 50
7
-298 -466 14
-978 606 30
-243 555 11
918 147 13
-317 286 39
-809 -627 44
746 276 6
7
46 982 15
644 -788 13
472 -292 23
473 772 10
462 929 36
659 -394 18
312 -91 39
7
-886 574 14
-836 378 39
-972 172 45
379 -582 13
-866 3 18
-939 334 12
-986 481 36
7
669 98 32
-512 59 40
549 228 7
-861 531 18
-856 740 44
930 365 14
408 625 45
7
-323 340 39
342 149 6
-778 748 16
289 256 28
573 410 13
93 258 34
-877 21 15
7
95 -811 30
992 181 20
-333 -696 44
-753 768 8
-282 -794 13
-579 -869 16
-786 88 12
7
-368 -644 37
212 -371 50
992 764 7
-660 887 1
353 -342 4
630 954 15
-590 -876 9
7
-767 707 34
893 -30 18
-2 290 7
571 364 29
-524 -672 23
-591 -140 9
-170 -474 33
7
-459 -54 32
-109 -597 17
812 -585 44
246 -667 17
808 -70 40
308 871 50
944 -596 41
7
824 262 44
-101 -281 38
-386 948 37
-365 -566 43
-546 288 19
295 -294 28
1 -456 39
7
330 -562 1
894 844 42
214 637 7
-345 -602 18
-719 945 39
283 -90 45
107 -618 30
7
613 321 21
-4 -597 32
682 847 39
193 -982 24
491 486 16
-883 952 25
179 624 44
7
-761 -343 38
-803 962 44
-298 -461 11
147 -756 3
-349 22 4
-694 948 16
-680 -786 46
7
504 188 35
-684 -325 18
-363 -599 30
-172 -980 22
701 243 31
-114 -98 32
-279 594 46
7
233 470 36
651 -835 34
-431 489 25
-770 -239 49
38 -793 34
-414 -521 19
-174 -378 49
7
-325 -674 28
751 -705 20
810 769 40
937 -425 29
-502 545 7
-875 179 31
493 371 26
7
-100 -697 49
-843 371 2
-431 -864 27
-582 563 27
-342 -701 12
326 293 41
646 -704 38
7
206 -51 15
732 462 29
621 -415 25
-525 342 12
275 475 22
-208 -184 30
-967 -40 26
7
-545 -713 10
771 181 1
-384 629 17
472 -11 17
44 -83 45
450 424 30
654 347 1
7
-273 863 41
823 88 8
-497 -53 17
29 -508 16
790 -351 37
893 -714 11
-362 856 17
7
-282 -584 15
841 857 13
-624 937 46
239 861 28
-845 83 36
501 -410 25
920 683 26
7
457 562 13
105 224 22
-908 -368 16
-364 -655 24
-972 -865 7
-827 -638 25
61 162 20
7
205 618 19
332 267 40
712 398 40
-609 -900 4
-934 328 39
-289 -607 4
794 -396 50
7
456 -378 41
927 -137 46
111 -232 35
-444 877 44
-68 697 31
-492 98 39
146 -543 26
7
-92 23 31
-432 843 25
154 -319 10
-886 81 4
774 -753 14
107 -121 25
-600 602 49
7
-540 -932 41
908 -168 15
711 359 25
-604 716 38
228 -628 31
476 -526 12
-486 -390 11
7
941 -759 13
-661 326 33
-261 841 25
46 172 25
902 -997 44
280 -520 19
739 -472 28
7
570 -610 32
149 -369 44
-315 289 31
1000 -690 42
-346 335 2
-50 538 38
-293 -488 3
7
-795 292 27
-958 -698 36
-126 -212 20
590 -535 34
928 -460 38
621 554 32
163 176 9
7
179 570 47
766 622 25
455 564 15
393 -103 35
41 979 9
-572 -575 44
-208 -22 14
7
-888 132 28
582 495 9
-139 577 7
-92 -15 30
2 -753 9
-743 -244 15
-257 -741 20
7
180 -915 47
-518 790 40
118 651 20
-888 -135 4
-99 686 37
-206 -86 21
-713 -578 35
7
955 -579 3
163 252 24
365 -473 45
-530 771 29
-764 -908 18
-60 651 39
-1 -745 9
7
844 398 22
931 -321 49
-385 175 22
428 -70 4
-165 -962 50
-817 -248 21
-712 34 27
7
-60 757 16
32 767 19
431 -377 18
607 36 13
-392 -433 34
308 -833 1
-515 958 50
7
47 -426 43
198 -907 5
-138 -701 31
-818 610 35
953 181 23
431 666 47
671 506 8
7
292 -701 4
819 -841 32
13 -727 13
668 -879 28
-546 797 18
-708 677 21
264 -912 27
7
195 40 29
332 58 46
-9 -814 48
323 811 29
-795 -302 3
-927 -724 21
-220 -740 30
7
155 -289 45
880 883 11
-449 882 2
-604 849 32
282 -419 24
-155 174 5
-58 -480 2
7
-632 -475 25
639 948 12
-873 427 26
-841 -563 36
850 228 9
763 -386 35
477 -472 12
7
800 414 43
397 293 40
-310 197 19
-265 -332 40
-585 -284 35
720 742 6
-332 -614 11
7
345 -863 5
-76 -163 49
691 -119 39
716 662 41
-106 -499 7
-561 -810 18
343 838 21
7
-748 -192 29
-96 -800 50
595 349 43
-884 -325 33
-775 278 47
-828 -703 20
821 -361 27
7
-400 350 12
-543 -195 10
224 -367 12
548 839 15
641 839 8
834 -611 8
339 -952 20
7
691 493 47
-822 655 15
561 693 14
-718 -685 40
439 -112 15
-838 398 37
609 -625 2
7
709 -689 5
-676 409 22
-234 170 27
-713 -331 12
-112 57 39
795 877 44
-742 -252 6
7
-247 -405 9
-858 530 12
-8 776 33
876 2 14
280 -661 46
-590 -353 50
-82 147 37
7
-492 870 13
428 167 17
-330 404 25
903 -949 18
959 276 7
-158 445 34
185 873 34
7
-359 65 6
773 869 30
-173 -609 36
939 -960 30
-289 834 16
708 -68 9
341 -246 33
7
202 -720 34
28 719 17
26 -909 40
295 141 46
-220 -712 34
-668 -79 24
-974 -775 48
7
662 866 22
62 598 17
-178 1 43
-319 723 29
-494 -509 45
-390 65 13
706 -148 45
7
-764 911 1
-359 -716 41
-564 779 30
-545 30 49
-671 920 31
-236 752 25
-251 -706 50
7
-633 32 44
224 897 15
-521 -281 39
-839 186 48
584 399 4
-961 702 23
517 -633 44
7
405 -635 11
-272 -768 28
340 558 20
656 -525 17
407 733 25
99 -428 35
459 -255 23
7
-753 581 29
956 -743 40
972 -415 8
348 398 24
-304 -382 12
-42 -815 30
170 -900 37
7
179 517 44
-321 -737 17
367 466 23
534 93 12
-294 -836 46
-888 633 40
-38 153 13
7
60 842 33
916 433 25
275 -302 10
-658 -944 40
-79 -402 26
-337 -568 26
-893 598 48
7
469 -870 30
755 -807 10
-660 -108 46
-793 542 24
200 91 42
723 916 28
133 -362 34
7
-905 -99 49
997 974 17
118 -529 22
-942 -893 38
-510 458 11
868 916 42
-310 954 49
7
-185 895 47
467 -520 6
872 666 49
979 112 22
-37 -503 9
16 262 11
-991 174 49
7
-986 -530 3
175 -553 18
-975 -864 7
683 274 29
-94 892 35
-919 0 38
266 300 14
7
376 542 10
-267 277 29
192 13 30
643 -861 4
726 -752 6
509 -832 16
353 -840 4
7
746 600 12
198 819 19
4 -220 37
-226 445 22
-193 -589 11
113 -719 45
668 -116 29
7
157 -353 8
77 891 31
-320 169 47
220 553 37
908 -773 22
179 902 49
-542 -341 20
7
-60 650 28
-342 423 44
-262 766 32
197 -684 26
-660 361 48
-930 -400 47
628 -765 24
7
203 855 36
-84 201 50
-406 111 23
-578 -377 23
346 -377 49
-269 926 2
-580 22 8
7
-732 958 20
437 763 45
-694 -102 18
-833 -477 34
-341 -242 26
-267 690 31
-991 -617 42
7
-749 -828 6
-302 321 36
-438 337 35
-233 268 7
-850 230 27
691 756 40
785 591 2
7
205 789 3
-443 616 44
-816 127 42
-922 365 44
-981 521 13
-312 -845 7
-444 873 43
7
-352 220 22
378 -362 28
-639 -82 17
-492 911 20
843 368 6
-885 -104 20
-596 566 4
7
921 -500 5
746 73 29
-593 296 24
989 -161 44
669 -75 31
31 11 13
-814 -432 11
7
-408 269 7
-45 -441 27
731 -785 27
-28 -185 21
635 -607 21
-656 -441 9
685 -302 7
7
94 584 38
843 -161 9
-875 -859 43
652 132 27
360 45 14
869 -87 16
-472 962 19
7
251 -369 14
694 -797 16
886 -791 35
637 235 25
-323 165 15
-25 -431 1
-593 -54 40
7
-378 -140 35
720 718 13
321 -937 36
164 868 43
-985 -826 47
-762 864 4
912 868 50
7
634 -607 13
-740 795 7
-17 -519 2
-527 835 40
-757 -736 49
-812 548 29
-941 185 27
7
118 631 5
493 -547 34
-316 -813 40
771 64 31
485 -904 50
708 -651 22
-563 985 16
7
-824 -396 19
148 443 44
952 -353 29
-693 -153 23
-966 -166 24
-423 253 47
77 731 11
7
875 -710 40
-655 395 34
-830 794 49
-470 -998 3
-313 597 27
929 -942 42
605 271 5
7
479 843 2
666 -505 29
196 -925 23
191 -533 44
-444 355 17
-445 521 3
20 -348 11
7
-507 41 3
-661 125 7
614 14 17
387 -816 28
-528 491 14
-550 -591 34
-839 686 50
7
-219 780 22
-421 112 33
-712 -276 50
-451 680 34
-165 179 11
389 -793 24
-938 597 17
7
-151 -291 19
-739 -425 2
621 99 39
-386 -346 48
-141 -561 21
208 658 27
-355 146 17
7
227 697 29
-332 387 16
-329 -919 49
-111 611 18
-7 538 13
-502 224 13
349 590 42
7
839 -35 30
-805 329 23
-280 543 18
-185 -238 11
672 -315 38
-508 714 21
-376 29 25
7
833 359 34
867 -150 14
690 -602 2
-453 506 19
493 456 9
473 546 2
-910 990 4
7
-515 -237 44
831 552 48
-545 -294 6
187 715 42
-234 667 19
464 -779 17
53 -147 15
7
-705 -159 3
-600 -506 15
-240 42 21
811 247 33
-271 -462 5
628 -699 13
-618 248 31
7
279 964 47
714 167 11
-90 749 4
-720 -1 15
-150 -553 31
-540 264 15
-228 65 34
7
-538 -901 14
82 5 41
320 299 36
593 555 50
-249 147 22
-925 -60 4
-109 -199 45
7
-572 551 20
-280 -968 23
433 -500 19
709 -84 6
585 -134 47
-875 389 19
-25 31 44
7
-207 383 49
35 -47 43
-201 506 50
1000 217 48
895 958 48
-447 -283 20
-26 -98 19
7
-760 302 12
-112 360 15
-704 372 25
794 -273 22
685 -528 29
455 -207 31
-734 -701 26
7
504 -335 43
-962 23 6
926 -854 3
403 733 17
-190 387 27
256 -643 23
-444 -990 20
7
-269 604 33
393 282 31
-75 755 2
301 -51 33
-224 590 12
602 -675 46
318 -440 42
7
100 -230 3
854 993 15
750 -388 16
-864 783 47
-72 -443 17
-968 746 42
535 -996 13
7
933 642 28
-797 -489 24
-677 733 45
-597 196 9
-673 -446 18
952 -716 7
606 904 17
7
158 -675 6
737 -670 17
700 -121 18
21 -235 48
513 -148 13
465 426 28
824 -448 11
7
-421 -118 9
53 -663 37
-921 -752 14
-135 240 46
-708 -474 40
797 -191 48
818 -452 15
7
-466 -522 12
176 835 12
583 759 2
-841 -393 21
31 362 20
854 421 44
-69 -594 26
7
167 -578 35
522 -343 38
225 -395 18
-121 828 14
-92 758 17
-687 -852 18
-683 560 35
7
-71 998 3
782 -21 26
724 997 44
258 882 1
660 739 49
-542 260 21
964 678 8
7
993 385 19
-574 -312 23
-372 -130 22
712 410 14
-253 -156 5
-892 -119 39
746 187 48
7
177 -798 15
142 416 38
-695 -600 20
796 -112 49
504 -762 18
707 900 23
253 363 39
7
356 759 8
-209 937 32
-963 906 47
-747 88 42
521 9 33
-89 -245 26
262 -493 47
7
-679 -395 32
458 -640 12
406 935 6
-74 242 18
-651 -282 22
-103 -782 2
122 -865 11
7
638 967 26
899 -53 8
70 -68 42
356 731 50
615 -530 43
611 -260 38
62 843 37
7
806 13 38
394 -363 33
-561 -132 14
946 390 8
985 -311 26
539 97 6
-934 -600 49
7
868 -857 24
586 31 11
-400 -730 4
-585 -217 17
249 -612 24
799 205 48
-161 965 46
7
110 108 41
687 493 24
-745 402 41
-258 -336 43
220 508 41
970 -478 50
4 141 4
7
-755 -396 8
-608 198 36
414 471 9
923 -471 45
295 647 4
934 -831 9
-232 -206 15
7
-979 699 41
373 -936 40
-475 998 46
437 626 23
523 437 19
934 925 17
-769 254 11
7
930 77 13
346 723 7
950 737 4
-103 -114 19
533 186 23
61 -115 2
120 -640 45
7
-925 -237 12
24 -70 26
833 87 25
77 299 49
394 966 47
-533 371 22
833 -981 21
7
44 -653 43
590 13 21
-808 96 11
-602 336 6
-113 338 44
-605 -16 5
-342 728 30
7
-89 -173 25
-318 13 40
-88 -842 24
193 640 43
-839 -508 5
-342 -903 19
879 626 27
7
-461 -732 45
264 -49 39
-622 -549 3
-984 -573 29
-258 815 36
-494 -901 14
-91 -627 46
7
-462 -695 46
-530 -291 36
735 -863 11
-351 852 50
-696 -520 34
623 212 8
-86 832 29
7
725 -464 46
822 -631 5
979 550 43
-683 804 4
915 -355 3
253 -409 9
-122 -118 30
7
665 -795 18
845 632 22
-887 188 13
-712 91 35
773 121 2
948 -320 3
-430 -948 38
7
-629 685 3
-896 -442 28
-1000 138 49
-443 -216 41
-877 -957 44
4 -94 38
645 -1 8
7
-305 856 2
-566 -630 16
995 -580 29
-647 342 15
-379 -625 38
-969 734 35
-470 -437 26
7
628 -711 47
540 67 32
129 -527 6
48 -758 38
-229 -819 22
31 -397 15
150 676 46
7
804 -275 16
-653 640 38
-789 250 49
-990 84 40
-677 201 38
464 295 42
-992 611 49
7
-557 -382 42
758 875 47
-74 -637 13
-912 -281 8
604 -66 8
854 660 16
-68 723 48
7
-830 121 18
-49 -634 41
249 -150 47
-40 -403 42
489 -449 23
-612 958 1
256 593 28
7
-164 531 19
273 -615 22
-297 -236 50
543 287 13
995 -917 37
934 362 24
-333 -134 28
7
509 383 21
468 -775 18
-788 -323 9
-938 -466 44
-580 -298 10
-246 732 8
419 150 12
7
-220 910 9
355 653 21
-541 -457 19
-275 -513 26
-605 -420 9
-644 958 34
8 -698 22
7
379 -343 18
-325 -901 36
-118 66 18
-518 -701 14
264 153 14
553 536 23
-382 -177 25
7
244 606 41
-238 259 9
-651 470 44
444 -65 15
964 -735 18
-977 809 50
551 611 26
7
-66 -676 46
-462 472 37
283 -747 40
-239 -472 24
-566 -903 43
36 -219 7
-688 523 15
7
-108 636 18
-557 667 3
979 -780 31
-202 -36 15
512 -435 49
590 934 18
-549 -12 3
7
679 -728 38
-502 -439 3
-208 65 49
-614 803 17
437 183 42
-757 -694 50
46 -494 41
7
836 548 10
551 18 32
380 358 29
376 -561 41
-229 461 29
-472 710 5
-641 324 44
7
-764 885 4
-8 -880 42
682 -119 13
735 -745 26
-752 866 9
880 801 23
382 27 1
7
733 -831 41
-232 299 42
-322 375 2
716 979 4
-798 923 39
-230 -549 35
308 -592 9
7
-323 -498 15
914 -575 38
-691 -838 50
412 381 47
305 309 33
448 -809 38
297 -218 28
7
-671 593 45
111 698 27
886 408 35
841 550 2
-54 -2 40
-850 426 10
-270 253 39
7
-687 -762 17
-921 -748 3
157 748 7
-849 886 12
-226 956 40
-304 527 42
449 -99 34
7
-887 -24 34
-54 433 41
713 864 26
581 955 7
419 -137 22
568 675 43
-114 -128 9
7
991 55 15
-285 693 26
399 80 40
-912 -471 48
-812 2 6
406 942 26
-350 -841 8
7
235 -768 36
-328 -615 27
-209 435 3
990 -820 31
994 -207 36
-971 -719 37
694 755 23
7
-527 -50 8
-753 -307 37
512 -264 34
-2 548 23
5 350 48
399 624 5
-591 177 5
7
749 541 39
827 -976 43
-473 -607 19
69 911 8
551 503 40
-579 357 31
-947 -993 6
7
-309 784 18
564 -281 41
924 -346 4
179 -40 30
-281 165 4
337 535 12
-665 -136 46
7
-895 550 8
-500 229 2
609 -733 2
-412 936 4
-91 -45 31
611 811 9
-409 -182 11
7
828 109 38
929 348 23
64 698 40
985 -481 36
-907 -485 19
-410 760 41
192 -400 15
7
21 -68 45
969 549 40
-589 -318 32
402 508 4
209 -192 20
434 -643 47
-100 470 14
7
-691 995 3
-782 608 3
-644 -386 25
602 -34 1
-542 364 5
-463 585 29
-993 242 48
7
107 632 12
-765 124 7
36 -649 28
-390 -387 13
563 -407 17
924 881 49
-806 -673 3
7
827 -542 45
742 -135 29
-880 680 14
480 -33 10
957 -72 40
50 599 42
-369 -769 35
7
663 452 20
112 -214 41
-978 -472 3
110 -673 32
388 633 33
-820 -199 26
-195 99 43
7
-770 -193 45
-416 298 18
-361 -928 25
-672 411 32
66 -648 30
-226 616 12
280 -938 49
7
993 -867 34
-484 860 16
960 662 49
-41 607 36
-531 650 30
25 -302 43
-803 -29 18
7
660 -889 30
-16 -689 38
131 838 22
-530 924 46
47 -467 20
-575 361 10
13 -35 27
7
14 229 19
466 -838 15
-762 932 36
-959 -338 1
-381 -949 22
-969 -246 37
471 -772 1
7
302 6 7
-954 -251 22
-476 673 17
-781 222 34
-322 -631 3
895 644 38
407 790 10
7
592 -850 35
-672 -710 11
739 1000 37
752 -327 8
495 -33 30
936 585 38
325 -379 5
7
20 -391 26
696 -176 26
116 -55 43
-21 -511 25
-719 549 24
-766 498 34
-285 454 49
7
-541 -377 50
297 -522 38
-917 509 12
739 -721 50
428 448 1
725 252 8
-519 223 34
7
-153 294 25
-385 983 44
962 -858 45
339 116 34
546 -223 37
114 616 6
-352 -247 50
7
-65 -172 12
341 -387 27
117 -783 8
491 -844 37
-743 68 48
-422 -243 36
-524 -683 36
7
-176 -826 29
-682 570 49
59 469 24
125 867 21
861 421 10
38 -797 30
-480 349 40
7
190 -422 47
55 -724 30
35 -415 9
-694 925 25
386 -636 45
183 334 35
362 -755 19
7
-25 775 8
991 -921 35
-811 -646 26
285 802 50
660 -241 26
57 814 5
-953 534 28
7
-548 -872 19
870 977 45
-467 -299 40
-686 -867 17
855 -331 23
-696 183 43
914 -77 17
7
-369 -942 3
-76 -824 44
167 926 41
77 219 10
125 294 7
921 648 12
329 -840 37
7
806 -451 50
-553 619 39
722 867 45
-844 -336 8
-479 30 48
-461 224 7
-311 874 43
7
850 -555 19
215 -53 41
-568 216 36
-286 198 10
-861 971 22
-415 993 31
-961 -66 12
7
-608 997 34
314 400 24
837 -487 19
-549 110 1
396 -127 44
635 543 49
-416 133 36
7
-742 -786 9
-519 -792 19
-854 -760 4
-207 79 44
990 619 27
319 846 24
-221 -369 16
7
-465 282 12
676 -758 37
728 727 28
-33 -456 22
-544 401 4
380 -13 1
-459 -408 4
7
835 -777 14
197 -357 11
825 526 8
11 677 20
916 -653 9
841 -529 50
-509 -15 23
7
405 254 33
797 -534 14
129 -709 10
505 795 27
-498 -467 32
327 128 15
933 -615 40
7
-737 -625 30
-59 -180 11
-137 234 32
588 -760 32
123 407 40
957 -119 30
545 -942 16
7
-162 -105 22
280 1000 9
410 -818 5
579 927 6
-980 381 1
586 992 13
-831 -540 22
7
695 308 35
-490 -828 14
514 -634 10
-544 -802 38
520 628 32
-422 -921 38
-161 125 11
7
-43 -721 15
-848 20 26
416 35 6
-876 475 26
430 -129 46
-588 -786 32
110 -43 19
7
-105 -664 49
-826 -293 48
-802 913 27
600 -623 27
-854 -44 9
691 -948 36
-435 194 27
7
559 -11 48
64 161 24
408 -864 50
-339 280 13
144 -624 14
-622 711 7
-59 -431 2
7
-658 -811 23
293 -262 3
-437 950 40
933 813 2
-626 181 6
-371 -27 15
-531 948 23
7
-432 -842 12
785 -694 3
664 157 35
-49 489 1
509 -80 29
-238 -754 38
255 -599 50
7
-641 679 37
-380 772 2
29 577 8
355 -12 11
194 -373 10
154 745 25
42 -348 21
7
-322 -550 21
-420 -371 44
-975 465 10
806 661 39
306 868 19
-465 -825 28
-35 912 29
7
144 522 20
-2 -744 7
-271 -530 2
-828 -270 22
-377 29 50
267 -242 11
-816 58 21
7
179 -619 39
-210 10 1
1 -214 30
-484 -854 41
-338 711 48
-325 554 47
469 -601 12
7
936 -310 4
-907 -368 31
-480 727 16
7 -409 38
-139 637 50
-133 -847 23
-437 958 44
7
-834 264 35
-558 -142 25
-322 -740 37
-297 896 5
708 -99 5
958 -582 21
516 -367 43
7
143 -955 32
1 752 42
778 265 12
502 -922 2
-239 775 45
155 952 26
908 -511 10
7
690 -175 49
-322 56 11
-263 582 40
-252 134 41
945 559 26
184 91 39
495 807 39
7
-273 -468 37
-722 -439 23
-953 -608 2
-394 808 30
-337 -772 37
-295 802 3
-463 -450 20
7
-640 538 47
1000 -58 32
-355 -166 7
-37 877 7
-158 -624 12
703 10 35
92 343 13
7
273 515 1
-664 243 22
511 698 4
-292 -87 43
950 80 37
70 -716 7
578 -749 24
7
-218 -555 8
768 -925 21
665 -101 45
75 596 5
-902 -14 4
241 -255 5
23 -22 36
7
-842 -978 40
-76 -96 21
331 -737 50
371 66 25
-69 131 22
886 -723 31
233 876 20
7
530 -559 13
514 -90 27
-745 -931 25
266 -72 15
146 779 15
542 367 28
37 -595 19
7
131 -939 4
-314 -581 2
550 -463 5
157 -4 37
60 281 24
891 -826 39
-750 322 2
7
-901 -725 38
-802 -741 18
-277 527 46
163 -754 8
348 394 3
245 525 44
-707 275 32
7
471 14 20
-214 -668 26
-332 -658 10
2 -920 49
169 643 7
-926 -508 13
429 -582 33
7
-314 -431 30
200 323 3
503 810 26
570 -477 14
664 320 37
327 415 8
-735 -960 10
7
603 -298 40
611 557 39
-998 678 50
263 381 6
-562 -582 11
36 -96 37
905 -625 10
7
-746 797 26
911 390 13
-427 -182 28
229 -557 30
237 458 15
545 -502 20
927 865 14
7
785 -882 22
988 -821 34
883 -223 36
-130 761 24
468 625 9
723 -200 17
-103 29 37
7
-777 30 17
66 -651 34
-476 969 15
903 -144 7
964 701 48
570 398 22
-224 54 32
7
866 564 26
16 580 49
-243 -411 40
448 907 47
-956 276 32
-977 687 34
665 159 13
7
-63 903 2
-385 613 34
-848 937 9
573 47 18
342 969 40
-887 827 50
-253 989 14
7
243 -126 4
-547 650 30
-971 -196 13
389 43 28
276 -394 19
-384 -610 49
391 -952 26
7
431 -35 31
15 826 26
1 -30 23
977 405 24
-903 -937 34
-293 -977 42
-867 999 31
7
366 -998 33
-261 -668 8
-955 -999 6
-515 230 44
845 -906 25
134 157 35
68 -41 31
7
646 -989 1
-582 -580 11
475 73 49
643 -101 20
345 -581 4
-606 663 17
821 956 18
7
-936 -140 16
417 353 40
-493 -864 9
912 -664 15
283 -485 16
-619 542 22
563 79 47
7
-754 -845 25
-644 876 46
840 911 9
958 -314 21
-326 -102 50
805 -10 1
-221 -813 15
7
-598 -122 31
-127 -55 50
-703 114 12
-633 946 1
-440 -626 44
984 -22 30
450 -824 32
7
709 406 34
-907 -336 2
-543 702 2
-127 -766 21
972 -452 44
-52 -604 23
592 -484 31
7
-366 -719 31
-347 621 29
411 349 35
586 878 47
-956 -91 28
526 231 6
46 -162 43
7
-178 281 2
470 173 8
-826 -845 29
274 201 41
-913 660 15
752 893 10
-938 -214 35
7
-247 307 49
-749 380 20
73 862 42
-87 476 43
-432 281 23
-868 326 48
-459 -7 43
7
595 274 12
313 910 49
-521 74 36
683 620 3
736 559 24
-607 634 21
-859 -874 39
7
363 605 29
607 476 37
-612 -908 13
134 639 23
-892 -924 46
-422 -129 24
-416 939 40
7
-506 113 41
-5 11 40
89 -525 28
12 -971 3
573 -743 9
-81 -570 47
596 -581 29
7
251 -874 29
-112 -859 21
-535 131 3
120 -58 3
17 390 9
-76 -39 37
-103 73 13
7
-575 986 36
717 914 50
236 -299 14
-252 -825 24
-339 -11 12
570 -48 35
353 -996 3
7
772 -198 45
255 425 48
494 658 23
481 -834 22
993 -958 5
621 848 50
-311 270 19
7
-580 -432 50
-386 398 15
219 -846 31
-50 817 49
-44 -942 37
-235 321 2
-370 0 23
7
840 -582 22
229 -88 5
703 130 34
596 -484 41
-946 661 16
521 -263 14
-84 -298 17
7
-979 29 37
579 -418 7
114 -409 14
-689 950 27
-140 -438 32
-813 -588 43
-290 657 42
7
-390 427 47
357 -31 13
470 -74 30
392 -178 27
787 336 44
286 498 2
935 -312 19
7
489 335 35
-312 -299 27
-786 -981 13
-687 230 12
457 802 39
-776 128 42
-419 -394 37
7
842 -863 35
-154 -678 6
605 -208 24
-480 -643 14
471 -527 6
438 -259 33
-460 -610 5
7
700 -385 22
610 851 16
252 -156 47
281 -320 10
-228 -83 22
-466 680 10
-607 932 8
7
-911 603 28
-862 -861 30
-814 295 14
841 505 17
615 350 10
-78 -980 2
671 144 50
7
-558 -54 3
-151 948 21
729 -768 25
-62 188 28
-332 755 6
589 903 32
792 -432 47
7
-577 894 39
28 -952 20
878 -923 37
-89 -339 37
-675 -564 19
280 -801 21
848 380 6
7
-724 -926 40
-347 -785 22
8 88 46
-889 -156 46
220 183 9
84 657 30
-759 449 42
7
80 -159 36
-186 -723 21
-657 142 31
-998 974 1
964 534 37
493 520 22
781 -524 13
7
352 -843 10
281 -655 21
-18 -198 22
471 -211 31
556 377 45
-482 -977 28
925 957 7
7
934 -793 47
-270 -295 33
-933 706 18
858 385 42
-957 98 29
-730 -940 23
624 -688 17
7
989 -800 12
186 835 40
-912 -387 30
-668 453 44
388 -924 48
-656 901 7
-684 364 14
7
409 -657 13
-890 397 3
132 167 41
44 692 33
794 219 18
927 -457 25
166 -625 39
7
78 341 3
630 -994 5
-855 -556 20
-363 -643 40
-30 291 35
-644 635 23
55 -927 31
7
744 -211 35
-934 678 18
-515 -199 42
345 952 43
-73 602 43
-567 -679 12
-13 843 36
7
934 710 31
-329 -69 32
764 796 27
-588 -630 16
-59 -46 6
440 -473 38
-963 -694 13
7
-947 -500 1
-281 995 47
-905 215 13
197 -178 32
728 484 21
180 703 38
-747 89 34
7
290 918 50
-167 578 10
483 -561 28
46 762 39
-616 -37 10
-767 -18 48
619 -846 39
7
120 323 46
-393 567 1
410 123 5
-412 647 41
115 -854 21
-502 -328 27
-49 -643 48
7
435 -388 50
403 -705 42
-521 -306 22
318 -749 10
-146 366 39
278 -394 14
14 -682 3
7
-675 -328 20
-309 41 7
-83 -874 10
-396 -246 39
286 -929 49
-155 237 29
45 -20 9
7
520 -793 9
839 -596 37
157 837 46
572 835 8
-265 -386 4
316 876 45
-9 -943 35
7
210 661 26
887 260 47
393 -530 48
-300 -509 45
94 -453 30
-675 -545 40
-322 185 23
7
723 -792 45
-629 -46 40
-235 -146 8
398 680 34
-865 -277 45
-21 -79 50
-748 177 2
7
139 -763 46
298 -130 49
838 428 35
-620 -377 27
-454 -995 25
-185 166 26
-604 -805 15
7
-589 751 13
628 -38 13
818 341 5
-160 -907 27
185 -559 39
-965 667 2
-383 468 35
7
-86 -288 13
895 -729 11
-965 -284 49
-946 -664 44
-530 -278 46
940 324 26
662 -882 31
7
688 -612 40
-864 -848 43
947 589 25
690 514 7
574 -276 32
-225 686 3
-314 986 3
7
444 -791 3
295 222 32
656 490 38
185 996 10
-382 -988 15
506 -34 7
-450 915 20
7
-403 484 5
-274 -467 36
-637 631 17
-476 -697 17
-708 143 10
-996 -726 16
-183 169 26
7
968 -705 42
836 261 10
273 -189 1
219 -558 4
-630 -756 9
-477 312 10
-122 -185 26
7
781 747 47
306 363 27
793 590 28
886 1 48
-938 -858 2
-892 416 31
-617 823 41
7
-784 272 40
-689 -688 48
-545 675 15
399 395 4
-69 623 30
-499 -279 13
-545 725 19
7
591 -591 41
966 -410 1
702 319 20
556 -121 11
-286 -600 12
955 -226 22
-51 -74 4
7
380 873 37
843 -597 8
-852 -850 3
319 -663 38
-467 82 43
-433 516 19
-265 139 32
7
-827 880 45
425 -433 23
-932 -183 18
-673 490 15
-439 636 11
112 -821 8
862 594 29
7
-758 -310 18
-499 908 44
308 -662 19
-733 333 4
-119 388 21
-382 950 39
-437 12 11
7
551 405 14
870 -164 50
279 847 27
931 967 11
-48 -976 28
-861 -871 5
-703 769 14
7
915 509 29
-608 -237 10
343 -719 31
-992 486 43
-686 -215 11
-814 -592 18
466 -471 43
7
458 -774 11
504 630 36
-997 -191 35
384 -229 40
77 -833 15
-896 545 49
-282 -764 1
7
615 -876 16
891 369 23
-257 995 36
-363 -372 11
-348 152 15
-196 -328 38
89 213 27
7
-592 406 30
-994 -624 46
819 195 24
615 605 49
284 839 44
-1000 -545 30
284 -155 41
7
-959 274 11
-944 -638 9
-19 831 19
-492 -202 48
-255 526 44
-402 822 24
783 -780 26
7
-28 125 37
688 318 34
653 -122 48
-425 -149 17
-470 -759 45
731 -449 1
-302 -210 3
7
-934 -943 1
244 327 31
-55 853 13
-643 -640 8
-784 637 44
967 -420 7
-499 -546 9
7
-900 227 14
977 -991 24
-495 31 30
-189 481 2
-330 -811 21
870 804 37
503 904 38
7
901 -766 39
127 -781 44
-300 -847 24
-776 155 26
-749 71 36
-880 95 42
-98 934 4
7
-574 -588 35
155 637 45
-909 -802 8
566 -490 10
227 -460 8
140 -180 5
-77 -218 35
7
-534 -141 2
769 862 2
-650 90 46
-988 -569 20
334 -256 18
211 490 8
-467 -823 40
7
714 -229 1
479 -545 43
350 97 36
-245 33 15
-519 676 9
461 1 6
-7 -230 7
7
-718 -196 18
580 -544 34
-277 -214 44
634 -290 3
185 518 1
49 311 28
-743 93 33
7
321 -806 46
650 539 39
-24 663 28
-157 -560 8
641 332 45
-972 9 25
297 -923 7
7
885 -984 4
-303 -616 29
202 -544 48
-162 15 17
498 10 3
-420 -503 16
602 -660 32
7
-526 759 43
742 -380 41
-370 -343 18
405 643 45
-380 -114 48
-71 -425 40
-582 532 19
7
-700 -818 28
-210 795 2
-833 130 35
-881 -958 29
-608 -755 30
-38 -624 18
320 -395 15
7
-11 -996 19
-300 220 15
-328 -203 8
841 801 33
-8 -604 26
-175 -962 13
435 -673 35
7
380 -386 26
-992 -986 23
409 -822 34
330 -624 6
-514 847 3
10 -544 48
-137 221 3
7
725 804 16
76 505 24
908 -788 10
475 130 17
192 407 18
662 148 38
959 -888 4
7
-569 -313 35
948 -360 37
-415 -19 10
62 -106 27
446 280 43
563 -69 37
-823 124 22
7
-751 13 15
-911 -859 1
-983 318 37
-427 -827 48
852 284 3
829 499 34
-214 -838 49
7
962 501 14
393 610 10
-996 -864 5
996 822 32
443 -124 41
-608 83 9
948 -963 46
7
986 944 10
-431 971 23
-901 567 33
-97 -509 43
544 -721 40
780 -608 10
482 5 31
7
-276 499 10
-578 -842 46
462 632 17
-61 15 47
-560 310 31
389 -906 35
474 189 35
7
400 -538 23
629 907 10
336 661 33
-710 -825 28
339 317 17
318 -404 41
-433 -463 2
7
279 288 31
765 -419 16
-381 67 16
2 -179 12
640 -670 49
-373 543 50
7 211 13
7
473 -953 24
554 -239 39
957 -669 28
-617 290 34
242 -370 24
-803 -333 46
718 256 49
7
-207 -816 27
-48 516 20
368 956 8
15 -246 36
-266 692 9
597 -320 13
556 -158 30
7
510 -22 12
159 -791 31
690 887 4
-502 -531 23
-297 -757 35
-155 556 22
-996 658 6
7
906 -852 13
859 443 8
665 742 48
-880 189 38
357 -978 42
268 -135 21
-888 -353 34
7
-533 -601 36
897 -963 21
474 645 39
999 164 48
-4 773 13
-647 -359 39
506 -642 19
7
351 -241 15
-335 -526 40
-489 362 17
261 -792 28
-490 108 35
-497 -404 35
915 -413 8
7
453 -353 14
-182 27 15
-229 -12 37
-243 -904 34
-819 -467 36
792 658 3
254 -380 36
7
-29 257 50
-799 -441 12
819 877 2
-386 -181 23
-94 -859 27
-521 -120 38
108 -544 49
7
616 109 9
495 390 37
805 -296 21
12 -813 49
-950 78 21
847 470 44
-308 363 38
7
445 -794 49
994 98 41
309 -451 9
45 204 5
-610 635 18
894 50 7
-279 -840 39
7
-824 308 45
329 -381 11
571 521 15
-411 -309 40
597 -790 44
41 -342 47
809 -420 21
7
504 -602 1
967 -288 35
-763 885 23
-904 -2 17
-273 -598 44
166 835 50
247 -36 43
7
620 -770 39
709 857 32
-249 -919 43
74 -685 29
-525 -584 36
-108 407 32
614 159 45
7
-986 990 17
-592 -834 39
-944 622 7
230 650 7
-636 200 36
-656 81 23
143 667 28
7
677 907 4
967 -48 2
146 268 38
-761 418 24
608 -955 12
801 -344 38
301 -395 40
7
-861 817 14
558 -691 24
186 -668 36
16 -918 9
-348 -131 39
-911 -743 19
-709 247 14
7
-412 737 28
-95 -12 50
-747 -341 6
516 724 39
233 709 13
-311 -646 37
-4 -57 47
7
383 567 13
218 459 31
410 -292 20
-929 454 36
-693 678 36
499 -88 42
784 -153 34
7
404 354 49
776 -37 40
-392 196 50
-445 -91 9
-190 730 20
-96 454 35
750 454 38
7
757 152 49
-970 338 44
-705 119 3
429 749 31
575 -834 15
507 -11 46
318 765 29
7
582 -840 46
324 559 24
564 -934 9
-33 446 41
146 346 29
789 740 24
926 296 40
7
258 -714 18
664 -83 43
92 122 47
812 -242 13
759 662 23
516 56 19
364 640 18
7
-702 -496 27
-472 371 44
-534 -299 45
495 -434 21
757 760 3
-822 -135 36
59 -271 16
7
530 -426 2
258 322 41
-996 -905 4
-165 983 3
-269 6 38
-442 185 10
-808 -441 44
7
407 -589 11
-978 700 44
904 281 35
291 -551 21
-828 -244 32
922 -923 7
961 -340 33
7
-235 48 21
243 773 21
321 300 19
-482 -25 14
310 -610 9
864 -824 47
-342 843 47
7
-340 376 41
591 755 34
936 -558 46
-825 -275 37
297 -395 2
-866 251 31
-413 -916 41
7
822 -99 9
8 999 36
-75 -407 34
672 -473 20
-923 -834 37
-66 320 4
-187 407 8
7
284 -207 3
-237 974 35
-865 -956 45
851 -153 38
8 -327 24
-771 325 39
244 -924 34
7
-941 422 43
455 852 40
-663 505 43
88 864 35
696 246 26
547 -561 31
7 757 21
7
-511 -436 47
-777 -4 41
-439 450 11
-310 -231 31
959 253 13
929 -215 20
-995 981 16
7
-656 -296 30
856 688 27
-509 -755 30
-104 580 6
465 286 25
569 61 27
-607 334 41
7
-397 -700 6
499 392 24
-614 986 35
408 327 12
-722 -868 37
-594 -609 32
496 224 48
7
-649 -382 23
-373 531 2
-52 870 39
168 828 40
-234 131 33
713 -677 37
-308 212 10
7
876 808 41
-16 442 48
365 787 23
113 -460 42
642 -226 49
-693 -865 25
-223 492 48
7
84 717 6
-467 655 27
-518 804 47
-94 -954 11
297 662 17
-818 314 37
919 -523 46
7
-944 923 44
845 844 45
-515 663 50
-165 342 7
300 377 12
206 819 15
-78 -778 33
7
11 -573 48
-218 -854 21
-260 636 43
64 407 17
90 224 31
734 8 45
-323 -410 5
7
186 14 10
988 -582 21
-540 772 37
-421 237 33
-467 -425 35
-657 802 6
449 506 17
7
431 -700 3
-116 -195 19
-943 -848 46
-58 -723 5
790 998 8
312 657 16
210 -676 35
7
996 -392 45
-667 448 24
199 -599 42
-219 -941 50
-876 174 20
-445 -410 42
259 156 11
7
210 888 7
789 -294 36
-127 788 20
-483 -217 39
114 510 20
-722 -467 33
-547 -963 41
7
-572 872 35
-146 -490 19
639 379 21
966 -771 20
806 -147 1
-958 846 7
-998 -555 44
7
751 -908 28
-834 -558 41
-476 565 33
972 -615 50
-52 312 31
624 857 15
-279 -670 20
7
794 -921 37
-556 746 8
-338 -783 34
501 742 41
487 464 3
283 92 36
951 365 36
7
198 739 37
-62 -191 9
-523 77 28
553 -199 4
-447 -799 31
607 -429 44
-943 -796 44
7
34 319 32
414 866 46
528 285 31
87 179 6
-507 321 46
183 -469 35
357 538 35
7
-463 18 23
-772 477 22
77 -932 6
-995 101 7
-113 -457 23
155 -886 40
676 329 28
7
182 -553 1
-534 -965 30
-478 -536 14
832 -165 10
-757 177 33
-19 -635 1
-29 -454 30
7
-295 -127 37
944 -297 10
-480 86 23
408 927 23
-509 280 22
978 -220 37
230 802 42
7
-274 418 23
46 262 25
-477 66 43
-772 32 28
-362 515 7
-113 -845 14
-169 -351 16
7
-615 3 21
-281 -503 15
6 -201 8
692 -55 1
600 992 32
-413 -801 50
807 -675 7
7
919 -162 7
-963 -213 6
305 -397 49
917 527 48
572 228 8
-512 340 14
875 842 23
7
790 870 19
-818 24 20
951 476 36
96 166 45
934 -206 18
-952 -154 7
7 -724 9
7
-288 -484 50
-606 782 42
364 764 3
733 -212 13
848 983 36
-934 742 37
876 385 50
7
-662 656 10
-511 -964 42
-38 -238 47
822 490 41
329 -630 28
706 -805 15
-590 -392 36
7
321 329 22
-491 -836 35
420 571 40
-199 984 3
260 663 15
203 655 42
-690 -212 21
7
-866 -917 36
940 362 27
-757 -306 4
808 92 23
-932 767 35
-666 682 6
-542 -350 39
7
124 638 27
-737 -201 17
-379 -807 28
-49 746 3
-36 -353 35
170 -481 23
-360 21 14
7
401 160 22
622 -317 18
-75 193 4
-915 976 27
-310 -126 38
-938 282 19
980 -268 41
7
284 -15 7
616 958 13
-774 -917 38
33 365 7
-750 682 8
-284 490 33
719 -524 4
7
668 835 28
300 976 35
456 381 3
-420 -753 26
-934 -874 22
-600 -295 42
189 342 46
7
299 536 39
-485 -251 26
-763 -569 30
-620 -729 8
685 712 11
-761 62 1
94 -897 21
7
-142 -552 27
-930 596 16
-904 -8 24
-700 -278 49
-916 -835 34
111 -102 41
880 345 28
7
124 41 40
-919 722 42
-558 -670 40
-275 910 39
567 -245 8
888 333 40
-771 -6 42
7
516 -864 33
-182 -928 45
-731 829 49
-298 583 39
-337 176 1
-920 384 9
500 430 48
7
41 527 45
-112 -211 14
509 -259 12
42 -627 44
634 -116 19
-501 -896 32
-251 521 36
7
153 -230 7
-78 950 50
-47 -917 3
-441 11 18
881 -387 25
400 -446 33
-927 -554 2
7
-287 417 14
-320 -469 42
-222 -999 18
400 720 5
-191 -620 50
351 310 49
705 -595 46
7
-422 368 12
236 -971 31
754 336 19
-781 -284 18
651 -983 10
777 878 30
-585 692 43
7
315 -231 47
567 187 7
-233 -908 36
480 248 23
-248 -359 45
976 922 34
0 -54 22
7
-772 629 20
796 -425 21
182 -714 42
-555 497 29
507 -242 2
528 -491 45
526 433 25
7
171 972 50
-913 873 5
-932 -376 23
-354 919 19
353 593 23
901 88 21
-421 -574 32
7
273 -139 20
-167 -721 1
702 -843 17
184 -10 26
-880 -419 45
-525 -590 14
-167 806 3
7
120 316 42
64 -442 50
152 702 49
-372 -660 45
13 416 36
248 460 32
-1 247 6
7
496 -249 42
798 -778 22
8 -899 26
628 -484 34
-879 492 40
882 -856 36
138 180 21
7
-991 642 50
-931 -60 32
-105 -86 27
-861 24 14
-554 480 48
340 -36 2
-574 607 43
7
206 -91 4
517 787 6
802 -790 23
388 -356 30
-17 210 24
200 153 12
971 665 39
7
-387 -14 48
148 -211 44
-495 255 5
-919 723 2
846 -38 41
314 759 26
-133 587 12
7
-949 -805 43
462 -976 27
-396 -685 29
-535 -83 12
446 -113 44
-584 41 22
318 409 39
7
876 -850 24
-335 487 1
-402 183 49
263 -463 6
-953 75 49
300 836 33
640 228 6
7
-792 -95 4
-801 394 16
-100 333 9
-240 -408 50
350 -156 43
981 867 46
616 -35 47
7
-914 -827 44
-338 896 36
-206 -266 12
-822 650 18
-74 -258 12
-194 59 3
-850 -27 35
7
266 -493 43
211 778 45
406 584 41
438 715 1
-15 -625 33
516 -754 8
-88 -499 28
7
-253 80 46
-734 -746 37
-424 174 47
196 -226 39
-423 -946 42
672 -413 1
-496 552 22
7
951 -491 13
238 541 33
-319 915 32
625 338 15
998 -178 18
153 -333 14
-790 -271 28
7
621 69 5
-946 313 26
456 -496 37
-378 24 3
-97 888 38
116 -234 28
913 170 38
7
-811 -658 13
-818 84 21
-832 601 7
115 584 32
-37 771 40
309 -392 18
304 -173 32
7
709 -899 31
263 815 34
-403 832 2
213 573 5
68 890 24
367 626 1
-28 545 15
7
-258 446 24
117 -549 17
790 -478 2
-504 474 10
373 -691 6
367 -453 37
869 743 36
7
-829 -23 44
-300 996 11
-692 -740 13
-382 942 9
-417 364 28
-247 38 9
192 634 15
7
-765 726 41
-371 318 12
439 -431 6
868 968 2
27 -646 33
-311 652 31
138 665 5
7
-293 -544 36
-341 -608 11
120 -328 27
-106 163 44
-726 824 33
-376 -199 7
408 795 23
7
588 -81 7
813 509 11
60 569 2
-73 489 15
-639 -3 41
896 -827 42
22 -554 33
7
-485 231 44
195 -882 33
-828 -711 40
443 639 9
532 -865 42
-991 -83 11
-137 -95 20
7
373 -178 36
489 970 13
221 909 14
-803 -52 16
-851 -477 40
204 -38 10
859 -886 6
7
-264 -795 1
-112 -587 19
-922 437 32
679 -487 5
-884 601 25
-631 251 11
456 -983 43
7
954 11 23
-232 97 44
-944 -880 4
696 17 27
328 285 30
-283 915 6
-782 -838 30
7
846 -889 4
928 159 48
397 581 46
-557 -270 18
-355 -727 36
553 -932 22
-688 269 8
7
197 -90 13
552 -732 48
677 -388 38
563 -280 36
-469 201 2
-833 -276 45
759 -816 48
7
782 239 4
815 993 13
-931 -31 12
-480 494 17
927 129 19
602 521 25
332 -459 11
7
676 -305 42
969 561 20
-651 -872 3
84 243 38
-883 243 20
789 -815 1
306 -186 29
7
-857 -829 8
818 87 9
-656 866 36
-919 556 9
-94 -382 47
573 2 15
-490 -446 19
7
379 809 2
889 -556 14
162 706 29
-419 537 41
716 628 16
-20 286 24
-765 -15 43
7
304 900 18
915 -331 9
596 -266 10
789 -434 34
-989 -960 46
670 -952 36
-860 223 36
7
-67 -34 11
938 647 20
269 303 46
379 469 1
68 -933 24
426 -386 10
590 -314 17
7
45 -113 3
-12 881 47
-595 -341 38
-670 -840 23
935 653 15
995 83 23
612 88 45
7
362 -595 22
-660 519 24
514 -673 29
-397 887 33
-35 -614 4
-448 705 3
-362 247 32
7
20 -74 9
447 -309 2
714 667 32
768 -97 21
495 -489 12
-653 877 9
265 492 41
7
-319 -821 17
938 468 20
-199 691 39
-315 -464 27
-430 352 21
-629 -325 29
-976 -26 19
7
-845 297 30
-60 -20 28
548 -880 35
253 -948 4
-383 984 26
-972 -911 17
-833 548 48
7
-112 -474 29
-667 115 28
332 829 40
159 -458 5
-960 554 33
-154 -552 14
-49 -716 17
7
-645 -427 5
641 329 47
194 681 50
-1 -649 45
880 609 20
655 -938 40
379 -353 4
7
-377 934 33
414 702 24
-226 -373 35
-78 -26 39
-510 822 48
-266 601 14
698 993 22
7
423 -464 7
790 747 23
-329 403 50
-113 -37 43
907 838 45
405 414 26
-209 531 47
7
306 2 12
-680 -866 45
457 873 35
810 51 49
21 -616 17
999 -842 36
-798 -614 32
7
461 -538 34
353 -514 8
874 534 18
-193 180 12
-386 277 48
-956 -300 44
345 -429 12
7
574 118 6
-473 494 6
864 321 14
-339 899 37
-103 842 43
132 -845 27
37 776 36
7
-421 145 1
836 836 22
-497 -367 39
393 -393 14
181 -725 19
-750 803 22
712 807 17
7
-452 678 50
887 -160 11
103 135 33
567 856 47
812 363 17
-61 -389 3
-630 524 5
7
-184 -51 40
839 446 22
7 -963 13
-857 60 37
392 752 10
-871 -705 29
-73 -495 26
7
-274 -786 45
-760 -418 18
-763 190 35
-49 665 46
364 57 34
-435 338 7
-104 -670 22
7
237 -912 21
-845 79 33
874 455 2
896 917 30
239 6 42
582 -378 44
28 -964 30
7
718 324 8
966 760 33
-785 389 36
-639 455 34
193 466 21
105 401 26
-124 10 45
7
140 82 9
577 176 25
803 725 25
897 -302 29
221 657 18
599 -524 3
635 190 6
7
453 263 41
-772 -206 23
-414 814 10
-513 -134 44
-513 -287 30
530 736 9
786 118 47
7
-2 279 44
-540 -420 9
152 -215 39
727 -623 30
-70 36 46
-867 622 2
-62 868 25
7
232 -296 33
366 959 48
570 -528 3
695 -716 20
-183 -306 18
-550 435 24
939 515 36
7
146 -979 29
-64 -140 47
-788 974 35
-571 -942 20
143 -529 15
239 36 3
-610 -233 24
7
-350 -154 4
911 -19 21
-420 -119 29
-752 -632 42
-826 857 19
533 -570 22
-612 -72 34
7
890 -778 48
781 786 8
-411 544 50
-624 866 4
88 -770 13
519 -147 23
84 873 21
7
-122 -632 25
-746 350 18
-340 -660 15
361 199 19
87 -322 35
984 227 20
-477 -197 15
7
-403 280 6
987 545 18
-124 -85 30
-210 -702 50
384 9 32
-811 -149 6
899 -822 3
7
340 103 31
86 -519 38
-567 335 36
-398 -943 49
-84 -695 50
-461 936 8
760 293 41
7
367 298 33
-995 560 41
-138 -231 40
509 653 13
-71 609 21
-756 -297 9
166 454 34
7
123 -589 42
-467 -843 4
-992 -552 24
-817 -824 42
-121 -602 36
-656 -283 46
599 460 20
7
-194 -186 13
-247 -938 35
357 378 1
-135 -198 32
892 -434 40
-457 34 38
-873 398 14
7
-976 491 34
-93 -378 5
988 496 30
335 -615 25
902 717 46
-659 -85 35
85 -428 4
7
-302 -795 28
-542 -180 4
-269 936 22
-464 -109 19
827 -521 40
-119 -360 29
137 -677 34
7
609 -604 28
654 -711 45
381 205 3
-738 508 17
839 -876 7
839 -214 49
-445 -53 9
7
-418 586 47
-96 -902 13
84 804 15
529 235 6
612 -938 26
-427 -890 28
477 -363 11
7
462 -585 49
560 680 17
-422 312 12
295 -999 27
-697 -653 15
59 869 14
-160 -405 49
7
310 899 7
-495 -115 14
109 968 23
-427 -867 49
62 -171 30
-821 875 43
665 571 42
7
-748 38 14
79 581 15
-366 125 49
4 65 46
-331 -951 25
-506 51 48
279 -784 5
7
450 479 49
184 -278 33
-596 257 34
-352 417 49
-130 -913 22
-97 -105 27
-695 -250 39
7
660 -482 22
-800 595 23
157 654 40
-485 30 11
6 -676 17
259 -1 50
-262 -481 18
7
-190 -440 16
855 834 25
-22 574 20
-534 975 19
856 139 34
-470 -320 41
-790 66 38
7
378 407 22
341 278 4
-861 610 30
-826 -517 5
539 -782 7
-472 -610 25
-801 920 48
7
-45 -563 29
574 -630 25
-764 -232 7
-633 -547 44
604 773 8
-799 -575 8
-652 -983 28
7
-597 715 18
-762 -923 16
-343 936 34
-121 576 16
-306 236 25
946 102 35
-916 551 19
7
418 -60 46
-491 -388 12
341 747 35
-989 256 18
-967 89 34
-628 613 19
-908 930 5
7
92 -577 43
-925 63 12
-48 302 17
349 340 27
-112 984 10
118 433 30
491 72 40
7
781 -276 24
912 549 24
-710 -300 15
-731 537 22
511 48 40
-89 -371 27
-442 -817 37
7
-735 -982 18
25 -477 32
413 108 50
812 -677 12
759 199 16
194 -807 28
-197 -392 28
7
-918 365 6
486 5 44
895 307 48
-101 923 40
226 -998 40
-831 596 34
319 -69 21
7
146 -968 1
-872 655 1
-505 756 11
-270 237 11
309 -489 37
646 -198 40
254 994 8
7
622 -417 7
441 -821 19
-271 497 26
-193 437 17
-952 -770 15
954 983 7
-844 -670 26
7
-782 -349 4
204 416 21
-760 444 35
348 -598 44
621 108 34
40 616 9
875 5 28
7
748 563 34
-151 934 14
473 -378 38
166 -722 30
-583 -995 5
-787 -900 12
577 -16 20
7
-741 363 16
809 -421 47
-131 -223 18
-379 -384 48
961 -109 38
417 -914 33
-2 385 38
7
-401 -946 14
506 -542 23
222 161 17
-850 -843 12
-721 -986 4
765 834 30
-62 -274 6
7
396 166 24
-77 838 32
-748 -987 44
303 206 42
-519 -591 2
-769 61 32
-275 -835 1
7
-739 -545 32
-290 -468 12
680 393 19
-952 947 18
-704 593 17
767 -241 26
-230 -250 6
7
572 789 15
849 -709 8
-865 -312 44
187 -267 7
-9 491 9
-87 400 48
192 -200 2
7
928 840 9
-548 6 35
536 -762 5
349 695 32
-882 21 20
-660 215 34
258 -816 14
7
504 984 40
898 641 4
672 -502 12
33 -366 44
-947 -788 28
-139 -80 10
-418 -238 30
7
-33 181 18
-170 -157 36
604 -854 21
332 -832 29
-287 413 37
-666 298 44
175 746 32
7
-177 462 26
324 -763 17
-236 135 9
-899 278 7
966 -354 20
45 -506 13
700 -632 32
7
-351 938 37
-745 -892 10
-107 -328 21
799 113 2
217 -315 34
32 -681 27
-117 660 27
7
-824 -975 8
-929 -298 29
-872 -708 50
566 -797 50
52 351 10
-274 -609 31
-939 -475 44
7
-503 -135 29
418 453 36
-566 446 43
176 812 45
-867 615 4
-871 -945 34
-850 926 38
7
-321 -406 43
-61 -22 35
-701 806 50
865 989 42
744 806 10
-96 -866 7
-342 841 22
7
-286 -142 43
214 -952 15
-392 -39 50
-722 661 45
-128 64 23
155 -289 38
592 -222 10
7
-51 257 39
-842 207 47
16 468 12
752 -436 9
62 576 26
-955 803 27
904 -7 21
7
375 447 20
641 -205 12
53 -446 38
-418 -353 8
335 205 45
80 -844 42
-516 863 5
7
-951 906 9
261 -606 48
672 -374 1
797 527 23
-957 -66 1
417 893 12
906 882 44
7
-929 628 14
-315 -985 12
-653 878 23
-813 167 46
-946 -917 37
695 -895 16
-433 -430 27
7
914 229 16
-7 -912 26
19 421 19
722 149 16
-309 441 31
-966 -129 41
-221 818 11
7
727 -795 11
18 -709 29
285 -51 10
-387 526 29
-503 361 11
-506 -401 30
-937 694 16
7
-272 730 19
461 479 28
775 -338 41
453 -570 50
824 -821 5
952 -147 35
-974 -630 34
7
-490 -413 23
147 -235 30
362 -163 35
741 90 10
-12 159 48
573 10 49
133 -136 28
7
691 363 7
-191 733 36
475 -621 15
-524 841 20
553 -155 9
-145 967 35
536 -706 24
7
783 -178 30
-69 512 33
812 815 36
763 -825 15
-813 941 16
552 885 24
879 988 10
7
288 -345 46
725 695 35
182 967 9
-407 309 36
-546 987 44
-919 959 32
347 667 21
7
-511 -75 30
-378 775 37
-717 81 42
-790 -218 39
-57 150 34
74 -489 29
652 -479 20
7
126 202 22
856 -20 48
975 -771 29
-456 870 49
-308 -763 32
-369 400 14
152 278 1
7
-588 464 10
-67 -594 1
242 514 12
453 155 31
606 793 27
487 -215 50
-207 -335 25
7
880 -464 19
465 -814 22
363 -311 1
-47 429 35
932 477 31
-202 -936 16
460 504 38
7
213 652 15
660 470 25
19 40 43
705 722 4
-188 -993 5
203 -686 26
52 415 28
7
-328 -345 35
-128 728 13
-449 408 46
997 711 13
80 636 7
-726 130 8
-262 481 14
7
983 814 41
-564 -600 12
53 -208 16
-646 -874 37
900 -877 43
770 -152 6
325 716 13
7
546 -692 20
-301 -479 12
-123 -849 50
-586 -541 28
-627 268 27
732 -298 24
-46 -651 26
7
136 751 46
202 195 5
168 641 9
796 165 15
414 -320 35
-40 707 31
-385 -192 45
7
-754 765 21
-752 380 46
272 -861 15
283 -660 50
581 84 46
278 -184 25
-897 730 21
7
-651 618 6
-658 -438 23
736 -969 14
497 -940 22
758 649 23
604 489 22
718 991 46
7
219 694 40
893 -917 7
-875 639 36
451 -220 27
117 708 48
-557 865 41
617 -510 22
7
-508 -680 38
-426 -814 46
295 -279 16
-366 -404 1
641 -769 12
529 825 34
-252 -830 47
7
628 150 38
-909 -994 30
-613 -652 2
2 -972 16
45 36 26
-834 247 24
-923 -785 20
7
-214 -365 6
-927 503 47
333 119 46
805 -16 37
-664 771 31
239 817 40
925 518 30
7
-46 93 9
361 -270 3
570 -263 24
796 102 49
396 -740 40
-41 -879 41
367 136 40
7
378 583 21
527 121 25
341 674 46
-247 -187 35
548 240 6
552 -735 16
250 481 22
7
435 -937 25
199 12 42
144 -842 11
-872 -53 3
348 562 42
-126 518 28
-315 148 1
7
-544 743 12
-780 -675 6
286 730 44
-68 -705 6
-588 846 18
55 37 6
-625 972 30
7
123 60 49
924 973 1
-982 -945 50
-66 296 50
633 287 2
-739 -533 8
929 283 11
7
997 -720 7
634 194 6
-670 -895 4
607 316 6
-321 894 5
-552 -308 18
667 898 35
7
62 -643 20
-963 -601 48
-592 295 19
-508 -457 11
451 -841 40
-124 223 17
-357 -947 24
7
-426 -489 11
324 503 19
-729 -754 49
-808 -91 50
180 -692 37
688 -60 13
-557 -242 8
7
-551 133 47
341 139 9
-896 -126 2
-847 144 41
543 906 46
-159 852 14
-645 -516 39
7
-264 -45 48
199 -272 3
765 -922 24
168 -878 39
-773 -482 32
-276 625 20
882 -86 15
7
351 712 23
717 391 5
-180 -412 24
-517 979 6
-889 -518 43
-584 -363 4
720 -143 14
7
-50 -472 33
-118 204 16
116 -504 19
-667 881 23
-321 257 50
-944 218 30
-450 -56 50
7
-150 -126 24
676 -326 44
-266 -344 26
141 -2 29
-435 66 34
354 -659 24
708 209 46
7
718 -70 6
-740 68 1
272 -968 32
748 412 47
89 586 27
-158 -770 11
-104 -68 15
7
728 50 43
-232 -87 35
211 789 15
-688 848 28
981 -5 16
-850 -665 47
-503 -813 19
7
-43 -79 14
-933 426 29
-387 664 10
162 -75 8
340 -110 6
-862 960 48
269 -621 29
7
527 -696 39
-193 846 3
-944 -858 34
119 -388 29
-925 51 47
-214 -877 17
330 -881 15
7
-600 319 6
-535 -11 24
500 -78 31
933 -589 8
-663 -891 49
-406 -565 7
-46 -97 16
7
314 915 50
-912 695 12
951 850 30
-264 -170 34
68 -633 11
-774 893 13
504 -410 46
7
566 127 33
-707 791 24
346 955 31
697 648 48
-283 467 47
177 398 9
-360 283 45
7
844 -290 30
455 698 12
148 620 19
525 -223 24
663 208 3
-368 -148 5
765 -519 21
7
53 -263 38
-69 -597 7
293 -558 48
-262 390 38
518 476 41
130 -537 48
-977 -155 12
7
-254 264 20
-51 403 31
25 -30 12
-577 -370 16
-375 -452 7
410 569 1
551 -514 8
7
22 854 38
-487 805 25
756 570 19
870 -62 5
-897 139 40
-750 103 36
447 -183 40
7
-40 478 25
716 830 20
-366 418 15
445 19 48
-459 -121 24
663 -123 46
-908 -467 25
7
-587 380 9
322 821 21
-314 -807 39
-26 395 37
-113 233 6
910 -93 36
-155 586 37
7
-633 -424 43
-138 -898 38
362 -329 8
-442 679 33
-905 611 35
-664 100 11
-959 -488 39
7
975 -66 20
102 985 48
-221 708 32
-466 -181 4
772 -595 23
306 703 29
134 -455 33
7
-1 -46 48
680 -953 5
459 948 10
994 219 15
627 -56 5
-872 -491 29
162 -621 26
7
427 -256 47
345 252 21
757 389 1
-583 995 26
-719 -456 19
-340 -156 33
-411 331 35
7
723 859 36
-395 -357 39
-103 -179 47
474 -637 29
69 -870 1
997 132 22
57 -954 41
7
-834 -142 28
293 -590 37
11 -796 1
-702 -59 36
417 -581 42
-795 -474 46
-416 167 4
7
116 270 4
-866 -465 48
-164 -115 18
-183 -317 6
-376 -757 1
689 -151 4
407 284 38
7
-613 817 1
962 760 36
455 100 3
-532 -459 26
-909 191 2
-31 -605 47
260 -161 30
7
-995 624 38
-356 -79 17
476 -629 16
-186 827 29
574 552 48
278 -196 39
-913 547 39
7
760 -500 46
-922 -155 14
964 773 45
788 53 7
-502 32 48
-446 483 43
827 441 32
7
989 514 20
-910 615 33
69 145 43
-980 15 14
-298 -38 5
912 -558 10
-794 -655 39
7
150 -866 5
-300 224 2
-373 -757 43
549 439 16
-462 464 42
664 809 46
-478 580 50
7
351 -896 5
-796 716 27
937 -444 43
772 204 3
-690 -718 8
-964 146 22
122 -301 37
7
380 -299 41
-58 502 5
-405 370 11
-185 -373 13
445 876 42
-816 1 7
652 -696 12
7
200 620 49
-567 728 24
926 -247 19
-42 -495 17
261 959 31
-446 -768 27
-516 -727 40
7
-918 529 9
690 808 40
36 227 25
-269 278 19
933 -174 13
-575 990 17
-44 829 50
7
-372 -883 31
816 -242 45
935 -785 13
605 947 2
-52 -659 47
751 -63 32
-57 163 14
7
-318 -992 18
-440 -497 19
868 -499 29
-972 -936 20
-707 706 3
661 -590 24
23 387 45
7
-611 270 8
-529 -270 21
121 -378 32
-962 622 35
-521 -660 4
-617 -512 34
299 -314 8
7
352 488 29
724 319 15
-818 -141 3
-171 297 37
-452 84 48
-904 -287 41
-529 628 19
7
702 -949 37
456 751 13
869 -192 21
-737 -681 34
697 676 13
128 -278 46
-61 967 1
7
-240 -565 20
-593 -599 46
494 -639 38
819 -937 27
733 -881 12
543 -927 1
73 -912 45
7
-489 -457 11
-92 -22 7
295 211 37
830 766 43
-785 514 46
802 -774 32
78 800 27
7
52 519 46
-665 63 15
430 145 43
-466 620 3
-287 117 36
905 977 42
-36 -194 1
7
-694 -957 15
645 770 12
-277 -120 27
220 480 22
-860 -491 33
252 -706 4
-516 359 1
7
-644 850 31
448 -333 37
809 -627 35
454 565 49
295 328 35
760 581 32
-912 366 37
7
-167 307 23
-231 650 7
-240 -69 50
-516 -684 5
49 12 10
-928 -565 50
211 451 9
7
-953 817 15
-126 -872 47
925 -730 9
62 184 40
683 934 45
-34 499 39
192 923 24
7
869 -992 20
-696 541 37
-803 479 43
-114 -250 4
-879 207 24
-969 722 12
139 -277 46
7
719 805 25
776 415 42
646 722 32
-509 223 4
916 -593 34
715 129 5
-473 -226 5
7
550 -30 43
537 513 3
-985 -590 40
-125 -921 1
-802 -326 45
-159 843 39
8 -329 12
7
609 970 2
-711 958 48
-780 -801 16
640 35 20
-122 -601 34
888 -482 43
127 -594 30
7
-765 477 7
525 518 13
-581 942 13
777 -237 19
606 -118 16
-823 752 43
205 -835 42
7
712 -618 10
339 193 2
940 482 13
616 377 50
127 619 6
182 106 31
579 633 43
7
-496 -216 27
344 624 23
536 -753 24
-134 895 41
917 62 47
-34 648 6
266 -754 44
7
-209 -333 48
89 -824 48
-983 -14 1
1 650 28
-237 764 35
197 847 1
-74 -483 34
7
225 131 15
-141 689 38
409 674 37
612 284 29
815 463 1
595 -973 15
994 -349 42
7
458 -293 34
-724 85 43
610 -507 49
685 775 28
-351 -232 3
-730 -428 22
24 797 18
7
393 -889 28
-77 -712 24
807 914 21
-125 852 32
75 -809 8
-315 789 3
-137 924 12
7
730 -849 30
594 695 37
-333 43 48
127 378 10
-824 350 20
-814 846 40
-689 404 49
7
907 -673 1
40 -701 33
125 -309 29
798 601 11
-310 -684 2
974 174 3
-801 -192 47
7
-937 -496 33
-977 -732 14
-718 357 43
-691 -693 46
-190 721 6
44 778 26
609 159 33
7
539 -226 50
895 -323 9
-869 700 27
507 -356 1
-554 592 17
740 773 24
-917 -103 47
7
-756 -918 43
-748 174 39
359 -908 7
577 131 31
939 -944 42
483 909 26
232 619 42
7
120 587 8
115 -739 20
-97 422 30
-76 -761 22
-574 -989 33
-831 -780 9
-364 196 13
7
-939 -307 18
162 -223 2
-56 -786 1
483 -297 36
625 -192 5
654 670 46
-346 53 17
7
250 977 10
-141 -250 25
564 844 2
317 -2 32
124 -84 15
-519 -205 31
-997 -796 4
7
-972 -764 44
51 -251 13
-227 -825 31
-663 -665 40
381 707 19
162 -641 30
-105 -94 9
7
-990 949 21
365 845 16
172 -1 16
704 -299 14
616 -993 22
-948 -404 20
512 783 37
7
-464 315 21
345 -931 6
-657 -774 22
451 277 18
907 373 26
772 -193 17
-483 803 42
7
751 920 20
537 665 19
-273 588 36
377 -526 6
-82 445 43
719 -428 23
774 665 22
7
332 -338 49
-616 578 6
-312 -24 16
-575 -348 9
999 513 12
-746 -745 40
-545 345 8
7
-675 475 29
-239 538 5
-758 -792 46
-479 992 12
95 -391 20
-691 300 41
848 828 47
7
361 431 24
747 361 23
-992 165 21
562 -43 5
934 286 5
-338 -373 42
-137 -418 47
7
140 769 35
956 -894 30
120 -877 32
179 406 39
-57 804 19
416 -23 11
-95 -791 9
7
-136 -705 39
-850 -984 14
-837 -775 13
-455 -50 16
-646 -923 30
937 -245 16
886 -50 14
7
-426 -375 21
223 953 7
922 -754 33
177 -928 30
818 2 3
753 322 2
848 -176 10
7
632 -79 4
-79 -671 46
416 -875 12
403 301 24
-541 98 36
-376 398 8
-292 -957 1
7
722 930 21
-918 -624 42
-681 -682 1
-413 -715 15
985 -829 36
297 366 19
382 160 45
7
409 810 12
-604 -235 42
-438 -547 44
-424 -215 38
27 -351 10
-737 -759 6
914 357 25
7
-831 -914 31
362 -121 38
-702 756 12
281 -944 13
-596 -241 40
0 -667 24
-580 352 10
7
-784 -935 46
-782 -503 20
-740 948 6
554 806 30
591 -727 46
944 -383 16
-592 -627 8
7
-876 -315 22
-512 702 46
-692 313 33
-259 -802 49
-849 -606 40
901 -437 45
-818 -800 19
7
-801 -286 40
60 -632 18
972 -884 34
199 134 29
-688 918 16
-366 -73 34
-898 -946 22
7
408 33 28
597 -401 50
549 603 7
-587 840 30
-347 -534 3
473 -732 4
-273 481 13
7
996 -854 48
24 222 25
812 -229 40
-478 498 46
-805 767 38
643 761 3
-881 -627 14
7
723 614 34
516 16 14
841 390 10
802 -271 39
647 -310 8
755 -958 3
-909 190 22
7
-741 -482 29
624 -989 48
246 -262 33
-602 810 44
-307 564 16
-166 385 15
344 -648 13
7
-927 383 39
-375 -72 31
-605 245 46
142 -824 6
783 49 35
-349 576 20
-150 -616 23
7
-82 962 30
297 389 28
406 595 34
192 -590 45
-815 243 38
-726 -627 46
-269 -488 23
7
-669 -457 32
670 -502 38
91 687 28
785 130 24
-489 120 41
-952 -353 29
181 555 4
7
239 -38 19
-541 -145 21
-769 810 18
-578 517 33
435 295 14
292 -397 13
-333 407 3
7
800 -199 35
-63 320 5
-32 -59 19
-79 -129 3
772 912 3
-251 -374 21
-2 748 35
7
-423 -68 1
-957 -989 48
-83 -671 17
166 146 35
814 358 50
-283 -675 16
-903 -302 31
7
-443 111 6
-25 238 11
513 -353 2
230 882 10
606 -754 38
-181 108 15
-816 81 40
7
448 98 35
-957 -382 10
544 -808 30
-979 329 21
-253 -443 27
-757 -186 33
-381 -790 50
7
940 764 31
-559 998 8
119 59 5
565 800 29
-35 236 3
526 978 43
127 -665 45
7
836 804 6
-748 -535 1
-319 543 23
-545 -166 7
307 905 20
-705 47 19
629 732 5
7
982 -951 2
506 -693 26
387 558 45
-511 -558 15
-124 -93 42
-182 -651 13
402 150 25
7
261 -671 22
132 -603 21
-277 863 17
730 107 4
216 -927 28
-582 -577 18
-914 135 32
7
-147 -527 4
-274 -270 31
621 911 29
626 982 29
131 -600 15
248 972 33
862 608 30
7
879 276 42
-442 179 42
-259 816 38
535 320 9
-136 879 44
528 994 23
-307 644 37
7
-994 789 46
-950 -388 39
475 -687 3
560 -551 24
340 -52 27
-669 172 50
-784 -787 12
7
-881 788 8
-12 853 24
-539 249 7
224 248 32
-18 -750 14
-634 -555 38
577 466 46
7
-994 -195 17
-689 866 18
587 -208 50
814 -998 42
-397 -397 46
842 474 31
517 899 44
7
-680 987 50
-145 341 13
-419 111 30
32 763 7
-729 428 19
765 868 44
486 -953 22
7
718 69 8
-843 74 26
676 -176 48
203 830 31
-367 362 24
-588 960 16
367 112 9
7
525 -275 19
808 260 44
-834 523 37
-547 -756 31
-109 984 43
-840 -614 40
-427 -625 30
7
819 -566 21
68 202 4
-515 -832 5
844 -801 49
697 -18 3
-911 -715 34
281 -113 1
7
-96 452 4
785 569 7
-921 -721 27
-572 876 50
596 -127 48
175 -579 27
741 885 15
7
461 -242 26
-120 -523 18
-862 -713 6
-194 815 22
-336 -161 39
-617 -117 18
498 -768 35
7
992 -987 27
-299 -487 3
693 -322 49
-994 -400 31
-233 -271 7
940 -321 44
-599 -887 4
7
-505 -398 4
-486 27 47
248 -719 21
92 639 28
-58 -620 6
-325 -273 28
-366 -132 12
7
922 -163 36
28 144 31
362 -331 38
231 -229 11
-402 -261 43
933 873 43
598 -154 34
7
459 731 37
-599 -80 46
35 999 18
-662 563 26
278 513 30
-508 711 41
-403 -236 30
7
-153 -539 13
-977 741 22
-780 732 12
375 -15 36
58 167 11
-30 484 44
-444 756 27
7
80 181 46
-143 761 41
-789 -392 35
691 -533 16
57 763 28
-223 -497 33
-512 670 28
7
967 -359 35
881 305 37
566 13 41
-338 -764 8
327 -799 10
493 -63 45
-71 860 47
7
906 507 34
-189 -881 38
-609 -896 36
487 641 43
-592 974 3
-48 966 33
118 -228 15
7
-42 -308 21
-608 -59 27
-948 820 28
804 370 3
-159 883 42
-607 -796 12
-222 302 4
7
-14 -749 25
-916 115 37
204 29 43
410 169 19
-717 -488 13
231 514 30
-285 -792 36
7
135 516 17
227 -944 10
-354 399 23
-79 -809 9
632 442 10
681 201 12
576 901 12
7
16 664 49
799 803 18
-329 392 50
801 140 34
-286 808 5
703 -435 16
-346 -598 9
7
82 731 13
-250 -765 27
-701 -857 28
-372 -176 31
-430 -875 5
253 593 16
434 619 1
7
981 388 28
107 -377 7
-773 833 41
934 -418 35
-589 290 23
357 352 31
-408 -91 19
7
505 -582 26
-172 811 39
265 80 18
-340 369 20
-349 -654 42
-226 -616 47
3 -432 28
7
194 -158 19
-762 -668 7
-33 -408 6
583 -349 32
746 615 4
-173 800 30
977 367 38
7
487 574 1
-962 906 44
670 -232 34
21 926 40
-997 -641 42
840 -346 14
255 -950 45
7
853 -46 33
-193 -505 6
705 374 18
-579 518 11
950 480 45
-533 161 5
-51 745 20
7
-359 -15 23
358 -919 24
369 -780 35
-679 655 20
-272 -53 11
-140 -522 40
-520 787 3
7
391 -663 2
-211 352 31
-512 -186 17
280 -225 31
262 904 36
502 900 16
485 333 31
7
-718 -392 28
688 334 45
332 243 45
-672 501 45
-260 936 30
-903 -563 6
225 969 39
7
404 1 42
14 -149 45
-666 322 34
808 85 17
456 -920 40
-48 -319 45
515 950 16
7
69 177 35
121 -13 36
-642 300 2
-464 962 12
251 -359 27
975 -50 18
421 -406 22
7
-560 938 47
513 -580 3
630 15 37
767 -114 34
-406 590 49
599 -902 3
-570 -42 22
7
-153 -88 13
709 141 2
-145 993 35
-974 421 39
-968 561 34
185 903 22
630 848 38
7
-835 423 43
303 -425 37
-294 813 39
-371 154 36
-655 436 27
-417 598 41
541 -572 4
7
-494 -340 32
-665 982 13
692 24 5
9 -328 44
519 942 14
-918 -978 20
-720 -347 31
7
939 195 37
-839 -610 21
262 -65 20
380 -37 8
-199 839 15
-77 -421 31
638 -871 22
7
-985 -751 18
221 -256 27
-756 -561 29
-824 729 38
-172 -462 31
161 89 15
-558 410 34
7
-261 -548 20
-602 706 29
-646 805 36
-773 -86 26
-830 984 39
-870 -275 39
-241 721 44
7
767 -466 46
718 -134 12
984 635 37
40 -20 18
-451 -773 40
32 548 27
-829 -727 47
7
-839 759 41
628 -923 3
-917 -931 45
-656 -944 30
510 790 30
259 -311 3
203 -562 6
7
128 -684 9
-597 -432 9
448 251 31
632 855 11
102 90 2
80 -354 23
347 -549 34
7
461 883 46
-270 849 47
891 -61 6
730 -583 10
-40 -297 47
854 839 13
-59 94 34
7
-787 -171 1
-837 756 15
-841 415 20
-336 -591 16
177 -471 21
-279 980 18
651 302 32
7
-206 551 49
844 -962 13
-939 726 6
-566 135 17
786 530 41
-205 -617 46
771 399 30
7
-12 3 27
491 316 43
352 -896 45
-695 -239 13
650 -544 10
-557 207 12
-143 -926 26
7
-588 -188 43
-60 -966 7
-571 -571 9
-108 -300 10
-699 -839 44
35 -395 5
-211 -140 36
7
684 971 11
-722 -754 9
708 661 19
532 279 2
959 -869 20
957 876 42
340 -31 5
7
780 857 2
-800 96 14
-965 740 44
204 291 38
-633 461 49
654 520 29
621 161 32
7
-599 987 16
-331 -31 37
300 523 12
621 -45 2
297 169 1
489 -931 16
279 220 21
7
539 615 4
-877 883 10
211 636 42
-685 -809 47
-967 -253 36
35 241 26
-870 -590 27
7
-302 -980 29
-274 515 41
-286 960 23
-396 111 4
-164 -543 12
154 -434 17
-472 -914 27
7
97 -880 10
930 -405 40
565 797 26
-756 56 10
97 -776 28
-148 390 49
325 676 3
7
639 246 5
-360 760 33
78 225 25
-95 997 47
585 -593 22
-303 30 11
985 638 48
7
101 -774 7
533 342 20
-652 496 19
-77 922 49
456 -399 29
-191 -619 35
865 -714 47
7
676 -274 26
354 -946 9
-847 431 4
-612 643 17
-552 363 18
-444 297 11
-652 136 43
7
-129 -593 25
-525 487 17
-594 257 7
-379 370 21
-350 989 19
-383 -91 7
330 -973 47
7
-460 -637 46
621 -957 5
-955 -106 1
-310 94 5
-659 -194 32
-982 5 48
658 881 17
7
-908 751 48
185 -183 19
-772 -57 27
-814 -129 8
-323 -336 38
-865 -591 19
-447 392 31
7
522 507 34
-857 -659 32
-698 952 29
-797 286 27
-215 904 43
-929 112 6
-737 -298 27
7
-609 -634 50
305 616 3
792 -751 24
-107 748 26
-149 236 29
10 -444 4
92 -503 50
7
374 -785 2
-691 -888 45
-580 -766 14
989 -220 43
-160 320 7
-461 -301 14
-593 -635 14
7
-175 565 32
-315 163 47
-272 558 47
400 -978 37
-401 -835 13
685 -565 44
281 408 12
7
-58 -174 8
-589 163 47
-821 -703 26
-243 559 3
567 616 34
-737 975 14
321 888 34
7
-481 591 33
517 528 35
52 14 20
-717 497 19
669 -551 15
683 19 16
-442 461 33
7
-583 418 6
388 359 28
-938 961 19
-248 772 46
241 -911 8
29 240 24
121 554 19
7
566 -987 8
-167 -252 41
-110 552 1
981 -13 21
-35 523 36
-498 -307 33
-845 -856 13
7
-802 177 16
-360 -85 3
283 -239 27
390 37 24
249 883 10
-388 -441 22
-442 888 25
7
-240 -693 21
-19 363 46
-574 -867 12
688 137 44
501 85 24
476 -221 22
-393 -139 45
7
-432 750 17
31 -222 44
197 -727 35
-624 694 25
505 112 43
260 -167 37
-183 -465 11
7
-857 -11 31
-192 782 8
-974 -601 44
-112 -436 20
307 -227 32
737 475 31
403 120 29
7
538 -627 4
812 -666 41
245 553 21
209 -105 36
353 99 15
727 -68 42
-344 464 17
7
455 771 6
-489 161 15
895 136 25
-654 224 33
599 -437 29
-802 -462 40
-424 -490 33
7
503 -278 26
624 56 10
-952 705 38
903 -769 24
-1 631 48
-270 382 14
-953 -865 4
7
-930 72 38
-952 664 28
605 -558 9
825 -526 31
-427 -12 35
690 850 11
326 289 42
7
425 273 30
878 564 33
422 195 19
-155 -513 31
519 -41 50
847 -184 27
-819 -438 31
7
896 304 36
-124 -258 50
-369 888 21
-708 511 16
-672 -556 8
568 -544 3
-387 -402 47
7
1 -465 46
-442 -31 35
565 -443 17
-925 -393 23
-799 745 2
815 56 25
-665 -627 16
7
-892 -612 1
86 -841 46
124 753 44
-243 377 18
-303 220 49
-47 -523 22
-56 -14 25
7
-448 -666 24
264 -461 12
-182 -927 22
917 -454 3
937 969 33
-725 -207 1
-526 -395 6
7
-224 953 46
-384 339 14
549 372 17
201 313 45
-140 826 11
-583 452 2
-50 690 12
7
-991 -627 29
-844 -959 31
-877 426 3
89 -492 27
-855 713 19
-95 -316 40
-794 -473 46
7
-871 598 34
-826 978 9
-73 -112 8
727 964 2
946 -570 5
-332 -218 43
403 273 7
7
851 -579 2
-222 -89 26
-824 -529 30
-638 714 49
-595 489 36
-506 -352 43
-996 886 29
7
-916 739 6
896 352 36
-47 -257 48
679 -805 2
921 223 33
223 391 13
340 -322 12
7
562 959 34
-767 -414 25
10 -69 26
818 757 45
911 609 14
-66 -522 20
136 814 48
7
-419 219 20
520 819 7
-267 -895 33
-798 -666 29
-271 27 37
-57 -198 13
-359 680 40
7
635 -787 48
-179 84 50
42 -925 22
896 -455 44
182 189 5
933 -201 38
-1 -810 38
7
-921 198 23
-454 928 47
284 -932 28
754 -854 5
-372 -673 50
-818 495 24
453 -974 34
7
-542 604 32
477 -322 27
198 -771 19
161 931 28
-858 -419 29
-826 25 49
381 555 50
7
-134 427 11
452 852 46
-417 725 44
410 -290 15
279 -271 20
84 275 11
464 -578 9
7
764 234 29
76 -409 47
916 -369 28
832 38 41
906 69 13
273 -242 25
-98 -697 50
7
737 -333 37
-178 829 11
-746 -668 8
553 172 26
510 -794 42
-484 -582 45
432 -992 23
7
555 117 28
-333 -826 41
-84 -261 22
-314 348 11
238 -390 27
668 -274 8
-836 -668 38
7
-42 -549 45
-59 -219 4
-307 -396 2
-734 -133 5
518 735 2
-597 -266 17
-462 -289 1
7
-868 118 17
-447 362 12
56 -132 29
-65 -268 11
11 -379 22
235 983 1
-818 567 23
7
445 557 36
-256 -150 33
104 -568 26
-771 12 50
84 13 41
-674 -537 43
895 603 34
7
-882 363 25
-986 -564 49
-331 -795 46
788 -58 28
659 -429 28
710 -355 14
74 461 43
7
185 -676 39
87 -102 27
793 125 30
-285 -898 10
819 201 18
-952 -626 19
67 -275 6
7
-964 224 19
285 397 30
-952 -223 21
177 134 21
-920 -780 46
563 743 42
504 967 38
7
-800 635 2
347 -33 28
37 -108 10
-319 -103 43
-449 -676 46
845 -70 39
-554 -414 31
7
-655 -735 44
963 -397 49
-591 -384 10
717 679 44
-362 -238 16
928 175 35
-1 508 45
7
67 -121 5
304 452 47
730 -283 20
271 335 40
207 -902 6
-844 -247 47
604 -873 3
7
98 -197 23
170 153 20
869 -332 18
-280 -419 20
-911 -450 46
-973 -911 21
-112 978 39
7
257 641 49
-27 -627 49
493 823 5
-930 -831 49
576 301 50
226 -466 43
73 167 40
7
162 -287 26
143 -401 1
776 -189 35
-198 803 48
934 326 14
-789 -599 36
-769 423 7
7
598 677 21
-983 -424 44
92 761 15
-11 -451 36
-16 253 12
-375 284 12
-469 441 4
7
-671 811 29
984 -763 9
-485 613 21
-647 475 2
-394 776 12
958 645 15
-422 -484 10
7
766 -109 29
353 -391 2
-108 -523 11
117 -373 44
-202 741 39
633 -294 27
771 970 29
7
847 322 28
-368 652 50
672 -680 26
234 222 24
862 -338 21
143 108 14
-385 -792 18
7
-522 163 36
277 258 30
809 -741 41
828 710 31
250 476 46
-581 702 2
660 -722 12
7
-34 -100 15
665 -731 40
-622 -290 42
-718 -81 15
-401 -232 4
794 -92 5
-355 568 31
7
-794 992 42
92 -92 36
-415 -6 22
994 676 13
-459 -658 15
178 387 37
331 -276 11
7
-947 -281 26
461 175 30
-916 -8 6
878 848 22
449 -851 8
-385 -661 48
-225 282 30
7
960 121 41
-216 420 8
-148 -927 18
539 -957 7
629 -887 24
-292 683 17
-738 300 9
7
163 -395 10
724 474 19
-917 661 45
89 461 44
-539 -357 8
-718 -353 39
-529 805 45
7
10 -411 41
561 -435 38
-67 888 30
-670 969 14
-97 -292 21
212 -390 40
-887 402 32
7
356 -562 34
760 723 45
-964 288 2
-49 -322 18
-413 -395 24
762 931 32
-902 -868 2
7
162 552 31
-356 -749 4
994 -339 21
-183 439 41
896 877 45
-142 -750 39
-6 128 49
7
-82 -68 23
-848 892 29
-438 920 41
147 387 48
706 417 9
-73 171 23
417 -679 15
7
-11 447 29
-681 969 17
-671 -478 16
618 947 22
-789 926 18
832 -577 39
758 -447 2
7
-271 -547 50
547 220 37
425 344 9
515 -929 49
26 -627 1
-845 -687 23
-43 628 23
7
-148 852 16
821 141 50
-685 -659 41
128 -274 31
115 -871 43
52 404 38
-780 -211 21
7
636 37 29
-988 898 48
-162 362 30
705 545 22
485 32 22
284 711 1
-550 938 10
7
608 671 46
-560 471 23
-183 -592 27
128 -57 22
202 -840 8
423 -318 3
-732 -896 36
7
249 621 3
427 361 28
-719 708 11
653 13 33
665 81 28
141 922 18
-735 -35 47
7
-757 -523 48
-96 932 6
845 -580 38
630 -877 34
972 442 6
-111 -936 11
681 677 28
7
139 -778 47
-86 -925 24
-516 -200 3
-665 207 42
-481 -75 28
422 -117 48
634 629 47
7
-102 -979 24
886 848 14
-805 -156 29
226 -7 42
122 -230 43
854 466 17
-477 -363 21
7
-167 -467 1
-72 576 29
786 -759 25
882 233 49
633 -903 24
-984 -747 9
-660 -280 50
7
-360 560 50
-674 833 36
-92 -152 29
282 -167 5
-333 -987 37
1000 166 23
791 463 33
7
-938 -141 9
-389 388 49
791 -181 41
-465 -766 8
-935 3 49
-1000 298 35
640 -506 45
7
4 310 30
-930 816 37
-687 470 26
-13 26 34
274 -688 48
-951 -183 33
104 666 25
7
810 55 10
525 246 1
-796 -408 49
-163 704 50
175 -415 21
-733 -339 26
-922 -83 24
7
342 -765 18
173 42 18
800 -921 43
862 758 32
-360 191 11
177 606 34
515 865 48
7
193 -988 34
-714 -309 44
-57 -355 18
-583 -522 17
-877 -847 42
529 -427 44
73 -498 16
7
395 -540 47
444 989 28
694 -969 49
279 121 35
-395 -725 5
778 -799 35
-882 -65 5
7
448 -15 20
-770 -201 19
603 -497 43
320 -569 32
215 393 32
-352 -292 27
-760 116 14
7
-668 -161 47
-884 559 25
-159 295 29
835 213 37
253 -458 16
961 845 46
197 334 23
7
565 -987 22
-335 -722 11
641 505 45
-2 -725 39
-353 -879 47
400 -422 37
-223 299 40
7
-843 -192 18
851 950 14
-758 777 14
673 -198 8
504 348 36
-951 937 50
-324 -722 4
7
390 -792 17
-876 -785 11
-796 587 27
-534 278 4
16 397 41
-641 -934 23
-69 -483 44
7
56 -240 39
-454 666 3
-494 914 43
-866 -852 36
888 574 2
-667 -315 11
-654 -972 31
7
837 296 35
414 521 27
309 -523 21
-335 916 42
-133 692 9
-584 -408 23
573 599 7
7
-497 603 48
-827 58 1
-47 -724 18
-206 179 15
139 -738 24
903 -496 49
-953 -739 48
7
913 185 44
-503 -469 47
-20 57 36
271 -612 2
291 21 24
6 -82 41
129 -459 37
7
-875 990 1
-985 553 29
-171 281 31
-353 -805 21
-324 438 37
316 727 16
53 151 47
7
-335 -689 25
-383 -866 29
-439 589 14
747 -800 50
-667 -106 27
927 -108 9
-361 500 7
7
-791 -657 30
-840 -490 16
-699 0 31
-239 -436 14
-92 -611 49
-608 -889 46
488 -255 43
7
-152 -286 22
772 727 12
-966 558 28
916 -685 45
-622 -412 19
-508 -832 48
139 931 48
7
-276 606 22
584 74 4
348 584 15
236 592 50
642 -24 17
-613 46 10
-420 297 31
7
797 111 44
459 -985 36
322 -997 44
-89 410 32
991 -315 38
337 -570 6
934 76 18
7
-538 -241 15
649 326 8
951 338 41
472 426 14
-362 340 11
-173 582 45
-418 668 7
7
203 -293 12
-882 -248 40
-269 -111 15
-941 338 7
880 105 2
-497 -154 40
398 -921 35
7
905 694 36
-344 162 47
-398 715 6
-231 -861 19
117 488 29
758 568 7
-771 989 38
7
62 313 32
363 549 19
82 -270 47
212 643 18
998 690 1
-589 716 18
-681 -459 21
7
-679 -92 30
-120 -547 2
-564 250 48
476 -678 7
-302 -938 9
812 241 25
255 -663 34
7
655 -224 28
354 -609 38
890 -752 14
884 -640 41
-447 -485 48
692 -519 44
671 -987 30
7
420 -788 4
-857 605 4
-130 535 34
695 814 39
154 977 11
981 -263 17
734 -155 36
7
-315 802 50
-367 -965 47
-44 970 38
607 -935 10
-31 -851 39
95 908 50
690 840 9
7
834 82 22
29 -696 31
448 901 3
-65 544 14
-837 -915 47
-600 -671 39
-608 310 46
7
197 533 35
-188 -953 44
712 257 22
360 -418 46
-403 461 26
-898 902 45
-298 -774 35
7
581 858 42
-632 465 40
728 276 9
662 -72 21
181 -569 26
-610 -688 23
-46 -512 7
7
-582 -364 4
-473 -169 37
-906 563 29
497 427 11
276 238 19
-199 106 34
130 -560 6
7
700 949 39
663 526 49
-562 538 41
176 -504 7
381 900 28
-518 -326 1
-197 -915 1
7
-432 -803 23
344 -11 21
-558 1 16
253 -200 5
-368 269 29
366 -362 42
-845 -33 19
7
-31 -400 31
90 -973 46
-188 706 49
-613 -592 4
-290 -298 4
-852 -491 12
-873 -545 20
7
655 239 46
-950 -237 33
-131 222 5
750 581 28
-381 -366 10
30 571 49
153 -459 35
7
-89 544 3
211 -171 18
855 -120 33
-718 477 24
-545 -737 15
28 -63 20
649 -2 9
7
164 864 45
179 -502 9
-704 643 4
767 -920 34
849 -969 6
130 -461 5
740 -82 35
7
936 770 14
265 966 24
-743 157 12
820 -124 33
-134 627 8
-832 783 32
-187 -343 5
7
-104 533 8
31 169 26
-361 239 37
-453 -223 14
-464 -916 42
713 -17 24
233 -884 49
7
582 -361 2
-235 317 43
955 -771 23
-958 279 48
431 227 17
901 -215 25
-510 983 11
7
443 93 41
-222 -180 39
-675 -654 18
-462 -48 10
-107 -706 19
203 -645 31
712 69 21
7
678 -676 27
-88 160 8
591 586 16
-191 -427 47
-581 436 14
-149 -481 7
-516 250 29
7
733 -469 30
-284 -484 48
419 220 7
-942 576 21
153 568 40
-724 643 17
-925 -939 22
7
-444 -136 43
116 387 25
56 711 12
-346 -103 41
560 -155 25
-238 -512 18
513 -81 2
7
-83 -687 10
-718 29 35
614 -122 26
-960 278 21
-284 -674 42
836 700 25
-67 -929 31
7
-942 -731 43
622 536 29
199 -530 47
65 503 6
-810 -225 46
495 -507 43
-701 298 4
7
-44 493 9
-748 115 25
-101 -390 12
-921 -588 9
259 -180 21
-201 339 41
425 -133 17
7
-267 343 46
823 -956 9
-425 303 26
-621 732 23
-905 828 14
-736 -934 34
-550 -294 10
7
136 -772 8
-299 -921 10
320 105 26
-161 -74 17
-225 977 21
430 483 11
271 663 21
7
167 -958 20
-242 -987 26
-453 599 44
865 253 44
-465 765 36
-361 242 25
971 -963 28
7
-298 -422 18
-1000 -87 4
-619 618 12
89 465 17
812 -448 33
-341 -124 18
-582 112 15
7
-190 469 35
-711 971 1
-575 -334 23
-272 -750 49
971 -349 25
323 -932 46
-168 900 11
7
-439 -837 25
-377 369 8
-783 188 4
880 763 29
298 -846 44
528 -134 10
192 532 26
7
472 388 49
-140 -783 11
-114 -243 45
-300 -507 46
944 393 40
-13 503 27
-350 -711 33
7
406 688 28
-861 -79 18
893 42 7
94 -738 8
72 398 22
-794 -232 47
284 -802 28
7
-273 557 36
320 -963 1
774 -265 13
-392 -584 39
697 -268 25
412 28 15
206 -991 29
7
-695 755 49
-943 -886 30
-865 678 24
-447 -551 9
-644 106 34
864 -185 19
429 -301 47
7
70 508 48
-923 266 15
-613 875 14
550 334 14
786 -267 34
-66 -475 49
446 -277 28
7
704 -648 33
167 261 23
-731 -59 33
656 -581 9
-729 313 16
873 531 40
-749 -748 29
7
854 -302 21
-1 470 46
-352 -87 17
-28 -654 24
933 -762 46
882 -408 10
-438 348 26
7
940 43 47
-6 827 50
-716 900 3
124 839 35
617 -2 38
772 -385 37
382 585 41
7
-597 600 18
-365 528 42
-439 -136 30
-173 673 34
-498 -497 15
-937 -15 1
-975 465 43
7
791 -606 22
-207 845 34
-772 402 29
907 -352 3
869 99 45
782 -215 31
-254 -645 16
7
491 547 20
-541 -280 13
-777 -838 19
938 333 43
-548 694 35
-361 898 32
795 -246 33
7
-510 124 28
636 -393 37
-558 -681 18
27 154 41
939 -798 41
-978 -29 35
140 149 27
7
779 -535 49
569 -268 47
169 -623 2
912 843 32
-783 -24 47
283 783 42
-140 568 23
7
523 831 39
387 249 42
314 886 48
-218 -300 11
-674 -659 18
321 -583 39
-778 52 3
7
859 -207 2
426 -99 41
211 233 16
-480 -561 26
-797 -746 18
-304 -727 7
553 -60 35
7
408 -481 47
411 -975 24
412 -718 43
973 -573 24
525 650 2
792 -259 8
-821 -78 44
7
254 872 48
-373 939 29
-182 -303 3
895 978 9
-75 -10 33
-2 874 38
155 -261 22
7
-261 517 31
468 -356 48
424 -38 33
-172 40 12
642 -454 37
-727 457 19
23 -857 34
7
-416 84 6
145 344 13
471 895 50
-966 -822 22
-2 29 23
60 967 31
251 326 19
7
-965 -696 18
-307 -888 17
-623 821 29
-658 -329 42
840 -986 50
-839 -667 17
439 903 47
7
277 -963 7
-713 145 20
454 929 40
524 447 18
557 -244 9
657 -945 16
-848 -630 47
7
-756 -783 47
148 -276 26
-316 -609 46
-920 914 41
12 214 30
692 796 18
-859 -530 32
7
973 269 35
995 -330 4
877 26 39
738 -411 8
-865 132 3
268 -31 20
577 -926 31
7
-243 190 48
117 -980 45
155 446 2
-965 186 2
791 -266 9
461 300 12
842 190 13
7
-565 535 42
-188 -993 27
-115 -180 34
344 134 7
518 -330 12
-877 344 9
598 95 5
7
775 116 6
-240 -773 47
643 310 5
-742 -764 39
-253 -404 14
483 -643 12
-316 -790 9
7
110 768 37
-644 -899 32
-489 -537 24
989 911 21
806 168 28
789 545 8
131 -544 31
7
16 -888 14
-999 516 19
-909 -756 24
-456 -649 37
836 -26 20
-858 -189 27
-951 744 18
7
-750 -296 46
946 -332 48
-74 -422 6
-344 -955 9
881 931 38
671 778 44
-90 98 13
7
183 353 35
975 -42 48
936 79 20
585 330 35
154 -12 18
805 276 39
865 -176 25
